year,month,day,sales1,sales2,sales3,sales4,sales5,rent, employeePayment, electricity, gaz, vegetables, meats, otherIngredients, publicity
2014,10,27,40817,59195,28437,49750,48914,2855.06,4305,1390,4054,6006,92918,29078,28374
2014,10,28,61002,91175,99891,74557,27314,2855.06,1440,2496,2492,6866,97952,45547,32120
2014,10,29,17038,30852,27088,70877,47142,2855.06,4384,4309,3909,8354,54059,49174,24716
2014,10,30,82546,54717,11218,86600,84754,2855.06,2029,1520,1661,8272,20311,38975,4136
2014,10,31,30392,61752,67824,17885,91533,2855.06,3431,3569,2979,6871,79446,10120,15776
2014,11,1,55183,64431,48200,59355,18490,1597.93,1899,3205,4942,9710,74311,29078,47374
2014,11,2,93232,36419,40740,41504,56730,1597.93,3247,4833,3890,6131,26365,46017,46067
2014,11,3,85915,51287,58997,9138,30733,1597.93,3427,1838,4899,6534,61620,34740,35470
2014,11,4,35353,19872,24298,60295,64722,1597.93,724,2953,1378,6464,15808,24460,14961
2014,11,5,58883,20408,75646,39125,26539,1597.93,598,3805,4648,7990,54294,12502,2011
2014,11,6,95960,44075,2648,12211,65701,1597.93,3302,2404,1994,7600,77699,15213,30621
2014,11,7,2561,99776,39519,70292,62592,1597.93,4751,1474,2086,6486,60598,34976,21679
2014,11,8,88759,62093,80134,58407,22584,1597.93,586,3542,4854,8288,47105,10554,1572
2014,11,9,91112,10408,94312,91603,14360,1597.93,3167,3272,3137,9037,14282,11814,38363
2014,11,10,717,14667,88556,92803,85063,1597.93,4130,1446,2598,8538,64930,12214,49154
2014,11,11,75045,56423,85076,69899,50562,1597.93,1804,1672,3940,8990,49626,23299,32181
2014,11,12,45830,22795,6572,33968,51832,1597.93,1048,3899,4800,9603,78053,26214,10135
2014,11,13,38757,22185,32739,82707,62801,1597.93,2887,4196,4091,8640,24094,21004,47670
2014,11,14,82848,87251,79029,41788,44719,1597.93,1439,1104,2800,8010,40866,35984,28655
2014,11,15,64498,41915,4884,5650,31518,1597.93,3216,1626,1473,7702,69332,34273,32938
2014,11,16,78624,18573,38470,49067,52888,1597.93,1422,2086,2517,5450,10226,43587,28916
2014,11,17,10458,41666,34136,78258,96028,1597.93,593,1058,3268,5477,82526,14785,41354
2014,11,18,34767,30743,67764,56240,11697,1597.93,1864,1672,1346,6770,72090,24907,37097
2014,11,19,90601,58514,93346,89470,40316,1597.93,3057,1554,1588,7098,45382,15242,3572
2014,11,20,74898,75976,34493,8166,11453,1597.93,4303,1218,2760,7066,18809,25809,17019
2014,11,21,94163,75674,98834,66183,3711,1597.93,2441,1334,1586,7139,18166,36104,20924
2014,11,22,20711,33190,36877,82300,16734,1597.93,1267,2982,4586,6142,16148,36038,48611
2014,11,23,7779,5452,48610,71891,78870,1597.93,2699,4384,1602,5778,71918,29506,33771
2014,11,24,50161,79361,90170,95949,96500,1597.93,3404,3561,1194,6562,32212,39279,6654
2014,11,25,50244,88480,97262,24830,79240,1597.93,2220,2017,1766,8754,75259,30434,13410
2014,11,26,75952,22960,19819,68100,2196,1597.93,2606,2355,2448,8264,48304,19766,41737
2014,11,27,60781,46709,33862,16975,14694,1597.93,1253,4937,1820,7038,89766,16496,32426
2014,11,28,33277,16987,69866,84841,9168,1597.93,558,1471,4435,5092,69570,36631,45125
2014,11,29,43182,33529,38987,30630,4008,1597.93,2281,4787,1703,7494,98113,31396,3643
2014,11,30,79920,20719,46334,67177,40586,1597.93,3672,1774,4438,7084,75053,44958,2453
2014,12,1,6681,12782,49450,58125,98704,1569.74,1305,2232,1222,8287,36239,45061,36081
2014,12,2,95569,17380,61765,93063,31845,1569.74,4333,2563,1702,6510,19010,16606,43162
2014,12,3,90183,99714,44090,10073,91119,1569.74,758,2798,3180,9080,55923,16883,5400
2014,12,4,60617,57229,15468,52036,21868,1569.74,2096,2435,1782,5213,26849,17282,18060
2014,12,5,84727,16184,86198,90573,89046,1569.74,922,1168,1762,9312,11312,11554,45698
2014,12,6,81064,80738,680,65596,21626,1569.74,2478,2241,1534,8606,50628,16470,6603
2014,12,7,32358,14077,85839,34148,39290,1569.74,1429,4015,1574,7968,30940,10054,29040
2014,12,8,66029,96164,46200,77792,21828,1569.74,672,2890,1198,7703,68485,36917,18203
2014,12,9,70659,17316,85511,842,81614,1569.74,4243,1318,1566,5762,64469,11722,2491
2014,12,10,474,32252,46224,62048,86231,1569.74,4019,3610,3326,5218,46401,45153,27164
2014,12,11,59773,27074,14396,25065,41130,1569.74,3333,1787,1548,7696,28980,48161,32881
2014,12,12,66334,98224,44837,49253,86010,1569.74,934,1482,2908,5354,64881,44138,9306
2014,12,13,94848,93901,12750,68174,85471,1569.74,4679,1002,3928,8158,86659,10057,25503
2014,12,14,93308,14994,71845,9856,45189,1569.74,4368,2874,1626,9204,77126,17760,1660
2014,12,15,94863,32235,20595,52771,49918,1569.74,3261,4764,1466,9478,29290,31199,35477
2014,12,16,17865,25322,42795,36793,19396,1569.74,3201,4054,1606,5045,38909,22339,45806
2014,12,17,2222,79631,50214,33974,48835,1569.74,1733,3696,1860,9342,12819,42194,27340
2014,12,18,74157,26081,3312,69885,68443,1569.74,2435,1306,2922,6581,39451,43669,32602
2014,12,19,72388,52653,22725,49538,54051,1569.74,1876,2623,2615,8386,13202,22802,27986
2014,12,20,65781,74683,82851,41706,63363,1569.74,3900,2518,1749,7211,23754,40191,45670
2014,12,21,36165,91191,92851,10439,34124,1569.74,4107,1510,1305,6376,72400,21707,48654
2014,12,22,21170,44277,44332,95137,82719,1569.74,2938,3498,1961,7141,13122,10656,17280
2014,12,23,12811,90457,59194,50913,94020,1569.74,2455,1535,1990,6657,56973,24613,32949
2014,12,24,15311,61081,47477,32969,4265,1569.74,4675,1785,1018,9006,53273,29574,19877
2014,12,25,32639,87565,44426,74600,4706,1569.74,1275,3867,2789,7310,84779,18160,1974
2014,12,26,54769,42236,14696,61611,8893,1569.74,1224,1120,4100,7926,73523,19716,21669
2014,12,27,69929,78199,11502,66785,43558,1569.74,2711,1195,3691,7136,67146,23396,31128
2014,12,28,58118,79774,23616,32259,51595,1569.74,846,2714,1982,5890,84325,42226,8396
2014,12,29,3134,70550,32782,68586,36954,1569.74,3302,1881,1720,6155,90017,10764,22657
2014,12,30,47283,69081,53312,15974,76217,1569.74,721,1380,1583,9337,82943,18177,20458
2014,12,31,54085,99714,7244,21067,31179,1569.74,4644,1336,3469,9734,19249,15422,41569
2015,1,1,73904,38656,2290,40059,45026,2744.58,2341,4105,2716,9666,90322,19526,29406
2015,1,2,25389,57360,86110,71078,56656,2744.58,674,2720,2881,6227,20251,35802,20639
2015,1,3,75872,70915,64272,54650,6516,2744.58,1084,1770,4701,9460,36829,46078,46047
2015,1,4,54132,40523,10185,86848,60189,2744.58,1373,1928,1148,9958,73005,47224,16859
2015,1,5,29473,14519,19946,7355,60746,2744.58,3156,2969,2462,7568,23970,10870,40197
2015,1,6,69826,96407,47101,20880,71133,2744.58,3309,1082,1616,6996,12110,17344,1158
2015,1,7,76704,84837,19273,67274,43671,2744.58,849,3143,3148,7146,80497,16374,8631
2015,1,8,7343,90006,69568,51158,63785,2744.58,2839,4962,4944,5194,87193,27428,43538
2015,1,9,81574,20503,2692,22377,80349,2744.58,1072,2051,1988,5345,40676,19330,31154
2015,1,10,328,87879,32804,23476,55025,2744.58,3721,3719,4657,6586,29876,49793,29653
2015,1,11,3179,64068,66108,9475,45359,2744.58,1902,1931,3803,9593,65660,20503,3301
2015,1,12,37099,21733,43907,69441,13430,2744.58,4100,3756,2461,8255,37232,43837,34584
2015,1,13,24260,77306,22557,60269,86947,2744.58,1413,1062,2851,5052,99598,28210,18785
2015,1,14,95822,86501,21494,85977,92446,2744.58,1479,1800,1590,6738,15335,21371,3506
2015,1,15,1322,60788,85129,90135,55395,2744.58,3971,4653,2369,5770,56273,19315,38713
2015,1,16,41665,32688,9440,74517,75209,2744.58,4078,2381,3241,6923,73358,37038,25390
2015,1,17,10430,46190,82935,68372,62928,2744.58,4742,1210,1666,9750,87086,30803,48270
2015,1,18,79935,37411,10458,12305,10291,2744.58,2971,3306,1548,7536,42822,40977,16731
2015,1,19,99153,28253,78360,43747,35177,2744.58,784,1957,1230,7446,30328,19790,18070
2015,1,20,78341,70071,6843,53750,11294,2744.58,904,2579,2691,5474,36235,24333,43930
2015,1,21,94445,84208,42640,26566,57971,2744.58,2543,2122,1418,9046,14038,31594,1815
2015,1,22,80324,98006,59904,10934,78076,2744.58,2175,1415,1654,8046,26516,17226,40232
2015,1,23,37948,27422,11879,1991,55135,2744.58,1323,1870,3673,5314,92496,13296,14467
2015,1,24,53481,26392,80118,99900,38646,2744.58,2845,3968,1402,7749,46253,39770,47339
2015,1,25,64333,83430,62539,40987,43800,2744.58,1637,3098,2827,9868,12534,17286,39055
2015,1,26,54335,92764,86597,3008,44430,2744.58,1002,2910,1835,9914,97809,10480,45445
2015,1,27,19810,95655,95801,31505,69756,2744.58,1275,4088,3187,7636,91426,15958,8407
2015,1,28,89220,53065,85,38400,42933,2744.58,4065,3618,4287,5661,32977,14894,16525
2015,1,29,41107,58980,67979,62942,81451,2744.58,4774,2612,2794,7734,49116,47549,32140
2015,1,30,26685,86744,97990,84872,70557,2744.58,3209,1128,2480,6596,14527,14182,39417
2015,1,31,36170,73593,15383,45457,35606,2744.58,525,1711,3690,7016,56005,10290,48360
2015,2,1,12132,22753,59790,80410,88222,2344.39,2094,4964,1680,7890,61873,11096,23691
2015,2,2,95176,38002,69929,14821,68881,2344.39,990,3824,3426,5606,94429,14350,21693
2015,2,3,28324,87494,91828,28180,59851,2344.39,726,3333,1072,6315,68742,40645,46968
2015,2,4,10006,75837,15610,48038,67803,2344.39,980,4329,3187,5413,10501,17067,43835
2015,2,5,33458,77844,92244,36884,90643,2344.39,950,1298,1870,6847,79848,16720,3026
2015,2,6,10168,90023,71406,46240,76338,2344.39,1884,2695,1978,8845,50732,18934,40148
2015,2,7,12681,26219,95820,60868,87984,2344.39,4287,1441,1042,5774,58324,15030,22673
2015,2,8,5908,63346,42828,12778,76545,2344.39,849,1711,1638,7254,49302,38092,39029
2015,2,9,23755,36187,40788,56091,71385,2344.39,2580,1694,1794,8399,61283,38425,7872
2015,2,10,91072,71923,59867,7940,74806,2344.39,908,2064,4239,9268,19694,40784,34543
2015,2,11,13658,22044,77496,75412,5651,2344.39,3503,1522,4336,5206,14838,11670,26799
2015,2,12,78515,74427,51137,28956,59178,2344.39,2380,1600,2046,7206,74540,41851,28773
2015,2,13,78142,6342,88917,92381,97323,2344.39,3164,2331,3505,7012,11002,25507,15111
2015,2,14,3811,16247,21264,99499,86890,2344.39,1571,1755,3887,8128,27062,23064,23110
2015,2,15,62832,94444,56018,79879,54394,2344.39,3081,2534,3250,6708,41267,18646,30558
2015,2,16,24812,40784,77905,94670,17796,2344.39,734,2957,3246,7792,37456,16487,30648
2015,2,17,30902,4028,14595,61142,38087,2344.39,4205,2270,2451,6574,13500,13700,41657
2015,2,18,53484,17934,55732,6735,11284,2344.39,3659,2446,2782,6282,47115,21929,46999
2015,2,19,48564,33645,9888,78162,41437,2344.39,4648,3689,2722,5594,49830,22160,47344
2015,2,20,67251,389,39431,19703,6963,2344.39,2899,1814,2216,8630,83532,14851,19283
2015,2,21,11982,57192,83650,66116,8755,2344.39,3044,3669,1532,7931,51830,38549,47118
2015,2,22,11627,62831,27239,95701,88425,2344.39,2861,1360,3809,7296,91729,17123,43422
2015,2,23,42927,34629,93922,46495,49611,2344.39,2697,2943,4644,5414,44058,19512,27454
2015,2,24,8464,82104,49773,5577,46387,2344.39,4125,3013,1580,5486,53713,19210,1604
2015,2,25,81138,87927,41238,91299,61571,2344.39,3421,1706,1222,9402,67342,49908,49319
2015,2,26,96149,61392,27853,47146,22738,2344.39,1896,2553,1490,6668,53129,33104,38263
2015,2,27,74624,97256,91118,55410,84972,2344.39,971,1108,4109,8862,57406,10679,11183
2015,2,28,31527,65828,47880,48177,84523,2344.39,3084,2023,2964,9182,44168,32053,31574
2015,3,1,67417,79607,17269,24085,32737,1971.35,550,4991,2841,7654,14962,19024,1522
2015,3,2,11441,97423,84486,10001,54829,1971.35,2878,2007,4395,6054,37882,40968,11517
2015,3,3,20491,34906,285,79132,79074,1971.35,4682,1489,1944,6614,86925,44680,32338
2015,3,4,10028,1986,74672,67869,88807,1971.35,3244,1598,3407,7729,42950,24587,5986
2015,3,5,99246,17181,11595,74993,23235,1971.35,960,1382,4381,6244,39208,29806,49477
2015,3,6,14935,65243,26296,26879,8545,1971.35,1558,4923,2910,5172,11198,36717,29574
2015,3,7,84919,22389,69668,4678,10119,1971.35,4264,1440,1150,6934,11478,19385,12619
2015,3,8,40336,83021,45815,41069,65618,1971.35,875,1112,1086,7054,14868,25160,35023
2015,3,9,9448,95340,10085,57359,74273,1971.35,864,4190,1616,6646,63867,28086,29229
2015,3,10,9065,59484,3803,55216,50342,1971.35,952,2028,1942,6766,64449,35851,20863
2015,3,11,71789,1677,82755,38405,65199,1971.35,3564,2006,3226,7306,48356,42498,6536
2015,3,12,69229,58784,68041,20846,55230,1971.35,3931,4294,2742,9085,35861,24436,48260
2015,3,13,56300,76814,81465,76535,79932,1971.35,3737,1719,3941,5998,12960,29140,45914
2015,3,14,84380,20040,20139,2607,60041,1971.35,902,4268,3629,9497,66465,48858,34847
2015,3,15,44109,65398,79505,51852,835,1971.35,2639,2134,4882,8216,50020,19282,31718
2015,3,16,86370,28758,72885,50311,6602,1971.35,802,1972,1512,9198,93587,42143,29360
2015,3,17,33491,5044,21412,77120,893,1971.35,2330,1398,4626,8186,13204,36812,4230
2015,3,18,19905,55844,43947,44787,96299,1971.35,952,4019,2724,8836,65682,45677,43967
2015,3,19,18197,77837,36659,50300,10130,1971.35,2442,3619,1641,6870,37091,10162,30246
2015,3,20,84435,45774,13887,70413,33960,1971.35,2225,1790,4285,9438,31354,45584,27091
2015,3,21,11491,97307,94604,50567,36143,1971.35,1243,1390,4474,5814,20989,14603,26638
2015,3,22,79500,79784,24575,47493,59990,1971.35,1378,1560,3790,8758,31188,24102,28018
2015,3,23,57356,88414,60670,56641,5937,1971.35,3576,3778,1372,9532,84344,41824,42024
2015,3,24,56170,96941,28867,10644,46195,1971.35,1598,2045,1992,6173,89538,22332,16209
2015,3,25,10543,5917,83109,50686,52533,1971.35,1139,4887,1682,7262,82880,41349,30649
2015,3,26,10185,51457,91481,15866,30989,1971.35,4041,2158,4116,5826,97801,35310,42177
2015,3,27,69117,5753,77357,31460,21926,1971.35,3792,3819,1038,6514,99504,16102,33247
2015,3,28,83901,40644,67935,19314,58805,1971.35,2014,3988,4974,8494,19430,15963,17167
2015,3,29,60672,75248,69474,49788,94508,1971.35,1450,3623,4378,5158,11434,27655,33627
2015,3,30,78405,81579,92828,83919,34831,1971.35,1964,3730,1368,6250,54395,24483,8684
2015,3,31,93417,47763,9824,28392,16257,1971.35,706,3279,2627,6531,59419,47134,11029
2015,4,1,60870,77110,2241,72380,88545,3216.97,783,1046,4074,8494,21305,47758,46248
2015,4,2,93018,56388,13438,35621,10784,3216.97,4036,3545,4095,7568,91153,41475,4273
2015,4,3,838,84434,10456,13721,43853,3216.97,950,1073,1051,8822,93452,39595,7590
2015,4,4,75070,60588,76070,30497,11641,3216.97,3254,1009,3762,8043,56629,30897,47375
2015,4,5,62316,2019,55795,42763,75798,3216.97,589,2987,2732,8422,13424,41584,46948
2015,4,6,84987,33290,29010,86038,62112,3216.97,1984,3533,1514,8053,84029,27392,38814
2015,4,7,81781,78636,48403,51895,3031,3216.97,2791,1697,2049,8585,24459,49199,5032
2015,4,8,35533,75049,8539,83266,52446,3216.97,1201,2431,4887,6563,39820,43350,15246
2015,4,9,91729,31805,96884,7482,16210,3216.97,4873,2989,2251,9627,49883,45281,47265
2015,4,10,21012,99027,93331,44413,87612,3216.97,4963,4496,4190,8501,39113,27987,17790
2015,4,11,83748,46667,15419,64987,99582,3216.97,3336,1310,3394,6318,15143,35955,21591
2015,4,12,35189,66369,33946,43793,65997,3216.97,860,3359,1128,8756,47771,19522,1518
2015,4,13,66546,24088,59019,92088,92589,3216.97,662,2687,2502,7406,57673,27083,14484
2015,4,14,73435,82363,84746,93181,20287,3216.97,986,1926,1257,5785,99266,48605,49889
2015,4,15,95966,54693,51965,27877,3449,3216.97,2399,1345,1526,6417,94785,49115,16088
2015,4,16,37254,81212,41803,14756,83057,3216.97,3190,2842,4542,5882,82375,34828,15829
2015,4,17,9177,27864,90303,91786,23649,3216.97,790,1940,1236,8706,63842,30413,5922
2015,4,18,41147,27594,83111,97673,34011,3216.97,3139,2615,4107,5206,18722,17040,27896
2015,4,19,37123,26914,47710,51665,36202,3216.97,1492,1729,1312,6302,53515,14299,46437
2015,4,20,99068,10258,66618,76033,35317,3216.97,2797,1462,4404,5908,90486,24766,46812
2015,4,21,50156,53627,28735,25615,74921,3216.97,972,3394,1452,9096,96410,26922,47457
2015,4,22,10980,82903,5005,1632,92401,3216.97,2282,1468,1094,8899,83852,20444,8520
2015,4,23,62063,56651,13259,36467,28911,3216.97,2585,4065,3723,6319,21032,14995,3746
2015,4,24,53776,21514,93390,44498,86057,3216.97,2771,3388,4053,5560,15019,31453,39800
2015,4,25,67647,47302,89274,52776,62554,3216.97,3219,4615,1128,6478,77434,25038,23127
2015,4,26,6576,55020,70456,80299,61339,3216.97,596,1465,4353,5034,75962,31761,41488
2015,4,27,44834,80087,61502,50239,72862,3216.97,1691,1860,1462,7317,19280,10938,26521
2015,4,28,10444,99207,43695,56572,2037,3216.97,1609,3611,2499,8416,10532,15378,21129
2015,4,29,26257,66907,85304,55610,38293,3216.97,3722,3125,4055,5224,49715,46917,27618
2015,4,30,58097,81408,20130,98271,18725,3216.97,2349,1048,1318,8422,18442,47359,29765
2015,5,1,66404,72323,91025,84820,77585,3178.19,1075,1694,1516,6082,99135,40486,11214
2015,5,2,86760,98613,14542,68336,48329,3178.19,1431,1087,2939,8502,81163,44055,27811
2015,5,3,58404,43035,89379,35800,61477,3178.19,4324,2879,1674,5348,29050,19347,36738
2015,5,4,86562,40127,80191,49431,23163,3178.19,1268,1273,1292,6542,10960,17948,45678
2015,5,5,14973,37393,21409,29264,94799,3178.19,3319,3201,1957,9049,89001,39785,18924
2015,5,6,32139,39678,67665,57550,81378,3178.19,1897,2938,3193,7087,33720,42707,13068
2015,5,7,69117,39989,35334,79758,77151,3178.19,702,3474,1494,6487,37737,44835,46294
2015,5,8,11764,11057,64390,73721,6458,3178.19,3506,3595,4419,7522,96145,40796,19743
2015,5,9,26942,73043,75087,80135,46482,3178.19,4194,1204,1246,9064,95354,17308,8808
2015,5,10,87173,50434,67124,87211,43274,3178.19,2045,1462,3621,6434,45108,10168,21214
2015,5,11,16177,74967,93675,41948,88842,3178.19,2743,1574,4213,8374,95917,25694,39820
2015,5,12,32990,1464,57644,14489,42343,3178.19,4490,4514,4783,6613,16724,29408,2999
2015,5,13,94179,15123,34445,42801,77909,3178.19,2879,1778,1752,6242,52384,19434,29554
2015,5,14,97726,1481,75496,76939,25663,3178.19,3985,1654,4227,6628,11696,31569,37765
2015,5,15,45979,95334,61084,82115,68300,3178.19,1522,2477,4282,9306,10564,14198,44161
2015,5,16,91873,3157,13980,62744,11063,3178.19,3808,1182,4196,8616,18429,19726,16365
2015,5,17,2068,53767,1214,91295,30396,3178.19,4215,2725,2390,6650,74839,20689,7057
2015,5,18,10811,36363,49519,36445,48682,3178.19,4987,1905,4304,7942,36000,13814,4797
2015,5,19,36683,74809,43210,20879,89112,3178.19,2088,2530,1650,8301,15176,12152,11640
2015,5,20,71711,54392,54879,74101,71043,3178.19,1141,1852,2431,7011,34649,47464,29718
2015,5,21,81808,74637,20722,72465,28603,3178.19,534,1637,2882,7498,10090,13414,23075
2015,5,22,95384,65957,77229,27141,30610,3178.19,4293,2319,1796,8518,92771,34190,42406
2015,5,23,6593,70265,32396,5377,97277,3178.19,2840,1770,1680,9914,84251,36634,17045
2015,5,24,62989,74787,68272,27223,8531,3178.19,1920,1090,4447,8308,63757,16886,37140
2015,5,25,66555,69403,2377,29703,29926,3178.19,3893,2870,1764,6288,58246,45392,11500
2015,5,26,79685,11087,7180,21365,17353,3178.19,2998,1390,1217,5254,15136,41099,41432
2015,5,27,79762,4484,27717,49209,78633,3178.19,616,1538,1762,8698,91241,14316,41474
2015,5,28,95845,71487,60024,93961,84127,3178.19,704,3810,1426,5776,85174,13060,18270
2015,5,29,4315,9525,59754,86884,2147,3178.19,2982,3259,3151,8230,63819,33136,17317
2015,5,30,13525,29437,44675,90753,13781,3178.19,4257,4624,3753,8572,19936,24231,2268
2015,5,31,8903,25641,88042,70963,38525,3178.19,4023,4190,4092,8822,46074,17590,39568
2015,6,1,40409,15851,81948,78812,96022,2581.47,2335,1858,1110,9439,39238,44729,31436
2015,6,2,13697,65215,34836,4330,1504,2581.47,4584,2143,2108,8886,82019,12138,9067
2015,6,3,50922,57563,52120,61050,19989,2581.47,4845,1748,1912,6793,55559,47933,19711
2015,6,4,18229,64247,39744,60691,63686,2581.47,1772,3734,1899,6607,14415,28402,45334
2015,6,5,82026,44000,21899,45486,60899,2581.47,3513,1819,2831,6984,72869,47819,20270
2015,6,6,53047,44067,74569,54959,80860,2581.47,4244,1790,4374,5339,92482,24411,30128
2015,6,7,20673,64255,84498,97572,87214,2581.47,2326,1192,4264,8458,47428,20162,48914
2015,6,8,50846,45942,48335,28678,29279,2581.47,1496,2324,1621,7416,53635,28833,37556
2015,6,9,63897,39232,94274,74623,64571,2581.47,4033,1594,3714,7072,15517,20927,3108
2015,6,10,48797,7844,72871,24413,38420,2581.47,927,4265,2592,9261,34294,11870,20300
2015,6,11,46817,60791,94196,44790,94560,2581.47,3622,3455,3413,8504,33077,34335,14183
2015,6,12,37356,98463,85930,37422,48346,2581.47,3348,3493,1294,7571,37906,30413,1447
2015,6,13,17871,98834,69679,16815,24447,2581.47,3685,2614,1115,9232,32403,42026,3973
2015,6,14,19767,72379,66834,23180,6626,2581.47,2514,1358,4724,9795,97753,13070,49911
2015,6,15,27594,22455,76564,53236,20026,2581.47,694,4247,1006,6031,87413,20452,30822
2015,6,16,40005,16099,74419,37472,71683,2581.47,849,1448,1114,5374,30979,17486,6823
2015,6,17,28945,38494,78863,43669,64641,2581.47,3090,2234,1714,9654,61821,14454,26616
2015,6,18,46828,11823,22398,92835,47855,2581.47,4638,4210,2261,6694,58033,13944,9812
2015,6,19,93584,3883,21745,89136,16565,2581.47,1312,1026,2569,6526,11066,22210,2725
2015,6,20,79495,28620,64445,94916,44626,2581.47,3066,1452,4440,5463,10358,18646,42618
2015,6,21,95275,96630,22857,37537,67039,2581.47,2832,1252,1123,9576,66108,17687,30890
2015,6,22,42301,73773,79548,49871,60300,2581.47,3432,4793,3694,9228,51060,16648,35076
2015,6,23,61846,14127,66125,32638,99591,2581.47,1283,4864,4743,8288,48752,46781,16763
2015,6,24,71381,16585,23755,72504,6162,2581.47,1542,4813,3635,6089,31035,23934,39863
2015,6,25,71166,69468,80080,1212,5048,2581.47,4531,1893,1094,5655,15882,11208,31140
2015,6,26,8770,67167,72425,88514,57658,2581.47,598,1590,2761,5401,34245,43922,21178
2015,6,27,65264,40789,8737,45251,43230,2581.47,536,4394,1192,5615,31958,30638,6124
2015,6,28,13108,91490,13884,74726,33497,2581.47,933,2265,3284,9428,47130,37293,29767
2015,6,29,45887,82426,32684,83649,74179,2581.47,3922,1596,4069,9010,16854,17298,16930
2015,6,30,25135,2933,98046,67078,84901,2581.47,2715,3007,2844,7951,89084,21340,30004
2015,7,1,41370,29958,87354,66079,77089,2389.32,1965,1740,3682,7890,50043,40611,24647
2015,7,2,72240,22189,14681,41251,23233,2389.32,2736,2517,1375,9813,27417,26378,31979
2015,7,3,63881,41777,64223,91832,30861,2389.32,900,2229,1872,9605,38307,25312,1915
2015,7,4,60605,66625,51178,84287,78590,2389.32,1249,1668,4760,5929,16872,29345,17573
2015,7,5,4260,91168,21863,636,40981,2389.32,3365,1212,1055,7588,13044,38267,49280
2015,7,6,75855,95297,10497,57727,81255,2389.32,3038,1858,1780,9222,26144,10369,15156
2015,7,7,18140,17394,77551,74253,39675,2389.32,3597,1170,2148,5459,77272,34480,35982
2015,7,8,41091,20639,55694,48498,44579,2389.32,1764,1758,1570,7260,94511,27991,18738
2015,7,9,62416,43902,19850,94196,44470,2389.32,917,3960,1090,8467,53212,35764,12346
2015,7,10,84450,6810,12403,77950,98621,2389.32,2430,4710,1664,8123,88207,37594,39675
2015,7,11,53213,74972,8028,49950,88584,2389.32,2941,2351,2791,7790,61546,23612,18891
2015,7,12,26489,98816,2574,22579,13636,2389.32,4695,3084,3947,7097,76033,43919,22138
2015,7,13,93124,4816,33631,36141,72939,2389.32,3734,1150,4513,7074,76100,18096,38190
2015,7,14,67004,4042,85448,29796,68184,2389.32,3407,4671,3513,9358,17250,42148,13347
2015,7,15,44471,8298,90233,39770,95395,2389.32,3688,4869,3785,7350,41009,26724,32619
2015,7,16,21861,64745,19227,51374,12858,2389.32,821,4861,2071,5106,26008,16950,11679
2015,7,17,50968,95768,11279,29481,68101,2389.32,1629,3922,3177,8213,68691,14923,44881
2015,7,18,27184,18732,69794,30970,2403,2389.32,4045,4262,1898,6552,91987,19054,10803
2015,7,19,71303,77809,970,3374,65430,2389.32,4980,1396,2744,5066,62229,14402,26978
2015,7,20,92492,211,52471,45670,44776,2389.32,592,1959,1245,6737,19280,17304,37514
2015,7,21,23893,43326,99262,15791,2949,2389.32,546,4250,1662,7867,77624,17190,7601
2015,7,22,64845,97605,99939,3942,45216,2389.32,2489,2707,3729,9960,99728,23505,12168
2015,7,23,33826,26673,95465,90071,23411,2389.32,622,2302,4421,5526,63092,27369,14745
2015,7,24,88283,99992,51621,90044,54211,2389.32,2233,1658,4552,7171,55700,19102,45597
2015,7,25,35692,83190,58828,14421,79502,2389.32,4277,3327,1579,9741,19749,24989,8556
2015,7,26,80838,84820,88644,71611,81854,2389.32,3980,1158,4431,6952,60179,38641,18089
2015,7,27,62549,33765,74049,22101,7288,2389.32,3220,2978,4290,8218,73751,25143,29749
2015,7,28,76955,28029,54823,78535,94123,2389.32,4875,1311,1496,9752,79274,15202,24573
2015,7,29,92960,28255,44085,93743,61559,2389.32,2383,4106,4379,5578,62558,28019,20616
2015,7,30,68885,5780,20998,14527,24179,2389.32,4670,1133,1954,8994,96019,15955,11101
2015,7,31,85417,15895,73619,61160,57118,2389.32,934,1366,2498,9192,43818,18122,2893
2015,8,1,92555,99515,70540,31691,62074,3219.61,574,2852,1826,5842,16774,13360,48559
2015,8,2,71124,9516,85194,81968,5535,3219.61,2384,2781,1119,9800,94898,44011,1149
2015,8,3,80004,61328,7863,75549,21498,3219.61,1708,1642,2785,8599,62093,44858,16919
2015,8,4,27159,79021,29063,29419,10474,3219.61,4130,2948,3312,8658,79915,35198,37445
2015,8,5,11825,63652,22980,52944,8548,3219.61,3307,4902,1909,9422,80450,33406,34231
2015,8,6,54440,88511,80163,37225,67111,3219.61,2082,1250,2627,7496,40038,14452,42256
2015,8,7,64942,99169,62401,28254,59845,3219.61,3451,1669,3671,5576,24612,13570,8669
2015,8,8,3366,87920,68474,15275,75441,3219.61,662,4880,3786,5194,67104,37248,15276
2015,8,9,3803,49188,47869,41430,76684,3219.61,882,2976,3426,9278,10354,29623,4259
2015,8,10,43303,16034,51293,98327,85169,3219.61,1896,3533,1478,6054,20159,21968,42257
2015,8,11,11998,85192,1849,65784,30387,3219.61,4383,1090,4492,7251,91969,11175,18954
2015,8,12,71510,14204,85505,91288,98839,3219.61,910,3492,1910,8838,56818,11286,38086
2015,8,13,30812,18716,10524,10988,65437,3219.61,2955,2433,2226,9318,59568,12612,30683
2015,8,14,70110,78952,29505,4602,62555,3219.61,2128,4063,1364,7632,25351,14022,21474
2015,8,15,22071,12614,25712,42541,51169,3219.61,4531,1979,2597,5654,18646,49385,32531
2015,8,16,38442,8626,93172,70668,9782,3219.61,4631,4890,3043,9135,13638,10597,2740
2015,8,17,609,32973,61014,52638,66957,3219.61,4856,4026,1346,5568,47919,16497,36365
2015,8,18,44451,28803,48477,62048,20209,3219.61,2784,1398,1420,7710,45668,26201,7795
2015,8,19,23696,95300,72445,88091,74435,3219.61,774,1395,1259,6052,44032,39568,23288
2015,8,20,78769,63890,94947,94099,9458,3219.61,595,1066,3019,5424,32306,24580,9218
2015,8,21,99571,10091,99582,65991,97399,3219.61,3544,2445,1901,7340,25535,31336,45251
2015,8,22,20628,40575,22732,43240,32980,3219.61,2807,1747,3356,8220,22197,39165,33116
2015,8,23,3324,82794,59425,91343,24570,3219.61,2274,4139,3173,8208,12974,15571,8083
2015,8,24,9811,81379,53017,66712,28719,3219.61,3047,4345,1829,7130,92584,34808,44904
2015,8,25,36599,41744,12909,99955,85850,3219.61,4120,4172,4250,9802,96866,17648,35106
2015,8,26,72980,45494,99312,7505,93702,3219.61,3075,3511,2171,9802,70222,32241,5794
2015,8,27,3699,84623,81587,55528,38105,3219.61,1688,4702,3618,9596,91009,13254,40524
2015,8,28,4702,96482,56344,38953,61378,3219.61,4123,4356,3703,6878,41860,17522,3211
2015,8,29,35580,81288,12268,39103,90083,3219.61,1343,3780,3463,5870,65660,37920,48842
2015,8,30,59806,22349,12623,8424,8297,3219.61,595,4349,1942,7782,84653,27842,3632
2015,8,31,85149,98778,12199,204,28564,3219.61,3959,1000,1698,7578,19597,41781,4060
2015,9,1,90942,51914,19884,60224,17574,2428.33,1380,1273,1778,9310,64569,13532,7804
2015,9,2,36751,93920,23227,68690,78573,2428.33,786,3701,3266,6438,38617,33677,1069
2015,9,3,95705,19113,35377,33284,38710,2428.33,4703,1002,4070,5938,22577,12996,27158
2015,9,4,80095,75310,19270,83225,36466,2428.33,4985,4567,4110,6432,58256,39034,1606
2015,9,5,14280,28447,99089,43899,15192,2428.33,2575,2247,1817,9303,60530,11878,37706
2015,9,6,56461,46586,74234,1884,68877,2428.33,1231,3970,3472,8150,32194,41289,13163
2015,9,7,692,38532,30857,11154,51744,2428.33,782,2374,1082,9276,26272,15454,5466
2015,9,8,53334,70201,92702,10151,49504,2428.33,3380,2316,2521,5236,24199,11246,19585
2015,9,9,25777,21783,50368,30601,22283,2428.33,1889,4326,2445,9097,50479,11090,48914
2015,9,10,24563,67020,87915,74826,82648,2428.33,1631,1970,1488,5685,62482,16118,30540
2015,9,11,35270,864,72559,67791,29829,2428.33,540,1956,4891,9066,10254,23526,13110
2015,9,12,51174,90798,12853,4971,9896,2428.33,510,4457,1703,8424,18576,45702,29684
2015,9,13,28964,65915,98036,46055,31600,2428.33,1297,3220,4084,5207,67363,23913,26870
2015,9,14,98318,52904,12222,49561,5163,2428.33,3086,2687,1927,9190,77657,31822,14779
2015,9,15,31975,4520,66281,95030,19297,2428.33,2083,4611,4181,5118,10666,22133,41916
2015,9,16,31989,23316,21706,26073,8523,2428.33,1337,3191,3323,8559,72752,29838,39069
2015,9,17,9690,12191,68878,31617,64482,2428.33,3439,2807,2406,6071,15682,36702,12888
2015,9,18,54339,64920,67667,28520,36391,2428.33,2004,3378,1647,8710,10802,10169,28333
2015,9,19,94131,77141,49714,68807,72052,2428.33,4996,1740,4655,7756,13356,15488,22466
2015,9,20,96761,93148,28296,80520,55571,2428.33,3573,4908,2403,9982,54780,15202,36132
2015,9,21,29572,21785,38524,47571,26847,2428.33,4092,1964,2817,7620,89783,31220,15678
2015,9,22,46271,54780,12961,97278,5005,2428.33,2766,3117,2168,7413,98636,15488,42670
2015,9,23,9898,98562,34000,27301,49802,2428.33,2445,1458,1916,9310,43295,15078,38780
2015,9,24,17998,33740,91092,77168,57545,2428.33,3387,1398,2005,7700,33795,14030,30875
2015,9,25,96722,46562,75128,48890,20328,2428.33,2980,1862,3676,6980,73876,19346,40116
2015,9,26,12112,87674,50555,55380,39994,2428.33,4142,4342,3940,6585,67861,11942,10202
2015,9,27,97461,92602,38003,65818,46654,2428.33,4179,3374,3359,5334,92263,10086,21798
2015,9,28,20774,65245,85263,25803,88577,2428.33,631,2039,3163,9550,72419,19508,25491
2015,9,29,41387,97914,10203,1679,14499,2428.33,3162,3310,2017,9382,10480,33670,28065
2015,9,30,12963,49660,77045,47674,80319,2428.33,2711,2443,2255,8660,59597,11672,35660
2015,10,1,40230,89224,42979,87767,61643,2574.68,505,1824,4040,7183,90405,33456,28839
2015,10,2,66699,35069,70474,24215,45549,2574.68,3528,1559,2539,7553,91877,33199,4144
2015,10,3,36617,25674,50455,40942,85271,2574.68,2108,1851,1861,6438,29618,39855,22639
2015,10,4,75277,91476,82115,80670,38659,2574.68,4125,1708,3939,9208,45923,35839,22520
2015,10,5,55095,15804,97400,52635,33358,2574.68,2185,4973,1301,8991,27267,16572,39277
2015,10,6,57982,64376,58424,86195,77167,2574.68,1049,2442,1746,8163,33111,14214,4394
2015,10,7,47036,13590,72588,87327,64541,2574.68,3166,4634,2018,9190,88620,12310,34863
2015,10,8,76194,57158,86701,7496,76150,2574.68,848,4130,1047,8842,20325,38213,30320
2015,10,9,19589,12727,57008,15457,87243,2574.68,1335,1268,1110,5275,37955,34600,6472
2015,10,10,6490,27474,20587,73508,98039,2574.68,966,1178,2716,6935,98079,25217,25560
2015,10,11,7255,38499,25701,18302,53693,2574.68,2866,3280,1455,9874,88737,28697,12378
2015,10,12,86346,71425,45679,6406,43052,2574.68,2357,4541,2459,8600,23048,41850,49987
2015,10,13,69855,13284,32435,68924,6571,2574.68,994,3824,1482,6192,48478,39055,46866
2015,10,14,64922,71345,28689,56378,67571,2574.68,1426,3915,1678,7105,76672,48253,17426
2015,10,15,13444,84030,97795,57255,44678,2574.68,4104,1776,1938,7890,99806,23399,37195
2015,10,16,94756,76652,87225,80119,62844,2574.68,526,4117,4750,8438,16118,14652,2055
2015,10,17,97992,51921,61237,19545,65378,2574.68,2797,1446,4642,7802,52427,49319,4262
2015,10,18,35491,51532,30204,85968,99423,2574.68,719,1068,3012,5896,90648,17734,46362
2015,10,19,31350,42527,46326,87452,23093,2574.68,4772,2435,1606,9474,56979,46821,46820
2015,10,20,26623,41130,91994,81265,23073,2574.68,584,3562,2304,7139,60882,28078,44421
2015,10,21,73501,36602,38608,96514,15897,2574.68,3721,3597,3133,5622,51048,11225,29256
2015,10,22,8218,45822,48661,39661,34535,2574.68,1481,1156,3121,8475,42420,36193,5641
2015,10,23,89248,39357,61109,1552,66496,2574.68,4629,4996,1295,8237,52861,23543,38343
2015,10,24,13845,67935,87141,18331,29333,2574.68,4555,3901,1713,9146,93561,10046,4541
2015,10,25,16561,30044,12404,79682,74871,2574.68,2226,4117,1074,9686,82021,43380,21177
2015,10,26,14381,28003,33377,5676,12592,2574.68,570,1436,1056,9062,61118,16207,2590
2015,10,27,3604,7026,70109,20317,1594,2574.68,2916,3153,1174,6671,14186,34934,13670
2015,10,28,87848,96414,65405,14733,72452,2574.68,3112,1832,1738,7840,92507,38019,47426
2015,10,29,76782,38079,30808,63657,87141,2574.68,4863,2095,3950,9971,43764,16896,41926
2015,10,30,13641,31681,51402,23706,64704,2574.68,4991,3903,3353,6470,83635,13014,15589
2015,10,31,54173,8100,37637,29601,82292,2574.68,3971,1726,1862,9566,39080,38066,46497
2015,11,1,18944,11515,88358,85267,55279,2435.17,526,3310,1655,8963,68013,38595,5254
2015,11,2,80308,36917,16949,87055,36904,2435.17,1227,1354,1741,6686,59997,34589,34105
2015,11,3,21151,35422,85516,85929,74502,2435.17,680,4796,1447,7394,95062,23077,39934
2015,11,4,85299,10322,76388,58306,65637,2435.17,1900,2295,4021,6710,49350,14950,10754
2015,11,5,14305,90578,28632,52398,77757,2435.17,1986,3906,1638,8853,19126,31256,38630
2015,11,6,28788,76522,41053,30235,56566,2435.17,4664,1863,4140,6051,16520,11128,2468
2015,11,7,56805,13421,23425,87179,59973,2435.17,3103,1268,4703,6182,59378,23811,39127
2015,11,8,71716,12718,72718,12119,51571,2435.17,3374,1458,3128,6294,26944,39693,40256
2015,11,9,69598,46609,97910,65090,59012,2435.17,1218,2168,4202,5994,19346,20526,14430
2015,11,10,71473,73802,11156,51176,56888,2435.17,1338,4955,3251,6662,57073,18918,20535
2015,11,11,20663,16800,31532,3791,33930,2435.17,4835,4879,1435,7744,84968,30446,24828
2015,11,12,88527,27539,28967,49081,9885,2435.17,4606,1356,2113,6166,48883,29001,48313
2015,11,13,67649,90222,23957,67252,20629,2435.17,3424,1290,1074,6307,61432,30813,47382
2015,11,14,41135,21269,693,78922,95365,2435.17,720,3890,4551,9382,49322,39436,2014
2015,11,15,53000,18930,20793,91465,16044,2435.17,1817,1686,4897,7125,67294,46878,19677
2015,11,16,40859,85719,38169,71391,68379,2435.17,3556,4512,2221,9248,88434,48937,15954
2015,11,17,71262,64155,49181,17166,85193,2435.17,1601,4543,2431,7393,46008,49826,48503
2015,11,18,63422,32826,49870,39672,59952,2435.17,1549,2161,4234,9444,88552,37612,17164
2015,11,19,7023,73461,13477,44244,42709,2435.17,3181,1318,3768,9474,47487,33961,18263
2015,11,20,57216,20441,38505,74648,14186,2435.17,825,2607,3690,5630,17278,19996,1740
2015,11,21,24211,53828,27155,59797,44897,2435.17,3760,1919,1046,7188,12514,14579,32059
2015,11,22,11852,5696,11254,10621,64409,2435.17,933,1624,4180,9437,12623,43365,8741
2015,11,23,50303,69801,87325,345,60496,2435.17,1689,1058,4781,7696,77206,19678,4603
2015,11,24,2255,57320,71598,24125,50909,2435.17,3703,2759,1159,9956,73379,36919,34112
2015,11,25,75049,665,8544,70581,50103,2435.17,606,1756,2319,7622,17100,34166,37519
2015,11,26,88578,43790,1577,63359,13985,2435.17,3036,2590,1102,7950,56715,37010,28784
2015,11,27,71450,61771,66122,77609,61728,2435.17,4527,3127,1517,9423,40060,13248,5854
2015,11,28,26942,20359,23376,50613,4333,2435.17,4779,4261,1968,6355,72620,30953,6828
2015,11,29,31491,72009,63544,67593,59347,2435.17,954,1600,2029,7076,16816,10108,20259
2015,11,30,92930,89283,29588,49447,95058,2435.17,2418,3351,1357,8610,88963,27042,19648
2015,12,1,40095,36304,85942,92803,25276,2224.94,4292,3636,1790,8237,72982,33400,33247
2015,12,2,79192,3778,31782,32620,28533,2224.94,548,2814,4181,5418,29224,40180,8242
2015,12,3,63766,67576,62891,75911,56539,2224.94,1235,2985,2587,7177,11584,34215,6285
2015,12,4,80424,30080,97852,93566,54669,2224.94,3318,1766,1934,5834,82831,19494,20834
2015,12,5,16046,24733,53661,70227,16080,2224.94,822,1196,1866,9648,72106,23350,32885
2015,12,6,95933,33343,36336,54873,96872,2224.94,4087,3646,3553,6590,14286,43222,42123
2015,12,7,40476,46883,93435,31438,38334,2224.94,931,4378,2349,7614,40956,49780,42618
2015,12,8,3829,67716,45977,54288,57364,2224.94,3989,3296,2777,5334,16346,31000,34436
2015,12,9,72447,63608,74647,77353,33250,2224.94,1926,3724,1444,5910,10332,46130,28211
2015,12,10,39330,72445,66861,73032,9740,2224.94,2811,3567,1074,5140,84207,49247,7818
2015,12,11,19576,78197,18896,3705,8522,2224.94,4704,2319,2022,5702,91023,40271,43416
2015,12,12,70266,27950,30348,11710,74662,2224.94,2839,3991,1322,9410,87022,12982,1861
2015,12,13,82518,26186,63964,74402,11326,2224.94,630,2252,2719,8896,50956,17592,14523
2015,12,14,2312,52013,81264,25687,27716,2224.94,957,2980,1958,5324,26041,24898,22288
2015,12,15,64518,33882,5242,5175,8582,2224.94,570,2450,4800,5885,98203,12478,8616
2015,12,16,409,38204,9731,59480,13452,2224.94,3423,1536,4051,8374,41449,23118,27040
2015,12,17,13326,23759,87451,29915,36416,2224.94,1164,2285,2373,6405,22459,22306,13493
2015,12,18,35021,94382,96109,86173,46619,2224.94,3650,3378,1814,9476,39209,28670,10664
2015,12,19,51773,82633,10786,80824,40024,2224.94,598,3348,3696,7744,99614,45112,18587
2015,12,20,87589,20779,78750,51314,63536,2224.94,4971,4907,1941,9754,17430,24911,17561
2015,12,21,63095,66083,38291,28314,40816,2224.94,3335,2587,1484,7702,89763,16507,27500
2015,12,22,19059,76410,86208,27755,34154,2224.94,4218,3094,2952,7967,89407,36488,35823
2015,12,23,85528,29380,17748,13821,81811,2224.94,3732,1257,4910,7022,11854,42077,18828
2015,12,24,20874,29258,34666,97358,96082,2224.94,3864,1182,2189,6424,42893,17694,40781
2015,12,25,2247,48465,5789,25199,16432,2224.94,3038,3311,2279,5786,48483,10892,11549
2015,12,26,80966,37216,16699,82228,80590,2224.94,4305,2815,4581,5322,15172,30662,38973
2015,12,27,16103,45390,95802,49644,61814,2224.94,2337,1674,3511,9478,21961,36294,5048
2015,12,28,51027,50001,54606,8306,12139,2224.94,854,3103,1656,6797,75331,14422,19442
2015,12,29,35770,15989,71414,20352,91311,2224.94,1013,3764,4678,6344,89759,42843,2938
2015,12,30,68215,7097,23255,88078,46575,2224.94,4371,3952,1568,5329,38609,23706,45217
2015,12,31,14771,18709,33162,87779,31858,2224.94,2728,3978,1674,5493,20681,48494,24845
2016,1,1,38048,88611,29462,51215,78370,1562.29,780,1894,1128,7724,48392,14264,22306
2016,1,2,64581,78698,68696,59910,17307,1562.29,1031,1014,1915,8810,67871,33111,8754
2016,1,3,52891,51851,23945,98385,88884,1562.29,3167,1930,2401,5266,78144,22122,38791
2016,1,4,81286,13925,73941,76846,54134,1562.29,658,3714,2382,5372,94975,34688,38686
2016,1,5,44126,86008,87056,2393,81170,1562.29,504,4059,3128,5800,48795,12012,21279
2016,1,6,14591,11963,55295,8344,20944,1562.29,1818,2228,3715,6134,95425,17849,33440
2016,1,7,9444,45751,52916,43178,81123,1562.29,2866,1599,1026,5122,43992,31418,47891
2016,1,8,52552,45849,81831,92033,71649,1562.29,802,2590,3940,5690,27286,29883,30626
2016,1,9,9130,24105,98464,89198,11215,1562.29,2046,2010,4639,6313,80187,37113,43890
2016,1,10,24204,74406,78713,90806,55679,1562.29,3575,3230,4904,6630,17398,22904,39057
2016,1,11,67384,20659,75496,42676,12701,1562.29,3910,1830,4589,7373,11027,20803,19134
2016,1,12,31263,34426,24166,87254,27091,1562.29,4366,2645,1910,9431,58450,17141,20706
2016,1,13,74840,97027,91724,59745,33784,1562.29,4000,1166,1418,6846,60193,16104,8338
2016,1,14,59981,99104,79878,19570,36478,1562.29,1725,4091,3033,7242,71345,35123,7257
2016,1,15,67948,12064,52770,79411,47847,1562.29,1551,2686,4597,9262,98782,16772,11220
2016,1,16,62964,47783,75900,8311,88631,1562.29,1357,4962,1548,5184,84532,17538,36094
2016,1,17,69844,7610,88470,44230,54852,1562.29,4352,4151,3229,8473,18561,36076,9815
2016,1,18,26046,81465,75115,50643,36091,1562.29,4023,1650,3030,5130,23715,43012,23897
2016,1,19,37369,6425,7976,5269,69012,1562.29,4646,1726,1468,8115,99436,37671,8860
2016,1,20,74282,45141,26823,62511,43615,1562.29,4938,4659,4551,6404,20301,45641,11736
2016,1,21,80301,45678,27399,34684,46953,1562.29,2695,1354,3890,5670,11890,42901,1114
2016,1,22,94530,15587,98109,27350,30054,1562.29,1373,4334,4037,9104,83197,19003,13897
2016,1,23,36284,14488,88663,95835,20893,1562.29,2828,2544,2344,5226,52227,34296,25316
2016,1,24,2693,29924,51321,76583,31946,1562.29,835,2827,4199,9782,70176,35605,7262
2016,1,25,80545,17902,39940,39582,92450,1562.29,4936,1494,1342,9950,57270,41220,39489
2016,1,26,5267,65099,8765,92611,16678,1562.29,3259,1452,3619,9168,28655,11138,27345
2016,1,27,68193,80843,98392,73745,31139,1562.29,4349,1683,2821,5640,67616,45270,34921
2016,1,28,5130,58906,40355,91810,38856,1562.29,3029,4121,4075,8145,53084,12104,47626
2016,1,29,85490,12696,64178,9109,7275,1562.29,1025,1819,1174,9416,81915,21165,42833
2016,1,30,64337,91265,49201,83511,73257,1562.29,3780,4737,2074,5487,86546,30929,33170
2016,1,31,49465,69576,91404,44892,94074,1562.29,1996,1838,2182,9454,21375,30808,44488
2016,2,1,2401,88980,20386,81817,70895,2094,2505,3510,3455,6015,51767,13258,7903
2016,2,2,41148,46505,48699,76635,33052,2094,2450,3978,2382,7342,13051,48221,45980
2016,2,3,60691,8967,21756,98216,30342,2094,4925,4093,2895,6678,47261,45142,18917
2016,2,4,39566,9767,73653,63021,72134,2094,996,3281,3276,8438,12544,37679,41772
2016,2,5,97026,65071,56658,761,52413,2094,676,4454,1379,7089,27669,16154,36062
2016,2,6,22358,88948,7166,30253,70610,2094,1746,1462,1100,5399,89546,10742,4427
2016,2,7,57171,41895,82312,61799,42941,2094,4477,1318,1398,9978,57078,38765,4932
2016,2,8,74901,38764,84572,86280,25853,2094,4351,3209,2539,6094,94814,38149,12241
2016,2,9,22295,36561,14676,2840,68312,2094,1870,1834,1116,8372,19984,10828,4223
2016,2,10,75465,35815,61728,45466,24654,2094,582,4553,3920,5153,85832,16125,35158
2016,2,11,13747,46536,80687,31286,14404,2094,4434,1697,4765,7542,55889,13076,41853
2016,2,12,54685,27760,71263,17153,81941,2094,3913,2405,3413,5190,19222,18066,41248
2016,2,13,52150,36158,67620,42423,21311,2094,4899,1408,1338,5585,99046,30741,19804
2016,2,14,63791,34833,83791,8556,85295,2094,1631,1330,2438,9246,89835,15731,39680
2016,2,15,16846,28749,39489,60259,45742,2094,3324,2890,1219,9210,56664,48882,25063
2016,2,16,82099,47916,16643,14789,3502,2094,1881,2291,1052,5671,75846,17406,15689
2016,2,17,1704,13830,8499,85494,39428,2094,2576,1272,2081,7064,32882,22822,48334
2016,2,18,82128,77559,87066,9699,89854,2094,3580,3303,2997,5223,12394,27850,10082
2016,2,19,7264,64973,11494,57785,26997,2094,4952,3699,3872,9614,30544,23300,3692
2016,2,20,33136,98122,45925,76569,5186,2094,743,3664,2717,5626,13363,28923,45160
2016,2,21,29242,88296,67227,37239,79871,2094,1440,2134,1190,5876,61270,28638,20319
2016,2,22,96625,87575,7338,30498,22377,2094,626,1863,2355,6073,48432,15090,37883
2016,2,23,61233,30528,77558,50303,99688,2094,4225,3928,1919,6451,82519,41790,7273
2016,2,24,83122,63960,95277,34765,73246,2094,3402,4869,4121,7092,16718,32849,6547
2016,2,25,91327,36868,71066,43682,19294,2094,2573,1877,1376,5130,47179,16063,35850
2016,2,26,18755,92757,94992,30675,89209,2094,2464,3681,2822,8194,23445,31067,27511
2016,2,27,90639,36849,17289,51112,73941,2094,636,1094,2226,5542,25299,22871,34008
2016,2,28,57228,42873,36102,23604,38004,2094,4666,1757,2389,8142,15162,47949,49633
2016,2,29,94873,42600,86631,52695,76692,2094,974,2330,3276,7401,34793,14302,10077
2016,3,1,85107,18835,71340,22837,44134,2185.81,574,2005,1274,7158,41360,29944,44211
2016,3,2,26037,14471,38686,27047,18254,2185.81,3270,1716,4616,7316,37544,16044,36635
2016,3,3,7430,21227,29321,41183,56021,2185.81,600,2478,3074,6634,80315,28559,32889
2016,3,4,90845,76731,81918,37509,96750,2185.81,3804,2785,4099,9986,66183,38705,23278
2016,3,5,75476,20806,65911,15092,28122,2185.81,1136,1902,1033,6808,18884,13405,3455
2016,3,6,9698,34733,70884,27772,31367,2185.81,1331,2210,2929,9210,76070,41030,1199
2016,3,7,27878,59875,80168,98330,98716,2185.81,2034,4190,3508,5898,11278,27982,12704
2016,3,8,72751,86771,96237,30136,13579,2185.81,3540,4627,1650,8858,83751,38123,5674
2016,3,9,81975,6435,10335,26256,11035,2185.81,2285,1082,2631,7620,53592,11346,2757
2016,3,10,26509,56979,51890,26369,9923,2185.81,4350,4025,1300,9542,29160,40575,7524
2016,3,11,72613,72702,30204,13019,3478,2185.81,1141,1834,1740,7827,11707,47774,30307
2016,3,12,46937,95345,3038,9568,59150,2185.81,2265,1324,4960,9154,12026,12480,22983
2016,3,13,13030,82729,55261,73675,49668,2185.81,4250,2280,4825,6510,51650,43302,1556
2016,3,14,41112,69144,78755,77852,13324,2185.81,1977,1066,2157,5494,86178,27659,6814
2016,3,15,34349,73444,63317,80662,28951,2185.81,1896,1979,1560,8508,15654,40442,41695
2016,3,16,25633,96257,79075,15459,7062,2185.81,3760,3172,1220,7742,26023,29543,30725
2016,3,17,27032,84353,89803,29190,45719,2185.81,1848,1419,1560,6516,77080,11077,25981
2016,3,18,94564,30329,53058,85339,55189,2185.81,2132,1650,1319,9726,12630,38380,35064
2016,3,19,68284,37744,52905,84504,41610,2185.81,806,3641,4631,6710,14182,25349,45280
2016,3,20,12533,37383,21769,94661,40251,2185.81,737,4813,1066,5146,36503,17068,15201
2016,3,21,60210,94989,14242,57881,16196,2185.81,2612,1670,4614,5516,13558,22576,26872
2016,3,22,10796,32085,91218,6779,68638,2185.81,2128,2521,1970,8246,92181,15735,21752
2016,3,23,85450,14272,50550,47330,89418,2185.81,4398,1968,3392,8639,23859,30939,3405
2016,3,24,21863,2825,48123,86478,18341,2185.81,4053,1982,3244,6622,52266,33233,49809
2016,3,25,54726,747,80756,30211,70996,2185.81,945,2796,3559,5702,36477,42977,39289
2016,3,26,16252,17228,58957,30996,12219,2185.81,1935,4081,1991,8566,36910,36684,49168
2016,3,27,76218,62316,98525,90814,95290,2185.81,4047,1526,2889,9302,96576,10482,1592
2016,3,28,60443,58874,28033,80355,71721,2185.81,4683,4323,3089,9992,51670,10307,30862
2016,3,29,80511,13606,60741,82503,40015,2185.81,538,2583,4965,8134,23397,21606,47651
2016,3,30,1205,97445,21621,69094,68599,2185.81,4329,1598,3422,8713,42098,31494,34549
2016,3,31,65928,31782,2170,64017,13125,2185.81,675,3635,3797,5694,76137,23811,3840
2016,4,1,28028,72748,41737,62090,96145,2180.6,3293,4940,1315,8739,78538,35863,13343
2016,4,2,89421,40283,95638,74487,82382,2180.6,836,1038,4300,6318,43639,33140,27132
2016,4,3,11457,53627,16938,79225,46116,2180.6,4643,4142,1199,5472,36231,42343,7101
2016,4,4,16074,15877,52284,67389,64616,2180.6,4604,1582,3808,5241,44874,10194,47174
2016,4,5,42374,1640,33056,38026,22421,2180.6,2517,1894,1672,8918,29453,42787,43047
2016,4,6,77908,90449,83282,24107,93180,2180.6,2802,4252,1741,5085,92993,32708,35865
2016,4,7,98612,78950,3097,2420,44191,2180.6,4960,2915,1932,8744,40941,38381,14323
2016,4,8,47415,28459,38611,10439,49266,2180.6,4578,3524,4863,5728,83982,34394,34416
2016,4,9,38725,66785,93647,6818,18223,2180.6,4525,1833,1940,8974,35604,42483,2992
2016,4,10,23297,56917,45399,5611,11284,2180.6,696,1878,2502,5305,85488,13119,2692
2016,4,11,49721,21419,72996,40936,40630,2180.6,668,4353,1974,5328,10118,16682,6978
2016,4,12,54672,58401,91522,36613,17375,2180.6,904,2022,1602,7197,78984,11676,43478
2016,4,13,76242,89329,3079,23744,54634,2180.6,3214,4354,1336,6209,61641,16965,38567
2016,4,14,83187,86972,62672,23301,38652,2180.6,2988,3322,3593,5861,46286,14648,15194
2016,4,15,49339,41734,30695,49732,98932,2180.6,2760,1446,4006,6774,15267,14590,9679
2016,4,16,85757,68482,74347,12093,11043,2180.6,828,4228,4310,8080,33881,27961,2340
2016,4,17,39627,48222,71285,79572,54084,2180.6,1891,4773,1322,7884,85857,40939,33923
2016,4,18,93616,79970,66112,8975,60808,2180.6,3966,2915,2563,9664,75007,43605,47731
2016,4,19,22004,86769,4186,77667,44850,2180.6,627,1664,2640,6536,80398,23075,4419
2016,4,20,77187,33642,9201,69195,17579,2180.6,562,2546,1142,5202,36520,17550,45058
2016,4,21,40327,31839,15101,39242,1503,2180.6,2846,3505,3228,7031,17523,17746,6460
2016,4,22,91451,89504,55257,10443,32767,2180.6,4869,1304,4296,9069,11850,12934,35655
2016,4,23,4128,88336,30773,95506,30932,2180.6,2691,2609,1834,5592,26850,33336,33645
2016,4,24,85604,76049,73195,78832,29433,2180.6,3260,2234,1830,8516,47676,29339,40718
2016,4,25,40523,63898,71996,26171,72967,2180.6,4397,3445,3533,6521,88951,19465,1662
2016,4,26,76519,36643,23427,8353,15786,2180.6,1689,1388,2677,9950,96571,22109,1142
2016,4,27,38305,29832,9344,18526,34700,2180.6,4216,1574,2268,5136,17744,10235,23372
2016,4,28,52762,47142,3681,41296,40016,2180.6,2112,1533,1977,8758,24885,27763,8984
2016,4,29,67168,82927,95504,9846,14162,2180.6,1954,2466,3258,7650,87343,22958,42076
2016,4,30,81022,67912,80885,18291,20475,2180.6,4877,4588,2122,8557,47235,17166,48629
2016,5,1,24348,35023,35871,41238,76260,2383.65,3405,4186,1986,9214,89699,17564,13634
2016,5,2,32909,58518,55823,40559,62213,2383.65,1580,1054,1016,6222,66950,24645,45133
2016,5,3,1100,72891,86768,66009,20126,2383.65,4901,4472,1142,8526,16558,32889,5257
2016,5,4,22110,10467,92076,47599,45069,2383.65,678,4329,1644,7950,34887,18857,31776
2016,5,5,66118,72820,65333,92135,29042,2383.65,3131,1492,1524,6250,12501,16012,48635
2016,5,6,41507,68755,18826,98137,60879,2383.65,1025,2988,1353,9453,30586,42774,20888
2016,5,7,37581,12102,87104,94225,33087,2383.65,4433,1120,1162,9542,24041,13120,38343
2016,5,8,59753,57173,3049,97630,93423,2383.65,630,1280,2007,8922,65768,44238,31902
2016,5,9,95344,96795,93579,26697,52600,2383.65,822,1502,2617,9277,12230,16510,40517
2016,5,10,77621,30190,17612,5135,41308,2383.65,1689,2411,1486,8782,15040,24951,41653
2016,5,11,12991,70672,76233,46351,45128,2383.65,588,1910,1238,8342,83518,15500,42001
2016,5,12,74683,35694,14277,43653,74971,2383.65,707,2590,1573,6646,74076,19232,15033
2016,5,13,21324,35767,36644,52853,16856,2383.65,2803,1198,2355,6342,92548,17482,1685
2016,5,14,12389,49489,24305,83887,83655,2383.65,2984,4688,3515,9070,18340,34838,7823
2016,5,15,53645,80401,87429,15218,60071,2383.65,801,1393,3623,7445,50597,30478,11506
2016,5,16,39130,28402,93029,61485,98789,2383.65,646,2528,1416,9622,11415,11446,1929
2016,5,17,93797,35752,26112,37313,58012,2383.65,2150,3008,1203,5930,43225,10262,10804
2016,5,18,53788,94028,99020,83763,97825,2383.65,593,1953,4370,7252,14789,19030,15970
2016,5,19,25551,60108,53392,76967,46082,2383.65,3389,4877,1909,6886,77189,41272,31159
2016,5,20,48008,65692,19281,5564,57975,2383.65,1837,3113,4237,8862,11876,37061,28859
2016,5,21,88178,42470,24015,98900,66091,2383.65,4762,2992,1078,8153,10558,11343,5156
2016,5,22,75664,46053,17573,92573,16905,2383.65,814,1263,1805,9477,86826,18246,11115
2016,5,23,98336,10016,79246,87573,32225,2383.65,4633,1753,3590,10008,35653,16032,41122
2016,5,24,70155,76768,24026,1769,71273,2383.65,4463,1935,1388,7035,55859,18606,25337
2016,5,25,8150,56056,85908,1308,75533,2383.65,2438,1822,2749,6762,77791,31325,22735
2016,5,26,22805,68777,68080,56395,83776,2383.65,2427,1154,1851,5618,72049,18123,20085
2016,5,27,38141,51513,31411,25881,48549,2383.65,524,3049,3324,6431,74356,35209,37270
2016,5,28,5518,26796,25429,4620,58479,2383.65,2296,1283,3348,6727,54029,38476,19573
2016,5,29,56812,42809,75110,70015,55613,2383.65,4489,3752,1046,5899,19632,29923,47160
2016,5,30,89521,66509,52974,49198,82941,2383.65,4406,4809,1934,6186,18866,28955,27330
2016,5,31,62111,61726,26591,66812,14805,2383.65,584,1616,3428,6748,57982,45392,30620
2016,6,1,12473,89146,8932,14724,25130,3130.23,4244,2990,3179,9793,90930,14958,38855
2016,6,2,54200,12092,72338,96738,37873,3130.23,3848,1908,2882,5659,30753,24854,1293
2016,6,3,97299,2370,48283,44047,76705,3130.23,4306,1066,4171,6484,20251,40653,43675
2016,6,4,68444,40848,98644,42976,10641,3130.23,4836,1191,3016,7173,77929,22240,5926
2016,6,5,18467,53130,88190,62701,78789,3130.23,2554,1086,2664,8782,36484,14368,18944
2016,6,6,95864,90791,19897,61387,70380,3130.23,3391,3823,3699,7034,98150,24340,6501
2016,6,7,89312,42987,21884,23681,60160,3130.23,920,4977,4293,8230,57678,48081,16165
2016,6,8,3054,61585,40520,40718,13774,3130.23,1438,1986,2794,7686,87374,38174,27005
2016,6,9,64187,72119,93350,77887,39153,3130.23,3578,4816,4485,6813,68496,10996,41500
2016,6,10,72979,64417,5975,42272,64879,3130.23,716,4283,1588,7224,41353,10732,30005
2016,6,11,24229,12792,81350,8376,20478,3130.23,2901,1016,2194,6250,95254,12698,35077
2016,6,12,64102,30185,57515,14939,86998,3130.23,934,4975,3131,8260,18046,38009,42363
2016,6,13,28265,8953,72294,69854,56177,3130.23,1566,1757,1437,9268,10274,13266,13647
2016,6,14,40697,68034,64283,97891,40636,3130.23,1940,4736,1072,6526,19674,43070,25889
2016,6,15,43170,61961,53046,66301,10222,3130.23,4310,3485,1202,5920,24690,12530,21645
2016,6,16,56602,82610,49883,99391,21878,3130.23,2656,2573,4399,6592,76815,30034,5015
2016,6,17,19180,3756,1123,41605,4563,3130.23,4674,4084,2756,8152,30384,18668,20797
2016,6,18,75717,1047,47816,72665,44002,3130.23,789,1954,2818,5671,16344,19400,38858
2016,6,19,47038,95354,88621,2789,54997,3130.23,2822,1064,1096,7898,32131,12924,15436
2016,6,20,21093,66806,70542,20202,87230,3130.23,4530,4297,4676,7404,51961,45030,17279
2016,6,21,82556,94104,11985,70374,86127,3130.23,1421,4516,1398,5041,52304,45030,44682
2016,6,22,66830,35128,85558,68725,35424,3130.23,754,2868,2198,8330,93069,17738,34042
2016,6,23,95706,22600,83725,30382,16298,3130.23,832,1702,1141,7506,15502,48619,2039
2016,6,24,98430,98351,98136,54816,99745,3130.23,4845,2925,1919,7046,51649,14806,1794
2016,6,25,2148,26831,26563,19347,88906,3130.23,3773,1934,3583,7710,31344,24880,19632
2016,6,26,92241,73108,6437,54734,26856,3130.23,3352,1636,3068,7840,96451,22812,8366
2016,6,27,68281,62649,5738,86552,30756,3130.23,500,2902,1146,6330,52248,11662,7387
2016,6,28,2792,92375,6789,77727,32577,3130.23,2606,4816,2592,5394,79549,17818,38133
2016,6,29,83761,99254,12437,6829,17094,3130.23,4640,1725,2888,6946,88276,18643,8888
2016,6,30,25468,44875,67898,26036,28035,3130.23,1861,2177,3872,8650,24904,11448,20147
2016,7,1,93863,2617,20727,69258,98518,3004.32,3017,2770,3962,6197,31216,29201,41527
2016,7,2,22190,32942,17090,73919,21219,3004.32,4385,2444,4982,7118,10478,12970,2085
2016,7,3,73635,57656,85353,12285,98912,3004.32,1770,2774,1546,5004,62031,14285,13153
2016,7,4,34024,31401,78408,37986,7598,3004.32,2186,4786,3917,5094,14846,46487,9624
2016,7,5,52713,19442,78932,89047,61214,3004.32,526,1199,3416,7230,63483,12328,39410
2016,7,6,26735,85255,55103,8855,44104,3004.32,4491,3126,4885,7899,16111,22482,33486
2016,7,7,93875,99650,18621,52792,278,3004.32,4278,4342,3117,8209,58388,35682,38677
2016,7,8,33971,3916,86883,97388,67498,3004.32,4715,4232,3323,9422,12374,12426,16718
2016,7,9,64655,92579,90553,45892,76830,3004.32,4725,2055,4017,6700,39847,11302,23016
2016,7,10,8374,5478,24989,66491,50040,3004.32,3524,4009,4996,7062,97748,37493,49730
2016,7,11,88477,73816,98078,56800,21337,3004.32,578,1990,1446,9958,48233,19627,17517
2016,7,12,31851,82959,6683,87220,52656,3004.32,2865,1028,3359,8422,43870,18398,46530
2016,7,13,83936,78748,18760,3932,506,3004.32,1424,3981,1322,5854,62133,11660,16509
2016,7,14,23371,64064,14003,66169,56546,3004.32,795,4747,2898,9938,91966,30554,28589
2016,7,15,55360,34833,7935,23719,19039,3004.32,2116,4325,1904,7070,23256,47409,18158
2016,7,16,77384,31033,52744,84060,36887,3004.32,2071,1608,1194,9730,59128,18188,31229
2016,7,17,37366,44924,72937,15265,37402,3004.32,2170,2760,1086,7286,16478,11878,31255
2016,7,18,54614,74947,87154,1518,35822,3004.32,568,4557,1442,8022,29968,44680,10410
2016,7,19,65603,58392,87642,77246,17169,3004.32,876,4534,1693,9452,86150,45446,46770
2016,7,20,15977,48321,54559,48415,34777,3004.32,1243,4390,2334,6802,90907,14507,37389
2016,7,21,13807,72539,60417,71601,6913,3004.32,2632,2514,1086,6625,49759,48648,6737
2016,7,22,33396,11546,53183,41441,46267,3004.32,3238,3594,4004,8306,27009,38780,39333
2016,7,23,61537,59605,28171,40223,63001,3004.32,1081,3158,2968,6022,81110,14881,35431
2016,7,24,38235,63744,3748,19715,50369,3004.32,3362,1990,1404,6206,57907,27670,3508
2016,7,25,27229,61146,6266,31233,35294,3004.32,1364,3181,4230,9080,53403,22230,49627
2016,7,26,66318,40838,81742,90638,72336,3004.32,518,1921,2946,5618,46635,19344,12852
2016,7,27,95478,64998,26135,76882,52894,3004.32,4551,1473,1539,7168,44057,46833,34043
2016,7,28,93147,30423,26367,2377,61310,3004.32,959,2626,1959,5410,18263,25646,46123
2016,7,29,51904,40135,52568,94851,65753,3004.32,869,2581,1114,7003,54462,49798,15556
2016,7,30,31046,75366,62624,92586,18887,3004.32,770,2032,3455,8488,14409,14764,6682
2016,7,31,44611,5369,42391,97922,94421,3004.32,3567,1323,2139,6135,57525,49243,27006
2016,8,1,78395,76825,88595,25399,31287,2957.74,2795,3004,3720,5380,41890,40401,4745
2016,8,2,87503,53923,10209,35992,68332,2957.74,1953,1942,3714,9760,13318,27071,24973
2016,8,3,18443,47148,94212,10930,4673,2957.74,3971,4419,1631,7566,24817,34269,9807
2016,8,4,78663,97613,73626,12383,79346,2957.74,4135,1847,4438,5695,19190,16514,15516
2016,8,5,20668,16145,60526,20734,27372,2957.74,2805,1636,4847,8368,73095,29520,11349
2016,8,6,18175,92067,45292,21158,15985,2957.74,1779,4647,2720,5404,23381,13417,20109
2016,8,7,60921,8870,46618,46711,4565,2957.74,2183,1584,3303,8130,62317,25674,15808
2016,8,8,55410,76475,87841,80257,84843,2957.74,1128,3017,3001,5706,40526,18986,10936
2016,8,9,57880,12306,79986,41953,74063,2957.74,748,1334,3587,7974,14396,33152,19719
2016,8,10,17795,31580,74737,32450,25641,2957.74,4476,2401,4880,9294,94009,14722,3406
2016,8,11,39604,20139,34092,92605,7910,2957.74,2942,1588,4627,8568,15492,43689,40971
2016,8,12,93999,29463,45024,22586,81450,2957.74,2089,1200,2351,6825,48044,49343,25772
2016,8,13,16584,22521,63097,46464,1189,2957.74,2537,1592,3595,6546,49748,12110,7106
2016,8,14,18952,27691,83647,38579,18323,2957.74,2268,2320,2201,7296,34905,18650,7740
2016,8,15,69416,23348,34246,93119,70173,2957.74,3813,3107,1162,7666,49570,22351,48643
2016,8,16,79015,27109,79495,88963,55090,2957.74,944,4040,3285,7590,28970,41607,29243
2016,8,17,98205,77591,3928,35406,71235,2957.74,4056,2001,3531,9316,66471,15056,5185
2016,8,18,3296,41637,68164,40811,63546,2957.74,4513,3911,2546,9007,47873,32635,34087
2016,8,19,88251,54693,23028,61536,45158,2957.74,4494,3361,1890,6852,95119,33526,18350
2016,8,20,44958,65528,90528,39842,70181,2957.74,1249,4828,4986,5764,30638,44883,23351
2016,8,21,39851,10152,70147,17397,69159,2957.74,1383,3760,4064,5762,51647,34222,18021
2016,8,22,74113,21142,93936,36405,94563,2957.74,4930,1754,4581,6809,95713,41114,39055
2016,8,23,50160,33315,30943,81498,39079,2957.74,1380,3929,3083,6526,12677,23593,27933
2016,8,24,80899,79062,63707,69964,1176,2957.74,537,1639,1495,6662,28043,47409,15354
2016,8,25,36232,97974,19634,7165,74783,2957.74,3278,1293,1398,5572,22790,16394,31699
2016,8,26,73505,99171,99373,77940,62050,2957.74,2885,2947,2462,6394,29262,17286,12050
2016,8,27,63297,66152,278,16144,13329,2957.74,3553,4559,2646,6382,73075,17429,28322
2016,8,28,31238,21355,75075,96250,33279,2957.74,690,1783,3387,6064,17334,25436,47866
2016,8,29,28115,68960,34737,35577,16903,2957.74,566,1662,1502,7196,96342,26182,30351
2016,8,30,21870,76248,42094,64516,75787,2957.74,3296,2023,1522,6752,13118,19801,15169
2016,8,31,87589,19966,92937,976,36030,2957.74,1412,4143,2970,7500,16072,46224,44011
2016,9,1,92991,76424,70705,70187,89119,2095.67,2055,1490,1354,5856,57503,20500,46887
2016,9,2,87572,64527,57023,60943,67800,2095.67,3530,4116,2463,5858,40145,46474,43176
2016,9,3,58623,20642,25797,86123,53066,2095.67,658,1055,4796,8302,32594,15686,22021
2016,9,4,44268,41002,85632,49600,30277,2095.67,862,2848,2661,6956,78790,41812,43136
2016,9,5,3002,43674,95929,55465,9532,2095.67,1938,4505,4419,8182,70627,42484,2427
2016,9,6,82460,80952,4892,97256,78333,2095.67,2521,3952,4839,9504,88551,25115,37486
2016,9,7,78992,75003,42964,3006,18476,2095.67,1169,2828,1779,6910,93293,15334,38107
2016,9,8,75877,11584,8520,65296,72023,2095.67,4131,4481,1449,9022,68088,19158,29147
2016,9,9,82861,1962,93735,77700,21466,2095.67,2814,1809,3639,8550,19814,16942,48638
2016,9,10,237,30984,62648,98368,54434,2095.67,2381,1266,3875,7270,11956,11804,5941
2016,9,11,26399,36088,26731,2848,81463,2095.67,3981,4322,3131,8144,42021,34597,44819
2016,9,12,99057,61188,67759,89048,23318,2095.67,3866,3553,3555,6513,38272,39341,37573
2016,9,13,48806,60654,36003,32681,91554,2095.67,4930,4303,1622,6670,37151,31860,47960
2016,9,14,42832,27485,62535,55963,11553,2095.67,1911,1226,2095,9348,99656,21764,20908
2016,9,15,78594,13523,61671,97150,6388,2095.67,1490,1606,1948,9998,16926,34853,49943
2016,9,16,86804,9155,19158,3555,57168,2095.67,1766,1350,1222,8612,88664,28048,22661
2016,9,17,85209,95577,55010,83656,86598,2095.67,1772,1598,4539,6894,78692,14566,21018
2016,9,18,99737,81535,62471,76685,20379,2095.67,2890,2182,2201,7047,10736,49368,16695
2016,9,19,69708,28855,82071,86204,93156,2095.67,4252,4716,2662,9261,78371,19260,20735
2016,9,20,40279,16496,50804,41170,99938,2095.67,4799,1026,1029,7269,18134,47759,29496
2016,9,21,10316,86953,54942,2517,352,2095.67,3236,1410,1778,5046,72614,20391,32030
2016,9,22,21042,3219,15108,3704,88832,2095.67,4315,1874,1326,8182,11958,42616,9832
2016,9,23,85966,67782,58643,13347,95051,2095.67,1106,1717,4657,6047,24234,10026,17705
2016,9,24,14430,92471,41420,41666,59130,2095.67,2056,1522,3603,7042,15030,38786,30386
2016,9,25,3348,89542,84248,46026,46012,2095.67,3641,1977,1270,7283,45323,16412,37230
2016,9,26,14989,6430,88130,85998,38830,2095.67,2357,4610,1186,5128,11275,46667,28716
2016,9,27,61866,89684,93190,95469,99552,2095.67,606,2898,1328,9716,48924,11671,9767
2016,9,28,22083,37566,10001,93445,1202,2095.67,1208,2541,3105,8686,18538,33286,5324
2016,9,29,93054,92248,19249,30592,23729,2095.67,3610,1196,1558,6799,97414,36110,46876
2016,9,30,46567,48021,55361,62226,82875,2095.67,506,1308,3202,8246,31105,25755,20637
2016,10,1,7314,8297,16382,88004,43187,1414.77,1057,1762,3915,8000,75513,15790,49668
2016,10,2,71612,61108,68701,24763,58522,1414.77,1328,2893,1523,9906,11544,47159,21163
2016,10,3,90155,43429,71714,40404,74534,1414.77,2327,3198,2116,8708,86202,15302,47469
2016,10,4,44728,83612,67089,29995,11612,1414.77,784,4574,3708,6758,24337,28581,42602
2016,10,5,52000,95666,1476,44875,45572,1414.77,2033,2078,2022,6966,92481,15824,23595
2016,10,6,93920,71161,72459,66037,66221,1414.77,2690,1904,2271,9566,57293,15558,8661
2016,10,7,23733,3078,69810,27441,33914,1414.77,2374,2264,1163,7708,47138,13950,44147
2016,10,8,63796,5525,20166,47171,35624,1414.77,686,1798,1334,7784,28282,16378,12647
2016,10,9,52548,25974,93678,94819,7104,1414.77,998,2187,1626,9734,90980,20664,1952
2016,10,10,29009,13355,22930,35172,53556,1414.77,3258,2350,1192,6856,64520,27566,20068
2016,10,11,52422,85951,89814,68932,79838,1414.77,628,3737,1710,5338,43555,33876,18096
2016,10,12,12661,24961,31064,99412,59823,1414.77,678,1526,1618,9357,56706,10618,22044
2016,10,13,45777,76317,22656,37721,16093,1414.77,582,4865,1668,5099,53797,16222,3528
2016,10,14,89548,5459,50757,49968,50798,1414.77,3843,4809,1258,5066,79221,11798,10664
2016,10,15,3303,15650,16982,55053,75007,1414.77,1708,2134,1355,5715,74854,48799,40040
2016,10,16,19244,56494,83666,41425,11593,1414.77,3443,2491,2920,8966,83811,10069,37463
2016,10,17,21216,34007,6232,56840,15266,1414.77,3637,4920,2453,7910,89972,42459,35453
2016,10,18,8362,83033,29594,74718,98749,1414.77,4868,2991,2293,7076,75767,10484,20801
2016,10,19,27348,19212,22730,86621,46115,1414.77,3041,2329,1102,9272,40520,22164,6541
2016,10,20,4725,25511,7085,22178,27481,1414.77,988,1694,1440,6934,26911,45188,13409
2016,10,21,97735,33132,29532,75028,23018,1414.77,538,1486,1734,9345,53336,36976,5300
2016,10,22,25886,66379,70659,82785,85651,1414.77,4948,1530,1688,8384,28904,30521,11179
2016,10,23,91793,76246,32716,88233,53180,1414.77,4773,2265,4109,9304,42292,32126,25979
2016,10,24,50956,38909,98844,91818,58255,1414.77,3794,1994,3557,5804,83275,16862,2180
2016,10,25,76983,54576,10936,30024,32960,1414.77,544,4751,1084,9611,29336,35615,39840
2016,10,26,35590,29110,52881,61051,74766,1414.77,4529,1452,1785,8372,33890,25039,11525
2016,10,27,60552,12685,25531,79110,94841,1414.77,4669,1823,4733,9814,14838,29045,25159
2016,10,28,66796,28743,53797,82881,4706,1414.77,4847,1646,4945,8170,17696,19711,49485
2016,10,29,65605,27226,61785,48742,51950,1414.77,3780,2501,4711,5663,15934,19551,45675
2016,10,30,57174,7632,7727,36907,34588,1414.77,951,1382,4666,6100,19958,25723,25925
2016,10,31,35585,85463,32370,96883,55895,1414.77,2945,2850,3643,9468,86592,45593,16419
2016,11,1,60373,74447,47819,92388,98761,1803.67,4560,1391,1448,5648,40978,17373,17371
2016,11,2,68771,42361,88392,21223,42976,1803.67,3159,4789,1484,6518,11078,12902,14116
2016,11,3,19339,38534,72899,14068,25126,1803.67,2174,1850,1292,9996,94237,24401,34844
2016,11,4,68716,60151,30793,60164,62970,1803.67,2536,3091,1834,5928,69314,12332,38123
2016,11,5,46396,58826,50951,42880,28867,1803.67,2134,3204,2871,5566,78623,14348,17986
2016,11,6,46228,32150,82551,88221,33495,1803.67,2621,3561,3290,9765,78725,16259,43141
2016,11,7,47888,72614,64351,11074,54894,1803.67,2235,1288,3841,9084,60520,16266,1718
2016,11,8,52524,99007,18616,91747,10391,1803.67,1094,2969,1490,8645,61189,45586,13591
2016,11,9,31786,90163,14149,1428,49928,1803.67,2686,2814,1838,8388,17784,12366,42874
2016,11,10,64758,42475,70725,89951,27013,1803.67,4010,1784,1602,8977,87633,23344,31245
2016,11,11,92569,60080,46314,54661,15077,1803.67,502,3213,4016,8798,64640,13943,23855
2016,11,12,73620,98679,78110,71811,13420,1803.67,4894,3176,4471,5618,84478,22835,36998
2016,11,13,43216,28489,68723,6170,7467,1803.67,4514,1386,2787,8746,71046,14215,22708
2016,11,14,66035,21293,27430,96403,2040,1803.67,1698,2010,3452,9624,63820,36871,8422
2016,11,15,58157,5067,31400,3981,17038,1803.67,1815,1604,1446,7590,82773,18184,15878
2016,11,16,34598,62288,923,83737,4468,1803.67,4304,1853,4612,8085,83255,28003,21969
2016,11,17,16507,59954,20015,39959,31114,1803.67,3181,4269,1042,7526,93249,22290,33835
2016,11,18,56811,86418,98895,33881,48308,1803.67,3416,4256,1258,9338,99345,31126,48020
2016,11,19,91307,63650,84332,17271,71735,1803.67,558,4592,3892,5288,44551,41357,33939
2016,11,20,65475,54085,80627,70728,95018,1803.67,4369,3179,2997,9240,16542,15322,40229
2016,11,21,22636,20476,56913,99295,56166,1803.67,1772,2471,1258,8894,81093,24344,22610
2016,11,22,65042,26368,28938,25286,8008,1803.67,1642,3482,3924,7252,60561,10596,39841
2016,11,23,20202,86284,39825,29551,10899,1803.67,2206,4885,3710,7670,65531,34875,41884
2016,11,24,33081,62304,98699,85691,59759,1803.67,1387,1152,1159,5324,66437,14167,29793
2016,11,25,61517,99433,4002,21793,29406,1803.67,2086,1926,2197,6910,95508,44448,30915
2016,11,26,75147,82715,60686,53857,43185,1803.67,742,2616,4872,7574,94659,30983,26218
2016,11,27,83575,21047,22136,6087,76371,1803.67,1605,2886,1426,9846,59678,15734,4925
2016,11,28,21521,53117,32424,5071,86380,1803.67,4518,1525,1300,6806,31733,20182,27932
2016,11,29,2773,36818,79151,23998,40601,1803.67,4980,4174,4855,7115,46612,37577,23810
2016,11,30,48392,83218,41816,69101,40176,1803.67,565,3048,1934,7989,83118,14692,17847
2016,12,1,82637,35219,22919,59192,66953,3094.19,3316,3769,3602,9282,44369,28764,9453
2016,12,2,7294,84897,73620,50761,31509,3094.19,4151,1078,4364,8251,71253,37210,27550
2016,12,3,3818,49302,24526,88159,32420,3094.19,4078,1407,2085,6996,13912,34037,31867
2016,12,4,32801,1620,4159,21404,3933,3094.19,698,2577,4776,9462,94689,31284,48529
2016,12,5,84040,93841,28715,3405,78445,3094.19,1966,3613,1252,5994,86771,14393,49969
2016,12,6,79711,87202,62153,96796,10551,3094.19,2184,3350,2074,5398,81105,41006,35456
2016,12,7,66223,97625,34936,15999,87764,3094.19,3635,1802,4817,9426,91558,18261,29625
2016,12,8,58670,48526,33227,40644,30017,3094.19,726,4726,3550,7090,22873,34100,36350
2016,12,9,18997,36410,77452,6071,54105,3094.19,3429,1334,1181,9442,52677,10296,8557
2016,12,10,94342,66313,48451,34159,25014,3094.19,3771,3683,4886,8349,24326,34902,40010
2016,12,11,54699,95715,60982,78249,29255,3094.19,2349,4602,1616,6152,70673,40720,1726
2016,12,12,81061,455,27399,37242,65171,3094.19,3889,1736,2739,8692,26373,37753,30076
2016,12,13,35054,95145,87789,39940,29846,3094.19,1193,4543,4180,8726,62792,19786,12115
2016,12,14,52382,91494,34390,5350,97646,3094.19,1069,3705,1868,9819,32299,13590,21415
2016,12,15,19896,62541,79255,82635,41233,3094.19,1739,1285,2124,9064,32576,13321,5628
2016,12,16,2994,23771,47866,27174,92297,3094.19,3312,1029,3502,7701,66378,16147,10658
2016,12,17,85468,78800,11205,23688,18620,3094.19,2077,4866,2396,5376,53852,13628,43504
2016,12,18,44664,40593,39915,78140,15120,3094.19,1460,3113,2612,9325,61638,19666,38843
2016,12,19,16335,74951,82291,34837,39004,3094.19,2335,4470,3820,8540,48157,28791,48670
2016,12,20,38396,91588,50010,60792,14271,3094.19,772,3933,4454,7038,53424,25925,3863
2016,12,21,85881,94886,10391,98494,563,3094.19,4754,1897,1979,8396,68085,18750,22030
2016,12,22,83418,51774,26806,27239,46666,3094.19,1029,1412,2902,6039,62204,47172,41316
2016,12,23,76254,19329,72459,37060,16367,3094.19,2984,2246,2119,6760,17091,37682,25883
2016,12,24,11757,53198,70932,75088,71595,3094.19,2422,1334,1588,8466,98601,15254,39017
2016,12,25,95544,4632,55220,94798,77023,3094.19,3321,4627,3103,6302,13382,19469,33776
2016,12,26,23015,36023,88068,76486,75750,3094.19,4167,2505,4708,5098,62593,46302,5160
2016,12,27,40468,40016,17667,47609,60596,3094.19,1415,2490,2250,6634,83639,30624,16268
2016,12,28,90410,91962,252,43513,89093,3094.19,4333,3458,4312,7400,19806,35061,6938
2016,12,29,38912,19112,38920,13621,20563,3094.19,1274,2381,2879,7890,24989,34827,1513
2016,12,30,10209,42757,23670,47459,99391,3094.19,3083,1151,4270,8334,66015,38362,7310
2016,12,31,1625,95349,33174,77289,29102,3094.19,2349,3012,3580,5102,97984,44142,38118
2017,1,1,74260,87876,43365,84552,12866,2230.06,4759,1252,3212,8570,71364,25521,28192
2017,1,2,36654,77516,41144,31340,43532,2230.06,4315,1918,4031,6603,84332,17148,45859
2017,1,3,55306,68698,7081,22926,66682,2230.06,2058,2292,1830,5422,41844,18315,17576
2017,1,4,29966,52956,90290,48178,11526,2230.06,966,4530,4168,9622,12222,49051,11654
2017,1,5,77053,61538,54284,56084,4494,2230.06,4583,4798,3664,6664,99075,13406,4968
2017,1,6,14240,91134,63991,19690,42908,2230.06,4357,4224,1206,9302,53754,36667,22187
2017,1,7,6300,43806,67551,61820,75000,2230.06,2223,3404,2661,7858,24487,28506,29773
2017,1,8,2826,30424,54657,42843,27088,2230.06,4540,1326,4865,9882,77367,16530,3733
2017,1,9,52070,31725,93350,43564,76371,2230.06,1582,4021,2260,8274,77193,48612,47104
2017,1,10,10257,54417,67017,67919,2275,2230.06,2776,1451,1926,7433,64293,15365,41504
2017,1,11,71166,30186,23044,32383,60069,2230.06,1507,3489,2135,6209,72052,24858,1678
2017,1,12,9665,18635,40232,16926,49120,2230.06,537,4375,1840,8905,43645,40466,17425
2017,1,13,90409,6423,11919,28688,23856,2230.06,818,1372,2749,6906,43754,32817,42564
2017,1,14,33860,96615,11307,82347,42824,2230.06,3556,3839,3344,7586,85764,17463,49711
2017,1,15,81213,17654,43192,69406,16559,2230.06,4871,3319,3258,8141,68358,33465,36837
2017,1,16,80706,95115,44838,19807,28563,2230.06,3975,3773,1558,9302,77472,44381,4945
2017,1,17,46344,1029,13221,64688,64817,2230.06,3503,1029,4342,6806,31786,32253,15338
2017,1,18,78531,91658,21925,88142,96152,2230.06,1606,3208,1748,5602,13014,30311,6635
2017,1,19,87741,48342,25437,5651,78623,2230.06,646,4965,3937,9603,12018,35105,2909
2017,1,20,11293,54508,47487,76988,62554,2230.06,4240,1084,2282,7516,45577,49785,29273
2017,1,21,4151,83536,92994,5899,66332,2230.06,2561,1722,1410,7998,76073,15674,22360
2017,1,22,97259,42457,6992,17548,38413,2230.06,2653,1056,1726,9526,59395,12760,29348
2017,1,23,29413,18636,20197,33047,32504,2230.06,2831,1653,4309,5824,58904,31992,15774
2017,1,24,64536,11466,18769,51588,5816,2230.06,3613,4426,1526,9814,36973,16838,11194
2017,1,25,86304,39627,90823,86511,6119,2230.06,4271,1070,1710,9467,84928,17709,1822
2017,1,26,51594,17760,70715,17255,59936,2230.06,598,1654,2436,8742,92409,29603,29619
2017,1,27,11913,26023,99030,81915,82979,2230.06,1680,4281,1268,7502,55792,31747,36004
2017,1,28,47721,21416,33630,49279,90883,2230.06,1987,3827,2668,8116,76081,28955,34910
2017,1,29,83673,41681,69778,57461,26047,2230.06,2063,4310,4560,6093,36224,15590,28539
2017,1,30,72097,42905,73173,64078,40408,2230.06,2177,4479,1731,8662,53757,23965,45317
2017,1,31,47069,37097,32794,16089,91151,2230.06,854,1174,1906,9652,48634,18620,8875
2017,2,1,85698,63616,14273,38143,99841,2777.36,1590,2744,4039,5414,99503,19355,34516
2017,2,2,69198,3984,52439,81356,74093,2777.36,3423,2541,1106,9034,18691,34423,26404
2017,2,3,5909,26218,51330,37082,74852,2777.36,1793,1900,1214,7418,31395,40442,10635
2017,2,4,11934,57986,99539,35973,48654,2777.36,1679,4202,4377,8244,15558,19652,49043
2017,2,5,521,60334,37363,92422,4846,2777.36,3196,1516,3622,9060,47835,39825,22406
2017,2,6,21513,10981,83079,78467,88399,2777.36,3908,1354,3810,8446,52655,15294,14474
2017,2,7,33841,74335,88019,53218,64804,2777.36,4391,1326,3910,6753,74097,35107,3577
2017,2,8,5512,67294,12214,20486,28171,2777.36,1663,1034,2380,9741,44500,25779,26401
2017,2,9,40567,63409,92463,29377,98208,2777.36,3192,2047,1618,7563,13006,19766,11471
2017,2,10,91140,81009,82285,71402,97762,2777.36,1509,4624,1142,5074,40110,18196,6382
2017,2,11,61475,66774,34232,48855,92867,2777.36,985,3432,2140,9800,79160,13408,28732
2017,2,12,11271,78706,88747,63427,66269,2777.36,782,3759,1371,5350,45161,35485,40364
2017,2,13,35404,18023,5110,75430,3097,2777.36,4978,4570,3344,8428,29776,21210,45220
2017,2,14,72941,87115,70995,31433,36915,2777.36,3131,3184,1766,6470,27962,11480,1318
2017,2,15,99946,8350,85240,71318,87372,2777.36,3154,4127,4774,9240,30908,17870,30401
2017,2,16,56188,90887,32441,84532,85096,2777.36,742,4388,1376,6186,11650,10418,28570
2017,2,17,59596,10305,67134,4808,3535,2777.36,1287,3479,4796,7879,91148,14346,11448
2017,2,18,64632,80655,62648,29407,75271,2777.36,2276,1457,4442,6069,32340,19537,43556
2017,2,19,24639,54435,60278,6674,47524,2777.36,622,2118,2754,9107,11926,12640,16099
2017,2,20,20555,44566,32472,40352,78797,2777.36,3871,3428,1262,6518,72834,45896,23621
2017,2,21,20074,86463,43706,20868,48884,2777.36,1757,3521,1832,7034,96546,44355,26047
2017,2,22,49485,22169,17827,42239,31276,2777.36,1230,1830,1348,7414,17076,35818,46105
2017,2,23,27323,72405,29247,64301,15275,2777.36,818,1699,1246,8438,72567,20130,18433
2017,2,24,12653,79325,60004,59486,62711,2777.36,798,2195,1270,8018,70785,26346,6551
2017,2,25,34123,42017,78177,41145,45719,2777.36,3314,4392,1817,5130,53692,14192,3062
2017,2,26,7345,30242,58791,28591,66849,2777.36,646,4500,3385,5076,38985,22448,47710
2017,2,27,47979,25531,34644,43049,13549,2777.36,4394,4023,1254,7854,21519,42218,21781
2017,2,28,83336,64834,47963,75153,53746,2777.36,2243,1089,3248,7386,12072,15096,1656
2017,3,1,21105,10950,64834,12533,49935,1384,510,1816,3276,9910,10740,26408,37282
2017,3,2,5658,85741,56558,85932,23612,1384,4267,4796,3090,8848,58541,31097,15128
2017,3,3,43016,35983,29346,402,58366,1384,3200,1652,1743,6076,24705,38029,10795
2017,3,4,6667,1568,29847,61295,21479,1384,2703,2135,2303,9942,13066,27266,1564
2017,3,5,25740,98686,82063,5182,43106,1384,1278,1120,4289,5624,11522,17654,6956
2017,3,6,92771,41074,79829,64514,60460,1384,3894,3477,1101,8740,44772,27579,4534
2017,3,7,304,98828,71067,53959,25792,1384,2576,2882,4170,5990,73064,17264,1970
2017,3,8,2946,59343,44748,28587,91319,1384,1241,4088,1750,9714,64953,31856,13973
2017,3,9,96955,83849,65335,19408,48941,1384,3338,1202,1170,8818,35906,17366,10107
2017,3,10,51242,83484,18959,66764,29474,1384,790,3771,2717,6489,77357,25387,8375
2017,3,11,50462,89951,75829,71859,82372,1384,3715,1366,1972,5401,31437,12558,40782
2017,3,12,61860,94777,71871,87145,45533,1384,4572,1773,2611,9882,63536,13778,7777
2017,3,13,98258,5279,18561,82327,91768,1384,2713,2228,2220,9893,30439,34591,45918
2017,3,14,90676,84155,96622,48009,35908,1384,4282,2766,4187,5018,10166,34719,28060
2017,3,15,66634,55835,97846,74245,45717,1384,4033,1330,3012,5196,59003,24779,27734
2017,3,16,58512,33070,17009,60732,82963,1384,1674,4989,2953,9306,37998,33860,47448
2017,3,17,19060,92281,97979,58247,51138,1384,2965,2770,1334,7162,92014,17142,49241
2017,3,18,34897,52401,93821,17909,14994,1384,2687,4856,1794,6047,66939,18855,2824
2017,3,19,89847,44967,58845,54152,19615,1384,4363,3673,1827,9394,13271,22964,13195
2017,3,20,51582,72589,90735,23008,29752,1384,1502,4647,1500,5302,82555,32846,49101
2017,3,21,3146,91595,72703,5391,33995,1384,597,3840,1930,5793,94344,36926,5995
2017,3,22,78989,48708,91952,816,1050,1384,3779,3982,4162,6990,91990,23913,21575
2017,3,23,79966,64845,88561,47819,15167,1384,664,4663,1686,9718,40053,29408,37468
2017,3,24,75713,47003,69601,93025,12797,1384,1302,1784,2652,9220,17912,30053,13945
2017,3,25,76180,82731,15388,70343,79948,1384,607,4912,3573,9168,15470,14986,23730
2017,3,26,2988,54747,54756,14754,74466,1384,4161,1529,3163,7926,75906,20959,44809
2017,3,27,94059,38561,62744,23063,93167,1384,4467,4345,2128,9720,56039,17075,38047
2017,3,28,8585,66648,26988,97159,82168,1384,2249,1506,1642,8046,16260,30281,1071
2017,3,29,83166,76774,63164,41329,6888,1384,2287,2298,2629,5558,56712,37147,39070
2017,3,30,95781,26181,56494,82909,27388,1384,4983,2323,1883,6970,65833,44050,28885
2017,3,31,44393,99436,95558,50210,71440,1384,1842,1922,4942,7670,12284,11830,28170
2017,4,1,40924,45481,59409,48658,2193,2180.87,4437,4724,4400,7345,88463,48285,46556
2017,4,2,93681,40788,60169,87004,6621,2180.87,1395,1055,2480,6446,93847,10649,20572
2017,4,3,44800,64804,15592,71157,93441,2180.87,1583,1440,4253,9402,99373,41446,43774
2017,4,4,58899,60163,52523,78300,3861,2180.87,2936,2540,1773,9456,84543,19010,40987
2017,4,5,90028,15940,27154,72508,13896,2180.87,4508,1782,2155,5100,46203,11947,37353
2017,4,6,58874,99139,62664,48128,27834,2180.87,925,1731,4902,8447,81382,17534,28389
2017,4,7,49434,24319,56304,31207,60128,2180.87,2304,1506,4489,9457,39014,13570,7199
2017,4,8,16810,38523,94784,35317,69975,2180.87,3616,3848,1476,6279,93327,34309,7339
2017,4,9,21020,49253,87394,75922,57700,2180.87,4684,2133,4446,7339,54691,19573,18776
2017,4,10,80890,23348,52432,70380,2805,2180.87,998,1940,2672,9808,87634,32646,7798
2017,4,11,42239,51251,77847,15067,77530,2180.87,728,4900,1730,6252,90821,44477,21174
2017,4,12,88249,41858,17963,97695,49197,2180.87,3619,1526,2353,6051,15190,31509,39006
2017,4,13,43849,90582,83828,6521,91833,2180.87,519,4070,2711,6740,65489,16592,21462
2017,4,14,4540,81218,31493,41317,84339,2180.87,2145,2586,4171,6459,86633,29719,22314
2017,4,15,75466,86605,76158,4171,39008,2180.87,679,4208,4907,9506,22080,41740,42975
2017,4,16,7320,77600,42163,30031,10966,2180.87,2974,1856,3868,8942,89524,39558,7652
2017,4,17,33133,41671,78498,13656,44482,2180.87,3374,4946,3086,9532,40468,14198,15131
2017,4,18,28859,76149,22655,28767,12007,2180.87,506,1366,2334,9020,65708,49651,44735
2017,4,19,86673,28684,81508,91893,39502,2180.87,1451,2633,4053,9948,86288,23535,21032
2017,4,20,41431,46016,9834,25869,81900,2180.87,2962,1524,2802,5616,39523,21160,1242
2017,4,21,16704,76382,6839,39038,55403,2180.87,3688,3426,3934,6547,50318,23435,38900
2017,4,22,73931,31770,62422,19337,8070,2180.87,2871,1712,1076,9056,91720,18664,15062
2017,4,23,69359,41035,20086,28513,13004,2180.87,1025,4706,3694,5736,68743,24096,25961
2017,4,24,11763,73784,98875,62049,60331,2180.87,978,1234,2314,8524,69948,21735,49193
2017,4,25,79319,62820,87588,6748,98229,2180.87,1074,3938,1693,5032,12451,49696,45660
2017,4,26,28473,28477,95755,13519,67692,2180.87,2614,1622,4632,5690,57854,31314,30850
2017,4,27,2033,9691,81928,15699,23948,2180.87,2434,3266,1047,5522,26365,29275,1876
2017,4,28,37033,42440,13214,73726,94952,2180.87,4774,4775,1844,5528,53293,18174,42017
2017,4,29,16379,7260,50343,87363,60100,2180.87,3677,3483,4239,6956,10534,16382,8197
2017,4,30,68832,47969,77805,16231,5694,2180.87,505,2725,2961,5071,32802,15834,4170
2017,5,1,88929,14040,3933,40810,67333,2205.74,3539,1896,1366,7278,67394,49710,8469
2017,5,2,95931,45878,83950,29239,56412,2205.74,4422,1472,1292,5286,26424,13638,8489
2017,5,3,92511,85502,19776,67582,34657,2205.74,1020,3584,3078,9914,80745,41762,44040
2017,5,4,79773,54285,82706,21287,31539,2205.74,997,3820,2328,5222,73059,35092,16452
2017,5,5,29787,87482,22176,66080,34486,2205.74,4245,1995,1842,9020,94576,35109,48601
2017,5,6,53060,95598,25047,77490,16902,2205.74,4251,3026,1366,8308,34312,15942,5792
2017,5,7,34760,21662,51787,63440,92961,2205.74,4883,2746,1270,7059,10364,29516,41198
2017,5,8,52012,44423,6512,18817,3443,2205.74,3926,2853,4389,8972,66694,46290,17441
2017,5,9,51116,35946,75669,27544,20606,2205.74,509,1716,1642,7306,51508,24602,9982
2017,5,10,44846,32744,63702,89877,19803,2205.74,4392,3165,3301,9050,13974,33095,18879
2017,5,11,9696,27261,22302,39085,72585,2205.74,1727,3699,1293,7395,51243,28250,38996
2017,5,12,3729,3105,49968,35372,6753,2205.74,1325,1598,1150,9206,57826,36725,17828
2017,5,13,8906,43571,74891,38559,35826,2205.74,3005,1873,1966,6658,17309,14420,48225
2017,5,14,15655,35389,38121,56948,12785,2205.74,818,2864,3819,6094,68235,31924,5716
2017,5,15,19344,60914,83523,69915,940,2205.74,2991,1196,1270,7881,81106,37095,7701
2017,5,16,62459,69113,15321,87943,95771,2205.74,2363,2776,3018,6835,17350,47154,32631
2017,5,17,78903,52626,30020,87722,70494,2205.74,4645,4837,1048,9519,76103,26459,48255
2017,5,18,77220,49095,19008,94842,13328,2205.74,1937,1580,1166,7257,80080,47700,1990
2017,5,19,96240,98796,41830,64259,55631,2205.74,1412,4532,1068,7783,38605,16023,42905
2017,5,20,22391,74604,72213,97910,10475,2205.74,720,4046,1958,9728,98887,43440,14668
2017,5,21,26195,47177,35579,28125,10787,2205.74,2176,2025,4453,8020,87635,36435,15659
2017,5,22,43263,65401,37320,55144,73184,2205.74,2518,1156,3231,9730,19680,43706,42277
2017,5,23,90750,556,14105,20863,26636,2205.74,655,4181,2872,6233,13657,14662,29344
2017,5,24,31892,55835,27036,62697,56192,2205.74,4131,4453,2775,6450,54597,35958,31024
2017,5,25,95079,8468,97885,78311,18199,2205.74,3368,1226,4626,9918,46162,10166,7720
2017,5,26,31816,26818,36796,24688,43051,2205.74,4697,1293,2639,8085,53989,28830,1846
2017,5,27,19109,3121,94637,31884,5923,2205.74,4193,2352,4052,8429,95662,17214,15586
2017,5,28,56149,84031,33903,97128,2855,2205.74,4741,1022,4585,6174,92061,48987,46417
2017,5,29,51990,36760,90281,74629,41197,2205.74,4811,1246,1638,8904,17088,36015,10622
2017,5,30,30033,59085,19720,4085,7515,2205.74,2687,1526,1538,5892,77141,18619,15383
2017,5,31,59358,41883,69642,98943,43420,2205.74,2929,1760,1165,9132,10994,22361,28055
2017,6,1,72553,32666,45276,53352,57557,2172.73,4735,1641,2361,7648,24155,49095,47643
2017,6,2,32859,4170,14861,12152,97664,2172.73,1508,4545,1658,6802,82964,13878,49832
2017,6,3,1084,11078,45045,5645,13819,2172.73,2178,1370,1423,8805,39721,40331,17406
2017,6,4,96448,39457,56973,80162,59628,2172.73,4256,3838,3001,7638,20989,15664,47480
2017,6,5,60300,8851,55210,12476,12005,2172.73,1354,3088,1216,7750,35084,29421,4527
2017,6,6,5156,38616,82144,87931,87421,2172.73,3262,1830,2672,6374,80381,14634,21865
2017,6,7,99067,75990,78842,17068,2811,2172.73,2731,4461,1385,8594,91937,13586,16184
2017,6,8,58819,18292,82830,24422,6042,2172.73,806,2548,2881,9378,31831,26653,34267
2017,6,9,40554,60094,76874,34578,61680,2172.73,4581,2097,4596,6854,94164,19318,23607
2017,6,10,99606,43248,48220,57343,63893,2172.73,732,2710,4799,9913,63484,47192,40157
2017,6,11,44180,31,24742,33413,2369,2172.73,598,2921,3017,6939,93851,44696,6573
2017,6,12,60547,98433,88147,26495,81855,2172.73,514,2812,3262,6952,55154,22154,48663
2017,6,13,99981,82239,44865,74780,8505,2172.73,1972,4035,4731,6140,19654,43451,24701
2017,6,14,69638,12515,86373,19007,15806,2172.73,502,2703,1078,8200,35549,26862,46576
2017,6,15,16864,47154,91027,75126,90626,2172.73,3631,1957,1123,9704,81736,19627,12533
2017,6,16,99549,53709,38663,40632,66774,2172.73,4082,2762,4976,6806,71768,17142,7463
2017,6,17,83383,1824,11190,78390,36376,2172.73,1603,3238,1006,5268,44715,17221,13092
2017,6,18,25163,58347,24179,2638,49547,2172.73,2264,4094,1960,7478,12164,42749,5916
2017,6,19,68390,90160,11864,54718,76966,2172.73,3203,1699,1807,6030,55089,18166,33633
2017,6,20,63837,43045,24126,74081,5675,2172.73,1302,2188,3539,7358,49825,43085,18841
2017,6,21,37748,38442,58532,13724,65720,2172.73,2824,1870,1119,9384,21530,48084,14609
2017,6,22,84672,94734,41137,2831,11831,2172.73,2365,1342,1252,5990,66099,11295,46226
2017,6,23,66683,57402,24836,26574,89234,2172.73,1010,3333,4453,9092,73408,45173,41013
2017,6,24,75502,46233,45634,46621,47272,2172.73,1057,1943,3249,8802,51125,40079,17164
2017,6,25,64771,8491,82099,20392,6333,2172.73,3039,4367,1206,9226,15940,11183,48198
2017,6,26,30240,68304,70869,76045,79197,2172.73,1217,4698,1026,6416,17670,16558,44277
2017,6,27,16719,28728,86076,11320,80921,2172.73,1399,2042,3395,9849,82434,17414,3553
2017,6,28,48047,96826,90447,69997,36052,2172.73,1179,1290,1042,8400,42335,20238,22740
2017,6,29,12677,29905,24937,19538,79460,2172.73,3669,2530,2686,6096,23849,34959,42608
2017,6,30,29649,41601,47002,24396,41450,2172.73,960,4495,2612,5921,59491,28664,45788
2017,7,1,57024,61307,29703,25424,3642,2494.52,4451,4898,1229,7986,45709,12662,49942
2017,7,2,64010,58240,87876,56458,98442,2494.52,1106,1622,4835,6853,97843,31975,22835
2017,7,3,52329,3691,24588,68251,79535,2494.52,3262,1557,1830,9317,78332,34551,3252
2017,7,4,85611,49136,50802,26840,39477,2494.52,3380,3485,1102,5050,59943,19543,46512
2017,7,5,20442,62402,9586,56629,89255,2494.52,3603,2935,2470,6392,42537,14018,23781
2017,7,6,82795,65800,59914,63705,51469,2494.52,4608,2078,2381,7074,80270,43209,38246
2017,7,7,28273,23651,46695,99376,54906,2494.52,550,1414,1742,9726,31974,40997,22990
2017,7,8,34988,86931,65285,62459,50122,2494.52,814,4267,4972,5728,29324,41441,7822
2017,7,9,326,93933,94872,4059,25694,2494.52,2267,1302,3791,5174,86045,20048,25142
2017,7,10,33304,71316,61747,35047,82524,2494.52,2395,3862,2003,7679,96320,13476,10074
2017,7,11,31853,98488,12744,21825,60568,2494.52,4617,1794,2351,8988,81303,44397,8420
2017,7,12,49631,28571,81068,64775,55237,2494.52,4822,3540,4779,5852,39938,14646,17113
2017,7,13,22995,82334,87518,36350,6365,2494.52,1177,3216,3676,8920,76392,18496,1590
2017,7,14,3693,56011,36489,56044,46852,2494.52,1792,1481,2713,7859,77607,17950,17792
2017,7,15,31324,28783,22843,86104,41704,2494.52,1109,1049,1465,7262,33750,17829,12781
2017,7,16,43817,49928,22398,58845,95200,2494.52,3088,3891,1151,7494,71287,18002,48790
2017,7,17,5072,38080,30837,84137,2292,2494.52,2086,3614,3577,5150,36069,11632,24796
2017,7,18,4061,92180,9034,81878,35806,2494.52,4706,1956,2710,8455,54818,17078,42784
2017,7,19,3598,89259,3154,74749,60187,2494.52,4103,1058,3872,6291,49393,31163,24441
2017,7,20,97439,67833,64778,51017,25465,2494.52,4000,4525,4378,8034,11402,11535,17200
2017,7,21,30818,77462,57510,39881,82269,2494.52,4142,1740,2937,7304,76966,28123,28680
2017,7,22,38089,2422,59733,66961,75065,2494.52,4475,2502,4661,5604,23518,35126,25478
2017,7,23,12804,2520,81004,38534,6906,2494.52,1421,2722,2570,9334,93954,34839,8758
2017,7,24,18962,38097,70705,36899,1745,2494.52,1373,1184,1443,7457,39496,15728,14023
2017,7,25,32935,53972,30363,58949,49576,2494.52,4074,2379,2751,5746,17264,29656,20233
2017,7,26,187,33686,33732,2758,23968,2494.52,3948,4280,2134,8102,96178,33878,27686
2017,7,27,55028,43904,56415,37823,51361,2494.52,682,4295,4881,6044,59595,49456,45911
2017,7,28,12629,53670,78188,85381,61451,2494.52,1388,1636,1986,5914,80745,35809,11805
2017,7,29,75510,84694,61442,57644,75699,2494.52,2873,2077,2875,8584,10078,19236,7621
2017,7,30,26550,13286,69884,76431,39330,2494.52,2238,1958,4499,6778,53690,10949,29479
2017,7,31,98583,51431,22586,60424,99255,2494.52,2584,4763,1466,8062,48758,46426,19684
2017,8,1,22984,59856,15874,53623,61108,3161.23,714,4392,1344,6601,30074,13302,35110
2017,8,2,65192,98385,16674,51970,68427,3161.23,1903,1208,1560,7327,51814,36243,27623
2017,8,3,89912,26578,56972,13938,91688,3161.23,3287,4670,1924,8332,68292,23416,19751
2017,8,4,45623,48464,14162,16968,21417,3161.23,4141,1608,1322,6590,54929,43749,10588
2017,8,5,44790,21834,96310,77702,49161,3161.23,3944,1722,1053,7268,85713,32741,48125
2017,8,6,73371,14001,97412,35680,74514,3161.23,4096,1158,1048,9609,53455,15558,32057
2017,8,7,50197,87597,54897,25520,54764,3161.23,620,4553,3010,7746,77254,13522,26178
2017,8,8,46406,7552,85299,37460,11172,3161.23,1552,1796,1334,7936,36572,19060,21012
2017,8,9,16020,12021,96014,62892,1630,3161.23,1179,3177,2064,9738,93696,16370,49469
2017,8,10,28605,95669,24086,76616,77599,3161.23,1489,1450,2006,7178,94166,11090,1340
2017,8,11,62799,30719,53659,64163,81035,3161.23,774,3405,4955,6052,76296,11778,6584
2017,8,12,85521,7476,21115,38937,9903,3161.23,3468,4859,1831,7553,31474,20781,31164
2017,8,13,5246,54316,61138,30488,46104,3161.23,4605,1042,1022,9615,89415,33408,5304
2017,8,14,92551,45807,96814,27507,81859,3161.23,1795,3730,1937,8532,39019,23192,23111
2017,8,15,65425,2488,78052,92257,6394,3161.23,4389,1638,1606,8566,58477,42647,25878
2017,8,16,62183,58083,67902,64557,27699,3161.23,2964,1600,4475,9564,64106,17685,23669
2017,8,17,17888,77254,1417,31178,11516,3161.23,4369,3291,1262,9710,85547,32019,6788
2017,8,18,74650,31290,10010,54842,21816,3161.23,2489,1426,2921,6998,64905,36971,18488
2017,8,19,55411,29222,23573,74886,74000,3161.23,2571,3238,1284,5574,39415,18312,4031
2017,8,20,83479,10137,2443,59105,58909,3161.23,2476,3557,1272,7485,19034,14902,4343
2017,8,21,52325,18593,74149,95247,335,3161.23,3569,2096,4627,8594,46982,17262,39054
2017,8,22,26173,55906,83217,23809,82597,3161.23,2959,1074,4120,5401,25178,24381,38985
2017,8,23,39744,99007,57939,91727,66493,3161.23,4173,1414,2633,9673,46766,14319,29042
2017,8,24,95079,45337,86417,79706,83830,3161.23,4683,1353,1320,7900,50161,38251,49751
2017,8,25,93237,99473,70678,58709,51227,3161.23,3089,2321,4862,7380,99048,27706,45856
2017,8,26,36422,64574,29227,50408,4247,3161.23,4726,4324,2681,9206,79030,21510,25994
2017,8,27,17245,33714,47865,22900,87966,3161.23,2502,1201,3850,8179,39910,15076,14378
2017,8,28,10388,39352,72398,21602,96732,3161.23,659,3153,1018,9966,83560,40264,21446
2017,8,29,37231,64639,55942,91264,32134,3161.23,2774,4377,1462,6990,88629,39354,34972
2017,8,30,91368,16132,86908,5218,30664,3161.23,1645,2402,2521,9043,95355,29252,43170
2017,8,31,46841,11015,28758,82860,72252,3161.23,4475,1678,1956,5416,33449,25441,12318
2017,9,1,46224,74819,48129,39566,63448,1557.97,2285,1872,4389,8854,42946,33911,37483
2017,9,2,55501,349,66433,30896,95704,1557.97,2735,3069,4442,6946,11672,12474,45685
2017,9,3,16423,53859,96420,28191,87309,1557.97,4930,4883,1679,9410,89449,26478,21861
2017,9,4,76893,53087,72410,17634,21941,1557.97,1544,2440,2055,8666,24687,27758,15356
2017,9,5,30014,2424,67180,20808,79370,1557.97,550,2143,4062,6094,56686,36370,45205
2017,9,6,91255,47969,2607,4286,87379,1557.97,764,1254,1493,6356,98255,33433,8408
2017,9,7,84882,16153,77227,16937,481,1557.97,1047,1845,1386,8226,84004,16410,1914
2017,9,8,23431,40628,28554,88846,93670,1557.97,1567,4923,4559,8356,89209,36937,1592
2017,9,9,52581,86326,17560,14074,39499,1557.97,3859,1472,4671,8750,57668,15151,32168
2017,9,10,9351,18716,28350,30040,63294,1557.97,1449,3076,4332,5446,91921,13001,12354
2017,9,11,92947,33489,64278,42506,94015,1557.97,795,2946,1163,6718,93372,12013,3487
2017,9,12,61874,7232,52746,26545,14669,1557.97,3048,4018,1950,6397,54057,17556,10414
2017,9,13,65103,16859,11850,34436,8214,1557.97,3788,1159,4963,8065,60016,13977,20123
2017,9,14,47904,55812,26924,4067,69167,1557.97,1080,2391,3878,8825,73936,17102,20296
2017,9,15,95591,81985,98918,41071,34734,1557.97,1195,4835,1185,8804,50622,44398,2975
2017,9,16,14520,64412,11910,835,58829,1557.97,4811,1732,2737,8087,10798,13255,21926
2017,9,17,44735,43231,60647,4966,12056,1557.97,3511,3997,2918,8780,65067,17651,34583
2017,9,18,48108,47616,83840,34293,58365,1557.97,3690,2883,1576,9734,90070,40405,1638
2017,9,19,12525,54882,97138,56614,79321,1557.97,4868,1658,2518,8390,45372,45925,24288
2017,9,20,81450,25236,19924,14369,4017,1557.97,3371,2123,3957,8870,86415,14652,1343
2017,9,21,49377,31458,96558,80953,72057,1557.97,1357,1874,2860,9702,57546,14162,2980
2017,9,22,9135,27415,10293,93005,74282,1557.97,3929,2083,2251,5204,86451,10206,5665
2017,9,23,26548,1175,69743,91857,99738,1557.97,530,4113,3966,8439,30065,42374,22510
2017,9,24,31419,1424,9660,5631,2622,1557.97,4163,3107,1952,5807,37463,35253,17206
2017,9,25,41472,26394,57337,38724,67950,1557.97,1342,4496,2665,9778,10850,27402,10140
2017,9,26,31299,18236,26516,51618,63027,1557.97,3991,4444,4356,7310,10742,43329,6582
2017,9,27,37208,75591,21438,48180,61398,1557.97,4784,4221,1645,6954,74296,19595,8901
2017,9,28,99964,46991,80444,77629,89428,1557.97,646,2078,2735,6214,88695,30761,49501
2017,9,29,54480,32687,91558,28836,2690,1557.97,2165,4896,3574,9954,88075,44971,41633
2017,9,30,18855,54212,80545,36853,77684,1557.97,1447,2646,1831,6494,55275,15230,4841
2017,10,1,10307,44689,36831,8205,33384,1420.58,2684,2422,1012,7871,85111,33485,33945
2017,10,2,30037,41360,33412,89991,45788,1420.58,818,4998,1146,8226,77682,46472,44736
2017,10,3,84849,71681,64656,4443,43308,1420.58,2185,4965,3306,6038,78170,33041,22266
2017,10,4,10665,40855,81816,52518,48726,1420.58,2355,1974,4638,5766,11718,20425,33279
2017,10,5,30502,26654,70424,5782,5055,1420.58,3605,1254,2490,6530,10697,45797,14458
2017,10,6,21878,34235,65764,71536,94603,1420.58,4577,1094,1139,5498,74136,16216,43934
2017,10,7,36024,76492,77683,60662,12258,1420.58,1086,2759,3496,7861,64892,43551,45492
2017,10,8,98672,49850,49806,51162,83110,1420.58,1958,4986,1089,9073,92874,11392,26855
2017,10,9,89359,47452,27311,6850,196,1420.58,4418,2570,4289,7100,13231,13102,1447
2017,10,10,62592,60670,65658,1089,94884,1420.58,991,3554,1750,7148,44715,29859,46902
2017,10,11,4004,8026,1199,15093,37100,1420.58,2135,2809,2875,6446,49659,24422,44073
2017,10,12,98596,39078,26994,92885,6178,1420.58,4431,1038,2246,5790,10274,12129,40225
2017,10,13,28343,79905,5684,25093,7053,1420.58,1304,2407,1127,8854,42499,44578,16751
2017,10,14,32927,95988,87389,7154,76785,1420.58,1575,1550,1124,9850,68264,48653,37048
2017,10,15,81498,84048,127,98744,81841,1420.58,872,1526,2591,5824,51626,12002,2688
2017,10,16,16010,89283,33404,7137,28137,1420.58,3067,2414,1890,5455,84567,15026,25904
2017,10,17,92503,82496,40407,84979,7416,1420.58,4983,3912,1718,7670,87655,14534,25024
2017,10,18,2798,14880,33797,1742,64139,1420.58,2737,1246,4705,7492,14574,11398,35424
2017,10,19,49748,71704,80257,37990,27159,1420.58,3016,1012,3671,9774,37342,21086,31177
2017,10,20,84798,37326,76352,10221,37436,1420.58,3834,1585,1974,7631,58326,18762,30359
2017,10,21,69407,82416,55877,44112,39908,1420.58,3305,1007,1215,9914,43996,16756,9513
2017,10,22,41091,47013,10738,21114,23140,1420.58,3551,2936,1646,9814,34508,22840,48080
2017,10,23,65262,84696,79426,76852,52327,1420.58,2579,1732,2870,8455,82195,18268,4104
2017,10,24,67968,45502,15137,15535,21768,1420.58,528,4209,2497,8038,10614,45636,9134
2017,10,25,65428,25226,69926,50833,10129,1420.58,534,1741,4128,5801,84944,15622,4434
2017,10,26,56257,37524,79539,9127,62332,1420.58,3255,1650,3587,6794,62185,11706,28087
2017,10,27,8878,52445,40916,31375,69794,1420.58,2011,1830,2814,6586,19302,18598,7590
2017,10,28,67722,92429,17388,73203,94582,1420.58,1008,1684,1207,6899,59963,34890,2332
2017,10,29,4986,78220,81541,44925,27964,1420.58,2982,1840,2522,7804,68214,48667,43726
2017,10,30,37839,61578,33888,20653,24866,1420.58,1299,3939,1302,7382,98493,39654,36293
2017,10,31,66019,45854,6844,38578,89105,1420.58,3467,1794,1378,5007,71717,39341,16808
2017,11,1,94700,26182,43960,74949,10748,2012.33,2786,3677,2865,9791,29894,29157,42627
2017,11,2,96091,38834,90583,76129,53679,2012.33,2146,4532,3431,7075,88636,20238,46589
2017,11,3,70543,15431,97969,41903,87148,2012.33,3339,1847,4842,7298,73147,13894,37310
2017,11,4,76277,85935,45620,69142,52078,2012.33,3299,4519,1408,5233,40647,34377,25514
2017,11,5,51822,99147,262,5253,96222,2012.33,1843,3116,1370,9811,25018,15664,5251
2017,11,6,43474,98358,6027,89668,32008,2012.33,1609,3283,1460,8580,77424,33537,29175
2017,11,7,447,92076,98057,47498,97309,2012.33,3226,4129,4201,8488,70734,13846,5056
2017,11,8,70091,12578,49892,90771,52389,2012.33,4949,2213,4618,7878,15118,21625,24910
2017,11,9,16503,64843,29909,97963,73424,2012.33,2851,1838,1530,9066,37718,29420,23685
2017,11,10,17315,85945,78551,71517,50785,2012.33,3291,1758,3213,8182,11644,46953,49285
2017,11,11,79444,42947,59168,69062,80275,2012.33,2038,1776,2242,6606,94738,32017,27401
2017,11,12,76983,42590,22239,9095,4849,2012.33,3515,3514,2253,6844,10030,29389,26309
2017,11,13,99054,64674,50265,77267,69208,2012.33,4219,3650,1206,9738,34063,11910,28261
2017,11,14,77139,41102,14609,35734,94400,2012.33,2750,2734,3287,6341,96828,39487,9347
2017,11,15,82650,35344,28003,61255,85113,2012.33,644,4165,1670,7260,77783,18498,4385
2017,11,16,35521,2004,69621,73080,18094,2012.33,911,1926,4785,5520,30965,11082,3684
2017,11,17,31219,15068,43271,99507,21409,2012.33,700,1670,1794,9699,98016,26907,40100
2017,11,18,4085,5013,77425,55847,62273,2012.33,936,4145,3563,5942,87224,41656,5209
2017,11,19,50120,78136,86889,94905,83656,2012.33,1792,4874,4273,9334,30732,37033,34206
2017,11,20,50163,52430,7444,58309,2130,2012.33,890,2565,1824,8992,78411,10908,21813
2017,11,21,84201,38875,19595,57764,85311,2012.33,771,1746,1305,9012,46685,34961,6819
2017,11,22,3218,29830,16188,68843,39893,2012.33,876,1406,2052,9671,64715,34181,13272
2017,11,23,1484,16283,56747,44661,45275,2012.33,1461,4474,1736,6055,14386,42046,1510
2017,11,24,9226,69362,43828,10531,38374,2012.33,1843,2942,1693,8774,26785,26586,6865
2017,11,25,7654,82662,99345,39707,78685,2012.33,986,1520,1694,6686,41180,41968,14060
2017,11,26,14848,7642,87796,21584,10049,2012.33,4981,4273,2097,7626,29803,31822,7737
2017,11,27,97025,58000,89766,33719,2382,2012.33,1656,1387,1136,6000,82445,44247,16551
2017,11,28,6413,72685,90768,3107,52375,2012.33,1426,2222,2292,5573,88805,32340,48300
2017,11,29,73311,35140,17966,66760,8948,2012.33,3582,1954,2120,8347,56042,24501,14122
2017,11,30,21250,82699,67241,36813,25051,2012.33,2411,1462,3722,9072,34568,41096,49686
2017,12,1,12348,58319,91476,77921,63477,1465.48,1230,3615,3133,7990,23914,22254,40168
2017,12,2,32925,46239,10727,37624,2281,1465.48,3872,1330,3820,8174,26381,18505,35228
2017,12,3,59448,57844,23580,30331,8765,1465.48,3161,2463,4346,7974,15383,19174,14677
2017,12,4,31156,82967,84142,39289,17309,1465.48,2894,1584,1302,8620,16858,39279,8057
2017,12,5,90201,63080,90610,9021,91468,1465.48,3877,2266,1186,7457,97597,16302,16991
2017,12,6,48486,47111,53766,37832,88099,1465.48,3358,4253,3466,7499,74894,17078,35501
2017,12,7,31908,2789,68711,2555,41410,1465.48,1833,2961,2348,8794,56981,43815,22918
2017,12,8,15786,67211,27435,23324,84668,1465.48,4625,3152,2141,9742,87336,26591,25032
2017,12,9,95243,10695,95845,80062,18194,1465.48,2187,1453,4879,7250,69007,47640,20739
2017,12,10,40168,77193,95602,8869,75987,1465.48,4035,3123,1144,6469,31446,20812,18935
2017,12,11,37853,87424,70317,9994,97166,1465.48,1584,2408,3346,8781,72469,11598,7653
2017,12,12,85872,71009,69346,75751,38259,1465.48,4742,4778,3248,5343,19998,40586,4705
2017,12,13,4278,89034,48711,56775,1856,1465.48,2586,4707,1166,8518,66053,47449,46509
2017,12,14,21908,52638,6210,6606,67771,1465.48,849,3642,1039,6214,45744,20649,45031
2017,12,15,82603,85488,31780,30851,20831,1465.48,2789,1460,1632,6499,98234,42666,1778
2017,12,16,49360,92173,98726,49644,56427,1465.48,3445,4685,3768,9654,17643,12374,14779
2017,12,17,64686,59845,55181,47077,71392,1465.48,2725,1410,1412,9505,17548,23594,1862
2017,12,18,67635,5338,81407,8446,41837,1465.48,2463,2547,3164,5092,57191,10943,45993
2017,12,19,47320,20637,71981,81088,6643,1465.48,2626,2679,1650,8326,34755,14282,5976
2017,12,20,55084,18834,23909,57848,34691,1465.48,2794,2324,1793,5552,27122,19954,41457
2017,12,21,91546,10938,28882,96062,93479,1465.48,3356,1606,3060,5337,38237,46054,36073
2017,12,22,67665,20864,33735,33485,91375,1465.48,3399,2809,3674,7308,37009,38364,18490
2017,12,23,85117,34804,57042,48263,46708,1465.48,4595,3252,1750,8476,34314,19754,34164
2017,12,24,901,7671,62082,40313,69360,1465.48,1367,2024,2534,7094,86860,28908,1306
2017,12,25,4943,90261,91718,8618,33921,1465.48,3333,1582,4881,6134,83650,26589,28727
2017,12,26,20890,69599,64842,32343,68075,1465.48,2273,3975,4530,9354,18584,25241,15508
2017,12,27,16025,12007,62266,53559,32108,1465.48,2466,2050,1486,8726,62019,39658,15479
2017,12,28,19263,25353,41399,15497,62080,1465.48,2085,2968,4647,6566,15310,29073,25050
2017,12,29,38787,68936,64401,94669,68290,1465.48,4909,1342,2046,8527,54224,34154,40041
2017,12,30,64006,53044,87557,19744,43580,1465.48,753,4193,1279,7151,94689,13462,15928
2017,12,31,8553,53127,52680,19552,76406,1465.48,4977,1543,3277,9377,42563,37918,17990
2018,1,1,62473,38585,87817,61000,92810,2239.26,886,2204,1766,8862,22135,41805,21971
2018,1,2,3205,1329,99437,86709,12371,2239.26,1612,1002,1826,9382,58253,12344,19148
2018,1,3,46142,6149,59445,41871,48712,2239.26,2640,2536,1904,5456,88535,45108,47364
2018,1,4,53779,29893,7313,96009,7344,2239.26,2813,1106,2128,7212,97256,19006,29448
2018,1,5,72749,8869,41347,94575,56385,2239.26,2094,3877,3452,6538,77100,37164,15953
2018,1,6,73902,4741,14701,26202,20197,2239.26,1309,1334,4479,9958,86334,13656,19588
2018,1,7,24422,90500,83724,71550,94101,2239.26,2399,1849,1199,5098,77775,28936,47332
2018,1,8,21051,94870,97814,59503,71409,2239.26,3018,1661,1005,8150,87862,32553,24914
2018,1,9,13659,75525,22880,79490,70499,2239.26,2664,4919,1064,5488,82821,10165,9214
2018,1,10,50071,46573,93367,72623,51671,2239.26,1558,4072,2363,5723,64927,20123,21142
2018,1,11,56990,44298,31785,52995,38369,2239.26,548,3378,2875,9568,64219,48373,36000
2018,1,12,50346,16885,9645,66410,69624,2239.26,2926,4694,1590,6292,17346,14130,8818
2018,1,13,73787,60227,12486,72502,25950,2239.26,2624,4290,1709,6150,52285,26429,27413
2018,1,14,43112,54186,44808,70987,78965,2239.26,4359,4309,2263,5356,12071,28238,9028
2018,1,15,4174,4998,64285,59564,7643,2239.26,2976,1428,3178,5461,53929,25480,22953
2018,1,16,89226,12906,74771,27287,3666,2239.26,614,3129,3944,9760,34115,42909,43408
2018,1,17,90255,19828,38571,32518,15184,2239.26,2108,4356,1991,5598,78920,29633,16994
2018,1,18,14346,78249,77414,63876,90062,2239.26,4355,1286,1208,7798,22924,30616,47695
2018,1,19,73886,42993,60098,87831,24221,2239.26,2091,4474,4040,8082,63344,45575,44214
2018,1,20,19008,40453,64932,90999,98197,2239.26,1983,2541,3451,6054,76417,28512,10204
2018,1,21,28443,32125,40503,5394,62603,2239.26,2361,2840,2771,9866,57022,13343,13428
2018,1,22,56673,70466,94171,87065,22479,2239.26,2639,2837,4318,7854,65187,12514,7515
2018,1,23,74127,52171,41409,28930,32919,2239.26,3794,2712,1301,8602,83105,45256,17826
2018,1,24,94076,85468,98097,16848,64279,2239.26,790,2302,1935,8730,24366,30765,21471
2018,1,25,48227,73358,38604,78897,87280,2239.26,1411,2757,2313,9171,13384,21583,3791
2018,1,26,83349,80482,99297,49650,94778,2239.26,4905,3853,1154,9353,22052,14850,48754
2018,1,27,97176,18595,2153,55463,9308,2239.26,2580,2533,1227,9534,52782,19859,42871
2018,1,28,11326,60546,13969,99991,9717,2239.26,1574,3064,2488,7222,59065,28618,20656
2018,1,29,35976,70324,33824,36549,79677,2239.26,1398,3204,4469,9903,48666,17654,5876
2018,1,30,62774,1247,74015,95354,8782,2239.26,1564,1459,2341,5532,52801,13409,26797
2018,1,31,82541,90728,6474,16381,27950,2239.26,4998,1138,2213,8821,16825,48242,31891
2018,2,1,34576,41447,25519,70831,90113,2478.64,3604,2711,4660,8957,32844,42808,25647
2018,2,2,76874,69304,30150,22406,38458,2478.64,1297,4184,1383,7678,57134,48274,43559
2018,2,3,82677,53764,488,77851,86941,2478.64,2546,1515,1527,8842,17406,12992,48730
2018,2,4,96416,42303,20704,12428,87612,2478.64,974,4484,1120,5385,12994,44012,19900
2018,2,5,45297,24540,23197,28032,62218,2478.64,1305,1245,1810,6300,39095,37385,46683
2018,2,6,58227,67995,75254,64755,22411,2478.64,2746,1486,2605,9612,47605,30216,33952
2018,2,7,84701,2842,94701,40256,4579,2478.64,619,1226,3832,7642,94258,16934,47942
2018,2,8,86851,86916,62296,37297,96413,2478.64,1033,4639,1482,6286,35745,16304,1391
2018,2,9,66590,29844,59677,9195,44645,2478.64,4410,1402,1474,7542,18502,31053,7282
2018,2,10,64757,52924,13632,3589,43092,2478.64,990,4942,1157,6580,67238,15148,7890
2018,2,11,1028,74624,62209,86765,40911,2478.64,1263,3851,4148,7291,33046,10298,14306
2018,2,12,94574,88809,67194,21048,55624,2478.64,3452,1546,3772,8366,40319,31864,19498
2018,2,13,6326,61310,11807,17483,60947,2478.64,982,3326,1846,7234,81442,27281,45397
2018,2,14,17919,92706,51134,78419,96349,2478.64,3563,1852,1392,6118,28321,11314,1074
2018,2,15,36606,96774,98046,75378,78858,2478.64,3593,1535,1026,5399,19017,43325,4718
2018,2,16,97148,60422,71652,83520,64035,2478.64,800,3304,2150,8285,93074,17006,3094
2018,2,17,95169,76638,65773,861,43746,2478.64,3526,1702,1742,5858,72080,36076,44094
2018,2,18,47642,45674,87612,80020,47426,2478.64,3344,1858,3402,5418,44443,13788,22981
2018,2,19,14441,71597,62093,92943,66234,2478.64,2793,1402,3156,7140,78614,16516,5167
2018,2,20,27659,73493,4957,34877,66417,2478.64,952,1666,1682,9840,26781,19190,43389
2018,2,21,47897,16478,80116,47651,77826,2478.64,1438,3617,2506,7070,12550,28740,40911
2018,2,22,45049,69354,56495,9557,2919,2478.64,2810,1928,4952,9118,81804,15452,1461
2018,2,23,32507,19110,38131,4272,44025,2478.64,3462,3272,2741,9929,55922,25566,31264
2018,2,24,60840,83713,84184,89699,73595,2478.64,3438,3643,2800,5166,28199,14150,2096
2018,2,25,92745,62362,53999,34049,1480,2478.64,1769,1378,1264,6252,70961,15288,2156
2018,2,26,77516,94424,39914,75257,30705,2478.64,2174,1543,1810,7710,81241,19494,12188
2018,2,27,69806,66032,4490,73959,23668,2478.64,1028,1411,2754,5546,50460,29234,49042
2018,2,28,3535,8582,95924,74799,4834,2478.64,1438,3701,2659,6351,90309,16736,16885
2018,3,1,57485,16260,70792,41547,13853,2415.84,1351,1236,2479,6674,19903,42872,6638
2018,3,2,82691,52668,70627,34070,19480,2415.84,3955,3060,2136,8753,49246,29020,49861
2018,3,3,35192,64300,56681,97896,54609,2415.84,2786,3444,4006,9929,86342,27859,31396
2018,3,4,32919,14047,40448,10398,15708,2415.84,4621,3397,4369,8246,48818,48848,26703
2018,3,5,56461,2774,93262,68597,47879,2415.84,2617,4422,3158,5262,97317,44118,8860
2018,3,6,2045,86456,38916,32404,62737,2415.84,1614,1318,4303,7061,22404,21363,25258
2018,3,7,93764,92026,69761,39486,48626,2415.84,3333,1526,4056,7946,73682,15550,34932
2018,3,8,56806,21300,1358,96316,58301,2415.84,878,1697,2833,5701,18210,30569,15027
2018,3,9,87311,85715,92576,42967,2776,2415.84,4329,2890,4709,8188,52375,38334,31332
2018,3,10,35373,57062,93421,89430,55008,2415.84,2716,3165,4754,5425,24480,29407,17104
2018,3,11,40452,31267,56105,58285,93320,2415.84,850,1270,2270,7780,23596,20045,15205
2018,3,12,79113,37926,99288,18822,38367,2415.84,3507,1606,1366,6928,79520,46435,18016
2018,3,13,384,3589,24601,21490,29014,2415.84,896,1642,3051,7000,60452,12752,15434
2018,3,14,38557,15658,3354,5827,79790,2415.84,871,3901,1226,6074,94074,35944,43302
2018,3,15,59527,17583,26036,955,50863,2415.84,2389,1245,1847,8342,72734,20860,21908
2018,3,16,3776,73632,73029,33179,46984,2415.84,901,1090,4137,9254,91366,28927,33481
2018,3,17,18908,83591,4181,16486,75102,2415.84,2430,1968,2189,9644,51933,33051,48256
2018,3,18,33078,49323,50649,74925,4017,2415.84,2137,2791,3365,5165,57322,26701,23383
2018,3,19,68647,13224,62242,34136,88831,2415.84,3062,2737,3549,7243,24223,45002,3608
2018,3,20,81851,93006,95982,30392,87823,2415.84,3442,2251,3589,7222,12176,17605,47915
2018,3,21,20177,74314,41750,33543,25831,2415.84,1002,4476,3646,8836,28612,33828,15424
2018,3,22,58796,8027,41567,12346,91622,2415.84,2347,3471,1238,6668,20214,29320,32142
2018,3,23,17596,50009,16573,47537,30451,2415.84,1494,1264,1540,6496,16982,11595,45101
2018,3,24,38667,27117,72425,83665,15953,2415.84,2493,4747,4062,5411,13806,11094,1037
2018,3,25,73905,60793,90508,49051,30474,2415.84,4722,4420,2082,7646,11957,15076,27075
2018,3,26,22747,93452,74513,74864,33047,2415.84,1459,3064,2149,8883,71728,34453,25034
2018,3,27,26272,5574,25553,51686,97337,2415.84,3721,1240,1141,5581,36642,36614,28998
2018,3,28,2656,97718,17387,79738,75364,2415.84,3622,4462,4146,8982,89325,38544,29344
2018,3,29,69520,42137,76609,88021,67372,2415.84,2473,3642,1078,8766,61680,33951,14690
2018,3,30,93376,30402,55192,99517,5983,2415.84,2482,4989,1816,6220,21079,47618,8187
2018,3,31,31917,24702,12081,71063,19189,2415.84,4607,1094,1246,5144,18874,43618,17759
2018,4,1,31906,53613,3872,12636,15293,2301.8,1010,2046,4365,7542,68028,33903,37823
2018,4,2,90713,9371,6159,76934,30450,2301.8,3849,1502,2209,6263,14094,16319,3778
2018,4,3,72223,12103,42567,24791,21535,2301.8,3398,4791,1148,9106,98779,21441,36185
2018,4,4,66444,4790,33488,42162,43021,2301.8,2416,3732,3589,8575,27017,24038,17868
2018,4,5,52353,35867,61894,914,32131,2301.8,2233,1418,2389,9799,45494,35275,18936
2018,4,6,12336,3894,21420,68484,82515,2301.8,1276,1270,4987,6115,14952,34359,20199
2018,4,7,40336,49888,34445,83925,14815,2301.8,4315,3518,2328,6208,84432,45810,11462
2018,4,8,5144,51666,66515,18886,77817,2301.8,4160,1278,3606,5579,74986,31120,28362
2018,4,9,95778,47616,96431,37118,53731,2301.8,2828,1698,1493,9118,10694,17659,20254
2018,4,10,33735,85010,1179,47415,37570,2301.8,4576,4064,3627,6090,77949,31443,35611
2018,4,11,20804,32111,37947,69410,24042,2301.8,1882,1171,1899,9664,73288,46982,29285
2018,4,12,66271,11117,73752,69116,83390,2301.8,1774,3475,1622,7952,80889,23375,34446
2018,4,13,89915,90466,98793,43542,82908,2301.8,1336,1158,1694,5634,89472,49245,26742
2018,4,14,74920,22707,1769,68171,68724,2301.8,1504,4993,2524,6462,16462,18190,25057
2018,4,15,6054,7235,35741,8213,11540,2301.8,2939,1453,4798,6731,61347,22706,32982
2018,4,16,23474,52684,42770,65029,14671,2301.8,4273,1892,2652,6041,90463,12760,48594
2018,4,17,7450,21969,7721,26327,59929,2301.8,4943,2333,1686,7036,90545,46953,28181
2018,4,18,30018,38486,64760,69817,85217,2301.8,3874,1622,1198,7995,90070,19632,26107
2018,4,19,32941,20696,15753,20593,53090,2301.8,3319,1890,4536,8382,12894,17886,6217
2018,4,20,29220,48161,3150,80987,45197,2301.8,4291,1565,3532,9050,77733,33748,43696
2018,4,21,51509,86608,75143,46651,54603,2301.8,2813,3895,2259,9846,24487,10706,15213
2018,4,22,27487,34160,32240,88375,51551,2301.8,2838,2122,1319,5987,78108,27867,1808
2018,4,23,6035,22400,69434,54567,47803,2301.8,4667,4310,1078,9809,45960,21080,47167
2018,4,24,61374,35127,24976,79985,40045,2301.8,676,2530,4974,7858,55904,17876,15816
2018,4,25,52084,65095,64999,84756,77434,2301.8,2622,4820,1858,8407,54386,46012,43107
2018,4,26,11927,75406,45323,78405,71567,2301.8,4484,4291,2761,8930,29276,49157,7636
2018,4,27,90276,80962,66688,6602,64886,2301.8,4477,3320,1586,9476,18075,47822,38944
2018,4,28,98935,97051,13995,97145,45458,2301.8,3156,3735,1174,8479,52139,31705,18382
2018,4,29,12467,51625,97349,55228,92437,2301.8,736,4063,2585,7560,22016,38822,26625
2018,4,30,92719,96494,38496,13108,52322,2301.8,2281,2608,3620,5134,81104,15430,6571
2018,5,1,24262,5518,2500,29093,57658,1678.32,2910,1276,2905,9489,18069,40881,1124
2018,5,2,226,33485,14820,54001,55501,1678.32,1718,3345,3488,6177,20667,15059,3642
2018,5,3,19811,4628,85032,77439,85732,1678.32,4799,1344,2331,9226,71788,46340,16814
2018,5,4,72856,29699,38326,37113,59188,1678.32,2994,4412,4878,5636,29764,45378,6395
2018,5,5,62807,76483,30076,21296,69012,1678.32,1354,1462,1721,7737,82612,23805,1496
2018,5,6,70904,18765,150,9587,41064,1678.32,926,1110,2988,8512,67383,27176,21939
2018,5,7,16998,95378,52941,23228,38191,1678.32,4957,2348,1088,5032,38643,10903,32706
2018,5,8,82128,91350,66078,53849,29088,1678.32,2653,1342,3805,8320,25928,41220,15042
2018,5,9,32446,31855,71492,50434,92458,1678.32,2609,1622,1216,6902,49033,10300,38875
2018,5,10,79608,33991,22494,55147,65375,1678.32,2401,2501,2486,8478,17702,47925,11138
2018,5,11,79873,45356,14268,63678,5863,1678.32,4898,3307,3401,5492,88741,47210,40196
2018,5,12,31616,32703,23017,98571,29605,1678.32,3715,1136,2391,6208,97062,16502,38402
2018,5,13,87346,29464,51620,56185,44295,1678.32,4109,4166,1029,9468,87843,36891,19322
2018,5,14,24925,9094,91552,29679,1835,1678.32,1888,4801,4346,6257,48371,17912,30293
2018,5,15,54659,52087,84515,93403,94648,1678.32,2520,3344,2392,5491,54528,21686,47929
2018,5,16,51166,24991,95853,98547,9720,1678.32,884,2000,2002,6690,80673,27327,1846
2018,5,17,23633,23915,93482,52980,90172,1678.32,3282,4829,1194,9148,38231,19782,41853
2018,5,18,27078,52104,3283,70822,17596,1678.32,2507,3760,2801,9432,67306,17754,7812
2018,5,19,71111,19096,59868,96604,78789,1678.32,3931,2420,4455,7538,71751,18534,40542
2018,5,20,75617,16386,15808,85908,61887,1678.32,2197,3963,2494,7830,76136,12892,20392
2018,5,21,84644,18644,41554,83797,89707,1678.32,2668,1642,1328,5080,57420,39447,25212
2018,5,22,9429,97704,58220,73884,31468,1678.32,4861,3435,2708,7021,25695,24594,29972
2018,5,23,47413,32893,29910,86259,43373,1678.32,2700,4367,1040,8516,28163,47098,6046
2018,5,24,25818,20832,7916,86477,73368,1678.32,923,2795,1494,8294,73031,27209,31688
2018,5,25,30466,34245,66997,93175,11266,1678.32,4120,1238,1936,6262,61288,35308,42692
2018,5,26,2780,20341,29677,43821,20946,1678.32,2270,1762,1046,5185,33238,34742,7840
2018,5,27,13225,59162,83890,8967,59657,1678.32,2527,1038,2517,9524,99647,35134,6921
2018,5,28,12216,50121,26517,54152,30503,1678.32,812,3281,4496,7390,93453,45441,37805
2018,5,29,76032,17077,92205,71055,32262,1678.32,796,1838,2308,6038,70804,26964,41795
2018,5,30,12959,23333,83438,36828,59209,1678.32,3314,2775,4557,9670,58279,46411,49438
2018,5,31,18987,14092,46045,43483,32284,1678.32,560,3314,2926,7479,95721,21539,5851
2018,6,1,67870,83378,72935,23908,70535,1854.2,3218,3866,4687,6397,53074,49124,49899
2018,6,2,94712,57202,98682,9542,15481,1854.2,3527,4571,2489,8361,78206,13339,11445
2018,6,3,93638,2874,86266,7469,14947,1854.2,3094,2815,2534,6028,23075,28068,7805
2018,6,4,2279,92646,88287,51967,99043,1854.2,1090,3754,4913,6124,19647,30394,7713
2018,6,5,27569,48176,76318,1410,36537,1854.2,4748,1454,2397,7365,37642,22343,4525
2018,6,6,25171,17089,71511,49057,53118,1854.2,2124,1747,3582,5410,23713,10530,44586
2018,6,7,73123,41157,12732,88036,57281,1854.2,3429,1200,1905,9504,10470,49794,32379
2018,6,8,65624,33711,96320,23021,51077,1854.2,1715,2598,2402,6460,41654,36871,1286
2018,6,9,94164,68779,8619,97746,541,1854.2,1722,3662,4840,5805,78049,13472,48685
2018,6,10,94537,12832,81025,91442,7579,1854.2,2587,4553,2345,7824,12573,34773,33635
2018,6,11,4221,40641,77372,87975,40218,1854.2,4845,4380,4155,9816,48478,18810,35378
2018,6,12,98501,81553,94710,88341,27359,1854.2,3164,1894,1188,9188,29687,19048,22759
2018,6,13,49176,87276,99073,82873,57535,1854.2,2645,1754,4989,5502,66081,25207,27998
2018,6,14,96746,90927,59588,17253,40743,1854.2,3299,1198,2322,6026,60286,16032,24418
2018,6,15,22119,28451,87927,24061,93992,1854.2,4931,3166,1240,5356,42390,28774,33966
2018,6,16,93354,26388,56882,78344,87756,1854.2,4902,4500,1990,5841,18104,37335,39315
2018,6,17,20260,56404,59282,58934,5764,1854.2,4965,4233,4370,9243,68293,16732,19569
2018,6,18,63209,34578,17880,802,99934,1854.2,927,4638,1656,5626,17362,40763,10270
2018,6,19,92123,24236,91616,38716,20078,1854.2,2402,1688,2474,6762,15621,38237,9720
2018,6,20,37604,40587,32472,1975,69830,1854.2,680,4389,3045,9144,50190,17978,17117
2018,6,21,71189,46119,93970,74198,15279,1854.2,4960,3753,3890,5866,78820,17944,48303
2018,6,22,82648,21223,32008,65123,39258,1854.2,4711,1861,4566,8534,78835,40747,47629
2018,6,23,52004,55523,40137,20049,66442,1854.2,4379,2630,2797,8348,11827,18075,40328
2018,6,24,96651,93140,8181,35541,66068,1854.2,859,1222,4574,5742,46541,30184,37001
2018,6,25,6847,32605,57046,11413,51140,1854.2,2159,4494,4106,8648,39542,40548,2233
2018,6,26,48976,43922,28179,1773,58622,1854.2,1199,1118,1706,8770,14338,48268,6358
2018,6,27,97733,18025,13336,22308,77243,1854.2,2491,4089,3832,5888,11853,26323,26229
2018,6,28,28121,30366,95818,52227,89014,1854.2,4126,4340,1985,7322,72464,20607,1713
2018,6,29,60014,58664,42232,42215,69396,1854.2,974,2128,3771,5718,89435,27366,49396
2018,6,30,96398,8279,77808,21582,84167,1854.2,2905,2286,1377,5366,80864,41742,6013
2018,7,1,39992,96083,90125,43648,68547,1993.1,726,3562,4314,8579,12957,35061,27084
2018,7,2,69062,80086,85186,5583,85873,1993.1,1979,4150,1710,7130,78316,12722,12552
2018,7,3,37818,6955,15453,47893,4172,1993.1,1030,1038,4629,6154,16674,38175,7195
2018,7,4,93238,40527,81738,28904,19106,1993.1,3965,4518,1132,9150,26452,27005,11048
2018,7,5,78054,44784,87508,34764,84697,1993.1,2485,2513,4130,5884,70405,43301,15825
2018,7,6,86485,96437,53816,56114,28943,1993.1,640,2180,1207,9542,67435,16665,24330
2018,7,7,19778,81401,87536,10910,96903,1993.1,4266,4955,3771,8126,19446,43467,13989
2018,7,8,73951,23557,82334,79433,52846,1993.1,4086,4329,1062,5812,95442,10821,2739
2018,7,9,33583,6084,49354,64791,14814,1993.1,2807,1894,3189,5342,78203,45091,16789
2018,7,10,49331,82471,86400,24455,6949,1993.1,4273,1806,1025,6606,76682,10456,12470
2018,7,11,35698,65769,44553,1224,25023,1993.1,3396,3604,3782,7749,39746,19904,6348
2018,7,12,94539,87554,77242,9080,22897,1993.1,4170,3578,4266,6921,13032,11214,5445
2018,7,13,19392,13659,58465,55417,80265,1993.1,1991,1932,1840,7896,33537,25937,35148
2018,7,14,10596,61934,895,5730,56036,1993.1,2028,1156,3194,9269,59652,17442,40641
2018,7,15,64714,80175,56021,18981,87097,1993.1,1546,2839,1690,5011,94607,45679,35406
2018,7,16,90159,71600,27994,7426,9496,1993.1,4715,1590,4815,9894,25819,45850,11531
2018,7,17,7602,57848,62776,52148,83469,1993.1,4589,3181,3954,7878,83513,22402,22428
2018,7,18,93720,80061,45242,9135,35072,1993.1,1165,1581,2799,9158,65358,37294,6201
2018,7,19,27041,15074,73737,66857,82035,1993.1,4058,4636,1846,7366,41783,23574,15908
2018,7,20,80614,77726,38109,15920,69688,1993.1,3321,3406,3033,9914,88892,19456,21622
2018,7,21,56116,10058,11038,267,59217,1993.1,3913,2608,2821,7649,69464,39856,26397
2018,7,22,43558,64876,79493,50016,6710,1993.1,3590,2322,1438,8050,12998,11198,37628
2018,7,23,16024,57916,64798,34058,74183,1993.1,3513,1649,1734,9112,46915,11344,20042
2018,7,24,7300,829,58276,15121,28479,1993.1,1328,3387,3967,7172,54754,32028,44093
2018,7,25,54801,94697,19351,86505,72747,1993.1,2896,3770,3212,5396,39179,37394,38945
2018,7,26,39088,42693,50396,35539,73596,1993.1,1205,2246,4491,5832,12367,18652,47311
2018,7,27,26277,33696,64061,35244,50869,1993.1,3623,2020,3511,5958,17058,10466,18815
2018,7,28,58271,96421,7732,71483,65467,1993.1,942,4553,1920,7930,40091,29550,46911
2018,7,29,39287,47649,76798,53778,29833,1993.1,3098,1109,1136,7158,15418,22783,5517
2018,7,30,12325,91329,44804,25836,10655,1993.1,4797,3924,1100,5066,56759,31566,3329
2018,7,31,99440,48340,52472,5395,90316,1993.1,1296,1916,1562,8900,16082,11018,8915
2018,8,1,29181,58857,71878,22691,66561,3224.55,758,4240,4464,7202,84894,18298,44661
2018,8,2,38352,70172,75245,90880,43283,3224.55,1670,2973,1278,8416,98288,14566,23164
2018,8,3,46066,60594,57464,40511,76676,3224.55,1824,2207,1702,8701,61249,18331,26563
2018,8,4,39714,12617,92572,79178,89819,3224.55,4673,4521,1394,9918,35400,23623,43819
2018,8,5,19434,58424,31597,11420,86840,3224.55,2320,2904,1830,6136,89767,33506,46238
2018,8,6,62699,46592,22066,98118,91645,3224.55,2800,1357,1872,6922,26887,16878,33316
2018,8,7,35542,31561,46623,15883,27831,3224.55,857,2263,1797,7622,58683,43637,32023
2018,8,8,50044,87356,92894,56874,73492,3224.55,1731,1190,1216,8797,50659,14426,32661
2018,8,9,78465,83460,1310,74396,25183,3224.55,1496,2076,1108,6246,18630,20291,44549
2018,8,10,21493,81521,83907,78291,85327,3224.55,3279,1506,1297,7524,17198,19788,8942
2018,8,11,30186,65327,55979,92141,60476,3224.55,2092,3939,1448,9753,29686,47983,6638
2018,8,12,24302,6183,25060,16762,45653,3224.55,2052,3496,2241,7311,78138,17567,1454
2018,8,13,96253,32770,52937,42550,80295,3224.55,2338,1831,3209,9346,35323,20036,27884
2018,8,14,57659,97416,75328,64107,77169,3224.55,3441,2821,2547,7010,34583,39551,5014
2018,8,15,20575,87988,89400,52816,25299,3224.55,1735,1551,1258,6023,64100,46953,17539
2018,8,16,33907,42791,23785,93468,77460,3224.55,4855,1006,2875,5182,15575,13814,9109
2018,8,17,26548,44018,84218,54095,13870,3224.55,4997,4443,3140,9397,14474,14790,18801
2018,8,18,16936,6699,86342,33595,62722,3224.55,548,2980,4584,5542,22799,13610,16795
2018,8,19,29793,52656,54865,2669,74190,3224.55,4064,1484,4457,6572,71183,44678,20441
2018,8,20,88435,31182,95475,11575,80579,3224.55,1364,3865,2135,9058,63811,19478,49086
2018,8,21,62205,10712,14189,88141,81397,3224.55,1536,1188,2000,6400,30208,46536,3341
2018,8,22,16841,99273,97274,47650,52555,3224.55,3680,2340,1990,8318,85266,12920,34810
2018,8,23,3240,77983,43138,41727,57041,3224.55,2934,1202,2660,7123,23737,15408,6949
2018,8,24,26816,15274,26597,32811,78026,3224.55,4346,1218,2429,5954,58867,41335,6806
2018,8,25,27782,67548,98676,60124,71702,3224.55,4395,1292,1924,5074,49370,35316,33942
2018,8,26,55833,92306,87266,89845,65781,3224.55,514,2595,2627,8201,25405,20652,11003
2018,8,27,5007,71104,31871,93788,30428,3224.55,522,4560,4637,7606,51035,12691,7091
2018,8,28,34093,40431,70336,12369,72963,3224.55,4036,1246,3363,5234,34991,44143,19707
2018,8,29,62304,40245,86739,4931,88446,3224.55,1935,4803,1910,7620,14390,46378,28496
2018,8,30,80896,38714,37291,71886,88865,3224.55,928,4308,1878,7615,51676,34423,38327
2018,8,31,73674,15713,79571,2037,83367,3224.55,1179,1348,4805,9269,66952,43250,14562
2018,9,1,25240,69406,60068,99045,72997,1851.27,1292,3061,1542,9068,33277,48413,6446
2018,9,2,51810,72586,93523,89425,40614,1851.27,4450,1326,3867,5974,39692,38428,44298
2018,9,3,94019,1714,93235,93288,85018,1851.27,2404,1608,3594,7471,25653,27942,2837
2018,9,4,20269,38298,56004,80356,22827,1851.27,514,1984,4570,10000,80411,35184,5634
2018,9,5,99293,59862,7863,39512,57701,1851.27,2939,3070,1971,7525,61357,16989,13907
2018,9,6,56715,15114,93598,95309,28937,1851.27,3250,4204,1034,5605,45912,29429,35603
2018,9,7,1239,7386,20417,95810,78733,1851.27,2345,4376,3393,5207,33887,17638,17181
2018,9,8,19114,11827,19164,1085,99353,1851.27,4425,1066,3338,8760,67726,14560,46874
2018,9,9,46330,90977,22832,36582,86582,1851.27,1010,4172,2480,5568,99981,21212,18744
2018,9,10,19960,63679,81941,13353,18886,1851.27,798,2998,4006,6313,55434,19430,15828
2018,9,11,13187,39861,32129,57878,50588,1851.27,638,1916,1670,7983,49849,27411,49855
2018,9,12,23080,32213,97936,31912,34992,1851.27,3124,1302,2946,5694,84654,46831,47917
2018,9,13,17245,81805,51182,61251,98119,1851.27,960,2656,2828,9440,85533,13415,6617
2018,9,14,69295,686,10332,60125,55022,1851.27,3887,3100,3745,7322,10011,43736,26534
2018,9,15,66092,29488,15039,44039,47257,1851.27,2221,4500,2849,8403,42102,45967,16045
2018,9,16,15020,79415,23624,77848,48855,1851.27,2614,3148,1194,8604,94624,31215,9158
2018,9,17,10831,48512,75668,19576,16687,1851.27,4663,4130,2870,9412,43168,45126,2032
2018,9,18,27099,390,75979,24948,8793,1851.27,2266,1374,3846,7182,34362,12700,18081
2018,9,19,86399,41977,97201,28946,92627,1851.27,670,3456,1688,8750,39384,23374,41825
2018,9,20,4212,19048,72505,68434,30102,1851.27,3560,2199,3766,9538,82146,23910,32025
2018,9,21,73972,35765,14075,87818,13006,1851.27,1870,4404,3117,8150,28349,15743,14789
2018,9,22,72248,54862,35552,28936,73394,1851.27,3661,3956,3983,7518,62390,40436,24936
2018,9,23,55895,25951,97636,4661,81841,1851.27,3571,1632,1897,8997,59981,44902,46134
2018,9,24,73786,26852,60659,13255,90922,1851.27,3997,3168,1573,7278,16920,49966,5360
2018,9,25,55837,27118,43924,66172,50988,1851.27,1607,1881,3615,9654,11542,46807,6314
2018,9,26,16728,6466,2620,64977,15463,1851.27,1231,1208,1616,6889,18854,46724,12601
2018,9,27,8602,64204,76246,85175,45105,1851.27,1492,1892,3169,5415,83464,29156,34701
2018,9,28,18081,6425,86039,83048,27019,1851.27,4855,1718,1618,8826,41426,17758,13933
2018,9,29,27779,67658,57811,33582,70900,1851.27,1657,4500,2220,9254,81026,18662,43017
2018,9,30,23956,32519,19618,52125,44287,1851.27,2633,3718,1726,7352,61766,19228,19435
2018,10,1,7974,29327,84353,73152,87106,1535.58,929,4762,4373,6966,25661,37390,36564
2018,10,2,97520,21514,60963,36775,2540,1535.58,2081,1410,1226,5557,95696,35042,29639
2018,10,3,93191,90767,77253,43214,68885,1535.58,816,1857,2159,5168,50008,29264,46481
2018,10,4,11732,67290,50379,22458,18152,1535.58,1199,2023,3905,7161,85149,32797,42393
2018,10,5,83152,62231,560,98760,7788,1535.58,642,2330,3373,7405,60543,22258,12608
2018,10,6,90239,67713,49116,98750,59233,1535.58,3013,2316,2765,9496,19556,17269,15477
2018,10,7,37136,52325,49293,67394,39486,1535.58,1542,3988,3023,7101,37748,37162,34442
2018,10,8,29709,87902,54493,33082,31660,1535.58,1691,1897,4100,7159,20646,24684,31389
2018,10,9,2636,15012,62001,1753,76107,1535.58,4021,3242,1826,9340,96987,46286,38126
2018,10,10,19107,13530,35276,48482,30631,1535.58,644,1690,2276,9334,19552,25287,39376
2018,10,11,87877,31464,63537,3329,34975,1535.58,3013,2609,1100,5878,55713,16018,34183
2018,10,12,28140,91088,21247,68589,75753,1535.58,4875,1211,3114,6502,59692,45096,34586
2018,10,13,5878,45337,71787,99506,1826,1535.58,4793,4701,1458,8329,18774,30698,47910
2018,10,14,88865,87396,34660,20762,27409,1535.58,3765,1104,1460,5366,40488,23564,40374
2018,10,15,949,21716,84776,49063,38218,1535.58,510,4094,1156,8648,43599,24333,10821
2018,10,16,62911,84745,30388,8635,73075,1535.58,685,1938,2164,6696,82699,20924,39770
2018,10,17,63422,11466,42825,61234,77829,1535.58,4798,3777,1174,5925,44191,19202,33313
2018,10,18,96746,21055,20043,19255,69703,1535.58,3587,2612,4738,5366,57599,37812,29994
2018,10,19,46448,79637,16103,89964,36333,1535.58,888,4754,1618,7434,60987,20799,48802
2018,10,20,3377,12138,15929,24756,48064,1535.58,4351,4808,1173,8796,64062,17228,10120
2018,10,21,84387,24003,99841,49125,30681,1535.58,3288,2128,2075,9390,67091,39760,7440
2018,10,22,34545,44332,5867,61163,48044,1535.58,1961,1419,3991,7889,76174,43406,16854
2018,10,23,74362,76878,88215,71887,97623,1535.58,4114,3361,2631,5307,47485,23311,18630
2018,10,24,12747,67127,16792,66175,86517,1535.58,2286,1060,3214,8152,98575,42610,33884
2018,10,25,61358,80537,60382,56701,94779,1535.58,918,1994,4785,8321,57377,27408,36557
2018,10,26,56951,12845,25770,65934,68152,1535.58,596,2249,1732,9582,79775,19212,39607
2018,10,27,22624,52062,80662,67190,30214,1535.58,4799,2923,1125,6102,64623,37255,29237
2018,10,28,73090,64731,72747,19227,69404,1535.58,1634,1353,1352,8755,17286,43822,46476
2018,10,29,78363,14235,57425,51447,36623,1535.58,1047,1204,1236,8061,42787,17494,37200
2018,10,30,3650,2587,60102,79775,39120,1535.58,3381,3560,1624,6127,47787,25210,24726
2018,10,31,18956,94422,17916,94627,99530,1535.58,4801,2891,2139,8930,45689,43762,26554
2018,11,1,56738,69360,71390,64799,28499,2192.53,3447,1085,3669,9158,86556,24746,23569
2018,11,2,47956,15118,30554,20436,79257,2192.53,742,3677,3678,6038,89558,16583,5764
2018,11,3,21522,67450,23724,33747,13140,2192.53,875,1228,3196,7264,67378,48047,33838
2018,11,4,10833,35826,95485,10855,16752,2192.53,600,1059,3509,6154,12022,42765,32041
2018,11,5,88270,57237,82796,11949,23957,2192.53,3531,1942,4803,8606,95576,19294,22354
2018,11,6,52444,11452,55523,71993,15069,2192.53,774,2252,1382,5523,53106,16372,22901
2018,11,7,97564,5060,89241,11074,87566,2192.53,790,1678,4322,5980,16566,18550,7087
2018,11,8,75340,82667,66461,31495,1273,2192.53,2140,3716,4840,9014,25708,21260,12038
2018,11,9,28267,62100,63514,19696,77623,2192.53,2876,1550,3030,6946,10470,25595,32972
2018,11,10,40555,22802,1431,21229,42139,2192.53,859,2477,4582,9306,65323,22207,5565
2018,11,11,70709,82464,92276,76902,87830,2192.53,4513,1095,1434,8026,35791,24056,34336
2018,11,12,10999,80020,65594,49029,13489,2192.53,4624,4042,2357,9654,75271,15847,34557
2018,11,13,14323,17483,99678,18906,26154,2192.53,1112,3214,3816,9739,90115,13230,15001
2018,11,14,84075,4629,84094,80509,99008,2192.53,916,1910,4903,6509,75385,13391,19885
2018,11,15,21066,66362,83787,44775,58768,2192.53,622,4442,4243,6651,16704,35396,25410
2018,11,16,91652,65812,48611,71820,15551,2192.53,4817,1962,1058,7830,12836,25065,5078
2018,11,17,60147,83753,1423,60050,36614,2192.53,4793,2679,4521,9931,18805,34640,26808
2018,11,18,65341,45780,24083,90936,72431,2192.53,1331,1766,4592,5206,52253,46494,32430
2018,11,19,46372,92071,62471,38782,32333,2192.53,3846,2478,4058,6510,68880,45672,25307
2018,11,20,8429,58674,69704,84302,64957,2192.53,3941,1648,1290,6058,37583,23070,4861
2018,11,21,91806,63915,3505,22751,55209,2192.53,4244,2932,1074,6890,56713,12865,22111
2018,11,22,23374,86913,21696,98785,18533,2192.53,808,3312,1210,6863,27613,30556,40576
2018,11,23,1724,62908,77205,52364,5932,2192.53,1786,4088,3702,6598,36838,17398,14788
2018,11,24,105,22436,84547,80638,54151,2192.53,4854,3875,4524,6226,92659,13056,41261
2018,11,25,22126,19820,6370,87726,16683,2192.53,3282,3406,3241,7382,87121,35524,1370
2018,11,26,26627,95260,49614,21681,6903,2192.53,1942,2006,1974,5692,16010,45740,2804
2018,11,27,30454,30202,89617,74978,61752,2192.53,4385,1894,3447,6102,17250,35129,48628
2018,11,28,27442,38940,69888,40683,50779,2192.53,2559,2404,2268,8718,15436,25522,7010
2018,11,29,61328,3731,98882,86567,76572,2192.53,2306,2024,3078,8274,98353,11181,2877
2018,11,30,3255,52740,27762,21702,13494,2192.53,3182,2286,2358,6150,97969,38136,32067
2018,12,1,6881,31893,52348,49053,47329,1469.61,1731,1058,3103,6604,27630,12331,44223
2018,12,2,11957,51007,11762,16583,49361,1469.61,4836,2099,1416,6178,31944,49122,22943
2018,12,3,14721,89232,86481,74143,3553,1469.61,4221,1758,2860,5850,75836,20188,40969
2018,12,4,87143,2568,87599,30246,32218,1469.61,3929,4173,2587,5590,60755,31947,15229
2018,12,5,43634,96945,50399,10689,54834,1469.61,1162,1820,2925,5294,60047,41477,32343
2018,12,6,53611,34269,18262,26471,93542,1469.61,3010,2035,3017,9894,43633,45234,44098
2018,12,7,82190,52563,89408,81129,73253,1469.61,3075,3237,4810,9825,43926,34644,16515
2018,12,8,62169,70089,20550,50094,99084,1469.61,2923,4045,1217,6184,11868,24758,30598
2018,12,9,86635,74879,21795,99652,41840,1469.61,4885,1554,4341,5222,21509,15196,15428
2018,12,10,17159,50938,40832,96970,30763,1469.61,2965,2930,1197,8514,59376,36632,1110
2018,12,11,65464,17300,55679,96682,9836,1469.61,2791,2821,2424,5937,12472,10006,17547
2018,12,12,57717,73710,40998,92058,24354,1469.61,1003,2864,4795,6834,71185,26910,28859
2018,12,13,57944,19151,69841,45493,4017,1469.61,2125,4480,4219,7803,82513,10824,45569
2018,12,14,55350,20305,18229,14126,12595,1469.61,1093,1270,1534,8442,78720,45116,30702
2018,12,15,67302,94724,2981,13449,67910,1469.61,726,1714,4667,6551,71344,13683,40518
2018,12,16,22120,19822,99516,17692,7625,1469.61,3098,4325,3685,5334,19616,31279,32029
2018,12,17,88380,40897,17942,9143,45692,1469.61,610,4344,2736,9942,42792,25645,13014
2018,12,18,80460,49504,17850,6479,26055,1469.61,1513,4525,1498,6029,82216,32992,39195
2018,12,19,34410,21667,28670,53095,79346,1469.61,725,2724,1452,8667,93218,15538,38473
2018,12,20,31681,80181,87109,55770,70123,1469.61,1414,1933,1520,9264,73411,21809,29901
2018,12,21,54811,9926,2688,80178,62307,1469.61,4521,1715,2922,9096,49810,18206,1256
2018,12,22,13016,50536,86344,25089,85555,1469.61,2852,2235,1094,6312,73004,12569,45915
2018,12,23,32566,20771,29503,28321,86387,1469.61,1482,2548,4191,9169,54078,41497,2915
2018,12,24,70425,83600,88213,9699,58143,1469.61,3317,2510,4910,8174,28950,40464,4375
2018,12,25,26928,28156,24052,19374,14468,1469.61,3294,2032,1070,8308,91705,13102,13408
2018,12,26,47064,58188,10818,92607,43709,1469.61,4103,1966,4846,8667,40183,39341,14896
2018,12,27,43043,84853,43204,64305,15866,1469.61,1120,4144,1660,6126,94870,47480,22154
2018,12,28,24932,93165,10865,91814,37314,1469.61,726,1466,2108,5899,19382,20816,2570
2018,12,29,37147,93790,51302,18345,98810,1469.61,2685,1851,2688,7240,22507,17118,7837
2018,12,30,89395,93628,67699,22407,5152,1469.61,4886,1435,2085,6078,38248,25750,28921
2018,12,31,99673,83331,42832,76782,55582,1469.61,2597,4079,2659,8898,27424,11468,2518
2019,1,1,1462,19672,49424,18703,42179,1830.13,4448,2157,3379,6422,57309,37300,24330
2019,1,2,33094,20097,9386,30197,58345,1830.13,4868,3027,4318,6649,29960,46836,1488
2019,1,3,4248,39041,25848,69498,82817,1830.13,1232,1268,1986,8058,35683,15516,37316
2019,1,4,66337,76484,17674,24716,39691,1830.13,2015,4135,1398,7752,19331,19775,24983
2019,1,5,55593,49200,44155,49911,72202,1830.13,3098,1448,4506,8945,45945,28674,24115
2019,1,6,42613,88530,45657,65951,80537,1830.13,1466,3224,4175,9140,87940,30217,31340
2019,1,7,40475,66308,19353,51906,70413,1830.13,1680,1004,1182,5834,92266,42787,5036
2019,1,8,56301,21718,85588,2160,77015,1830.13,833,4627,1414,6489,85577,33303,31534
2019,1,9,74182,17045,96528,64709,82537,1830.13,4925,3010,3479,5102,74915,15594,1650
2019,1,10,85665,12948,96248,6251,95134,1830.13,4038,2786,1582,9260,69945,14418,38514
2019,1,11,32511,779,23225,68926,93621,1830.13,2228,4153,2197,5107,48861,24733,8802
2019,1,12,15928,60139,64097,99407,90768,1830.13,4649,1431,3311,5896,99033,13444,39012
2019,1,13,70762,98072,31231,97345,99050,1830.13,941,2911,4658,8340,16836,28278,17528
2019,1,14,49319,35417,28784,7869,66877,1830.13,2601,2803,1974,6108,98561,11253,43997
2019,1,15,52062,68211,54037,36725,50459,1830.13,702,1219,2493,7751,34915,16542,3070
2019,1,16,65279,35857,14454,16289,76374,1830.13,918,2044,4410,9701,49912,16286,47643
2019,1,17,50,98866,65442,70536,11916,1830.13,1788,1342,4916,5824,17052,15374,30355
2019,1,18,55247,33573,52947,22740,97676,1830.13,4281,4306,1270,6134,95594,32795,37862
2019,1,19,84081,56514,74840,83492,62567,1830.13,1129,2616,1321,7923,33151,34588,41104
2019,1,20,28278,81293,81269,93195,83469,1830.13,4920,3714,3244,7866,61453,45920,48321
2019,1,21,82081,67087,41579,38503,3526,1830.13,1297,2605,1494,9986,87448,22604,37173
2019,1,22,3593,69931,35221,76266,34206,1830.13,853,2482,1015,8514,72028,15836,34724
2019,1,23,56794,96950,4551,5039,91168,1830.13,2310,3247,1598,8888,28101,35671,32357
2019,1,24,62413,99400,89630,88803,61889,1830.13,1406,1832,3359,5966,58098,47564,27078
2019,1,25,97702,18952,76400,80070,77426,1830.13,905,4218,1534,6807,55608,11614,48428
2019,1,26,65516,22919,42496,31311,48159,1830.13,1981,1923,4996,6610,15725,31884,20598
2019,1,27,41,77132,30069,79752,6462,1830.13,3668,1038,2118,9846,16935,14470,38167
2019,1,28,18495,62841,35114,80224,46001,1830.13,3119,1515,4992,5614,59177,28151,40723
2019,1,29,46212,92512,21427,32560,99122,1830.13,795,1036,1278,6982,11617,37095,37152
2019,1,30,99031,5286,57610,22501,75353,1830.13,3395,1654,3737,9732,90421,16089,24546
2019,1,31,65584,39893,27606,11928,31860,1830.13,1430,4422,1300,7856,26982,44767,36783
2019,2,1,7778,26633,95642,34994,38250,2321.68,4024,4886,1698,5762,35238,47595,49089
2019,2,2,96273,61790,67685,71134,52211,2321.68,3068,3455,1379,10000,40314,14513,33775
2019,2,3,71427,34737,10160,99283,78071,2321.68,642,2200,4262,5280,37193,18864,21279
2019,2,4,41725,87570,78751,64775,60447,2321.68,2369,1718,2130,8054,44203,10692,30342
2019,2,5,30180,97272,69148,41559,78619,2321.68,2424,1718,1902,8935,65679,21324,25814
2019,2,6,36566,62674,73525,17180,55309,2321.68,1043,2032,4639,9598,61806,25085,27071
2019,2,7,61488,40528,48156,53618,86934,2321.68,661,2112,1972,6161,75023,34600,42359
2019,2,8,41975,63800,50997,35229,62735,2321.68,2905,1312,1410,6429,32830,16294,33028
2019,2,9,23500,68875,64394,54492,21,2321.68,4576,1507,3079,8178,31476,36364,42553
2019,2,10,86443,62138,3478,8777,78299,2321.68,4728,1625,3651,5862,88205,21385,28501
2019,2,11,10105,11111,53389,5805,23893,2321.68,3165,3743,1444,7832,18234,21464,36219
2019,2,12,96464,64164,49324,95895,58248,2321.68,2259,1041,1292,5736,69817,15786,47152
2019,2,13,80589,79546,6917,39240,56623,2321.68,1976,1726,2584,5974,88882,46476,11475
2019,2,14,32935,78401,10221,4380,32312,2321.68,2195,3774,3969,7871,24668,17216,44807
2019,2,15,55023,23280,44611,47016,25368,2321.68,2307,1920,1330,8456,61546,16947,14428
2019,2,16,35698,54875,50026,74635,1591,2321.68,2462,4525,3659,7682,55256,15970,5260
2019,2,17,8842,47452,11097,17811,21675,2321.68,1379,3049,1614,5989,40064,12374,2118
2019,2,18,76769,57372,23072,87094,97948,2321.68,794,4996,1698,6769,24630,14880,34619
2019,2,19,92030,62094,91961,25689,26128,2321.68,1659,1320,1019,9107,69131,32694,47217
2019,2,20,71225,70511,42096,62974,32852,2321.68,3737,4619,1776,6330,13065,15350,32160
2019,2,21,4131,99810,3827,59976,36580,2321.68,2410,3608,3254,9370,54296,49381,44810
2019,2,22,72939,62308,703,310,97768,2321.68,4355,3991,3047,5830,48316,22250,36186
2019,2,23,89963,12054,31870,45846,31567,2321.68,4675,1402,1096,9853,95671,47675,11287
2019,2,24,64663,13082,42636,87917,38804,2321.68,3650,3093,1943,5702,28403,39710,13284
2019,2,25,73242,77759,75054,46289,85562,2321.68,3538,1056,1775,6759,21368,33341,23371
2019,2,26,94399,37396,19039,55495,73601,2321.68,4521,3263,4143,8654,42531,49298,14710
2019,2,27,25440,12534,27393,17383,83238,2321.68,2092,1478,4905,8498,19118,35466,5796
2019,2,28,21869,4009,27342,73644,37121,2321.68,3337,1518,2456,8727,87012,26057,15062
2019,3,1,56534,30673,83932,85042,73204,2567.29,1832,1484,1254,8440,85326,32769,33231
2019,3,2,67660,58158,49027,66158,93628,2567.29,4377,2636,3186,8756,34756,43248,1702
2019,3,3,67711,66275,12057,76438,69639,2567.29,1225,2523,1489,6509,27564,41045,4466
2019,3,4,16092,70749,43135,43066,31316,2567.29,834,3975,2969,9766,81484,46597,28461
2019,3,5,92058,2215,94234,20245,96588,2567.29,4844,1308,2967,8252,73438,47605,45342
2019,3,6,62719,6016,40129,14208,22525,2567.29,514,3615,1144,9486,81680,19750,34045
2019,3,7,43200,23867,17788,46169,15080,2567.29,2765,2136,2837,6710,43732,30776,15624
2019,3,8,98692,73577,27778,26659,31830,2567.29,615,1808,2231,7095,41458,29755,1216
2019,3,9,97492,13064,84724,68637,27802,2567.29,1096,1000,1622,5235,33521,21701,32756
2019,3,10,20859,92639,45190,55049,62342,2567.29,824,2384,3850,7214,20395,27031,38923
2019,3,11,14818,61011,37931,38401,58107,2567.29,4508,1949,3804,9231,40585,36605,29390
2019,3,12,51987,28034,23959,74961,33269,2567.29,3013,4127,1469,8203,18360,28810,7480
2019,3,13,63478,11352,6196,58680,24954,2567.29,711,1123,3952,9993,94523,28410,26591
2019,3,14,35735,95384,50361,44539,64615,2567.29,1144,2953,3979,5102,15836,18599,40946
2019,3,15,78934,20928,22727,61755,79131,2567.29,565,3959,4605,6234,17638,14710,48254
2019,3,16,56055,19702,57034,60007,59696,2567.29,4769,1746,3292,5129,39968,44259,17910
2019,3,17,96075,37465,77213,31406,58919,2567.29,1357,4203,2404,9083,15957,17886,1478
2019,3,18,3690,22875,76846,63295,52339,2567.29,4204,3392,1084,7590,84751,40232,10837
2019,3,19,21852,39521,2015,1496,44650,2567.29,2106,2075,2150,9318,19362,21068,8335
2019,3,20,40797,21191,25272,79553,76626,2567.29,2439,1286,1850,5158,59960,32793,7581
2019,3,21,1473,40518,57539,48363,78108,2567.29,3594,1310,3161,6960,17805,18334,8642
2019,3,22,15295,79913,32590,27445,35583,2567.29,4864,2730,1316,6487,72283,17942,3775
2019,3,23,14069,86075,64609,10876,76711,2567.29,950,4535,1526,7558,42897,19100,24570
2019,3,24,76200,97844,75856,90713,54805,2567.29,1226,1450,1276,8816,30247,16432,10013
2019,3,25,68943,45112,50942,60260,17952,2567.29,3201,2019,2002,9161,59246,35065,39577
2019,3,26,33731,19267,29601,15169,36826,2567.29,1065,4376,1692,6554,36441,15706,38850
2019,3,27,93286,2668,60652,15914,17836,2567.29,4124,1778,2361,5702,47037,20312,40899
2019,3,28,97347,91591,2332,55702,17104,2567.29,766,1678,2196,6718,82354,12246,11578
2019,3,29,41920,73421,79750,28612,56693,2567.29,2812,1329,1750,6936,98595,19397,32543
2019,3,30,70714,89072,56176,23075,30490,2567.29,3387,4188,2506,8310,16241,44610,19565
2019,3,31,73649,7008,11797,87197,60078,2567.29,2569,1996,3922,7350,46959,13944,44151
2019,4,1,49772,23297,1424,29587,38244,2207.1,608,2315,3348,6758,74156,29264,20821
2019,4,2,16762,18345,6772,28832,34586,2207.1,3831,2944,4529,6027,18021,40031,17734
2019,4,3,59949,36370,73955,93620,83330,2207.1,4832,4452,1148,7607,79039,17636,30922
2019,4,4,64780,95691,52481,8128,19065,2207.1,2392,2177,1333,8390,97361,45918,26637
2019,4,5,78249,32545,70216,57778,54925,2207.1,4160,4872,1926,8114,16992,24287,4589
2019,4,6,85388,84676,73740,72310,78635,2207.1,2474,3414,4821,9954,67893,15798,19131
2019,4,7,76591,71638,68768,37924,82153,2207.1,806,1630,1078,6694,34529,19948,16129
2019,4,8,41350,98691,84822,82308,53157,2207.1,2946,4896,1394,6086,27205,39326,9665
2019,4,9,82169,24680,49093,63342,90986,2207.1,4931,2575,3623,5050,21851,20776,16987
2019,4,10,47531,72046,47529,62555,8807,2207.1,2503,1310,2100,7362,48815,16608,48411
2019,4,11,59693,71762,21505,86737,84800,2207.1,1063,1968,4740,5155,46661,30725,48710
2019,4,12,58494,42945,64654,47118,7995,2207.1,4245,1058,4901,7122,18079,17654,36505
2019,4,13,96536,66935,66567,93636,611,2207.1,1596,1654,2143,8100,63391,21942,15382
2019,4,14,63163,55807,55263,52903,97314,2207.1,4980,1624,1220,9276,19276,35567,18277
2019,4,15,17490,53522,41092,92391,51647,2207.1,3801,3182,2456,5367,58169,18846,25523
2019,4,16,90750,34766,52426,94245,49219,2207.1,2538,2380,1622,7801,81634,35287,15817
2019,4,17,72430,31615,41095,50002,62600,2207.1,568,1558,1002,6660,88830,31890,10371
2019,4,18,68535,97632,46425,27344,73000,2207.1,1761,1750,1432,9186,74344,19746,4594
2019,4,19,71355,56883,33662,59329,11036,2207.1,4616,4816,3262,8278,49818,25861,15296
2019,4,20,62434,85387,5951,92677,78399,2207.1,918,1933,3764,7342,74276,48115,44781
2019,4,21,58289,77390,78216,14000,32929,2207.1,3928,1278,2145,5188,79963,19533,18912
2019,4,22,84237,24580,69350,47499,26642,2207.1,3360,1734,4554,5662,14455,49304,19168
2019,4,23,90443,21726,46238,15559,59069,2207.1,3673,2356,1224,7582,47707,13535,36866
2019,4,24,77152,66636,522,35650,35577,2207.1,758,4812,1415,9072,83663,14409,30485
2019,4,25,10052,73376,69836,30958,69038,2207.1,532,1672,2368,5712,91390,47788,1296
2019,4,26,46069,5064,15145,76676,13305,2207.1,1562,1850,1686,7084,26104,47766,29204
2019,4,27,53921,47639,33931,75337,38523,2207.1,4745,3573,1946,5932,95882,10005,17594
2019,4,28,26576,26144,52190,48944,35347,2207.1,1731,1415,4994,8227,74442,28298,43580
2019,4,29,57431,47358,85107,19621,20794,2207.1,2386,4713,1678,7668,66401,30075,27563
2019,4,30,85263,6147,95001,92583,48432,2207.1,3940,1014,3377,9102,23949,18724,40883
2019,5,1,87033,66492,46055,81612,57286,2614.84,4041,1998,1632,5013,41787,19725,40706
2019,5,2,92400,32854,44927,76420,15607,2614.84,3033,3105,1353,10006,86536,27235,41354
2019,5,3,55909,61543,10614,93390,1844,2614.84,801,3875,3532,6855,70486,35817,45690
2019,5,4,93913,25880,56813,19724,893,2614.84,4449,4643,4156,5886,86062,29763,14952
2019,5,5,42082,64097,17869,44787,51065,2614.84,2022,3324,1902,8987,16713,34141,4405
2019,5,6,61029,7515,73017,39561,60722,2614.84,1729,4634,1476,9796,90709,11938,9855
2019,5,7,79846,80159,12621,44002,47239,2614.84,3764,1352,4130,6558,50457,46546,15035
2019,5,8,62389,88832,69871,28335,54171,2614.84,2475,1550,1826,7402,71110,37523,36584
2019,5,9,78050,62841,42158,80135,44086,2614.84,3111,3930,1468,8362,84284,42967,49219
2019,5,10,27119,8049,14991,6249,66034,2614.84,2795,3421,1272,9017,73108,41153,31800
2019,5,11,25602,1936,72705,52403,20132,2614.84,4925,3180,4358,8434,78315,33444,10167
2019,5,12,47654,77779,7375,93383,89863,2614.84,2701,1980,1059,7691,39580,48444,41659
2019,5,13,99491,8728,26866,86474,47746,2614.84,3979,4698,4613,6683,42100,19006,16326
2019,5,14,76850,98379,69277,32561,13165,2614.84,1004,2169,1722,9730,86903,31584,47592
2019,5,15,31390,89605,64917,63801,23648,2614.84,2244,4490,3224,5461,42315,10969,4497
2019,5,16,38140,86295,67020,72753,19330,2614.84,3848,2531,3849,6258,45091,13494,25472
2019,5,17,77069,61096,46888,18791,826,2614.84,1726,3566,4747,6598,28718,29747,33792
2019,5,18,36139,90963,19238,65715,12777,2614.84,3035,1840,4199,8182,40019,33528,27905
2019,5,19,35527,83868,96060,75728,96992,2614.84,4093,4059,3597,5981,18412,35775,7503
2019,5,20,26125,75928,694,65872,7570,2614.84,618,1110,1526,9726,42126,49502,29413
2019,5,21,59113,85163,16770,39664,11569,2614.84,3191,2094,1320,5603,39174,37647,6789
2019,5,22,93106,84620,28059,28056,76953,2614.84,3830,3076,3187,9056,85300,37109,37261
2019,5,23,93936,47271,97170,30663,28479,2614.84,1516,3942,1628,6582,43605,18730,5648
2019,5,24,70075,83149,15825,10731,35104,2614.84,4729,4561,1950,5584,72616,32922,21351
2019,5,25,46400,52799,36000,59588,17322,2614.84,3048,2609,3569,6569,74623,13399,21300
2019,5,26,82217,71140,33694,39379,778,2614.84,3108,1714,1799,9398,97934,11902,27299
2019,5,27,11636,62664,56464,67606,71803,2614.84,527,3202,3229,5766,94141,31903,45432
2019,5,28,90530,7190,75865,59100,33759,2614.84,3850,2326,2978,5098,71704,38756,16840
2019,5,29,16195,79813,25961,92994,20098,2614.84,1248,3084,1557,8136,15689,24711,23895
2019,5,30,39496,32569,92914,54077,85448,2614.84,2331,1962,1947,8195,51427,10705,3407
2019,5,31,45035,56631,9385,99366,79175,2614.84,4473,1720,2253,7078,21066,13702,31089
2019,6,1,42315,61787,23589,52730,77476,1378.93,3576,1686,2565,5316,11842,10971,48300
2019,6,2,81337,4172,37920,59533,71951,1378.93,918,3580,4360,9366,24106,21801,14977
2019,6,3,91109,35828,99055,71542,56894,1378.93,3572,1128,1798,8670,84640,18369,12757
2019,6,4,46813,93218,94765,54378,72223,1378.93,1700,3558,2130,5971,13090,15432,22960
2019,6,5,50949,34010,44014,91661,70645,1378.93,4813,1753,1222,8867,49646,43543,18120
2019,6,6,57976,58220,25455,65222,6732,1378.93,3590,3543,3312,9424,15850,25534,10096
2019,6,7,84019,89622,45445,27501,41945,1378.93,2932,2892,1022,6604,14630,45892,24888
2019,6,8,87770,30719,73998,8068,75939,1378.93,2963,1090,3215,6844,15487,19814,23645
2019,6,9,53513,65430,74843,56825,10137,1378.93,3710,1022,1542,8320,38006,47032,49115
2019,6,10,85395,97292,39925,10643,589,1378.93,1534,3357,2900,6884,12777,13838,7182
2019,6,11,20529,30741,30456,35096,74158,1378.93,1393,2670,1372,9950,13686,37860,45943
2019,6,12,30351,49558,48368,35438,60065,1378.93,2469,1810,1654,8746,72452,19670,2726
2019,6,13,95928,95339,5315,180,92223,1378.93,748,4102,3831,6670,64197,22989,18092
2019,6,14,56768,36944,67012,68140,68179,1378.93,1000,4880,3766,5822,66670,10182,17858
2019,6,15,73445,49140,71993,89814,4238,1378.93,1770,1517,1135,8366,16696,48357,44445
2019,6,16,30177,97067,77461,79008,24244,1378.93,3348,1010,4952,5359,65502,13131,8010
2019,6,17,69570,87855,94364,3336,58574,1378.93,4870,3369,1525,8214,38182,30762,11034
2019,6,18,62660,44953,47280,18795,73390,1378.93,3503,3565,2394,7774,98924,13166,30329
2019,6,19,18974,17274,99000,30278,18985,1378.93,3408,3553,3707,8258,16492,27280,14502
2019,6,20,65158,38112,92003,91683,56326,1378.93,3797,1374,2841,6076,70482,31230,46537
2019,6,21,82757,53987,84796,76503,31302,1378.93,4491,1626,2344,6992,96904,36329,33720
2019,6,22,74345,6665,24883,43053,10789,1378.93,1684,2298,2586,8686,10934,43912,33124
2019,6,23,25224,39130,95601,33065,41559,1378.93,4294,4314,1421,5441,13222,34074,16084
2019,6,24,15513,95309,50702,32858,5152,1378.93,4186,4496,1973,6870,38900,14114,13958
2019,6,25,59897,25585,6413,47483,4272,1378.93,2746,1702,1758,6704,78910,15166,6745
2019,6,26,85783,9557,28099,38556,24998,1378.93,2629,1028,1162,9682,89718,45727,28916
2019,6,27,53640,75257,41576,56966,85678,1378.93,1079,1156,1060,7491,18824,26683,30476
2019,6,28,84236,33507,72530,46462,36854,1378.93,500,3987,2347,9402,93894,18822,1440
2019,6,29,39964,16524,59206,80540,22559,1378.93,2619,2549,4180,8398,49514,26209,48925
2019,6,30,64671,20594,88135,87083,98085,1378.93,3765,3672,1048,6294,61485,34253,47543
2019,7,1,28084,39593,31433,22780,33487,1744.68,2742,1361,4333,9634,88919,24609,1102
2019,7,2,2254,81470,15143,2800,30984,1744.68,2469,2929,1686,7294,82365,19474,41352
2019,7,3,84669,81038,7133,87315,58876,1744.68,1399,1958,2329,9183,26089,47167,7738
2019,7,4,39312,5184,79881,64998,81170,1744.68,958,3422,1621,8870,10326,13956,18801
2019,7,5,28805,86396,81886,90995,57300,1744.68,726,1967,1640,7858,29282,36867,14252
2019,7,6,65596,87034,40178,29277,76218,1744.68,2795,1066,2802,5360,96877,18971,16267
2019,7,7,7828,52837,68747,74449,40289,1744.68,4757,4092,2715,5998,60086,15014,21321
2019,7,8,83598,27165,73335,45239,85023,1744.68,3457,1969,4649,8635,12597,32218,2617
2019,7,9,21254,55393,14100,9056,94421,1744.68,4379,2247,1382,6260,93048,20453,10977
2019,7,10,50798,97806,5898,24865,17152,1744.68,4879,1508,4500,6436,62339,10875,32337
2019,7,11,32182,60797,77845,38183,99432,1744.68,812,2037,2186,9010,62444,13222,6795
2019,7,12,45477,56824,75207,25642,36301,1744.68,2446,3449,2411,8343,28314,49562,18255
2019,7,13,50680,68194,312,76533,97759,1744.68,2407,1291,4799,6442,84473,39230,12651
2019,7,14,88398,4875,92620,66937,39375,1744.68,4894,1203,3239,5100,43196,30892,5065
2019,7,15,83355,5643,84342,82118,90338,1744.68,1680,2369,2200,7994,33901,44958,12656
2019,7,16,60995,37661,41250,794,35616,1744.68,1375,1490,1949,8995,23653,10734,42076
2019,7,17,20412,63548,20232,48651,78649,1744.68,4542,3354,1714,7862,60472,25758,13428
2019,7,18,42892,58505,33128,40093,56848,1744.68,1402,2841,2392,9004,34986,39360,33381
2019,7,19,51080,91363,29726,14381,56710,1744.68,2056,3472,3277,7287,42122,28277,3379
2019,7,20,17067,88018,22985,2488,18254,1744.68,3246,2496,3312,7725,17588,15159,49809
2019,7,21,27459,85344,49354,81203,94348,1744.68,562,1734,2053,9494,59806,15114,34340
2019,7,22,70018,93216,58587,19648,46855,1744.68,2924,3921,1430,7334,66408,12080,17062
2019,7,23,70717,61007,33532,45381,5085,1744.68,540,3894,1463,6245,30096,47162,1121
2019,7,24,26937,660,8941,18991,17299,1744.68,922,3668,3313,9043,23315,41520,35099
2019,7,25,92457,71240,5442,13887,58501,1744.68,4921,1146,4208,6914,90949,20644,38202
2019,7,26,70925,67842,19539,23740,10439,1744.68,901,2374,1645,6193,56364,33944,49635
2019,7,27,81293,73174,87613,59606,32217,1744.68,2477,1024,3518,5846,54910,23370,10928
2019,7,28,11121,24832,18940,76681,44636,1744.68,3676,1130,1762,9566,55651,20871,26241
2019,7,29,49201,42906,58246,32199,39099,1744.68,1142,1590,4135,7414,96348,10842,30963
2019,7,30,47386,13826,93728,45904,36745,1744.68,626,4216,1172,9140,57248,13062,14990
2019,7,31,97158,20925,82720,23943,20491,1744.68,4813,1042,2628,9410,18240,36726,4724
2019,8,1,50735,57118,87212,70841,69818,2152.39,4577,3642,4993,7846,36738,14982,39915
2019,8,2,16108,17307,21155,87025,74555,2152.39,533,1942,2385,8960,32320,42108,38315
2019,8,3,85641,34716,39737,21403,52956,2152.39,3127,1654,4932,5338,14478,19749,26464
2019,8,4,31606,41813,19744,81599,38646,2152.39,2933,1104,3788,7174,58128,14695,6483
2019,8,5,38754,75014,76526,26140,15841,2152.39,4599,1480,3561,8682,22882,12868,8847
2019,8,6,17152,27362,32911,67084,2701,2152.39,3184,1324,3309,5864,48607,36954,6498
2019,8,7,95762,61541,8059,85903,28333,2152.39,597,2085,3903,7122,19162,39743,32539
2019,8,8,35969,94177,7576,95882,34865,2152.39,3750,2015,4171,8012,19098,43223,46810
2019,8,9,14510,38635,60233,29171,61562,2152.39,1124,3675,1550,8694,59577,15064,8840
2019,8,10,89425,10175,82150,79680,53649,2152.39,4422,1948,3606,6708,14870,13910,8079
2019,8,11,40160,26953,5486,30683,84966,2152.39,524,1662,4569,7974,44997,14974,40936
2019,8,12,9329,27474,31158,96061,18009,2152.39,1124,3784,2260,9626,13886,37261,40735
2019,8,13,34057,89239,93231,52663,98941,2152.39,2484,4099,3385,8652,86133,23350,45081
2019,8,14,85257,42743,55529,81178,43232,2152.39,3659,3911,2999,9817,81324,12359,1062
2019,8,15,76904,8801,2496,10517,18427,2152.39,2777,3834,2902,7359,37848,26842,22312
2019,8,16,18792,60333,82294,57177,4654,2152.39,1878,1261,1168,9658,87438,20751,18427
2019,8,17,69285,26099,39663,97284,12268,2152.39,994,1054,1139,9694,16038,30917,37339
2019,8,18,17154,30168,49753,45056,37527,2152.39,1897,1318,4285,8390,29846,35290,3953
2019,8,19,38969,26726,91553,66489,95485,2152.39,2239,4768,1440,6518,78404,33707,28991
2019,8,20,46945,54399,39231,93084,49241,2152.39,716,2746,1788,6457,27801,11342,21621
2019,8,21,60410,16052,28337,41047,70242,2152.39,1337,1134,1260,8492,92050,46744,8184
2019,8,22,13232,45643,61513,51025,55249,2152.39,4731,2192,1344,5158,11628,26259,39917
2019,8,23,11935,1982,59006,30075,58439,2152.39,740,3847,4210,8164,59894,11616,3160
2019,8,24,88613,2584,31366,89873,36825,2152.39,1616,1407,1762,8970,17431,14030,39769
2019,8,25,20750,2164,59203,31417,58829,2152.39,4027,1534,4163,6076,13526,13953,37183
2019,8,26,2545,2930,82802,21755,33359,2152.39,2557,1970,2982,5275,28194,14806,9048
2019,8,27,15044,14811,81214,33158,95643,2152.39,698,1391,2160,5721,64159,42340,48646
2019,8,28,52905,88188,63104,58420,87573,2152.39,2373,2006,3220,6134,28222,16578,30292
2019,8,29,80574,55780,54901,58556,47407,2152.39,4713,3801,4256,7278,11958,19808,33095
2019,8,30,2276,2126,42643,19436,84200,2152.39,3128,2103,1341,9918,11874,15265,6803
2019,8,31,87875,34248,21734,71096,55774,2152.39,4025,2698,2086,5278,27605,19493,49956
2019,9,1,17319,48295,88982,4598,60254,1945.73,1872,3730,2874,5330,62929,14676,48881
2019,9,2,70789,16385,92370,78372,28260,1945.73,1245,2506,4367,7394,34632,45674,7635
2019,9,3,74071,87331,17762,49349,31289,1945.73,4072,3606,1900,6116,69555,28505,37255
2019,9,4,28286,92781,7237,86161,51793,1945.73,2188,3932,2902,9558,33655,47513,36518
2019,9,5,83545,99901,10020,29265,69946,1945.73,4938,4015,3334,9051,93363,45974,11004
2019,9,6,62658,17436,60933,14559,46842,1945.73,3063,1078,4620,6651,61286,41412,30489
2019,9,7,53170,28476,46697,72424,4386,1945.73,4936,2929,1603,6307,33545,16548,30352
2019,9,8,23664,58485,26916,88350,33888,1945.73,4323,1545,4066,5255,11103,17259,36631
2019,9,9,92096,70519,92386,31716,53523,1945.73,4479,3043,3499,6175,95466,19236,20025
2019,9,10,82879,31755,23518,79483,94414,1945.73,2382,3076,1899,9298,22777,15786,7064
2019,9,11,25929,7101,62332,96347,52357,1945.73,3605,4451,1657,5991,92519,30179,39787
2019,9,12,76016,31999,53223,90867,18175,1945.73,1454,2404,1794,9971,96886,15128,48689
2019,9,13,23387,59270,41989,71638,48568,1945.73,2424,1704,1866,6107,87194,40574,14766
2019,9,14,22247,800,85026,98904,23143,1945.73,4082,1028,1800,9246,22727,10421,27545
2019,9,15,47345,49182,77826,60491,15506,1945.73,3049,1002,1362,6006,26881,15252,24713
2019,9,16,91156,80658,6100,63022,13117,1945.73,4947,1478,1810,5326,50617,49939,43294
2019,9,17,15222,79700,65450,41117,78356,1945.73,1537,1408,1142,5714,86189,15422,4529
2019,9,18,70427,70592,57163,37112,80629,1945.73,2363,1783,2404,9640,51156,26873,1614
2019,9,19,84461,71104,78588,11258,92429,1945.73,1197,2649,1054,6006,65117,14478,29206
2019,9,20,47527,66655,29312,33941,62369,1945.73,859,4147,2444,9374,10470,49424,31854
2019,9,21,26122,71327,71209,23527,46142,1945.73,1751,1212,4820,5338,41859,18600,38717
2019,9,22,74544,19409,42602,99801,62407,1945.73,3412,1284,4372,9075,60225,12398,7719
2019,9,23,97281,12437,18592,99725,38163,1945.73,4149,4284,2528,6709,16678,10052,21203
2019,9,24,25426,70914,85623,51598,16252,1945.73,1549,2147,3241,9150,23299,25647,43834
2019,9,25,36869,26712,51933,27593,92139,1945.73,2037,4419,1900,5628,11000,29108,28510
2019,9,26,53183,4645,59745,62063,7706,1945.73,2083,4483,1171,5422,17432,33774,13907
2019,9,27,62892,3983,90922,26134,49485,1945.73,3132,1353,2283,9462,30297,15774,14221
2019,9,28,64926,43687,55194,22224,75668,1945.73,1331,3849,1685,7427,90912,11494,27041
2019,9,29,41334,24348,55226,92505,43406,1945.73,2630,1297,2992,7114,32430,42476,22659
2019,9,30,14125,16915,45182,87761,53332,1945.73,3534,3256,1044,5079,40479,11184,41832
2019,10,1,58163,40035,157,35590,47299,2197.35,3274,2997,2476,8550,31403,18422,5900
2019,10,2,94762,37701,43127,94666,86483,2197.35,3789,3396,2136,6549,56727,38967,1956
2019,10,3,66436,91337,90838,91515,31816,2197.35,4986,1330,3407,9718,41919,22057,2022
2019,10,4,32394,51547,10056,9871,53677,2197.35,886,3437,1030,9483,43102,48344,41459
2019,10,5,37791,68245,18093,84927,81146,2197.35,502,2581,2508,8734,55447,30675,24821
2019,10,6,49457,65434,37006,24217,91929,2197.35,1273,4321,1823,5370,34191,16278,45278
2019,10,7,14139,10549,65290,26001,46384,2197.35,4344,4173,2987,9778,85451,24133,8392
2019,10,8,33610,25698,21715,16118,73133,2197.35,3144,3941,1226,5110,63157,17227,43514
2019,10,9,11780,9431,91549,58603,82112,2197.35,916,2601,2640,7094,54954,49023,42093
2019,10,10,81839,79299,99549,74826,38088,2197.35,3958,1696,2049,7024,16690,16533,35000
2019,10,11,80539,67311,55475,55838,83813,2197.35,3064,1192,4414,7782,70545,42877,18632
2019,10,12,89409,62351,71831,42049,19446,2197.35,2423,1283,2435,6656,76108,10522,26785
2019,10,13,58324,41420,48572,85373,28444,2197.35,1905,1362,2750,7474,81170,36562,19089
2019,10,14,8716,20587,48506,53130,67904,2197.35,2358,2311,2753,8806,15712,33550,35403
2019,10,15,43678,89488,51186,66113,62812,2197.35,2987,1134,1174,7910,22858,13508,27294
2019,10,16,93351,41116,38842,46102,14848,2197.35,2663,3563,3302,7521,93044,41205,36365
2019,10,17,82924,21756,14870,97029,22297,2197.35,578,1956,1420,7082,48438,15583,46934
2019,10,18,25410,7778,36718,10474,32040,2197.35,676,1586,2043,5527,71490,48242,25928
2019,10,19,48244,70507,71806,21546,18028,2197.35,4103,1910,2957,5334,14331,25253,31203
2019,10,20,57258,44910,7579,93678,43026,2197.35,4261,4786,1230,9350,11611,28536,22369
2019,10,21,54611,68298,53927,88006,63825,2197.35,1247,3419,1854,8820,49964,13949,25417
2019,10,22,5608,45420,31253,8565,55744,2197.35,706,4352,1844,8208,39382,16221,45584
2019,10,23,62821,64996,51008,59318,27326,2197.35,2854,3287,1842,7150,86292,11092,12620
2019,10,24,67197,22541,39512,79472,63298,2197.35,3420,3904,2599,8262,93820,39694,5828
2019,10,25,86608,60342,69048,9805,34441,2197.35,1025,3612,3424,7033,72930,17101,8430
2019,10,26,6005,60785,15390,53273,2565,2197.35,4364,1112,1925,7574,65583,20222,18034
2019,10,27,26055,75357,5479,10006,16381,2197.35,4700,4340,4639,5099,29144,10432,49299
2019,10,28,43529,21522,24045,33305,64907,2197.35,1757,1830,4110,8498,24182,26674,46975
2019,10,29,16533,4899,62788,89810,25126,2197.35,662,2532,1398,5510,77537,11274,44723
2019,10,30,31162,43590,72152,7153,78689,2197.35,2584,3568,4168,7981,71872,16330,17648
2019,10,31,71308,54983,91338,45419,53481,2197.35,3444,1364,1770,9918,76174,28248,31873
2019,11,1,2559,62133,82385,34421,39670,2076.87,581,4611,3698,5478,78299,15404,1548
2019,11,2,6671,16869,13219,64652,5093,2076.87,2311,1334,4982,7729,29907,23206,33646
2019,11,3,36174,16272,26330,53758,8798,2076.87,1063,2707,1709,9608,62128,22730,4578
2019,11,4,66348,44062,22342,6398,33148,2076.87,4095,4818,3861,7340,20821,38953,16994
2019,11,5,27311,73133,15381,68645,87214,2076.87,1851,3387,2910,8180,93496,12270,45288
2019,11,6,89110,25912,30768,72171,40711,2076.87,1252,3409,4661,9946,46159,11262,9248
2019,11,7,66940,26607,58979,801,20272,2076.87,1105,2581,1282,5970,32577,22850,46153
2019,11,8,33125,74429,12590,11036,58961,2076.87,4095,4421,3348,9782,36591,10830,22438
2019,11,9,86815,47845,28821,56476,14143,2076.87,635,1081,2937,7798,98233,38208,24980
2019,11,10,47119,54339,2142,49107,42177,2076.87,3308,1230,1008,7249,86335,34459,34719
2019,11,11,89687,16783,65234,38035,77998,2076.87,4797,4811,1020,8617,37638,30162,1825
2019,11,12,79949,13274,77596,97886,80592,2076.87,2445,2709,1519,9182,93168,10104,25829
2019,11,13,89305,31477,80348,31156,98727,2076.87,1967,4764,1169,7200,42799,10518,33036
2019,11,14,15377,18949,91682,81398,23918,2076.87,2911,3865,3945,5507,18102,39536,29320
2019,11,15,47688,86900,83599,10559,41486,2076.87,605,2141,4594,9250,78297,39672,26767
2019,11,16,11693,10265,44438,27862,23817,2076.87,3380,4192,2536,9078,36941,46453,3589
2019,11,17,75734,14854,66671,34679,86713,2076.87,566,1512,3023,8406,61310,29508,1125
2019,11,18,67283,93268,76650,8230,21925,2076.87,2901,3616,2914,9382,61478,21730,21299
2019,11,19,95927,16211,77276,34815,62624,2076.87,1267,3356,1714,7937,89386,32133,14217
2019,11,20,49062,96306,99238,53437,86822,2076.87,2944,1854,1398,5946,78685,16896,26900
2019,11,21,63597,26587,42060,61512,35278,2076.87,4593,2555,1099,6450,82370,48723,19890
2019,11,22,7438,79990,53432,52859,44280,2076.87,1344,4692,1930,6933,63129,17306,9171
2019,11,23,93833,62426,29105,80351,38372,2076.87,3793,1968,1466,6894,79831,36005,7790
2019,11,24,50743,95777,49913,3195,88998,2076.87,3269,1434,3624,8052,65644,39255,48635
2019,11,25,47223,83341,98948,19050,274,2076.87,2698,4105,1718,6802,90808,29225,28429
2019,11,26,30945,79602,97546,81673,26807,2076.87,4029,3901,3153,7892,97095,28502,27377
2019,11,27,98929,15365,74937,27553,3417,2076.87,1807,1991,1122,8454,86040,40546,6933
2019,11,28,10536,80091,51005,51390,86894,2076.87,1966,4189,2765,9034,15861,14572,41813
2019,11,29,38241,16243,58474,11394,50184,2076.87,1247,4111,3636,9534,93015,23404,21921
2019,11,30,54469,26175,90396,94742,58282,2076.87,1639,1414,2878,8995,52909,26123,42789
2019,12,1,99876,10313,14926,44388,42526,2489,2628,3767,4322,6118,25303,42594,45850
2019,12,2,16622,90767,46231,14157,135,2489,4976,1308,1382,6069,15206,35522,19635
2019,12,3,64062,2462,74753,83057,55371,2489,894,1014,2540,5141,15985,36418,17229
2019,12,4,70991,14966,95186,41665,25340,2489,610,3312,2607,6840,88820,27741,36841
2019,12,5,32827,90150,70402,25561,86219,2489,1082,1146,1318,8778,33336,45527,37696
2019,12,6,69416,9905,774,63308,1398,2489,4725,3739,1724,5082,30403,23415,16759
2019,12,7,48104,31014,48080,92063,94206,2489,1155,2031,3400,5828,68944,45971,3252
2019,12,8,10605,96379,96251,761,98566,2489,1287,2980,1694,6834,31288,23591,45939
2019,12,9,96524,47366,62331,44600,58629,2489,3014,3084,1718,9810,31498,10630,42734
2019,12,10,52049,84007,94040,95450,6916,2489,1420,2519,4361,8054,18279,15864,12984
2019,12,11,99962,80920,42260,72156,60684,2489,747,2206,2265,8077,14510,12245,23548
2019,12,12,17164,36172,51682,57262,34969,2489,4269,2017,2186,8308,82466,40453,33181
2019,12,13,81292,40239,7973,40653,94261,2489,4931,1156,4874,7191,82729,18166,42604
2019,12,14,47091,44829,74117,84356,52906,2489,1601,1420,2093,8282,60034,47062,25923
2019,12,15,47815,84304,34080,31353,2612,2489,1805,3902,4487,6129,40906,33747,32898
2019,12,16,5086,72191,10674,44960,29382,2489,1869,1471,4582,5986,77179,14984,9755
2019,12,17,11909,73781,93909,40354,38415,2489,3767,1229,4597,8406,33933,14426,3943
2019,12,18,3448,55740,41111,92935,18221,2489,3034,3305,1126,8822,84617,16291,48369
2019,12,19,29814,46487,92764,84396,82473,2489,3234,1474,1334,8494,67438,14840,36295
2019,12,20,88789,87558,17422,43386,58109,2489,593,1555,3446,8055,70842,41666,1356
2019,12,21,56425,80229,64973,43335,288,2489,4626,1750,2427,8741,14495,11252,49590
2019,12,22,55036,39082,21985,31462,57577,2489,1301,1364,4684,7456,89750,17792,5775
2019,12,23,31431,6696,29348,54877,64752,2489,1542,2527,1769,7866,97213,47056,16542
2019,12,24,27456,56840,27157,39884,25581,2489,1135,1240,2085,9471,28428,21013,8004
2019,12,25,11599,74731,17378,21283,54806,2489,862,1235,1527,9070,57463,27630,23480
2019,12,26,67668,70358,65158,64437,48225,2489,2845,2031,1134,5442,48266,27494,28723
2019,12,27,95710,15754,74463,9147,21578,2489,666,3175,2620,7786,70809,48777,2891
2019,12,28,53721,76236,51365,248,27361,2489,2877,1379,4185,9386,75816,43761,8828
2019,12,29,88109,70014,35793,40023,91367,2489,2517,3427,4812,7946,12573,37741,34060
2019,12,30,94870,92733,70917,88843,6622,2489,2619,1394,4312,8984,76940,28025,8078
2019,12,31,14164,4818,89405,9701,30556,2489,3461,1590,2937,5606,75038,18618,31573
2020,1,1,92556,62732,22182,887,75306,1555.03,2107,4389,1688,7662,91010,10548,9924
2020,1,2,54922,67704,39582,60258,44644,1555.03,4420,1634,3363,8252,12719,21287,33959
2020,1,3,53935,47736,89226,75893,39126,1555.03,1909,3032,3964,8192,48918,35621,14882
2020,1,4,80367,77378,20012,27558,78328,1555.03,2826,3248,1382,8760,93505,12154,27374
2020,1,5,22719,84278,38238,62434,84751,1555.03,3721,3685,1395,9298,30929,20520,17309
2020,1,6,54180,12840,18553,98144,33283,1555.03,3765,3648,1200,8822,41205,11768,33823
2020,1,7,97502,74033,5480,8931,62793,1555.03,1355,1862,4613,9592,64296,34364,48985
2020,1,8,3253,64370,39402,34649,53668,1555.03,1520,4198,4521,6425,22341,32803,20331
2020,1,9,40248,72459,62804,17800,42587,1555.03,630,1440,4393,5509,65370,23537,4010
2020,1,10,10846,46726,75400,10460,82670,1555.03,1175,2274,1694,9366,36922,40435,6048
2020,1,11,37259,58443,14634,36781,14868,1555.03,935,1467,1580,8739,11246,34724,3328
2020,1,12,69101,95650,41165,79846,91159,1555.03,4734,2004,1938,5970,28815,18633,22887
2020,1,13,17534,39991,70908,54302,90567,1555.03,4737,4176,3976,9370,80956,30195,24182
2020,1,14,29050,83245,1663,54836,48336,1555.03,911,2435,4282,6864,13632,10440,7282
2020,1,15,36314,83367,28797,38630,44852,1555.03,3615,3736,3953,7062,33038,20871,7612
2020,1,16,35057,77776,65049,50385,53498,1555.03,579,2547,1210,8998,53734,10287,12357
2020,1,17,5876,25998,27723,41510,39425,1555.03,1949,2089,1072,7098,30719,35924,7707
2020,1,18,71062,70687,64661,85016,81561,1555.03,2238,2968,3177,7286,83352,11675,14051
2020,1,19,65996,63933,60575,27948,46175,1555.03,3235,3401,1657,9266,19830,46081,30661
2020,1,20,40017,78212,88171,81089,91662,1555.03,3364,2723,1864,8764,64090,15390,35242
2020,1,21,78428,86329,36809,86606,89968,1555.03,4632,1934,4093,6262,83909,46619,20162
2020,1,22,72219,22145,15021,28876,4455,1555.03,1308,4470,1700,5830,41910,27507,41283
2020,1,23,81073,41628,6583,3352,6005,1555.03,2191,1576,3352,8010,14990,13319,20673
2020,1,24,80514,84725,19282,64607,26283,1555.03,1225,3500,3039,5204,43727,28845,19544
2020,1,25,232,85036,39668,36077,30867,1555.03,3583,3290,3205,5590,31641,45561,31579
2020,1,26,57190,55186,62697,30543,15538,1555.03,882,1050,1161,5847,60656,43796,16438
2020,1,27,65391,88234,8649,39782,47183,1555.03,3627,2413,3763,8294,99841,34629,2377
2020,1,28,56225,79778,29272,95782,49943,1555.03,2694,3484,2450,6406,70378,14339,27266
2020,1,29,86829,80592,60390,54342,26439,1555.03,3137,3180,1982,6286,47962,39164,37398
2020,1,30,25515,66590,52930,79278,41236,1555.03,528,2460,2547,5882,19196,48842,2771
2020,1,31,3148,67289,38679,51950,87680,1555.03,1288,1728,4647,6068,45200,32438,9057
2020,2,1,9691,40619,72409,82829,4933,2098.69,4694,1521,1716,5318,29109,49976,27925
2020,2,2,16935,26570,48876,42818,52515,2098.69,964,4802,1395,8542,14972,11803,47718
2020,2,3,30555,98341,1452,23585,59894,2098.69,734,4583,2211,5552,68763,12144,2006
2020,2,4,37048,93458,18,67902,30133,2098.69,4229,2067,2047,6218,89884,24562,29127
2020,2,5,80823,52201,44365,83570,66467,2098.69,1725,2021,1538,9528,36957,42783,18199
2020,2,6,79770,7320,28719,86981,66443,2098.69,4124,3490,2290,5494,87743,37423,47482
2020,2,7,44621,71973,84491,16669,5077,2098.69,2582,2250,2926,7814,17446,18796,40727
2020,2,8,86497,13898,22767,53036,43426,2098.69,2170,4546,3394,7182,26526,49837,9724
2020,2,9,54723,42004,69680,62014,57498,2098.69,788,3469,1502,9206,51489,17174,7423
2020,2,10,7357,9072,69426,50283,27371,2098.69,4675,3866,3198,9794,83253,27975,37950
2020,2,11,58517,11777,17522,41912,52666,2098.69,3100,2387,2402,7779,85752,26251,10400
2020,2,12,35202,1541,94722,97300,18171,2098.69,4473,1062,2986,8310,75809,15356,12563
2020,2,13,38200,51837,45575,72750,50631,2098.69,724,4146,1956,8245,67409,25973,45181
2020,2,14,28646,75510,49713,47400,69641,2098.69,3651,1193,3357,9458,18492,21528,35466
2020,2,15,13639,82967,13407,1625,33217,2098.69,3332,2768,2404,8907,76869,16078,39216
2020,2,16,40440,27595,33533,13748,12192,2098.69,4720,2188,4155,9432,18382,28796,17295
2020,2,17,41250,44592,99990,94608,95668,2098.69,2487,4305,2800,5893,10930,17368,18483
2020,2,18,1462,44263,71489,58866,39522,2098.69,1899,4960,2304,6783,93707,18010,48359
2020,2,19,34078,49780,61685,43234,55565,2098.69,3381,1813,2215,8370,15554,39234,32625
2020,2,20,73205,90260,48540,91005,2506,2098.69,3373,3966,1494,6213,62831,19220,9470
2020,2,21,94572,46083,39567,3228,62866,2098.69,2723,3295,1524,5759,72880,37673,49626
2020,2,22,84736,11262,84487,28303,65984,2098.69,2536,4188,1846,6075,30192,17727,8612
2020,2,23,91898,4918,21694,11982,51132,2098.69,1586,2054,1958,7504,65282,26176,1764
2020,2,24,93483,89358,55824,9240,91469,2098.69,1912,1203,1316,7750,20857,22299,28704
2020,2,25,22714,88394,61488,37937,4469,2098.69,2015,2717,2949,9078,24698,14080,41681
2020,2,26,10938,96286,42488,57897,40142,2098.69,858,3623,3478,6247,59214,19814,7770
2020,2,27,84951,56127,97502,57619,70230,2098.69,4917,4294,1751,5650,47230,27571,18359
2020,2,28,49438,35599,40290,62387,45660,2098.69,2819,1596,2624,6662,30844,34118,31340
2020,2,29,9428,47621,67742,39258,3868,2098.69,4203,1422,4434,6846,62787,36015,26957
2020,3,1,42706,95311,99518,463,58893,2464.97,4899,4490,3729,8637,56501,15069,27089
2020,3,2,87809,29451,59046,89467,60295,2464.97,3893,4267,2257,8150,28134,20565,9516
2020,3,3,98706,33305,36352,56762,96092,2464.97,3175,1254,2677,5394,55610,42921,22368
2020,3,4,76134,21862,87413,76215,50500,2464.97,2635,3307,4715,6076,27774,16362,43914
2020,3,5,42549,43020,90630,19806,97523,2464.97,1722,2579,3419,6158,69341,30863,18764
2020,3,6,15442,18869,36012,49471,67914,2464.97,2391,4046,4835,6155,36612,30334,7975
2020,3,7,6422,94249,18643,96137,27282,2464.97,2498,4829,1584,6264,11984,19661,12769
2020,3,8,88244,62710,32242,56663,55784,2464.97,2525,1224,1802,7084,37046,18890,17935
2020,3,9,81512,79439,65114,11347,41946,2464.97,3033,3366,2326,6675,60855,39607,1727
2020,3,10,5796,23354,25789,27935,92834,2464.97,2596,1076,4485,6189,37738,17782,31776
2020,3,11,14124,75265,37846,67278,65154,2464.97,3345,3016,1372,6926,74362,28979,24892
2020,3,12,71537,82396,77346,215,25423,2464.97,4821,2569,4258,7878,75504,37091,4553
2020,3,13,13738,39453,68168,8223,35642,2464.97,4843,1116,3873,5386,33393,29026,22258
2020,3,14,3932,21739,42043,90966,91550,2464.97,4944,4437,1504,7292,79652,23279,32758
2020,3,15,68195,35826,20849,62453,17788,2464.97,895,2877,2156,8134,72451,37797,12705
2020,3,16,72672,47295,70266,86546,76335,2464.97,571,1618,1749,7942,87583,49650,3660
2020,3,17,56724,23880,29089,4580,37521,2464.97,2858,2066,2269,5059,14070,11409,25093
2020,3,18,27764,66766,59287,79921,17180,2464.97,4069,4851,4032,8680,76396,21718,31738
2020,3,19,74347,58320,68337,32448,98638,2464.97,2098,1712,1150,7538,76292,16886,22272
2020,3,20,68983,70503,88442,46252,85562,2464.97,2660,4677,1077,6946,19204,39609,39313
2020,3,21,65037,10019,79461,60421,64354,2464.97,2138,1942,1879,6827,87499,45517,22209
2020,3,22,89099,69598,17230,1602,13488,2464.97,1624,2469,1534,9590,28720,32289,9874
2020,3,23,45730,2734,11967,18160,36032,2464.97,2768,1067,2934,7170,61487,28639,37916
2020,3,24,75789,93627,83692,39020,10454,2464.97,4536,1816,3491,8118,17504,36978,37543
2020,3,25,27992,85481,69448,24720,25547,2464.97,2009,2627,2252,5327,11582,13166,14520
2020,3,26,73244,13555,54352,21178,17135,2464.97,4816,4274,1644,9859,48294,10518,32192
2020,3,27,37402,49183,68526,10893,83653,2464.97,4222,1644,2862,7348,52715,29760,2383
2020,3,28,98190,76077,17389,31794,11405,2464.97,686,4647,1729,5781,11658,15482,23175
2020,3,29,87973,71993,79491,13790,38205,2464.97,2763,1957,3318,7640,19202,26971,27785
2020,3,30,70023,33425,4968,74238,17095,2464.97,3997,1635,3759,5570,63428,45163,7683
2020,3,31,44561,64859,46163,97642,20640,2464.97,2856,3611,1682,7346,38752,44886,18339
2020,4,1,37868,86845,84802,5508,22399,2504.33,1882,1654,1739,6119,89268,40773,11773
2020,4,2,70117,37256,74533,7855,17037,2504.33,2414,1894,2209,6407,18885,17814,36048
2020,4,3,34264,27497,7231,81611,82601,2504.33,3092,1898,1664,7893,42326,44062,18469
2020,4,4,19666,50561,99886,2757,16680,2504.33,3530,1796,2761,8838,94650,26149,5506
2020,4,5,70463,63417,58044,52672,29824,2504.33,4571,1782,1562,6801,62048,19728,26929
2020,4,6,61622,51494,40196,83287,9387,2504.33,2348,1646,4434,7180,64512,16113,48874
2020,4,7,65444,8043,69262,8205,42458,2504.33,4353,4271,1302,8748,98294,12422,30264
2020,4,8,52029,17866,86646,72805,61019,2504.33,2532,2640,1538,9079,11862,42277,15046
2020,4,9,64305,49627,87682,13739,93213,2504.33,1204,3655,1588,7298,83211,35397,18546
2020,4,10,78434,83917,64669,54817,59017,2504.33,1023,1044,2180,8050,83848,16406,12963
2020,4,11,29066,92733,80839,61957,41812,2504.33,4233,2467,2743,8266,36206,12307,3117
2020,4,12,76812,48763,20963,69752,46932,2504.33,1500,1716,4441,6168,96533,29809,20526
2020,4,13,65484,73909,90854,62664,54281,2504.33,861,4697,3785,8052,61653,41948,41054
2020,4,14,37521,82239,64416,90264,6857,2504.33,2570,3668,2087,9884,69771,29019,16974
2020,4,15,26762,91273,87088,47555,93793,2504.33,2363,4275,3880,8216,38290,28160,33621
2020,4,16,9270,75505,27859,9407,93557,2504.33,1354,2428,3102,8518,37692,44958,5864
2020,4,17,49096,6615,94979,47536,12852,2504.33,2906,4612,2374,9993,87167,32518,31103
2020,4,18,79967,30883,41795,53847,49100,2504.33,3359,4720,1940,5148,84127,31848,46437
2020,4,19,64785,51834,29278,52887,83956,2504.33,4197,4403,1287,5527,96938,19138,33322
2020,4,20,56630,6197,75104,45356,86190,2504.33,2874,2507,4504,6020,52706,24955,28623
2020,4,21,82457,67418,49677,54398,9987,2504.33,1245,4770,1988,7526,44009,18438,1318
2020,4,22,65196,24559,51700,71484,16438,2504.33,1973,3067,1185,8334,34774,23726,14990
2020,4,23,77051,79001,56235,86556,65021,2504.33,2862,3829,2709,7790,34578,10810,25293
2020,4,24,94046,70824,93818,12387,52699,2504.33,4682,4245,3736,5476,11466,45174,4179
2020,4,25,47723,12703,84594,35260,11131,2504.33,3985,3181,4720,6314,91088,46092,35720
2020,4,26,6864,68951,59922,99573,29194,2504.33,3619,4590,1675,8789,51976,11750,44500
2020,4,27,82968,83011,84971,78057,65744,2504.33,4582,4817,3401,8582,65076,14531,40700
2020,4,28,26247,74063,19065,40967,71986,2504.33,2059,3849,1850,6674,94773,24648,10153
2020,4,29,7833,29746,64239,89508,74887,2504.33,958,4205,1164,6246,52261,47673,32568
2020,4,30,32254,58196,27491,52007,48723,2504.33,2890,1321,1629,7846,48639,19894,42568
2020,5,1,85699,33816,7563,15384,44942,1563.16,3215,1038,2800,9074,65924,45367,32211
2020,5,2,85659,40130,60946,27213,8744,1563.16,818,3290,2460,7824,48365,45027,24971
2020,5,3,10715,39687,78009,29022,88326,1563.16,1128,1534,3142,5042,11528,44435,32976
2020,5,4,13605,45327,35474,26405,74401,1563.16,1772,1410,2879,9069,14518,32974,1398
2020,5,5,24040,79441,66265,26500,23618,1563.16,2879,1376,1344,5887,79704,17996,14630
2020,5,6,65215,20833,49370,48358,2227,1563.16,2792,1670,1806,9246,42235,41206,21481
2020,5,7,62368,30360,67617,20247,95781,1563.16,3220,4819,3383,5837,62670,14010,37591
2020,5,8,16819,16902,57684,87487,32790,1563.16,1479,4355,4572,8830,62712,43151,37389
2020,5,9,33,71858,8982,16839,16476,1563.16,4396,3842,2927,8364,15441,43707,17569
2020,5,10,12307,35014,29879,95690,20851,1563.16,4041,4021,1614,6725,41507,24943,8902
2020,5,11,30466,4339,89300,21390,16539,1563.16,4540,2922,1572,9874,49760,39399,18364
2020,5,12,7443,90509,84595,5371,98873,1563.16,868,1178,1400,6670,23220,38603,1462
2020,5,13,70562,42262,42625,12716,35339,1563.16,4011,2155,3469,6630,19897,21359,34132
2020,5,14,78026,34438,54282,50951,90664,1563.16,708,3106,1812,9896,19828,26125,20394
2020,5,15,41331,35258,37304,9084,13270,1563.16,2686,1526,4137,5110,12898,17930,26876
2020,5,16,40794,16910,52984,29263,26572,1563.16,1973,1906,3669,7606,71898,14333,22881
2020,5,17,58000,28601,28792,85253,69896,1563.16,1377,1226,1894,8680,20309,13498,48620
2020,5,18,41909,34348,13681,61046,74658,1563.16,1872,1830,4839,9720,61064,11078,42931
2020,5,19,74088,44390,23712,97758,81996,1563.16,3442,1346,4209,7233,41598,44105,45610
2020,5,20,5853,52976,21684,6081,18008,1563.16,930,4915,2691,5963,20960,33700,8345
2020,5,21,8894,69186,15503,85086,70393,1563.16,2847,4480,2307,6262,42237,19302,42919
2020,5,22,23521,87032,92001,64082,44265,1563.16,4538,2006,1573,6221,72548,18350,33599
2020,5,23,70918,8480,64497,79961,90795,1563.16,3660,4687,1996,5514,84772,41386,1809
2020,5,24,88433,88973,2219,25740,16883,1563.16,1393,1638,2838,6796,17966,42102,10808
2020,5,25,3344,95375,42219,89917,91597,1563.16,849,3865,1908,6818,58826,46743,31119
2020,5,26,93506,38839,62784,80852,34354,1563.16,3589,2785,2879,6526,64877,19762,47556
2020,5,27,1615,42623,26517,49453,96017,1563.16,2906,4359,2727,6476,11266,10950,47353
2020,5,28,47595,16478,29541,3545,8175,1563.16,1639,3031,3557,9422,98882,44262,4719
2020,5,29,93331,53824,17048,46210,94631,1563.16,2323,2596,1808,8840,78400,13098,48277
2020,5,30,6193,36307,68979,65272,52783,1563.16,946,1729,2435,7386,36625,15609,24607
2020,5,31,66558,3265,33642,26467,49040,1563.16,728,2369,2699,8266,19750,13681,48876
2020,6,1,37255,42631,9656,12447,21031,1746.8,4990,3689,1901,8694,42823,22859,12923
2020,6,2,32561,59553,30296,94400,12530,1746.8,2309,1598,1804,7560,64833,11125,45905
2020,6,3,24505,23555,63825,94985,28485,1746.8,3740,2090,1487,6802,10888,23870,43858
2020,6,4,52671,45880,63912,84572,62494,1746.8,3783,2006,2639,8166,89453,45168,6735
2020,6,5,16335,66763,27315,12233,86890,1746.8,3357,2745,2053,7076,22729,26890,8500
2020,6,6,47391,86471,58981,231,76219,1746.8,914,3888,2100,8736,29812,44593,36222
2020,6,7,77450,53596,5999,60089,7674,1746.8,1609,1466,4917,8923,68943,31807,11804
2020,6,8,7424,42301,9553,39477,12186,1746.8,1366,1866,1456,6826,76158,27674,48635
2020,6,9,77921,66611,56563,26373,37326,1746.8,2317,4774,1321,6640,74863,30346,36375
2020,6,10,55120,62825,20707,66389,61748,1746.8,3195,4170,3302,8210,24999,10487,39650
2020,6,11,22735,57718,52768,74191,65769,1746.8,1864,1590,1887,9566,86412,15564,28926
2020,6,12,77506,23730,80340,33827,83398,1746.8,525,4868,4378,9918,21256,46125,21555
2020,6,13,57233,69453,81649,5535,59905,1746.8,2374,2638,1442,5141,73180,12837,23000
2020,6,14,80420,91397,22878,8659,66175,1746.8,4223,3679,4371,9134,93858,32768,9291
2020,6,15,42469,24384,87637,76847,91967,1746.8,4323,4198,4697,7323,54733,20953,25246
2020,6,16,10323,53460,53592,7392,88601,1746.8,942,4019,3167,6220,77678,11238,26772
2020,6,17,18748,68254,60726,68120,39168,1746.8,2239,1635,1302,9894,74833,14574,20936
2020,6,18,46474,64157,52835,57523,51481,1746.8,3475,3154,2378,8418,85545,32331,23920
2020,6,19,25190,55774,51351,59709,48880,1746.8,1753,2626,4985,7478,52097,19152,45381
2020,6,20,8414,69338,50788,20084,90566,1746.8,3719,2038,1129,5822,94560,23961,25621
2020,6,21,16826,39388,52116,10557,37806,1746.8,2887,4346,3434,9574,55406,17340,37662
2020,6,22,22323,32160,42645,52308,85991,1746.8,1460,4403,4078,8599,30839,20995,44742
2020,6,23,30573,70911,8034,36702,63817,1746.8,2014,1294,3332,9129,91198,12489,18946
2020,6,24,16791,438,91836,26578,61027,1746.8,998,3348,4401,7886,35656,31743,47242
2020,6,25,38981,73469,76147,3059,62068,1746.8,4054,2639,4248,8439,45692,16138,23338
2020,6,26,33738,72707,55059,8422,68189,1746.8,911,4978,3045,5502,27907,40424,12609
2020,6,27,76341,13151,23773,55742,57389,1746.8,2484,2720,4248,9982,32131,27668,25781
2020,6,28,69673,22538,36660,63921,20977,1746.8,3336,4713,1410,9747,79487,39598,32353
2020,6,29,88708,399,40930,68106,29497,1746.8,3529,1682,3338,8653,77929,22079,18837
2020,6,30,24435,31766,84800,90035,78101,1746.8,2702,2772,4467,8734,28044,26796,16931
2020,7,1,82733,47862,40829,92480,27349,1711.81,2539,4098,4060,5644,73595,22896,46780
2020,7,2,74174,79432,37588,22827,57362,1711.81,3612,4126,1644,7304,67226,44100,9667
2020,7,3,87702,31351,99920,58416,59395,1711.81,2833,3479,1868,8662,67310,18277,26716
2020,7,4,81794,64850,12377,35854,30494,1711.81,3749,4666,1754,5386,43845,10944,2324
2020,7,5,38707,7458,60947,49525,77457,1711.81,4976,1334,1760,9895,23573,13038,44525
2020,7,6,86612,51408,10101,43893,36422,1711.81,2169,3214,2260,7246,54067,22754,27412
2020,7,7,43221,29169,93773,41328,41858,1711.81,3146,1136,1427,8194,46439,38883,37618
2020,7,8,18618,56416,20394,94493,66312,1711.81,1113,4274,3078,5142,13166,14499,10320
2020,7,9,49978,41688,82714,8590,98938,1711.81,1343,3509,2300,5902,99836,40509,3133
2020,7,10,29086,29336,21074,90513,3428,1711.81,748,2044,3928,6141,32888,13192,17513
2020,7,11,26461,95355,75866,54539,67921,1711.81,788,4249,2070,8918,42838,46007,5384
2020,7,12,87587,40535,4518,86240,32003,1711.81,1748,2439,1590,7821,84304,19820,20706
2020,7,13,31687,30053,91865,55615,12546,1711.81,3557,4006,1459,8854,19802,20731,41106
2020,7,14,59806,45287,71333,23228,96093,1711.81,587,3679,2408,6456,86270,19410,30523
2020,7,15,43514,13019,13203,9907,77193,1711.81,4726,3878,3910,7942,80844,12920,47507
2020,7,16,29048,59402,11814,81859,30176,1711.81,3941,1332,4700,9046,29559,45792,38063
2020,7,17,20797,31499,95824,24557,37955,1711.81,648,1468,1464,7052,91374,38656,32094
2020,7,18,87380,71101,13887,31290,59043,1711.81,2744,4442,1835,9558,10638,17010,11083
2020,7,19,37621,21595,23343,37321,11868,1711.81,4464,4015,1514,5288,73572,10126,19254
2020,7,20,27382,33892,36527,38846,23765,1711.81,3853,1143,1438,7739,42432,40747,44253
2020,7,21,68822,46529,11542,55657,46087,1711.81,4018,1078,2139,8712,53730,14007,14194
2020,7,22,14319,19548,29375,31423,64836,1711.81,1480,3568,4541,9359,63766,43305,19299
2020,7,23,83612,7620,20801,15317,81712,1711.81,1063,1884,4761,7922,38893,22199,13233
2020,7,24,48150,27912,88611,290,72977,1711.81,648,2294,3239,6374,18716,43074,8693
2020,7,25,62026,21549,67996,31567,60908,1711.81,1224,4519,4380,8126,59835,21091,31762
2020,7,26,41610,82251,4329,51371,16207,1711.81,4921,1424,2484,9776,97348,10460,43222
2020,7,27,3577,94349,64107,98168,37076,1711.81,1242,4100,1456,5589,47018,31630,49175
2020,7,28,57351,88243,26150,96731,66620,1711.81,4174,3228,4586,9718,75950,17144,2337
2020,7,29,98076,32224,97853,85560,77108,1711.81,2372,2035,2253,6478,95202,18666,11553
2020,7,30,25654,52797,58429,62729,78386,1711.81,4358,1480,1393,6860,48818,43012,21799
2020,7,31,89197,99345,17593,90136,54199,1711.81,3631,3625,2117,5962,70536,35576,9895
2020,8,1,32909,32612,71642,75740,27815,1593.16,2744,1230,1508,7702,75348,27547,30970
2020,8,2,41183,11084,70293,28043,76254,1593.16,3591,1204,2248,5622,46147,14294,13305
2020,8,3,63710,14773,49261,1546,85310,1593.16,933,3217,3800,8926,10308,11614,34837
2020,8,4,86248,28053,58577,91997,24877,1593.16,895,1059,1360,6188,10453,15890,33925
2020,8,5,85845,44045,29564,83094,84123,1593.16,970,4184,1835,5847,65729,42144,42063
2020,8,6,57037,33015,26714,90837,71941,1593.16,3802,3187,1426,7378,66535,12616,37023
2020,8,7,77656,18783,88715,55368,41323,1593.16,4332,3519,4564,8895,26612,10038,49168
2020,8,8,47311,33200,24223,54146,5400,1593.16,1289,2435,4317,9354,53271,27609,6304
2020,8,9,42729,22074,85797,24156,65804,1593.16,1810,3458,3818,7534,98825,11492,18684
2020,8,10,51044,24511,5012,10608,79758,1593.16,1998,2067,2527,9830,81212,11734,47976
2020,8,11,17525,43854,81714,56842,33209,1593.16,4451,2288,4761,6599,32795,11138,1337
2020,8,12,71636,79606,15376,91806,47834,1593.16,3297,1902,1142,9332,42188,34820,30553
2020,8,13,38989,29187,61888,36516,40408,1593.16,793,4283,3305,7506,47476,11490,9453
2020,8,14,5195,48280,45155,94956,51232,1593.16,520,4218,3907,9018,31023,21740,27950
2020,8,15,12800,673,36970,84215,91686,1593.16,4034,1358,3344,7273,83541,15103,29159
2020,8,16,73078,39336,55739,76384,93194,1593.16,600,3388,2846,6102,93343,19077,3216
2020,8,17,68705,60216,74648,58964,42463,1593.16,703,1614,2695,8060,55828,14380,5671
2020,8,18,13184,91215,45055,37880,4840,1593.16,4335,2917,4283,5073,54300,27476,28597
2020,8,19,94641,99901,75865,78840,7008,1593.16,2916,1432,1560,5138,51026,18390,35561
2020,8,20,94587,31730,76205,17282,65755,1593.16,1662,1186,3246,6146,49521,28085,32033
2020,8,21,21665,85209,6003,5948,76634,1593.16,3424,1274,2907,5640,50113,49914,26655
2020,8,22,77553,64382,91978,39681,53298,1593.16,4270,4236,1084,7734,81517,23191,43004
2020,8,23,52507,29532,84833,92105,22601,1593.16,1541,4264,1836,8896,66564,12547,1422
2020,8,24,35551,66341,174,44810,58333,1593.16,1075,1780,1019,6114,75565,10854,16639
2020,8,25,12408,19836,64906,19845,56662,1593.16,3035,4167,2306,8448,17623,14906,46423
2020,8,26,44926,54165,75523,80839,13061,1593.16,4737,4963,3426,9910,19554,16759,42087
2020,8,27,76549,70849,2645,23921,40253,1593.16,4589,4012,1506,9494,88856,37409,44562
2020,8,28,52269,81892,12929,60927,92463,1593.16,832,2387,1067,5450,18226,14128,30552
2020,8,29,9794,27964,79092,18221,54227,1593.16,4979,1558,1063,7960,54694,32668,5216
2020,8,30,14889,95636,1681,45637,1482,1593.16,3045,1782,3779,5973,31028,31241,40537
2020,8,31,92877,23214,18630,93944,74569,1593.16,3071,4361,2522,7038,18933,14054,3208
2020,9,1,20265,98876,1146,24240,69922,1672.47,4127,1124,1845,9536,83390,42381,1398
2020,9,2,34161,53493,47513,96486,84522,1672.47,4361,2734,3735,6620,98654,16942,28755
2020,9,3,7729,99368,30817,27596,18302,1672.47,2677,3565,1440,5878,79157,10958,32566
2020,9,4,20341,34637,33271,72186,35753,1672.47,919,4912,1294,8431,66398,21026,16662
2020,9,5,23538,55760,95113,87273,55417,1672.47,566,4497,4486,5562,14194,44139,10119
2020,9,6,50301,76122,99057,48093,46296,1672.47,4453,1635,4202,9076,55173,14954,44566
2020,9,7,65738,2445,34867,52243,97228,1672.47,4621,1540,4728,9476,24389,11496,17617
2020,9,8,61205,61309,40994,87043,12692,1672.47,2533,4343,1126,6589,27435,36854,14438
2020,9,9,41156,43241,69842,70358,92317,1672.47,1663,4405,3810,5772,26648,41038,41367
2020,9,10,20499,66270,78156,26579,17355,1672.47,3074,4910,1702,9068,81952,18504,18897
2020,9,11,9858,29486,4943,50417,92428,1672.47,2270,3582,1246,6936,20291,17934,32378
2020,9,12,64831,88307,42341,8641,91188,1672.47,1030,3037,2961,8742,54615,35315,35341
2020,9,13,79435,42691,96579,75991,88111,1672.47,1590,2967,3016,6532,64735,14486,28531
2020,9,14,55263,18358,50378,30881,41822,1672.47,694,1651,1334,7726,31643,32865,37021
2020,9,15,75551,14027,10904,43512,74564,1672.47,746,1426,1834,7058,62692,29022,31871
2020,9,16,20288,80635,43343,44656,3519,1672.47,1450,3780,2787,8179,89660,34608,24430
2020,9,17,31552,21180,7612,6878,11390,1672.47,1095,1940,3280,6998,30451,44196,39255
2020,9,18,98869,75631,14546,39782,33740,1672.47,650,1546,4223,9708,15034,27742,27238
2020,9,19,69280,92838,36523,28419,21017,1672.47,3026,2568,3714,6989,75797,41455,42536
2020,9,20,76244,81893,78396,45877,15243,1672.47,1424,4111,1668,7822,70244,14886,8848
2020,9,21,14560,71752,21301,88783,16602,1672.47,2876,2232,1056,9399,30650,16540,36335
2020,9,22,61935,60029,35461,42001,97018,1672.47,3455,4612,4502,8203,51840,24744,27610
2020,9,23,53403,58265,55208,70584,95587,1672.47,1504,1230,3555,5618,15279,30156,25452
2020,9,24,95492,98157,48741,41015,33908,1672.47,3906,2193,4418,5718,70545,11178,29391
2020,9,25,3329,20353,42400,12831,48556,1672.47,3926,1957,3856,5486,72541,14442,44241
2020,9,26,50938,10398,90940,64493,69555,1672.47,1000,1750,2079,9740,22411,20986,22572
2020,9,27,55483,62671,83180,11253,38389,1672.47,4039,3068,1742,5592,87250,38984,20077
2020,9,28,33384,41178,57294,2240,66664,1672.47,1682,3952,1584,7956,14797,26138,46187
2020,9,29,96545,42150,7536,33624,18243,1672.47,961,3724,3968,8022,10702,47357,29947
2020,9,30,90569,65369,21778,80998,4512,1672.47,1333,2894,1710,7262,40134,33220,9029
2020,10,1,23169,83525,12750,97142,98322,2568.9,758,1823,2774,5878,75065,18154,5240
2020,10,2,80976,65142,18042,17820,66471,2568.9,3388,1839,3527,5737,36350,12555,31751
2020,10,3,42071,90598,79113,52049,30732,2568.9,3213,1034,2209,7766,83744,26882,28685
2020,10,4,76202,10135,83706,38976,70149,2568.9,4400,2475,3912,9794,85294,13478,8771
2020,10,5,64192,10035,54926,84071,15772,2568.9,1626,2841,3225,8390,26242,45308,7629
2020,10,6,20776,34456,15560,32985,55419,2568.9,4866,2971,1590,9924,13226,12290,15656
2020,10,7,35047,67700,79766,75311,50141,2568.9,2045,1376,1446,6970,14753,23569,31412
2020,10,8,44599,27732,97764,42824,19823,2568.9,4483,1204,3460,6394,89933,30230,24006
2020,10,9,52051,66152,78203,94193,42428,2568.9,1482,2474,4200,5208,52784,49340,31502
2020,10,10,363,34830,46376,8161,88153,2568.9,1730,2750,3860,9493,91926,25034,11129
2020,10,11,69851,12762,81984,28311,49157,2568.9,4893,1206,4419,6200,11750,46847,21917
2020,10,12,34597,34585,90674,149,37184,2568.9,840,2545,4639,8890,62058,32791,43458
2020,10,13,23344,93789,31894,28556,39634,2568.9,3589,4483,2933,5572,54145,18441,40172
2020,10,14,23841,29039,19648,94613,82134,2568.9,1459,3081,2333,8558,33229,35868,47750
2020,10,15,41942,49070,89766,36581,11285,2568.9,723,1970,1232,7948,79535,35244,1824
2020,10,16,40493,49478,11080,9778,85050,2568.9,3218,2006,1240,8444,19854,18212,15226
2020,10,17,11967,27666,42183,10652,26150,2568.9,1519,3090,1676,6285,21023,18470,41765
2020,10,18,88109,73099,19451,33721,73420,2568.9,642,3912,4814,5506,40041,16216,15338
2020,10,19,44326,68261,7811,54941,48830,2568.9,4041,1602,1681,5162,71447,14182,44017
2020,10,20,14341,17968,82273,71526,70605,2568.9,4995,3712,4098,5797,17578,32517,19648
2020,10,21,7488,60454,12782,88654,23202,2568.9,1221,2526,2435,9031,38818,36264,19176
2020,10,22,23048,2861,63413,11081,41789,2568.9,534,1128,1072,7784,27653,12280,1213
2020,10,23,59887,84002,31200,68985,76151,2568.9,2854,3637,1778,6987,72291,39990,39985
2020,10,24,66163,43513,7517,19950,38897,2568.9,2566,3295,1102,5978,89376,23686,12687
2020,10,25,53543,30991,79815,39074,54878,2568.9,1560,4764,2821,5530,14070,10646,23821
2020,10,26,99097,84307,83962,99534,81295,2568.9,875,3808,2468,9743,83758,21364,22605
2020,10,27,42430,6325,49661,7977,8655,2568.9,1662,3549,1378,7829,33974,15226,5389
2020,10,28,51650,45536,88725,75823,4648,2568.9,1145,3743,4483,6458,19628,37129,5177
2020,10,29,49063,75504,50938,81532,55247,2568.9,4247,2675,3723,5259,22003,48730,1048
2020,10,30,90648,70019,77280,93379,14200,2568.9,2338,2200,3140,6062,74374,27787,11254
2020,10,31,77591,66872,97883,67074,43331,2568.9,554,3744,1444,5998,90275,30963,33863
2020,11,1,75876,94992,62616,11135,33347,2963.03,3134,4716,4976,7864,50267,16229,11346
2020,11,2,95203,32468,55723,67617,6842,2963.03,854,3713,2744,9150,33395,31606,49862
2020,11,3,99187,42140,7325,37031,48768,2963.03,922,4642,1974,9788,52128,15681,4640
2020,11,4,82587,70263,1750,37563,98127,2963.03,602,4680,4484,5865,77296,15366,2018
2020,11,5,25728,22504,81392,89824,51136,2963.03,1429,1314,3277,5105,87352,22044,14787
2020,11,6,16098,29627,46687,48432,34516,2963.03,4112,2101,1746,5862,71015,49908,48816
2020,11,7,84232,7511,9589,68716,83377,2963.03,1393,1850,2092,8282,15278,19168,3238
2020,11,8,5275,3060,76253,78553,14518,2963.03,596,1966,4582,7280,95397,44097,13605
2020,11,9,78803,25863,77551,64232,58077,2963.03,992,2307,2428,6432,11022,22156,14918
2020,11,10,26022,3769,97612,68114,94257,2963.03,2692,4531,3652,7898,94435,13169,29242
2020,11,11,33902,95032,26488,59836,75019,2963.03,580,3820,2747,7835,34404,11656,21886
2020,11,12,79106,31248,64483,51534,37680,2963.03,3689,1974,1258,7652,48165,12476,41857
2020,11,13,83246,42210,5765,31898,12507,2963.03,1419,1407,2934,7906,12494,11842,16552
2020,11,14,59792,26528,73126,23891,40716,2963.03,1065,1172,1102,8902,87705,18330,23882
2020,11,15,2405,27747,89214,14381,81751,2963.03,613,4995,1890,5468,96892,16902,3731
2020,11,16,59281,8312,71206,87216,62571,2963.03,1520,3713,1679,5997,62604,43746,43800
2020,11,17,19880,25022,29919,91361,35570,2963.03,520,4325,1721,6085,68705,43471,33976
2020,11,18,59817,5672,8467,55757,48401,2963.03,554,4033,1374,8111,27600,17898,21711
2020,11,19,61911,34121,47658,98590,46470,2963.03,2335,1348,1635,8605,57708,14254,26614
2020,11,20,72581,74582,57882,50654,80667,2963.03,4124,1958,3609,8942,12590,13362,42939
2020,11,21,57006,9497,37396,3380,77608,2963.03,2323,4518,1819,6332,54459,28288,31348
2020,11,22,19299,63148,44638,87286,1753,2963.03,841,1380,3278,5074,41338,23945,18698
2020,11,23,24365,51816,30780,89327,70758,2963.03,2688,2762,4218,6435,31141,13178,9723
2020,11,24,54135,59817,19049,85954,52502,2963.03,4241,1799,3006,5230,59084,21111,23508
2020,11,25,43929,66278,61797,37207,47704,2963.03,2503,2067,4949,9280,77745,42059,3135
2020,11,26,34358,96786,86174,19928,53221,2963.03,4457,3706,4835,8505,19328,12336,33668
2020,11,27,8366,90254,50488,61372,15484,2963.03,2482,4411,2200,5110,12970,12520,9572
2020,11,28,13766,56826,28324,85067,31461,2963.03,3477,2169,4206,9651,16846,38778,22421
2020,11,29,63319,1555,12486,73154,36413,2963.03,1842,4777,2397,9346,12306,27881,22145
2020,11,30,28254,54984,3645,20454,65614,2963.03,1709,1470,4792,5566,97149,37604,32967
2020,12,1,40627,19775,79363,86630,21872,1413.03,4947,4777,1262,9453,76189,11110,18142
2020,12,2,91296,20967,31521,93625,43468,1413.03,1877,4802,4397,8683,96767,28716,25754
2020,12,3,51745,92499,18509,89481,6000,1413.03,4636,1625,1782,8999,33255,14109,6113
2020,12,4,97141,99555,70240,77767,39008,1413.03,1888,1654,3747,8408,56631,43566,46429
2020,12,5,4162,78509,58369,99912,53544,1413.03,3627,1639,3985,6984,11119,19984,5136
2020,12,6,19600,60757,32963,11839,89756,1413.03,2299,1895,2123,5086,81013,37483,32570
2020,12,7,75320,77902,490,75419,22663,1413.03,3984,3175,1981,7418,43086,11058,7121
2020,12,8,48840,88066,27165,12826,51553,1413.03,4161,2504,1594,8522,15694,21498,4636
2020,12,9,31045,57994,24746,29521,86885,1413.03,2003,2203,1398,7698,37621,39026,5759
2020,12,10,40966,72958,82202,92947,66662,1413.03,4822,1852,4705,8338,44677,31258,25289
2020,12,11,12975,60192,68763,44718,8667,1413.03,1216,4711,3801,7758,69231,45685,34457
2020,12,12,13073,52587,24241,13085,36431,1413.03,3462,3747,1170,5374,86693,17831,11862
2020,12,13,92304,17869,49685,22010,76207,1413.03,3267,1074,2256,8381,50250,45923,10714
2020,12,14,89190,16467,51987,64343,23780,1413.03,598,1851,1507,8546,66287,18588,37570
2020,12,15,12483,34750,53038,63653,1766,1413.03,2836,4068,3950,7754,16077,10678,39731
2020,12,16,90938,35697,55690,94547,40430,1413.03,948,1950,3757,8807,10313,28889,5940
2020,12,17,12729,36694,32093,19236,70962,1413.03,3524,4795,1676,6274,79800,17598,14733
2020,12,18,87645,93989,61668,61595,57861,1413.03,1751,1262,1145,7596,59695,36574,44097
2020,12,19,6085,66517,48898,44843,41676,1413.03,3731,4403,1816,8730,73638,33216,9211
2020,12,20,86908,52164,83013,52742,83725,1413.03,688,2720,3152,8358,49315,31012,29165
2020,12,21,92456,77419,12514,38601,61212,1413.03,1526,2296,1382,6918,28490,46753,38562
2020,12,22,65986,68574,51157,78241,40749,1413.03,1457,4008,3310,6638,96749,43386,24796
2020,12,23,39986,17089,81108,13138,31800,1413.03,501,4254,4192,9366,79206,14118,46775
2020,12,24,77928,20733,85405,33006,27509,1413.03,1110,3493,3819,7246,88086,11848,13895
2020,12,25,54766,49544,99928,48076,26717,1413.03,1462,3053,1006,8921,96190,28268,13029
2020,12,26,85696,73044,2523,9888,62410,1413.03,2995,1378,3812,6808,89694,12672,48081
2020,12,27,27294,52157,72519,42465,65775,1413.03,4736,1090,1499,9336,84967,12890,10605
2020,12,28,27693,26430,36269,74162,81703,1413.03,2429,2397,3205,5242,93637,19958,48811
2020,12,29,69384,21633,57304,4548,35033,1413.03,2220,3677,1020,6090,37494,31280,13350
2020,12,30,16695,52231,18173,59546,83246,1413.03,4112,1884,1852,6958,11670,27623,3140
2020,12,31,30543,70232,11374,68748,41535,1413.03,713,1844,2994,9369,31817,44378,5011
2021,1,1,15390,73057,38225,71480,26903,1466,4525,4132,4028,8150,62377,14344,35857
2021,1,2,9535,89668,19441,91267,91118,1466,3160,2701,3437,6528,19235,29799,47065
2021,1,3,8973,46506,39146,68342,78323,1466,2412,1158,2932,5636,81542,49834,33525
2021,1,4,97845,2420,45319,68225,82842,1466,792,2375,3714,9674,83641,21184,7696
2021,1,5,8249,21802,98886,83038,45061,1466,4188,1566,1964,8333,55078,18608,18121
2021,1,6,51858,62491,85715,74790,24479,1466,975,2322,4675,6293,90546,10094,17257
2021,1,7,10342,32290,61244,24056,93474,1466,986,3073,3037,8258,17910,44449,44885
2021,1,8,78598,80299,14835,59575,98633,1466,934,1841,3754,7590,57983,23232,19913
2021,1,9,88198,98959,95555,74225,1605,1466,3093,1945,1093,8682,36000,44567,2453
2021,1,10,65574,81241,62641,64963,41717,1466,4412,1282,1634,9718,79888,25385,30104
2021,1,11,10511,15115,58580,59265,36055,1466,3848,1216,1872,6102,31180,33476,16563
2021,1,12,63207,74274,45422,14300,94962,1466,902,1886,4014,8432,41849,20730,31423
2021,1,13,50667,51262,57397,27420,8212,1466,4157,3721,2398,7736,94337,19246,37285
2021,1,14,94299,43186,45409,42523,3940,1466,999,3497,2213,7772,14148,28526,26589
2021,1,15,35547,5720,55414,14561,76283,1466,1643,1948,1227,5391,54367,39438,13615
2021,1,16,62676,73525,24512,31426,67613,1466,2581,3262,3385,7989,20785,48676,18849
2021,1,17,90930,96785,98526,74495,50909,1466,3021,1455,4744,9582,17367,11026,29026
2021,1,18,38401,85363,54327,19628,10754,1466,4065,4780,4922,7162,21205,32535,25047
2021,1,19,68777,73788,60798,63514,88129,1466,2189,1670,4718,7066,69904,45627,31583
2021,1,20,6092,39278,48435,40837,64064,1466,3214,2463,2516,8893,38442,28269,15802
2021,1,21,63940,47508,68051,95214,97436,1466,2748,1211,1502,8546,29724,33875,5608
2021,1,22,36481,8266,79286,31200,85332,1466,3178,1423,4819,7964,48611,35234,15542
2021,1,23,40118,33178,4051,7634,72071,1466,2255,2361,1352,6657,47575,15178,42493
2021,1,24,92265,25324,86352,88012,80222,1466,3238,1702,1396,7760,64253,42376,32428
2021,1,25,49417,73784,50152,70588,31748,1466,822,3216,3292,9872,95850,36714,48763
2021,1,26,18717,98106,89077,25069,1115,1466,862,3378,4678,6266,97741,24900,3004
2021,1,27,63987,85980,7955,21032,86207,1466,4760,1975,3694,9911,22562,26793,38560
2021,1,28,45027,94737,15010,93319,70961,1466,662,4677,1294,5460,31097,26430,10860
2021,1,29,88464,76306,36162,83143,7865,1466,3042,3203,2586,9422,25586,38792,1050
2021,1,30,70908,5347,90768,65954,35259,1466,2746,1636,1550,7755,89954,28083,29683
2021,1,31,34968,36339,34113,76636,71800,1466,3066,1078,1515,5579,59756,15731,15210
2021,2,1,34151,70287,58420,16499,95874,1669.07,3757,1219,1376,9710,52829,11990,13565
2021,2,2,62457,49466,7489,86565,55772,1669.07,1531,2110,4683,8166,80261,34892,35572
2021,2,3,17585,40524,92760,89516,16633,1669.07,708,1574,1102,8310,83633,41002,8492
2021,2,4,37,87391,42223,20721,73454,1669.07,2437,2261,1748,9860,38825,16640,45052
2021,2,5,30497,76709,8751,16532,74876,1669.07,1424,3811,1784,8710,98327,12519,39012
2021,2,6,35379,10029,29654,80509,96501,1669.07,1510,1537,2029,6006,17257,40482,13287
2021,2,7,91489,21047,59096,52358,15973,1669.07,3997,2820,1972,8210,79352,32208,47922
2021,2,8,99464,47129,91021,45351,24016,1669.07,4221,4394,1464,7574,56254,12227,5700
2021,2,9,83514,77765,25117,16895,74202,1669.07,3728,1388,4772,5658,34398,45744,8726
2021,2,10,97098,19748,74917,88079,13848,1669.07,1639,3311,2748,7659,75013,41764,4269
2021,2,11,83359,15588,1159,15438,85815,1669.07,4016,1368,1528,5485,10326,25729,7413
2021,2,12,44211,42655,7771,23983,25479,1669.07,1078,3927,1916,8030,43358,42115,42169
2021,2,13,81616,29998,21779,99365,7657,1669.07,1128,2366,3731,8638,39155,14545,46793
2021,2,14,32403,99524,16577,283,85009,1669.07,2364,4219,3157,6486,53201,19987,35503
2021,2,15,8656,89281,58916,86924,16628,1669.07,4038,3242,2270,6606,97606,12566,2274
2021,2,16,13962,55087,79997,42693,30077,1669.07,3589,3830,1142,5590,95465,20035,19152
2021,2,17,25669,37830,49255,20178,20668,1669.07,686,4322,4439,9079,32597,41066,18808
2021,2,18,17705,27989,39310,49975,28806,1669.07,2604,4118,4706,5210,14550,21134,3268
2021,2,19,38104,91752,66318,73131,81917,1669.07,4517,3936,1936,8771,60465,36630,11783
2021,2,20,77579,631,82306,18371,16062,1669.07,4436,3766,2890,5097,13046,38047,14903
2021,2,21,84718,22698,47166,9424,41650,1669.07,1909,1105,3430,6462,85587,21699,15328
2021,2,22,25009,95105,95636,57324,53876,1669.07,3954,2805,3083,5232,82527,39144,6102
2021,2,23,7514,41965,22911,66757,73414,1669.07,4803,3130,2052,8321,83905,20053,23004
2021,2,24,1,80816,16159,73432,60394,1669.07,550,1638,1849,7117,59077,17076,1746
2021,2,25,29571,53032,31235,2654,61995,1669.07,1798,4508,2077,8550,36264,45491,13762
2021,2,26,70416,7420,19974,32468,42093,1669.07,2521,2093,1046,5031,15524,11439,3880
2021,2,27,86778,60655,63194,99979,17772,1669.07,3407,3694,1654,9292,66347,14626,22272
2021,2,28,44755,58146,39510,16833,5559,1669.07,3675,1956,4544,8648,16892,41637,25774
2021,3,1,77315,83731,36278,62346,15607,2436.97,958,1260,1830,7250,10383,49533,47718
2021,3,2,81565,74078,91189,96206,56778,2436.97,2311,1274,1406,8070,36832,42823,11190
2021,3,3,69171,12807,92368,84172,37600,2436.97,3050,4913,4086,9328,93610,49692,34005
2021,3,4,53398,75438,42305,30660,57243,2436.97,802,3806,4469,7733,51363,32598,19041
2021,3,5,98923,25027,63874,99621,15523,2436.97,2443,4692,4863,9630,68863,17462,1422
2021,3,6,35168,88267,98728,85606,43947,2436.97,1650,2343,4127,5046,28002,41369,42339
2021,3,7,95699,74548,96528,71521,12281,2436.97,4118,1202,4268,7991,27174,21142,14243
2021,3,8,85050,19618,5836,14913,20781,2436.97,2375,2299,1346,8886,74256,11942,41051
2021,3,9,89793,25907,53310,73920,36214,2436.97,1640,3263,3563,9048,19783,13654,47665
2021,3,10,25114,23903,28399,14383,8246,2436.97,524,3294,1542,7711,16424,28674,21926
2021,3,11,65115,6935,17326,77135,4389,2436.97,3101,4181,2488,5534,84452,20053,41583
2021,3,12,427,32446,18318,5343,76965,2436.97,2538,2078,3354,7288,32812,11838,4453
2021,3,13,39214,84689,96247,47109,58753,2436.97,782,3866,2739,9460,17352,32128,20806
2021,3,14,1043,50454,42662,18531,53217,2436.97,4936,4994,1830,9605,75336,19227,43466
2021,3,15,94058,14227,71306,88765,81516,2436.97,1716,1466,1326,7962,84188,30261,20470
2021,3,16,8769,76324,4128,52860,85784,2436.97,1339,1825,3285,5782,10720,41501,37833
2021,3,17,20171,26644,27849,96081,66249,2436.97,624,1658,3763,5938,65422,15278,3185
2021,3,18,89786,57139,36007,94944,61453,2436.97,1556,1572,2870,8174,55784,48653,36548
2021,3,19,49869,57124,85479,38154,33829,2436.97,1007,3998,3829,7720,66430,16429,7186
2021,3,20,43392,48091,93088,77155,1055,2436.97,2432,2192,1999,9592,18487,19618,8510
2021,3,21,97691,10044,12729,10561,22080,2436.97,4213,1947,1988,8414,10101,25816,18513
2021,3,22,18229,22461,46167,68410,62668,2436.97,1191,1058,1382,8566,99565,28093,12597
2021,3,23,69141,8350,85286,17492,69493,2436.97,2295,2182,1406,6376,77742,18046,3773
2021,3,24,41241,3308,24195,83229,14351,2436.97,802,3931,3107,7914,33692,35774,1306
2021,3,25,50512,34884,58186,27550,29163,2436.97,1994,3302,2451,7272,32145,15622,24103
2021,3,26,43756,59442,35479,73924,32170,2436.97,1170,3409,2880,6716,56638,47231,13222
2021,3,27,17365,48387,12515,6824,86302,2436.97,3950,3164,1090,6984,80713,10252,46207
2021,3,28,7590,2709,24907,6393,42692,2436.97,4688,1447,2844,5654,60370,15013,7052
2021,3,29,39741,86541,38424,72621,53257,2436.97,1203,1972,1151,8717,10148,12452,11414
2021,3,30,94925,85451,15617,76015,18938,2436.97,2618,2878,1742,7524,49270,24433,12683
2021,3,31,928,23960,60881,50125,34127,2436.97,578,1814,4142,9912,62838,43751,21251
2021,4,1,99043,97076,73830,47760,7224,3255.9,2683,2673,4602,5049,11610,13636,2634
2021,4,2,37668,54489,45379,81544,20112,3255.9,2471,4070,3396,5200,94548,16118,36164
2021,4,3,64085,84767,75142,50350,47605,3255.9,4378,2998,2319,9128,10758,39543,35245
2021,4,4,7194,69794,98569,8148,21196,3255.9,1783,3862,2371,7036,56758,17482,26532
2021,4,5,36029,39230,77905,49425,88177,3255.9,856,3612,3570,7694,35313,37527,22453
2021,4,6,77161,99693,526,75832,54252,3255.9,1726,2796,3781,9750,85943,34976,27636
2021,4,7,23179,24079,10191,20550,7592,3255.9,4384,3620,2529,9182,18802,27057,16949
2021,4,8,21094,26172,12023,94664,18088,3255.9,2190,1599,2027,9068,87431,17631,47336
2021,4,9,76704,85510,95428,6837,82157,3255.9,3164,1366,1801,8355,25884,45745,47724
2021,4,10,35304,80269,5718,74186,28909,3255.9,1242,1398,1285,6538,44665,25724,15114
2021,4,11,60601,93208,87325,23980,42276,3255.9,2962,1354,1616,6790,42167,25125,41108
2021,4,12,67466,333,80460,89267,85040,3255.9,1363,1694,4315,7080,10879,48224,22696
2021,4,13,88547,12123,98226,46184,41739,3255.9,1907,3690,1098,5583,42670,44725,42891
2021,4,14,16691,633,30057,9660,70375,3255.9,4784,4191,1070,6410,43458,40299,38577
2021,4,15,4292,11174,26994,23607,68255,3255.9,1830,1800,2699,8438,11962,24437,4226
2021,4,16,29299,41243,43129,81749,66827,3255.9,1474,4868,4134,5774,25879,11732,2151
2021,4,17,11459,10664,60053,33071,92260,3255.9,4721,2902,1036,6144,36508,49290,19863
2021,4,18,37293,8340,72443,19992,94748,3255.9,780,1618,3019,7826,38498,16197,41778
2021,4,19,22411,31325,16067,41546,54207,3255.9,2406,2017,3961,7458,15087,27572,41946
2021,4,20,27322,54810,90475,74710,37877,3255.9,3999,1520,3025,5596,11511,12772,43335
2021,4,21,54571,72292,19523,3942,92553,3255.9,586,4962,4344,5124,72859,19814,8021
2021,4,22,94503,20266,58272,79816,44077,3255.9,2387,2749,4520,8436,62458,48748,23360
2021,4,23,7549,52810,90269,75574,15603,3255.9,4698,1524,1774,8450,90465,15678,18132
2021,4,24,48593,10605,46994,54289,63162,3255.9,4190,4016,1470,9878,53831,17782,19853
2021,4,25,62174,27572,4648,23046,91785,3255.9,3145,1378,1266,9540,91258,18220,33458
2021,4,26,79249,45957,54745,2375,36529,3255.9,3053,1472,2166,5046,55760,13502,45210
2021,4,27,1251,86303,25696,57721,75117,3255.9,4618,2289,3450,5617,76686,31586,45880
2021,4,28,79075,14832,47272,31693,75949,3255.9,4912,1638,2189,9322,57571,20069,4882
2021,4,29,16219,75625,71542,88385,57023,3255.9,574,4624,3603,8474,32345,38720,27302
2021,4,30,77991,23316,42362,17793,18934,3255.9,730,3007,1918,9353,46052,26180,19049
2021,5,1,45965,81377,17776,16974,55300,2717.23,4543,1856,4385,7927,17218,36686,37845
2021,5,2,94343,78923,16643,92806,27620,2717.23,2147,1878,2723,9888,86219,33123,5363
2021,5,3,87023,580,49708,16376,46632,2717.23,1962,2595,3615,9484,25920,28915,25888
2021,5,4,22583,75464,76191,98320,29743,2717.23,1358,1778,2114,8000,33242,19733,46841
2021,5,5,23363,36743,87020,87438,58034,2717.23,1913,1030,1430,6620,61431,36801,39592
2021,5,6,28860,94746,45749,2475,29483,2717.23,2741,3416,3484,7874,83088,43227,21670
2021,5,7,20773,84447,50017,12887,2447,2717.23,3971,2160,1352,9398,45949,44386,49611
2021,5,8,41934,32863,55794,32104,85835,2717.23,522,4693,3321,7357,33520,24156,17225
2021,5,9,19027,81262,58925,98863,5194,2717.23,3441,2317,1458,8457,71555,45256,42013
2021,5,10,58069,36879,87417,10773,89222,2717.23,662,1154,2580,7686,79610,34767,49719
2021,5,11,94529,64867,99461,39203,28576,2717.23,3358,3953,1198,9158,62816,17182,49333
2021,5,12,14296,71258,94458,57106,46068,2717.23,2362,4135,4243,6130,31259,16938,32365
2021,5,13,55849,36419,55971,38430,13723,2717.23,4548,4602,3151,9008,63804,11726,1933
2021,5,14,88342,77163,25681,35288,49446,2717.23,2426,1622,1105,8235,37197,22172,38497
2021,5,15,96953,55912,42660,16196,62043,2717.23,1011,2890,1689,6676,72671,13536,23920
2021,5,16,65267,12220,81366,14770,67581,2717.23,1495,2273,3684,8730,15130,17954,11523
2021,5,17,7024,11339,926,83130,9575,2717.23,1653,1526,1574,8636,39073,22428,38124
2021,5,18,54585,96437,90320,97626,9770,2717.23,4388,1387,2914,5753,12322,25494,29343
2021,5,19,13628,82653,64120,52313,1180,2717.23,3145,3203,3017,8152,15378,17896,21680
2021,5,20,28547,29338,31822,38933,10003,2717.23,2713,1886,3682,8778,78563,19618,37247
2021,5,21,13727,32952,1192,21641,85058,2717.23,3486,3684,1352,7605,67348,23883,23701
2021,5,22,65637,56847,48439,65007,47270,2717.23,3949,2167,1812,8522,47451,28166,6123
2021,5,23,9370,75165,9106,9405,9549,2717.23,4208,4627,1972,6751,77619,38381,4021
2021,5,24,60452,91107,53418,83156,85064,2717.23,2039,1410,3964,5477,15706,41233,20767
2021,5,25,27953,6008,49753,29765,44483,2717.23,4282,1702,2368,6784,79608,48268,47204
2021,5,26,87409,15169,54248,40733,51920,2717.23,940,2371,4325,8882,95526,24388,31868
2021,5,27,86001,18918,91441,79965,74396,2717.23,2549,3699,1726,7301,48463,40340,23499
2021,5,28,858,39098,76897,89578,38838,2717.23,2845,2597,3024,8402,83329,12602,6505
2021,5,29,90313,78795,68668,45990,27677,2717.23,1729,1238,1640,8170,19996,13134,30546
2021,5,30,18021,63896,25262,63879,67549,2717.23,571,3405,4173,7467,57982,18010,40077
2021,5,31,20325,62181,10608,8349,20626,2717.23,4644,1884,1766,9663,56926,33111,10289
2021,6,1,43656,79493,62377,38178,89486,1552.03,1198,4732,1112,6428,37281,10182,18939
2021,6,2,7000,5687,29801,54468,63670,1552.03,1143,1708,4770,9491,62826,35059,47812
2021,6,3,80489,73764,40494,46504,47042,1552.03,3064,2048,4448,7198,45226,25286,39957
2021,6,4,57083,17777,45019,67634,54205,1552.03,3260,1204,2986,8061,32023,18007,32300
2021,6,5,12225,23167,10209,36995,39010,1552.03,2053,1708,3149,8899,82353,10190,23035
2021,6,6,18856,91770,17239,88305,79915,1552.03,4942,1996,1592,9930,20982,17149,28817
2021,6,7,7261,89243,44706,11599,3656,1552.03,957,2231,1246,6165,85578,21607,26729
2021,6,8,95552,73984,23810,75053,2883,1552.03,998,1738,1280,8832,26394,10549,22515
2021,6,9,14002,6337,63899,26946,47649,1552.03,4094,4908,1926,8799,82858,10482,34881
2021,6,10,31880,78816,59066,64478,1333,1552.03,2437,3235,3627,5206,88287,21509,44644
2021,6,11,15113,89882,59600,62100,25067,1552.03,2649,4067,1366,6547,82364,22682,2346
2021,6,12,37780,76460,43943,44606,31611,1552.03,766,4842,1968,8316,60671,39653,26802
2021,6,13,75149,29461,52889,93776,22059,1552.03,1637,3522,2409,7588,15622,22475,7529
2021,6,14,9935,88272,27895,51320,41171,1552.03,4001,1234,3070,8602,39906,16662,10260
2021,6,15,27450,11347,47227,65770,41852,1552.03,854,1999,2358,9336,10775,25769,7899
2021,6,16,32192,58765,29292,95953,66353,1552.03,4780,2638,4536,9026,43958,14126,11266
2021,6,17,55638,67960,18712,58708,68608,1552.03,1092,1056,1316,6646,61826,28167,24971
2021,6,18,81217,83601,61519,34928,58264,1552.03,2048,1806,2409,6339,11066,13762,38646
2021,6,19,17606,3892,6401,83494,32918,1552.03,1904,3555,4670,5615,63614,19629,1466
2021,6,20,16938,89707,15687,3254,79378,1552.03,2772,1945,2464,9291,11872,35728,43865
2021,6,21,14289,55273,58887,61699,11613,1552.03,1812,1148,1888,8212,45414,14806,27998
2021,6,22,64924,68671,19714,15946,10639,1552.03,574,2575,4386,7612,47181,18763,33328
2021,6,23,61477,94954,45709,38942,20597,1552.03,1021,4885,4205,9907,12935,14348,23934
2021,6,24,27906,4748,19091,26146,2960,1552.03,951,4234,4527,7016,16531,10165,30858
2021,6,25,60345,52107,87742,66083,36071,1552.03,4845,2547,1227,6905,52840,33176,1275
2021,6,26,87191,60214,18062,16397,26473,1552.03,4917,1468,2095,9008,96875,21406,47349
2021,6,27,89866,54179,55642,55745,31196,1552.03,910,2891,1270,6646,73973,43053,22173
2021,6,28,71278,25171,90601,33857,38428,1552.03,2032,1246,1357,5810,58366,12829,9793
2021,6,29,98794,48284,33560,50889,73644,1552.03,2295,4860,2316,8586,35605,48511,46787
2021,6,30,82813,67868,72755,39796,4223,1552.03,2848,1851,3249,9800,25707,26677,13080
2021,7,1,59093,68648,35950,26890,27014,3212.65,683,1214,1622,5856,65292,11827,15131
2021,7,2,31571,45153,29145,42211,80758,3212.65,518,4976,3114,9646,69198,46193,44008
2021,7,3,97667,61050,50796,37467,3110,3212.65,3410,2201,2471,5711,89090,39484,43825
2021,7,4,37194,31126,81133,2236,40402,3212.65,838,3323,1577,5910,30534,38686,46425
2021,7,5,86271,71910,53664,69385,36728,3212.65,577,1500,1082,6372,18282,13518,39214
2021,7,6,60197,74326,81926,22668,80037,3212.65,3503,3581,3493,9636,35816,17798,21016
2021,7,7,56061,82584,63570,63990,74846,3212.65,4028,1115,1012,5392,30499,19091,44104
2021,7,8,78257,62430,86189,78520,45154,3212.65,3243,1430,1366,5686,44369,11464,40752
2021,7,9,67537,89226,11399,2382,98862,3212.65,2627,1273,1149,9638,51615,20995,47215
2021,7,10,35301,20644,82111,17665,59687,3212.65,1756,2942,1391,5898,32814,11614,28963
2021,7,11,30049,47410,74599,11477,27579,3212.65,4293,1466,4545,5598,13847,39758,18969
2021,7,12,64258,91475,27384,10408,32671,3212.65,1402,4322,1996,9864,15966,42031,28999
2021,7,13,58827,55096,46327,66570,78040,3212.65,4466,4439,1549,8138,35916,20479,29141
2021,7,14,29385,25210,98298,53930,42253,3212.65,774,1509,4970,7423,16916,10594,12145
2021,7,15,16422,64671,53316,48768,94536,3212.65,798,4713,1618,7124,36283,19186,5303
2021,7,16,82617,72102,45581,25519,82518,3212.65,2349,3254,3057,5246,98535,15309,31497
2021,7,17,22792,8576,88172,59115,45999,3212.65,3107,3771,1110,5718,43890,30645,5088
2021,7,18,53078,84690,50359,79827,88166,3212.65,967,2134,1446,6548,12652,40316,2994
2021,7,19,28045,25002,18571,67455,52001,3212.65,4115,1144,2032,7286,50258,17558,33458
2021,7,20,58727,78366,99507,44837,76140,3212.65,972,4216,4437,8794,18096,32603,43397
2021,7,21,11538,10011,19738,19336,56559,3212.65,4651,1920,1654,9156,84761,42095,48742
2021,7,22,78032,33877,49592,36416,71164,3212.65,2150,4889,4566,6656,74725,20705,49850
2021,7,23,53,16559,99923,44491,8750,3212.65,3445,1638,1679,9534,55974,16486,25318
2021,7,24,78276,81978,25546,84722,26552,3212.65,3168,1878,4182,5528,73701,31697,10307
2021,7,25,92609,30852,77939,87175,87508,3212.65,4232,2560,1156,8318,48402,10675,2664
2021,7,26,15824,41848,47314,67503,71382,3212.65,740,1008,1617,7637,50729,44520,19640
2021,7,27,44296,93899,65455,4831,86658,3212.65,1527,1246,1359,8942,99144,23866,39156
2021,7,28,83482,73377,77779,69056,47531,3212.65,4730,3353,3027,6800,30856,11530,26181
2021,7,29,63036,22949,21769,81005,56939,3212.65,524,1233,2748,7330,22415,19405,22499
2021,7,30,62838,58944,81376,49197,89762,3212.65,4415,4594,3896,7193,75001,17779,30521
2021,7,31,59727,71084,97485,44106,14480,3212.65,4866,3866,3993,6566,91222,40931,44693
2021,8,1,16747,58517,93233,40429,80933,1353.74,4617,1227,1490,5166,62340,14484,28991
2021,8,2,24582,51935,11135,58127,26937,1353.74,2852,4371,2749,7862,28850,37442,28914
2021,8,3,78177,39069,71436,16163,30291,1353.74,1647,3388,3586,6231,20168,34518,28719
2021,8,4,31574,39787,57098,8292,41305,1353.74,528,1780,1372,6038,40363,14660,19438
2021,8,5,38280,58217,29032,81030,36527,1353.74,3471,4702,4654,6258,30864,19900,24235
2021,8,6,1329,73864,39686,4915,26448,1353.74,785,3020,1994,5774,82663,14602,9855
2021,8,7,82321,48193,39534,70045,57559,1353.74,1056,1686,4464,6439,76867,40990,29897
2021,8,8,37026,61691,22045,66681,34301,1353.74,2977,1266,3124,5334,56894,19571,2910
2021,8,9,58869,62680,43945,74861,25563,1353.74,2156,2882,2503,8041,94278,15062,42960
2021,8,10,67939,95335,60901,38755,41774,1353.74,4745,3799,2161,8141,45479,32813,4120
2021,8,11,37403,4809,34794,80528,87471,1353.74,1450,1339,4367,6746,21199,46281,41688
2021,8,12,69707,69709,20516,77210,74102,1353.74,2271,2039,1086,9523,80794,18252,14794
2021,8,13,73643,26892,47052,22156,95033,1353.74,4968,2435,1654,9761,29314,17513,8883
2021,8,14,31450,95765,80205,2169,22512,1353.74,3449,2217,3815,8964,85778,27917,17756
2021,8,15,33758,28051,36309,60237,47574,1353.74,3488,2568,1410,7598,59723,21730,17103
2021,8,16,17127,81045,20518,47170,20806,1353.74,1034,3606,1947,9974,87126,34458,49832
2021,8,17,78994,85576,93028,99162,20892,1353.74,2078,1000,3208,6782,47588,20781,28807
2021,8,18,46842,92430,24702,23539,84322,1353.74,546,2799,1821,5785,81320,18978,1566
2021,8,19,81969,62355,87586,43917,39945,1353.74,4726,1190,1639,7754,34451,47530,24712
2021,8,20,32913,11530,84884,56121,41268,1353.74,3253,3108,4900,8624,11647,25573,32472
2021,8,21,85085,23268,59726,83258,39054,1353.74,2235,1021,4752,9820,81289,26048,41046
2021,8,22,80885,26017,11339,57524,80123,1353.74,1405,3034,1014,5290,85506,31290,12142
2021,8,23,21465,45112,19399,46365,29419,1353.74,3290,1718,1340,8015,14111,26070,47398
2021,8,24,5413,16348,63444,41517,22520,1353.74,2565,4755,2101,8903,77278,17223,44734
2021,8,25,7398,65037,96610,97420,37677,1353.74,3709,4140,3578,8930,21857,39349,48468
2021,8,26,28210,26500,20204,98875,90867,1353.74,1296,2630,3366,9490,54147,11780,1346
2021,8,27,65826,71713,25642,52927,16968,1353.74,626,4364,1328,6230,21784,18782,19272
2021,8,28,31578,66846,30181,91508,47658,1353.74,856,1744,4888,7412,91093,35754,2038
2021,8,29,68080,32391,98386,51446,37131,1353.74,3682,4307,1202,5675,72233,23915,18885
2021,8,30,51300,8735,98281,51959,41845,1353.74,1646,4773,4613,6368,81280,17271,36417
2021,8,31,5217,78490,59491,16458,95902,1353.74,3563,1358,4325,6948,31777,11258,1178
2021,9,1,21812,72115,42781,53840,44348,2339.93,582,4433,1328,6906,27629,34096,16697
2021,9,2,96448,17403,3710,49627,15036,2339.93,1194,3524,1822,7651,89425,13758,37333
2021,9,3,22568,69758,13084,55868,17887,2339.93,3052,1049,3005,7184,19786,48705,15892
2021,9,4,50233,31379,84491,81561,21180,2339.93,2008,2626,1758,5718,83604,10909,12121
2021,9,5,89403,71151,70786,52578,75155,2339.93,1335,2721,1319,5770,53588,30557,10211
2021,9,6,61662,11641,52960,16020,28826,2339.93,1076,4057,1166,5566,76970,31757,12848
2021,9,7,44039,58979,65736,89914,61049,2339.93,2174,1834,1841,7960,19380,11995,15692
2021,9,8,14523,85716,9717,60843,81486,2339.93,2751,4499,1297,5750,91870,36474,29658
2021,9,9,89911,39299,31885,16841,54865,2339.93,4949,1050,4184,5542,10346,45233,8855
2021,9,10,12728,72343,12037,49569,10303,2339.93,2916,4825,3483,7632,16222,31320,31417
2021,9,11,83642,76123,90820,91292,3186,2339.93,2765,3095,3339,6001,26287,43204,49042
2021,9,12,84856,91237,8460,85393,38273,2339.93,1977,2008,3673,9013,18454,28976,29980
2021,9,13,6782,94836,70154,40265,98821,2339.93,1584,2461,2006,8756,73752,34183,38525
2021,9,14,77798,17871,93631,16138,93872,2339.93,693,1414,1153,8214,80471,49425,19918
2021,9,15,96836,27449,16777,15509,2814,2339.93,836,4594,3531,7341,66210,27351,33697
2021,9,16,35866,37795,9814,33217,32903,2339.93,2399,1410,2787,8310,43189,11659,49918
2021,9,17,30948,85235,23091,58454,52091,2339.93,4230,3925,2361,8126,80785,11766,3562
2021,9,18,74704,41623,76121,3235,88964,2339.93,586,1181,1476,6751,74397,29379,42331
2021,9,19,56669,8149,56432,74457,19179,2339.93,2467,1478,1206,7666,41283,19648,15973
2021,9,20,61823,65514,18574,9184,6521,2339.93,709,1223,2332,8181,13110,46296,49359
2021,9,21,10512,31397,3830,23340,4500,2339.93,2718,1167,2726,5501,51975,38257,44579
2021,9,22,41474,70795,21088,42680,12704,2339.93,2327,4525,2883,7252,17910,12246,12371
2021,9,23,62964,75770,31980,20296,60303,2339.93,2943,2165,1084,6258,10505,11174,32790
2021,9,24,97703,79576,62557,16782,5078,2339.93,758,1550,1678,6125,11174,30733,30884
2021,9,25,38496,34262,5260,82731,97867,2339.93,3486,1668,2441,5466,97476,15496,5320
2021,9,26,14608,96773,44910,11498,16249,2339.93,2885,1242,1341,7202,47084,12846,5415
2021,9,27,22678,2123,19322,40708,78248,2339.93,1440,3094,1042,6699,15824,23382,24904
2021,9,28,98372,49312,50564,12165,31130,2339.93,4907,2088,2516,9414,89937,43764,14393
2021,9,29,2935,2824,24068,54277,10969,2339.93,694,3645,4625,6390,90704,34224,21152
2021,9,30,71271,62146,33671,46788,55197,2339.93,1521,3567,1334,6884,65731,12639,49496
2021,10,1,51992,24728,61698,83160,14666,2188.03,2446,3840,1772,6722,44808,33384,5462
2021,10,2,83769,94807,89363,30137,85511,2188.03,1406,4007,2257,9100,19204,23104,23587
2021,10,3,17420,89124,88263,20857,71208,2188.03,742,3198,1980,6734,22709,22997,1814
2021,10,4,38548,25156,56838,34429,98230,2188.03,4165,1998,4156,7064,28486,31018,17999
2021,10,5,97114,29893,11379,20723,10791,2188.03,3826,3209,1057,8440,65417,14538,30583
2021,10,6,49342,70455,46815,57675,37189,2188.03,671,1480,1031,7732,26516,25613,35877
2021,10,7,88212,60682,23964,33720,561,2188.03,4737,4025,3693,9898,34748,18976,2450
2021,10,8,23050,44927,54045,75460,43368,2188.03,2723,4060,1267,5890,66734,43455,19462
2021,10,9,31767,63759,35544,59150,33972,2188.03,4762,2182,1806,8725,55901,12018,28412
2021,10,10,77527,36991,70030,76221,29459,2188.03,2055,3859,1056,9838,44318,25775,21130
2021,10,11,8266,43395,34836,14534,89285,2188.03,4340,1050,1680,6235,80199,15651,17923
2021,10,12,4647,81315,54186,60091,90040,2188.03,2446,3918,4780,8828,60138,18486,26439
2021,10,13,39958,78546,94451,22366,50998,2188.03,3140,4263,3514,9328,73796,16630,5121
2021,10,14,17251,48137,25201,15283,90725,2188.03,933,1510,3066,5910,71813,18924,21753
2021,10,15,27909,4260,93376,7689,39440,2188.03,3279,1508,2059,7729,34466,49408,3514
2021,10,16,99202,82608,58672,97717,81936,2188.03,3218,1084,3308,6848,30819,16158,48820
2021,10,17,81524,78105,99403,84590,79575,2188.03,4046,3834,3179,7558,31522,47618,37568
2021,10,18,57288,64802,43368,5699,8883,2188.03,1459,3084,1793,8950,22152,25080,44187
2021,10,19,28951,40371,6970,42259,142,2188.03,2642,3016,1794,8206,82605,11818,37789
2021,10,20,49613,93005,35653,57792,96779,2188.03,1761,1698,3328,5954,92468,23562,17175
2021,10,21,75668,13928,97999,52461,10410,2188.03,3892,1432,3225,6958,14321,19446,36503
2021,10,22,5002,76964,7736,37246,39009,2188.03,4063,4972,4696,9440,79115,46474,40341
2021,10,23,68242,877,83245,32922,82358,2188.03,1484,4376,1992,6742,43188,32752,42065
2021,10,24,57338,87081,88465,50563,54294,2188.03,570,4294,4749,8015,12891,35109,2786
2021,10,25,74709,61955,56434,90757,63022,2188.03,3583,1263,2776,6827,80536,11958,35549
2021,10,26,78892,3373,25863,1235,24208,2188.03,3986,1544,2483,9830,48458,26777,19052
2021,10,27,41589,25091,2424,21338,9459,2188.03,2798,1046,3621,9231,91274,13296,15316
2021,10,28,81132,94858,4259,33908,81685,2188.03,1745,1927,3167,7608,78161,12374,34795
2021,10,29,96660,12149,10271,85495,50951,2188.03,3623,2538,1430,8446,13875,19266,25081
2021,10,30,62715,3026,10147,72688,32257,2188.03,4330,3387,2630,9940,63647,44315,17774
2021,10,31,34736,65393,87595,39255,93001,2188.03,2980,1011,4256,9214,91506,45206,15757
2021,11,1,20130,37746,86205,67529,67973,2322.73,1594,2006,3683,5634,19606,12922,12186
2021,11,2,81317,49347,69088,31258,12994,2322.73,2344,4737,2348,7950,16390,33104,29755
2021,11,3,5931,10102,43713,16885,17960,2322.73,1566,4441,3016,5550,38321,27340,38920
2021,11,4,1308,1269,98339,39992,36903,2322.73,1447,4570,3643,5534,65827,12988,34298
2021,11,5,45289,64524,7726,28990,2474,2322.73,3445,4755,3269,8662,41639,22580,11816
2021,11,6,27430,28206,43374,70446,17329,2322.73,2785,3635,1344,9934,58626,10306,48048
2021,11,7,46774,71427,87140,46769,36961,2322.73,1108,3601,3842,7676,27590,10702,19320
2021,11,8,12002,6036,77424,66623,44546,2322.73,554,1974,3620,5280,42419,47300,19064
2021,11,9,13328,56558,32289,28995,69034,2322.73,2915,2158,3692,5654,95278,15653,7267
2021,11,10,70726,71387,14255,20921,71572,2322.73,3588,4924,1176,8158,82898,25129,8197
2021,11,11,86427,38454,97104,50048,53734,2322.73,2347,3412,3784,9635,12406,47817,5876
2021,11,12,3255,26674,46328,81947,28080,2322.73,2599,1326,1400,8205,36077,17266,7958
2021,11,13,2754,9666,33544,83338,77029,2322.73,4818,3455,1246,8273,29854,41331,16442
2021,11,14,94149,93554,24744,39285,89542,2322.73,3453,2795,1462,9780,74741,16518,3502
2021,11,15,74090,88694,23412,19785,16899,2322.73,3403,4652,1857,6946,19341,45237,25841
2021,11,16,19740,44160,58693,90987,82433,2322.73,3669,2933,3452,9765,32217,37993,4899
2021,11,17,43267,2024,97141,39794,1804,2322.73,4399,2245,1158,8334,12029,43825,21882
2021,11,18,80003,65433,29830,81860,68731,2322.73,2096,3470,4681,8594,95808,16940,49171
2021,11,19,73392,44478,17751,71844,34243,2322.73,1188,3861,3343,9680,33654,36498,16321
2021,11,20,61563,98054,78744,38489,2216,2322.73,2313,3569,2557,8598,96780,41288,40774
2021,11,21,27665,90229,29759,53698,42370,2322.73,2163,2113,1395,9913,20308,36990,25567
2021,11,22,46234,96498,30852,30929,2530,2322.73,2427,4091,1078,6170,10350,13829,30858
2021,11,23,3296,51246,12399,75854,29741,2322.73,2141,3756,4406,6899,27454,16266,9179
2021,11,24,88818,5970,6594,75213,85883,2322.73,2202,3468,4750,9405,79396,42280,26902
2021,11,25,40263,13176,6372,35525,9347,2322.73,4353,2641,2901,8103,88494,38993,25304
2021,11,26,3634,21988,12750,19393,68887,2322.73,2520,4055,1172,8236,65620,48407,40204
2021,11,27,27367,94175,13228,67118,53581,2322.73,4397,1622,1608,8510,62071,31497,42624
2021,11,28,73777,27777,60491,66678,5881,2322.73,670,4513,2324,9552,45257,22563,15338
2021,11,29,74976,22778,46619,37500,23243,2322.73,2258,1228,2765,5485,34078,26345,28591
2021,11,30,24462,43476,2892,46613,75596,2322.73,4461,4371,2739,9912,32400,14971,14963
2021,12,1,54423,40837,23966,89195,86095,1309.23,521,1854,4498,8754,64818,38089,46529
2021,12,2,36632,31780,10855,68469,65858,1309.23,2929,4332,1442,5893,10302,37757,3552
2021,12,3,50355,67004,96849,5307,15756,1309.23,1946,1494,4007,5911,59372,21453,11820
2021,12,4,78792,56246,13030,38291,90618,1309.23,2731,2248,4626,9937,12069,41835,27848
2021,12,5,73489,4999,17520,96283,60893,1309.23,4039,2598,2153,7166,32904,34261,35151
2021,12,6,9059,74852,4440,78067,57115,1309.23,871,1822,1408,8900,90548,43377,30164
2021,12,7,73100,33280,86979,82726,3217,1309.23,912,3056,1618,8431,89338,47641,49048
2021,12,8,43583,89731,25241,62088,70618,1309.23,1348,4676,4347,7139,74094,12934,8145
2021,12,9,13655,39966,58721,66415,18867,1309.23,4792,3317,2547,6770,14800,16990,49269
2021,12,10,12170,98308,11524,32567,23092,1309.23,1560,1673,1192,7230,45112,27561,1734
2021,12,11,46297,57814,57238,11997,74953,1309.23,3458,4959,2648,7070,71373,22866,47684
2021,12,12,42799,81166,31185,25346,94288,1309.23,3812,2808,3238,5335,55375,26329,38580
2021,12,13,72549,1936,59355,79493,90088,1309.23,2053,1383,3632,5206,48379,14366,4468
2021,12,14,78326,83190,58544,82326,76720,1309.23,1544,1748,3786,9080,61214,38074,46270
2021,12,15,7660,21379,77235,77250,93066,1309.23,3579,1966,2248,5876,61458,14680,48962
2021,12,16,33753,34864,10072,12385,81858,1309.23,2321,1534,2992,7216,58859,17158,24803
2021,12,17,3486,96756,86934,47273,65836,1309.23,1698,4846,2230,8932,67096,45295,14500
2021,12,18,27895,20676,77262,95143,49961,1309.23,3830,3713,1286,8901,96097,38143,5072
2021,12,19,53704,94771,64678,28048,51988,1309.23,4111,1918,1644,9614,19096,18832,39890
2021,12,20,63248,20795,8679,65478,99728,1309.23,2125,3973,2801,5974,55467,12762,25775
2021,12,21,25811,24298,46476,32097,3199,1309.23,1592,1902,3695,7621,84949,11374,8925
2021,12,22,57511,80413,77507,10508,79161,1309.23,4339,2408,2397,8017,24237,33476,46604
2021,12,23,30145,17715,93802,42946,88454,1309.23,2059,1240,3566,9782,79063,26765,49270
2021,12,24,60164,15656,50020,13859,33278,1309.23,892,2139,1733,9750,17646,27245,34969
2021,12,25,26354,46986,69654,60104,1356,1309.23,4931,1499,2957,7476,90796,32762,10244
2021,12,26,69355,12857,63378,42921,14095,1309.23,1037,4257,4448,6056,17898,15460,42442
2021,12,27,37378,40360,31218,85463,86463,1309.23,2707,4167,2201,8713,11254,13556,48864
2021,12,28,8957,15555,61408,53266,35640,1309.23,1028,1345,2763,9405,64265,11858,18556
2021,12,29,8199,16656,86116,82648,2712,1309.23,1724,1440,2294,7941,41902,33756,40584
2021,12,30,86806,54611,79277,99007,53324,1309.23,3914,3631,1838,6673,31896,19614,34899
2021,12,31,75229,17925,73789,72993,67331,1309.23,1202,1066,1061,7348,58175,23772,4407
2022,1,1,81253,46566,57900,19194,88468,1369.23,2350,4429,3635,5454,12752,38534,8008
2022,1,2,66623,91384,5339,73296,39633,1369.23,4876,2556,2922,8450,24886,18694,7783
2022,1,3,55423,16768,73390,75444,91295,1369.23,1048,2546,1414,9878,16194,14898,13515
2022,1,4,84659,30443,74329,88295,51800,1369.23,1828,4773,1168,8694,24421,12950,3433
2022,1,5,56301,89298,8357,4224,43518,1369.23,2903,1194,1362,6293,90734,24008,49596
2022,1,6,76160,93135,46556,2591,53434,1369.23,3840,4444,1574,8168,42738,12990,4648
2022,1,7,11602,35919,4367,39122,18085,1369.23,4921,1484,3084,8277,94960,27953,28788
2022,1,8,47873,17864,9597,30587,30509,1369.23,4595,3019,4817,7502,41961,13250,16683
2022,1,9,38502,75803,17695,39943,323,1369.23,4535,1923,2702,7812,51044,47139,26785
2022,1,10,59041,57318,37877,93477,55596,1369.23,1429,4819,2051,8270,66758,13912,49189
2022,1,11,97708,71354,53284,23877,55208,1369.23,3479,1110,2399,7525,66354,37721,45246
2022,1,12,14311,75890,15998,27013,6143,1369.23,503,1526,1432,8379,58658,46306,17042
2022,1,13,77568,46440,32478,60972,43817,1369.23,1235,2876,1940,9046,81752,42147,49236
2022,1,14,56116,85232,68560,43515,22758,1369.23,1236,2067,1616,7233,80431,33298,34915
2022,1,15,30627,70936,14833,71338,15667,1369.23,3995,4586,1282,6473,70557,30099,23492
2022,1,16,15709,61793,37976,2650,22663,1369.23,1148,3778,1311,6060,22292,10420,36080
2022,1,17,80975,53529,13840,8130,17114,1369.23,1427,2740,2909,6260,19077,13576,10623
2022,1,18,46104,3074,23163,98738,35899,1369.23,3836,1606,1863,6336,70607,10877,10072
2022,1,19,69244,48109,89656,6907,94169,1369.23,2326,1494,1828,9390,99623,48942,11949
2022,1,20,91788,57404,63035,89698,30016,1369.23,4625,2470,1536,9139,91207,37434,32112
2022,1,21,69211,70045,5394,57426,3208,1369.23,3302,3802,1812,7958,95708,17332,42353
2022,1,22,86259,79387,58827,84439,76904,1369.23,4732,1686,2205,5542,91092,12220,24803
2022,1,23,44879,10718,54691,62767,69857,1369.23,1553,1702,2293,7814,12843,14894,12250
2022,1,24,30651,81146,57008,87464,55456,1369.23,4795,3065,3454,9974,42504,25358,2717
2022,1,25,4777,58589,10402,36982,21356,1369.23,553,2585,3562,6595,45351,48418,1494
2022,1,26,48845,61905,53837,97491,203,1369.23,695,1716,4176,5414,34668,35984,33032
2022,1,27,91771,89464,10402,40226,19438,1369.23,583,1140,2846,9374,93898,49201,2906
2022,1,28,93830,9452,31787,38744,12399,1369.23,3513,2595,1746,7349,75085,21948,43490
2022,1,29,6733,40781,19154,87261,63483,1369.23,3244,1042,4637,7302,11830,45426,3822
2022,1,30,2904,77414,35993,30750,86102,1369.23,1302,1282,1398,8890,35025,34444,29891
2022,1,31,54283,88539,62040,26029,12240,1369.23,4328,3971,4256,9834,12472,24091,3477
2022,2,1,45829,29345,79645,79475,57527,2093.93,3729,1291,2415,5831,37392,23657,25072
2022,2,2,42134,33675,29352,86575,85052,2093.93,2208,3589,2187,6482,17510,45664,30149
2022,2,3,13917,37504,56273,63751,43735,2093.93,2406,1838,1059,7050,85388,33585,30364
2022,2,4,38474,471,84877,65889,46302,2093.93,4546,4786,2294,5249,15434,23697,38621
2022,2,5,15398,64921,63639,7586,48157,2093.93,4601,2073,3321,5873,25823,13408,15819
2022,2,6,72590,9582,69323,48649,72985,2093.93,3586,1457,2885,6934,77346,34186,21064
2022,2,7,22084,33245,38973,10730,18494,2093.93,4427,3891,1605,8065,57828,26114,46686
2022,2,8,30237,43782,54540,33558,86007,2093.93,3317,3595,1296,8992,14498,45632,46715
2022,2,9,70056,5831,7090,57941,5645,2093.93,3478,4079,1562,7614,54809,18877,1586
2022,2,10,10488,55589,19121,38446,3654,2093.93,911,1998,2081,5450,10294,23087,43301
2022,2,11,82165,13469,98036,4813,12461,2093.93,1796,3867,2461,7926,73159,33105,5280
2022,2,12,41026,81638,77186,7762,45441,2093.93,2990,2279,3934,8470,27076,23939,48347
2022,2,13,21763,57988,74182,58844,59790,2093.93,3282,3306,4152,6317,63118,32965,40685
2022,2,14,17949,79916,31833,45410,20154,2093.93,4867,2530,2981,8404,13214,48421,4993
2022,2,15,36751,94634,20702,57037,6744,2093.93,975,3505,2117,6062,14830,31906,47778
2022,2,16,62193,18336,40213,82698,14653,2093.93,662,2601,1910,7702,94362,19710,19684
2022,2,17,85191,5582,46338,88173,93986,2093.93,2945,2087,2614,7302,16522,15710,47982
2022,2,18,37777,1452,94216,76246,89312,2093.93,3151,1504,2603,9442,50553,13607,14269
2022,2,19,50752,82568,96209,66702,62766,2093.93,4156,2956,2504,7410,52480,22842,6924
2022,2,20,29827,5426,69930,72442,95425,2093.93,3151,4552,1856,8718,25797,31167,24054
2022,2,21,79339,301,49024,11942,15017,2093.93,549,1544,2143,8109,48820,44909,49577
2022,2,22,11385,67977,9218,23890,49823,2093.93,1731,1000,2122,6034,84793,12546,11698
2022,2,23,7066,22945,28451,98922,88016,2093.93,1441,3705,4548,5464,95647,35916,4248
2022,2,24,45042,87549,68037,43537,92010,2093.93,3445,3394,1185,8038,27283,17359,16857
2022,2,25,75712,90367,63360,59187,23379,2093.93,3084,1796,2449,6535,62069,41816,48154
2022,2,26,20783,58511,75523,91683,3976,2093.93,2599,1502,1254,5635,17818,17078,37522
2022,2,27,62492,13703,86825,63677,27717,2093.93,1035,4780,2177,6046,78966,10556,30460
2022,2,28,58901,17051,23705,46350,83586,2093.93,4518,1450,1988,6390,12402,30963,2126
2022,3,1,6354,62684,8983,51989,71588,2266.9,832,1186,4237,9026,29358,19402,42413
2022,3,2,41897,49139,63227,52644,44457,2266.9,2895,1506,3838,8498,61444,15963,23783
2022,3,3,45115,82165,42952,75155,10919,2266.9,4067,2272,2949,8049,85612,40889,40267
2022,3,4,26815,16445,92531,6052,27306,2266.9,2099,4201,2378,5325,38196,31834,21889
2022,3,5,35460,66092,9694,15650,56688,2266.9,2965,1802,4653,7268,93308,46923,21138
2022,3,6,13888,2377,14196,16837,36778,2266.9,4077,3591,2604,6608,85994,19828,16161
2022,3,7,54849,18095,45463,42228,29772,2266.9,836,1583,1101,7414,13584,22789,33659
2022,3,8,71244,11550,40944,57249,68819,2266.9,4172,2705,1627,9448,15893,23405,34252
2022,3,9,17232,39972,53349,49837,72932,2266.9,1097,2779,3789,6270,86358,14270,39344
2022,3,10,71571,76773,1496,37673,76879,2266.9,1813,4474,2981,7756,21722,11799,15081
2022,3,11,52008,92247,10857,4988,93319,2266.9,4744,1108,4425,8898,76737,22356,43103
2022,3,12,3788,2836,16488,77577,74396,2266.9,2489,1940,4618,8984,99989,13002,2847
2022,3,13,30417,76803,20971,73399,94559,2266.9,818,2918,2643,9654,84257,27313,9046
2022,3,14,71861,95354,4216,71286,59798,2266.9,4993,3585,1182,5674,41161,40886,30953
2022,3,15,95679,38651,36853,91649,53988,2266.9,3145,4403,4996,5467,57801,24554,36842
2022,3,16,60865,59352,3825,44861,88110,2266.9,3525,4969,3434,5490,47606,43232,38082
2022,3,17,40046,23952,23170,40185,16784,2266.9,1071,2462,4333,8560,16470,39672,14331
2022,3,18,37469,68608,74076,67465,70428,2266.9,3371,1291,2580,8810,92503,12041,48230
2022,3,19,278,31030,72011,64,73770,2266.9,4647,1398,4919,5642,70351,26702,35969
2022,3,20,63500,17775,89165,99185,18402,2266.9,3856,2221,3234,9283,39686,15013,9628
2022,3,21,27513,64410,96306,51445,76605,2266.9,3485,3233,1189,7418,19308,26311,5161
2022,3,22,87816,69297,56478,47735,68466,2266.9,789,1964,1918,6305,47500,45707,43181
2022,3,23,55933,36357,67930,50520,15640,2266.9,532,4504,3376,8189,10948,31332,23968
2022,3,24,33351,90787,90919,69540,42634,2266.9,850,1801,4863,8680,10887,38328,1146
2022,3,25,11861,51677,86645,89168,97983,2266.9,4874,3914,1852,9155,20785,20006,34145
2022,3,26,93123,36319,78349,97851,64508,2266.9,4183,2857,1434,6453,83749,10850,5649
2022,3,27,87021,95952,2222,56884,64632,2266.9,1564,1492,1137,9130,65659,29119,13109
2022,3,28,48706,66886,49386,35558,36042,2266.9,4401,1040,1489,5508,43366,37348,20172
2022,3,29,54751,38902,1559,51185,25355,2266.9,2956,3726,1258,6146,15758,12242,35308
2022,3,30,70991,13526,38735,52128,44439,2266.9,1246,3143,2630,5118,45052,40023,20746
2022,3,31,67155,99455,1892,73644,48556,2266.9,2344,3305,1030,8902,70842,42216,45258
2022,4,1,93799,70943,61820,51681,89256,2140.3,2670,4133,4147,9604,63571,16244,24062
2022,4,2,22396,56715,20228,19379,1767,2140.3,1533,2572,2141,6528,66128,23750,10251
2022,4,3,53873,85786,40613,32775,72980,2140.3,3335,3130,1046,6058,34810,18766,32829
2022,4,4,31921,57481,78512,11069,48630,2140.3,2312,1024,1254,7539,90402,33266,8435
2022,4,5,24143,93288,50840,2636,69817,2140.3,1386,1590,1854,6710,72815,16882,33320
2022,4,6,82532,2503,91567,52654,10362,2140.3,3383,2282,3856,6502,69702,32485,26377
2022,4,7,81681,13367,19862,13181,77259,2140.3,1447,1400,4903,7286,20387,39719,10264
2022,4,8,46958,63126,29760,82414,46477,2140.3,2201,4007,2781,8767,81660,48142,18927
2022,4,9,25144,26397,6777,25352,65995,2140.3,4188,4027,4845,6566,77207,33455,26479
2022,4,10,37018,40007,1208,56921,53645,2140.3,1639,1953,4720,5510,15719,31196,21595
2022,4,11,28030,22921,60204,65811,38041,2140.3,3952,4535,1936,5902,19578,16958,8216
2022,4,12,13560,95428,30986,19757,22182,2140.3,3211,4198,4551,8846,16118,18195,24545
2022,4,13,42366,79110,51502,27086,71860,2140.3,3281,4888,1492,9682,65698,44532,17221
2022,4,14,93052,96004,24069,10368,33085,2140.3,2325,1643,2086,9334,82752,29267,45308
2022,4,15,49207,85964,38466,13758,6735,2140.3,3305,4099,1718,9806,76184,21904,20936
2022,4,16,83379,50818,38145,6223,2006,2140.3,755,1046,2550,9470,21775,15634,20196
2022,4,17,52835,99101,28630,9921,40115,2140.3,540,4321,3697,5862,19430,20431,11382
2022,4,18,31294,67736,69531,81338,83894,2140.3,4593,3623,4235,7738,12406,31240,12067
2022,4,19,94286,56954,42649,26836,64481,2140.3,3821,2314,3524,7450,43586,19991,14425
2022,4,20,65185,65479,9313,78882,25837,2140.3,664,2129,2830,6214,54818,13075,28743
2022,4,21,79965,90765,13052,9200,48503,2140.3,888,4139,2554,6184,85974,23386,19250
2022,4,22,47512,94796,90701,27389,48598,2140.3,2379,3781,2469,6096,18038,16620,1288
2022,4,23,18138,24679,31787,47320,42577,2140.3,1747,2540,3720,6150,31739,17158,2957
2022,4,24,25400,88531,17714,34306,71619,2140.3,2691,1954,4834,9496,79221,29784,20040
2022,4,25,81734,42953,93566,14203,15996,2140.3,2507,1970,4962,5230,97804,10186,18933
2022,4,26,23603,90904,25080,33675,97054,2140.3,2249,3804,1701,6314,73109,33319,23172
2022,4,27,46355,80801,85154,77541,11896,2140.3,2324,3629,2327,7190,15672,39674,14375
2022,4,28,86175,96692,6512,46137,17337,2140.3,3675,2290,1571,7478,90965,17260,4317
2022,4,29,63279,99567,47430,24980,25881,2140.3,4651,3586,2691,9804,66127,29587,20540
2022,4,30,40531,23452,23217,64210,90694,2140.3,974,1867,4090,6747,23004,27779,47400
2022,5,1,88032,51422,58988,78139,58739,1529.52,1416,3304,1393,5506,17494,18284,33965
2022,5,2,57400,89124,2329,33556,71603,1529.52,4085,1014,1483,8295,16862,35234,31916
2022,5,3,74884,95320,79326,1631,34676,1529.52,4046,2706,4877,8780,17197,33616,23457
2022,5,4,8350,58614,58273,39743,57714,1529.52,4379,1942,4285,6707,48667,35887,8810
2022,5,5,74975,39106,47294,46458,77401,1529.52,1691,2283,1064,7368,70265,12091,15746
2022,5,6,50825,19312,34798,75703,60049,1529.52,4318,3397,3312,7590,24492,16550,18347
2022,5,7,92753,48872,16139,73390,75579,1529.52,4276,1904,1078,5854,13361,14014,31158
2022,5,8,38668,11405,66298,16084,88774,1529.52,3174,1908,3578,9323,48003,48627,2916
2022,5,9,47671,7322,33377,90983,41265,1529.52,2007,1502,3091,9004,23757,15021,7869
2022,5,10,5656,49386,81926,42270,22308,1529.52,1284,1958,3043,8933,93409,28168,45287
2022,5,11,91849,21584,84118,80428,908,1529.52,4054,4929,1598,8782,55911,13410,48474
2022,5,12,36652,64271,80131,59743,5121,1529.52,4764,2127,4625,6092,69396,41932,20240
2022,5,13,84681,25681,69260,7724,64615,1529.52,2243,2814,4252,5434,53241,12158,12669
2022,5,14,1186,98648,66441,73333,77431,1529.52,3094,1762,2973,6460,90175,24445,38704
2022,5,15,3465,81292,51573,73090,70686,1529.52,1374,1490,3001,6985,79440,43967,20970
2022,5,16,29654,31684,16783,30258,84396,1529.52,3120,1172,1046,9130,75265,28805,20024
2022,5,17,53264,78360,9239,72590,77937,1529.52,3386,1401,3409,9928,70842,34094,15766
2022,5,18,2281,68569,39460,65282,35554,1529.52,4249,1559,1174,6031,11816,10702,18900
2022,5,19,12407,59938,53263,13782,90850,1529.52,2586,1890,3239,7326,49406,18950,28528
2022,5,20,17591,62793,82577,31000,44104,1529.52,814,1383,3339,7302,28017,23893,19772
2022,5,21,6156,37267,55453,56738,79650,1529.52,4418,3407,4909,7681,22189,17111,33621
2022,5,22,22561,14776,27577,45800,16601,1529.52,1975,1094,2478,5903,81541,16582,43335
2022,5,23,15675,12987,62966,54015,243,1529.52,4259,1397,4600,6063,79486,24249,40983
2022,5,24,99684,3905,32658,75946,97938,1529.52,3056,1006,1956,6984,82649,10322,4847
2022,5,25,80319,29625,53116,52797,75529,1529.52,730,2554,1414,8696,77920,30588,1009
2022,5,26,56031,22180,86986,16984,54595,1529.52,2584,1270,1728,6593,46575,34665,32824
2022,5,27,61440,89632,21516,63766,92968,1529.52,1338,3285,1198,5806,42433,25669,4166
2022,5,28,86815,28165,49577,83514,93213,1529.52,4101,1198,1028,7439,82577,36974,27497
2022,5,29,50263,56515,7605,53343,63108,1529.52,3008,1808,1366,5875,18686,12546,4180
2022,5,30,80041,71003,42767,30183,23161,1529.52,2203,4975,4716,7146,93488,39280,35201
2022,5,31,65629,73942,21227,48009,57733,1529.52,4982,2995,1670,5184,61337,39777,3805
2022,6,1,15698,80677,23282,91574,85341,2103.93,2965,2695,4177,8147,95855,20729,26411
2022,6,2,6704,22183,50446,28483,32023,2103.93,934,1938,2303,9654,63696,47459,6078
2022,6,3,59806,88044,24130,68745,65734,2103.93,1862,1430,4583,5143,89355,46276,13908
2022,6,4,31555,77322,18972,67084,11821,2103.93,2812,3523,3361,9228,63358,35383,14827
2022,6,5,60687,73821,91348,87990,64996,2103.93,908,4800,1592,9578,19802,41524,21397
2022,6,6,23486,41759,39308,84422,96903,2103.93,697,4808,2335,6020,11891,34156,28663
2022,6,7,97199,16056,52680,50560,70665,2103.93,943,1350,1210,7294,19339,21205,16038
2022,6,8,31391,54789,12358,7183,30720,2103.93,534,1122,4011,8740,54977,27265,22254
2022,6,9,49381,2027,38426,71716,68047,2103.93,871,1597,2723,9816,32156,13578,16669
2022,6,10,7293,84452,1090,29855,28095,2103.93,2411,1682,1569,9768,99370,22288,20430
2022,6,11,68374,64430,9198,48738,85147,2103.93,2354,4526,2553,6310,22594,16951,14175
2022,6,12,47449,44818,48549,30173,19721,2103.93,4911,3365,1508,8078,73219,25954,30706
2022,6,13,21431,90632,1792,29352,36752,2103.93,2992,1070,1942,7189,53862,17089,1162
2022,6,14,57716,96217,17968,40269,93349,2103.93,3572,1604,1731,8510,70969,37803,40562
2022,6,15,69178,70881,81169,50687,71882,2103.93,1640,4663,1846,9576,39015,48122,4389
2022,6,16,95946,23360,3248,94240,549,2103.93,1328,3263,1030,5648,14884,29378,23462
2022,6,17,52562,38457,36528,54293,10577,2103.93,2096,1106,4729,6538,46792,32962,7497
2022,6,18,44005,39785,8979,5376,34569,2103.93,3498,1865,1352,6745,41104,38252,47994
2022,6,19,96560,18786,46516,98942,14434,2103.93,3319,1994,1207,9704,37639,43136,27752
2022,6,20,38696,29736,39243,49777,19352,2103.93,2739,3356,2170,6898,68731,26738,2387
2022,6,21,6063,72230,23604,93767,95328,2103.93,2018,3238,3493,9780,14368,14278,14709
2022,6,22,38990,1851,81273,55197,33050,2103.93,4684,1745,4998,7862,37873,34350,35264
2022,6,23,72665,86965,64059,14836,28682,2103.93,2925,1095,2723,6146,61213,49402,49142
2022,6,24,12590,59584,57641,12435,4470,2103.93,3064,4810,3021,8682,15006,16071,31172
2022,6,25,75953,29692,4169,40951,99970,2103.93,1652,2634,1462,8278,15314,40391,8394
2022,6,26,71205,11747,41488,8928,59628,2103.93,3329,3568,3636,9314,17354,49457,19053
2022,6,27,13493,60419,59268,96514,1108,2103.93,3936,2059,1668,9456,18009,36638,40626
2022,6,28,24203,76015,25625,69561,98077,2103.93,4951,4280,1191,7790,94559,17171,29446
2022,6,29,36844,52889,5740,15480,85210,2103.93,1288,2006,3512,9030,27919,34619,23095
2022,6,30,81181,56856,78031,17850,22665,2103.93,839,1866,3406,6463,32778,11366,12393
2022,7,1,92730,88468,99804,10521,83027,1363.23,3715,2267,4066,5546,53828,28512,16975
2022,7,2,26835,68883,62025,17390,96802,1363.23,4921,1142,2378,9122,92672,19770,12997
2022,7,3,19962,55891,58177,32777,88669,1363.23,726,2750,1670,9606,24622,48856,27364
2022,7,4,8167,88338,17476,63585,83884,1363.23,2096,1444,1558,7718,44458,36987,21305
2022,7,5,83470,59380,6996,57200,8503,1363.23,1970,4815,3262,5146,77592,26931,16021
2022,7,6,62510,68981,91034,44692,60173,1363.23,4900,4691,3992,7375,48275,37875,15656
2022,7,7,98680,90373,14945,38866,10846,1363.23,2204,1342,1134,9200,67865,19984,9403
2022,7,8,15221,94836,4804,19835,96335,1363.23,1765,1630,4079,8310,36239,44252,48748
2022,7,9,19806,46140,45296,23798,73515,1363.23,3024,2194,1206,9320,27411,27491,9923
2022,7,10,18723,19617,54510,53857,18817,1363.23,810,1582,4914,10006,70222,12600,38728
2022,7,11,50098,83341,54149,34178,87491,1363.23,4781,3648,1526,5494,63797,10040,40388
2022,7,12,49999,8175,98587,66646,67495,1363.23,986,1217,1238,5430,56425,30782,25999
2022,7,13,20078,86621,47523,86344,37972,1363.23,3944,3068,2436,9444,38597,21279,34097
2022,7,14,9832,33379,61280,46358,89807,1363.23,1397,1157,3250,5374,39154,12070,25077
2022,7,15,97335,49643,3315,59301,47345,1363.23,726,3773,2711,7922,70117,17034,26092
2022,7,16,38053,35414,21456,71842,54858,1363.23,3120,4688,3431,6078,11045,49589,10053
2022,7,17,95828,83795,55747,45431,71483,1363.23,2527,3816,1800,5841,28116,16488,44901
2022,7,18,41933,84551,92014,20996,88507,1363.23,4382,1559,3895,5837,98400,18752,28483
2022,7,19,35890,7873,49793,45673,78624,1363.23,1614,1614,2335,7360,52584,48818,27190
2022,7,20,28614,15112,17635,5861,97305,1363.23,4099,4236,1653,9886,76584,35160,12104
2022,7,21,947,30967,78072,31194,6804,1363.23,1297,4044,1400,6089,21069,45670,26472
2022,7,22,43279,82684,86473,20615,16396,1363.23,4432,1142,4168,6846,50868,11854,39058
2022,7,23,65522,81321,7062,28528,20137,1363.23,3687,2435,1936,8110,68628,16502,49998
2022,7,24,50934,1279,29516,51629,67368,1363.23,2298,1998,4619,8438,63964,16014,1180
2022,7,25,89180,33397,11024,59701,53167,1363.23,2525,3688,1840,9182,47215,46052,28244
2022,7,26,50937,27255,49840,98252,1717,1363.23,3722,2649,1097,8237,20629,13890,34820
2022,7,27,65174,67928,46816,31145,18050,1363.23,2158,3581,4175,9076,99633,13693,10780
2022,7,28,2778,27159,48734,95045,78097,1363.23,1096,4032,1822,7550,43636,15254,12301
2022,7,29,75756,12359,10272,28205,26948,1363.23,1669,2120,1502,9682,23264,49581,47253
2022,7,30,5616,36775,89515,66143,61309,1363.23,4836,1778,2657,8569,75481,10753,39148
2022,7,31,40871,66579,56139,96777,23866,1363.23,4399,1954,2132,8246,44177,10872,49775
2022,8,1,92199,47552,59807,87036,87168,1824.52,2650,1202,1042,5145,12878,20752,25740
2022,8,2,54982,82039,53410,83551,57521,1824.52,772,1830,1653,7549,80667,11146,30516
2022,8,3,8301,12993,81264,5675,73522,1824.52,612,2071,1204,7542,69106,16494,36695
2022,8,4,35848,78110,44410,67454,53255,1824.52,4557,4587,4401,7967,16284,18273,46012
2022,8,5,54835,65263,75076,7840,19164,1824.52,618,2463,1542,8233,49489,17226,5744
2022,8,6,94928,99792,40680,11877,26252,1824.52,992,2098,4247,6753,45903,23853,26139
2022,8,7,39117,50462,98441,83519,24781,1824.52,1791,4614,3191,6867,87453,23706,22930
2022,8,8,48963,64424,51170,34050,22657,1824.52,4009,3935,1802,9688,45811,43053,17012
2022,8,9,92179,78156,21504,96426,54909,1824.52,1630,1538,4220,5718,93895,18010,33760
2022,8,10,40705,12039,54967,28896,5258,1824.52,2602,4219,1842,8502,18510,45850,42420
2022,8,11,53487,13630,79786,70289,79671,1824.52,4693,1848,1455,9646,84626,15440,41949
2022,8,12,34957,87609,18093,85529,89032,1824.52,880,4735,1542,5846,74982,45635,28340
2022,8,13,74618,43937,16208,97812,80413,1824.52,3661,3898,2161,9798,20539,13183,37180
2022,8,14,81747,50233,35032,34554,17782,1824.52,2268,4089,3618,6713,54617,29001,36010
2022,8,15,5053,15498,75089,45431,47696,1824.52,2418,2312,1466,9977,20123,14256,16423
2022,8,16,77157,63785,57374,44318,3583,1824.52,2500,1680,4497,8884,52585,12278,27913
2022,8,17,11246,94855,31369,51216,71568,1824.52,894,2971,2835,6654,38402,31882,2338
2022,8,18,38080,62173,4196,64791,2150,1824.52,1913,1324,4455,9286,39975,24389,40671
2022,8,19,7200,63828,42423,68049,39064,1824.52,662,1266,1213,6806,12262,44132,45008
2022,8,20,80385,98094,87105,14572,69750,1824.52,1453,2828,4030,5254,72618,22531,41859
2022,8,21,57672,60884,18189,78479,90171,1824.52,4219,3721,3343,6594,98121,43758,24516
2022,8,22,73002,28448,44068,95567,6495,1824.52,4699,1878,1389,6803,11662,46138,11945
2022,8,23,35014,97903,70320,39044,14904,1824.52,1574,3926,1454,6114,67404,26695,9290
2022,8,24,70631,86624,56769,25326,64618,1824.52,4083,2618,4688,9503,49536,12374,4890
2022,8,25,57800,39236,9413,34189,32391,1824.52,662,2403,2006,6997,22798,12752,10862
2022,8,26,26288,725,45298,62813,96840,1824.52,859,2469,1362,8979,92794,30293,29054
2022,8,27,50221,11878,34264,49909,7733,1824.52,2443,1072,4387,7450,99719,21778,33801
2022,8,28,9070,96399,39182,50538,63396,1824.52,3260,1034,4056,9828,68846,25895,28333
2022,8,29,13963,74706,43365,29639,70037,1824.52,1284,1054,4388,6899,70165,22120,36159
2022,8,30,77052,42609,54005,16440,40816,1824.52,3217,4884,1038,7510,16773,29869,3724
2022,8,31,22083,40034,35904,1140,24943,1824.52,2034,3904,1624,6751,84895,15844,4751
2022,9,1,27532,86101,70002,4431,72618,2975.37,1482,1870,2478,7921,72393,16201,42123
2022,9,2,2491,22278,32676,46241,39052,2975.37,4675,4084,3447,5814,20379,12818,12545
2022,9,3,79201,75636,15358,15952,60531,2975.37,1565,3061,1910,6294,17698,22623,47554
2022,9,4,50041,6679,4201,62519,4600,2975.37,3720,2089,1854,7747,69681,17126,26594
2022,9,5,40292,54357,49711,38739,56523,2975.37,3288,1456,2077,9997,68026,22607,36442
2022,9,6,87551,89592,27022,87556,97511,2975.37,1530,2550,3895,5918,10069,13494,2218
2022,9,7,73677,55142,86936,88900,32889,2975.37,4525,4531,3677,5588,28269,13366,22969
2022,9,8,12030,2910,52275,90459,92907,2975.37,3066,1854,2596,6439,84364,40106,36654
2022,9,9,8657,60895,4010,67552,57978,2975.37,2397,3006,1152,5542,53257,34811,30431
2022,9,10,23653,29136,24343,83682,54724,2975.37,3881,3104,1873,5024,73563,14779,18964
2022,9,11,89161,2982,61589,48110,75773,2975.37,4567,4428,3198,8576,68331,47528,45953
2022,9,12,39007,32081,61887,40930,99117,2975.37,740,4120,1270,6434,22802,31705,15144
2022,9,13,85399,23036,14811,73624,75543,2975.37,3402,1055,4058,6342,29164,49830,4726
2022,9,14,78647,33732,611,18198,58661,2975.37,725,2666,2373,7936,38596,16489,35294
2022,9,15,25459,30689,55610,86090,63476,2975.37,2794,3873,2798,8956,38848,43341,44764
2022,9,16,70034,77251,90749,10444,93594,2975.37,556,3591,1347,7235,13586,45007,36265
2022,9,17,12529,38866,42675,46254,32829,2975.37,4094,3287,4662,8518,60728,16284,47623
2022,9,18,45820,94875,57011,79971,60184,2975.37,3311,1798,4461,6726,40660,49406,12211
2022,9,19,16676,67286,87998,3023,94522,2975.37,4382,3401,3651,6826,86007,32832,44787
2022,9,20,21031,65102,57472,65693,32510,2975.37,3830,4681,4425,7192,74651,39608,18200
2022,9,21,59404,64315,36178,65217,44726,2975.37,974,2752,1926,5323,97126,10000,26838
2022,9,22,96462,61509,94750,46466,84917,2975.37,4297,2298,2209,6768,17402,44719,30757
2022,9,23,21320,94526,5753,67097,41718,2975.37,1705,2472,4717,5774,99040,11598,30404
2022,9,24,86072,80015,83547,46546,65339,2975.37,2893,3151,3533,5294,24616,19612,30673
2022,9,25,9751,53914,82101,71960,57034,2975.37,3030,4704,2320,8782,61801,39037,36444
2022,9,26,69186,18507,72863,30255,27741,2975.37,1048,3811,3269,9594,60356,49959,21903
2022,9,27,16620,78250,28111,75153,7244,2975.37,4953,1993,2992,6820,88953,30026,2728
2022,9,28,36201,88336,91083,33521,77119,2975.37,3910,2655,2741,7118,92910,31833,2884
2022,9,29,50027,28959,45645,18296,48554,2975.37,3254,1446,1214,5444,40324,24198,22354
2022,9,30,65445,91630,41192,88437,25036,2975.37,4814,1235,4832,5897,94756,11950,46497
2022,10,1,83667,74606,49227,61791,67516,1455.87,1816,1474,3056,6464,61379,15409,31060
2022,10,2,31071,26552,82364,43788,83228,1455.87,4231,4856,2753,7668,16243,44249,6562
2022,10,3,98835,77480,45434,74732,88588,1455.87,1216,2253,3341,7206,34043,32208,7384
2022,10,4,82854,62212,45035,25910,8676,1455.87,2670,4746,4316,5622,83533,48895,6414
2022,10,5,12948,9118,23753,60701,6786,1455.87,1302,1971,3826,6184,13055,22413,6348
2022,10,6,90472,49272,11019,55165,51066,1455.87,2372,1110,3625,9658,92532,32300,11414
2022,10,7,55173,203,88399,4490,6589,1455.87,3384,4536,2401,6986,96588,16774,21933
2022,10,8,49837,84243,42510,15,17331,1455.87,3780,4153,4835,9798,79317,22252,5565
2022,10,9,11213,83042,38876,34838,31801,1455.87,3489,1973,2961,7582,91462,18230,31408
2022,10,10,60173,61199,90439,57574,54688,1455.87,3111,4523,1269,6972,20889,19834,37027
2022,10,11,92538,59670,29105,13725,9469,1455.87,977,2032,4166,9714,88221,11944,24774
2022,10,12,72612,71711,42941,20573,59951,1455.87,518,1474,1952,5560,10399,16639,1520
2022,10,13,68940,4863,87515,56561,41836,1455.87,1511,4372,4425,6967,48096,10245,24757
2022,10,14,31741,50426,63630,55907,91630,1455.87,1873,4240,4913,9390,84813,16215,1851
2022,10,15,21920,76288,52691,50225,58201,1455.87,1863,3491,4304,5910,15606,42491,29442
2022,10,16,45487,61563,76864,46264,68530,1455.87,1509,1621,3089,9462,72527,49718,41312
2022,10,17,88342,754,63960,28255,88271,1455.87,4469,1590,2763,7032,60414,15963,15125
2022,10,18,92954,93630,59455,93610,30712,1455.87,1100,1197,2419,9315,22461,22300,9506
2022,10,19,70627,95323,38922,78716,31813,1455.87,4786,1294,3554,8745,48407,16824,11450
2022,10,20,40222,9230,43367,97985,22741,1455.87,610,2045,1974,9754,25654,10825,20133
2022,10,21,65613,78107,37024,3032,7422,1455.87,1684,4400,2510,9830,89467,19322,25837
2022,10,22,8407,84254,39477,36961,59351,1455.87,578,4571,3464,7016,97556,36205,37884
2022,10,23,49989,27857,68251,80103,33963,1455.87,927,1862,3363,8614,35310,45785,10258
2022,10,24,86491,76995,90186,74001,57600,1455.87,3323,1006,3906,5608,19318,39608,29653
2022,10,25,37035,89456,39181,50500,19312,1455.87,3056,4299,2296,7658,65753,47610,3089
2022,10,26,97916,23033,63538,86280,33688,1455.87,3416,1486,1692,8601,10530,33440,48848
2022,10,27,84606,3854,15799,64864,53005,1455.87,4472,1390,1858,7158,73241,10235,35118
2022,10,28,13093,76298,45887,26741,63957,1455.87,4350,1871,1024,8488,64502,34711,27992
2022,10,29,53087,62919,21241,28928,67872,1455.87,3720,2477,1256,9046,33692,19946,31771
2022,10,30,45988,38165,11371,86913,98169,1455.87,3499,2612,2261,9386,54352,15148,1938
2022,10,31,53730,45056,19441,4754,99295,1455.87,816,2381,3213,7057,97660,47437,1214
2022,11,1,92733,99915,10804,87252,33607,1960.9,3238,3123,3504,6502,86291,44468,15783
2022,11,2,3,30257,38082,25741,961,1960.9,4469,1015,1442,8456,45310,48089,45651
2022,11,3,90040,14044,27656,17097,28056,1960.9,2276,1586,1358,6168,24391,41316,25093
2022,11,4,35214,73982,29440,78719,10485,1960.9,4538,1974,2339,7952,36226,13299,32084
2022,11,5,5974,15696,25668,37416,16271,1960.9,1857,2662,1372,9512,56110,29427,20978
2022,11,6,4605,48387,66568,95963,51466,1960.9,2278,1679,4940,6718,81749,25424,40959
2022,11,7,15154,37640,2263,93845,31611,1960.9,2143,3935,1887,5630,91350,12662,4841
2022,11,8,70140,93208,42173,87864,22720,1960.9,3643,3675,3021,7030,39637,30838,48283
2022,11,9,7522,93269,33870,72462,59987,1960.9,4237,1491,4609,6499,85335,17571,15619
2022,11,10,37692,58831,71507,24579,41642,1960.9,4088,3132,3768,6260,32348,11488,29210
2022,11,11,896,65992,71516,80269,82554,1960.9,1106,1334,4421,9962,62535,30759,11154
2022,11,12,60595,43125,72251,46557,25976,1960.9,4127,3666,2767,5634,88245,40760,23938
2022,11,13,14844,48686,35246,3612,51299,1960.9,1451,2193,4936,9319,32461,32489,17594
2022,11,14,30473,43568,22565,51246,4896,1960.9,3356,1842,4576,6958,28398,20551,1452
2022,11,15,10896,92526,34219,43663,44512,1960.9,775,1422,2500,6020,95670,38798,38816
2022,11,16,69966,43474,7344,19902,62793,1960.9,2390,4616,1076,5254,60861,20971,6157
2022,11,17,92759,25570,2814,53687,62528,1960.9,4237,3422,1574,9624,33437,15382,31212
2022,11,18,29975,84213,76660,17476,86585,1960.9,2625,1549,2154,6321,92802,11299,38682
2022,11,19,52478,45193,20916,68554,52852,1960.9,4525,1228,3698,8690,15647,36226,48130
2022,11,20,39903,56237,76001,96344,47397,1960.9,2295,2370,1398,5046,11197,12937,9438
2022,11,21,78988,176,85839,27495,96497,1960.9,610,3973,3833,6060,33879,43036,28641
2022,11,22,90542,39757,54998,30593,48447,1960.9,1818,3348,1880,9170,16838,24276,20645
2022,11,23,34961,98340,68000,61314,88646,1960.9,4251,3985,1456,6326,27831,42219,29197
2022,11,24,38731,82977,57546,78916,75389,1960.9,1951,1870,1180,6948,96522,29626,41425
2022,11,25,13945,29693,84328,57177,55215,1960.9,2805,1462,1126,5804,51488,38707,35371
2022,11,26,11353,42092,89045,7077,2181,1960.9,4295,2262,4851,6394,52529,25239,16876
2022,11,27,64617,24481,57522,12149,67781,1960.9,1775,3076,1542,9846,55253,10614,20396
2022,11,28,94177,3059,61829,94239,18863,1960.9,4297,1782,1759,8341,53642,40292,29669
2022,11,29,5217,69291,47555,21420,42483,1960.9,3010,2099,1842,8662,19247,25049,1510
2022,11,30,40928,27375,23126,57368,36181,1960.9,4021,1458,1436,6862,24595,16650,28379
2022,12,1,23893,63218,92278,28586,16860,1324.06,642,1149,1476,6318,28632,12912,48922
2022,12,2,84583,52084,20181,55115,87683,1324.06,2394,1409,4707,9761,67589,29437,11582
2022,12,3,98783,14299,77227,89632,55246,1324.06,1501,4137,2093,5131,24074,40305,43877
2022,12,4,34053,74228,92807,96881,45800,1324.06,1144,1734,4873,6325,18200,27556,21439
2022,12,5,74259,30595,8966,58966,16708,1324.06,4755,1986,2205,7954,21473,12450,42907
2022,12,6,42210,47975,57941,15656,99458,1324.06,2312,3510,2594,5118,30390,34745,48367
2022,12,7,36558,22888,81480,42783,19213,1324.06,686,3470,1626,5655,68788,13334,16033
2022,12,8,54915,39896,95176,78472,88229,1324.06,2273,1778,2327,6290,62444,46784,33001
2022,12,9,29933,84757,46647,2527,99876,1324.06,3623,2784,1276,5850,95566,35488,43390
2022,12,10,67488,32258,45311,30466,94265,1324.06,634,4178,1410,5327,27649,17156,30451
2022,12,11,38328,1276,5364,35655,32841,1324.06,3791,2772,2564,5437,81650,19582,17808
2022,12,12,88827,51627,5224,5103,3082,1324.06,1942,1146,4398,8605,16678,43663,17142
2022,12,13,49056,11186,9194,35754,32865,1324.06,4326,2543,3118,6041,39550,37310,36844
2022,12,14,83850,88342,66436,52766,83779,1324.06,1556,3957,1063,6272,10411,19144,48086
2022,12,15,60273,67355,89713,9672,85960,1324.06,4686,1366,3283,8879,87119,18502,7099
2022,12,16,32075,97799,38691,86545,30192,1324.06,3855,4040,2933,6642,83157,33064,28241
2022,12,17,4728,4714,72022,37144,47845,1324.06,1287,3117,1138,9438,34140,18449,32433
2022,12,18,69451,20179,19817,87734,15410,1324.06,958,2484,2437,9078,50380,17629,23288
2022,12,19,4868,40588,98022,87801,97230,1324.06,2216,3309,1794,9237,55452,33737,31180
2022,12,20,58023,11740,58207,24161,74092,1324.06,2610,4893,3876,8778,63978,44285,42347
2022,12,21,68418,19211,91770,5856,45838,1324.06,4836,2056,4089,7857,71208,46319,8503
2022,12,22,69037,58426,14629,71282,17663,1324.06,886,2036,3171,9576,16197,38615,36433
2022,12,23,88275,25160,48509,17151,70290,1324.06,1435,3706,3049,9557,44561,10238,12488
2022,12,24,28060,34398,77295,43501,38608,1324.06,4819,2643,1928,6462,78924,40942,48504
2022,12,25,57232,295,32980,71756,96223,1324.06,1722,4496,2039,6358,13238,27328,15529
2022,12,26,54070,79435,16035,18472,48992,1324.06,558,3402,1345,9454,36902,49952,26949
2022,12,27,87212,93075,73949,94140,63874,1324.06,1433,2457,1752,6182,25564,32093,19225
2022,12,28,66293,2287,66591,73332,43869,1324.06,659,4290,4022,6102,49113,13013,34589
2022,12,29,59995,94175,22768,87692,32883,1324.06,3996,1638,2744,7944,30584,32969,9671
2022,12,30,13521,82019,70427,99392,99135,1324.06,1485,1738,4628,8075,55110,24849,45991
2022,12,31,32664,22123,5492,13039,5169,1324.06,1051,1514,1110,8819,69205,14365,20957
2023,1,1,23202,34459,77586,67498,81396,1602.97,1018,4765,2333,6694,78899,19360,10555
2023,1,2,78247,60679,40657,26322,15790,1602.97,684,4263,2348,8375,75783,16618,15506
2023,1,3,30779,57298,89787,95950,42855,1602.97,2142,2408,4962,9464,49905,36357,20504
2023,1,4,41635,47276,16123,38968,27686,1602.97,4994,1872,2052,5650,48605,37841,11374
2023,1,5,21156,40295,58457,74856,45022,1602.97,4511,2151,1536,5650,17842,12022,34240
2023,1,6,26154,41596,33151,81116,56324,1602.97,3824,4309,1354,6298,69628,24368,33057
2023,1,7,77673,34623,96653,49725,40274,1602.97,3917,2780,3255,9522,52636,13276,11610
2023,1,8,46613,52148,71780,54501,57798,1602.97,998,1242,2828,8393,81418,40503,26233
2023,1,9,37802,31596,21165,84485,97894,1602.97,850,1917,1686,8209,57993,15687,40793
2023,1,10,49819,11911,59821,68074,40636,1602.97,2701,2247,1920,5832,58099,10220,12457
2023,1,11,12066,79695,55409,46246,34440,1602.97,3100,2240,4773,8538,73076,49019,3179
2023,1,12,81409,64634,90937,6823,52843,1602.97,3862,2660,2192,8682,87085,17828,48931
2023,1,13,77491,51139,21428,58446,86972,1602.97,4902,1582,1156,5310,61633,10012,29528
2023,1,14,54842,31086,82253,39615,21702,1602.97,4985,3109,1314,9126,26283,39156,21681
2023,1,15,11205,31498,8170,4749,80180,1602.97,2576,4021,2745,5846,48819,49716,11607
2023,1,16,39884,78722,81457,15457,80385,1602.97,1820,1870,1062,8154,91191,12227,43090
2023,1,17,12105,46178,31689,48419,8452,1602.97,3927,1007,4469,8414,40755,36000,7972
2023,1,18,73703,79685,76375,52800,40041,1602.97,3867,1275,3914,5318,28083,34298,25194
2023,1,19,59765,69904,19524,50291,10328,1602.97,3869,2431,3244,9062,87202,48047,10716
2023,1,20,84882,57482,34055,90703,19578,1602.97,1702,4631,1700,6162,78783,10885,41162
2023,1,21,78270,97651,23513,98537,97975,1602.97,2834,2738,1498,8710,24381,48177,1596
2023,1,22,45778,3251,70610,35374,13809,1602.97,3420,3689,1644,7474,89391,17573,24164
2023,1,23,74988,82446,93557,45834,51875,1602.97,3070,1495,4990,6583,45031,34316,22340
2023,1,24,64531,44219,58407,2382,62929,1602.97,558,1062,1038,9406,60430,49846,32788
2023,1,25,11683,93851,14888,43327,77677,1602.97,2251,2663,3075,6534,14848,19826,20631
2023,1,26,93148,87920,17798,79490,855,1602.97,658,1566,2046,8564,67765,36326,12829
2023,1,27,21352,34677,27736,7390,72196,1602.97,3587,3878,3367,9662,43556,42395,38166
2023,1,28,75457,70809,45060,94885,91617,1602.97,4833,1115,4178,7630,96957,31384,26260
2023,1,29,46812,77115,63122,70210,15679,1602.97,1536,3382,1914,8552,77123,16470,47239
2023,1,30,88790,712,54341,3509,71890,1602.97,904,2346,3704,7315,42230,26672,47897
2023,1,31,33575,8416,94141,14106,92399,1602.97,988,4209,4563,9934,18846,16594,7450
2023,2,1,82307,86329,20468,82931,63452,1586.14,3071,4162,3917,6346,36052,26814,24578
2023,2,2,87484,99751,11871,61151,41981,1586.14,4725,1747,1578,5182,59145,22836,4896
2023,2,3,37024,14707,23752,11987,40478,1586.14,4187,2783,3025,9318,22065,12964,6698
2023,2,4,45585,10137,86992,90854,1717,1586.14,4019,1112,4145,5890,66702,47477,39396
2023,2,5,67138,77780,64226,82525,2962,1586.14,1712,4984,3077,5463,51970,44906,23371
2023,2,6,2162,2510,17690,61539,73517,1586.14,3015,1838,1243,5007,26305,34311,6108
2023,2,7,94403,60326,6216,49901,22568,1586.14,2377,1056,2048,6438,19758,20009,39270
2023,2,8,51326,26645,26346,5755,88460,1586.14,660,1250,3529,9412,52159,37045,44669
2023,2,9,90809,36527,38850,73405,7886,1586.14,2715,2288,1832,9334,52188,30751,15156
2023,2,10,69552,15918,86808,36600,27521,1586.14,2960,3845,3383,5658,15366,13694,41740
2023,2,11,60327,1612,13816,73856,52665,1586.14,2253,3473,1702,6102,33229,43090,32327
2023,2,12,97610,7297,61731,39442,87580,1586.14,798,2130,1187,6712,10082,40059,30271
2023,2,13,15091,33043,85257,49826,98701,1586.14,3020,1542,4170,6384,49234,13680,36208
2023,2,14,1866,26488,309,37070,58942,1586.14,666,1551,1676,8241,12344,44764,33538
2023,2,15,88512,32538,1896,51052,72241,1586.14,1110,3683,1371,6367,53508,10072,11978
2023,2,16,28927,42881,51803,33098,62420,1586.14,4932,4284,3875,6592,17706,11298,1037
2023,2,17,40130,14218,75721,97315,72460,1586.14,3431,1950,1953,5366,12021,18398,38065
2023,2,18,88656,69485,12878,50027,95852,1586.14,1450,4777,1970,8253,57874,17586,32738
2023,2,19,95642,64159,85027,39518,70751,1586.14,3686,2231,1949,6134,40898,39408,2733
2023,2,20,38823,99330,66732,92129,59656,1586.14,1322,3310,4588,8966,14688,10439,45105
2023,2,21,29641,41140,1570,71611,35745,1586.14,2352,1385,4954,7378,87254,10704,25796
2023,2,22,80111,45941,54289,97060,13051,1586.14,2820,1873,4515,9551,44001,20522,45187
2023,2,23,64656,61676,35185,29245,92227,1586.14,1035,3218,2363,7922,19668,43107,49873
2023,2,24,99753,18534,90846,56059,95912,1586.14,3114,1021,1598,7402,89432,13798,28100
2023,2,25,48941,92253,21668,43456,78156,1586.14,668,2811,3695,5513,88407,18254,32021
2023,2,26,31739,10795,90493,55454,34752,1586.14,4913,1720,1718,5758,13836,31117,16674
2023,2,27,210,6380,23491,56954,43783,1586.14,802,2722,2879,8415,52530,16034,29275
2023,2,28,30437,99212,58846,74132,81078,1586.14,2757,4167,4399,6508,84620,18310,13605
2023,3,1,99534,60006,1481,21644,83271,2137.87,1853,4649,3791,8806,49783,18065,48950
2023,3,2,5555,58859,72297,53971,11389,2137.87,758,1951,3528,9788,16066,27133,38332
2023,3,3,17647,37196,1533,67248,38169,2137.87,3521,2701,3391,5442,75697,36661,27035
2023,3,4,16655,97551,76311,5446,92709,2137.87,4863,4615,4952,8666,84937,12692,26095
2023,3,5,16843,85696,55996,80372,60585,2137.87,3856,4583,2571,5388,78182,11488,14025
2023,3,6,68775,11705,9794,72166,79410,2137.87,742,1064,4392,5982,17861,16914,35491
2023,3,7,93935,57725,23068,95239,86237,2137.87,4282,3078,3699,9206,83449,20636,8005
2023,3,8,60655,7306,81572,78226,49046,2137.87,644,4171,2809,6462,22688,17219,9754
2023,3,9,78305,97867,79636,94049,49356,2137.87,2500,4641,1573,7710,54880,15628,47497
2023,3,10,66277,95515,77240,76329,75793,2137.87,1964,1446,4346,9784,31024,49744,10690
2023,3,11,4641,97694,83916,8803,74156,2137.87,2373,3811,1654,8062,62859,36529,6605
2023,3,12,85857,81712,46172,57430,23632,2137.87,1590,1260,2917,8830,82588,10134,17404
2023,3,13,85872,45905,41509,70218,90792,2137.87,1313,1783,2929,6581,20585,27084,38885
2023,3,14,59538,12959,62248,80360,84967,2137.87,1889,2175,3170,6130,44604,13153,25107
2023,3,15,46816,92548,69414,76085,1378,2137.87,1146,2248,4257,9007,73817,10106,2002
2023,3,16,44244,10132,16833,47174,63065,2137.87,609,2601,1728,5724,19312,18046,3770
2023,3,17,44316,86202,55222,67486,15614,2137.87,639,2428,3725,7926,54865,26454,16179
2023,3,18,68407,36012,13703,99016,91371,2137.87,4064,1238,1446,7248,82787,43418,3872
2023,3,19,7370,23397,32372,74098,42606,2137.87,3496,1921,2885,5046,54406,19851,1685
2023,3,20,62600,1398,48632,71325,1451,2137.87,4130,1208,1730,7832,85223,47230,3497
2023,3,21,31705,5640,82845,62059,59240,2137.87,1829,1609,1550,8410,57058,14337,31984
2023,3,22,55885,31907,51259,10123,61977,2137.87,4973,4575,3414,8604,12252,41216,22018
2023,3,23,48454,26383,27425,4314,70568,2137.87,1543,3623,1992,5990,97033,10231,29001
2023,3,24,32724,68863,93193,54456,73064,2137.87,3793,1226,3509,7798,71773,26837,16603
2023,3,25,92069,68099,17765,15484,96704,2137.87,1699,1508,2751,7766,65821,19350,30017
2023,3,26,45829,17365,78294,96820,84457,2137.87,3402,2180,4189,6594,71635,33604,25327
2023,3,27,83198,6781,95256,98059,76833,2137.87,4895,1038,1086,5328,17087,48182,17030
2023,3,28,39029,90140,26043,11780,6968,2137.87,2801,2795,1170,6094,49614,10036,41864
2023,3,29,41421,73018,27217,1962,5964,2137.87,1917,1034,1984,7060,14310,15168,15205
2023,3,30,30555,94818,16774,82034,87478,2137.87,1568,1505,1434,5230,54636,47318,1774
2023,3,31,80827,42438,16466,6407,24884,2137.87,1442,2655,1826,5366,84617,27764,16081
2023,4,1,52887,83278,29904,16412,3200,3052.23,3317,3017,3197,6842,85494,44761,11425
2023,4,2,24624,28352,85114,13586,99340,3052.23,4411,3128,1026,6606,83011,47681,48784
2023,4,3,33613,65667,19483,9976,66636,3052.23,1542,1758,1056,7797,52285,10870,47247
2023,4,4,9222,31956,98093,3771,93659,3052.23,3532,3281,4641,9997,31866,43980,49939
2023,4,5,15133,42631,18461,80382,43448,3052.23,4414,3411,3489,7802,13574,16477,1472
2023,4,6,77496,21281,2352,74371,69079,3052.23,4445,4651,2943,5084,98422,46601,20989
2023,4,7,72476,46955,31235,17117,13304,3052.23,2448,3435,2083,5908,25169,31882,29454
2023,4,8,13732,85936,75295,13574,66185,3052.23,950,3679,2665,8753,18049,14014,45033
2023,4,9,69742,92496,96395,72686,81385,3052.23,638,1766,4474,6460,87328,37777,11169
2023,4,10,29031,81130,16214,51114,93390,3052.23,4347,2121,3669,8014,20694,19716,7735
2023,4,11,36027,17097,69885,68692,15850,3052.23,1786,1190,1781,9532,74627,28165,37935
2023,4,12,10702,76619,48378,85176,9844,3052.23,2953,3873,4539,5518,12686,42928,2059
2023,4,13,79605,55686,66402,23274,96680,3052.23,4479,4057,1096,9363,34100,36392,37096
2023,4,14,23650,37239,38336,20431,36771,3052.23,4948,2471,1874,9677,48999,32127,29315
2023,4,15,31736,38305,71001,97627,60175,3052.23,555,4778,4376,6956,79403,12407,43691
2023,4,16,10405,28883,27817,30948,64599,3052.23,3692,3247,1022,8379,25030,18278,28269
2023,4,17,84046,39979,16101,89979,19656,3052.23,2105,2743,4755,9458,65369,29929,31452
2023,4,18,3149,22277,36060,68877,29234,3052.23,2635,1988,1404,5451,13182,41647,15463
2023,4,19,53720,3333,29895,69226,58064,3052.23,2854,2109,2606,5046,48439,47262,21277
2023,4,20,51758,70545,31358,87865,96355,3052.23,4145,4503,1450,6838,84731,30940,13079
2023,4,21,52019,32368,53282,29068,7819,3052.23,714,2890,1254,6961,63467,34317,6570
2023,4,22,4590,1322,76427,32197,87980,3052.23,4458,1088,1762,7167,43952,24468,24866
2023,4,23,40246,28098,23972,91953,64654,3052.23,4244,3024,2422,5060,62091,31592,25056
2023,4,24,15448,49159,59483,91702,82472,3052.23,2370,2060,1256,8797,19256,28603,22951
2023,4,25,60015,15067,84692,88129,42234,3052.23,2597,3831,3093,5850,14280,16426,28645
2023,4,26,77976,96381,87124,51750,55258,3052.23,3342,1418,4724,5658,78757,47195,15567
2023,4,27,32127,21129,84257,72751,56278,3052.23,1353,2643,4931,9614,20772,43516,19865
2023,4,28,47393,49722,92348,36839,2642,3052.23,937,1969,2215,8834,48718,33824,15836
2023,4,29,59979,82061,70882,91056,91238,3052.23,4602,3363,2118,5210,96113,43395,49639
2023,4,30,25076,13819,92392,60007,16216,3052.23,3522,4959,4236,8918,16797,31877,13164
2023,5,1,7735,95199,6625,2147,43918,2517.97,3477,2329,1329,9532,33566,27320,40449
2023,5,2,74135,73283,14439,79346,69396,2517.97,4420,4566,1577,6294,32133,29740,24187
2023,5,3,34301,12093,75329,96523,28891,2517.97,931,1624,3756,7555,55123,29025,7206
2023,5,4,88005,49953,71355,65686,19485,2517.97,3005,4970,1824,7444,11344,46654,21274
2023,5,5,81631,26440,96221,64560,7218,2517.97,651,2870,1814,5979,70744,35688,28354
2023,5,6,9537,61677,38665,78293,59232,2517.97,2317,3587,1606,5024,29273,29575,43788
2023,5,7,32650,22279,5899,43557,46075,2517.97,870,4056,3005,5576,17240,45222,11566
2023,5,8,81137,69267,19445,37935,5246,2517.97,3622,4782,1865,8639,18862,27448,40190
2023,5,9,72427,16745,7389,48871,28121,2517.97,3445,1548,1194,5630,17330,37718,36662
2023,5,10,62262,60888,81775,16619,13671,2517.97,3192,1159,1008,7637,65445,47606,6743
2023,5,11,87827,5421,28741,56044,84060,2517.97,3491,2837,1262,7102,21707,49382,38167
2023,5,12,43893,66506,60152,35537,17201,2517.97,3254,1636,1716,5550,12431,21738,30829
2023,5,13,78123,90625,82898,70484,4614,2517.97,4441,2439,1990,6372,64834,16726,14696
2023,5,14,67700,64678,27012,38963,71910,2517.97,3344,1612,1576,8496,67689,48776,15072
2023,5,15,79325,40944,44591,37393,28677,2517.97,4131,3150,3997,8380,19980,18610,7022
2023,5,16,73076,94427,77402,59543,23960,2517.97,614,1659,1913,6874,30621,28822,42236
2023,5,17,38504,68966,10976,70080,83814,2517.97,858,4490,4608,9797,16882,14636,28666
2023,5,18,53172,42366,87788,33521,67099,2517.97,2131,1525,2199,5884,16068,16158,47773
2023,5,19,38121,46137,24170,45034,19569,2517.97,858,4423,1878,9526,44502,23921,4791
2023,5,20,29848,79711,3412,65809,75860,2517.97,898,1558,4011,8231,78903,46109,20295
2023,5,21,16005,97387,2636,24556,93271,2517.97,2065,1390,1191,9950,92775,17112,35056
2023,5,22,52378,32983,91536,92486,518,2517.97,1407,1486,3452,9818,96172,24311,2391
2023,5,23,56465,42970,86047,51829,61201,2517.97,2937,3556,3687,6924,34463,38309,31302
2023,5,24,51980,91530,36053,49524,89117,2517.97,2987,1493,3162,7062,50331,45031,28828
2023,5,25,43265,66739,25396,91717,2909,2517.97,2380,1460,1788,9566,27553,16892,37921
2023,5,26,16080,41843,51999,94767,58768,2517.97,4427,2098,4342,5479,92973,49810,36462
2023,5,27,80660,92313,57657,75174,83188,2517.97,846,1451,1077,7834,34520,43985,7988
2023,5,28,49872,83253,69711,47113,34383,2517.97,554,1874,1862,7818,61579,30577,13616
2023,5,29,76718,61007,74028,87413,96487,2517.97,2222,3497,1340,9766,68670,17714,33354
2023,5,30,69218,38875,1657,60295,50826,2517.97,632,2049,1570,6694,64161,20162,2529
2023,5,31,70311,69716,36976,42121,59972,2517.97,2697,1689,1834,6162,24101,22398,48555
2023,6,1,27676,82248,22096,72555,50918,1547.63,3123,4791,3955,9550,56969,11934,30948
2023,6,2,5403,74019,3616,62097,54532,1547.63,3758,1208,2104,7094,18550,25658,40130
2023,6,3,79928,37260,17924,59357,77713,1547.63,785,1582,3921,8474,94294,39838,6674
2023,6,4,41533,52418,45983,40488,3540,1547.63,1971,3941,3321,7782,87390,14204,19304
2023,6,5,2069,36149,4804,29173,43380,1547.63,1183,3306,1378,9106,82662,12230,21727
2023,6,6,95780,4801,58439,84701,49033,1547.63,891,1138,2853,6873,47404,41393,19085
2023,6,7,6177,39376,50335,15850,51314,1547.63,998,3381,1870,9742,98906,33604,4077
2023,6,8,39288,70090,73263,14625,75548,1547.63,2674,1326,2077,9886,72379,42461,22278
2023,6,9,27901,13271,33027,65755,144,1547.63,2147,2671,1157,7676,38520,15318,30431
2023,6,10,27911,34926,73557,34488,52487,1547.63,4443,1773,3903,7705,12806,34450,22463
2023,6,11,46335,90425,22129,23412,49242,1547.63,2225,2141,2777,6442,59247,24272,44508
2023,6,12,12034,66395,46944,64543,56581,1547.63,4716,4490,3093,8272,18977,11168,1816
2023,6,13,47087,3421,13706,22342,77478,1547.63,3143,3812,3231,5272,63575,42472,36456
2023,6,14,89780,45801,85967,13910,77404,1547.63,3181,1586,2960,5938,86682,34540,45214
2023,6,15,3293,71400,69031,56386,46024,1547.63,3317,3110,4131,8374,31803,12934,4360
2023,6,16,44830,4948,41773,88061,220,1547.63,1885,1350,1148,5712,36611,44904,5349
2023,6,17,28065,91146,50693,56025,92623,1547.63,1916,2266,1078,5946,85004,21149,3728
2023,6,18,46658,79674,80612,70789,88048,1547.63,2397,2876,2362,8486,37288,33933,12416
2023,6,19,35870,34174,56636,3371,33377,1547.63,3274,1441,1498,5318,33817,43366,9600
2023,6,20,69046,90735,21985,94172,33033,1547.63,1673,1042,1661,9166,66830,41060,6989
2023,6,21,91052,55580,23937,8414,86102,1547.63,3698,1970,1750,6774,41692,11479,27578
2023,6,22,41286,89967,22921,42030,21638,1547.63,1747,1374,1470,7472,19446,29560,23090
2023,6,23,97073,82880,25603,86,61516,1547.63,1146,2567,4364,5766,77332,15190,42433
2023,6,24,9012,52384,88788,37115,84070,1547.63,3593,1706,1798,7865,83735,16880,30481
2023,6,25,27307,51835,65471,23835,41918,1547.63,3394,3989,1824,5348,55427,27422,16677
2023,6,26,4133,46574,96342,68497,78008,1547.63,636,2019,2409,7398,40485,42830,40027
2023,6,27,70934,39079,84537,24084,93296,1547.63,2519,1212,1457,7989,44435,28374,34624
2023,6,28,31018,14182,33717,96925,9530,1547.63,698,3662,1442,6794,98510,30075,39144
2023,6,29,43419,33825,33447,2180,74278,1547.63,598,1562,4361,5897,85645,39008,23932
2023,6,30,30521,84517,59611,66978,48858,1547.63,1703,4874,1872,5419,93150,10460,20398
2023,7,1,50202,90475,52983,3594,88986,1907.29,3363,4161,1504,5542,29790,13586,33059
2023,7,2,26904,91353,36150,72801,93350,1907.29,3320,4218,1120,6649,43075,37869,25159
2023,7,3,48353,22951,38801,60125,32453,1907.29,1038,2653,1087,8052,10422,45072,49262
2023,7,4,97080,65962,50586,29936,47856,1907.29,1723,1110,3079,9225,63910,31429,30376
2023,7,5,80736,83583,75648,31856,70232,1907.29,1076,4936,4376,9764,95060,13668,35075
2023,7,6,90491,56099,5835,96578,70120,1907.29,3002,3550,1502,8587,13486,19846,8434
2023,7,7,55316,66562,46065,43395,55787,1907.29,1175,1521,4909,6358,84728,46493,26328
2023,7,8,68250,20806,31430,42626,12035,1907.29,806,2524,3939,6594,15453,19059,26490
2023,7,9,96427,23456,68962,87173,98396,1907.29,2126,1142,1474,8191,29808,21147,48800
2023,7,10,30871,70985,74022,40780,20511,1907.29,3624,1926,1822,5650,64089,15890,25102
2023,7,11,44247,29896,26817,43187,1537,1907.29,3597,2962,2077,7558,11966,46824,42271
2023,7,12,12711,43614,83239,78072,48157,1907.29,570,4026,1562,9591,36158,20893,13048
2023,7,13,81046,6135,26006,76952,7541,1907.29,1244,1786,1341,8834,11324,16950,6447
2023,7,14,3035,39922,68545,85113,53833,1907.29,3288,1542,4997,6138,44613,44505,20032
2023,7,15,94575,76536,89885,11310,82480,1907.29,2202,3524,2176,9128,40475,12146,26043
2023,7,16,81006,58072,24208,33700,18837,1907.29,2929,1870,1842,5660,23334,29285,35532
2023,7,17,59210,21624,95828,89207,19503,1907.29,574,1742,3327,9947,41737,15806,6793
2023,7,18,15990,90292,79331,64519,81204,1907.29,1938,3560,1172,9230,12259,29417,36159
2023,7,19,96678,16541,51289,88483,5719,1907.29,2767,4927,2597,9946,70485,32099,24623
2023,7,20,3091,70549,78880,36418,60497,1907.29,3576,2837,2260,7906,73707,16936,20617
2023,7,21,417,10647,3376,10999,88144,1907.29,1767,4820,3527,8055,73302,17010,15636
2023,7,22,99031,7422,35525,11628,53720,1907.29,702,1809,2910,8958,93227,13654,6010
2023,7,23,75928,78156,62596,19540,26062,1907.29,4354,2830,4653,7729,70180,17796,2656
2023,7,24,63365,26948,68970,28245,35004,1907.29,3841,4033,1045,8742,62012,36116,8624
2023,7,25,40376,38444,92927,33286,93755,1907.29,3043,1033,1330,7994,11154,23073,2506
2023,7,26,34647,49927,65904,14300,97656,1907.29,3447,2372,4383,7416,21968,14386,36084
2023,7,27,26041,20810,64772,8438,55176,1907.29,4553,1903,1579,7672,45188,25333,43136
2023,7,28,56337,64585,61367,36997,62928,1907.29,1422,2573,3216,9330,28224,47223,16939
2023,7,29,94762,26672,40948,74145,10441,1907.29,4882,2832,1382,9653,61269,10514,12916
2023,7,30,29141,22175,67156,10720,76007,1907.29,1052,3694,4632,7418,85691,22559,28697
2023,7,31,30709,62114,86485,80277,20791,1907.29,2500,1903,2731,9608,22399,18171,14709
2023,8,1,27282,21004,64145,13287,98625,1539.19,2427,1608,2904,6302,13157,47952,19397
2023,8,2,55552,61852,73937,19322,63895,1539.19,630,2359,4331,6658,63150,30391,46496
2023,8,3,74159,11406,38123,75311,33806,1539.19,4377,2438,3649,7052,90725,17262,22647
2023,8,4,22918,49505,95778,42174,19003,1539.19,1477,4553,2137,6758,93875,16662,8935
2023,8,5,43261,60258,93392,92592,6916,1539.19,2982,2426,1312,7457,72736,34456,22894
2023,8,6,50104,12114,11895,10105,15635,1539.19,726,4903,3475,6942,13429,37478,18972
2023,8,7,6146,19907,78384,93284,16673,1539.19,667,4932,3867,6710,68876,22135,22259
2023,8,8,59657,58211,69562,60308,85668,1539.19,4763,2122,2114,6028,78579,19100,8650
2023,8,9,41982,63662,90356,26809,44522,1539.19,638,2018,1686,9022,76653,13440,3785
2023,8,10,97633,37321,16648,46501,7732,1539.19,4987,3739,1526,7270,44046,12105,1876
2023,8,11,95902,55162,14229,83016,78171,1539.19,3467,1503,2820,8822,63312,33693,9160
2023,8,12,28960,93951,713,69003,2973,1539.19,717,1957,1038,8716,79809,10252,27366
2023,8,13,60593,14797,38861,20679,35697,1539.19,2783,2949,3067,6736,30964,32589,32907
2023,8,14,22523,65784,69094,11696,90958,1539.19,786,4916,2707,9838,10550,12032,32406
2023,8,15,56171,47340,78990,87209,6057,1539.19,2329,1648,4946,7541,14742,41994,8799
2023,8,16,80448,2814,89944,34867,32530,1539.19,3807,1942,3042,5810,66746,10351,37260
2023,8,17,1658,28488,46621,44366,90940,1539.19,1397,3461,4230,5386,50669,21638,1891
2023,8,18,60537,9351,4639,66835,6892,1539.19,3828,3690,2481,8771,54908,10010,24669
2023,8,19,52383,38717,31415,71777,91617,1539.19,2127,3274,2999,8747,37639,19254,14513
2023,8,20,96991,60389,30105,96221,45775,1539.19,4210,2662,1476,8848,89496,13368,30775
2023,8,21,63517,98325,33411,7350,13448,1539.19,3712,1668,3387,5126,37605,35003,38320
2023,8,22,45991,36085,44630,5343,64833,1539.19,1985,1822,4008,8386,74394,21134,48621
2023,8,23,99216,24957,43797,5693,63805,1539.19,834,3672,2968,8822,67373,11415,33293
2023,8,24,73494,51086,43597,16881,66212,1539.19,3236,2202,3638,9217,33896,14822,47554
2023,8,25,27839,5882,92997,3199,7971,1539.19,4333,2186,3698,8129,12878,22502,33743
2023,8,26,17775,64643,32527,65743,33465,1539.19,2158,3310,1980,7106,56542,33548,49900
2023,8,27,84661,24779,62103,34651,53997,1539.19,4472,3186,1879,8820,11142,26202,45999
2023,8,28,42563,25718,33389,51261,10200,1539.19,3762,2973,2260,5290,93715,27076,12619
2023,8,29,72540,37226,387,39877,24333,1539.19,3425,3992,3059,7546,59994,16510,6930
2023,8,30,47879,25819,50242,66110,84639,1539.19,2311,2200,3695,5699,78460,15606,17979
2023,8,31,4670,18575,31868,31930,91215,1539.19,4006,1830,4160,5744,36334,13998,41936
2023,9,1,9760,28837,80734,77991,88831,2755.77,2220,4648,1478,8330,99286,33712,49141
2023,9,2,16994,42839,93760,59046,21299,2755.77,3714,4872,2225,5644,47438,16670,14007
2023,9,3,21003,43897,83322,46747,80231,2755.77,772,1341,2002,5724,84331,37184,3166
2023,9,4,91998,26553,68186,24084,51235,2755.77,2795,3227,1662,7907,27272,47960,17472
2023,9,5,31914,90988,4186,94139,2984,2755.77,3299,3985,1871,7972,87083,16916,17976
2023,9,6,1138,32856,14795,33140,75713,2755.77,658,4062,2030,8509,16300,19242,15479
2023,9,7,22333,32294,77844,48995,50201,2755.77,3307,2113,1103,7698,76251,15438,5117
2023,9,8,1820,90903,39424,30044,88875,2755.77,4848,1398,1438,9643,39503,17778,42859
2023,9,9,85122,26180,51841,43504,64689,2755.77,3119,3373,3631,7314,68719,17672,26339
2023,9,10,52431,98379,40945,64886,32223,2755.77,656,1606,4450,6098,96789,13324,33548
2023,9,11,78958,51638,19689,71024,37633,2755.77,3801,4105,1514,6994,98960,16412,9193
2023,9,12,99685,52080,86138,8316,15747,2755.77,3498,3176,4587,8894,49414,18161,21209
2023,9,13,74342,46090,84908,15144,82189,2755.77,4820,2497,4686,9026,48520,37318,31697
2023,9,14,40053,3674,26425,25425,27020,2755.77,3188,1703,3816,8660,35018,19134,25385
2023,9,15,65534,34869,94091,51473,59311,2755.77,4634,1782,4594,9092,65147,38134,43505
2023,9,16,52591,9968,65632,2277,90829,2755.77,4594,1770,1066,9510,56304,27548,30504
2023,9,17,57756,64493,20604,67924,75170,2755.77,3837,2055,1842,7927,17064,16153,21975
2023,9,18,47785,78162,32510,37379,32704,2755.77,1864,1202,3976,7704,15714,14804,47657
2023,9,19,54351,93516,45685,4879,25887,2755.77,3778,4993,4185,9382,84268,24355,18342
2023,9,20,91357,78106,31411,98199,66033,2755.77,703,1414,4451,6434,67546,33506,39938
2023,9,21,27222,25763,85152,51198,49610,2755.77,1001,3959,2587,8037,25190,24825,39073
2023,9,22,46379,23969,41171,45565,43351,2755.77,1271,1058,4895,8076,49257,35928,25439
2023,9,23,23971,29961,16097,74774,59526,2755.77,3279,1746,2109,6870,37943,41719,49996
2023,9,24,32503,20297,12031,31443,48334,2755.77,2619,1064,2541,7590,56628,37243,37221
2023,9,25,55581,9252,88303,75477,93285,2755.77,2756,3606,3871,6838,16770,43396,37560
2023,9,26,26552,66660,30143,68662,26443,2755.77,770,3944,1085,9670,13486,19419,34438
2023,9,27,25984,79359,80484,3525,9501,2755.77,767,1432,2714,9069,56908,22350,3464
2023,9,28,82981,51017,5957,66853,61222,2755.77,1600,2772,2348,6743,56433,23790,14337
2023,9,29,57533,33166,82735,78619,21929,2755.77,4389,2911,1535,9862,51435,11035,5826
2023,9,30,14688,8555,8820,93754,53977,2755.77,1103,1956,1744,8411,20160,44317,15729
2023,10,1,46762,82091,97,19857,54876,1423.16,2388,4393,2972,6006,26321,45149,23887
2023,10,2,36748,74233,46685,97972,42020,1423.16,4010,1156,2891,9115,18226,14971,24072
2023,10,3,5219,57859,98068,9983,78019,1423.16,2730,4779,1664,9178,44635,45702,42386
2023,10,4,53065,38377,66448,92389,10735,1423.16,2538,2482,2000,9334,45453,18048,42769
2023,10,5,74647,90817,75946,57538,29932,1423.16,2508,1502,4704,9350,61484,32723,46847
2023,10,6,29313,74215,57503,20140,19745,1423.16,2194,2808,1866,8641,81548,17600,18491
2023,10,7,41411,35439,31435,24763,36014,1423.16,566,1328,4056,6079,84548,13987,26889
2023,10,8,22926,23409,65490,93983,60336,1423.16,1705,4648,2539,9094,19584,37283,26974
2023,10,9,35402,8334,26444,92268,56976,1423.16,1220,4737,4782,7654,39499,45795,7993
2023,10,10,895,5986,22807,84951,32065,1423.16,3938,1342,2114,6302,65324,14910,7355
2023,10,11,7754,8382,97099,25293,8941,1423.16,3928,1398,1571,5371,52961,19622,23238
2023,10,12,29716,45534,19636,89499,53189,1423.16,1645,1766,1472,8914,55385,29888,25487
2023,10,13,48159,70676,17583,95274,51455,1423.16,2723,4207,2639,6173,13782,32932,49259
2023,10,14,39411,96133,93627,87334,1504,1423.16,2231,2571,3473,8218,37069,28013,12940
2023,10,15,20058,55067,48448,1530,79519,1423.16,2769,4029,2211,6846,39302,17342,20185
2023,10,16,80963,58378,34226,4955,74551,1423.16,2886,3960,2561,7864,10422,15417,1430
2023,10,17,27156,9878,12989,51981,38097,1423.16,4993,4505,1475,9596,76034,17346,16410
2023,10,18,31330,40156,61376,38542,21860,1423.16,3559,2822,4054,7784,24128,33604,1366
2023,10,19,15567,62015,63917,79480,26231,1423.16,4896,3385,2792,8482,21718,12240,31563
2023,10,20,40646,51712,36746,78474,62857,1423.16,819,1086,4286,7194,65431,15006,29132
2023,10,21,74224,78991,26673,33278,43127,1423.16,3233,3692,4166,7012,38172,10802,1612
2023,10,22,61417,99421,25134,69209,73658,1423.16,1448,4302,4915,8193,92775,44123,46852
2023,10,23,97325,4947,4662,82963,62141,1423.16,1812,1363,1766,6978,85992,17132,36445
2023,10,24,84285,85578,83606,13451,49080,1423.16,822,1000,2550,6684,79703,11207,38130
2023,10,25,89888,27504,41862,21155,95697,1423.16,1630,4372,1880,5296,17382,34428,1990
2023,10,26,39089,15500,87144,4523,48984,1423.16,4435,4620,3713,6092,79422,24144,23137
2023,10,27,51171,80974,34640,5073,7658,1423.16,1279,3896,3197,8996,35051,15602,30695
2023,10,28,41835,83034,79618,14122,35677,1423.16,3549,4764,1310,8210,95639,19138,38305
2023,10,29,25182,25075,18759,247,54468,1423.16,4391,1990,1022,5382,27062,12682,14534
2023,10,30,6078,59695,33412,64275,50540,1423.16,4520,2373,2847,8284,12998,14126,34815
2023,10,31,18794,71397,78289,38949,23442,1423.16,4439,4974,1446,9549,65220,19821,40280
2023,11,1,5964,8164,69589,81347,35227,2469.4,3775,4920,2515,8049,45459,14668,39104
2023,11,2,18922,54185,91530,33060,60679,2469.4,3204,3426,4693,7020,71867,29973,45054
2023,11,3,47945,36842,11680,23846,18415,2469.4,2928,1468,1016,7746,22075,41242,47853
2023,11,4,89325,42203,52515,28192,10253,2469.4,1872,4173,3509,6812,78584,29187,47974
2023,11,5,38455,63142,77615,44501,2999,2469.4,4473,1894,4027,5018,91139,37441,15834
2023,11,6,50357,5420,78171,56373,89289,2469.4,2614,4964,3800,8822,23155,35404,16599
2023,11,7,64454,75028,30931,32963,18430,2469.4,3502,3235,1466,9902,34087,16724,25867
2023,11,8,38302,58561,75652,73681,27417,2469.4,1121,2773,2210,5644,34145,27850,16792
2023,11,9,38595,31761,72815,13747,98241,2469.4,503,4046,2349,6433,12008,22130,12322
2023,11,10,88652,6863,11718,94012,95683,2469.4,2368,3984,1444,8020,15338,48134,45806
2023,11,11,44812,35139,25908,33374,57135,2469.4,2576,2080,3164,6390,25826,12820,10053
2023,11,12,29065,41330,85452,16414,4115,2469.4,4895,4118,2026,6612,12546,32708,13812
2023,11,13,12418,5498,83045,33136,99870,2469.4,1269,1032,2199,7176,94406,15685,7062
2023,11,14,83581,21983,27766,91746,38725,2469.4,4502,2788,1273,6305,18006,31739,3592
2023,11,15,46469,55449,40858,83495,22062,2469.4,1203,1670,1682,5599,83965,32057,10339
2023,11,16,22661,81587,43091,81212,5115,2469.4,1896,3695,1670,8174,96792,30906,3849
2023,11,17,10958,11295,98696,22231,27600,2469.4,652,4067,1049,7531,73914,18934,15601
2023,11,18,87870,6470,60293,70058,22069,2469.4,2115,4729,2196,5205,25940,13663,10611
2023,11,19,65406,39190,68711,41236,80203,2469.4,3493,1159,3148,7090,29741,20747,15503
2023,11,20,19142,16416,11167,90191,43947,2469.4,1004,1815,2901,6296,15054,29970,1433
2023,11,21,36907,53989,91052,95456,65546,2469.4,950,1910,2532,8370,88537,19087,33344
2023,11,22,9683,77031,60247,2831,80572,2469.4,4929,4712,2755,7447,12518,16701,6341
2023,11,23,68881,22259,98517,76782,14907,2469.4,1751,1813,1468,7802,63620,10534,16742
2023,11,24,31147,39091,83577,20031,99623,2469.4,4117,4304,1002,5716,28486,12419,38466
2023,11,25,88409,68416,78484,11164,35863,2469.4,4216,1094,1995,9084,97876,38253,34738
2023,11,26,25827,20980,90067,12908,35135,2469.4,534,2632,1950,5462,10678,25102,20039
2023,11,27,53929,8133,50759,19425,90201,2469.4,3195,3608,4011,6678,12256,16226,29245
2023,11,28,61416,16692,37321,84763,25776,2469.4,3015,1601,2528,9434,80861,15334,35197
2023,11,29,15825,46396,6647,57658,28210,2469.4,2759,2137,3792,7046,17913,23992,9309
2023,11,30,29115,16109,18953,93127,92787,2469.4,4352,1116,3118,6058,71667,33894,41428
2023,12,1,11036,51848,87102,40470,32709,1881.35,2645,1850,2761,9974,23665,43421,11116
2023,12,2,29415,22155,77215,62933,40069,1881.35,3398,1176,2863,7876,65315,44290,17559
2023,12,3,27229,52221,52410,6606,23889,1881.35,1178,4923,1718,9272,91744,14282,2656
2023,12,4,35747,64390,65371,53508,94693,1881.35,3280,4106,2542,6846,13590,17610,5388
2023,12,5,24406,28141,40139,93621,46018,1881.35,2910,4597,4026,6671,96202,14266,21806
2023,12,6,9327,17381,65542,46534,42012,1881.35,1448,4109,3026,7302,63968,32718,7286
2023,12,7,87207,77250,73177,31101,84096,1881.35,3710,4852,1059,5200,34824,33428,42919
2023,12,8,93359,22736,73026,67385,95759,1881.35,3002,1437,2960,7096,67970,11324,19229
2023,12,9,20829,84419,55434,58855,66237,1881.35,2925,4794,3003,7453,17246,13450,35755
2023,12,10,6725,15957,54656,44136,87510,1881.35,2563,1744,3566,9558,64603,24325,39480
2023,12,11,86169,62606,62115,89130,42501,1881.35,916,3328,4502,8982,38534,47090,30085
2023,12,12,57993,62812,83238,87348,76618,1881.35,2150,3341,2792,7250,27476,36653,1966
2023,12,13,77637,71392,17521,22556,71980,1881.35,3232,3148,1080,5346,63629,19932,48476
2023,12,14,71783,14083,99613,86285,36321,1881.35,4726,1340,2310,9315,98012,43927,38147
2023,12,15,99800,31515,93621,48944,19672,1881.35,596,2308,3839,9468,36215,30818,37449
2023,12,16,17944,99448,55319,95376,41146,1881.35,624,2927,4381,9848,99211,16502,18948
2023,12,17,69418,15290,12720,86728,14606,1881.35,2006,1522,3598,5078,79699,44621,27084
2023,12,18,44427,81648,8282,53266,17468,1881.35,882,1670,3943,8454,47137,35088,44497
2023,12,19,41055,62445,14368,6788,93716,1881.35,802,4484,1830,8538,82564,26177,29931
2023,12,20,81349,79571,6934,56299,86550,1881.35,919,1960,1976,9201,19286,18450,2985
2023,12,21,20050,51030,70213,80346,73136,1881.35,1785,1092,1145,6153,53681,12434,17350
2023,12,22,26084,78875,85697,71304,33140,1881.35,3832,1688,4183,7117,13986,17084,18261
2023,12,23,90102,54409,98060,91085,29962,1881.35,886,1363,1033,6098,46708,11052,15005
2023,12,24,13448,28494,2415,9593,24647,1881.35,804,1470,4970,7853,38385,18109,6096
2023,12,25,86114,18571,15301,50297,5688,1881.35,2380,1588,4549,7198,12930,19511,18790
2023,12,26,63149,45465,2227,29183,41563,1881.35,1055,1362,2427,6948,97306,18426,48935
2023,12,27,75918,13112,85509,10888,47317,1881.35,706,3429,3815,5254,11254,14503,40246
2023,12,28,29438,33811,76645,18987,81955,1881.35,4849,1798,1685,7075,90637,49600,46222
2023,12,29,22362,91693,70963,99790,11514,1881.35,4567,2430,2731,5430,98317,45047,18269
2023,12,30,60321,10018,94830,19137,37018,1881.35,3639,1454,1254,6635,14414,27024,44908
2023,12,31,72857,72995,72128,30895,30071,1881.35,998,3783,1626,5854,68572,32321,12765
