year,month,day,sales1,sales2,sales3,sales4,sales5,rent, employeePayment, electricity, gaz, vegetables, meats, otherIngredients, publicity
2016,7,26,98501,28202,66779,86811,22373,2445.58,3795,1876,2062,5408,25254,18678,33881
2016,7,27,18665,82237,83991,33406,53187,2445.58,2322,1266,2002,7678,63279,26077,19572
2016,7,28,15675,16009,50761,37531,87655,2445.58,4696,2506,2429,6474,89316,24801,7877
2016,7,29,96707,64465,3030,68769,9873,2445.58,2446,3536,1872,5778,61941,46410,28285
2016,7,30,7361,60617,28391,79364,32529,2445.58,1792,4554,2677,8905,18437,11683,41670
2016,7,31,63134,48134,14190,15563,60960,2445.58,1715,2666,4322,9744,42786,44194,19859
2016,8,1,80234,39083,81254,18023,17377,1754.19,774,2992,2406,8846,26872,30427,44016
2016,8,2,9243,7779,38106,48148,42568,1754.19,2632,1410,1682,6398,68012,16540,16141
2016,8,3,66262,25679,863,92358,84817,1754.19,1738,1401,1842,8696,15775,18550,11409
2016,8,4,54711,57511,94915,77117,94960,1754.19,2544,4201,1844,8034,68700,38484,38139
2016,8,5,44494,96333,95538,41176,55879,1754.19,2715,2139,1931,9868,30849,13504,29902
2016,8,6,2690,77588,4502,69533,38283,1754.19,886,2992,2786,5506,86461,22746,20277
2016,8,7,19508,10358,93300,65425,88711,1754.19,532,3203,4684,8630,74379,46915,12001
2016,8,8,62052,48447,69055,83983,23377,1754.19,2081,1065,3842,6358,11949,48476,16256
2016,8,9,31860,82053,57822,25998,63422,1754.19,830,2928,1992,8395,64705,19412,10635
2016,8,10,86748,51319,92905,77784,33469,1754.19,4698,1871,2082,7350,12205,10926,33636
2016,8,11,26361,19287,97876,36556,30870,1754.19,646,4080,3229,9204,21429,38002,9826
2016,8,12,19839,36526,87283,7182,61273,1754.19,1882,4371,4657,6139,42154,12530,1988
2016,8,13,59775,83206,81349,8209,93311,1754.19,3666,4670,2840,7894,56225,10061,43554
2016,8,14,87720,57610,55494,95949,33166,1754.19,3950,3004,4799,9926,76537,41071,26923
2016,8,15,39573,59773,71795,59230,35912,1754.19,3707,2037,3506,8310,20246,13642,30302
2016,8,16,19962,265,42839,32802,78159,1754.19,4214,2229,3025,9424,78177,22542,15417
2016,8,17,57982,78480,91899,87782,66065,1754.19,846,1282,3208,6999,81217,30471,18437
2016,8,18,13653,26277,92509,27159,36333,1754.19,662,2645,1456,6338,21798,40233,29107
2016,8,19,8581,31013,22464,97958,12072,1754.19,500,1974,1918,9622,74185,11536,1292
2016,8,20,80835,85743,83525,25395,69094,1754.19,865,2745,1018,8374,19816,43702,14742
2016,8,21,43833,60230,16348,5908,69746,1754.19,1141,3326,1028,8604,92635,13932,4498
2016,8,22,85597,13136,337,81069,41887,1754.19,3956,4072,1616,9950,64467,45709,40875
2016,8,23,23575,70333,28455,14593,85059,1754.19,4646,3891,1290,7345,34798,16710,4710
2016,8,24,61843,97292,79362,63704,65896,1754.19,2635,2844,1484,8656,48912,19454,38350
2016,8,25,85198,24222,98796,61814,66702,1754.19,2522,1130,4946,9342,21219,35005,13263
2016,8,26,7038,12218,80249,38328,19563,1754.19,715,2756,3690,5742,61459,10937,31399
2016,8,27,39778,55447,78782,57615,49771,1754.19,2336,1319,3267,9962,29485,10630,44047
2016,8,28,95746,53360,41597,45693,5689,1754.19,2049,4077,1385,7297,83757,10947,29168
2016,8,29,8696,39473,8705,53738,90901,1754.19,4675,1366,1962,6922,88292,16178,36516
2016,8,30,3855,21981,75756,72122,54465,1754.19,4794,1742,3600,5590,12253,14288,5241
2016,8,31,76910,9303,9718,68295,2952,1754.19,594,2999,2946,5270,81736,23847,43475
2016,9,1,62764,70878,65480,6221,75522,1568.13,1426,2501,1352,9810,51965,20911,39916
2016,9,2,54695,18528,29512,52437,47133,1568.13,4345,2787,4869,7994,75738,29695,10152
2016,9,3,25939,3738,62643,46589,1827,1568.13,910,4589,1270,7778,87161,15591,2842
2016,9,4,58205,13589,63093,23876,28489,1568.13,1139,3182,1289,7002,51970,13421,31411
2016,9,5,83507,81316,86209,3376,11660,1568.13,4422,2597,3388,8286,17494,14326,28300
2016,9,6,31258,70644,64805,21328,38933,1568.13,3270,2136,1905,6363,37364,26745,18318
2016,9,7,14126,64856,26280,80415,21858,1568.13,3835,1482,1844,6396,25090,37576,28250
2016,9,8,74696,74514,25175,89436,2930,1568.13,4650,4187,2706,6518,71866,17990,25712
2016,9,9,39124,75138,65128,37382,57853,1568.13,966,1977,3698,6230,68743,11120,18844
2016,9,10,1360,62579,27272,93629,75327,1568.13,1205,1974,3226,5472,39457,46156,2362
2016,9,11,64795,45460,96696,93854,32618,1568.13,1843,1740,1910,6970,25473,34254,34914
2016,9,12,62166,22305,22584,45864,45415,1568.13,2771,3125,1058,5042,56754,45583,41327
2016,9,13,63756,54312,11958,6983,93395,1568.13,3138,3188,3225,6185,52041,45842,17767
2016,9,14,51099,30238,33935,27502,73560,1568.13,3107,1460,3064,5598,81588,19670,25761
2016,9,15,8370,49360,22956,78627,60754,1568.13,4210,4509,1724,5048,31491,10118,46062
2016,9,16,20286,982,34660,49863,83519,1568.13,704,4616,3289,5990,78469,13708,3053
2016,9,17,21751,56578,42575,36167,57269,1568.13,996,1284,1226,5304,60616,16979,40515
2016,9,18,31366,1179,91489,98091,53698,1568.13,4560,3982,1278,9219,23844,23830,39332
2016,9,19,12273,35901,74800,61914,98243,1568.13,3762,1345,4845,7688,72511,33465,3269
2016,9,20,68204,84861,65456,90782,36517,1568.13,2760,4233,2249,9249,82323,47298,26072
2016,9,21,4933,73237,87633,61598,82456,1568.13,864,1079,3728,6578,72993,28322,27829
2016,9,22,46200,41756,14668,56045,85797,1568.13,862,1434,3391,5298,61132,24907,37180
2016,9,23,47389,18893,9141,90990,84494,1568.13,3287,4426,1052,9114,51023,29859,7817
2016,9,24,20100,52803,90940,180,29382,1568.13,3501,1170,3391,6348,47976,24187,30285
2016,9,25,96701,3839,94539,85092,41508,1568.13,1350,1018,1840,5490,96236,25408,5671
2016,9,26,59659,876,81187,40711,93147,1568.13,1922,4597,1364,8436,29776,30745,32210
2016,9,27,24498,8279,22678,62889,17800,1568.13,2076,4499,2196,7966,15942,48703,37006
2016,9,28,69990,42293,53952,60905,94135,1568.13,2664,1230,3767,7712,10855,26913,16540
2016,9,29,66061,64130,22864,67425,8343,1568.13,4521,2839,2269,7110,12080,45068,2640
2016,9,30,56909,15509,25920,64105,13475,1568.13,4159,4815,1857,9462,60719,10992,8214
2016,10,1,13385,81138,49770,47236,8345,2129.1,4647,3826,1804,6858,97168,18537,43035
2016,10,2,27946,46361,12159,97849,58441,2129.1,4756,1230,4498,5212,20126,15434,7228
2016,10,3,80724,19943,24570,80187,80662,2129.1,1188,1618,3050,5957,57632,15504,1914
2016,10,4,55344,3633,46574,21242,17057,2129.1,1130,1353,2805,8288,59201,47597,10094
2016,10,5,75516,30310,87898,25015,81874,2129.1,4078,2597,2966,7304,42783,24979,8025
2016,10,6,25562,5324,35378,74964,17633,2129.1,4062,2975,2993,7978,94216,46401,9362
2016,10,7,88434,50347,7756,11239,18636,2129.1,3836,1014,4970,6180,51868,11843,33309
2016,10,8,21110,947,90793,65428,74595,2129.1,824,1507,1030,5784,15654,22882,49928
2016,10,9,35146,56886,45859,64492,85225,2129.1,892,3657,1773,8647,84896,25408,6427
2016,10,10,18309,10085,35911,48279,23170,2129.1,1473,1272,1382,7266,26058,46023,37780
2016,10,11,33546,32818,12531,88797,58602,2129.1,3030,1734,3590,7990,74590,28814,20354
2016,10,12,96668,1835,68825,3441,36835,2129.1,830,1206,1318,7462,13710,13330,3721
2016,10,13,1594,96246,80309,6672,79864,2129.1,2694,3409,4184,6338,18557,14138,6368
2016,10,14,68283,12940,24238,61873,53181,2129.1,2038,4847,2013,5862,69639,15418,15180
2016,10,15,95935,31192,25342,76091,28654,2129.1,768,1599,1359,6076,53270,21222,45114
2016,10,16,82444,72317,50984,37981,3894,2129.1,3470,2175,2480,9059,34047,16166,19541
2016,10,17,24239,7439,1860,57604,33301,2129.1,2803,1184,4041,6298,21677,14046,37851
2016,10,18,14611,33798,10646,55970,9875,2129.1,3543,3669,2584,9064,46649,12964,13916
2016,10,19,30420,31472,28654,12900,40531,2129.1,1263,4768,2842,9474,38724,10010,29053
2016,10,20,87325,82880,98083,22718,52376,2129.1,1764,1985,4909,7532,22954,29783,36112
2016,10,21,77678,16499,88453,30262,77378,2129.1,3090,2796,2925,8095,37048,23456,1455
2016,10,22,27149,18312,4577,46343,17787,2129.1,3837,1462,2531,6919,44180,44907,9653
2016,10,23,33032,47297,78245,19293,61058,2129.1,4075,1526,4049,7768,13662,27778,1200
2016,10,24,71686,4791,35575,70964,69238,2129.1,771,1385,2286,6826,59080,41424,38975
2016,10,25,91353,57918,79239,50236,71190,2129.1,1494,4220,2066,9739,39864,14476,39771
2016,10,26,57291,55292,19563,91340,59171,2129.1,948,2208,2404,8414,18171,11641,37615
2016,10,27,76371,45295,24380,9,76994,2129.1,1432,4697,2728,7022,34933,28917,33460
2016,10,28,76794,96428,49490,63860,36167,2129.1,3335,3456,4644,8510,18502,20167,39354
2016,10,29,1865,52969,67376,60621,24013,2129.1,3613,1734,2192,9344,16742,40537,1899
2016,10,30,29156,74527,25236,86885,11549,2129.1,801,3341,2947,5291,68553,25466,26521
2016,10,31,70997,13241,35275,15642,77491,2129.1,2160,4354,1494,9535,56326,46106,2775
2016,11,1,44941,62841,1330,74285,95935,2519.33,3440,1870,3453,6676,98361,19956,41867
2016,11,2,22478,86703,32922,4121,71608,2519.33,1006,4848,1365,7110,78690,29139,24740
2016,11,3,59271,74398,1235,95158,30724,2519.33,4294,1336,1533,5054,66300,22467,47341
2016,11,4,92490,86093,92929,75944,92769,2519.33,2268,1597,4343,6194,35718,32303,7642
2016,11,5,76281,27188,67152,2647,50650,2519.33,3137,1271,1590,9371,37780,17314,12194
2016,11,6,46713,87075,59330,73246,54050,2519.33,2064,1538,3073,5406,38833,20841,25630
2016,11,7,28986,91103,68792,39682,8996,2519.33,1984,1134,3048,5487,17126,15049,20862
2016,11,8,67681,2412,57673,4272,1784,2519.33,1585,4847,3878,7266,54444,11738,45453
2016,11,9,72897,66509,15818,17322,87854,2519.33,3163,3190,3457,6622,72871,37452,21004
2016,11,10,44168,94856,72729,8568,343,2519.33,3616,4375,1542,5182,88646,13901,27003
2016,11,11,93093,76584,95101,91971,23850,2519.33,4897,3097,2404,5782,30419,36609,49545
2016,11,12,31718,84935,69801,10175,8241,2519.33,2627,3759,3879,6707,77326,20573,42672
2016,11,13,80063,17295,54949,75829,98583,2519.33,1081,3026,2881,9518,99996,43083,9947
2016,11,14,67078,61246,6181,99482,21960,2519.33,2443,1238,4237,8595,96555,28829,2952
2016,11,15,97619,10535,47589,67850,97243,2519.33,3423,3656,3560,9723,85836,14294,41267
2016,11,16,86023,91918,65169,38904,93099,2519.33,1986,1470,2761,9048,76008,31073,31517
2016,11,17,23823,44804,51103,78061,83399,2519.33,3241,2369,4544,6710,65218,38138,14010
2016,11,18,78449,3642,81795,37010,29718,2519.33,503,1488,4547,8126,70994,18997,17631
2016,11,19,73541,2982,45525,16303,73853,2519.33,3727,2674,2688,9668,75734,32438,37885
2016,11,20,45191,65329,96160,19735,2511,2519.33,4224,1926,1371,6018,17967,11088,11379
2016,11,21,90001,28472,43180,49548,20496,2519.33,4896,4035,3507,6870,26689,14728,14175
2016,11,22,34658,40417,5034,33698,21598,2519.33,1135,3140,2448,9210,11526,14958,47121
2016,11,23,90026,27100,45917,71397,49470,2519.33,3837,4470,3707,8368,10748,29202,13885
2016,11,24,72543,40267,39590,22402,37039,2519.33,4760,1695,4399,9238,21744,27349,32632
2016,11,25,48267,37881,60490,27067,66528,2519.33,3376,2904,1814,8594,60652,22636,29716
2016,11,26,34529,59490,12107,59588,34211,2519.33,3789,3104,4093,9472,45506,27484,17476
2016,11,27,27363,91619,15532,83114,42765,2519.33,934,2382,1508,7678,50800,16080,37277
2016,11,28,668,59177,47292,23834,13470,2519.33,2821,4349,3785,9864,23937,17995,7944
2016,11,29,58756,29079,41100,49201,73810,2519.33,1684,2523,4576,8894,16989,37340,36606
2016,11,30,29493,77452,61076,37353,14756,2519.33,1739,1774,1052,9030,71959,14118,11876
2016,12,1,84782,81575,50759,26061,5512,2160.42,1167,1894,1205,6038,41103,29162,35106
2016,12,2,43405,58628,23739,51973,75617,2160.42,1464,4419,3506,8816,84174,16733,27432
2016,12,3,46908,32301,54138,5938,4261,2160.42,4263,1602,1585,6373,31453,16906,5011
2016,12,4,41480,32622,9391,84037,99342,2160.42,3198,2745,1825,6588,94718,33793,16847
2016,12,5,47073,92535,3213,1931,27704,2160.42,3663,4610,1039,5612,96900,13312,3740
2016,12,6,94164,86164,62045,47101,42537,2160.42,549,4015,3823,5194,68051,16338,9851
2016,12,7,98138,97603,17262,39963,67244,2160.42,926,4315,2218,6650,32597,31273,28332
2016,12,8,97060,1261,72236,49451,40414,2160.42,1102,4577,1650,9006,81677,14187,19136
2016,12,9,94349,3579,14555,53172,51223,2160.42,2687,4359,2912,5234,11358,30155,48959
2016,12,10,89633,95782,10823,43203,5454,2160.42,4475,3864,1031,6136,68315,11630,43420
2016,12,11,82199,90770,52375,53850,91620,2160.42,4388,1946,3982,8942,39139,10418,1646
2016,12,12,97901,83180,70916,10813,44481,2160.42,2319,4112,1350,8996,93667,26880,42942
2016,12,13,94265,34495,45746,55297,47558,2160.42,3093,1108,2533,7306,16309,29152,30413
2016,12,14,92223,698,15121,46205,15992,2160.42,2760,1006,3791,5028,41056,14623,20613
2016,12,15,47970,64729,65088,69397,99222,2160.42,1277,3486,3249,8118,65134,40806,8755
2016,12,16,88787,54580,86915,26320,96399,2160.42,952,3620,1118,6944,51177,36264,19576
2016,12,17,57557,35290,82861,27700,90318,2160.42,2322,4639,4996,7409,24035,20570,23917
2016,12,18,82517,36665,30409,75766,95039,2160.42,1571,3824,1473,9838,26495,12871,11895
2016,12,19,39414,81968,67844,76039,68912,2160.42,3654,2819,1334,6086,86870,10979,19021
2016,12,20,51783,45545,31971,73132,52954,2160.42,3701,1906,4022,8228,27586,20413,22359
2016,12,21,36004,60511,4238,18829,96701,2160.42,1699,1113,4052,9542,28503,14315,30734
2016,12,22,84916,57158,73487,55578,85024,2160.42,2908,1806,2252,9768,26289,25205,10357
2016,12,23,37238,19991,27028,62612,60452,2160.42,3024,2806,1475,7238,31634,28175,20966
2016,12,24,50700,29686,80642,96104,95580,2160.42,846,2006,2654,8502,52423,34029,9145
2016,12,25,76965,1685,37188,99217,82916,2160.42,773,1504,3466,7800,99115,10269,13477
2016,12,26,88767,98493,73076,36594,2107,2160.42,4769,2805,1502,5410,65260,46326,21062
2016,12,27,70907,75679,43173,69913,75935,2160.42,3942,4250,3632,9102,68466,46547,45597
2016,12,28,54607,59240,33052,54425,93393,2160.42,4694,3510,2010,8252,35103,49116,48519
2016,12,29,25184,99873,18274,75930,61635,2160.42,2255,3893,1136,7150,18805,17849,33534
2016,12,30,93729,89100,37100,7361,80230,2160.42,3907,1187,1157,6630,11232,24549,5566
2016,12,31,1829,36658,73060,48840,40780,2160.42,4307,1934,1488,8933,58243,18725,24515
2017,1,1,80500,67619,24383,78632,86425,1574.77,2359,1056,1376,9719,72104,17600,8584
2017,1,2,99979,23292,65110,53289,45256,1574.77,998,1912,4069,7920,39043,14366,39659
2017,1,3,18264,5006,10676,83549,63250,1574.77,2366,1750,2019,6748,38731,49795,29401
2017,1,4,81685,11091,91671,43720,7162,1574.77,2671,2139,3418,5572,76779,48673,13776
2017,1,5,48792,31896,46939,77862,52204,1574.77,2797,1818,2339,8472,70366,36940,35982
2017,1,6,4225,2733,47041,1244,75834,1574.77,1038,2517,4565,9061,19926,12342,2124
2017,1,7,89189,28908,60218,92607,21689,1574.77,2632,1832,1002,7446,64693,37446,3349
2017,1,8,6904,28843,24265,30595,3667,1574.77,2534,2890,3715,7478,25486,11810,10983
2017,1,9,99402,42877,63418,28967,51938,1574.77,3396,1125,4912,8613,50084,47953,31006
2017,1,10,28314,7717,51138,13558,28639,1574.77,2355,1893,1024,7972,98840,31042,15831
2017,1,11,18955,16375,88933,32670,13654,1574.77,3569,3054,2295,8338,58373,25584,14419
2017,1,12,99344,56770,66711,25609,31736,1574.77,4913,1846,1734,8470,73605,19500,16795
2017,1,13,73233,40962,37746,50609,48934,1574.77,1650,4239,4312,9462,16909,49317,2938
2017,1,14,51354,71831,12372,25001,6522,1574.77,584,1738,2514,7294,47824,18508,20745
2017,1,15,50441,37738,19298,91303,95140,1574.77,2154,3371,1568,5038,18979,31853,9256
2017,1,16,84190,50630,16093,69854,87565,1574.77,4170,3917,2536,6198,80269,44057,49354
2017,1,17,68639,30854,66274,96153,64501,1574.77,1753,1292,3187,7403,22595,13327,14099
2017,1,18,33011,16102,31699,99579,47354,1574.77,2783,2895,4011,7760,17748,21575,17031
2017,1,19,13230,86920,76845,67118,84814,1574.77,1174,3451,4319,7447,65956,18819,7114
2017,1,20,91546,37710,112,59734,61465,1574.77,4412,4474,1512,7462,10404,18865,39059
2017,1,21,54493,58188,66761,88505,22064,1574.77,1431,1644,2780,9628,18761,38945,1734
2017,1,22,93094,46288,42397,97413,23735,1574.77,2583,1632,2414,9047,15444,40230,8353
2017,1,23,54458,47130,51058,25970,34592,1574.77,1187,1774,4649,7947,10292,16138,11462
2017,1,24,45161,36724,26061,49293,72704,1574.77,3237,1604,2460,6986,79561,47546,11174
2017,1,25,21691,78498,79179,84105,77545,1574.77,687,3353,1534,7006,74323,10630,3248
2017,1,26,53206,35511,6757,89207,79810,1574.77,2270,4970,1054,9682,74262,42827,17049
2017,1,27,50856,28853,24977,74668,25839,1574.77,2214,2528,4386,7744,47985,26930,20890
2017,1,28,20993,88673,41637,87721,80417,1574.77,4040,4973,2821,5796,39180,47630,15960
2017,1,29,29197,2803,88953,15673,92486,1574.77,4851,4692,3419,9827,34360,19798,29568
2017,1,30,20717,72927,98138,20104,7023,1574.77,3385,3014,1146,5021,15735,31562,46123
2017,1,31,87333,21128,97889,55154,33277,1574.77,4136,2472,1222,8890,78144,48707,37069
2017,2,1,52996,24753,28779,69175,75465,2295.07,1243,4742,3877,5406,71764,12712,29388
2017,2,2,72436,99780,7499,43810,31867,2295.07,1141,4345,3300,5304,10514,13450,5413
2017,2,3,21784,65095,62944,46224,59591,2295.07,1583,3938,2754,5361,14464,44570,28003
2017,2,4,91102,20708,9313,84979,63406,2295.07,1329,1692,2208,5179,79650,45426,31078
2017,2,5,20593,27144,14772,90245,29791,2295.07,1965,2925,3839,9908,30501,24781,17394
2017,2,6,87911,97085,3720,57018,8798,2295.07,1587,1250,3891,7252,17580,18649,18185
2017,2,7,8330,75263,70843,21890,40442,2295.07,2315,2385,3987,8438,67630,40130,16845
2017,2,8,15832,64596,8056,14671,24504,2295.07,4452,3765,1992,9523,85782,27142,4909
2017,2,9,44060,3723,9745,99304,30975,2295.07,2952,1320,2587,5146,77544,18770,27326
2017,2,10,71991,61212,36767,65978,59650,2295.07,2459,1954,1402,6867,13016,26198,20749
2017,2,11,1776,12308,71316,70121,38184,2295.07,2262,2242,2172,6726,81545,16302,7099
2017,2,12,684,99498,63802,19623,20996,2295.07,720,2985,2556,8473,75315,28557,41346
2017,2,13,69222,97775,54039,70917,44642,2295.07,3466,1417,1116,9572,16537,43736,26895
2017,2,14,58232,80152,25980,35404,69862,2295.07,3549,1100,3374,7414,13048,44369,7525
2017,2,15,81400,18227,53708,308,66700,2295.07,3865,2272,1796,9255,23188,37790,29023
2017,2,16,26150,53007,34208,31704,37789,2295.07,888,2371,3599,5702,47775,33460,17097
2017,2,17,25296,7677,20358,65022,47732,2295.07,4390,4130,1455,6204,29438,28155,43230
2017,2,18,8472,8304,80428,35269,57559,2295.07,4410,1110,2974,9969,31763,27114,19969
2017,2,19,57066,23555,39487,37017,41326,2295.07,1828,1620,1289,7186,47993,18050,3614
2017,2,20,50416,73736,4504,28223,53186,2295.07,1377,1656,3596,6324,13276,16154,33942
2017,2,21,89478,52687,32567,78804,42656,2295.07,918,1072,4236,7054,69440,45561,14330
2017,2,22,65370,56270,28534,93011,63456,2295.07,2031,1846,1074,5782,58444,13814,26527
2017,2,23,6828,31175,81456,65424,684,2295.07,2929,1350,2418,8086,68963,12860,44732
2017,2,24,11178,91234,38851,15414,52990,2295.07,974,3358,4559,9507,11369,44366,8291
2017,2,25,82386,79753,74589,32648,52639,2295.07,2445,1644,1128,7810,57592,31242,33034
2017,2,26,44985,55522,71403,8755,2370,2295.07,746,3547,4303,6246,28960,17292,6718
2017,2,27,78673,6288,52004,43232,12147,2295.07,2598,4532,4476,8538,43531,28466,29725
2017,2,28,27924,12329,20636,8483,62582,2295.07,4724,2565,1750,7478,16319,19830,28228
2017,3,1,47851,66018,14852,18233,11330,2206.52,1904,3968,4146,6487,46115,13870,32144
2017,3,2,60438,57000,39699,38977,531,2206.52,1899,4210,1503,5382,91791,49730,34517
2017,3,3,81459,99357,49832,58938,32028,2206.52,4485,4878,4670,8682,14462,12351,2302
2017,3,4,72832,11367,46321,56979,84206,2206.52,2200,2000,1582,6512,16323,32668,42436
2017,3,5,94120,83223,11879,15624,74957,2206.52,716,2767,4378,6174,31704,11318,3671
2017,3,6,190,57542,47637,84860,81878,2206.52,3563,4708,4816,9883,28038,24021,12099
2017,3,7,68671,81592,51369,34457,74843,2206.52,2124,1282,1838,5354,15126,42222,17692
2017,3,8,49025,32643,14990,84756,14179,2206.52,1161,4368,1182,5078,15579,18815,13046
2017,3,9,62248,29143,73525,52064,89026,2206.52,2436,4047,4505,7620,17016,40699,17915
2017,3,10,77849,41980,76014,28763,87335,2206.52,2337,2710,1896,8678,53817,40122,43302
2017,3,11,81725,6331,70843,18663,6480,2206.52,2478,3726,1138,8086,37141,20941,36422
2017,3,12,45269,95931,94990,44775,6088,2206.52,1825,3935,3176,7838,29050,31862,19845
2017,3,13,37493,16388,50925,63436,51418,2206.52,3557,3141,1072,8808,51804,17552,4743
2017,3,14,77174,89283,2631,92738,16637,2206.52,630,1904,2054,5019,23030,16292,6125
2017,3,15,61217,74857,42077,39393,19047,2206.52,2606,1538,3865,8530,19974,10576,21127
2017,3,16,93273,39884,4777,20698,30636,2206.52,3249,2808,2214,7231,16897,45202,22933
2017,3,17,29708,63280,73460,81762,4652,2206.52,1254,1744,2697,9376,21611,13498,46490
2017,3,18,85810,59218,79635,6028,47748,2206.52,2662,2372,2196,9782,78069,19183,15961
2017,3,19,55372,32671,43344,33938,6254,2206.52,4140,1932,4871,5208,34074,44522,26593
2017,3,20,99089,90330,26742,3139,5013,2206.52,1234,2173,3921,5868,13200,38021,48353
2017,3,21,38182,90863,45394,10378,73302,2206.52,4560,1078,3836,5816,78961,45089,39815
2017,3,22,49496,8102,47403,5719,27053,2206.52,994,2493,1806,6982,45631,26818,31478
2017,3,23,41688,71866,83992,65609,94086,2206.52,4981,2266,1526,6934,58995,44059,13545
2017,3,24,71541,4908,55436,76729,94163,2206.52,1818,1206,3850,5572,65728,35903,34398
2017,3,25,17050,32322,28397,88856,9304,2206.52,2025,2342,1794,9506,49303,39977,24028
2017,3,26,95914,19285,88597,16672,67364,2206.52,2083,3903,2499,5046,31984,46661,47592
2017,3,27,33268,20155,6672,92119,55727,2206.52,3021,2776,1072,6417,77983,46727,38752
2017,3,28,96797,60010,14071,42689,58731,2206.52,4017,4643,1474,7613,87666,32724,29726
2017,3,29,51558,31102,37981,4057,29973,2206.52,2069,4591,1014,6518,71709,45844,19965
2017,3,30,78844,49731,34973,16268,72500,2206.52,2995,4295,4317,6844,28335,48047,12957
2017,3,31,73143,27354,19043,88504,31319,2206.52,1228,2875,4162,9208,86931,15862,6709
2017,4,1,70354,80078,85643,60446,51788,2639.07,641,2869,2811,7662,13452,12119,47839
2017,4,2,51256,92369,1437,44673,20705,2639.07,2814,4409,3525,6318,95727,41585,49484
2017,4,3,93899,78604,62100,3107,81887,2639.07,3630,2239,2663,5062,29037,10802,12586
2017,4,4,48463,1031,45024,31274,72939,2639.07,3392,4194,4113,9510,68866,31169,1745
2017,4,5,10664,3034,45579,95541,25704,2639.07,2126,4601,4908,5577,39059,18147,41306
2017,4,6,28164,37690,70387,87179,38314,2639.07,2980,3127,1805,9355,34401,12202,15776
2017,4,7,11101,94146,30291,71566,55327,2639.07,2734,2341,4893,9338,77882,10596,15509
2017,4,8,55970,81361,96550,92231,46938,2639.07,764,1750,4649,7115,78630,44314,35609
2017,4,9,29244,76611,47443,46049,35967,2639.07,2144,3418,2340,8786,51335,14018,31844
2017,4,10,30648,4070,46361,81893,18734,2639.07,2489,1054,1954,9038,99636,18891,40595
2017,4,11,91000,10014,60345,80649,23482,2639.07,4963,2724,1937,9650,15124,34255,38975
2017,4,12,70601,83622,64026,62941,98760,2639.07,3311,4406,1572,9671,11299,20866,15361
2017,4,13,30266,70141,61921,68572,25531,2639.07,2462,1529,2922,8326,13530,27755,11558
2017,4,14,69486,38494,96832,17775,27251,2639.07,3381,2850,1929,9654,77142,10688,28309
2017,4,15,97767,20454,56448,49900,10125,2639.07,765,1741,1190,9037,25312,46120,34099
2017,4,16,60595,79128,29003,64870,9638,2639.07,3976,4122,2377,5808,13248,24627,42533
2017,4,17,34117,31630,22478,62398,30388,2639.07,3085,4505,1425,5884,94404,12901,49620
2017,4,18,29983,15170,19644,16925,30560,2639.07,3045,2505,1766,8399,72374,10486,44956
2017,4,19,932,97704,45547,98309,3512,2639.07,4287,3979,1776,7086,16376,14094,25148
2017,4,20,77736,5814,98022,14161,68051,2639.07,2062,4384,3947,6124,31309,18054,42427
2017,4,21,74365,44355,78365,14800,19106,2639.07,1223,1388,4793,6769,34696,18304,1488
2017,4,22,1917,73984,38636,25046,52100,2639.07,3561,1186,2177,5878,60347,45227,21364
2017,4,23,85361,53762,59612,25661,83171,2639.07,1518,2534,1626,9774,88685,37083,40921
2017,4,24,41974,69909,23472,6767,13031,2639.07,1423,1298,3502,8694,72695,16953,8168
2017,4,25,1423,67609,63141,94952,60544,2639.07,1530,2255,4952,10002,17098,43122,39840
2017,4,26,39767,787,67009,7745,92021,2639.07,4828,1410,3306,8299,73464,37688,22047
2017,4,27,92820,81240,18988,41322,27650,2639.07,4627,4071,1296,7767,40374,10182,8035
2017,4,28,93959,96905,14794,3911,45751,2639.07,3384,1042,1199,6422,93260,44571,19062
2017,4,29,68791,88089,11270,27098,6389,2639.07,4785,4207,2324,8566,56880,19956,34734
2017,4,30,58160,31508,55398,50155,85627,2639.07,2692,4584,4028,7684,99846,19142,45772
2017,5,1,13231,56647,21802,9976,49907,2233.87,3765,4347,3994,5862,60735,45079,16374
2017,5,2,37001,76295,77404,87125,33175,2233.87,1635,1034,2773,7186,83012,19618,37377
2017,5,3,30834,62598,63926,64672,78796,2233.87,556,2026,3053,8330,16078,24311,35056
2017,5,4,54801,97119,28659,48795,2982,2233.87,3873,4981,2039,7628,43457,31566,5746
2017,5,5,25005,5094,28953,84131,16883,2233.87,4027,4068,1836,9304,45091,19709,11965
2017,5,6,70712,95365,78088,78765,83792,2233.87,3075,3591,3558,6966,14978,12891,46441
2017,5,7,3832,63963,52873,2224,1591,2233.87,3789,2947,2775,9093,27077,34657,12683
2017,5,8,91058,82457,15078,98324,1761,2233.87,4384,2471,1076,9914,67587,39324,10169
2017,5,9,58912,20663,94269,52470,18749,2233.87,732,3932,1968,9180,41155,29910,48006
2017,5,10,47268,91297,22858,65043,70390,2233.87,1052,2798,3742,9102,76121,16374,16287
2017,5,11,7651,76858,39326,63184,39329,2233.87,3859,3239,3927,9479,67061,29027,6913
2017,5,12,27486,32423,17960,5806,83360,2233.87,715,1264,1670,9860,12021,37151,9115
2017,5,13,91212,28074,14951,39955,75556,2233.87,1808,3205,4281,6134,62740,39961,7424
2017,5,14,69399,97952,38202,13326,27432,2233.87,3705,1268,4036,6664,77073,37395,5263
2017,5,15,2132,79141,84375,68894,20418,2233.87,1045,1629,4469,8030,67935,16376,46397
2017,5,16,44771,74744,99582,45404,37230,2233.87,740,1628,1625,9918,36305,16254,28674
2017,5,17,45181,45011,75325,15569,71676,2233.87,4315,1334,4241,7390,59051,34659,18750
2017,5,18,50087,65097,12641,90908,2444,2233.87,2284,2214,1670,6444,17948,25252,30576
2017,5,19,1892,94335,31881,94869,34253,2233.87,3924,1578,4548,9750,11352,17575,34538
2017,5,20,75702,80669,7734,39943,50711,2233.87,4601,1602,3233,7241,91703,17028,33137
2017,5,21,34169,15340,14243,22192,38558,2233.87,2443,1800,3898,5675,51668,18151,39565
2017,5,22,96565,66945,80288,26113,73897,2233.87,774,4597,3660,8258,89539,39370,41641
2017,5,23,67262,30494,56519,31847,84087,2233.87,3874,3255,4913,9469,56798,34822,48222
2017,5,24,69034,20594,91623,19284,16269,2233.87,3786,2832,2938,8158,55297,16834,9643
2017,5,25,92067,31689,82784,80727,32166,2233.87,1448,1566,4167,5942,47624,13046,38675
2017,5,26,57540,62851,37862,53805,92320,2233.87,3626,2704,1038,6600,96988,47872,44660
2017,5,27,56243,775,77057,99181,1201,2233.87,2366,3266,1606,5149,90344,28911,48706
2017,5,28,3825,26793,44690,39344,36111,2233.87,2597,1526,1515,6810,63806,30187,42314
2017,5,29,7822,52434,57892,39426,49034,2233.87,2297,1628,3358,5718,37160,39558,21232
2017,5,30,29412,69528,99178,26158,1029,2233.87,1420,1204,2666,6109,60548,18776,39522
2017,5,31,24775,19498,95131,96291,32661,2233.87,1477,1954,1370,5830,79907,26755,8938
2017,6,1,83557,98384,10311,64263,35545,1463.8,566,1423,1618,5080,38803,21271,16221
2017,6,2,23957,76361,53938,40066,36909,1463.8,1192,2757,4196,7482,10844,43133,39066
2017,6,3,53960,62252,20856,4680,42159,1463.8,2983,2066,2346,9645,12668,47890,47611
2017,6,4,2219,32708,85666,17616,85243,1463.8,982,1110,2180,9175,81968,20440,40821
2017,6,5,48242,63161,43199,82438,56995,1463.8,1922,2305,3570,5564,31984,35728,14968
2017,6,6,26740,91321,27796,39086,60966,1463.8,3327,4535,4535,5344,13503,34777,1938
2017,6,7,46166,68742,26681,63346,77918,1463.8,3786,2510,3160,6682,41299,45154,8649
2017,6,8,74656,33222,72460,18227,45999,1463.8,622,4089,3467,8916,28175,11580,20796
2017,6,9,14930,31503,85321,14465,36848,1463.8,594,4364,2565,8626,62709,45482,48824
2017,6,10,67275,96496,4345,71787,89832,1463.8,1940,4487,3864,5751,99065,41214,45644
2017,6,11,42899,19372,30304,71367,83826,1463.8,2151,1846,2685,9914,29571,19074,24831
2017,6,12,61296,61518,58897,45213,20144,1463.8,2046,3769,4453,5590,91907,40636,37958
2017,6,13,57034,8848,21476,52250,30951,1463.8,3463,3848,4912,8182,61566,23737,20541
2017,6,14,14950,38718,38844,37635,1190,1463.8,3518,3836,2635,8766,24048,49130,34767
2017,6,15,26724,31095,2900,77529,58837,1463.8,4517,1748,1910,5992,68118,17307,44807
2017,6,16,76534,77934,57509,32798,18052,1463.8,2886,4352,2792,8081,13382,25333,19075
2017,6,17,12849,33209,70522,91836,21975,1463.8,966,1910,2015,7254,58930,17203,10922
2017,6,18,21377,93448,33073,41382,65793,1463.8,806,3677,1930,5108,91474,29878,17543
2017,6,19,1624,64361,95584,75768,92442,1463.8,1100,1641,2130,7973,29829,20456,48922
2017,6,20,48895,20796,51859,7262,47365,1463.8,4464,3740,1940,7786,26474,10958,27142
2017,6,21,91431,51516,61410,86906,50417,1463.8,3136,2039,4947,8719,44159,17492,19236
2017,6,22,43993,95260,96735,92475,49586,1463.8,2931,3479,3710,9198,22093,11075,26564
2017,6,23,58283,46558,96168,11576,20447,1463.8,4307,1876,1026,8306,15134,14562,38994
2017,6,24,77657,64623,25669,27605,9694,1463.8,2697,3685,1438,5783,46160,31023,19828
2017,6,25,42348,25444,45856,22410,72937,1463.8,4836,2571,4505,9454,59146,10494,17949
2017,6,26,1350,73454,63181,91859,81875,1463.8,982,1776,1290,9302,19839,35333,44667
2017,6,27,60982,22537,39019,42421,38320,1463.8,3443,2018,3325,9298,35780,16262,1531
2017,6,28,87247,85617,63834,18105,47973,1463.8,4407,4322,2784,8939,57532,11011,22980
2017,6,29,59958,23019,86895,35598,30526,1463.8,930,1506,4269,6301,33926,33940,6734
2017,6,30,77832,23723,97312,21158,59373,1463.8,3771,2971,3707,7604,81075,33032,33092
2017,7,1,66835,48707,86072,15775,6239,1836.61,2083,1226,3976,7681,76133,40709,47083
2017,7,2,64964,83993,36331,41265,17919,1836.61,906,2992,3934,5924,17365,17025,36624
2017,7,3,26729,80337,2085,60685,77764,1836.61,2619,1908,1462,7390,93075,12834,35117
2017,7,4,17126,85160,18374,1102,29193,1836.61,3163,4155,4850,6830,51772,29121,10859
2017,7,5,97469,87221,87114,47755,60178,1836.61,1131,3257,2518,6442,63941,11633,20831
2017,7,6,34685,97913,72584,84860,1603,1836.61,2623,1414,2169,9422,36181,46361,15659
2017,7,7,19560,60697,90518,14410,21542,1836.61,4882,1478,1732,6706,99468,22390,42290
2017,7,8,84179,30601,25648,18050,80169,1836.61,4682,4852,2500,8617,16063,10918,39589
2017,7,9,84277,90040,40535,51446,82388,1836.61,2807,1946,1990,9362,32708,16026,43068
2017,7,10,13318,92591,59723,59179,55939,1836.61,1568,1469,4791,7144,74518,36311,9192
2017,7,11,13156,4201,17516,17008,39171,1836.61,3813,3446,4970,5699,91243,22357,33580
2017,7,12,5119,55403,40657,75234,26431,1836.61,3242,4747,2306,5938,15277,18418,39717
2017,7,13,18508,13198,11067,24651,36765,1836.61,961,1271,2488,8477,99630,11658,1937
2017,7,14,78409,38445,85105,18379,50496,1836.61,2087,1238,3102,8200,47199,24533,42701
2017,7,15,3812,46794,30633,2471,89759,1836.61,3419,4617,1866,6766,49268,28576,12263
2017,7,16,2774,76582,11200,25262,5059,1836.61,1920,4818,1262,8376,18196,16121,10831
2017,7,17,81077,91637,71736,45532,5732,1836.61,1416,1800,2080,7048,44717,38190,35288
2017,7,18,29311,18137,12809,21123,18974,1836.61,1050,1746,3657,7249,63359,10068,12077
2017,7,19,88080,50280,59887,53706,55009,1836.61,4827,1084,2423,7914,97967,16318,44436
2017,7,20,9554,34384,50402,91635,17785,1836.61,4824,2094,4606,5274,84568,14931,45119
2017,7,21,71061,50619,86678,26071,44221,1836.61,2490,2299,1668,8728,18926,38028,16390
2017,7,22,73164,88537,40466,75587,46451,1836.61,814,2356,2816,6846,63990,40600,38433
2017,7,23,78318,43815,54047,24276,52800,1836.61,4207,1758,1180,8974,66281,49805,4968
2017,7,24,58626,68772,98458,91647,63853,1836.61,4674,2015,4350,9526,28954,17286,1640
2017,7,25,58573,45400,24509,47741,28598,1836.61,4692,1914,3665,8738,31190,17816,4851
2017,7,26,80058,20398,58028,85644,28986,1836.61,1800,2611,4432,6609,79257,23284,40662
2017,7,27,83776,58932,26653,73126,95424,1836.61,1630,3995,3709,9990,18087,12306,21959
2017,7,28,87342,72780,69222,52359,97870,1836.61,726,2927,3512,9116,79922,32497,16764
2017,7,29,85215,48075,70109,11000,14685,1836.61,635,3459,1001,7287,87937,36424,15718
2017,7,30,15598,45920,6772,49307,44762,1836.61,1613,3454,3989,7186,13142,11858,24859
2017,7,31,30302,87339,89786,83814,31893,1836.61,2662,2106,2782,9123,28105,48818,19708
2017,8,1,28742,63630,92194,72381,67919,2248.06,4330,3837,1582,7282,58599,26598,28618
2017,8,2,81602,7054,90588,95140,24219,2248.06,890,1556,3583,5605,59800,44643,2447
2017,8,3,8269,93260,28778,77392,21365,2248.06,3583,1457,2576,6286,55190,25495,43948
2017,8,4,65747,59521,39333,17488,29509,2248.06,4085,1110,2689,8270,12508,28259,14284
2017,8,5,19824,31691,89816,28407,73648,2248.06,4401,1915,4227,8178,75658,46943,15969
2017,8,6,62126,20595,63402,36055,41372,2248.06,1549,2117,4463,7233,40956,23971,18592
2017,8,7,47870,35043,51434,85559,52420,2248.06,3817,2242,1460,9984,17000,29372,7684
2017,8,8,35953,56403,77641,11532,40933,2248.06,3475,3058,3892,7534,55464,31615,3299
2017,8,9,6820,17014,55086,17635,34247,2248.06,1605,3467,2435,6088,84025,49854,46042
2017,8,10,67075,64195,72097,89152,50532,2248.06,4875,1483,1851,5040,98015,11162,39098
2017,8,11,32167,6491,22194,22411,94719,2248.06,766,2889,4670,5463,35523,45269,27658
2017,8,12,37857,77129,43737,85293,86520,2248.06,1498,4945,4660,7200,59096,25191,44115
2017,8,13,79045,43973,78028,40896,22840,2248.06,3678,1357,3884,8926,93768,19918,42395
2017,8,14,59882,80499,27844,54553,5962,2248.06,1173,1422,1846,6261,45461,19446,29719
2017,8,15,20376,63313,29664,45037,53260,2248.06,938,2303,1774,9222,89550,18538,5113
2017,8,16,7001,49581,75986,22237,31805,2248.06,2190,1686,1603,6385,62590,38916,36106
2017,8,17,56104,95116,49086,29303,71377,2248.06,4020,3104,4211,5035,53140,27470,10900
2017,8,18,56500,89720,76126,21936,20679,2248.06,1563,2678,1607,8900,49915,13412,32028
2017,8,19,21358,82106,71451,4313,74844,2248.06,3228,1902,1024,8665,60248,16883,34041
2017,8,20,85917,65621,24988,76480,17009,2248.06,612,3507,1112,6426,11795,21229,44480
2017,8,21,78454,54711,48908,26414,73611,2248.06,4825,1319,2280,7627,15631,22123,48823
2017,8,22,28020,25212,19422,73527,83877,2248.06,828,4793,2994,7026,46272,45002,46023
2017,8,23,26229,66575,84863,43132,79353,2248.06,4360,4158,1367,9620,18582,41329,46658
2017,8,24,44795,6749,52649,58427,84376,2248.06,549,2394,4842,6323,85920,43718,18280
2017,8,25,62346,92682,79864,40340,24431,2248.06,694,2011,4062,6556,10142,19094,26137
2017,8,26,33214,90856,78925,84581,20476,2248.06,2261,1621,1243,5074,40048,36970,29496
2017,8,27,95893,86950,99365,5735,53273,2248.06,4452,1969,4318,9316,72309,35100,1637
2017,8,28,21805,24004,2112,47219,60560,2248.06,1984,3772,4461,7342,94704,12586,12255
2017,8,29,26757,53318,37910,29353,64579,2248.06,2674,1910,4907,8186,66204,34531,27958
2017,8,30,50028,82009,66502,44346,77677,2248.06,4446,4480,4165,7909,46698,12162,38811
2017,8,31,10164,15036,49849,45977,62297,2248.06,2264,1646,1156,5878,51108,45151,10905
2017,9,1,83784,71974,99391,32175,54530,2299.2,2201,1537,1775,5808,14214,21937,1130
2017,9,2,22346,13695,51103,36607,76746,2299.2,1770,3132,3378,9098,70428,10294,7179
2017,9,3,11364,75833,81208,51538,26942,2299.2,1020,2076,4683,7082,59250,19212,42711
2017,9,4,68390,41452,72102,85165,84351,2299.2,2101,3047,1362,9120,59654,18928,36316
2017,9,5,48086,22777,17592,37816,31875,2299.2,3449,3237,1555,6008,11126,39848,4372
2017,9,6,78719,13500,66925,59754,31615,2299.2,644,1654,2626,7418,12222,18328,26175
2017,9,7,53735,74973,91377,86449,99528,2299.2,907,3964,1334,9850,14302,22032,1031
2017,9,8,34222,90229,81623,30777,92589,2299.2,625,2658,2599,7549,47411,20565,9101
2017,9,9,80077,59081,70569,64055,26499,2299.2,2382,1584,3411,7670,99384,12938,22088
2017,9,10,7493,95292,26903,97651,25142,2299.2,1035,1438,1613,7657,12992,44201,45034
2017,9,11,26758,93469,31860,65710,47370,2299.2,1274,2445,4702,6400,91499,47553,45623
2017,9,12,11635,40235,10490,75047,80345,2299.2,4336,2837,1517,7591,85487,13011,9875
2017,9,13,42625,21523,38726,94239,55532,2299.2,3439,3641,1388,6651,64350,18758,11569
2017,9,14,98626,625,62556,69681,23820,2299.2,3585,1846,1292,8158,26852,14684,20408
2017,9,15,20301,81189,95175,58171,78780,2299.2,1181,1404,4888,6258,15642,40420,47015
2017,9,16,54180,70434,89062,25568,73437,2299.2,677,2062,1578,6476,41742,10559,19764
2017,9,17,93641,25328,62366,20634,35754,2299.2,2970,1054,1650,9497,14224,49185,39218
2017,9,18,36512,51758,86942,87752,28016,2299.2,3171,2194,4368,7178,15534,12805,2584
2017,9,19,69700,68440,51220,56440,8025,2299.2,1998,3016,4640,9363,38649,20393,42962
2017,9,20,34933,82973,42800,5338,38822,2299.2,874,1358,1126,7815,63083,19500,23376
2017,9,21,76751,57608,51695,66120,57544,2299.2,562,3595,1210,6495,11254,18624,25809
2017,9,22,5809,67033,86642,40449,12748,2299.2,2193,2679,1942,9993,69368,29787,41643
2017,9,23,59721,56596,71472,84854,14411,2299.2,4353,1161,4866,9626,73632,48761,1826
2017,9,24,98209,35261,42357,58809,48108,2299.2,3784,1098,1558,6777,27067,38521,42391
2017,9,25,4773,54261,2553,62091,40606,2299.2,1878,1334,4868,9701,12318,18566,38274
2017,9,26,96961,55885,66792,21827,94636,2299.2,588,2843,3387,9296,68003,12998,6776
2017,9,27,21688,28141,26762,47462,74918,2299.2,2335,1041,4441,9784,58132,31398,3829
2017,9,28,93161,16363,81725,38029,46064,2299.2,3659,3024,1843,6802,81202,16479,49608
2017,9,29,53579,18143,75675,78318,97440,2299.2,4812,4126,1818,7925,82939,13087,43679
2017,9,30,48107,85275,75482,72548,90163,2299.2,3945,4674,4975,8118,54055,12390,33614
2017,10,1,67715,71767,23474,80869,69322,1665.45,798,2463,1978,9116,84902,42008,6305
2017,10,2,63929,20381,30179,58206,3321,1665.45,1311,3594,3747,8858,78756,18712,43267
2017,10,3,49157,94784,85040,1179,48839,1665.45,4159,1552,1106,8984,97420,21221,13782
2017,10,4,15289,64572,58685,97268,93688,1665.45,4275,3967,1306,5806,32172,33639,9940
2017,10,5,79073,38485,72235,64172,33695,1665.45,2883,2850,2125,8558,12470,10963,17343
2017,10,6,98056,69541,43868,99956,94877,1665.45,1176,1390,2211,6213,23784,15898,7641
2017,10,7,6153,79412,89866,86472,65218,1665.45,958,1292,1873,8697,41164,10568,38390
2017,10,8,42392,40400,9771,4518,24674,1665.45,1832,2729,1043,8238,39036,40919,10152
2017,10,9,49693,10214,17437,88256,56427,1665.45,4153,3930,1984,6070,65401,18553,7573
2017,10,10,48760,51865,79196,41986,26914,1665.45,3905,4305,1528,8675,90174,14342,20360
2017,10,11,5179,22007,24514,17574,30411,1665.45,4845,1782,1990,9154,68357,12893,13551
2017,10,12,99855,88863,41824,53191,15585,1665.45,1743,1402,1793,7290,22681,18706,23577
2017,10,13,4003,91587,4364,81114,86614,1665.45,2897,1792,2896,7536,18740,13306,44538
2017,10,14,3666,34211,59762,93781,92845,1665.45,3025,4050,3333,9670,78592,15269,44471
2017,10,15,54777,66688,45966,46570,33979,1665.45,1628,2980,1584,5991,19093,13198,18647
2017,10,16,96882,18343,71343,29778,42106,1665.45,4435,1550,2622,9196,55902,40466,47060
2017,10,17,13668,28928,65869,63353,76480,1665.45,3621,1256,1147,7582,94177,11477,44461
2017,10,18,75938,75806,15810,52523,78150,1665.45,2072,1270,4597,9766,21159,11702,1255
2017,10,19,16826,30595,73826,64448,16144,1665.45,1265,4810,1078,7133,19038,11958,29728
2017,10,20,47946,54488,99095,75446,45427,1665.45,1922,1364,1746,5474,90238,29930,9625
2017,10,21,3987,38663,54961,73584,58429,1665.45,1638,1042,3066,7290,39701,39209,26120
2017,10,22,21543,77319,85372,12902,80805,1665.45,740,3749,1458,6186,16806,27503,11238
2017,10,23,5811,57470,48868,7593,10202,1665.45,2522,1088,4119,8835,16522,10218,5458
2017,10,24,51307,22114,44153,74373,13929,1665.45,4933,1822,2524,5304,81076,16666,1718
2017,10,25,26542,61817,3430,8619,58003,1665.45,1121,3813,1445,5390,87757,41646,23977
2017,10,26,56798,75280,22186,67269,34115,1665.45,4815,1714,1125,7944,76145,11405,42661
2017,10,27,64174,6080,63229,58050,21384,1665.45,1377,4277,2472,6158,72895,46826,44305
2017,10,28,60135,25369,76992,41580,26709,1665.45,4577,3505,1206,7082,50773,40494,14749
2017,10,29,30776,86941,92268,28254,67260,1665.45,4658,2784,4492,5782,11676,12227,18414
2017,10,30,63543,38563,76505,2367,74722,1665.45,4193,4855,1119,6184,92787,17827,15752
2017,10,31,57286,42365,17685,97314,30480,1665.45,4159,1255,3101,6427,89508,10732,34810
2017,11,1,29167,19498,55685,48406,25332,2161.33,3299,1010,1546,5398,71318,42871,17912
2017,11,2,29860,22527,33992,22396,15314,2161.33,4680,2677,2207,6700,18066,37016,18171
2017,11,3,13858,65765,75119,10285,71625,2161.33,1476,2142,1328,7160,81899,16032,46832
2017,11,4,31424,10200,88258,8544,40866,2161.33,1415,2076,3453,7062,18952,30118,25928
2017,11,5,69929,5505,4149,72136,15202,2161.33,504,4058,1556,6974,39342,28749,8658
2017,11,6,13806,47171,95892,80134,10683,2161.33,4497,2106,4342,5518,50649,11559,44144
2017,11,7,85034,18417,48636,99840,20175,2161.33,4957,1798,4962,7462,78590,45164,24459
2017,11,8,59115,70447,24223,66240,37421,2161.33,4988,2577,2087,7110,64063,37770,29918
2017,11,9,35024,68561,96229,55718,61315,2161.33,2276,2699,1646,5911,62538,18172,13230
2017,11,10,40370,8849,8276,36685,59306,2161.33,3200,3420,1654,9718,84659,43789,3219
2017,11,11,68692,29649,11367,95780,86881,2161.33,4901,3255,3989,9954,10324,21655,25430
2017,11,12,42063,27601,84356,23709,9864,2161.33,1881,1584,1492,6508,13102,15047,46894
2017,11,13,86079,51469,49820,92448,40244,2161.33,1236,3934,1830,7602,21065,33710,1672
2017,11,14,23033,87319,38318,67022,49800,2161.33,3677,1862,2593,9384,31922,19718,48642
2017,11,15,52630,90156,69042,8372,73017,2161.33,4770,1814,1110,5941,67893,30373,22310
2017,11,16,56772,4130,5660,53603,51733,2161.33,3664,1116,4043,8334,74489,30195,26726
2017,11,17,73328,79519,88410,65922,68903,2161.33,3377,1532,3191,7550,46255,32559,36684
2017,11,18,42433,2378,8006,82563,8319,2161.33,4287,1441,1380,9902,51395,14464,42252
2017,11,19,28024,5061,71933,42068,29747,2161.33,3614,3073,1890,6760,68994,11195,46423
2017,11,20,80059,53725,49080,23250,7495,2161.33,808,4926,4063,5622,48840,22381,45335
2017,11,21,72418,28128,20175,85150,29427,2161.33,966,2449,1630,7898,15868,22728,21571
2017,11,22,673,70835,25802,42966,14210,2161.33,512,4268,4872,9591,33869,22366,44797
2017,11,23,31278,6031,38646,45341,2549,2161.33,4073,4965,1965,8504,76466,27743,3838
2017,11,24,75818,58785,35193,68800,13036,2161.33,1527,3707,3247,7329,73024,19726,17414
2017,11,25,28478,43537,63078,93350,63128,2161.33,2067,4404,4328,7064,39744,21876,46947
2017,11,26,40903,40170,13194,89220,44418,2161.33,3314,1942,4796,8506,10782,27831,39661
2017,11,27,85920,96914,91540,40520,30595,2161.33,2976,4071,4452,6053,68772,37579,14564
2017,11,28,69352,67193,98337,88681,20609,2161.33,556,2862,4602,7158,67081,39019,4433
2017,11,29,46115,66748,75606,10911,85255,2161.33,3742,2525,4257,6633,28044,24851,30992
2017,11,30,77549,37373,276,2001,93426,2161.33,4580,2777,3943,7916,67809,39552,35400
2017,12,1,78366,67415,36951,34820,50849,1366.06,933,2595,2927,7406,19201,15270,42322
2017,12,2,80587,23080,59528,77220,67476,1366.06,4767,4848,1006,6768,14625,36405,1474
2017,12,3,62701,93755,55350,66969,61564,1366.06,4316,1281,1846,5248,91100,12219,11254
2017,12,4,71293,72035,29816,55572,63879,1366.06,842,1642,3447,6721,54387,22275,15369
2017,12,5,97453,25507,77124,98459,98627,1366.06,1216,1326,1855,5844,28294,13418,8101
2017,12,6,50523,53964,19700,95542,16583,1366.06,2761,4226,4186,7866,59798,13064,10801
2017,12,7,19297,80641,40233,24097,93714,1366.06,1371,1166,1070,9846,11962,18752,44620
2017,12,8,97947,7193,80079,99802,96462,1366.06,4572,1983,3688,9271,42525,11622,24726
2017,12,9,26424,50287,15849,25610,4215,1366.06,550,4862,2638,5257,80310,16352,41999
2017,12,10,56229,93034,73871,76355,82880,1366.06,1458,2178,2039,7888,13331,33500,29847
2017,12,11,32614,92904,46837,27654,8528,1366.06,627,1302,2008,7828,93264,26565,39362
2017,12,12,79827,14642,16428,52466,76252,1366.06,706,2479,4771,9039,25185,39003,46739
2017,12,13,88886,36644,2534,92277,44533,1366.06,2129,3497,1030,8965,37503,49999,15865
2017,12,14,44679,93131,1302,678,80959,1366.06,2242,1580,1128,7348,29602,14550,44566
2017,12,15,6760,81124,34290,12884,90163,1366.06,3238,1626,2470,6238,16142,23354,9476
2017,12,16,52988,12510,66853,78108,51475,1366.06,3106,1152,3837,5760,96829,44796,20708
2017,12,17,40326,90424,71934,65885,84093,1366.06,4046,2204,4010,8336,36439,11058,17888
2017,12,18,94164,54678,17276,22986,91801,1366.06,1340,4787,3812,9544,22895,13174,21304
2017,12,19,252,67354,14143,30441,13114,1366.06,1588,4791,2746,7052,52027,18191,27324
2017,12,20,31409,36075,25396,30419,70763,1366.06,2294,4925,2863,9570,17078,24663,28187
2017,12,21,90874,603,69451,41039,96499,1366.06,4028,3101,1051,6352,43542,39164,8698
2017,12,22,495,85131,75308,18242,98653,1366.06,1432,1412,3409,8179,93183,34171,27336
2017,12,23,56366,45478,15449,5581,15048,1366.06,1595,1852,1665,6045,63311,33163,19711
2017,12,24,41096,22340,46266,33499,11863,1366.06,4014,2357,4937,8654,46950,39941,39808
2017,12,25,41658,99735,36355,21419,94266,1366.06,1941,1982,1526,7389,72562,12838,29538
2017,12,26,7100,19158,28688,60117,51555,1366.06,3280,4001,1388,5897,42499,42552,41999
2017,12,27,45705,81515,71262,36994,95837,1366.06,3287,3845,2945,5993,75263,28562,18212
2017,12,28,41883,47205,95545,33249,50946,1366.06,4662,4396,3615,8349,34513,21521,18107
2017,12,29,60348,27794,80524,7390,43,1366.06,4941,2098,1786,9686,99091,16724,23023
2017,12,30,55766,58731,70570,90063,54724,1366.06,3624,2957,4388,8346,46206,10333,12185
2017,12,31,98627,85869,34731,18594,54219,1366.06,982,1844,3388,6989,38306,29782,35596
2018,1,1,4600,91881,30901,42154,7324,1292.84,2918,1054,1806,7980,37129,13083,13978
2018,1,2,22957,50088,22472,53477,96294,1292.84,3454,2161,1982,7047,52731,35834,49158
2018,1,3,93515,83650,65575,80504,38308,1292.84,515,2907,2236,7768,85060,10911,45357
2018,1,4,18098,82980,76966,68996,87312,1292.84,2078,1620,1078,7286,96448,43179,30448
2018,1,5,20060,64904,91693,86651,51951,1292.84,3836,1886,4425,8830,25968,32732,44425
2018,1,6,16119,32836,41992,19707,86956,1292.84,617,1974,1383,7880,74048,30046,27053
2018,1,7,54383,56127,56667,51269,77029,1292.84,799,3439,4370,8843,16441,10718,19468
2018,1,8,29620,55278,48138,74045,59688,1292.84,3129,2157,4644,5120,11863,26600,40458
2018,1,9,58525,58834,48005,1260,99121,1292.84,1306,4854,4531,8658,21122,37911,22053
2018,1,10,73792,98274,17704,8162,67117,1292.84,834,1736,4422,5323,87132,15461,34145
2018,1,11,82133,76614,73972,21777,8087,1292.84,4728,1610,1019,5476,67870,10139,35835
2018,1,12,51138,15529,29994,45669,19853,1292.84,4932,4996,2092,7635,34509,49209,17468
2018,1,13,18132,45344,62298,23906,37019,1292.84,4367,4150,3747,9690,40927,16833,15782
2018,1,14,81877,5656,49796,42897,34741,1292.84,3035,1766,4545,9381,47898,35750,17666
2018,1,15,16849,97831,95747,98942,81818,1292.84,4502,4949,1951,6312,23854,28969,30256
2018,1,16,25285,29574,64473,84032,9264,1292.84,864,1140,3758,5350,34036,28499,21752
2018,1,17,34678,53424,64378,576,19157,1292.84,1325,2357,1458,8314,51298,16560,12276
2018,1,18,28679,32153,8225,20630,91656,1292.84,951,1939,3004,6918,17323,37268,48432
2018,1,19,68527,68188,94761,12285,85200,1292.84,2135,1229,3571,6078,36804,17728,28797
2018,1,20,141,23130,70086,26599,21553,1292.84,1225,1910,1239,9450,70860,44246,37736
2018,1,21,24234,53164,27538,2238,99939,1292.84,857,3464,3048,5006,80748,14599,44861
2018,1,22,45766,87885,50829,60690,75749,1292.84,4769,2240,2113,9718,35190,48665,37633
2018,1,23,18942,86417,98897,21533,62219,1292.84,778,1451,4271,6640,88688,39209,36109
2018,1,24,4529,10899,7674,33929,11516,1292.84,3527,3633,4009,5708,50674,17910,4774
2018,1,25,19693,45444,93351,46807,26650,1292.84,1823,1942,1309,5822,83474,43527,28542
2018,1,26,96828,15605,79979,52451,75272,1292.84,1659,4799,1842,9332,13727,23784,35019
2018,1,27,20459,62256,13770,29468,77964,1292.84,1929,4007,4886,9270,60813,36535,14444
2018,1,28,85174,88990,98478,16483,99709,1292.84,598,2888,3907,6339,65338,39178,48304
2018,1,29,7710,56999,68979,3627,72683,1292.84,3762,4492,1312,7776,55312,11264,49058
2018,1,30,38327,2242,85988,64565,42522,1292.84,2451,4046,1588,5928,76880,14870,46801
2018,1,31,30584,3242,81091,44491,9581,1292.84,950,2290,4778,5350,37268,17636,46429
2018,2,1,97383,18306,12073,71266,73618,2458.07,943,1728,1558,8262,34732,33191,34053
2018,2,2,7959,95132,85334,40239,72012,2458.07,821,1042,3273,6682,19110,31053,37184
2018,2,3,98036,18476,833,33387,72096,2458.07,4146,4477,4302,6218,57094,17920,9646
2018,2,4,96623,83038,10132,66662,73545,2458.07,4853,1502,4994,5186,38092,12006,44864
2018,2,5,38722,25266,3612,73347,56929,2458.07,4399,4964,4624,6362,18838,11719,4797
2018,2,6,97581,5201,97550,41884,17771,2458.07,4803,4393,2681,9934,81054,27577,4644
2018,2,7,31150,80908,25433,87497,82446,2458.07,854,1166,3790,9465,94512,12070,13525
2018,2,8,24262,65265,33387,80238,36848,2458.07,1957,1570,4640,9506,92663,27411,4441
2018,2,9,60502,68819,91805,98183,55105,2458.07,2112,1253,1014,7544,90101,10282,22859
2018,2,10,47421,5956,90083,36211,25421,2458.07,4633,1034,1210,8019,46271,19410,34595
2018,2,11,2461,54581,70191,62101,60439,2458.07,863,1890,3023,7667,35474,12538,12854
2018,2,12,36879,77587,5733,6997,61483,2458.07,911,3903,3141,5993,61465,43562,45835
2018,2,13,66941,76099,25949,33151,24119,2458.07,2560,2930,4504,9102,21382,19942,38572
2018,2,14,1956,77247,40883,66331,41266,2458.07,4457,3143,1210,5190,85139,31778,26358
2018,2,15,87377,77404,57034,5518,43397,2458.07,872,1374,4597,7731,59839,35067,18499
2018,2,16,12656,28752,77998,72160,67855,2458.07,2101,1161,2977,9336,52492,34243,15732
2018,2,17,42046,21950,28739,12341,13492,2458.07,950,2219,2633,7503,39089,17381,30231
2018,2,18,52355,4521,94071,46952,28605,2458.07,3370,1259,4012,5448,13418,16866,3910
2018,2,19,8451,5520,69381,17781,71208,2458.07,3375,3252,1454,7113,41945,40017,21873
2018,2,20,43696,2416,7237,51329,36272,2458.07,566,3625,2198,9132,51928,45802,46326
2018,2,21,99394,66651,37062,98406,59370,2458.07,1624,4171,3702,8102,18303,19830,16832
2018,2,22,72877,86679,73163,49402,145,2458.07,4418,3839,3875,6024,11520,20146,15108
2018,2,23,25685,62935,75124,9235,92067,2458.07,726,1459,3701,8449,89864,19422,27052
2018,2,24,25281,71489,53594,13984,38845,2458.07,500,3072,4927,6824,77474,25071,21898
2018,2,25,94868,33245,35264,28743,12604,2458.07,990,3288,1069,5958,47522,34487,13136
2018,2,26,17415,68912,25947,27468,27361,2458.07,1889,3993,1654,6834,99328,17704,32163
2018,2,27,55084,89574,86921,30012,69333,2458.07,1434,4199,1398,6108,18596,42946,30747
2018,2,28,36185,24534,81235,78606,14897,2458.07,3092,3662,1514,5390,76129,15474,45109
2018,3,1,89371,43078,7557,56206,58758,2824.29,1288,3330,1027,7651,34014,33125,32756
2018,3,2,79087,98215,13469,52136,7508,2824.29,4672,3393,4000,6564,63289,15460,6415
2018,3,3,12723,11953,45833,68113,4434,2824.29,2017,1318,2993,5925,82713,21750,19917
2018,3,4,78682,10354,86433,81061,68006,2824.29,4186,2091,1398,7654,15578,17754,20447
2018,3,5,50421,20251,7266,4421,19881,2824.29,1232,3954,3858,8286,17066,19644,20555
2018,3,6,1981,5437,29801,64974,1362,2824.29,3075,1394,2866,9507,77455,40871,12514
2018,3,7,26307,41642,54315,61319,35648,2824.29,790,2419,1495,7455,23191,26375,19894
2018,3,8,14363,59424,75330,13221,41489,2824.29,2864,3468,4184,9016,24794,31897,8749
2018,3,9,91530,44222,28293,14397,50082,2824.29,1619,1387,3740,5934,54057,15739,5748
2018,3,10,62180,74249,18159,68675,18056,2824.29,1402,2417,1554,6176,61990,17234,41350
2018,3,11,11832,11207,2082,42368,90224,2824.29,4265,3104,2448,5124,12500,37529,43228
2018,3,12,24657,50473,30269,88397,26407,2824.29,984,4937,4926,8645,73611,42981,34327
2018,3,13,96347,1366,41752,13471,4450,2824.29,2083,1280,2651,8406,75000,37874,20094
2018,3,14,33744,49266,52332,37544,51823,2824.29,1425,2830,1655,6802,81226,24413,31184
2018,3,15,22372,1714,79351,97298,56711,2824.29,1631,3056,1368,8382,66526,25128,19315
2018,3,16,68476,54962,7762,16127,45478,2824.29,716,1154,2026,5378,49468,13430,32762
2018,3,17,20220,40894,93031,51876,78939,2824.29,1288,2662,3673,5639,14959,31735,40609
2018,3,18,91306,21591,51144,61985,86325,2824.29,3465,1151,3983,9878,87278,13142,34022
2018,3,19,43988,73984,46386,92366,13020,2824.29,3917,3238,3098,7818,85113,48388,12206
2018,3,20,8908,27755,66051,33933,49746,2824.29,667,1050,3952,6334,12166,21629,47363
2018,3,21,17184,56500,92781,22519,34078,2824.29,3331,3064,1602,6068,86781,33412,30059
2018,3,22,48274,95699,33004,17724,13998,2824.29,1111,4256,2222,8514,73188,11967,34469
2018,3,23,45877,5208,69370,81181,88370,2824.29,2809,1905,1607,5590,44423,45685,38757
2018,3,24,92001,17755,90102,62395,70175,2824.29,2158,3447,2581,6082,36170,11754,26884
2018,3,25,45983,18635,42188,24557,83501,2824.29,1524,4376,1935,9010,26908,41657,15377
2018,3,26,11002,29719,63563,72610,41661,2824.29,3294,3660,2092,8395,12406,12266,24338
2018,3,27,51631,90918,47067,40565,2431,2824.29,3495,3412,3222,5682,72969,18074,49589
2018,3,28,17411,25846,47451,70699,48091,2824.29,2355,1806,1746,9106,48053,12089,24360
2018,3,29,16607,16348,12102,75051,91095,2824.29,3669,4077,1730,5950,99641,34207,24509
2018,3,30,66676,59489,98973,84899,61523,2824.29,4324,1170,4138,6775,65983,28580,38294
2018,3,31,57487,94691,54025,94268,3312,2824.29,1356,4917,1128,9628,11320,17160,18430
2018,4,1,31342,17653,41095,98429,33646,2486.87,894,3133,1262,6353,54655,28919,41655
2018,4,2,85679,49941,9410,68806,32276,2486.87,1291,1965,3366,6910,30276,43147,37990
2018,4,3,93267,66547,44277,94428,94219,2486.87,3745,1128,1016,9598,40339,20500,2852
2018,4,4,52846,5443,63634,43472,71797,2486.87,3742,3826,1876,8151,42631,33208,34641
2018,4,5,52494,85275,76527,27212,22185,2486.87,726,1802,1052,9278,26229,17910,23155
2018,4,6,83838,46327,42182,20693,23871,2486.87,1192,1715,4315,9660,36539,26111,32521
2018,4,7,5819,91634,66290,6752,39786,2486.87,1311,2278,1102,9189,35841,32730,8921
2018,4,8,72345,56200,64533,78397,37187,2486.87,918,1023,3440,7114,41716,27310,7114
2018,4,9,36074,32909,70378,40389,4087,2486.87,2851,1256,4902,9140,49359,21039,23269
2018,4,10,24413,22023,79670,34959,71213,2486.87,4040,4908,3061,9858,54656,25247,15511
2018,4,11,72038,49676,62624,25478,3229,2486.87,4139,1316,4951,5869,12393,40389,20692
2018,4,12,45490,61597,16646,76744,77089,2486.87,2782,1500,4379,7616,52810,25591,16005
2018,4,13,59314,36851,35500,63728,1775,2486.87,662,1374,1183,7949,31993,25763,40156
2018,4,14,88641,51133,47769,58593,73354,2486.87,676,3843,1757,7946,11938,48845,10162
2018,4,15,64336,59722,16698,68715,3525,2486.87,657,4190,4061,5026,59269,14384,35860
2018,4,16,2665,64596,47351,75200,32546,2486.87,2314,2537,1828,5082,12481,36533,29344
2018,4,17,91596,77816,55377,29705,76147,2486.87,3549,1954,3388,6422,25548,13264,33668
2018,4,18,47458,86206,58807,86519,98715,2486.87,526,2730,4023,7407,18572,47920,18076
2018,4,19,86752,76596,85458,49932,8030,2486.87,1464,4624,2106,8193,45680,34604,14292
2018,4,20,41861,90582,25086,85249,52180,2486.87,4864,1986,3191,8438,18858,18257,16986
2018,4,21,74451,78916,2340,73474,86323,2486.87,2745,4425,4567,6416,39356,28948,11621
2018,4,22,53847,25822,44925,62305,367,2486.87,1908,2226,1185,8345,43826,49716,40605
2018,4,23,55332,25043,65705,24875,65066,2486.87,4483,1746,4829,7318,45693,32503,1840
2018,4,24,39795,83440,88282,60714,22995,2486.87,4661,1840,4810,9180,39144,20176,27638
2018,4,25,25190,2405,28755,22727,90750,2486.87,2442,2432,2623,8146,87306,29040,22581
2018,4,26,55413,96790,34909,51594,24964,2486.87,4096,4757,4041,9538,25470,13578,30603
2018,4,27,66368,15132,80228,52530,66069,2486.87,4058,1257,3127,7812,30335,45228,35724
2018,4,28,56746,2778,7662,54369,57276,2486.87,3408,2687,3109,9348,64280,33072,44968
2018,4,29,65272,14730,14183,45665,37107,2486.87,4051,4825,2488,5630,88707,14254,6005
2018,4,30,81354,44118,61167,35833,28282,2486.87,1060,1142,4279,8721,39394,12502,41502
2018,5,1,89156,80595,8151,90177,44875,1684.32,904,1920,3108,7463,29414,44113,7575
2018,5,2,66515,49240,31602,12145,54299,1684.32,4849,3415,2675,5681,26697,16738,1510
2018,5,3,26742,11724,64809,15464,67471,1684.32,1856,2977,3308,8182,63153,24535,32715
2018,5,4,13933,34953,50491,2042,52416,1684.32,1154,1154,1002,8224,63777,49794,29905
2018,5,5,95617,73627,14563,58293,19308,1684.32,3821,2400,4334,9981,94215,36804,41260
2018,5,6,42696,26072,26134,72357,66078,1684.32,3243,1362,1190,6070,98403,43005,39287
2018,5,7,26343,44558,28287,88191,38665,1684.32,4336,1274,2041,8898,17858,17700,42064
2018,5,8,76510,54098,80102,45845,80431,1684.32,4000,4478,1740,5134,28186,49169,24317
2018,5,9,30773,91430,95532,87716,37867,1684.32,720,1130,4843,5359,68750,19728,43935
2018,5,10,33775,73088,60493,15817,8338,1684.32,4868,4847,1218,9969,30691,36648,35769
2018,5,11,20639,46044,76127,37379,87530,1684.32,2899,4654,2093,8431,22369,49960,4313
2018,5,12,42366,3090,30521,13562,44801,1684.32,3420,3575,1142,8758,10743,13399,15624
2018,5,13,86034,76964,98247,42252,6934,1684.32,3899,3923,1333,5542,97653,45214,45290
2018,5,14,75691,50553,29869,87785,15336,1684.32,4096,2701,1679,7814,87614,16479,2238
2018,5,15,16592,11035,11407,21654,11300,1684.32,1405,3684,1890,6003,55935,38750,38502
2018,5,16,11294,51187,82674,18979,22565,1684.32,4192,3255,2230,8132,19198,12566,46679
2018,5,17,12651,56488,36620,84330,57456,1684.32,2161,1626,1619,9848,28404,29270,40586
2018,5,18,83422,79810,92955,15239,45814,1684.32,3988,3458,2780,6036,17586,10698,15242
2018,5,19,66044,22981,69952,29626,83394,1684.32,2191,1044,1518,5162,96725,18989,38695
2018,5,20,85748,13887,25741,53720,75159,1684.32,4341,3579,1254,8648,90169,12471,4145
2018,5,21,40242,60510,85930,73022,29875,1684.32,4718,1844,4049,8238,25542,33795,44718
2018,5,22,19717,34087,29840,81250,95601,1684.32,982,2700,1803,5978,51419,48313,42917
2018,5,23,96476,17113,23245,46782,75761,1684.32,4252,1002,1126,6162,10760,20148,13414
2018,5,24,72603,50094,16066,23004,81116,1684.32,1798,1672,2045,5988,82080,16022,7960
2018,5,25,45907,98672,1699,19062,41002,1684.32,2374,2476,1581,5014,84257,12342,3118
2018,5,26,20384,59862,94697,10658,37747,1684.32,805,1700,1390,6454,66056,47632,1302
2018,5,27,37534,22855,64816,45932,42197,1684.32,4929,3102,1918,6538,23515,11710,46896
2018,5,28,21097,90890,40397,7678,97860,1684.32,918,3242,2219,8606,28899,19894,41007
2018,5,29,81140,76057,98019,31305,55631,1684.32,586,3163,3281,7222,39094,45477,14075
2018,5,30,23351,89024,49932,85270,40651,1684.32,3189,3098,1384,9884,85776,28546,23447
2018,5,31,85944,72148,13141,19516,53216,1684.32,833,4354,4447,8851,82010,40077,8392
2018,6,1,77299,83241,88912,37402,38688,2309.27,751,2710,1352,9518,84713,40469,1492
2018,6,2,66914,62812,87509,11852,48588,2309.27,4146,2087,1102,7332,90302,15778,32407
2018,6,3,24495,41009,4737,29699,39371,2309.27,666,1668,4405,8488,70421,33092,44814
2018,6,4,54980,47525,77156,72003,9898,2309.27,2471,3162,1031,9979,10036,39619,11869
2018,6,5,32386,35513,43059,44284,69174,2309.27,3220,1910,1450,9308,39718,46442,49713
2018,6,6,30474,55047,63111,24879,75638,2309.27,4323,1242,3759,5942,18970,40008,49884
2018,6,7,29699,81442,33172,70730,47773,2309.27,1700,1509,3696,9758,57144,18454,38185
2018,6,8,85823,71717,69243,92895,91025,2309.27,4336,1497,1710,9814,62727,22347,25313
2018,6,9,68682,53403,19316,82442,4881,2309.27,2449,1870,1078,5620,38012,33850,38286
2018,6,10,10158,14713,96712,206,50824,2309.27,779,1645,1152,5522,29540,16595,3856
2018,6,11,86686,68877,54445,99748,87676,2309.27,2094,2708,1158,7761,71501,41806,17172
2018,6,12,46047,93952,59090,82125,65924,2309.27,2326,2432,1813,5389,17990,28988,47102
2018,6,13,49245,84770,31987,91168,46144,2309.27,4114,4180,1754,8558,48928,12646,11527
2018,6,14,12083,37375,23491,99009,45137,2309.27,814,2534,1206,6255,89659,37570,44992
2018,6,15,63357,88338,96355,91523,83728,2309.27,510,4323,1466,5002,56843,18961,5345
2018,6,16,80375,80958,18142,27130,75869,2309.27,4262,2950,2148,7752,86958,32284,33422
2018,6,17,29097,94125,6171,50743,60381,2309.27,3312,3736,1048,8222,15258,19446,12182
2018,6,18,56364,2122,66274,79182,20970,2309.27,3142,1344,4074,6284,44825,29942,23117
2018,6,19,66058,39088,84245,3206,73193,2309.27,1841,2288,1678,8012,69382,42058,21203
2018,6,20,36546,24048,82148,37065,75067,2309.27,4014,2781,1766,9526,26963,36848,13758
2018,6,21,59757,75106,54545,63831,57742,2309.27,526,3799,4808,8746,43356,28000,49370
2018,6,22,31923,61551,46641,29954,69563,2309.27,2011,1107,1270,8310,59524,31488,16024
2018,6,23,84269,29891,79270,16499,66531,2309.27,4698,1287,2690,9654,12948,21783,22585
2018,6,24,39964,66595,11935,94773,27315,2309.27,4124,1188,1841,5765,11094,11050,5292
2018,6,25,18141,93906,25215,74563,80769,2309.27,1050,1462,1972,6714,97886,47511,1091
2018,6,26,24257,83938,40151,21947,24532,2309.27,718,4495,4566,8094,75619,23232,46621
2018,6,27,77308,31096,65174,10501,16861,2309.27,4607,1352,1956,9652,25914,11741,20716
2018,6,28,55913,48317,43130,3246,49989,2309.27,2108,4244,1304,7232,12542,15836,41016
2018,6,29,20232,38976,46684,66150,60992,2309.27,4381,4650,4749,9120,65150,36610,38655
2018,6,30,91623,11110,54315,88948,65932,2309.27,688,3195,3545,5718,57792,44885,30230
2018,7,1,91253,85482,8842,64864,14376,2178.61,822,3351,2712,7595,14342,26366,24678
2018,7,2,23330,85346,46117,44237,50496,2178.61,858,2957,3392,9334,43888,33621,49079
2018,7,3,8199,98436,28520,18369,72580,2178.61,905,3831,1974,8854,28695,11940,39757
2018,7,4,2129,30142,9317,39841,97738,2178.61,1207,1066,1454,8675,65302,42203,40012
2018,7,5,27754,17513,70161,31146,58671,2178.61,1119,3221,1566,9638,12782,17766,30401
2018,7,6,15747,3847,81599,40985,31297,2178.61,1950,3424,1766,5246,73265,38171,10294
2018,7,7,62630,5825,75590,4338,84500,2178.61,1541,2252,4756,6116,59749,49778,40892
2018,7,8,13455,90869,33000,58642,66859,2178.61,1408,2605,4786,8726,39941,19550,1892
2018,7,9,84652,53244,35860,41438,75863,2178.61,4609,4843,2652,6230,75533,32151,25477
2018,7,10,28795,72075,60756,3551,71480,2178.61,3328,4933,2725,6328,59927,44584,20506
2018,7,11,53621,52688,93542,8408,27046,2178.61,2194,3048,1726,6116,69485,28940,33483
2018,7,12,4883,65447,50136,52535,36998,2178.61,1038,1592,4094,7202,85693,35574,25669
2018,7,13,98651,39022,86860,26377,41702,2178.61,2312,1318,1660,6894,20081,42870,46787
2018,7,14,64336,47276,87271,67414,26681,2178.61,2705,1562,2202,9193,84097,25551,6757
2018,7,15,71214,85136,57695,85309,63281,2178.61,2234,1931,2409,8196,18666,40462,43388
2018,7,16,37233,41972,52137,53058,72825,2178.61,2280,3511,1698,9550,20925,12525,22218
2018,7,17,72659,99983,10440,11214,29176,2178.61,1764,1586,1023,8928,16462,25656,44537
2018,7,18,87847,89284,37588,86608,79729,2178.61,2070,1960,1148,5558,86370,39745,8599
2018,7,19,67777,15003,43257,19973,30905,2178.61,2497,3563,1042,5884,14776,26043,30534
2018,7,20,3826,1541,42785,16202,62352,2178.61,1857,1654,1902,5796,53157,30197,44834
2018,7,21,4395,96580,63510,21316,92139,2178.61,2412,4914,1233,7020,96238,12138,16232
2018,7,22,67555,78737,32054,64423,88026,2178.61,1817,3202,4721,9602,24403,27073,46830
2018,7,23,94436,32613,93624,44905,78409,2178.61,878,4154,3360,9934,36821,14870,46781
2018,7,24,21195,64234,11765,18780,51255,2178.61,2269,1350,3090,9322,15934,14944,8003
2018,7,25,26152,22752,15671,7226,72354,2178.61,650,3141,4038,8556,28045,33798,6426
2018,7,26,7406,19499,99306,67118,90813,2178.61,3967,2006,1712,7083,47138,34318,36127
2018,7,27,71439,94408,35831,90881,73731,2178.61,3348,1233,1744,6070,23458,29573,1765
2018,7,28,3148,74109,62715,92186,34734,2178.61,2336,3491,2961,7993,25608,33773,7112
2018,7,29,60472,60929,62133,77184,8012,2178.61,2853,1612,3677,5750,86682,27407,9271
2018,7,30,81800,85031,93642,89020,31753,2178.61,3592,4899,3912,7658,43437,17300,33452
2018,7,31,54770,52126,17137,97731,60119,2178.61,1503,1188,1110,7280,14125,44388,9098
2018,8,1,91979,40191,6584,38367,26873,1504.19,690,3254,3983,5536,60006,43787,1402
2018,8,2,94129,11258,67700,41787,54695,1504.19,2907,1819,4833,5166,66937,18930,26345
2018,8,3,58494,3880,55308,52129,18005,1504.19,1386,1334,4885,8652,64700,16757,49696
2018,8,4,94664,1219,11364,5000,43107,1504.19,3786,2235,2627,6485,95373,14722,21370
2018,8,5,59182,24634,76846,19015,35271,1504.19,4296,1990,4013,9603,62244,48369,10135
2018,8,6,9300,49983,24705,65537,44304,1504.19,2294,1302,3326,7324,60317,16433,5757
2018,8,7,31380,25456,20021,30359,41941,1504.19,4031,2474,1378,7078,52840,16012,31746
2018,8,8,21012,7138,18117,1377,33093,1504.19,4746,3743,1694,6486,24280,14708,46713
2018,8,9,62911,72927,62669,86238,32936,1504.19,2670,4314,4793,5390,11024,23085,39338
2018,8,10,4436,95057,40560,77167,72285,1504.19,698,4647,1889,9635,11024,16333,43401
2018,8,11,32701,27123,25078,95747,84277,1504.19,3096,2186,3635,8494,33423,21570,15710
2018,8,12,21454,86094,52238,86247,75136,1504.19,4332,1856,4669,6243,73089,46954,13262
2018,8,13,75996,74609,72954,92885,10596,1504.19,570,3295,3803,6999,39042,28079,1350
2018,8,14,82709,42139,75267,37696,24255,1504.19,4265,2059,1135,7854,48306,36270,8690
2018,8,15,41117,73991,98546,15786,40234,1504.19,4091,1229,2594,8397,25465,23190,37987
2018,8,16,68727,1036,16486,28883,34387,1504.19,1961,2094,4017,8938,54789,18522,21880
2018,8,17,40918,80408,33036,68405,58262,1504.19,4674,1468,1683,9572,47867,28268,31342
2018,8,18,57559,43311,44498,36506,11708,1504.19,4695,1786,3702,5074,25668,38089,36316
2018,8,19,30765,82630,71536,44782,31210,1504.19,757,3478,3084,8792,56882,47697,26326
2018,8,20,46486,27909,29780,18169,97481,1504.19,1436,1558,1922,7286,91544,49016,27647
2018,8,21,93602,17592,62155,97304,76476,1504.19,1744,2239,1803,6570,68373,18012,37823
2018,8,22,65958,483,6491,89042,49275,1504.19,3090,2111,2633,5748,46631,10236,29725
2018,8,23,10516,9420,76505,47825,16706,1504.19,3192,1658,3343,5346,40314,11171,34401
2018,8,24,79521,92059,18411,82676,15339,1504.19,688,1295,3617,7070,86688,19243,3136
2018,8,25,19608,89780,81355,27241,22649,1504.19,3705,4516,3757,5210,13692,36814,44338
2018,8,26,25963,26885,13474,44307,2231,1504.19,964,3102,2197,7958,80777,43888,20140
2018,8,27,9728,97818,91536,13345,37701,1504.19,3940,2307,4355,6646,84547,23355,44577
2018,8,28,40985,49605,89224,94742,91167,1504.19,1555,2129,4799,5550,77787,48381,2916
2018,8,29,81520,33265,46484,60070,39856,1504.19,628,4582,1430,7406,79279,29130,43614
2018,8,30,56421,78220,36438,57128,74866,1504.19,1835,1708,1941,6058,10590,28107,37337
2018,8,31,88975,8499,95237,35126,19879,1504.19,3507,1398,2639,6342,77819,12495,23024
2018,9,1,48129,28430,31387,9973,7709,2998.5,2745,1864,3306,6224,77145,10422,10517
2018,9,2,53060,92995,87584,39119,19938,2998.5,3092,3435,2279,6444,48313,16655,15692
2018,9,3,63077,66064,89295,9420,43883,2998.5,726,2010,1571,7112,18335,17146,18142
2018,9,4,73982,17433,90208,53640,73657,2998.5,4281,3068,1698,8217,82186,46635,17353
2018,9,5,40261,26631,41423,17540,6200,2998.5,546,4276,2151,9841,95047,32386,6089
2018,9,6,57983,10774,40749,54554,74239,2998.5,3833,4571,2867,5392,18210,32876,25436
2018,9,7,49097,88844,42297,42147,47061,2998.5,3782,3672,2464,6838,37564,23663,24483
2018,9,8,86293,38111,59292,74797,27952,2998.5,2182,2286,1942,8574,73191,11414,4339
2018,9,9,39719,48377,20274,48938,13769,2998.5,3165,4216,3678,7526,21363,14192,4836
2018,9,10,31296,76498,10764,98760,73054,2998.5,3775,1406,2790,8066,50494,47093,14680
2018,9,11,2406,74029,49380,83870,38311,2998.5,4571,4380,1904,6196,43318,17238,22572
2018,9,12,31032,7836,96637,74710,98298,2998.5,3152,4592,1706,5268,44704,16886,34352
2018,9,13,89948,33480,75953,92738,81546,2998.5,1183,3950,1826,5562,67819,21488,42799
2018,9,14,44486,23743,82222,31786,99939,2998.5,4205,1948,4726,5841,22031,48023,41892
2018,9,15,96546,36536,93969,7394,61804,2998.5,3999,3103,3503,9951,60840,20048,38673
2018,9,16,42750,33376,70352,75928,38939,2998.5,3768,4775,3265,5989,31560,44555,4523
2018,9,17,4233,80766,25526,53959,42960,2998.5,3334,1722,1802,8654,63249,28599,13909
2018,9,18,83679,3602,46703,72182,3553,2998.5,3581,2654,2270,8932,38581,12560,23895
2018,9,19,83456,18702,12336,78073,81043,2998.5,2627,1126,2365,9018,55585,10678,10249
2018,9,20,78413,73920,56181,95209,2574,2998.5,3807,1251,4383,8294,58432,18584,35783
2018,9,21,60756,33366,21942,18026,62299,2998.5,585,2105,1928,9273,40177,42971,26876
2018,9,22,19522,29157,94598,76887,43662,2998.5,3563,3425,1842,6095,33633,43026,1534
2018,9,23,18230,23793,45630,73965,60654,2998.5,3252,1409,3779,6210,55786,32429,20414
2018,9,24,64773,2725,94535,76702,61998,2998.5,1024,1518,1822,5038,58404,40232,1064
2018,9,25,47157,68320,95011,87610,34416,2998.5,1988,2644,3788,5244,26609,29441,28644
2018,9,26,29384,76214,67203,83163,47759,2998.5,591,2531,1436,6477,11178,16278,22990
2018,9,27,77541,91609,85581,74112,88582,2998.5,4344,1484,3656,9354,23347,13071,10337
2018,9,28,54350,70336,32068,39490,79305,2998.5,3931,1558,4889,9970,24553,49000,8677
2018,9,29,75475,56497,27884,17540,82974,2998.5,1601,1865,1350,7076,50977,13656,33468
2018,9,30,83871,81674,65747,28879,7380,2998.5,3301,1728,1570,6038,17570,21436,39094
2018,10,1,86502,96477,66639,55339,21030,1987.68,2165,2526,4873,9418,76851,43340,31991
2018,10,2,2659,53718,84768,26192,4695,1987.68,1413,1367,1054,6602,93746,35967,14777
2018,10,3,79945,71827,61748,36666,89397,1987.68,3414,2249,1011,5052,47588,33393,49536
2018,10,4,17044,94754,60920,26917,75810,1987.68,1609,4819,1487,7728,37363,12533,37771
2018,10,5,2505,80129,98901,83027,51773,1987.68,700,3068,1660,7092,84733,36573,8999
2018,10,6,96629,53148,78824,58992,4553,1987.68,2384,2947,3868,9655,81215,46029,42764
2018,10,7,57427,67825,40850,65266,71906,1987.68,2799,4409,3340,6699,73788,26464,28213
2018,10,8,2051,59134,74534,82876,22579,1987.68,4448,1126,1014,9256,94549,49670,25619
2018,10,9,23739,53287,3970,77607,72942,1987.68,3636,1498,4361,6766,11985,41266,35185
2018,10,10,75402,89785,32028,50094,82836,1987.68,1558,4885,1301,7443,84112,20231,5816
2018,10,11,43062,53562,55790,88180,34537,1987.68,4201,3275,4976,8170,52233,42918,16691
2018,10,12,43356,92222,23286,29069,89411,1987.68,678,4811,1406,9474,14905,24242,35271
2018,10,13,24530,91464,25480,5831,75259,1987.68,1061,3319,3153,8202,22851,14041,9593
2018,10,14,64893,77053,88669,84870,51576,1987.68,2787,1282,4475,7424,40350,38886,7255
2018,10,15,69048,27037,20050,26806,29398,1987.68,1047,1142,2769,6527,92460,18027,34955
2018,10,16,86120,34874,52700,65625,33076,1987.68,1017,2968,3954,9382,99189,36881,25551
2018,10,17,41941,93329,48164,7768,10753,1987.68,3005,1151,1901,6120,22957,27651,4866
2018,10,18,34362,90357,64282,77132,83236,1987.68,1510,1422,1615,8428,67682,24691,6743
2018,10,19,56112,63701,39012,41419,64739,1987.68,3299,3030,2880,5640,30797,24984,4553
2018,10,20,47681,10156,71137,95935,93211,1987.68,4937,3923,2153,8446,21054,16741,10446
2018,10,21,10961,48918,2448,18929,29479,1987.68,4971,1190,1526,8982,27008,31272,20131
2018,10,22,53535,21660,54303,1415,64475,1987.68,2750,3507,1606,7926,40793,21168,1452
2018,10,23,90684,30731,65093,24190,1301,1987.68,930,3613,1415,9729,47541,30894,2499
2018,10,24,46212,7513,82837,96394,22847,1987.68,2665,1380,4207,8319,94146,28682,26197
2018,10,25,99772,86897,73542,27730,67136,1987.68,510,4170,1416,5622,14711,12716,14335
2018,10,26,49193,55642,7682,609,31724,1987.68,2854,2934,4086,7042,74328,15526,5223
2018,10,27,39591,18346,94665,3798,16666,1987.68,3831,2788,2059,9518,60517,25546,38811
2018,10,28,53059,42120,66069,14475,72462,1987.68,3543,3006,2773,9862,54966,34496,30781
2018,10,29,72800,52821,78784,51886,66215,1987.68,3818,1618,2808,9678,19212,20825,3112
2018,10,30,69998,58434,53614,62057,97158,1987.68,3954,1798,2602,6374,81042,11416,30484
2018,10,31,17155,90938,99423,86281,92163,1987.68,2128,1313,3560,5911,33198,12262,4389
2018,11,1,3369,11931,23184,68204,37884,2358.6,3200,2668,3974,6608,26178,10809,10361
2018,11,2,86915,76395,49764,23289,73789,2358.6,1795,4726,1953,9427,73240,47693,27532
2018,11,3,46556,54554,37606,28820,87752,2358.6,4193,2472,3365,7466,75675,26249,10084
2018,11,4,64090,30228,55270,94416,63188,2358.6,926,1453,4193,5386,12196,47982,31448
2018,11,5,48872,62889,29061,92177,38668,2358.6,1222,1854,1853,6038,14042,44604,2301
2018,11,6,20264,94588,68429,8629,98317,2358.6,1229,2405,1374,6499,56820,20221,10456
2018,11,7,4299,28397,53027,78493,49736,2358.6,2826,3606,3360,7574,14280,27028,9121
2018,11,8,74187,13358,78604,31040,73537,2358.6,1995,3799,3584,6934,19494,18252,8998
2018,11,9,20880,70010,80658,27915,76509,2358.6,4487,2159,2225,7742,92003,31961,37478
2018,11,10,42987,34830,46920,97699,23068,2358.6,1078,2253,2411,6033,44644,14610,4055
2018,11,11,11383,36640,51100,31320,13416,2358.6,4571,1304,4889,7638,78561,32749,19880
2018,11,12,84059,9401,46261,66285,93267,2358.6,4597,2604,3092,6094,50303,46159,38264
2018,11,13,15572,57734,9765,99335,43768,2358.6,1634,1262,2400,8182,86468,20815,4409
2018,11,14,93966,36041,71463,50207,82622,2358.6,4308,3031,1562,5568,49315,19042,16376
2018,11,15,83833,80265,38000,73277,41782,2358.6,4436,3704,1035,5552,89390,12318,38303
2018,11,16,49962,46026,77657,73714,70112,2358.6,4528,1742,1516,9402,46987,15489,14125
2018,11,17,65071,46296,98522,40847,91864,2358.6,1241,1400,4453,8490,65324,10374,14189
2018,11,18,68895,51113,92643,31282,46665,2358.6,2436,2977,3057,5092,86690,14520,32033
2018,11,19,95569,97572,11302,28438,79915,2358.6,566,4984,1880,5151,17534,12798,8289
2018,11,20,39341,44777,4847,146,25369,2358.6,4083,4262,2634,6930,41895,34298,20171
2018,11,21,93758,95684,97277,38168,10776,2358.6,4039,2696,2889,5590,67485,44155,1306
2018,11,22,54981,27764,55493,75916,2916,2358.6,598,3607,3803,6264,75104,44171,7676
2018,11,23,12787,94188,54786,50421,22265,2358.6,4718,1021,3716,8346,70540,35843,13033
2018,11,24,65018,39581,58540,62907,36273,2358.6,2062,2605,1492,8906,99872,39407,42377
2018,11,25,86582,21291,64367,21737,47555,2358.6,2259,1390,1206,6802,10760,38625,5823
2018,11,26,66429,61832,20999,75145,26530,2358.6,988,1546,2471,5879,70805,13430,41540
2018,11,27,28257,44220,24053,14749,73126,2358.6,507,1058,1790,9870,97794,18254,23926
2018,11,28,57048,80054,69463,23409,33450,2358.6,2033,4877,4758,6072,91374,17639,46576
2018,11,29,40923,2363,9187,4746,88242,2358.6,4841,2849,1134,8893,63949,13687,46344
2018,11,30,69171,809,89746,30739,2034,2358.6,4860,4080,3944,5674,98840,33745,37540
2018,12,1,10874,49975,13360,60258,41349,2490.71,1179,1142,1537,5925,64656,19232,47352
2018,12,2,27119,97506,9795,72364,77808,2490.71,1534,3615,3226,9118,80649,17117,23482
2018,12,3,28485,56082,17414,54159,54923,2490.71,2760,2147,2484,9914,42404,17676,1159
2018,12,4,69823,59937,35248,42712,82214,2490.71,1943,4331,2409,6978,81694,25216,49904
2018,12,5,61571,39581,70184,91149,11853,2490.71,3265,1688,3266,8150,10847,44540,1676
2018,12,6,9541,19960,76688,27026,58783,2490.71,2210,3605,1732,7457,87668,43945,35445
2018,12,7,37362,15965,19629,51123,37702,2490.71,2690,1258,1816,5756,13554,19107,1323
2018,12,8,80059,31391,25797,3325,73421,2490.71,4216,2961,4306,7255,26338,48088,2996
2018,12,9,42700,28549,93046,70784,82358,2490.71,4728,1070,1678,8722,87192,11846,30715
2018,12,10,2032,46235,66356,59287,59109,2490.71,3393,1046,4518,8806,75194,44290,23129
2018,12,11,39889,89411,77252,29195,96666,2490.71,3635,1444,3489,6680,26500,30847,3590
2018,12,12,83747,7582,66918,96777,91938,2490.71,2508,1310,1696,7190,69606,42156,20463
2018,12,13,19696,98001,47675,40566,84894,2490.71,4856,4782,3630,8459,70328,41648,22869
2018,12,14,48402,63964,97366,96891,66997,2490.71,4089,1494,4150,7359,47519,22440,40218
2018,12,15,97822,11380,82761,30870,41595,2490.71,3026,2642,1719,7052,18207,17964,2368
2018,12,16,9922,69416,9099,54904,97876,2490.71,1551,2628,4742,8886,59518,26738,29428
2018,12,17,66839,19961,77482,30989,47320,2490.71,3428,1190,2731,6189,76009,10677,41353
2018,12,18,54909,15388,88320,21628,2441,2490.71,943,3713,2294,5042,83616,13052,22880
2018,12,19,94470,96521,69150,70564,6789,2490.71,2302,4978,4980,9150,20967,12299,45021
2018,12,20,48840,24396,73792,17923,26937,2490.71,3599,3196,1540,6552,36175,10934,16153
2018,12,21,56151,42120,29046,48445,57162,2490.71,1318,2982,1076,7622,38545,48674,29014
2018,12,22,85488,52200,38653,66820,59687,2490.71,950,3525,1498,9261,26447,43655,9620
2018,12,23,51767,71400,41853,33307,4671,2490.71,4990,1650,1498,9035,25616,43659,44380
2018,12,24,8049,96935,77994,49935,53755,2490.71,3608,1196,1590,7234,22413,11129,16540
2018,12,25,13233,17884,86007,29952,3498,2490.71,4958,1082,1710,8162,19714,21227,28807
2018,12,26,42543,54912,82048,79041,50299,2490.71,4052,4698,1910,7045,24632,41056,24016
2018,12,27,99937,39593,46650,1380,93206,2490.71,2508,2789,3298,8514,69092,23147,19063
2018,12,28,93673,75403,94763,93878,23566,2490.71,902,1107,1902,7016,61499,21244,49684
2018,12,29,37520,50552,95943,74822,33950,2490.71,2229,3885,1519,8878,51616,36076,36928
2018,12,30,14294,14125,25218,33944,78992,2490.71,2090,2663,1064,7438,82893,19268,10662
2018,12,31,67888,14350,92089,38834,27854,2490.71,686,1724,1994,9514,72897,17790,3588
2019,1,1,55127,4678,2171,357,56295,2401.74,4649,1702,1168,8592,65761,13668,4599
2019,1,2,22035,38426,59246,73887,37671,2401.74,3125,2019,2314,6958,96224,30902,18875
2019,1,3,73388,77949,51394,62112,67198,2401.74,1409,3675,1030,9931,39032,33156,5834
2019,1,4,10883,53682,53576,57051,18627,2401.74,954,1330,4113,9477,14547,28135,35689
2019,1,5,74704,72673,80156,52019,85984,2401.74,4272,1454,1370,5390,37833,37877,26380
2019,1,6,72851,25596,76554,99713,15527,2401.74,2869,2760,1246,5602,16162,17006,31938
2019,1,7,88485,46395,44906,78951,52224,2401.74,2085,3278,4828,7240,95296,17163,25805
2019,1,8,63621,94569,42887,50653,61586,2401.74,3529,4435,1314,5766,34148,38193,30720
2019,1,9,29724,17018,80954,15343,69814,2401.74,938,4649,1214,7195,53599,28437,13469
2019,1,10,89352,60686,71716,54181,47926,2401.74,2695,2897,4284,9446,78549,11750,33365
2019,1,11,61302,83432,6658,83968,81218,2401.74,2160,1892,1062,9466,42635,26691,7158
2019,1,12,32935,94926,51342,9149,92122,2401.74,3937,2824,1260,8046,68356,29903,4941
2019,1,13,25369,6053,74153,36006,86634,2401.74,3227,4286,3837,9778,48254,16374,19055
2019,1,14,72043,70415,77348,78921,6233,2401.74,612,4166,4908,6953,48314,23381,19983
2019,1,15,11894,18604,21206,93872,60609,2401.74,534,1962,1238,5110,38333,48599,39563
2019,1,16,99685,46561,62887,84874,77798,2401.74,4928,4839,2906,9130,28759,16586,11141
2019,1,17,48611,724,43306,63519,7677,2401.74,3251,1854,1575,6534,46145,37183,7973
2019,1,18,30371,2624,89513,42337,33254,2401.74,936,4290,1526,7654,34163,18555,44198
2019,1,19,31315,69092,34747,29221,97720,2401.74,3359,2681,1172,6665,26199,38257,29858
2019,1,20,990,45803,40532,43917,86611,2401.74,2452,3333,4299,6642,75669,38905,36677
2019,1,21,97514,32958,88196,4624,36780,2401.74,3178,4445,2802,8562,13666,21873,22359
2019,1,22,4135,47026,84555,1068,40043,2401.74,676,2383,2907,6208,10470,25869,27106
2019,1,23,49237,48753,9203,38537,2069,2401.74,2441,1876,4181,7982,20557,37313,1225
2019,1,24,20699,10088,71759,28501,34365,2401.74,1725,4850,3802,5146,55917,38844,35425
2019,1,25,94737,61594,46229,83996,24154,2401.74,4865,3390,2632,5419,28278,31052,47529
2019,1,26,86644,5720,63338,20826,4060,2401.74,4490,4757,3982,5210,69610,44698,33895
2019,1,27,98026,36336,15901,46828,3968,2401.74,2023,3703,4762,8251,82699,23916,21818
2019,1,28,62132,42565,47307,91116,27984,2401.74,3519,1968,2655,7458,68156,13782,25585
2019,1,29,85752,92647,42824,96086,5247,2401.74,2135,4623,3769,6080,82802,10974,12434
2019,1,30,61205,34827,67792,10968,49430,2401.74,1235,2913,4406,9796,35380,37390,1994
2019,1,31,40478,73901,84722,54485,92110,2401.74,2550,2860,1875,5373,90298,33473,2878
2019,2,1,63786,3098,92929,53174,2252,1986.57,4377,3429,4807,5344,19211,30298,12017
2019,2,2,42932,47125,89705,7825,98857,1986.57,4653,4108,3167,9137,81217,47396,43447
2019,2,3,91688,75431,59272,23414,82081,1986.57,2572,1740,2194,8150,99038,14445,42746
2019,2,4,38869,13417,17876,68676,55113,1986.57,660,3044,1134,5558,22220,49418,37087
2019,2,5,31181,86875,4880,59349,6012,1986.57,3096,4051,1526,9502,37464,43606,36097
2019,2,6,91466,21389,89473,53660,98241,1986.57,4456,2108,4630,8683,22135,39743,4863
2019,2,7,5770,87462,4140,22684,58844,1986.57,3454,1046,4585,6676,65723,35597,26360
2019,2,8,29430,38821,66001,7309,87541,1986.57,914,1458,1204,6738,49016,39444,19817
2019,2,9,61602,99825,76553,96232,68509,1986.57,2326,1268,2500,5644,13313,11343,48688
2019,2,10,65530,51768,67720,95115,11453,1986.57,2063,1772,4966,6136,48189,17726,49795
2019,2,11,49232,15457,4216,90436,72195,1986.57,4879,1246,4408,5576,62731,37916,19584
2019,2,12,37824,81410,28546,40324,20580,1986.57,3019,1108,1329,8390,97574,37781,8211
2019,2,13,51885,60991,95016,73204,90406,1986.57,2061,4637,1398,6277,30072,13559,9557
2019,2,14,72213,76305,30059,41621,99088,1986.57,888,1910,1112,6358,77234,27482,9142
2019,2,15,98997,11606,29943,25327,13696,1986.57,4459,1168,4858,8958,55134,45264,27517
2019,2,16,34032,37197,34902,25396,39826,1986.57,3954,2037,2629,5365,70010,23069,31326
2019,2,17,44507,82251,26332,51410,23037,1986.57,3891,3385,1522,8833,80063,45217,19918
2019,2,18,52703,59523,27150,73913,50350,1986.57,4176,1474,1672,7014,26127,25656,32284
2019,2,19,18108,31435,4047,75737,66800,1986.57,658,2657,2658,5986,79067,45695,24057
2019,2,20,27759,57959,50433,59282,83145,1986.57,850,2198,1369,7999,26110,13446,30496
2019,2,21,46636,11640,57451,82467,32069,1986.57,4475,1470,1364,8521,42264,14515,49931
2019,2,22,68930,23774,42173,41588,31615,1986.57,3634,4373,1110,8142,35006,45046,21240
2019,2,23,34562,55857,47245,57284,20209,1986.57,716,3195,1345,7804,65661,49766,39707
2019,2,24,4087,56489,16294,35451,35010,1986.57,4965,1190,3683,8578,78230,30297,24910
2019,2,25,29730,31865,6023,25280,35932,1986.57,660,1844,3237,7852,44127,33445,41029
2019,2,26,89980,74482,32993,91326,78638,1986.57,2443,2723,1494,7482,34525,22855,15006
2019,2,27,48647,843,43147,47330,92980,1986.57,3978,2708,4592,5622,64339,11056,21377
2019,2,28,41030,1017,8721,70619,1290,1986.57,4063,1269,3680,6824,82594,38669,19200
2019,3,1,56390,37745,39908,30126,88622,2206.87,522,4463,2260,8804,98795,19986,29115
2019,3,2,52784,37856,29582,69137,2196,2206.87,1517,4563,1478,7136,20853,29376,1457
2019,3,3,17552,12123,89409,70960,11069,2206.87,4372,2457,3526,5631,13934,37148,44431
2019,3,4,74746,9059,76612,13359,67863,2206.87,4698,1997,4614,9279,12276,48161,41759
2019,3,5,87089,32652,67725,47265,29788,2206.87,2992,2338,2051,9634,34649,44471,4930
2019,3,6,43184,74022,28281,41710,86005,2206.87,3857,1510,2625,7314,74108,14782,42216
2019,3,7,29932,80159,88838,59546,99439,2206.87,2706,1526,1330,7162,50142,40112,11323
2019,3,8,96713,59488,53804,13765,58241,2206.87,4587,1423,3826,5746,43132,31182,4805
2019,3,9,45084,88343,41933,12709,26516,2206.87,4547,1446,2551,9736,32344,28341,32393
2019,3,10,81060,56403,31220,41385,48186,2206.87,2849,4898,2200,8004,75014,15440,47714
2019,3,11,22809,49602,16864,17987,68822,2206.87,4169,3904,1042,8878,42964,23909,26349
2019,3,12,89847,23865,96708,18750,93601,2206.87,2090,1011,1846,9332,48748,49991,29052
2019,3,13,92375,96598,11242,49576,30954,2206.87,790,3761,2209,8231,88100,21030,36256
2019,3,14,90932,87270,51288,71974,44723,2206.87,2234,4568,4467,8941,69669,44420,10604
2019,3,15,54346,16760,35432,56152,27773,2206.87,1142,1246,2128,7482,69722,44433,1074
2019,3,16,19992,51090,14548,88553,65673,2206.87,935,1603,4916,7158,44928,34638,2648
2019,3,17,4178,73515,85560,38646,82457,2206.87,4417,3153,3340,9706,25656,16112,21581
2019,3,18,51733,31799,52612,65213,81887,2206.87,4646,3230,1127,8396,13574,21799,38686
2019,3,19,26841,49070,44756,33109,42644,2206.87,4098,1821,4550,9657,14614,28358,6036
2019,3,20,57591,1236,31512,45931,52436,2206.87,3394,4167,1298,7358,69380,14254,7168
2019,3,21,86044,79027,21787,92171,19572,2206.87,3970,1411,3990,5077,79519,36633,28569
2019,3,22,31113,79970,83455,27015,65980,2206.87,754,3569,2859,6480,69499,10600,1625
2019,3,23,26755,64246,75815,48425,27956,2206.87,1980,3999,1154,7542,12348,10143,45195
2019,3,24,18687,86492,22907,12677,11569,2206.87,4310,4033,3747,9116,86047,14726,18778
2019,3,25,50742,7773,88296,69953,61008,2206.87,1599,2762,4743,7414,52538,32699,24147
2019,3,26,62609,4519,96699,19534,94637,2206.87,4676,3322,1432,5176,42351,33631,19220
2019,3,27,21361,91662,9017,20108,57130,2206.87,1185,4222,2836,9480,10527,30195,45065
2019,3,28,63627,52127,84310,18371,69541,2206.87,1069,3501,2717,8248,84386,18894,36848
2019,3,29,33339,64063,65677,55402,82998,2206.87,4033,1430,1040,8812,40817,39521,8028
2019,3,30,9466,58356,30097,28654,47836,2206.87,3849,1462,2749,6326,46184,28642,40624
2019,3,31,46359,63606,43496,4076,77725,2206.87,1429,1062,3295,8457,66464,41293,27882
2019,4,1,71850,12004,95229,86251,69173,2094.53,2068,2527,1197,7073,91715,21820,1102
2019,4,2,82275,19530,80923,91786,65714,2094.53,3143,4318,1536,8902,23394,29996,25917
2019,4,3,15000,34457,88292,69809,17273,2094.53,3996,1922,4291,8458,16162,19642,45937
2019,4,4,61679,36497,37344,92876,93570,2094.53,1048,1698,4939,8322,67629,30652,45411
2019,4,5,70591,5773,76323,6354,64343,2094.53,1349,1398,1060,8006,65502,34149,49717
2019,4,6,3282,14500,89624,27573,75076,2094.53,2388,1753,1104,8742,45981,44116,14052
2019,4,7,36495,43382,36313,1435,21704,2094.53,3438,3645,1065,8974,14998,40408,3942
2019,4,8,57182,17700,2455,7707,25044,2094.53,3208,3324,3807,7831,55897,40235,17957
2019,4,9,28235,9638,43341,78782,722,2094.53,4249,3568,4054,5562,71354,20757,5674
2019,4,10,79504,19793,79403,5570,77258,2094.53,2329,4439,4803,9576,58497,19847,10753
2019,4,11,99092,66706,14524,14252,80889,2094.53,4486,4122,1410,8366,17050,47131,36773
2019,4,12,69853,43506,67052,18907,19068,2094.53,1016,4922,4550,7110,36843,14526,38406
2019,4,13,28876,49173,2599,73679,80308,2094.53,4877,4399,2801,6094,93650,25042,11097
2019,4,14,77526,14489,34165,73936,78667,2094.53,2419,4870,3277,8950,83777,17344,38421
2019,4,15,92877,6146,48619,83779,7916,2094.53,585,1790,4634,8184,26821,14942,35463
2019,4,16,15633,3051,10694,59786,93804,2094.53,4827,1329,1535,5344,61616,30201,20696
2019,4,17,73765,49036,11425,88394,19859,2094.53,2089,4086,2698,5726,12864,25613,45202
2019,4,18,56170,64802,78757,7157,2986,2094.53,3450,4969,3627,9143,94755,19518,5578
2019,4,19,86191,79583,90113,37726,14927,2094.53,4278,1654,2116,5702,93435,13334,1729
2019,4,20,7256,31877,82413,24954,2585,2094.53,567,3753,1429,9323,65909,45767,11629
2019,4,21,51253,4360,30737,76232,69855,2094.53,758,1044,1426,5942,93769,10846,41844
2019,4,22,53208,78049,74100,86676,73751,2094.53,694,1006,1536,8765,11928,18347,33887
2019,4,23,66746,72879,93453,43175,18554,2094.53,596,1157,1425,9558,62389,16280,25715
2019,4,24,44226,73756,22325,82004,75235,2094.53,1060,3441,2006,6074,31468,19382,32447
2019,4,25,25398,87822,97955,57513,26587,2094.53,2211,4683,3144,5664,69209,28050,20267
2019,4,26,61379,24504,14208,74156,43238,2094.53,880,2462,1704,9112,85818,41938,26597
2019,4,27,11559,36879,86732,38405,78390,2094.53,714,1174,1020,6624,77651,48958,18200
2019,4,28,73574,69863,58642,83070,71879,2094.53,1119,4608,3705,5327,23764,11942,27851
2019,4,29,18276,80552,15758,84980,59664,2094.53,1917,2573,4805,7306,42329,49546,1576
2019,4,30,48200,97683,69685,54220,67342,2094.53,4529,2266,4902,9054,40335,21780,13688
2019,5,1,51456,87742,7431,93135,27858,2498.71,1409,3408,1482,5492,84424,12258,35726
2019,5,2,56011,88350,7863,69660,30680,2498.71,4210,4713,3444,8430,28406,23484,23761
2019,5,3,24312,85673,73387,35187,42360,2498.71,3911,1398,1232,7693,13230,43468,11519
2019,5,4,33419,31063,68230,84901,43804,2498.71,2957,4813,1002,8714,85824,38033,2654
2019,5,5,35932,20036,49099,95729,24818,2498.71,4212,1950,4528,8950,10806,21888,27505
2019,5,6,20469,74578,32055,52433,72272,2498.71,900,2041,2769,8268,13894,42924,35356
2019,5,7,33135,61252,59090,90490,39776,2498.71,3522,2058,1301,7956,87786,22470,44915
2019,5,8,37830,23351,87951,17359,48653,2498.71,4246,4121,4546,7652,37905,18169,38618
2019,5,9,23008,33806,90212,22129,14288,2498.71,982,2421,4756,8294,37910,14531,13506
2019,5,10,85409,32786,22943,66710,93111,2498.71,4179,1888,1754,7129,48297,49083,10729
2019,5,11,82099,3896,84557,77998,91549,2498.71,2518,1824,2619,5468,53036,36906,22462
2019,5,12,82587,34441,50680,57344,58583,2498.71,3226,3990,2727,9414,27051,47189,4943
2019,5,13,38250,16231,78129,88681,9713,2498.71,4115,3162,1673,8672,86159,38221,26427
2019,5,14,27486,65031,69130,105,17760,2498.71,3362,1414,2957,8094,74041,31540,38518
2019,5,15,58985,62268,91883,13064,89789,2498.71,514,3037,1516,8380,33069,27580,18935
2019,5,16,81159,37185,85744,27833,42209,2498.71,2405,1046,3284,6166,10038,37396,38255
2019,5,17,6404,5866,4095,79362,76260,2498.71,2253,1002,1754,9135,64658,12894,28136
2019,5,18,54422,41263,90932,22291,95995,2498.71,4870,3505,3889,7890,21337,36097,40353
2019,5,19,6573,20095,38496,76209,87982,2498.71,4956,4384,1863,8110,90097,23122,40999
2019,5,20,78538,17351,74718,51645,52839,2498.71,4538,3611,1989,7318,45901,42983,5728
2019,5,21,62175,62125,2841,56064,64090,2498.71,3513,2013,1258,7008,63222,48605,40530
2019,5,22,88007,43179,42990,51222,43582,2498.71,695,3470,1789,7086,90114,19627,33088
2019,5,23,37492,21006,59592,34481,42828,2498.71,3816,1353,2616,6026,93769,48058,5493
2019,5,24,3539,2283,35072,64163,65643,2498.71,2767,1398,2824,8462,37574,11310,48294
2019,5,25,21548,28271,56228,88338,10035,2498.71,4316,3878,3699,7824,14710,26526,46343
2019,5,26,89401,58527,64232,73369,21536,2498.71,1426,1425,1634,6498,11184,17268,8001
2019,5,27,71144,18355,28631,28968,90463,2498.71,1724,2010,1662,5914,16699,37213,32557
2019,5,28,65647,41016,1092,49346,24924,2498.71,2223,1360,1370,5622,20395,28567,15802
2019,5,29,30808,41823,69993,23794,14673,2498.71,2422,1640,1170,7404,31135,17099,41932
2019,5,30,9962,94212,45462,37140,13516,2498.71,704,4161,4528,7210,44858,10803,12161
2019,5,31,23950,53434,7831,30982,26241,2498.71,900,3399,1814,5892,13544,34719,28226
2019,6,1,12320,86888,64461,39724,18023,1805.83,1036,2233,4725,6362,25749,38237,47912
2019,6,2,10233,21263,57766,18381,82474,1805.83,2329,2258,2750,9662,94850,37328,34921
2019,6,3,65563,68250,57376,27807,98147,1805.83,1981,1890,1686,5596,50188,29708,8448
2019,6,4,60705,32578,8294,20430,52106,1805.83,3667,2337,1657,5578,80717,20482,1610
2019,6,5,67706,39399,22741,26808,29061,1805.83,4135,1958,2192,7863,38780,11126,17592
2019,6,6,62663,37114,27156,24349,99907,1805.83,826,1232,1273,8701,97392,28378,43697
2019,6,7,79097,72412,40716,67106,5197,1805.83,3939,4253,2183,6072,16060,12498,37786
2019,6,8,26975,46549,17219,29168,34412,1805.83,857,2073,4464,9365,37773,18752,22352
2019,6,9,83062,58182,86335,9335,3235,1805.83,2712,2330,2490,9568,65787,44038,1414
2019,6,10,82565,36079,99644,59749,29111,1805.83,2344,1084,3603,5914,12894,29366,32056
2019,6,11,88266,63814,42792,97731,53179,1805.83,3453,1239,3745,9787,45573,41980,30565
2019,6,12,9866,49638,40663,98708,94417,1805.83,4097,1981,3880,8740,53081,17398,22803
2019,6,13,40797,35426,60428,19400,51340,1805.83,502,4605,2195,7909,53687,45373,28383
2019,6,14,88475,77141,31613,27220,3280,1805.83,551,4496,3174,5142,44556,37591,43538
2019,6,15,65369,53654,30925,40601,62395,1805.83,4943,3190,4430,6918,38941,37121,34006
2019,6,16,105,4060,43079,58653,11970,1805.83,4025,1795,1058,7990,60366,19786,46766
2019,6,17,11880,45919,55738,55055,88485,1805.83,3997,1702,3946,9921,27156,16340,1206
2019,6,18,23927,72100,35883,59709,10174,1805.83,1829,1630,1950,6260,85282,23556,41177
2019,6,19,3026,55660,40352,9636,74002,1805.83,875,1772,2988,6478,57287,17824,1448
2019,6,20,91906,66285,54381,62205,22558,1805.83,4896,2835,3636,7131,22543,30161,31537
2019,6,21,38308,85725,6792,49895,91985,1805.83,3451,1362,4085,5238,37349,38086,42074
2019,6,22,47225,73225,40320,10213,81190,1805.83,4388,4446,3890,8768,51650,36447,47607
2019,6,23,30306,62900,65635,294,10031,1805.83,1806,3337,1046,7206,98231,48590,38178
2019,6,24,12024,88035,9953,76109,34542,1805.83,547,1765,3230,6998,16670,34419,13654
2019,6,25,68474,2719,40218,48716,67840,1805.83,1515,4496,1119,7149,14789,31149,8221
2019,6,26,21680,27948,45839,11934,31546,1805.83,523,4921,4808,6828,36029,49349,10422
2019,6,27,482,82929,81115,70064,70148,1805.83,834,4972,3515,8486,14778,26354,39445
2019,6,28,69273,71555,7203,40392,5057,1805.83,2892,1735,1290,5878,55020,47836,38344
2019,6,29,60504,81896,57758,25312,18724,1805.83,1012,1124,4419,8538,11250,29566,10139
2019,6,30,27924,26456,34539,36439,3860,1805.83,4144,3131,1132,6346,29874,31188,4578
2019,7,1,67767,74276,40981,84201,29296,2409.32,1055,1190,2925,6367,46266,39415,5169
2019,7,2,27380,81824,48835,65859,3796,2409.32,3782,1602,4290,6572,50461,33868,28401
2019,7,3,92070,39945,60001,28416,69819,2409.32,4457,3936,1815,6789,38136,11110,7541
2019,7,4,31958,99193,22301,61235,1912,2409.32,2001,1294,1741,5836,11501,36889,18567
2019,7,5,10589,21636,33492,89880,84560,2409.32,3747,1628,1026,6966,21396,10068,1254
2019,7,6,7640,40854,80357,89455,17643,2409.32,1916,1912,4037,9216,27185,35948,18494
2019,7,7,24136,44187,97943,90877,26375,2409.32,2765,1963,2430,7609,43194,31990,25796
2019,7,8,44267,83294,24971,84516,83393,2409.32,935,2383,2219,5198,13189,21213,46367
2019,7,9,26138,30106,87165,60175,85674,2409.32,2474,4808,4888,6806,17037,10166,30702
2019,7,10,36213,11155,54578,99995,55116,2409.32,3336,4381,2416,6624,83897,47160,14124
2019,7,11,19674,11185,20896,23246,18829,2409.32,810,4965,4189,7975,21491,16215,34085
2019,7,12,78677,33966,76024,69917,60735,2409.32,2531,1946,1919,8460,96940,42034,9413
2019,7,13,72585,45278,91417,86353,34937,2409.32,3513,1932,4201,6150,94206,38030,41666
2019,7,14,54846,71370,99348,35387,19345,2409.32,1601,4372,1156,7964,10406,31890,20840
2019,7,15,19742,88173,45189,56661,46633,2409.32,902,4216,3758,6463,11148,38694,42130
2019,7,16,64481,5435,9656,83682,42547,2409.32,3063,2391,1583,7411,49130,27279,20215
2019,7,17,58251,67084,58004,29407,77413,2409.32,2649,2154,3168,5684,70166,19612,8645
2019,7,18,81319,35214,45370,85077,8029,2409.32,518,2508,4076,6130,72542,31623,17291
2019,7,19,2697,10606,45367,10632,48017,2409.32,4262,2618,2932,9090,68377,10698,44497
2019,7,20,87263,46027,68851,50431,85216,2409.32,1583,1534,1174,7842,67962,14963,5370
2019,7,21,5596,24438,3824,94673,90568,2409.32,1295,4615,3323,8013,20246,17691,26366
2019,7,22,82511,74509,90311,76795,3126,2409.32,2138,1578,2417,7341,40818,22632,25040
2019,7,23,72711,17402,5519,79645,55707,2409.32,4607,1302,4270,8431,72326,21189,39834
2019,7,24,91149,98622,30805,94472,2987,2409.32,2163,1848,3262,8825,78642,11387,17403
2019,7,25,60217,27134,51776,97634,44475,2409.32,1617,2184,2698,8574,96828,48405,8946
2019,7,26,31970,7789,76060,62592,6220,2409.32,3780,2367,3358,9178,16392,16344,48386
2019,7,27,98339,86707,68194,56601,71884,2409.32,2987,2099,3968,6114,29732,34794,46836
2019,7,28,95060,82702,68331,54111,41190,2409.32,3867,4510,4299,9862,52101,11870,31512
2019,7,29,9664,35882,9238,73022,66818,2409.32,717,1310,1974,7830,38107,42369,33781
2019,7,30,87099,56096,24469,77419,58562,2409.32,3565,3621,4606,6895,24083,10795,20553
2019,7,31,78407,92951,307,67706,37877,2409.32,927,2539,4641,5165,36912,21458,2408
2019,8,1,92630,52967,75785,32893,91074,1783.77,1342,3520,1334,7798,22082,12230,34506
2019,8,2,58678,92056,81837,55574,16139,1783.77,3979,4088,2938,8037,63316,11697,42633
2019,8,3,13965,27208,66339,35482,64120,1783.77,779,3100,3467,5840,11994,14540,4150
2019,8,4,67421,58687,94414,92747,88800,1783.77,4977,2476,3550,6340,12226,41040,16496
2019,8,5,95798,53382,66481,5088,87771,1783.77,3137,3086,2003,5827,53568,37474,29797
2019,8,6,19977,60700,10575,43444,43615,1783.77,4336,2386,1605,8749,36485,30404,32920
2019,8,7,1597,41463,44234,26499,60980,1783.77,2538,1777,2015,8046,78216,21137,13635
2019,8,8,80167,61354,39225,53522,27182,1783.77,995,3509,1195,6306,13916,46161,9145
2019,8,9,50841,97642,73548,42447,82743,1783.77,4202,4338,2846,9787,27188,28826,10033
2019,8,10,63423,11079,1956,96790,61449,1783.77,2927,1614,2877,7151,95135,35058,30172
2019,8,11,66296,2483,48568,68843,4052,1783.77,822,1244,1740,8550,13690,18607,21873
2019,8,12,14936,69245,69298,82782,85385,1783.77,2959,3806,3915,6266,45595,35363,46486
2019,8,13,26439,63523,43330,84316,37026,1783.77,725,4672,2298,5222,88514,27702,4817
2019,8,14,22518,3518,48947,24735,8421,1783.77,3342,3355,4584,8991,22488,49968,28989
2019,8,15,91830,50449,98775,15745,96715,1783.77,2460,4504,4244,6382,40171,27622,10723
2019,8,16,31959,42249,97295,89257,92894,1783.77,1958,1762,1366,5904,56496,14098,35810
2019,8,17,11245,66191,37454,75830,45183,1783.77,797,3363,1742,9154,69107,39808,9943
2019,8,18,85295,2920,95666,25891,80062,1783.77,3512,2019,3085,7159,10270,37330,35837
2019,8,19,19321,84587,19093,24999,16843,1783.77,4097,3087,3131,5814,15694,19665,41941
2019,8,20,69197,29714,73029,95939,70638,1783.77,2099,1872,1407,8242,98174,41468,8488
2019,8,21,99953,18039,69840,94390,35198,1783.77,3071,4517,2052,7163,95868,38895,21115
2019,8,22,9105,34966,33335,67236,44220,1783.77,3252,3416,1963,6280,25706,15842,37251
2019,8,23,34768,77806,9885,12527,41922,1783.77,3994,3226,2449,7676,68967,43998,24411
2019,8,24,11301,67040,64869,99705,555,1783.77,3599,4658,1412,7762,93245,12554,10737
2019,8,25,75536,96498,69689,58852,89130,1783.77,2804,3897,4552,9040,36423,47826,45396
2019,8,26,63452,6771,22405,22253,46956,1783.77,1250,4607,1114,7470,74312,41669,7724
2019,8,27,58207,79264,17680,70260,17550,1783.77,1532,3084,1078,6220,51935,29256,27278
2019,8,28,7968,81092,69506,13873,20133,1783.77,3050,4935,4050,7414,22187,42358,22281
2019,8,29,24530,54790,66966,15645,52261,1783.77,2313,1894,1893,5406,97078,17798,41278
2019,8,30,68622,23611,63879,25101,36183,1783.77,4356,4150,3257,7126,74374,33389,32167
2019,8,31,62494,52425,33325,7897,52879,1783.77,1606,3759,1653,7152,18816,45265,21864
2019,9,1,33069,22084,78095,74414,19162,1373.37,4386,2771,2766,8982,78954,44932,48889
2019,9,2,55195,39457,58191,11760,13831,1373.37,605,1254,2608,9716,35484,29471,7932
2019,9,3,31460,29244,72477,15031,55000,1373.37,2583,3067,4825,5486,78832,17982,17742
2019,9,4,99566,38220,68111,28685,39058,1373.37,3616,1218,2872,8158,38715,33054,47065
2019,9,5,72443,29321,99309,30051,44174,1373.37,4521,1274,1739,8022,14040,13974,1145
2019,9,6,16092,79599,56159,5917,46629,1373.37,1255,2545,4561,9365,91229,44971,34991
2019,9,7,62782,81199,71928,65654,45709,1373.37,3707,3150,1315,8744,48200,16840,26995
2019,9,8,81864,24075,8826,78603,72425,1373.37,1693,3515,1790,9203,94432,16846,15841
2019,9,9,70546,25688,20965,60108,41405,1373.37,1430,4185,1095,9709,69838,21804,28546
2019,9,10,36704,84898,89955,93019,99265,1373.37,1211,1127,4933,5036,76081,17357,4508
2019,9,11,67229,39127,55873,79019,58330,1373.37,2437,1886,3695,9516,10678,13942,16657
2019,9,12,19651,43117,54285,45747,52826,1373.37,2550,4528,1514,7722,98899,24635,40475
2019,9,13,94716,41463,22115,89649,76499,1373.37,2005,1398,3674,9230,39096,28356,14549
2019,9,14,12239,92886,73584,20935,83991,1373.37,2385,3641,4737,6710,49387,15134,45270
2019,9,15,82145,83290,13443,7517,7146,1373.37,3503,3213,1507,5014,15732,13005,28694
2019,9,16,1519,81220,39436,55193,26802,1373.37,4900,4039,2769,9835,59973,21760,28533
2019,9,17,1457,47360,91754,56194,5382,1373.37,926,2525,1572,9902,11393,14278,7493
2019,9,18,54948,59898,82492,41456,46868,1373.37,812,3385,2924,8246,19929,14725,40354
2019,9,19,38781,36183,53765,42902,42370,1373.37,4661,3826,3801,5542,16371,49182,30091
2019,9,20,80259,12832,3060,21040,22734,1373.37,1670,2680,2054,8332,19135,20273,30806
2019,9,21,90867,56301,18659,78791,16549,1373.37,4867,1680,2473,7274,14581,49843,4940
2019,9,22,10075,45596,10022,3876,68362,1373.37,4409,3620,1160,8820,86011,28308,42745
2019,9,23,69626,4034,72342,76680,88196,1373.37,1952,1682,4128,7878,90556,47028,7829
2019,9,24,53255,424,68709,77080,80408,1373.37,1922,1954,1966,6600,94356,29950,49643
2019,9,25,96041,30118,94923,51616,68939,1373.37,1276,3563,1319,9948,31595,39514,47287
2019,9,26,42798,94900,1281,23279,93215,1373.37,622,1468,3611,9015,23547,39019,41837
2019,9,27,88658,66823,79501,50247,36470,1373.37,1548,2509,1334,5914,15574,39264,40210
2019,9,28,88758,63106,44181,90077,98075,1373.37,943,2223,2026,7223,80501,30240,25776
2019,9,29,89060,809,43061,14023,6176,1373.37,3041,1184,1134,8894,61430,10442,32961
2019,9,30,89104,57979,51466,25782,65802,1373.37,1398,4558,2751,5578,44635,45825,18295
2019,10,1,40579,19401,71084,54154,99903,2184.03,4564,2062,1482,7182,39589,43696,1325
2019,10,2,76629,50774,59831,91875,28556,2184.03,977,2885,1034,6230,68687,48545,28787
2019,10,3,54509,23246,46297,46439,84233,2184.03,1000,1162,4225,6346,11667,10479,8474
2019,10,4,69256,71232,77542,79992,44819,2184.03,790,2798,4255,9870,29672,12810,17131
2019,10,5,28657,27002,15697,75260,50112,2184.03,654,1954,3980,6452,83762,24565,34384
2019,10,6,61278,14259,82080,5504,32190,2184.03,982,2796,4978,9876,97787,26148,43748
2019,10,7,93359,4180,63947,77615,54051,2184.03,858,4058,1971,9918,90670,13770,9971
2019,10,8,23208,80827,24408,47189,33632,2184.03,3105,4908,3779,6198,16763,37320,8170
2019,10,9,63932,99099,5117,28911,58975,2184.03,534,3684,3435,5357,46298,43837,19257
2019,10,10,45328,53076,9249,98652,75548,2184.03,2086,3755,1498,6493,62295,14375,49919
2019,10,11,51015,50401,25637,6147,20585,2184.03,3466,1746,2849,9880,46130,16823,42400
2019,10,12,34192,1189,85509,73979,52898,2184.03,2816,3225,1233,7064,96876,43133,48159
2019,10,13,93335,98963,8241,74079,41808,2184.03,4806,4173,2287,7222,31671,24223,20536
2019,10,14,89194,41491,75092,47044,56426,2184.03,902,1242,3762,8342,64594,41659,21222
2019,10,15,30238,48763,6237,47823,42179,2184.03,955,1034,3426,9195,19192,26585,3113
2019,10,16,36083,30750,2112,73370,61192,2184.03,3945,1736,1118,9036,30131,31697,33783
2019,10,17,76611,10351,38666,15373,92429,2184.03,3383,4017,4726,9620,86840,26905,19613
2019,10,18,32733,44148,62418,67512,9696,2184.03,906,1564,4109,5128,35499,46652,38361
2019,10,19,96343,99445,63390,87967,38481,2184.03,1016,1442,1846,8334,46814,12651,43521
2019,10,20,10646,70199,68021,11725,99819,2184.03,3629,3902,1470,8438,32765,25055,4861
2019,10,21,89408,93215,87185,24869,72126,2184.03,1521,4819,2127,5078,72786,26960,22684
2019,10,22,11135,8803,24755,31358,16188,2184.03,730,3185,3119,8380,54909,24289,21570
2019,10,23,83242,93539,23192,14954,94585,2184.03,566,1402,1875,7192,41564,16030,22310
2019,10,24,66229,63086,38821,4708,80700,2184.03,3019,1833,1760,5558,23190,19299,27959
2019,10,25,94344,83551,12485,68815,11932,2184.03,3103,1524,1872,5302,26477,21868,17394
2019,10,26,54956,82838,88564,36831,26382,2184.03,2183,3961,3212,6003,13669,40263,30128
2019,10,27,73962,11689,82098,27074,34463,2184.03,1372,1326,1590,8857,13971,17121,5288
2019,10,28,92603,73427,44998,53535,56074,2184.03,814,2380,2015,5222,80563,13396,37827
2019,10,29,60446,87747,22359,70010,33750,2184.03,556,4062,4067,9510,67487,14882,2380
2019,10,30,64010,63860,60040,69200,89069,2184.03,2672,1671,3789,7669,51557,36214,40364
2019,10,31,51848,93312,63596,38863,23629,2184.03,2259,4073,3256,7822,70435,48357,44159
2019,11,1,30709,22420,23768,89431,89907,1444.93,3439,1006,1622,8991,59186,21756,38650
2019,11,2,41664,57210,85546,5686,8767,1444.93,2532,2077,3059,5504,25705,12217,38113
2019,11,3,81359,26132,26826,72328,96567,1444.93,2027,3626,2601,5794,49408,15466,25183
2019,11,4,94445,19200,23977,25838,58191,1444.93,2593,1206,1723,9490,38243,31841,49515
2019,11,5,87603,12128,83919,5662,24875,1444.93,4230,1232,3459,8510,94911,31377,25977
2019,11,6,36238,26939,41356,191,82734,1444.93,4049,3529,4962,8766,19366,34505,40764
2019,11,7,93893,83312,712,66969,32802,1444.93,3809,1756,2433,9080,42417,42308,5307
2019,11,8,75057,43001,14893,59868,70408,1444.93,1244,2997,1742,5208,23187,35827,9805
2019,11,9,89715,93590,45709,99677,4320,1444.93,4181,3211,4737,5006,81531,47539,31427
2019,11,10,56551,30342,34296,40337,79422,1444.93,2644,1668,2416,7536,30696,22824,43065
2019,11,11,57341,88293,45822,10436,87244,1444.93,1262,1957,1234,8323,92985,49620,35361
2019,11,12,89750,93520,14185,54488,94764,1444.93,3378,2666,2408,5356,16014,38181,12068
2019,11,13,12090,56999,25363,64507,4535,1444.93,2330,3227,1414,9503,10038,14297,22411
2019,11,14,51216,51277,41255,46518,59600,1444.93,2489,1412,2759,6060,20188,38874,34241
2019,11,15,5094,88567,22893,63854,7592,1444.93,3387,4680,4244,7508,17526,25131,30895
2019,11,16,16161,87869,3359,93215,53724,1444.93,2512,4939,1000,5118,51456,15686,8373
2019,11,17,49359,30298,17654,93470,23324,1444.93,3696,4768,2759,6382,17252,11510,37842
2019,11,18,18836,27009,86383,23080,70759,1444.93,3210,3270,4789,7920,96484,44865,36922
2019,11,19,92645,70349,49805,68646,85468,1444.93,1949,1177,2909,9214,60999,37584,17613
2019,11,20,8796,9696,32353,51555,97636,1444.93,3256,2822,4334,9286,72254,21444,40975
2019,11,21,91560,36817,91067,82702,21090,1444.93,2566,3733,4251,7370,98730,26070,37552
2019,11,22,94983,35680,27249,59244,6634,1444.93,1828,1742,1302,9180,83334,44633,4600
2019,11,23,36507,17943,77457,37194,22582,1444.93,3637,1998,2878,9704,13193,23967,16063
2019,11,24,3608,57112,54054,94211,50834,1444.93,572,1640,3463,7772,21411,11448,2784
2019,11,25,18481,68240,43230,49127,47420,1444.93,3759,1142,1726,7567,37471,33439,26564
2019,11,26,53630,46109,13932,56509,62165,1444.93,1827,2123,1186,7110,76334,11446,43478
2019,11,27,3665,46616,13590,8480,60497,1444.93,4927,3976,4591,6322,44454,17011,35001
2019,11,28,6073,54566,83642,66931,42134,1444.93,1721,2114,3572,7004,84974,12089,21113
2019,11,29,40482,81803,44213,57423,49035,1444.93,814,4050,2161,5137,77529,44009,20547
2019,11,30,6491,13810,22986,26082,93318,1444.93,4444,4389,3357,6180,82671,46842,33792
2019,12,1,49393,8957,14123,62750,93932,1971.23,4582,1476,1775,7004,24767,14654,26212
2019,12,2,18553,10171,40836,90043,87700,1971.23,1532,2860,4182,8965,11178,15958,34846
2019,12,3,48411,26920,62684,57848,9592,1971.23,3397,1370,3481,8871,38084,12412,9526
2019,12,4,11435,57668,54498,48210,51024,1971.23,1883,1866,1584,5448,75970,19686,45618
2019,12,5,63917,88855,27700,88099,27820,1971.23,2424,2581,2148,5107,50429,16192,5230
2019,12,6,50985,55179,83428,19467,74050,1971.23,3230,1962,1882,9080,50044,12906,37864
2019,12,7,64698,71929,48835,86837,34648,1971.23,1674,3563,1362,5870,12082,40533,41157
2019,12,8,95955,15439,83116,78104,6898,1971.23,2546,2882,1334,9330,93700,45475,49897
2019,12,9,40190,8283,97311,52072,77363,1971.23,1329,2059,4282,6515,45247,20281,47355
2019,12,10,37672,41923,85197,386,82648,1971.23,919,4954,1270,6326,89409,26897,38211
2019,12,11,40283,91956,1132,61709,94282,1971.23,2183,1654,3114,8996,11602,30476,44832
2019,12,12,18200,50576,38889,37483,47091,1971.23,4115,1114,2409,9312,12062,41409,1982
2019,12,13,97523,8771,36364,17523,99157,1971.23,4419,4438,4079,7642,17498,44712,42125
2019,12,14,56735,74682,95535,76201,45527,1971.23,3029,3726,1450,8269,17560,28797,14781
2019,12,15,28757,41676,29912,71167,50988,1971.23,3927,4861,1533,6598,82383,11390,47764
2019,12,16,23767,43156,11481,57846,5059,1971.23,3910,3144,1398,8898,54345,15539,28980
2019,12,17,45577,43727,45618,10932,71996,1971.23,1081,1512,1204,5992,88269,38544,29530
2019,12,18,50108,33549,53406,22994,15191,1971.23,3683,3956,1648,6515,13154,16706,2142
2019,12,19,51847,48417,11203,71860,62861,1971.23,3750,4789,4273,5719,52072,47620,15548
2019,12,20,95249,8154,98373,16453,10499,1971.23,1348,1220,1542,9518,83598,18084,2994
2019,12,21,43248,78634,23394,54896,1502,1971.23,2953,3347,1315,9155,41558,14175,36548
2019,12,22,64704,95309,5317,90329,11028,1971.23,2949,1275,1094,5356,39080,26040,7390
2019,12,23,5667,76781,52999,58561,67887,1971.23,1645,1133,1582,6134,66028,49435,2949
2019,12,24,2938,53982,2783,4253,53138,1971.23,4779,4192,1001,6774,40872,33381,44342
2019,12,25,47486,45174,89657,29380,47847,1971.23,1772,4865,1869,9550,28425,39755,45089
2019,12,26,44071,71423,17242,75653,21461,1971.23,1439,1508,3603,8454,45001,23092,33270
2019,12,27,4916,29782,57285,60917,36230,1971.23,4297,3714,4682,5046,29445,15066,14509
2019,12,28,11747,51218,77394,49968,42340,1971.23,4723,1410,3593,6642,78414,31406,22172
2019,12,29,56586,19855,72156,26541,80429,1971.23,4632,1402,3290,6546,62611,49519,17158
2019,12,30,37778,23262,99586,97460,73568,1971.23,1339,1665,1600,5085,51633,38939,29031
2019,12,31,37257,7709,25350,47202,81025,1971.23,4959,3961,3618,7115,80502,16214,3765
2020,1,1,46487,5742,80267,69756,68353,1308.58,3884,1613,2074,5402,81532,14922,46138
2020,1,2,42683,83199,54057,57768,51184,1308.58,1375,3891,4697,9868,39915,38461,42997
2020,1,3,69889,10229,78432,53356,90731,1308.58,3979,2217,1854,9702,23324,11264,48830
2020,1,4,46735,47209,97241,75161,84904,1308.58,2617,2585,4675,6060,13710,45858,45126
2020,1,5,96022,29433,4750,47072,4362,1308.58,1884,4250,1244,6668,27605,28327,11017
2020,1,6,11850,97938,31897,32773,64887,1308.58,3399,2973,3780,7994,12562,14762,5221
2020,1,7,47117,52103,47621,58144,55129,1308.58,4001,2501,1910,5102,14572,49471,15678
2020,1,8,86119,16458,90074,73716,29478,1308.58,2042,1326,1968,7886,74098,13206,34032
2020,1,9,39159,12498,41180,74291,80842,1308.58,2973,4309,1415,7810,19694,17895,44314
2020,1,10,7624,6455,35398,2734,47910,1308.58,3556,4027,2778,8630,15494,12255,49970
2020,1,11,42662,76137,53583,90982,60075,1308.58,4187,1178,2882,6906,89874,14922,44033
2020,1,12,22385,84200,98033,35152,26146,1308.58,3047,3768,3292,8444,52853,21201,1974
2020,1,13,4766,87762,21581,87545,96392,1308.58,1151,1646,1811,6085,62737,31886,45676
2020,1,14,46471,83278,13823,19353,44997,1308.58,3075,2380,4248,7459,10154,30393,3698
2020,1,15,4298,21931,80514,27590,60375,1308.58,598,1190,2480,6158,69036,33871,49719
2020,1,16,98750,1540,5629,36914,87626,1308.58,634,4095,1642,8973,69799,12990,18366
2020,1,17,69023,59227,96723,73272,46686,1308.58,3664,1974,1184,8630,94923,47911,49255
2020,1,18,50249,26418,79404,87729,79493,1308.58,2952,3241,4978,7170,31506,15850,48440
2020,1,19,28298,66658,4403,96293,15632,1308.58,4282,4653,4779,6005,57924,46465,40554
2020,1,20,21612,77942,63800,59148,78472,1308.58,2058,3719,1190,6461,32800,30984,8724
2020,1,21,1253,70753,75579,67584,30685,1308.58,2890,1362,3742,8645,71625,11460,7085
2020,1,22,49199,97261,90379,98979,3266,1308.58,1795,1228,2596,5594,12310,37419,14656
2020,1,23,50670,57435,66139,52163,10248,1308.58,3146,1500,1042,8724,79083,33078,15291
2020,1,24,15810,33326,8413,5904,91971,1308.58,1628,1169,3649,8358,40147,46914,30038
2020,1,25,99366,51943,38143,58314,43889,1308.58,732,4558,3656,8223,46720,38903,4871
2020,1,26,93514,96219,66756,95909,4944,1308.58,3986,2104,1042,7510,59359,37486,12191
2020,1,27,50141,70988,45008,43790,5698,1308.58,704,1415,3448,5198,79728,13689,35155
2020,1,28,66421,75462,8248,95077,53685,1308.58,3980,2197,2537,7087,43105,38832,21320
2020,1,29,79279,88445,25937,91147,42195,1308.58,4984,2334,2634,9992,36124,44684,35296
2020,1,30,41499,93181,16100,94948,4731,1308.58,4988,1151,2640,6480,66227,41324,45828
2020,1,31,20907,16560,4875,4796,33648,1308.58,3628,4277,2775,9564,36775,11322,14332
2020,2,1,31760,3657,10199,71752,56133,1463.24,3250,4312,2333,9108,54043,33161,4883
2020,2,2,49538,25195,37154,99125,7774,1463.24,630,4333,4704,9660,74332,30387,44831
2020,2,3,34806,19962,49516,70723,56737,1463.24,1934,3495,1700,8558,76599,36978,10838
2020,2,4,23368,6202,86291,60701,30751,1463.24,882,1178,3231,7367,95763,12020,6686
2020,2,5,42198,32146,46691,58254,73323,1463.24,4992,3128,2335,9024,78850,14071,21023
2020,2,6,81697,70785,18919,62543,89269,1463.24,4520,2635,3070,8678,89688,48820,11870
2020,2,7,58849,99902,45460,57080,63621,1463.24,4436,2169,4719,6126,96774,13042,7575
2020,2,8,63501,51768,71171,20836,72627,1463.24,1258,4323,3508,6529,33217,42776,16373
2020,2,9,98399,32738,71765,16470,51252,1463.24,1641,1734,2705,6916,83531,15366,27805
2020,2,10,1028,79320,79848,7100,5447,1463.24,594,1222,4741,7663,12278,33719,42975
2020,2,11,40388,73745,4395,93896,60274,1463.24,3023,1078,1700,9182,15700,37952,37612
2020,2,12,18944,5839,64404,13002,65644,1463.24,679,1671,3606,6878,90122,15404,14287
2020,2,13,59853,76616,50703,20946,50631,1463.24,4665,1017,3285,9059,84912,23558,23189
2020,2,14,13024,54288,14935,99724,95428,1463.24,4027,1454,4970,9576,43723,10613,22780
2020,2,15,99070,30755,93637,59028,97634,1463.24,4431,3837,1522,5974,94783,11003,33759
2020,2,16,64675,65801,18373,27960,41212,1463.24,2870,4234,3924,9156,70310,35703,19637
2020,2,17,21937,40690,16426,83259,75473,1463.24,3871,4542,2255,7508,49921,19582,10150
2020,2,18,71267,74354,95079,47993,65840,1463.24,3995,1865,2013,7450,91177,13224,39862
2020,2,19,13357,59048,83812,87281,58204,1463.24,2983,1491,1162,5761,79749,36635,4122
2020,2,20,82263,89974,77530,89518,77482,1463.24,758,3747,3155,5836,96739,33994,27451
2020,2,21,12050,72088,30861,84063,65808,1463.24,2286,1040,2436,8846,82796,21991,22038
2020,2,22,51571,72132,84836,62734,77893,1463.24,720,1302,1828,6508,66024,48390,30937
2020,2,23,87052,76783,13491,5208,82619,1463.24,553,4667,3668,5540,95081,30827,26582
2020,2,24,74803,92368,92696,88591,89818,1463.24,1934,2739,3974,7106,20472,16448,25492
2020,2,25,42706,2545,34726,13616,45794,1463.24,2005,4197,2531,5495,54404,26501,1510
2020,2,26,2078,59958,87521,17098,12724,1463.24,4277,3877,4969,6972,17650,31138,32602
2020,2,27,98816,85755,38878,79142,47524,1463.24,2360,1580,3246,8438,20195,40392,25703
2020,2,28,89188,98554,89590,83072,90401,1463.24,4572,2477,1654,7093,25927,49377,10346
2020,2,29,29695,56557,69608,21016,79881,1463.24,2153,1814,1076,7383,74188,44408,28428
2020,3,1,11550,50989,11332,99988,71185,2134.84,526,4737,2664,8597,60137,18009,18076
2020,3,2,64523,68968,54665,27968,11247,2134.84,4013,4154,1352,5029,64034,18246,20394
2020,3,3,13535,59082,81665,70918,33270,2134.84,718,1170,2061,8038,77509,14597,26073
2020,3,4,16114,99389,50687,73779,4338,2134.84,3139,1758,1142,9155,13178,23740,27176
2020,3,5,99550,87193,7895,22254,98574,2134.84,3385,3459,3713,5049,99377,13335,38281
2020,3,6,47475,36084,74506,40888,84122,2134.84,978,1950,4107,6170,90365,38444,18368
2020,3,7,83346,14857,73657,95841,94013,2134.84,932,4913,1542,6038,32166,10616,3187
2020,3,8,48460,55552,33764,12174,76954,2134.84,1860,1568,1160,5444,81666,36049,49493
2020,3,9,1085,3503,86285,85192,76025,2134.84,4988,1452,2857,7298,71561,15022,43002
2020,3,10,66831,23847,28135,73562,84026,2134.84,3864,3836,2204,8979,77361,25509,10302
2020,3,11,94824,19222,66289,80400,51940,2134.84,2800,3023,2808,5436,54567,43832,14307
2020,3,12,78438,44556,19555,86295,24552,2134.84,4516,2733,2665,5310,81294,31690,7468
2020,3,13,9304,76512,80528,41509,21843,2134.84,2017,1666,2110,9658,13417,29049,7889
2020,3,14,13965,96218,98425,98126,81654,2134.84,1957,1590,1030,7863,62736,19234,19344
2020,3,15,1684,67253,78888,49349,16256,2134.84,1039,1126,3044,7918,67066,24887,10182
2020,3,16,52159,50437,7906,45621,16447,2134.84,1021,1762,2539,9446,44887,15544,21323
2020,3,17,75142,86846,91987,5393,81061,2134.84,1545,2743,3327,5432,32092,18358,4723
2020,3,18,31967,29484,96493,85011,23754,2134.84,1249,1832,1418,8318,21532,13145,13560
2020,3,19,21829,12554,9908,39368,18352,2134.84,1263,3493,2992,6508,15237,39052,4796
2020,3,20,34325,8135,38149,89004,63568,2134.84,3585,1885,1075,6429,96895,12370,36593
2020,3,21,36341,89498,32092,66688,90004,2134.84,4832,1832,2529,6092,67551,17232,3624
2020,3,22,10888,38816,10726,68880,18417,2134.84,4283,2740,1826,9754,58095,30368,42315
2020,3,23,65376,18033,42254,97803,74463,2134.84,3982,1614,4997,6074,77490,35001,5501
2020,3,24,56050,23675,46834,54931,79767,2134.84,2163,2005,4551,9240,92236,37968,14385
2020,3,25,41556,16521,57061,8357,95304,2134.84,3724,1368,3188,7886,58481,24002,15157
2020,3,26,36478,12465,34806,97828,14891,2134.84,4180,1888,2321,6013,42222,48440,28648
2020,3,27,26750,14386,71798,12654,13626,2134.84,621,1510,1906,8076,63536,42209,14035
2020,3,28,5542,18613,69241,55083,99590,2134.84,4084,2419,1538,7788,66598,21428,27723
2020,3,29,42537,15779,58720,11211,28144,2134.84,1002,1244,1678,8312,83897,45304,1894
2020,3,30,28186,871,16837,25092,74905,2134.84,3653,1797,1378,5796,51879,31279,46726
2020,3,31,30616,47317,51,3506,61206,2134.84,1285,1654,3778,7670,47656,26921,16649
2020,4,1,40011,98166,15330,4162,98416,2243.27,2347,4285,3821,7590,90541,40546,10634
2020,4,2,7444,87340,22237,10338,39219,2243.27,2304,1534,1269,6550,64092,11698,19868
2020,4,3,52096,539,68048,18453,48195,2243.27,2103,3204,4485,7432,17444,15810,44969
2020,4,4,94418,41065,23539,4591,31208,2243.27,578,3650,1418,7460,65339,13988,14080
2020,4,5,19945,22645,59876,6214,99807,2243.27,4130,3253,1724,7068,12262,39051,23968
2020,4,6,38498,5162,93608,64335,38946,2243.27,3587,4714,4741,8477,54304,14610,2326
2020,4,7,42557,65794,45952,43976,15871,2243.27,2316,1638,1174,7191,42027,16444,27643
2020,4,8,17512,17510,34699,58369,61039,2243.27,2420,1784,1252,7379,96574,14566,4109
2020,4,9,76057,85162,80633,52151,13639,2243.27,4450,2546,3434,5401,32873,49304,1289
2020,4,10,49397,50190,85120,16035,27382,2243.27,2479,4892,1008,7068,13070,22046,43499
2020,4,11,87638,67033,54287,63259,40765,2243.27,4176,1820,2373,9350,68970,16011,1732
2020,4,12,42449,28422,54910,75883,50175,2243.27,778,4570,2972,6658,15605,15353,37784
2020,4,13,70157,14437,26598,31165,47966,2243.27,4563,1954,3242,7708,15212,16054,29859
2020,4,14,91062,25741,70828,43435,16901,2243.27,797,4348,1854,5718,51583,17449,6150
2020,4,15,68490,93123,67020,22815,19781,2243.27,3167,1288,4764,9006,53805,44081,48977
2020,4,16,77328,23369,46036,90570,63570,2243.27,4576,4630,3339,7050,98064,20239,27600
2020,4,17,4257,23862,95941,5180,20920,2243.27,2628,4409,1997,5999,12223,43129,13876
2020,4,18,71329,16743,99418,17445,64212,2243.27,1526,1538,2942,7561,32108,22863,3223
2020,4,19,51514,93037,27494,54853,41144,2243.27,1444,1626,1550,7482,66930,12198,41910
2020,4,20,67612,55911,92452,24609,11911,2243.27,4089,4590,4120,7022,17034,18332,21027
2020,4,21,3082,28561,59871,12376,2475,2243.27,986,3987,2718,5474,25191,17732,8331
2020,4,22,54643,16636,20614,36765,20372,2243.27,4806,4334,4806,8609,28942,38068,3896
2020,4,23,85988,63032,87659,40109,12891,2243.27,3440,2323,1924,9334,44698,18431,21045
2020,4,24,42994,29938,38771,77064,59023,2243.27,2277,1654,1949,5790,83132,33672,30314
2020,4,25,93138,39292,38008,69296,87901,2243.27,2363,3888,2685,5522,30348,41927,33302
2020,4,26,98771,5141,24251,64728,39803,2243.27,4510,4147,1974,8280,76211,24260,18949
2020,4,27,68594,28489,20629,81895,17731,2243.27,1919,1744,3051,6278,96515,30952,3761
2020,4,28,69580,53879,21193,48617,31605,2243.27,543,1526,3032,9596,11453,12834,17893
2020,4,29,50095,60964,28335,81685,65596,2243.27,2296,1090,3033,5858,48787,17115,4546
2020,4,30,96685,80707,94335,39737,66985,2243.27,2040,2915,4728,9178,12326,42684,40850
2020,5,1,42076,23059,81861,23222,34512,2983.1,4667,1826,4380,5434,77421,43925,11047
2020,5,2,43648,27962,93311,52924,93101,2983.1,4607,3806,4760,5695,40790,11961,10426
2020,5,3,9088,93707,6690,50024,11591,2983.1,3851,3665,1150,5758,76886,39646,15726
2020,5,4,68111,82906,17825,7491,54257,2983.1,1416,4255,4559,8694,67178,32659,45246
2020,5,5,37857,33139,22819,8969,55186,2983.1,929,1260,1782,7619,47000,12934,29961
2020,5,6,9697,5853,55275,64833,62916,2983.1,4478,1025,1418,8655,38516,16278,48513
2020,5,7,253,6285,32635,39812,83715,2983.1,3823,1570,4302,7993,30538,20840,49813
2020,5,8,7954,1469,1466,97973,95440,2983.1,4580,1150,1348,9718,69967,49937,48466
2020,5,9,19720,40799,97315,67490,29454,2983.1,867,4705,4818,8501,85869,17076,2183
2020,5,10,34667,91045,80104,83969,19038,2983.1,1160,1990,3462,5260,24962,23901,10643
2020,5,11,87444,40896,29037,74465,12102,2983.1,753,3172,1154,8068,32013,35607,49005
2020,5,12,90251,17882,31665,65070,52735,2983.1,3602,2400,4929,8566,87721,10318,33886
2020,5,13,30700,8882,87310,59162,47860,2983.1,4414,1654,1750,8451,26118,47972,28624
2020,5,14,43808,66873,62497,16314,21293,2983.1,1920,1542,3743,9936,92963,31477,44511
2020,5,15,83823,32918,68879,8752,52976,2983.1,4070,1142,1832,5472,75540,46043,22952
2020,5,16,17707,74955,97698,3578,19758,2983.1,2901,4916,3392,6502,96229,44684,40169
2020,5,17,91260,14502,72579,20003,64439,2983.1,2832,3260,4811,6134,73363,34138,31895
2020,5,18,76014,58786,84166,74198,47869,2983.1,994,1160,1011,8590,85504,37121,26058
2020,5,19,90811,3406,67038,14203,155,2983.1,982,1414,4120,7817,27768,24910,29620
2020,5,20,29712,45601,39523,60875,48663,2983.1,726,1027,3023,5530,15225,18022,12887
2020,5,21,21588,51819,17820,88951,2461,2983.1,1071,3271,3080,9461,14956,23234,19676
2020,5,22,39081,82713,31001,49553,46882,2983.1,4463,2944,4369,7980,53818,19384,8770
2020,5,23,93224,15184,10412,97600,60714,2983.1,4843,2300,3806,8038,71251,46267,41989
2020,5,24,3690,63675,89539,43122,39488,2983.1,2707,3567,1075,7426,44472,18626,13364
2020,5,25,72478,85288,52253,93199,49273,2983.1,2582,3848,1254,5998,72799,48320,6072
2020,5,26,14983,38995,80621,25142,23009,2983.1,2760,3049,3250,7298,86170,37737,18224
2020,5,27,57014,68878,82658,69442,98938,2983.1,3749,1414,2416,8086,64613,28040,27130
2020,5,28,3426,43548,53241,41032,32894,2983.1,4351,4228,1385,9972,89369,20745,26040
2020,5,29,4548,27130,63795,52798,70780,2983.1,535,2792,1546,6394,13585,15766,16317
2020,5,30,66674,42336,38251,79090,39690,2983.1,3481,4466,2762,6722,16214,45656,19216
2020,5,31,69114,39850,76237,50500,76174,2983.1,1244,1450,4086,5594,49870,29865,15606
2020,6,1,6758,24010,85606,46302,37596,2361.93,2974,1282,1392,8415,52323,19822,36090
2020,6,2,98249,11790,89021,24971,12287,2361.93,882,2135,2264,7287,28308,42869,1029
2020,6,3,48532,25382,51956,16275,91604,2361.93,3982,3360,2182,5939,61013,26129,48173
2020,6,4,72029,73988,22412,79072,98755,2361.93,3977,2002,1523,7998,38325,15161,24735
2020,6,5,79027,48762,67298,56292,26049,2361.93,512,1872,3690,7468,14422,45293,11958
2020,6,6,31993,57541,60006,4175,93480,2361.93,616,1860,1357,9066,60931,10111,21019
2020,6,7,60153,66262,23467,63028,44260,2361.93,3189,4637,1904,7382,12280,19304,11792
2020,6,8,73796,27794,76588,43839,11614,2361.93,976,3605,2685,5489,64132,17517,33794
2020,6,9,86508,10788,65730,14218,96207,2361.93,680,1358,1260,8302,19386,19884,43013
2020,6,10,42290,97576,25875,85546,75766,2361.93,4849,1834,2299,5778,19510,10264,4507
2020,6,11,31583,15235,70223,5621,97076,2361.93,4489,4934,1493,5218,14151,15408,34355
2020,6,12,14583,54833,14059,40209,35331,2361.93,1444,3972,3723,9302,79517,39488,49797
2020,6,13,6826,50720,5401,5477,82157,2361.93,2093,1590,1737,9290,35710,10164,31504
2020,6,14,53022,25200,60099,14515,96770,2361.93,2214,1352,1766,5258,51560,30764,24251
2020,6,15,52421,94357,74737,32496,63028,2361.93,1983,4852,4973,7480,91680,13954,4255
2020,6,16,25239,23774,49924,88328,42441,2361.93,3491,1874,2185,8590,26328,40307,35635
2020,6,17,82841,14895,51660,28275,17519,2361.93,790,1290,3927,8758,18785,26954,19572
2020,6,18,70734,7121,63159,92059,856,2361.93,1891,2446,1316,7286,30773,15058,21192
2020,6,19,63801,79266,65571,7339,4208,2361.93,2645,3399,1792,9304,48025,40662,41899
2020,6,20,35228,73416,43305,65507,89895,2361.93,3813,1979,1913,7914,85389,19121,28442
2020,6,21,9515,97281,61568,20832,75448,2361.93,940,1208,2957,6510,62937,42164,42341
2020,6,22,64762,26935,11916,87906,42591,2361.93,3568,2817,3356,8224,43324,39602,9941
2020,6,23,83019,18490,16583,84932,56813,2361.93,4052,1327,1956,5619,14070,23755,18324
2020,6,24,74313,94451,79355,78622,50961,2361.93,2138,1452,1166,9053,14538,28169,8645
2020,6,25,58995,48548,5987,8703,53124,2361.93,4656,1141,1016,7590,37425,14642,15663
2020,6,26,15915,57830,23644,47871,39802,2361.93,1625,4113,1603,7331,18182,38915,27154
2020,6,27,25976,96225,20990,11555,95279,2361.93,1075,1258,1744,8413,95678,17990,40969
2020,6,28,44077,60335,11485,60932,57926,2361.93,3247,3839,3090,7590,38061,29243,15262
2020,6,29,85396,9687,9709,23351,77018,2361.93,2266,4345,1846,9607,30899,26649,18796
2020,6,30,90576,3327,13626,12795,81740,2361.93,3136,1640,4638,9620,12426,27563,9304
2020,7,1,21347,17755,20677,63238,55816,2620.42,4984,1853,1970,8335,75222,44775,49920
2020,7,2,602,94568,76147,50209,41819,2620.42,2135,1222,2773,9929,26884,42077,19149
2020,7,3,58066,69052,11716,74039,72151,2620.42,1623,3497,3384,9226,73086,29199,5631
2020,7,4,8572,38071,11053,34552,26406,2620.42,678,3358,2194,8176,19846,39012,36275
2020,7,5,7325,67054,84158,40099,53335,2620.42,3527,2752,1444,8054,14390,18595,27394
2020,7,6,82225,89766,78445,55609,82066,2620.42,1159,1988,1914,8874,57891,32358,1531
2020,7,7,14838,53570,75717,12032,41746,2620.42,1044,1718,4040,6242,11050,22375,35636
2020,7,8,78947,20400,50128,91743,30642,2620.42,1689,4217,3034,5133,84825,12912,18270
2020,7,9,6664,85985,79792,12617,14548,2620.42,1326,4384,2603,7042,57768,15701,37683
2020,7,10,39030,25165,47476,8071,93070,2620.42,1797,2015,4746,6924,80109,20387,2996
2020,7,11,81546,56800,49605,55932,11933,2620.42,2383,4948,3117,8526,63916,17664,1574
2020,7,12,46210,25243,13401,70165,78637,2620.42,2217,4018,2684,9692,42088,11516,37521
2020,7,13,69040,5238,94121,58786,2162,2620.42,524,1078,2381,5950,55989,18636,24231
2020,7,14,12262,84725,10614,65379,93252,2620.42,4394,4460,1123,5600,25976,11112,24530
2020,7,15,66668,78195,45131,79353,77887,2620.42,1457,3278,3807,7750,22063,27320,3571
2020,7,16,2513,17589,27379,49894,79069,2620.42,558,2682,4444,6172,89412,27695,49720
2020,7,17,27054,38808,33508,43178,17955,2620.42,4289,4621,4029,5771,80325,31916,9484
2020,7,18,19342,98136,11547,44501,10066,2620.42,1820,2577,2549,5550,78822,46618,33610
2020,7,19,15270,4381,70653,16066,56905,2620.42,3760,3958,1854,7267,27135,49529,10065
2020,7,20,3104,97777,34152,57133,13548,2620.42,810,4240,3963,6946,93740,39028,30829
2020,7,21,66909,81913,67958,34458,13815,2620.42,2427,1770,2512,8079,61501,24416,46780
2020,7,22,44497,71614,8375,76072,98882,2620.42,601,3336,4637,6104,75468,29536,1862
2020,7,23,6933,97222,28777,35897,30520,2620.42,1276,2427,1570,5586,31885,15286,38869
2020,7,24,38718,29313,96383,6230,13745,2620.42,1998,4592,4496,5372,50663,44729,7884
2020,7,25,7235,76265,79418,73224,52369,2620.42,2760,1316,3459,7888,27901,48978,4887
2020,7,26,36758,19178,96407,73890,94764,2620.42,1188,3481,1258,7570,56062,16234,44644
2020,7,27,11806,3061,78644,57654,74786,2620.42,2383,3371,1923,7230,71594,24292,29308
2020,7,28,53039,40707,49946,37850,54948,2620.42,1828,3056,3375,9586,81945,24491,27847
2020,7,29,94230,23134,74325,84537,77056,2620.42,4940,3860,3447,7176,46514,24584,30387
2020,7,30,29243,65250,22956,51167,63402,2620.42,1810,1440,1608,8107,70641,13120,10902
2020,7,31,2306,7470,14612,15681,73408,2620.42,1523,2636,2394,6846,68525,29449,12909
2020,8,1,73466,34663,11034,73401,97529,1975.29,2643,2777,3572,5462,26178,35825,35618
2020,8,2,11972,58971,37434,20079,29613,1975.29,3735,3433,4951,8840,26841,16878,10341
2020,8,3,10940,94478,72959,58139,79355,1975.29,4372,2819,3421,6757,42572,15334,18760
2020,8,4,82375,45216,13727,57299,31729,1975.29,3124,3699,1886,6909,80129,11191,6258
2020,8,5,57251,18865,14626,48554,89632,1975.29,4117,1922,2295,8330,75061,31650,41467
2020,8,6,60836,10786,822,14257,57544,1975.29,1558,1269,4960,6574,29920,12190,43394
2020,8,7,67894,73045,96740,99474,86306,1975.29,664,3555,3436,6594,16932,34420,43221
2020,8,8,33108,77579,67695,1756,36007,1975.29,4757,1841,4893,6930,27449,43788,9108
2020,8,9,26677,25360,16410,47989,36997,1975.29,1029,1241,1460,7768,37066,22031,46330
2020,8,10,7342,97732,81939,52130,5725,1975.29,1549,1542,4330,9686,56939,36688,40400
2020,8,11,29704,6697,33530,15949,89979,1975.29,4736,1654,2690,6146,64643,12086,27331
2020,8,12,22476,65673,77280,58202,79793,1975.29,1584,3485,3429,8522,55615,34153,14347
2020,8,13,85275,42165,89338,85957,12761,1975.29,2644,3816,1362,6173,74764,25655,12629
2020,8,14,49856,50854,92310,68898,27000,1975.29,4935,1662,3976,8567,40379,35121,23305
2020,8,15,49266,53316,38607,77695,31839,1975.29,3199,2112,2738,7788,19420,31850,44222
2020,8,16,96518,42065,40667,82195,14590,1975.29,4201,4444,2636,6510,33342,19280,15432
2020,8,17,39816,74630,91814,95144,93197,1975.29,538,2461,1860,8871,36507,15350,48546
2020,8,18,79445,64708,67163,32183,14949,1975.29,4033,1465,4998,8478,10011,19184,2935
2020,8,19,2835,84213,40385,85471,67076,1975.29,1457,3242,4707,6552,18385,24256,40079
2020,8,20,68169,65003,33070,70029,33874,1975.29,702,3317,1282,7196,61852,15584,19578
2020,8,21,22881,75886,77050,67879,46937,1975.29,2466,1123,2625,8414,51593,18830,3414
2020,8,22,74281,63052,77943,55340,82675,1975.29,4595,1694,2682,5340,37222,27907,12681
2020,8,23,32243,73654,57577,82879,93600,1975.29,4814,1479,1665,7482,84357,24954,19429
2020,8,24,45277,28176,41078,49255,12378,1975.29,622,1657,1452,8249,41997,38395,42671
2020,8,25,27282,87945,89238,4964,50610,1975.29,4222,4203,1465,6798,98433,10064,42813
2020,8,26,26228,63248,26544,37893,21464,1975.29,2846,1739,1742,7856,32345,34158,27254
2020,8,27,46595,52653,70816,18668,67254,1975.29,2063,4534,3461,5314,15849,13814,29165
2020,8,28,5465,65072,99627,38283,88222,1975.29,3346,4448,2659,10006,68693,49122,48060
2020,8,29,18496,81540,65862,73924,51816,1975.29,3081,4761,2211,5249,49780,34464,48208
2020,8,30,90766,6844,28999,40579,85849,1975.29,1001,2664,1270,5086,45946,14491,11200
2020,8,31,55039,10646,45293,32698,1888,1975.29,1819,1734,1876,8076,27009,30043,13986
2020,9,1,1444,11157,95804,63045,60938,1906.47,674,4132,1244,5990,69980,36816,30268
2020,9,2,51742,93998,79439,8721,56296,1906.47,3758,1940,1156,5626,85179,35910,10282
2020,9,3,60980,21914,14140,75013,65276,1906.47,4956,1718,1386,5759,29762,16276,44183
2020,9,4,62379,99924,50409,54348,10664,1906.47,2515,3756,1486,6953,87476,13570,36742
2020,9,5,97236,67588,70327,69161,96748,1906.47,1423,2726,1054,5562,49091,25398,21858
2020,9,6,79745,69048,42117,1436,1160,1906.47,4063,3537,3153,8954,34237,15169,38231
2020,9,7,87566,41753,10278,34656,28707,1906.47,3040,2293,1693,9446,27805,44792,14107
2020,9,8,96577,99229,52519,6700,84791,1906.47,3449,1784,1324,9190,82322,21816,1610
2020,9,9,28796,82739,51706,33301,17211,1906.47,4821,4775,4047,5099,39430,22753,35943
2020,9,10,89206,93823,31399,87251,18542,1906.47,2042,1006,4784,7366,38168,25926,25556
2020,9,11,68875,36618,73166,39532,93535,1906.47,2699,3681,4578,5756,71981,38140,21841
2020,9,12,98052,53156,92916,42099,28255,1906.47,1203,3811,3871,8953,37413,27412,48698
2020,9,13,54509,35808,92530,45645,86720,1906.47,2923,1196,3666,8774,11476,27200,47050
2020,9,14,82929,55528,15882,37507,67637,1906.47,1998,1384,2370,5090,15580,15878,4216
2020,9,15,16315,55341,52140,75187,34294,1906.47,2598,1294,1466,5950,50798,28430,39553
2020,9,16,8530,88722,377,92197,99810,1906.47,748,4090,3732,7982,52948,11014,11853
2020,9,17,22198,94948,17056,95920,46213,1906.47,2895,2527,2884,6386,37713,47177,41193
2020,9,18,55939,6664,52331,97650,68144,1906.47,1079,1673,3201,6455,85221,24363,19481
2020,9,19,54661,87322,23454,38393,5304,1906.47,1112,3852,2700,6344,39771,33913,26402
2020,9,20,80712,37667,12793,93596,4053,1906.47,2124,1342,2168,5806,73991,41664,1022
2020,9,21,45288,16424,34690,69841,59231,1906.47,4203,3890,3583,7656,68634,28887,19911
2020,9,22,10411,74747,72740,98111,14266,1906.47,3375,4976,2881,9406,19722,13174,28864
2020,9,23,28025,78400,79629,85194,4207,1906.47,1857,1700,1395,7898,35685,11977,19973
2020,9,24,97809,29890,75869,37744,63898,1906.47,1630,4307,1212,5722,88770,49866,44503
2020,9,25,84586,37146,44844,67467,14666,1906.47,752,2689,4518,6733,44234,15076,16119
2020,9,26,36706,87444,30922,39453,65342,1906.47,1429,4501,2847,7308,17245,26745,32959
2020,9,27,54505,228,67405,90106,72302,1906.47,4971,3238,1024,9398,40705,40689,22527
2020,9,28,83638,27810,99731,44508,10895,1906.47,4583,3951,2760,6856,13642,13102,43966
2020,9,29,39815,21186,92604,69015,31187,1906.47,2111,1390,1428,9515,92147,15081,26201
2020,9,30,18395,32120,88321,44419,49638,1906.47,1459,3274,3186,9582,77781,14166,45378
2020,10,1,3717,64385,9268,60573,84141,1984.06,1739,1330,1324,5753,52863,15060,22370
2020,10,2,47865,54907,306,93732,47054,1984.06,3477,1058,1078,5800,45162,15435,15387
2020,10,3,74355,94789,54975,91897,72571,1984.06,3402,1286,4791,5348,53211,15754,5408
2020,10,4,1391,86303,25609,32716,72056,1984.06,1592,1271,4730,6508,46354,46783,28473
2020,10,5,54988,91185,8661,75047,64080,1984.06,972,4786,4962,5455,46682,37532,3823
2020,10,6,50863,16437,30172,70655,79107,1984.06,937,1848,1036,6546,29563,24443,49735
2020,10,7,11371,52508,27067,61101,75757,1984.06,2883,2096,1922,6543,22142,11388,39773
2020,10,8,36718,62624,16175,1681,74432,1984.06,564,1202,1298,8378,12299,41102,29209
2020,10,9,18174,3238,87952,4210,19784,1984.06,886,1153,1374,8422,17220,28482,17515
2020,10,10,28196,66489,25579,25504,49385,1984.06,1891,2453,1696,6140,20485,18182,47721
2020,10,11,98626,76051,42773,94271,94490,1984.06,754,2663,3309,6656,33224,44444,5073
2020,10,12,7191,44582,41950,9917,83004,1984.06,3398,1198,3394,7964,53054,49130,1120
2020,10,13,78050,39946,1585,21098,59364,1984.06,2224,2988,1656,10004,68610,25313,38422
2020,10,14,36422,70336,54329,11083,43659,1984.06,526,2200,2133,7664,77116,31489,37553
2020,10,15,30734,81868,59040,64128,95845,1984.06,3258,1010,2039,9622,11343,27754,12094
2020,10,16,19616,33568,2095,50440,14917,1984.06,2104,1337,2392,6432,78771,16950,20706
2020,10,17,50337,84298,84604,82471,64477,1984.06,3959,1742,4938,9350,75689,11574,28072
2020,10,18,1445,38948,62381,69836,36494,1984.06,2589,2460,3642,6035,22899,19674,23724
2020,10,19,86741,31356,22601,44133,77788,1984.06,1535,3124,2021,9990,26946,16498,1373
2020,10,20,40562,57258,78060,501,46608,1984.06,2634,4403,2695,5014,34238,45540,3749
2020,10,21,25090,48180,18002,48733,64216,1984.06,4995,1920,3608,5200,11440,32747,7253
2020,10,22,43968,89328,27224,45990,51818,1984.06,3839,3730,4130,6898,18470,14190,20522
2020,10,23,60648,98218,71494,69695,49584,1984.06,1587,4673,3911,9588,39757,18126,5733
2020,10,24,23193,59753,85435,11801,2348,1984.06,900,2667,3905,8123,17322,37074,13227
2020,10,25,24998,53848,95805,69128,60746,1984.06,1217,2744,4604,8136,14888,35539,21388
2020,10,26,86148,39027,60213,56411,4967,1984.06,889,3158,1073,5360,56311,44773,16322
2020,10,27,5902,83564,57441,24807,38039,1984.06,3232,3035,1295,8082,48515,13392,32449
2020,10,28,61776,41085,51138,81380,5148,1984.06,3271,2646,1254,6976,64057,13062,24929
2020,10,29,59806,54947,79783,52231,47622,1984.06,3355,4874,2360,6430,11032,40399,2446
2020,10,30,3244,39265,53435,55891,63301,1984.06,4283,1366,4386,6772,22807,30885,18302
2020,10,31,11701,6079,88533,58359,65915,1984.06,4982,2071,2535,6116,10653,21508,2590
2020,11,1,74010,41383,27275,94805,52415,2497.13,4400,1678,2460,6642,71330,11532,17674
2020,11,2,55926,12759,65148,9050,51919,2497.13,2101,2996,4565,5459,40262,14054,46034
2020,11,3,21794,82334,27394,27911,92988,2497.13,2824,1996,1635,6902,78152,18108,48902
2020,11,4,64125,8905,17080,51585,95548,2497.13,2345,2824,2520,10002,76874,19438,4762
2020,11,5,84879,30328,43787,35796,25788,2497.13,4301,3932,2734,6694,91842,42073,34050
2020,11,6,81948,11019,59070,38583,57470,2497.13,3983,1593,2478,7414,73177,16060,3575
2020,11,7,2176,46875,25851,36048,85720,2497.13,1837,1204,4403,7934,12794,41542,19077
2020,11,8,82378,62046,55476,65112,45092,2497.13,2185,2038,4688,5222,81972,32157,47318
2020,11,9,86181,62308,53751,65012,76074,2497.13,3036,4601,1294,5238,30648,25873,43280
2020,11,10,84315,68839,62823,33719,50815,2497.13,530,4543,2612,5950,14654,18122,35568
2020,11,11,44406,88192,52447,19094,37151,2497.13,2602,4682,3078,7704,18802,39152,34420
2020,11,12,97336,27731,83754,87489,9321,2497.13,4713,3635,4591,5082,27353,16757,30754
2020,11,13,44456,68966,16301,8420,66054,2497.13,2475,1862,1006,9922,45903,39000,47308
2020,11,14,20694,29858,28684,33772,67562,2497.13,2923,4896,2458,6676,68736,36779,33377
2020,11,15,53783,64803,80415,53374,23691,2497.13,1483,3145,4436,5576,76564,25489,24120
2020,11,16,91,94041,2300,51942,80315,2497.13,2293,1007,1536,5976,34778,28324,14555
2020,11,17,35706,74055,59573,13164,80731,2497.13,4942,4512,4463,6708,16982,33153,44662
2020,11,18,37180,40722,1299,62969,9857,2497.13,3457,1299,4606,7109,94592,34920,44215
2020,11,19,38016,51886,85928,48780,37863,2497.13,3455,3567,4760,9380,12358,41842,20707
2020,11,20,64042,19378,42708,73505,32438,2497.13,1657,4617,1510,8624,32585,30226,13298
2020,11,21,18522,87395,56526,39481,60856,2497.13,4400,1854,4355,5398,64002,23569,17470
2020,11,22,47387,23810,47137,58499,43190,2497.13,1692,2230,1904,5751,80734,18385,16571
2020,11,23,89049,3744,4355,25771,44403,2497.13,997,2924,1380,8874,18756,17893,36940
2020,11,24,96345,43157,33117,32052,69837,2497.13,620,2222,1864,9108,92072,30469,47119
2020,11,25,35679,58766,87700,21627,869,2497.13,1363,1269,3529,5806,32039,32932,18435
2020,11,26,14009,88037,12209,54694,33264,2497.13,2586,1928,4120,5702,78010,43957,30965
2020,11,27,19173,83631,77532,56453,52739,2497.13,1921,3416,1073,9250,26394,11941,35957
2020,11,28,9407,82758,68211,14289,43475,2497.13,2220,3834,4638,5780,28528,17042,1034
2020,11,29,6745,17467,213,97217,39522,2497.13,2525,1750,3204,5666,31497,30942,28223
2020,11,30,37366,84771,35712,98439,25744,2497.13,768,1501,1215,9894,65789,21041,28458
2020,12,1,29362,94877,66183,5142,39757,1457.81,3237,3574,2000,5454,13095,15223,20437
2020,12,2,99332,88142,9780,50741,35991,1457.81,4457,1532,2785,5800,46504,21242,7075
2020,12,3,79628,14358,48810,24570,80148,1457.81,1113,4508,2431,9210,31002,14186,36204
2020,12,4,89084,59240,27114,26085,1046,1457.81,2659,1538,1054,7438,51117,47044,6562
2020,12,5,24513,55576,34158,33650,74823,1457.81,1244,4449,1371,6405,95370,41518,47014
2020,12,6,72609,81484,17379,86392,50132,1457.81,4930,4214,3972,7044,81650,25017,48381
2020,12,7,23606,39310,25395,84660,6749,1457.81,3055,2612,4791,8565,81262,39613,42865
2020,12,8,45579,2507,10416,56950,88912,1457.81,4819,2872,4973,8550,64263,20104,22138
2020,12,9,63283,4195,25671,87255,87591,1457.81,2272,2547,2982,8046,28558,36082,7322
2020,12,10,46883,26614,33696,11674,75179,1457.81,2639,2109,1406,8822,10410,10870,31310
2020,12,11,16544,91583,33303,36517,90133,1457.81,2972,4766,4464,10000,57021,22054,13919
2020,12,12,88669,85646,65954,51651,39664,1457.81,2733,1546,2476,7780,14571,29007,44512
2020,12,13,19090,82211,66117,69257,76617,1457.81,4686,4512,4460,8692,62380,40944,42879
2020,12,14,88260,85354,60712,22724,66701,1457.81,1129,1502,4729,7082,23370,18794,17733
2020,12,15,21594,77456,45939,75422,65236,1457.81,4428,1362,4072,6896,69932,16398,26863
2020,12,16,79776,10972,77906,64236,1665,1457.81,750,4923,1990,5891,28998,17390,40286
2020,12,17,49976,6480,80411,69705,49914,1457.81,4096,2858,1236,5578,63279,12824,3782
2020,12,18,68250,67709,63501,43674,70957,1457.81,2066,1472,1522,6323,14967,12420,49786
2020,12,19,62962,86500,68696,4952,2391,1457.81,4994,3717,1876,6614,38421,36789,14046
2020,12,20,30538,83870,74648,11775,91609,1457.81,4598,1209,3338,8098,36235,18600,4279
2020,12,21,87884,64654,60027,64992,70978,1457.81,3763,3938,2844,8810,55241,46586,41346
2020,12,22,59208,85236,81656,96084,95641,1457.81,2872,2529,1222,7752,54303,11906,20077
2020,12,23,28151,45254,4469,82841,99705,1457.81,2135,2587,1454,8514,68931,42685,40704
2020,12,24,59860,12695,26624,54057,57858,1457.81,1994,2064,2100,8650,13148,29092,31866
2020,12,25,85079,12373,21623,5377,2597,1457.81,3635,2098,2531,8103,29938,37235,42278
2020,12,26,95159,22075,41175,515,6941,1457.81,3200,3151,4152,6175,37207,13361,26458
2020,12,27,18041,4203,30426,1494,52853,1457.81,1937,2930,1902,9832,59659,24894,43574
2020,12,28,43542,93295,21993,81073,47750,1457.81,4659,2907,1454,8770,59773,47296,1931
2020,12,29,18644,69326,80449,74148,5502,1457.81,2508,4893,4561,7933,41386,23765,34008
2020,12,30,77860,54677,78049,50158,89588,1457.81,966,4480,2353,7043,46904,11454,37708
2020,12,31,15326,81564,54362,5683,90102,1457.81,4330,3744,4812,6130,99243,10636,30487
2021,1,1,86752,45207,21052,21037,2946,1617.35,3895,2621,2865,9052,63560,10572,44818
2021,1,2,90456,13042,24278,37499,59946,1617.35,4176,2861,1444,9726,47962,36930,35732
2021,1,3,10541,73059,36743,26672,72302,1617.35,3161,1646,4966,9174,96440,22911,8408
2021,1,4,75382,11689,96885,98247,77093,1617.35,710,2548,1189,9447,21398,32487,26797
2021,1,5,51531,90575,40349,57975,81785,1617.35,1257,2325,4072,8712,35348,16373,4663
2021,1,6,22760,44862,58130,42726,75426,1617.35,1988,1624,2609,8872,65405,19414,4570
2021,1,7,72021,56929,43603,78211,72728,1617.35,697,4258,1927,7397,98584,14874,15001
2021,1,8,38412,9842,62389,32484,74194,1617.35,862,3304,3949,6684,72381,11782,14089
2021,1,9,44259,54370,17887,26869,49594,1617.35,2922,1613,1571,6524,16175,29299,49644
2021,1,10,27877,76873,69910,16156,10622,1617.35,4867,4032,4687,8607,97867,35232,18494
2021,1,11,62697,13076,98537,37998,86413,1617.35,678,2023,1638,5934,73891,15176,20918
2021,1,12,22607,93166,29197,95530,56042,1617.35,4828,3917,3596,9484,10614,15570,11725
2021,1,13,79584,86293,30955,74271,34900,1617.35,4502,3947,3249,8790,68297,11014,28823
2021,1,14,61660,73374,8038,19650,12689,1617.35,2232,1206,1445,6428,30823,47486,48281
2021,1,15,18153,72005,47756,73102,83094,1617.35,518,2676,1918,5977,53298,13862,14181
2021,1,16,31152,29153,32024,89402,19895,1617.35,1767,1553,3694,9618,19382,36382,1314
2021,1,17,89437,28435,38029,80882,1216,1617.35,4719,1448,2207,8826,25172,13316,35204
2021,1,18,73008,96548,35682,23480,98878,1617.35,842,1206,4484,7168,35781,17546,38981
2021,1,19,73900,2549,35933,63946,93705,1617.35,664,3140,3273,9424,80373,15840,3488
2021,1,20,89912,41445,67913,63471,50272,1617.35,1475,3278,1978,8658,63109,19474,9437
2021,1,21,61138,4666,51242,95622,78245,1617.35,630,2143,1856,9170,16089,15980,37024
2021,1,22,72125,82769,15473,86750,3829,1617.35,2590,1606,3642,8182,89913,20265,12199
2021,1,23,79939,26390,43544,2275,98547,1617.35,2135,1035,2670,8377,71656,11838,23006
2021,1,24,61753,38010,74410,84028,56647,1617.35,534,3770,1952,7358,15519,26151,6851
2021,1,25,44031,34462,36243,97673,21316,1617.35,4290,2606,3896,8380,19880,17442,26156
2021,1,26,17191,43369,43478,61213,1746,1617.35,3478,4849,1704,7888,63876,42493,31487
2021,1,27,81091,80237,87616,3414,12069,1617.35,4564,1098,3948,5806,70122,41615,19487
2021,1,28,8315,20765,9222,77211,14951,1617.35,1005,2140,3822,8974,93353,13848,45455
2021,1,29,52321,76832,86769,38168,51072,1617.35,2012,2162,2232,9264,35575,25652,16997
2021,1,30,20467,81493,48103,74415,47299,1617.35,2381,1964,1394,7955,49175,20291,34578
2021,1,31,53410,26533,2433,58584,47367,1617.35,502,4687,3968,8622,54206,12794,12138
2021,2,1,51220,4907,99204,52199,56834,2544.5,2664,3325,4310,6870,15878,23887,24856
2021,2,2,62165,73941,29229,70120,39468,2544.5,3528,2008,3304,8474,13366,30441,49521
2021,2,3,63966,13054,35762,48940,83612,2544.5,909,1182,3411,7798,19733,20245,8506
2021,2,4,91321,92398,24923,46983,72181,2544.5,869,4344,1688,6449,17882,13326,26899
2021,2,5,65970,44344,22659,626,42807,2544.5,2418,3123,1746,9532,72062,15392,36025
2021,2,6,8038,72972,16576,37802,89437,2544.5,4398,2108,1062,9320,44090,33589,36309
2021,2,7,76220,81312,84286,93411,47761,2544.5,1420,1462,4443,9078,30707,42249,38749
2021,2,8,41455,94479,15373,23236,94011,2544.5,3628,3399,3110,5203,56200,32546,3787
2021,2,9,57864,80599,96007,2921,29920,2544.5,2862,2490,2759,7147,32252,35519,6449
2021,2,10,42249,98673,31954,91692,4104,2544.5,596,1124,3491,5665,68793,17501,12662
2021,2,11,35805,73774,2253,28915,95329,2544.5,2812,3191,1642,7646,72463,13462,8454
2021,2,12,80267,25326,40517,34378,62474,2544.5,1248,4721,2793,8202,12764,41896,22769
2021,2,13,47216,13058,53806,20707,28724,2544.5,4559,1768,2723,6811,19596,16112,22599
2021,2,14,81617,37606,61243,37021,77776,2544.5,3694,4393,1562,9211,17550,16862,1094
2021,2,15,68332,45019,75282,56125,13221,2544.5,4372,1787,1103,8178,97493,46178,38047
2021,2,16,57129,18405,27058,69853,25217,2544.5,2903,1832,1624,5498,60204,18582,36851
2021,2,17,5557,98900,42976,97292,94463,2544.5,1500,4145,3116,6781,35270,42688,18098
2021,2,18,14828,99643,19477,32284,34173,2544.5,3461,1301,1726,5519,61153,43294,33322
2021,2,19,58722,55409,16479,65882,10907,2544.5,815,2814,1934,7592,30106,11022,26684
2021,2,20,78241,97959,81894,91357,24740,2544.5,804,1848,4510,9873,88202,33682,33516
2021,2,21,19547,83016,74984,87625,88535,2544.5,918,3608,2897,7397,29489,35155,2489
2021,2,22,90433,80305,84323,98719,90448,2544.5,1466,3688,2386,6728,76396,13938,14429
2021,2,23,16876,26794,25749,66386,13019,2544.5,1419,2565,3318,5642,20189,18204,30303
2021,2,24,93892,17461,81813,18141,31210,2544.5,4648,1641,2958,7950,20359,14757,27654
2021,2,25,68399,38178,83446,97137,37889,2544.5,1965,4763,2987,9066,37500,16006,26195
2021,2,26,39369,20273,48572,52687,61676,2544.5,2243,1918,2572,9055,12832,33781,35113
2021,2,27,96710,76060,71775,21020,30030,2544.5,2128,4779,1662,5574,28267,34551,8486
2021,2,28,11769,11585,55667,31108,20651,2544.5,2113,1371,4791,8174,45409,15646,9520
2021,3,1,32653,96089,16074,18061,2500,1743.03,1121,4910,2981,8590,41291,12819,16208
2021,3,2,4269,72423,25834,56195,17042,1743.03,4314,3626,2403,5422,65628,41922,10385
2021,3,3,78888,42000,38066,7277,87410,1743.03,777,1413,3323,6414,54473,10823,45884
2021,3,4,19410,85595,72086,73744,54087,1743.03,1562,3355,2151,9610,30901,19193,13378
2021,3,5,89133,31569,47820,71536,63343,1743.03,4809,2229,1799,8462,49505,25560,29800
2021,3,6,80110,86635,11974,38433,39838,1743.03,607,4246,2041,7693,49341,12266,16448
2021,3,7,17423,2256,80836,19574,81004,1743.03,3766,1150,4656,5884,58022,22998,28089
2021,3,8,32738,54184,65229,4537,88410,1743.03,1448,4870,4072,8421,39654,23909,31086
2021,3,9,91221,55263,49508,59615,59308,1743.03,2094,3081,1104,9281,12654,32107,48850
2021,3,10,7370,67774,68595,67027,70711,1743.03,534,4799,2151,6446,40687,15366,42969
2021,3,11,19043,37136,86783,53115,61910,1743.03,3375,3129,3051,5774,29095,23710,26438
2021,3,12,8084,11190,66792,9189,90471,1743.03,2647,2840,3570,5198,81218,10278,45798
2021,3,13,35563,71243,70433,49067,59200,1743.03,978,3241,4607,8236,47707,26516,11121
2021,3,14,80551,91083,95999,94954,317,1743.03,790,3400,1283,8158,17588,43105,25094
2021,3,15,63956,41588,40946,43879,34182,1743.03,4511,1096,4758,5210,35162,18957,22164
2021,3,16,8768,86141,63551,73376,40254,1743.03,4891,2155,3691,8994,48460,19007,27610
2021,3,17,37336,33476,43760,89971,17986,1743.03,3075,1941,4287,8052,25819,19820,27700
2021,3,18,12537,36683,55917,38647,17978,1743.03,3955,3097,4923,7505,16472,11894,7431
2021,3,19,31467,32716,3685,50158,44958,1743.03,517,3644,3324,9276,88614,36309,18497
2021,3,20,6977,21690,18251,42616,12063,1743.03,2435,1912,3455,9418,79597,31433,10422
2021,3,21,92135,3554,90883,2058,7411,1743.03,3586,3877,1421,8622,10782,11094,7355
2021,3,22,57119,7256,23,91795,36533,1743.03,3104,4860,1678,5422,18827,10194,4989
2021,3,23,39481,47615,96044,52936,32319,1743.03,720,1620,1102,6438,59214,19308,41994
2021,3,24,15309,44153,74538,71731,32775,1743.03,4460,1245,3531,5835,98039,12840,29925
2021,3,25,10824,42496,16276,53854,21555,1743.03,3946,2386,4069,9988,30321,31387,1455
2021,3,26,96983,47395,88545,8881,55349,1743.03,4541,1324,1911,9078,42387,41038,47760
2021,3,27,99003,31848,63636,18887,37683,1743.03,612,4858,1874,6338,18711,16866,28027
2021,3,28,43032,27658,35815,42101,49000,1743.03,4840,1972,4881,9482,71214,35230,32488
2021,3,29,58848,15756,72240,67112,34834,1743.03,3149,1574,2825,8136,69074,16860,14627
2021,3,30,66163,44376,81719,3037,52305,1743.03,2816,1688,3087,7270,70140,43438,1750
2021,3,31,12471,76333,55772,58704,71070,1743.03,580,4916,4092,5058,97027,43926,26986
2021,4,1,21529,60467,26329,9665,45893,2116.73,827,1619,1258,5215,58924,41687,43189
2021,4,2,73033,70613,86127,3015,57105,2116.73,978,3437,1374,8790,18054,28673,29565
2021,4,3,50826,50775,37767,99703,64155,2116.73,3204,1374,3510,5884,11699,20754,48045
2021,4,4,65425,3879,77374,6683,99094,2116.73,4722,3477,3261,6854,91492,30366,36298
2021,4,5,46766,23329,30156,98454,30221,2116.73,2126,1046,1770,5006,97100,49589,34662
2021,4,6,79289,76657,51625,4151,82542,2116.73,4904,4317,3553,8630,71000,48998,29676
2021,4,7,21280,52075,87477,44542,19275,2116.73,1259,1039,3648,5686,80844,48869,28969
2021,4,8,22428,57972,46268,24215,5568,2116.73,654,1208,1046,8132,10726,18916,43368
2021,4,9,37808,96616,83235,21361,81598,2116.73,726,2876,2660,7834,63769,41934,20587
2021,4,10,3155,5029,24327,38156,92795,2116.73,2024,1573,4493,9643,55788,35061,5171
2021,4,11,9363,62297,86270,29386,20429,2116.73,4654,3235,1902,8490,95947,10202,7980
2021,4,12,34827,16306,5421,73839,40493,2116.73,772,4998,1150,6450,14505,49716,35542
2021,4,13,61622,1530,31291,57467,67525,2116.73,2527,1886,1462,5148,22624,36154,3431
2021,4,14,69481,87279,60742,6779,51519,2116.73,674,2696,4345,8822,76534,29837,6689
2021,4,15,16636,8659,6189,23558,65110,2116.73,4626,1730,3575,7268,17846,12208,20694
2021,4,16,90699,43077,99339,72777,4577,2116.73,574,1662,1194,6023,97187,27110,21963
2021,4,17,92712,22862,79807,98409,70308,2116.73,4598,3294,1350,6358,43204,46459,22693
2021,4,18,87832,82831,89542,26407,70099,2116.73,3858,2148,4518,8196,49924,20446,40091
2021,4,19,86511,25207,60856,12103,61230,2116.73,564,1198,2255,5370,85052,33914,8043
2021,4,20,74415,29651,87209,55765,80437,2116.73,3576,4620,4594,8117,27378,16044,30413
2021,4,21,14560,76237,93193,64078,40785,2116.73,4524,3646,4674,6954,55748,12255,43117
2021,4,22,86126,61313,32548,83381,63035,2116.73,2294,2448,3602,6902,19140,44039,17601
2021,4,23,17620,28142,45012,47214,52611,2116.73,4610,2170,4978,5614,47599,22114,22390
2021,4,24,32272,82124,65762,33298,10207,2116.73,553,1331,1062,8914,96063,44912,37862
2021,4,25,62053,63358,32362,25656,50565,2116.73,1046,3183,1419,7409,31748,10772,8279
2021,4,26,19799,27711,22552,84777,16866,2116.73,3243,4136,3626,9004,98785,28833,20152
2021,4,27,43218,94339,91517,58744,38792,2116.73,3656,2195,2289,9506,59202,17853,37581
2021,4,28,60648,61601,2389,63419,9010,2116.73,3799,3808,3199,5434,29936,45064,1990
2021,4,29,27855,53180,60553,12833,58536,2116.73,3017,1753,3676,9534,60496,42467,9339
2021,4,30,87115,14153,9664,70756,32874,2116.73,3609,3520,1894,7349,73290,39475,18866
2021,5,1,92091,84636,36039,49794,30925,1865.74,3999,4103,1655,6831,58991,16038,31103
2021,5,2,14850,60745,4670,14384,37593,1865.74,2849,3097,4504,8604,15670,16748,13490
2021,5,3,93566,94492,55188,916,84134,1865.74,910,1223,1310,9214,42368,26574,11016
2021,5,4,58599,36368,27031,50254,43200,1865.74,2598,3048,3117,8619,88783,11494,36022
2021,5,5,52109,6633,68807,91613,11589,1865.74,1334,1302,1250,6114,22421,31105,19778
2021,5,6,98889,97527,57330,94540,8671,1865.74,2465,2268,2417,6846,33873,45616,49698
2021,5,7,83221,51472,70017,46338,90091,1865.74,3399,3551,1783,8850,66515,43371,25152
2021,5,8,18335,82850,14878,15307,70724,1865.74,1412,4611,1177,6582,80502,26199,37299
2021,5,9,86143,34321,59820,38560,15168,1865.74,527,4740,1515,6895,61077,17957,43693
2021,5,10,12047,24477,42861,93830,73035,1865.74,3553,2720,3577,9574,39379,29300,9377
2021,5,11,88434,35792,65265,39611,22237,1865.74,2161,3378,1438,7950,63290,27958,45767
2021,5,12,2025,13818,42699,63540,67066,1865.74,2848,4111,1922,5742,89293,11254,20128
2021,5,13,16438,92847,58063,25015,43981,1865.74,4315,3765,4584,5931,88375,38172,13794
2021,5,14,48050,36889,12904,44489,28869,1865.74,3798,1794,1362,6014,10783,23427,26194
2021,5,15,67976,58633,52540,28932,65694,1865.74,4273,2130,1030,7386,14298,11362,41833
2021,5,16,67482,27812,60129,33419,13743,1865.74,2942,3144,1744,6830,22632,30612,14856
2021,5,17,27039,11431,77858,49754,59279,1865.74,4532,2253,4976,8314,72537,45669,4993
2021,5,18,50256,68163,44152,17638,38203,1865.74,4000,1378,1866,5480,55454,25554,1297
2021,5,19,70336,93397,3699,72080,44243,1865.74,4044,2632,1886,6516,53737,29742,42683
2021,5,20,18246,93271,73348,98223,1694,1865.74,3891,3301,4047,8043,18390,18062,45885
2021,5,21,55692,31291,74286,67503,53123,1865.74,4408,3458,4488,6222,11889,11766,46092
2021,5,22,72141,47286,4067,42605,60539,1865.74,2346,3784,2426,8214,77006,35471,24157
2021,5,23,7931,37250,53773,38330,41645,1865.74,1931,3687,3705,7568,97542,13666,6064
2021,5,24,43661,6951,96639,99501,36410,1865.74,934,3549,1636,5110,51154,32703,8528
2021,5,25,94157,39853,11488,77935,18251,1865.74,3406,1181,2095,7070,80862,12918,4846
2021,5,26,5946,4146,13780,9652,1715,1865.74,2831,1726,3271,5821,61226,21032,11322
2021,5,27,20701,77161,79583,92866,13513,1865.74,569,4021,3292,7056,15710,21543,47089
2021,5,28,58255,81714,64077,350,15245,1865.74,890,1189,1774,9286,47192,17150,44939
2021,5,29,58245,46376,45229,92869,42197,1865.74,3900,4249,1318,6974,72114,29830,22807
2021,5,30,6923,97684,70204,10216,51093,1865.74,3110,4346,3872,8774,19400,35468,22160
2021,5,31,73477,26488,23011,38913,73412,1865.74,2414,1655,2930,7642,24523,41478,20203
2021,6,1,88425,70728,23119,48259,42843,1815.67,1533,1060,4504,7022,15948,11663,19302
2021,6,2,46211,17316,81889,58397,43363,1815.67,1872,1202,1718,7137,59613,43273,33709
2021,6,3,9552,7621,42556,93547,32145,1815.67,702,1920,4761,6940,12310,47603,34034
2021,6,4,9119,73064,4481,48623,71164,1815.67,1638,2373,1117,9766,75769,39480,12451
2021,6,5,58587,23995,75683,81658,11132,1815.67,4930,2034,4267,7485,46932,41411,1648
2021,6,6,67871,47280,44684,72632,87097,1815.67,1586,1214,1268,7419,61188,13596,46215
2021,6,7,86222,37827,24167,32339,12705,1815.67,1818,1291,1634,7714,69300,34117,16289
2021,6,8,65500,44231,21152,24768,78068,1815.67,2530,2289,1715,7214,34921,35163,18085
2021,6,9,39781,87860,47730,75410,45279,1815.67,2202,1499,1744,5452,80190,18906,8918
2021,6,10,39010,18361,47092,11996,32214,1815.67,1112,4064,1973,7263,38831,21392,16392
2021,6,11,1700,87715,33683,49767,81281,1815.67,1281,1060,4166,9010,12821,34445,34956
2021,6,12,57929,11377,82297,21025,34098,1815.67,954,4458,2199,7842,11694,45764,28839
2021,6,13,76660,97566,59829,69986,31181,1815.67,2729,4232,2726,7763,98998,34006,15013
2021,6,14,9071,281,21419,98238,65643,1815.67,4034,3570,1240,7682,44594,46064,34240
2021,6,15,26522,41420,85523,23721,1688,1815.67,4484,3346,1794,5664,64683,48425,3328
2021,6,16,60677,22414,97658,63403,46529,1815.67,3760,1208,4639,5178,53836,45282,13008
2021,6,17,35771,2871,35205,97738,50553,1815.67,3802,3425,2570,5676,17145,39257,29800
2021,6,18,99005,2982,33956,16249,64999,1815.67,4673,1358,3756,8682,10868,18806,14992
2021,6,19,91691,69190,72236,21330,70721,1815.67,1611,2842,1202,7294,20579,12198,26072
2021,6,20,47968,30734,21976,1890,26411,1815.67,1146,1766,3454,5842,58014,39804,5474
2021,6,21,6445,39041,65480,60201,17723,1815.67,1837,1538,1449,9072,63446,43521,20909
2021,6,22,75145,80058,66364,36790,48226,1815.67,688,2544,4028,7315,14433,26790,3296
2021,6,23,42789,71932,18557,17595,63386,1815.67,2399,4829,3315,9230,46382,32389,42924
2021,6,24,26491,23220,8155,82940,72292,1815.67,2813,3787,3009,5528,18774,32587,21601
2021,6,25,28824,82269,61484,79205,85936,1815.67,994,3723,2848,7294,62670,27585,25918
2021,6,26,83827,36422,97416,48494,75652,1815.67,882,2141,3368,5388,11526,11328,10150
2021,6,27,43341,44246,19448,27703,69775,1815.67,588,4949,4996,7118,94153,20932,36377
2021,6,28,14042,66501,66008,78243,57404,1815.67,827,2581,1450,9594,12158,14212,45030
2021,6,29,79744,53309,75595,79464,8698,1815.67,522,2037,1272,7446,79739,14806,27028
2021,6,30,23651,56381,22349,58647,94506,1815.67,930,3546,3001,8290,86788,13522,16502
2021,7,1,8969,14338,4771,28563,36764,1504.77,4658,1302,3818,8252,98769,30845,28224
2021,7,2,55597,67159,68470,42871,63251,1504.77,1520,4630,3216,6106,14135,31069,25869
2021,7,3,53802,39035,30424,32092,42175,1504.77,832,1142,2869,6102,96057,18558,37180
2021,7,4,54757,37068,44705,8575,57541,1504.77,771,3137,1984,8492,56007,13182,9826
2021,7,5,16462,38881,26217,31030,80400,1504.77,2098,4200,1486,8873,66292,37912,6705
2021,7,6,12406,38056,5408,30275,98237,1504.77,4906,2992,4883,5963,77919,12423,17817
2021,7,7,22141,33691,41913,65477,74284,1504.77,2062,1498,1800,8279,21773,33551,47921
2021,7,8,54984,225,84104,67074,9098,1504.77,1337,1502,3450,6744,68128,12182,1614
2021,7,9,60913,69388,72384,32148,15351,1504.77,923,2490,1406,5680,11898,40980,16655
2021,7,10,17108,75030,81725,70260,89661,1504.77,3810,2000,1334,7914,28068,29171,19851
2021,7,11,54662,49407,67027,59465,92503,1504.77,2502,4767,4541,9966,15382,36243,35155
2021,7,12,17892,62838,90087,34589,65674,1504.77,568,4132,1582,7298,69392,40447,9406
2021,7,13,43495,73203,51443,63569,77469,1504.77,4092,2130,1621,9910,91594,16522,45864
2021,7,14,43977,70449,23891,48519,38039,1504.77,1113,2281,4994,9662,23221,37019,42158
2021,7,15,605,65142,86153,1392,88787,1504.77,3190,3632,1450,5984,28553,38919,21897
2021,7,16,71848,37646,87402,33469,46468,1504.77,3944,1802,2147,8382,55313,20185,45348
2021,7,17,86344,56428,8820,7691,63979,1504.77,4709,4583,2182,7213,82326,18630,32041
2021,7,18,69110,90517,50953,46913,66501,1504.77,831,4700,3502,9584,88168,46321,29506
2021,7,19,84932,92113,86766,67079,36300,1504.77,3616,3994,4857,9770,46684,28836,42079
2021,7,20,60828,57747,59772,74362,54960,1504.77,1681,1714,3965,7982,87333,31817,42098
2021,7,21,23492,89517,86518,73347,79101,1504.77,4667,4031,4502,5578,47461,17294,41039
2021,7,22,31216,67430,91149,46073,96217,1504.77,1260,2044,1166,8318,31405,16890,37833
2021,7,23,59481,24440,23664,24798,68426,1504.77,1615,3268,1864,9484,81614,12316,27349
2021,7,24,66875,67635,92700,66378,56771,1504.77,3530,2985,3942,6030,50410,20158,40161
2021,7,25,80216,91671,77203,75794,9055,1504.77,4035,3534,4399,5406,93332,17824,24961
2021,7,26,10047,66300,26093,43263,42136,1504.77,578,1478,3045,8277,91739,14815,24060
2021,7,27,4791,26622,69154,28733,52653,1504.77,3890,4219,3937,9810,25012,11994,35916
2021,7,28,67406,401,37879,16805,99451,1504.77,980,1708,1774,7072,69111,22348,47563
2021,7,29,17484,41043,14063,25529,5672,1504.77,1696,1874,3775,8834,39193,17779,5802
2021,7,30,28117,4437,66999,88406,46882,1504.77,1397,1286,3762,5627,47442,24565,8363
2021,7,31,59542,98423,50415,89755,91847,1504.77,3454,4330,1919,5044,51210,32591,35878
2021,8,1,74259,9405,63446,66460,64951,1893.87,927,4386,4574,9333,32619,39289,47577
2021,8,2,57083,63258,14404,52710,27052,1893.87,2250,1825,4382,8356,50023,25260,38969
2021,8,3,96811,75706,18532,5680,26917,1893.87,710,1174,1879,5014,83986,41829,17475
2021,8,4,97725,94914,77568,78651,94247,1893.87,2939,2680,4795,9402,36741,33198,26539
2021,8,5,21312,65344,91376,27047,83700,1893.87,3658,1862,3456,7189,10194,10372,41399
2021,8,6,4665,22892,77899,47896,23040,1893.87,4724,2115,3150,7296,15765,33748,28237
2021,8,7,60182,58,67782,66329,98753,1893.87,4526,1415,4866,7253,63461,19917,4523
2021,8,8,65004,48472,66780,98460,35662,1893.87,762,1677,3564,9434,20924,47955,19322
2021,8,9,47671,77001,1423,37173,10644,1893.87,2273,1658,3597,5054,53504,32349,17189
2021,8,10,25929,69383,68765,12147,76636,1893.87,2064,1638,2049,5195,40098,49062,48579
2021,8,11,50869,31634,22092,59434,1068,1893.87,3740,3738,1590,5163,18166,30658,43016
2021,8,12,58704,39536,17835,92301,60942,1893.87,4649,1870,2072,9765,15368,33707,21339
2021,8,13,58344,97433,91699,55394,62629,1893.87,807,3496,4781,5808,89281,30849,31797
2021,8,14,85915,13023,45940,5931,54538,1893.87,2940,3240,4089,7127,11090,15030,48202
2021,8,15,58466,46542,68253,15539,56307,1893.87,597,1002,2405,7295,11018,10033,33622
2021,8,16,5444,23555,89883,85226,66454,1893.87,1074,2368,3537,8365,74650,13074,29164
2021,8,17,76567,43943,92667,80656,31070,1893.87,2038,1784,1099,6642,37777,33758,48207
2021,8,18,46616,3375,64761,44022,77023,1893.87,822,2465,2413,9526,84042,23867,17508
2021,8,19,5805,66469,42588,30694,94834,1893.87,510,1400,2531,5582,68407,17212,33590
2021,8,20,17346,46798,14489,78445,93441,1893.87,3554,1030,1991,6638,84076,49013,2266
2021,8,21,77174,4484,31480,84588,31124,1893.87,4806,1927,3342,7500,83973,43175,31874
2021,8,22,67335,94094,80928,44866,96880,1893.87,4818,1162,1132,8622,25373,11858,49336
2021,8,23,52924,53928,45981,24916,63595,1893.87,570,1544,1792,8111,41706,48367,46409
2021,8,24,69986,32865,51647,68328,66610,1893.87,1502,3943,4712,8782,95161,42944,35620
2021,8,25,8118,64980,89873,20602,65639,1893.87,1526,4913,1060,5022,59828,49119,15246
2021,8,26,18915,50110,6239,86159,88221,1893.87,4525,4557,2161,6171,42884,30123,14298
2021,8,27,88144,20740,14067,17856,79522,1893.87,2151,3990,1911,7024,24591,38901,25580
2021,8,28,98622,67470,23815,84147,56328,1893.87,4617,1594,1814,5856,77752,18734,49996
2021,8,29,36506,78630,29235,33667,31153,1893.87,3789,4295,1132,8426,53503,10174,38471
2021,8,30,86140,47007,9073,93051,30383,1893.87,3303,4004,2485,8502,29502,23813,1718
2021,8,31,22114,79121,65408,88570,51329,1893.87,4597,2833,4492,8831,37851,35644,9512
2021,9,1,67994,21293,19216,28554,91148,3121.8,4692,4505,1074,8200,84888,16090,40651
2021,9,2,22399,30245,49929,44517,76099,3121.8,2981,1814,1010,6230,22898,31363,40094
2021,9,3,31149,27084,35856,36332,81288,3121.8,4985,4280,1000,5553,77833,32994,37852
2021,9,4,6204,8878,37501,72278,32973,3121.8,4720,1723,3984,9306,32591,45082,22389
2021,9,5,94742,15574,16654,16594,87124,3121.8,4308,4623,2987,5526,70955,14274,39552
2021,9,6,4367,17293,29907,79863,99198,3121.8,2856,1630,4320,6708,94030,48645,24092
2021,9,7,39097,98751,70369,8081,53399,3121.8,4515,4491,4884,6168,97436,38360,2960
2021,9,8,25720,11745,72984,25059,61908,3121.8,684,2625,3935,5590,78839,43132,10291
2021,9,9,76034,58049,14886,25355,74757,3121.8,3999,1710,4017,5822,54637,43767,8916
2021,9,10,30031,24153,58259,64916,10321,3121.8,3275,1040,3790,5230,77450,45697,5695
2021,9,11,52902,83136,44675,46837,35078,3121.8,1320,1111,1562,7557,52817,12646,23515
2021,9,12,96473,93169,86524,36842,3888,3121.8,608,3917,1665,5218,15184,41986,7514
2021,9,13,77265,34812,44379,61055,27423,3121.8,3103,1322,4963,7778,43511,12796,21829
2021,9,14,91293,16184,67505,89207,3742,3121.8,1876,1565,4841,9514,53407,33728,36674
2021,9,15,22266,84016,83998,3931,5587,3121.8,916,2850,3993,9718,43905,27767,49183
2021,9,16,62124,67009,58091,83439,34787,3121.8,4831,2430,4137,7384,47988,16950,17954
2021,9,17,60361,9866,70796,90202,74618,3121.8,572,1882,4570,8568,13142,46508,40555
2021,9,18,39814,13082,29359,90159,53376,3121.8,2926,1850,1624,9502,15289,15534,23264
2021,9,19,60323,71473,66546,10812,95161,3121.8,806,1872,4398,8782,78426,49015,14534
2021,9,20,92744,18708,12250,33666,59339,3121.8,722,4151,1143,9531,11334,45870,13063
2021,9,21,99148,89941,27722,72124,32309,3121.8,4885,3982,2186,6430,36145,17406,9363
2021,9,22,60965,17539,30572,1715,69728,3121.8,730,3822,4056,9331,12487,13610,8998
2021,9,23,58746,9013,18899,1241,34896,3121.8,2111,4042,1714,9542,12340,13161,40913
2021,9,24,547,2404,72144,47733,65186,3121.8,1431,1149,2179,6718,44216,11906,24642
2021,9,25,78704,44947,90729,22760,90630,3121.8,2506,4375,3579,7757,50615,13475,19568
2021,9,26,18670,47727,13870,49523,88911,3121.8,2683,1626,3790,9494,69893,15930,36388
2021,9,27,25820,92677,46478,84352,46031,3121.8,1257,1085,1991,6686,80196,42620,40694
2021,9,28,39258,22704,91996,67838,461,3121.8,2664,4129,1689,7885,68651,11952,8964
2021,9,29,14273,97687,17761,69415,15218,3121.8,4742,2388,1681,6219,41739,18136,4006
2021,9,30,43265,54350,149,11608,57688,3121.8,4227,3296,4400,5160,97485,36212,30346
2021,10,1,45150,55342,44580,39388,40346,2444.84,3659,4383,1996,9426,85952,11001,22884
2021,10,2,29169,43342,24036,81740,85081,2444.84,1355,1572,4599,5934,29820,46296,33099
2021,10,3,23542,43118,15697,2469,40603,2444.84,726,2104,3601,5190,41491,30298,1909
2021,10,4,74174,11503,34683,97522,50929,2444.84,3523,1448,1338,5126,94539,31760,36987
2021,10,5,32009,35895,37542,31608,88857,2444.84,2903,2398,1831,9951,31218,17433,17363
2021,10,6,11860,71578,85890,51814,72868,2444.84,2111,3392,1950,6300,60914,22515,43733
2021,10,7,20133,85790,35317,16812,34700,2444.84,3571,1707,1510,9890,14667,18454,29856
2021,10,8,36180,42571,83357,63011,2523,2444.84,1795,1476,2504,5380,82546,41723,14576
2021,10,9,76418,14659,55116,48005,14156,2444.84,1872,4287,4522,8782,51099,19221,32382
2021,10,10,52044,66023,52282,34146,18488,2444.84,902,4666,2222,8460,34028,11096,33301
2021,10,11,19388,80825,91831,21892,29862,2444.84,3614,1278,1738,5082,70635,35894,40729
2021,10,12,33816,57508,86534,68339,79696,2444.84,3911,3090,1078,5098,82236,38494,37633
2021,10,13,5845,87341,9514,48068,92153,2444.84,4163,2892,1444,7345,66135,20578,9894
2021,10,14,8075,96103,93210,46165,81185,2444.84,2058,1351,1351,8592,99689,17398,13845
2021,10,15,22577,69954,65489,42584,92498,2444.84,2430,3342,1416,6600,62761,19852,47725
2021,10,16,83189,71925,87814,40259,5623,2444.84,2188,3696,1910,6502,59860,47586,3949
2021,10,17,594,58272,78939,38297,43216,2444.84,694,1592,3580,9534,24727,41078,28628
2021,10,18,85260,22158,55773,53029,61805,2444.84,2949,4992,1809,6166,12886,12431,18534
2021,10,19,54711,28792,42480,21114,65541,2444.84,3699,1134,3315,7637,17750,36530,18693
2021,10,20,42618,76478,18674,7550,14013,2444.84,4979,1256,1909,6078,68651,43713,43401
2021,10,21,55637,81601,5059,62447,98715,2444.84,1229,4777,1803,9078,90890,17344,6661
2021,10,22,68754,75942,99831,62069,23580,2444.84,4950,2548,2089,7256,90097,11101,20613
2021,10,23,93377,55078,26726,75286,92181,2444.84,712,2817,4681,6761,26615,16800,11729
2021,10,24,79774,34197,94525,31578,84258,2444.84,556,3010,2708,5103,31430,17639,1767
2021,10,25,85716,46381,188,82806,96357,2444.84,526,4732,1713,6680,81369,20246,6637
2021,10,26,65065,33073,18064,91098,6186,2444.84,844,1928,1878,6054,33888,29484,11031
2021,10,27,28488,99162,48847,6196,80617,2444.84,774,1331,4361,6725,65488,11444,46630
2021,10,28,63363,75748,61802,41428,45435,2444.84,1673,1006,2595,6088,17947,15133,9524
2021,10,29,7119,33793,1093,18698,44162,2444.84,3181,2648,1845,6768,95196,47461,1333
2021,10,30,60009,51735,13793,19371,8461,2444.84,1439,3174,2732,6492,29601,33166,45634
2021,10,31,12765,57628,60018,21712,3716,2444.84,3196,2186,1756,5190,45883,22269,27965
2021,11,1,60417,61271,88818,40148,56467,1465.13,654,3200,1423,5878,33012,12056,36279
2021,11,2,27318,21187,49789,80559,67141,1465.13,4674,4767,4323,7738,44834,37288,49307
2021,11,3,935,72021,65397,71576,34256,1465.13,4899,1023,3936,5069,51171,21754,37667
2021,11,4,67700,67680,96307,34123,3558,1465.13,2530,1758,1857,8670,27785,33997,29320
2021,11,5,77978,53812,58765,37301,1550,1465.13,940,3836,1971,5388,13536,42579,3600
2021,11,6,10356,16663,53603,25644,31732,1465.13,3749,4431,3804,8310,49905,42361,21126
2021,11,7,55727,62437,39589,22585,57459,1465.13,2933,1770,1184,6822,89088,39086,17374
2021,11,8,51650,96381,57923,59973,69070,1465.13,2551,1562,2699,5022,21419,45783,31038
2021,11,9,93632,51521,45215,98789,61577,1465.13,1149,2302,3907,7089,56238,47718,11472
2021,11,10,14463,29173,83154,52000,77223,1465.13,2437,3871,1326,6874,10400,20395,38594
2021,11,11,62749,7748,82525,60448,96606,1465.13,1230,1588,1816,7796,10762,33392,20296
2021,11,12,79269,12879,67047,69528,59968,1465.13,2245,1574,3809,6751,59133,46031,23286
2021,11,13,21697,66571,91255,23023,48282,1465.13,3418,1029,1106,5942,71476,33505,46450
2021,11,14,12590,94060,40095,84406,78208,1465.13,2797,2475,3348,9638,43355,18316,45471
2021,11,15,40834,76953,25451,9643,93704,1465.13,2025,1752,1153,9631,54774,49434,34584
2021,11,16,92433,64545,10464,29334,56839,1465.13,2838,4428,3702,5874,53833,36910,48292
2021,11,17,64756,87984,60738,23104,89180,1465.13,2771,1398,1045,6452,56006,41100,4093
2021,11,18,84157,44384,22853,35310,24015,1465.13,1095,1446,3523,7910,45779,15362,43980
2021,11,19,92555,8619,84791,1257,27903,1465.13,3166,2657,2958,5256,32113,48489,4976
2021,11,20,69349,89885,94854,66746,89459,1465.13,4198,3614,1594,6814,25276,35608,1730
2021,11,21,7382,76372,68408,65906,70635,1465.13,2619,3188,4156,8761,64444,17059,14187
2021,11,22,53737,68964,76069,13048,34220,1465.13,1536,4919,3066,6390,86665,15534,8182
2021,11,23,23602,77216,93843,35197,90618,1465.13,2156,2999,1842,5563,80256,48828,35471
2021,11,24,69751,77876,62017,25259,76637,1465.13,2317,1518,1775,8386,43419,12346,42813
2021,11,25,92920,21309,82267,90986,77699,1465.13,1213,2651,2498,5056,52847,12490,35284
2021,11,26,40527,40005,67467,68721,11920,1465.13,3900,3021,1204,5916,23280,18585,47723
2021,11,27,88730,31950,65311,16857,16688,1465.13,4203,4607,1389,5906,16944,40439,25082
2021,11,28,63105,28159,58092,25603,49567,1465.13,622,1444,2294,5082,91517,45566,10939
2021,11,29,10259,91770,93588,52209,37687,1465.13,793,2767,3817,9850,59623,31856,16868
2021,11,30,77538,55179,91464,23927,33000,1465.13,718,1103,2918,8809,38057,18836,8409
2021,12,1,33128,41633,33395,95664,49502,2132.23,2273,1271,3899,8972,95309,11544,28961
2021,12,2,61628,38077,20937,30435,14052,2132.23,2971,1174,1226,8250,18581,35368,2793
2021,12,3,28969,31038,4639,67778,69095,2132.23,3876,2221,1458,7254,14236,30960,23475
2021,12,4,28935,36511,72232,84187,27344,2132.23,4953,1318,1968,7241,35757,19038,33893
2021,12,5,96386,43729,37954,6994,8331,2132.23,3713,2298,3924,6712,21427,23018,6536
2021,12,6,3178,71657,75241,84637,55279,2132.23,1948,1140,2338,8368,84751,19682,5829
2021,12,7,88072,41057,75005,26392,34650,2132.23,3762,1034,1694,6146,54380,29172,10762
2021,12,8,5956,13094,32824,9880,92798,2132.23,2897,1958,1822,8988,80610,47537,4251
2021,12,9,80319,12559,14455,39009,33090,2132.23,3690,2512,1613,7286,80255,41262,15558
2021,12,10,27161,75371,38649,98003,8439,2132.23,3527,4393,2474,6350,24272,31623,9381
2021,12,11,80601,23522,27598,22860,98012,2132.23,802,4681,3470,9686,33689,11678,24561
2021,12,12,66760,58733,56777,23373,58780,2132.23,986,2291,2402,5986,16646,37192,37033
2021,12,13,95368,10174,67938,34194,52876,2132.23,816,3475,2082,9765,72686,46445,42210
2021,12,14,34326,9435,41127,4149,60637,2132.23,2060,2395,4900,7682,67119,25031,41169
2021,12,15,17221,14458,43675,45975,445,2132.23,3166,1632,1845,8894,46356,39720,10321
2021,12,16,59665,12173,73197,91748,38290,2132.23,3192,2615,1669,5671,93115,32305,12235
2021,12,17,86840,176,76054,53092,80364,2132.23,4474,2584,3982,8148,43558,40778,9525
2021,12,18,98470,43078,86590,85315,94181,2132.23,710,1646,1469,9176,78296,49758,32946
2021,12,19,93170,32841,88726,64839,28512,2132.23,3496,1702,3367,5901,18470,28731,31841
2021,12,20,65426,95620,92668,39408,33769,2132.23,770,3589,4302,6262,50255,39835,36226
2021,12,21,82424,75291,76385,60245,6226,2132.23,1355,4395,2520,5080,80585,32384,4681
2021,12,22,63274,94082,80439,61641,99983,2132.23,1723,1760,3555,9390,37519,27323,31585
2021,12,23,1969,84058,92265,97623,17184,2132.23,2457,1928,4162,6486,92555,13490,42521
2021,12,24,34874,68911,56136,38747,50344,2132.23,2482,3616,2154,7920,91608,13488,3073
2021,12,25,65857,48333,45249,59413,14075,2132.23,3087,1042,3177,5352,13665,16712,49121
2021,12,26,54225,17475,32672,88387,97669,2132.23,534,3893,1986,7613,15994,27184,41580
2021,12,27,70687,91474,90801,34193,59395,2132.23,2680,1030,3445,9281,84662,27519,48762
2021,12,28,58402,4103,9915,57931,99455,2132.23,4642,3678,1053,7342,58416,10156,23580
2021,12,29,65246,19896,3968,92087,37509,2132.23,4271,4546,1578,6423,58738,25178,7959
2021,12,30,75185,72772,16781,38630,48405,2132.23,2501,3157,1897,9690,81087,37703,17796
2021,12,31,82347,55730,7734,23400,79396,2132.23,3473,4640,1044,8792,36727,39905,16150
2022,1,1,5999,64452,38887,82422,39543,1490.77,3958,2313,2197,8939,60717,31344,30417
2022,1,2,77793,83875,19594,20208,81314,1490.77,2553,2042,1238,9250,32790,47530,7297
2022,1,3,37131,77431,49928,52275,30510,1490.77,762,2859,1280,9990,51633,10177,39833
2022,1,4,61032,41944,22491,24581,70883,1490.77,2276,3675,4785,7506,85234,31098,49560
2022,1,5,99166,4141,34494,80547,46446,1490.77,4429,4927,1065,8722,52201,15864,17284
2022,1,6,541,43930,77139,71176,74545,1490.77,1353,1928,1438,6550,76508,15908,28772
2022,1,7,36108,15138,6625,35893,57007,1490.77,3343,2524,2350,8386,69422,17600,8211
2022,1,8,51472,13852,58723,28889,8208,1490.77,1815,3747,1205,7918,96275,45749,27276
2022,1,9,59078,77629,14030,46145,14176,1490.77,4093,1158,2027,7069,10138,29033,40539
2022,1,10,35280,52223,51558,47631,36411,1490.77,2777,2881,4831,7852,16769,18792,20981
2022,1,11,25128,69938,84491,12685,244,1490.77,3434,4320,4745,9882,10938,38921,30766
2022,1,12,79354,25910,39204,1381,52979,1490.77,1766,3258,1246,9360,52240,46714,8083
2022,1,13,85656,91370,50948,36840,89222,1490.77,2582,1412,4006,7072,43385,17026,34070
2022,1,14,94191,1820,29922,68936,90636,1490.77,2856,1340,2647,6834,16322,30626,1739
2022,1,15,71495,840,35237,98152,65515,1490.77,4865,2522,1646,8690,20713,12486,3829
2022,1,16,96235,49648,31473,66593,46720,1490.77,2193,1828,3029,7114,19700,33664,24858
2022,1,17,35205,84054,86357,12853,97466,1490.77,4830,1278,2620,5702,83463,39487,6782
2022,1,18,31599,44681,73362,26796,56846,1490.77,2566,4431,1318,5390,36023,13594,10427
2022,1,19,50249,89569,64055,43278,73036,1490.77,3293,3239,1322,9649,21091,38122,40252
2022,1,20,36432,97274,89787,60404,25044,1490.77,1242,1641,1276,9603,99789,23831,39602
2022,1,21,50030,43708,93263,10103,19099,1490.77,3247,4346,1718,7316,12623,24593,45639
2022,1,22,20257,72269,32834,10913,18270,1490.77,782,1052,2550,5172,31456,42593,20277
2022,1,23,94774,14051,65588,45408,70007,1490.77,4238,1387,4083,8852,62842,28181,15377
2022,1,24,40843,96090,97528,92402,26095,1490.77,1994,1350,3770,9827,57262,33392,26503
2022,1,25,36457,89002,4445,4007,94174,1490.77,2951,1226,1303,8538,67058,36309,2253
2022,1,26,43915,52649,72697,52999,47853,1490.77,2531,3695,2979,5059,81096,40425,35539
2022,1,27,37914,98091,36776,53037,64271,1490.77,1428,1462,1496,7046,21084,19842,10391
2022,1,28,43126,34036,31568,9429,28927,1490.77,2089,4192,2625,9166,58542,15478,48626
2022,1,29,3029,56075,4174,51008,67486,1490.77,2785,1622,4711,7366,58434,13981,35270
2022,1,30,37655,44863,64708,53398,52088,1490.77,4666,1766,1179,9934,20992,15105,35792
2022,1,31,26212,83082,70650,93837,50571,1490.77,4314,3598,1094,9839,20958,11034,29193
2022,2,1,78744,74502,31173,89656,32937,2159.36,2310,4150,1213,5726,46237,12004,45154
2022,2,2,60374,57802,14536,87960,78794,2159.36,4170,3226,1642,8006,28797,45834,45993
2022,2,3,33674,98748,97453,63513,19706,2159.36,4973,3448,1056,6145,88104,23992,16556
2022,2,4,21299,31767,84496,13864,28826,2159.36,868,1112,3534,6598,93510,33679,30733
2022,2,5,2749,7681,78259,69391,32039,2159.36,1576,1432,1614,9028,29224,41860,7056
2022,2,6,45584,24198,40309,86640,50343,2159.36,1984,2992,2882,5946,14918,21708,44765
2022,2,7,8564,94077,27260,13450,832,2159.36,2129,3579,4801,6986,72969,26839,20770
2022,2,8,98795,70898,42552,20949,49926,2159.36,4160,1860,2324,9469,98500,29018,21776
2022,2,9,80586,91837,83363,73469,53316,2159.36,734,3230,1302,8787,91680,12830,35219
2022,2,10,75909,5162,16410,20710,96901,2159.36,3900,2046,1628,6451,49346,42906,5732
2022,2,11,44579,28508,54767,56903,64329,2159.36,2272,4913,1454,5635,34733,14769,3267
2022,2,12,37206,46262,9353,32853,85049,2159.36,682,1922,1193,8443,98017,19445,1033
2022,2,13,527,11919,31492,77156,84722,2159.36,558,4300,1402,9664,10246,40024,30838
2022,2,14,44447,54828,51291,5901,6815,2159.36,2022,4019,2285,6374,93223,17333,36024
2022,2,15,63759,55258,94643,69952,33702,2159.36,748,4227,2281,7239,27734,22003,9012
2022,2,16,34429,64148,67656,60126,55328,2159.36,626,4773,1388,5786,22025,48202,20210
2022,2,17,3816,75400,8575,36101,38126,2159.36,3433,1883,3407,8864,88186,23460,18150
2022,2,18,89792,93935,74040,27073,31174,2159.36,4075,1954,2273,6730,42079,37600,1775
2022,2,19,3293,8581,53726,44681,26373,2159.36,4235,1566,2502,8332,66287,21980,42104
2022,2,20,52311,36073,23864,42070,16853,2159.36,529,1643,1978,9569,50067,14070,12051
2022,2,21,57696,99144,35465,56321,32226,2159.36,3921,1044,3827,8006,96550,45199,43896
2022,2,22,56102,22138,91739,39957,56299,2159.36,1936,4960,1802,5799,67030,10006,24378
2022,2,23,14202,48912,66650,36539,4833,2159.36,1400,2527,2211,8216,35200,14437,16717
2022,2,24,52112,45474,16307,87291,9472,2159.36,3842,1925,1345,9430,21881,15296,12857
2022,2,25,31311,170,48957,58113,2321,2159.36,3118,1522,4897,9022,69412,19730,15987
2022,2,26,34188,75813,48610,66400,34029,2159.36,2188,2491,1278,6998,89781,10222,1366
2022,2,27,92704,38624,37032,44049,95557,2159.36,3044,1866,1762,7000,10710,27753,25265
2022,2,28,49339,19449,10628,30588,36920,2159.36,644,1106,2203,5279,53857,22583,30040
2022,3,1,17398,25075,11076,97245,31209,2110.97,1299,4831,1842,5702,81739,11180,32534
2022,3,2,34744,8606,2966,68096,26288,2110.97,2433,2087,2698,8021,99006,16386,30719
2022,3,3,64691,86466,76294,46322,56675,2110.97,1762,1726,1242,9189,87668,21511,48877
2022,3,4,21723,93968,57695,73991,60667,2110.97,710,1762,4391,8135,79857,14072,5787
2022,3,5,85206,97292,69119,9256,61665,2110.97,3345,2706,1894,5990,89028,43968,18126
2022,3,6,4867,17143,34393,61522,56332,2110.97,3032,4405,2379,7079,68395,18806,22061
2022,3,7,62866,69918,21161,43609,74405,2110.97,639,1932,4660,9758,85217,26324,1018
2022,3,8,4236,98563,19032,91530,4553,2110.97,1004,1550,1553,9890,14606,47884,24412
2022,3,9,8303,36677,8642,40683,60108,2110.97,710,4324,3305,9990,82933,16274,43389
2022,3,10,88610,49925,30023,3271,86035,2110.97,946,1106,1294,5346,81798,17062,15240
2022,3,11,55741,33649,93181,97294,3539,2110.97,1529,1840,4852,6522,68874,19930,46825
2022,3,12,29911,18955,49285,9568,6547,2110.97,3628,1318,3494,6646,98426,34528,48570
2022,3,13,25243,10725,91151,71749,42055,2110.97,2805,2794,2948,5985,11440,26486,39301
2022,3,14,12810,39322,54680,62663,75845,2110.97,3974,2106,3860,9230,48026,15406,23554
2022,3,15,3181,28007,76915,18027,38010,2110.97,3906,4604,1065,8438,51352,44471,25341
2022,3,16,15710,74158,42266,38658,6496,2110.97,1496,1322,4379,5064,14670,12670,20058
2022,3,17,76081,3645,40034,51293,74608,2110.97,1699,2787,1066,7236,12165,16330,38060
2022,3,18,85307,31072,50032,87724,41129,2110.97,2194,1837,1893,6558,11846,14740,1384
2022,3,19,77222,93343,50397,86601,45870,2110.97,4527,3302,1158,9130,89594,26022,15068
2022,3,20,48973,22646,53810,65039,32612,2110.97,940,2917,3398,5497,21992,20878,32327
2022,3,21,3233,70539,44068,95126,61350,2110.97,4865,3570,1226,6614,41522,27829,5914
2022,3,22,58034,62402,82484,59449,6963,2110.97,952,1878,4723,5632,37324,43686,22079
2022,3,23,87960,89142,61604,17710,90991,2110.97,3587,4223,1970,5318,11410,31835,49948
2022,3,24,4920,31919,86758,86880,8533,2110.97,4709,2917,2033,7192,42365,30347,44633
2022,3,25,85623,94189,2634,96699,16174,2110.97,778,4132,1834,8340,38193,36441,39958
2022,3,26,18288,26781,30665,88774,75787,2110.97,1960,2057,4635,5046,83937,19048,2718
2022,3,27,84702,14999,92437,91736,28543,2110.97,3434,4165,1694,8614,27215,27867,1154
2022,3,28,97378,67600,98352,42829,85940,2110.97,4270,1168,3324,6286,18714,10934,36545
2022,3,29,79004,62665,68872,63639,2734,2110.97,3157,2435,4158,7810,95522,29053,19161
2022,3,30,33100,33957,59571,94794,91377,2110.97,4012,3754,4384,7363,31582,13362,36786
2022,3,31,23908,27205,77256,3584,53492,2110.97,804,2494,1975,8546,12485,34708,2960
2022,4,1,85643,88496,13940,83941,84018,1791.53,3391,4326,2562,9082,25702,39347,42993
2022,4,2,33549,30809,60085,20912,78744,1791.53,4818,1904,1719,8401,59438,46030,33113
2022,4,3,23799,8286,28006,84419,20771,1791.53,2847,2764,2561,8139,23056,12694,12714
2022,4,4,87484,56448,52257,90047,984,1791.53,745,4531,1022,8754,71794,15478,44312
2022,4,5,21646,32965,9811,48365,97718,1791.53,4394,2867,1966,8751,22286,47359,35601
2022,4,6,67818,36486,70125,85379,64625,1791.53,3308,2108,1970,7698,58506,16963,43181
2022,4,7,66229,70604,17848,7700,42786,1791.53,1562,4430,3958,7724,29147,36675,5994
2022,4,8,39677,39894,74544,49915,78646,1791.53,2273,2814,3314,7508,64544,14291,46830
2022,4,9,93283,67853,82752,59263,56122,1791.53,2577,2349,3212,6776,30049,37349,7610
2022,4,10,82771,57964,51781,21729,95688,1791.53,3403,1715,2172,5902,17981,32169,47280
2022,4,11,46128,31608,11336,95795,15357,1791.53,750,4990,1494,9188,19638,16205,25880
2022,4,12,66798,59535,38556,95010,36311,1791.53,2359,1758,2919,8006,57160,19862,34957
2022,4,13,64123,31917,6674,17647,81215,1791.53,4816,2342,1262,7503,39488,37970,24656
2022,4,14,53384,65926,29314,29820,75114,1791.53,1024,1910,4451,7518,53271,42114,29918
2022,4,15,2240,51983,77547,45159,18826,1791.53,1468,2947,2975,9494,19318,30541,1060
2022,4,16,64150,66763,24236,36764,44266,1791.53,1085,4000,4648,6518,43819,19074,13724
2022,4,17,16669,6197,63024,22472,23480,1791.53,4585,1448,4629,8484,87229,13850,32648
2022,4,18,9544,3699,2755,8871,43193,1791.53,4411,3693,1910,7304,76808,30728,3349
2022,4,19,93723,17894,44729,23372,88293,1791.53,4484,1312,1096,7508,43783,14982,4901
2022,4,20,56508,8370,76647,57489,83206,1791.53,2295,2748,1142,7670,17970,19654,30229
2022,4,21,83399,23734,83516,69862,53733,1791.53,589,2455,4568,6706,70826,49212,26676
2022,4,22,66570,15311,20525,94018,39171,1791.53,4945,2029,4029,7943,69518,22234,14309
2022,4,23,18172,46814,81335,18450,26864,1791.53,3271,1614,4389,8138,96475,43122,15657
2022,4,24,54814,13417,40578,65735,75086,1791.53,4946,3007,4417,7322,68376,14940,27756
2022,4,25,66132,13322,26970,71513,67618,1791.53,854,2140,3301,5758,36942,20164,46488
2022,4,26,57089,31566,96779,12830,26057,1791.53,951,1748,3021,5770,62955,14459,9606
2022,4,27,6988,27903,72467,66406,29726,1791.53,2697,2208,1042,9342,10486,17970,40843
2022,4,28,37507,60171,56626,80808,17955,1791.53,2323,1654,1485,7414,16922,17541,9920
2022,4,29,90060,10176,64763,29434,89408,1791.53,3892,1395,1972,5430,79152,18049,27719
2022,4,30,73553,93202,30258,60421,17868,1791.53,4905,1522,1851,6154,52532,24805,30330
2022,5,1,19857,16200,39288,16663,20423,2627.42,3073,1949,2943,5022,36357,32013,23181
2022,5,2,12751,49105,3986,45461,44609,2627.42,4013,2809,3643,9433,72028,15324,22035
2022,5,3,10692,27403,22176,82223,96287,2627.42,534,2494,4531,5664,49156,16305,13333
2022,5,4,58845,72231,63256,63140,41089,2627.42,638,3839,1238,5489,99299,26028,15965
2022,5,5,53876,34665,63838,22519,30451,2627.42,4194,2493,4619,5452,39715,25906,35866
2022,5,6,56054,36092,8401,51937,88108,2627.42,3242,1952,1139,7849,26443,14346,23910
2022,5,7,63814,37949,57419,45234,69790,2627.42,1261,3665,4086,5098,62535,20888,23071
2022,5,8,87316,16731,28382,83288,25804,2627.42,545,3209,1892,9814,50145,24999,34449
2022,5,9,74207,34740,88304,36698,98941,2627.42,564,2753,4047,7695,24338,38836,14748
2022,5,10,87118,95600,62502,11205,47050,2627.42,3444,1444,4471,6826,34004,18166,41390
2022,5,11,11275,9550,14836,48167,9847,2627.42,3166,1650,1072,7821,37102,31365,31334
2022,5,12,8921,77380,94119,77968,91428,2627.42,1804,4896,1662,5657,22452,43810,34810
2022,5,13,53399,20898,44528,27870,47724,2627.42,4496,3997,4432,9331,23516,30630,44884
2022,5,14,40665,13035,47388,73090,90856,2627.42,4454,4776,3221,9858,94095,36000,34491
2022,5,15,49734,10900,97250,96495,22910,2627.42,618,1307,1206,9534,20529,18722,19702
2022,5,16,46067,65026,80024,66851,24357,2627.42,3832,1974,2925,9830,54462,23780,3540
2022,5,17,62063,58917,39909,56636,73841,2627.42,3988,4926,1255,6237,36420,34164,34005
2022,5,18,75939,26725,76825,32890,94260,2627.42,2562,1330,2378,7585,23527,12374,47354
2022,5,19,37477,37360,84460,70402,14932,2627.42,534,1993,2837,6794,49981,38030,38922
2022,5,20,799,8970,27957,62055,65207,2627.42,2570,2496,2452,5746,90385,13758,14377
2022,5,21,53100,44301,58389,31830,78238,2627.42,1268,1438,1262,5727,19806,16910,48268
2022,5,22,74650,29354,60256,88839,96149,2627.42,1868,1946,4205,9478,75352,34411,10237
2022,5,23,85553,54276,41909,9357,10022,2627.42,2419,4473,2945,5807,27654,21183,48646
2022,5,24,84075,95275,3250,36054,31003,2627.42,2963,2003,1422,6446,27193,47570,5717
2022,5,25,89808,4063,44517,9013,25239,2627.42,4776,2143,1848,6766,36499,33221,36222
2022,5,26,16682,80272,29047,9628,66079,2627.42,2162,1505,1975,6726,18910,49329,6702
2022,5,27,22480,38226,21333,73902,17796,2627.42,1471,2602,3940,9390,16615,10530,14879
2022,5,28,34914,42744,54026,41762,94428,2627.42,4982,2460,2148,8068,37087,19578,6878
2022,5,29,77083,50602,36084,45410,51013,2627.42,4739,4844,4570,9722,63745,43718,21346
2022,5,30,47302,1570,51321,32594,83910,2627.42,4476,1462,2030,7012,76935,37809,34288
2022,5,31,20379,51918,65271,23879,72299,2627.42,3457,4380,4311,5892,94790,36675,18710
2022,6,1,39530,26520,43161,38305,6618,2299.4,1958,3186,4551,9112,16904,10390,36879
2022,6,2,94028,43622,98574,23882,20557,2299.4,611,3825,4356,8990,61124,12294,2735
2022,6,3,77948,26857,38730,23840,21647,2299.4,2429,2527,4628,9590,32184,41245,41757
2022,6,4,3821,34143,49432,74724,68694,2299.4,4914,4073,2851,8487,11846,19066,24231
2022,6,5,81222,79918,43585,15579,64408,2299.4,4996,3706,2917,5558,98898,19563,21061
2022,6,6,31834,56328,63444,66462,73270,2299.4,2706,3442,4769,6988,68165,14814,45628
2022,6,7,47720,14432,93888,81923,42919,2299.4,1681,1998,3111,8822,72422,15046,13194
2022,6,8,1327,73771,16226,65596,13848,2299.4,666,2032,2802,9918,28494,27424,31476
2022,6,9,10582,52553,70867,56703,42395,2299.4,1516,1465,3463,5404,88388,12733,39032
2022,6,10,78598,25070,69578,71709,21688,2299.4,579,4366,1548,8156,19874,45968,42000
2022,6,11,9632,56473,8002,13786,71427,2299.4,1209,3359,1626,8330,55061,14145,36496
2022,6,12,17460,26579,70612,87275,8335,2299.4,1359,1931,1772,9186,74992,38460,25352
2022,6,13,44289,36924,94179,76411,15080,2299.4,2378,1062,1964,6214,54847,19494,15492
2022,6,14,83227,62410,74455,4979,24485,2299.4,4123,3295,2445,6086,61921,30779,29516
2022,6,15,31438,94634,84064,48211,96923,2299.4,3022,2562,2330,7200,33972,43761,25408
2022,6,16,29044,72704,1176,1008,19435,2299.4,2102,2661,3431,7908,23991,18546,6023
2022,6,17,13776,9467,33916,86222,65554,2299.4,3352,3342,1822,7415,77904,20096,12190
2022,6,18,59175,80927,77659,71505,94479,2299.4,1617,3522,1382,5594,40881,20120,27984
2022,6,19,5168,34336,39134,39951,2244,2299.4,570,1019,2591,9486,18592,18014,13125
2022,6,20,78028,1945,67839,1202,85713,2299.4,1297,4886,3021,8955,32743,37500,12096
2022,6,21,26939,80713,77375,43977,13506,2299.4,4097,1078,2591,6470,74974,19366,18256
2022,6,22,82708,90546,87206,71651,56384,2299.4,1146,4410,2742,5526,35611,43454,5798
2022,6,23,72432,73261,54693,31806,88568,2299.4,657,1022,3148,6072,59482,48005,37436
2022,6,24,97639,39932,33030,50230,59515,2299.4,1416,2221,1252,9956,13871,37635,24356
2022,6,25,30772,56370,38398,54866,83058,2299.4,3319,1841,3620,9363,14614,17574,40361
2022,6,26,23152,5656,84047,91300,85039,2299.4,656,2676,1164,8685,49258,25678,9881
2022,6,27,79393,87027,34252,10646,12000,2299.4,3280,2770,1696,6070,97635,20252,14475
2022,6,28,43391,62307,8446,23364,98023,2299.4,1903,1173,4098,9234,28824,19136,28444
2022,6,29,52182,34481,1814,84698,89518,2299.4,760,3909,4449,9262,79554,16448,17424
2022,6,30,59101,94188,25572,96296,63570,2299.4,2900,1959,3217,5410,46674,16239,39559
2022,7,1,38578,53765,3888,47231,82589,2251.26,4412,2068,1189,8228,22937,17234,23025
2022,7,2,60838,91847,79414,71816,87754,2251.26,916,3292,2784,7136,61861,43695,12214
2022,7,3,76464,85173,61913,17810,31848,2251.26,2598,1776,4619,7837,34007,47207,44504
2022,7,4,47214,49772,80628,88403,50233,2251.26,3366,1069,1670,5568,99237,49515,3565
2022,7,5,71346,30154,97808,59130,90069,2251.26,4176,1532,1193,7440,11238,43040,26021
2022,7,6,91944,4644,96169,56563,12481,2251.26,514,4694,1298,6054,64448,46531,46528
2022,7,7,4313,77816,73953,16076,86947,2251.26,590,3291,4694,9750,33773,26115,23190
2022,7,8,5771,52950,9000,66964,50391,2251.26,1355,3685,4335,8876,31600,43167,9693
2022,7,9,35404,51722,2862,31703,68823,2251.26,4585,3134,1477,9788,11132,14775,17311
2022,7,10,74432,21153,39420,10478,67255,2251.26,2944,4376,2493,7802,72692,18480,23193
2022,7,11,87988,65400,84274,18675,54276,2251.26,1842,4679,3946,9416,37733,11102,15874
2022,7,12,48366,48671,25904,9843,49912,2251.26,4618,4342,3968,6374,51172,10326,31465
2022,7,13,3582,4117,41952,62427,66061,2251.26,1662,4047,1394,5935,72722,10870,30996
2022,7,14,88161,50917,56702,72107,31972,2251.26,4875,1378,4456,7130,13072,18744,10787
2022,7,15,14947,97502,50063,268,27891,2251.26,2841,2823,1430,9222,10250,37762,1235
2022,7,16,58492,98265,58163,54887,54200,2251.26,1908,3711,3152,9932,30817,30123,47237
2022,7,17,5748,72045,26813,65204,55527,2251.26,922,1825,1700,7942,87092,17482,33345
2022,7,18,58571,56286,6560,80274,83783,2251.26,4387,2273,1425,5108,13511,35624,16810
2022,7,19,89786,35420,60688,4290,30381,2251.26,765,1127,4901,7577,17682,14310,7858
2022,7,20,10922,24958,38606,41768,82294,2251.26,1855,1738,4686,6838,37489,48468,42050
2022,7,21,56577,21877,57095,88002,80779,2251.26,4978,1915,2377,5390,91205,11058,20606
2022,7,22,58523,41971,5238,54777,35900,2251.26,2908,1821,4228,7865,19790,12874,39272
2022,7,23,19915,21796,20091,34601,61562,2251.26,4421,3137,1624,5744,22491,26585,7580
2022,7,24,9825,12470,63502,32202,79487,2251.26,1311,4361,3028,6548,18284,48927,4707
2022,7,25,45820,48398,12101,26401,26263,2251.26,4274,1176,1566,9364,97128,16749,17041
2022,7,26,83296,62902,51239,79103,2121,2251.26,688,1945,2550,9189,44146,32037,23730
2022,7,27,90248,45458,36399,19628,68358,2251.26,4906,4177,1166,7007,56929,11622,11888
2022,7,28,30400,46204,15427,1940,71920,2251.26,3688,1782,1808,9926,34316,43928,12555
2022,7,29,43657,6357,22226,46207,25546,2251.26,4595,2144,4533,7345,51771,12891,32725
2022,7,30,59233,53031,43421,85869,66390,2251.26,3766,1788,2904,8394,15079,34823,1430
2022,7,31,83100,33768,6390,91260,20047,2251.26,1539,1014,3414,7540,42612,10632,40706
2022,8,1,87209,37457,51023,84554,5580,1676.84,582,3609,3685,6006,41350,40386,30266
2022,8,2,1126,54492,3291,71670,69571,1676.84,1120,3338,1718,9546,23384,17912,4466
2022,8,3,80272,3439,81327,4037,46051,1676.84,1877,4610,1810,8512,34164,12377,36638
2022,8,4,90870,94303,20987,14555,56661,1676.84,4941,4137,3180,9176,45807,11030,28690
2022,8,5,29050,16928,22441,6256,95660,1676.84,519,1870,1238,8197,96318,28017,45825
2022,8,6,24836,39548,93980,81633,50151,1676.84,4009,1019,3797,5422,71926,11810,28144
2022,8,7,60038,43220,85948,93218,17803,1676.84,2319,3203,1398,9530,85811,27045,48107
2022,8,8,96937,26331,52976,78904,64529,1676.84,3272,1440,1606,7251,87347,21694,15646
2022,8,9,45396,47710,12715,545,29058,1676.84,2354,1814,4211,9318,98663,28365,1996
2022,8,10,62761,27335,57922,44147,62095,1676.84,1191,4031,1414,8438,54286,17294,43733
2022,8,11,72516,77559,89362,94060,94810,1676.84,754,1556,1550,9650,57101,19827,43062
2022,8,12,95813,85808,75274,56376,16814,1676.84,4740,1862,2622,9013,40072,46069,40289
2022,8,13,52746,77617,71453,55513,84487,1676.84,2806,2002,3296,8702,51061,48105,25739
2022,8,14,5230,33168,71015,62352,27988,1676.84,3530,1278,1626,7616,12878,13440,44468
2022,8,15,30444,63972,59367,64418,72985,1676.84,982,2082,3406,7782,97594,27893,15791
2022,8,16,57677,36753,51248,77325,65273,1676.84,1782,1853,1828,5602,49204,46167,18661
2022,8,17,7264,97735,36320,70242,37890,1676.84,3681,4684,4520,9399,49102,10050,15550
2022,8,18,25191,9589,44588,34949,57880,1676.84,4193,1907,1170,6792,18474,26910,8534
2022,8,19,15454,17367,63764,67282,96515,1676.84,4800,1102,2054,9914,90370,14944,12969
2022,8,20,98022,40405,49629,27542,49804,1676.84,1398,1345,4671,7950,42646,48902,48731
2022,8,21,65871,88192,30810,61157,84985,1676.84,4418,1778,1926,8181,84070,36625,6394
2022,8,22,47502,63871,6755,74557,96343,1676.84,4500,4363,2529,5480,38256,14766,47126
2022,8,23,20564,84656,11383,61587,91993,1676.84,986,2863,2219,7649,35371,43555,4029
2022,8,24,80396,89790,43993,70507,7971,1676.84,2132,1918,3285,7926,46380,18538,28063
2022,8,25,93716,2233,15343,47597,7713,1676.84,1281,4627,3253,9015,12436,30246,3599
2022,8,26,49396,66702,4462,7967,90704,1676.84,1522,1098,4621,5514,57956,15802,39833
2022,8,27,39930,15089,25768,64567,11680,1676.84,4193,1606,4379,7166,52991,32092,22148
2022,8,28,54486,20625,26720,9092,15992,1676.84,689,1574,2338,5110,73352,23041,49286
2022,8,29,99983,24875,94140,45956,36742,1676.84,4898,3022,3536,5666,57588,11567,2097
2022,8,30,14166,43134,16963,88546,44021,1676.84,1989,4857,3281,7426,40300,39272,36306
2022,8,31,62994,95990,21011,95333,56140,1676.84,4725,2473,1188,5217,34780,22330,44363
2022,9,1,34680,81705,13554,76698,39293,1823,862,3777,3435,9407,42797,44740,25122
2022,9,2,66397,74007,84374,96458,14308,1823,802,1648,1007,7486,99140,21721,39998
2022,9,3,22213,71614,7311,67430,6395,1823,1094,2425,2696,9304,50474,33340,45993
2022,9,4,36121,41337,32118,94556,37097,1823,647,3492,1625,7670,16301,45932,41267
2022,9,5,80018,92105,38933,57377,95943,1823,4098,3154,1038,5530,15550,32432,38073
2022,9,6,48754,99382,6210,42802,10382,1823,2494,1501,4371,7774,41057,11806,6684
2022,9,7,48583,96705,71313,30208,53078,1823,2491,4446,1069,5722,13656,42012,37614
2022,9,8,35849,35922,26519,61887,5034,1823,670,3786,2835,6879,12940,38216,28455
2022,9,9,89915,21787,1071,4286,62750,1823,753,2683,1534,7065,57890,16530,42128
2022,9,10,31031,16734,57708,27101,14510,1823,938,1458,1803,7958,12243,21836,14531
2022,9,11,6789,22914,91976,50977,56145,1823,544,1058,3053,6614,50343,11614,21268
2022,9,12,65094,6097,49839,20278,49514,1823,4889,1098,1638,5202,23996,10656,7729
2022,9,13,83479,59461,22033,282,37795,1823,3470,1880,3540,6797,28263,29684,34276
2022,9,14,68065,33808,75743,11118,56775,1823,3271,1867,3534,6228,58496,48047,42438
2022,9,15,7191,3387,94944,48005,5983,1823,4679,1636,4751,8063,12198,48898,18940
2022,9,16,8691,60917,26186,82231,7714,1823,3266,1564,4607,8026,13014,11381,4449
2022,9,17,46446,36519,99602,11332,35980,1823,731,3169,2835,7026,15060,11510,24450
2022,9,18,72319,43557,5984,83422,1620,1823,2319,1266,1406,9722,17792,13411,28430
2022,9,19,29305,37158,5542,50265,57518,1823,2997,1290,1657,7598,31646,13989,8788
2022,9,20,18401,73730,73511,96236,10757,1823,2757,3074,1898,8740,66495,42564,31037
2022,9,21,63523,15168,69226,69221,6376,1823,2631,1370,1626,9058,18438,39144,28118
2022,9,22,29665,30294,9460,7674,74245,1823,1662,2644,2539,6130,10472,24647,7458
2022,9,23,92562,17990,74074,49858,36730,1823,3773,1034,2087,7999,85823,28463,6921
2022,9,24,72469,84808,30496,4095,89332,1823,4590,1418,4436,5401,43021,14750,49144
2022,9,25,92860,81036,62677,56751,92561,1823,1397,1473,1804,5470,51331,38978,17909
2022,9,26,62391,76457,55583,50831,70808,1823,645,3275,1212,6140,63722,31896,41406
2022,9,27,25284,73313,67244,21072,25067,1823,1104,2925,4004,7570,91027,16564,26617
2022,9,28,38041,22425,34391,40290,44247,1823,4268,1636,3529,9686,73818,49337,35722
2022,9,29,92608,19464,92613,35173,11956,1823,3420,3590,2351,7015,74662,37417,22687
2022,9,30,9985,82119,21695,33989,52251,1823,552,1194,1497,9894,30580,45743,12722
2022,10,1,26201,18732,65546,77403,8903,2806.94,1362,3365,3846,7886,56673,46533,14883
2022,10,2,21307,10264,75237,4674,1278,2806.94,4657,3395,4347,8645,35646,13420,12654
2022,10,3,15551,42290,64918,16845,72870,2806.94,3860,4070,1496,5757,92824,18610,27013
2022,10,4,16992,79187,49364,57190,17073,2806.94,662,4730,1299,5310,59404,33929,6037
2022,10,5,7964,90414,17325,8663,39060,2806.94,2082,1932,1611,6712,87805,34481,19323
2022,10,6,80364,8018,99904,76108,10127,2806.94,2104,2117,3266,5648,10694,10686,42728
2022,10,7,68856,70734,60070,1508,32397,2806.94,882,1711,1238,5530,65374,31649,35826
2022,10,8,38436,3809,52611,50047,7161,2806.94,879,2523,4785,6326,79982,41264,6769
2022,10,9,59863,93440,34734,48129,56259,2806.94,4818,1974,1126,9887,42973,19526,35393
2022,10,10,82065,78410,11586,24656,47522,2806.94,1304,1922,2120,5267,36003,17150,26960
2022,10,11,32036,3235,8156,13173,70370,2806.94,4436,1918,4281,9170,94711,20539,4491
2022,10,12,90915,64530,12006,13393,10770,2806.94,3266,2833,4739,9852,17488,47261,4979
2022,10,13,73164,40146,83218,70284,15413,2806.94,915,3799,3807,9071,93323,18362,35573
2022,10,14,19914,14113,55760,34195,69635,2806.94,4733,1106,1351,6192,73941,42120,1914
2022,10,15,4422,42208,51307,54162,38412,2806.94,1422,1575,1194,7998,81858,14120,18795
2022,10,16,2917,72775,37207,58076,88198,2806.94,3603,3110,4642,9362,42304,14276,30531
2022,10,17,6185,63390,74825,37536,12833,2806.94,4656,2254,3677,7766,71415,12088,15118
2022,10,18,16109,39190,73664,57753,6533,2806.94,4807,1610,4648,8366,83875,49197,21875
2022,10,19,98897,83831,57308,59891,23193,2806.94,4166,1466,1418,5342,99616,17084,15964
2022,10,20,46813,95625,42144,70490,42939,2806.94,2577,1622,1834,5196,33150,41983,29911
2022,10,21,94468,64311,34137,55468,32677,2806.94,1016,2924,1842,9360,15638,41386,18012
2022,10,22,10639,98333,3468,22695,63675,2806.94,2583,1838,3707,6078,97327,16004,3084
2022,10,23,35989,46258,33396,37792,85203,2806.94,1127,1021,2208,8726,51488,29884,16547
2022,10,24,98275,72505,27809,16469,67180,2806.94,4207,4169,1254,7674,33215,30332,1975
2022,10,25,97110,80800,57172,12169,86878,2806.94,690,4218,2107,7130,77009,18542,4499
2022,10,26,86459,23137,98331,33667,3400,2806.94,4902,3026,1142,8134,50846,38557,16171
2022,10,27,26037,25054,49079,76343,19080,2806.94,1675,1188,4445,7702,44708,16322,32295
2022,10,28,34697,14874,21893,51805,34787,2806.94,940,1244,3390,5148,71263,16294,48903
2022,10,29,51319,17518,76169,6346,91581,2806.94,1254,2616,3420,5478,93959,37499,27015
2022,10,30,92628,16987,20041,72073,80833,2806.94,4746,1880,1958,6639,11766,30760,31101
2022,10,31,91894,70503,68357,46636,55651,2806.94,4777,3320,3489,7630,46017,15069,5972
2022,11,1,7273,82686,9085,17606,92997,1621.13,1584,4982,2975,5008,14342,14076,12936
2022,11,2,69755,39048,26403,62746,55436,1621.13,990,1884,3222,7626,97939,14194,23515
2022,11,3,22404,37613,4036,3350,83630,1621.13,4013,2253,3141,6204,41210,27490,19105
2022,11,4,66033,67795,3825,15361,82803,1621.13,788,3909,1390,8790,31654,38177,27344
2022,11,5,62057,2646,64116,20279,20272,1621.13,824,4026,1018,9758,62375,49648,28407
2022,11,6,40316,22741,6902,24810,75838,1621.13,3651,3222,2258,9930,89934,31413,48113
2022,11,7,49819,35723,323,32561,24265,1621.13,738,2672,2325,9710,22950,15822,48329
2022,11,8,29612,90128,62976,61983,61339,1621.13,2982,3006,4443,9776,59167,13274,41703
2022,11,9,49348,77819,31207,97959,16646,1621.13,4371,2816,1862,9693,31728,47478,21141
2022,11,10,94374,18819,151,61700,70024,1621.13,647,1984,4580,8622,94321,14550,39454
2022,11,11,86678,72304,41629,51121,73539,1621.13,4104,2886,4965,5311,37196,27963,1602
2022,11,12,76452,66568,10780,49667,12613,1621.13,3496,1985,2678,7304,85036,47701,42508
2022,11,13,3101,50685,80041,49033,95659,1621.13,2654,2335,3016,8576,33455,36555,24362
2022,11,14,31431,73913,75794,26397,29224,1621.13,4359,2026,1826,5990,88044,17050,12990
2022,11,15,40350,51542,31858,18028,15189,1621.13,2081,4640,3930,8473,17398,29588,16895
2022,11,16,69188,72679,61925,32204,3314,1621.13,3758,4744,1995,9112,77492,47570,11732
2022,11,17,73893,48204,69598,69801,46046,1621.13,3320,1394,1078,6530,20774,14158,23994
2022,11,18,59777,2856,8067,43707,81329,1621.13,3294,1040,2121,6310,99071,16786,8091
2022,11,19,29655,67830,67883,31650,28734,1621.13,4220,2625,4929,5169,72426,11958,11727
2022,11,20,39163,67099,58722,81050,93629,1621.13,4475,3404,2350,5094,13462,30030,29496
2022,11,21,86985,53110,46899,458,54680,1621.13,2244,1380,1270,5942,48687,17776,45970
2022,11,22,63206,44260,61510,89487,9429,1621.13,1813,4942,1033,8694,62343,11014,33936
2022,11,23,30,16820,80771,98732,79362,1621.13,974,2697,2342,8363,99507,18373,44234
2022,11,24,4333,33104,35412,34484,34582,1621.13,4718,4138,3357,9886,14530,16578,34099
2022,11,25,21515,65439,35432,38901,2325,1621.13,4914,3705,1902,7036,17436,26659,47776
2022,11,26,41270,28902,9357,4964,87266,1621.13,4689,2949,1966,5100,58784,42900,8864
2022,11,27,59199,68504,7039,3908,56083,1621.13,4396,2597,2453,6179,16497,44777,10664
2022,11,28,23955,82764,13483,71253,29800,1621.13,2911,2421,1172,7268,17482,29789,47271
2022,11,29,32484,48426,87739,74451,23526,1621.13,3702,4075,1378,5990,19334,37460,46524
2022,11,30,1405,10083,65058,10210,36263,1621.13,4987,1568,2021,9652,47821,43173,47907
2022,12,1,45733,30595,74617,69353,55683,2648.13,1836,4108,3495,5286,43985,10046,4406
2022,12,2,76341,59414,36397,67081,95100,2648.13,4836,1526,1618,5046,57796,19525,40210
2022,12,3,16386,50717,16547,51207,14890,2648.13,4650,1254,1665,8542,46326,12348,9720
2022,12,4,95024,48163,82809,53520,57153,2648.13,3537,3492,3910,5174,16925,14010,43146
2022,12,5,67848,18114,35545,89466,13160,2648.13,694,1802,1662,7586,13455,25298,43341
2022,12,6,17961,63106,52273,40979,87373,2648.13,4678,2395,3113,8838,35914,20265,48599
2022,12,7,61984,10805,70111,80895,38443,2648.13,1256,2641,1254,6800,12106,34660,37036
2022,12,8,56493,37450,96909,16901,95691,2648.13,3550,1526,3469,6646,87332,27193,10364
2022,12,9,75774,7011,59589,38887,25849,2648.13,503,4184,4011,5613,11510,43805,11856
2022,12,10,49001,12687,16447,70502,75839,2648.13,1513,3682,3705,8421,81934,10747,44905
2022,12,11,28786,90486,40751,18607,67660,2648.13,799,3432,1445,6986,98670,43645,28083
2022,12,12,99947,74175,97830,55310,36140,2648.13,942,1190,4649,8264,71993,36839,15612
2022,12,13,43170,93507,85522,58227,28280,2648.13,3974,3416,2941,9724,92022,41952,17457
2022,12,14,54159,4174,85386,5604,75914,2648.13,4249,2211,1876,6870,47521,27073,1662
2022,12,15,45395,12988,28566,90044,11253,2648.13,1883,1556,1694,9646,28999,38695,1128
2022,12,16,96213,97974,12113,70506,24050,2648.13,2458,3208,4660,8400,11062,16925,20487
2022,12,17,14603,99413,9137,21889,29196,2648.13,3961,4589,2004,7766,80984,13601,23010
2022,12,18,10789,24220,727,21205,52977,2648.13,1251,4188,4051,8363,19694,18100,29726
2022,12,19,8851,48505,62661,49863,62700,2648.13,1787,3653,3588,5923,15541,24135,12825
2022,12,20,48934,80855,15077,51283,91085,2648.13,1235,1872,1150,7874,39428,39608,46062
2022,12,21,28039,15681,38798,72090,20396,2648.13,1542,1204,3347,9202,95459,19254,24844
2022,12,22,98379,62247,96052,93320,38171,2648.13,2454,3455,3799,5072,54737,49884,27946
2022,12,23,44945,35973,18109,81577,34286,2648.13,1185,2323,4569,9982,34413,19938,7538
2022,12,24,84826,7308,71915,24525,42862,2648.13,1922,1240,4620,9325,50911,34142,17374
2022,12,25,67271,68366,87598,76071,17249,2648.13,2306,2192,1010,6766,43769,45295,8687
2022,12,26,84304,14955,7619,90225,41289,2648.13,1541,2465,1390,8455,66989,17114,8384
2022,12,27,55829,10264,66145,1801,49589,2648.13,942,1859,1772,9891,18572,19021,17056
2022,12,28,64930,17940,97566,75940,44706,2648.13,2586,1474,3992,6258,51937,30280,7687
2022,12,29,19941,68479,89098,1984,56934,2648.13,1887,4114,2701,6072,30914,48642,22439
2022,12,30,26439,33210,65502,44563,39453,2648.13,3583,4382,4073,7501,96673,20130,41135
2022,12,31,35188,34261,31844,24181,95818,2648.13,812,2109,2259,9910,50444,25545,33782
2023,1,1,77332,54660,31403,86715,85574,2087.29,3152,1142,1100,7715,74587,12154,30045
2023,1,2,37651,95322,78457,15152,91995,2087.29,1691,2606,1782,7223,38423,30563,48587
2023,1,3,78036,86886,32823,37946,37330,2087.29,1646,4661,4378,8048,11070,31304,8368
2023,1,4,98093,30881,66439,59990,4948,2087.29,3020,2597,2698,7828,74101,44693,41026
2023,1,5,72767,57145,87300,69549,64368,2087.29,958,2402,3960,9286,80348,32641,42076
2023,1,6,74006,66995,97303,3385,1395,2087.29,4688,4486,2262,9078,59475,17209,15031
2023,1,7,58505,88848,26159,11203,96676,2087.29,2247,4441,2403,9547,38990,21770,1070
2023,1,8,1623,5454,80526,46935,4740,2087.29,4575,3745,4219,6470,98481,11965,27226
2023,1,9,74613,33170,61452,36875,50648,2087.29,4083,1016,1125,8022,53058,39152,37279
2023,1,10,46854,25306,24946,20609,1205,2087.29,3731,4178,1492,9256,66112,40480,13936
2023,1,11,16482,12041,85578,77053,55271,2087.29,4017,4882,4931,7638,83108,18838,1674
2023,1,12,37747,87192,42435,80224,33785,2087.29,727,1284,2150,5446,17598,38354,45493
2023,1,13,40961,76330,57534,26702,15586,2087.29,3533,2066,2037,9111,18246,14624,39998
2023,1,14,35874,48136,53542,85806,64956,2087.29,1384,4053,1606,5170,99276,23977,36650
2023,1,15,40664,35004,70967,94166,95676,2087.29,2519,1635,1245,6404,79688,46830,38565
2023,1,16,46403,13223,28897,98440,48686,2087.29,2099,4558,2501,7998,70363,33808,4367
2023,1,17,28643,73100,2862,85187,18271,2087.29,515,1170,3492,5678,69450,15520,2138
2023,1,18,67751,18322,18508,48997,41079,2087.29,826,2480,2770,8670,18238,26455,48197
2023,1,19,45442,40723,61014,64296,32716,2087.29,3103,2709,1666,7317,62895,10910,47730
2023,1,20,85807,54764,30736,39300,17598,2087.29,1171,1418,1211,6030,34343,42289,16538
2023,1,21,54227,96523,96122,98349,87598,2087.29,4803,4390,1898,8706,30037,18166,14745
2023,1,22,99899,78142,82244,37079,45459,2087.29,3881,1264,1253,9616,86915,13558,11491
2023,1,23,72507,24439,35551,23718,80470,2087.29,2358,1047,2767,8479,49396,36716,36246
2023,1,24,59576,24200,52460,15043,92721,2087.29,928,3970,1284,8171,46049,22447,32497
2023,1,25,96015,54931,70065,28620,10899,2087.29,3822,4756,2770,5862,23473,28239,23332
2023,1,26,16970,72184,29287,16090,17015,2087.29,4157,1590,4234,6494,15978,11954,28683
2023,1,27,54114,43914,20926,31103,78437,2087.29,4902,4450,4608,6318,12310,31858,33327
2023,1,28,29650,98245,81616,43772,28969,2087.29,3362,2289,3624,8012,78378,10638,21441
2023,1,29,79036,13889,87229,14622,85505,2087.29,1576,1948,1942,7716,13726,33914,45214
2023,1,30,63532,73327,8366,18140,29645,2087.29,1349,1300,2383,7964,35769,21351,27788
2023,1,31,19406,74132,33641,29382,58133,2087.29,1371,3520,3611,7210,68141,10467,28372
2023,2,1,11070,16438,10644,74923,19862,1970.18,4805,4539,4274,9296,39183,13413,44558
2023,2,2,5647,31181,55797,3611,66950,1970.18,4367,1081,2140,8748,15565,21863,43500
2023,2,3,25121,85438,80475,85073,53580,1970.18,1589,4648,3730,7232,55923,19896,7294
2023,2,4,28142,10729,19483,13769,26,1970.18,2181,1352,1198,9330,25633,23147,8666
2023,2,5,42830,65002,30581,36322,50102,1970.18,3184,1838,2935,5010,76645,12182,12499
2023,2,6,12305,33235,82516,2387,16819,1970.18,2330,1312,1870,7278,75080,48247,4791
2023,2,7,6831,18614,20271,29381,17944,1970.18,2527,1556,2257,6226,97094,27358,45905
2023,2,8,11959,71632,68933,59894,42994,1970.18,2760,1649,1382,6627,74036,11982,45578
2023,2,9,31418,2719,73295,13288,50883,1970.18,1535,2712,3340,7250,87092,10334,14727
2023,2,10,94062,5973,78409,21319,55433,1970.18,3677,2390,3486,7932,27283,12968,25504
2023,2,11,45891,21396,78130,41055,98023,1970.18,4389,4439,1235,9035,59079,22117,18518
2023,2,12,23763,86967,96183,7103,35124,1970.18,4737,4185,1950,6302,66855,27382,49627
2023,2,13,95002,65533,44773,58488,65846,1970.18,4966,1736,4803,9447,69142,24178,38409
2023,2,14,44317,38532,69970,15552,97568,1970.18,4021,2681,1014,6555,44783,18358,29049
2023,2,15,66182,85873,96676,88133,89019,1970.18,1866,4019,1690,6639,42506,11260,13531
2023,2,16,31400,23826,39349,57555,99625,1970.18,1732,3941,2022,6838,75844,10941,8492
2023,2,17,97103,46218,98623,29470,12773,1970.18,1959,3954,1270,7278,83438,16150,9758
2023,2,18,73517,65305,35021,18932,8296,1970.18,1544,1046,4055,5892,13601,33680,43879
2023,2,19,94384,11686,93974,57759,79740,1970.18,966,1842,2387,7358,22663,45159,36170
2023,2,20,9784,19623,24114,71766,13257,1970.18,2766,3124,4208,8286,22056,13855,23904
2023,2,21,68017,84953,69903,2073,70845,1970.18,2104,1580,1540,6077,55690,15274,49856
2023,2,22,48599,90742,827,80986,40768,1970.18,1145,1112,3111,8566,22316,22719,23490
2023,2,23,90515,61435,92196,96075,35573,1970.18,4929,3589,1120,9831,22013,36400,14252
2023,2,24,96039,90470,84333,7580,52899,1970.18,1563,1496,2115,9586,82482,37883,40023
2023,2,25,72231,8628,38435,31694,75238,1970.18,764,1512,3537,5928,61825,40461,27103
2023,2,26,43564,88108,10403,59119,67939,1970.18,1870,1346,4236,6202,17070,42134,48768
2023,2,27,2577,35824,93632,49693,84565,1970.18,2575,1794,1092,9474,19386,42681,42466
2023,2,28,85816,25604,58434,24353,54915,1970.18,1166,3477,4717,6302,73948,18026,36611
2023,3,1,35819,89338,29573,98374,93598,2914.06,949,1554,3042,6993,30336,40507,38060
2023,3,2,4569,3483,57952,13282,24674,2914.06,4097,1628,1698,9801,21542,28380,1276
2023,3,3,70968,36373,3098,28889,10321,2914.06,4224,1138,4146,5148,60863,44095,28458
2023,3,4,3208,61814,89868,51250,28807,2914.06,3108,4727,1389,6059,79360,31062,36556
2023,3,5,16693,78458,64043,58462,34612,2914.06,1841,1166,3309,9939,34466,48629,35586
2023,3,6,84749,70043,11120,35248,35192,2914.06,4342,4750,1254,5562,12010,45306,21984
2023,3,7,38470,30461,61386,94860,96521,2914.06,2273,4564,1120,6316,88025,20166,40747
2023,3,8,58254,24868,92098,96563,81159,2914.06,794,2258,2958,5334,17505,14501,42916
2023,3,9,60998,96849,19252,11146,98763,2914.06,1452,2231,2064,8388,48442,34936,41604
2023,3,10,24936,40717,14501,60492,13385,2914.06,2009,1637,3744,9106,84551,41254,18878
2023,3,11,98375,46095,23514,27685,18757,2914.06,2185,1106,4218,7788,14512,11950,41019
2023,3,12,69393,30056,6565,57809,14246,2914.06,2744,1074,2074,7202,16023,25458,5007
2023,3,13,92474,79386,13448,36219,34844,2914.06,3824,3217,1806,7337,60901,45553,14351
2023,3,14,74709,69439,91660,28927,97228,2914.06,3259,2971,1302,9656,40779,19136,48911
2023,3,15,76182,99876,31448,88257,73472,2914.06,3714,2296,3208,7038,34866,28051,13824
2023,3,16,57865,28692,27622,34662,46029,2914.06,886,2088,2961,7522,82367,10386,38523
2023,3,17,37136,96979,54512,98806,18154,2914.06,4720,4334,1517,6168,82590,34988,45291
2023,3,18,69992,12658,67285,13200,56172,2914.06,2602,1578,2194,5223,65048,19158,2152
2023,3,19,40099,95263,46664,98060,33488,2914.06,4599,1975,1008,8230,85780,44161,29031
2023,3,20,35753,76854,54848,47270,83022,2914.06,3609,3012,1447,9010,82563,38970,37439
2023,3,21,50749,6518,69358,97943,41742,2914.06,2517,1839,1020,8662,96250,45860,34407
2023,3,22,99563,65850,99188,41923,6312,2914.06,2435,2063,3172,7282,11378,11193,1320
2023,3,23,11073,54294,30558,77520,2891,2914.06,1489,3639,4638,5847,67933,27731,13121
2023,3,24,36606,75451,59571,98978,45983,2914.06,1189,1896,3021,6166,20170,10684,22173
2023,3,25,11697,22606,19100,89869,79889,2914.06,2414,2312,1742,7971,84832,48318,24784
2023,3,26,27445,1322,68310,47083,87169,2914.06,1165,1070,3045,5950,39103,24028,36244
2023,3,27,72908,66645,52277,27281,77022,2914.06,4316,1254,1404,6840,94937,15298,22448
2023,3,28,64551,62352,14958,76331,76676,2914.06,1000,4119,1110,9310,67553,18554,49790
2023,3,29,11906,8719,44757,39951,9454,2914.06,670,3712,1856,5224,42344,10229,1766
2023,3,30,71407,63013,65299,82811,86428,2914.06,920,2329,1194,5412,43659,31966,26588
2023,3,31,5202,34660,52438,6312,10322,2914.06,2294,2226,3708,8403,62177,18082,19991
2023,4,1,8860,69578,71823,91467,28274,2953.8,2872,1285,3701,5683,77712,13292,48404
2023,4,2,36139,61394,61933,57903,5053,2953.8,3103,1063,2687,5766,66385,32677,10251
2023,4,3,13062,88612,27738,1465,67141,2953.8,1430,1000,3179,9220,83818,46452,32251
2023,4,4,59361,46692,87738,89415,8727,2953.8,1055,1216,3194,8688,19118,48246,31802
2023,4,5,942,98574,4310,63629,84340,2953.8,2657,3752,1326,6746,31568,18310,37047
2023,4,6,88997,54352,35151,73528,65309,2953.8,4979,4668,2012,7716,14082,14190,18970
2023,4,7,39518,26490,84659,99064,17181,2953.8,2309,3121,3701,7970,98101,19392,3777
2023,4,8,55018,77111,33146,47028,83857,2953.8,2529,4204,1694,7680,62731,17076,31066
2023,4,9,93002,32711,41746,91366,90427,2953.8,4807,1295,1974,9465,45358,32201,22180
2023,4,10,19594,9020,50324,38295,93343,2953.8,2686,4711,1080,7183,28090,25743,48425
2023,4,11,88250,50620,14949,40018,24652,2953.8,2094,4004,1742,5191,25369,33520,27680
2023,4,12,3723,56529,96169,18744,55994,2953.8,2297,1938,1898,7620,30232,10240,41527
2023,4,13,82397,4272,41304,24284,27807,2953.8,582,1055,1364,5338,72425,11016,19394
2023,4,14,75359,45872,95021,2101,77415,2953.8,1973,1136,3270,8141,16232,15616,36743
2023,4,15,6020,83530,57555,72918,17502,2953.8,4509,1249,4762,6566,56885,10302,4140
2023,4,16,76558,23265,84977,12923,4592,2953.8,590,1301,4624,5310,14754,47038,23754
2023,4,17,38405,66728,94527,48028,14869,2953.8,4995,2239,1288,7549,10157,28140,10759
2023,4,18,8041,76019,60743,49155,83184,2953.8,3075,4740,1792,6112,89014,11834,17628
2023,4,19,93157,79305,58136,12781,80968,2953.8,1170,4371,4616,5638,83750,20836,22890
2023,4,20,47808,13746,8077,58447,17648,2953.8,2939,1384,1216,7372,91194,10138,34586
2023,4,21,81309,9270,86232,38552,28673,2953.8,780,1828,1814,9754,50960,15022,25246
2023,4,22,47763,77131,87593,3731,97827,2953.8,919,1985,1440,5347,20432,19087,37696
2023,4,23,49933,23372,61128,76888,87053,2953.8,2026,4712,2942,6524,23263,13238,18674
2023,4,24,64855,40001,28443,35757,14873,2953.8,3977,3986,2884,7922,82717,37062,29403
2023,4,25,11970,89989,49049,13410,5336,2953.8,3849,1619,2851,6328,48506,46255,19481
2023,4,26,11354,51885,97320,89296,41494,2953.8,2261,2700,1934,7055,74808,16326,36935
2023,4,27,52810,95139,87146,25694,3061,2953.8,2755,1381,1202,8155,61142,31537,36215
2023,4,28,47636,9992,69509,56839,52672,2953.8,4445,4024,1251,6764,69671,44096,34367
2023,4,29,3699,81933,66797,96985,38988,2953.8,602,1796,1743,9182,33841,12320,41606
2023,4,30,94855,46598,87537,71057,41105,2953.8,3945,3740,1374,8453,61930,44045,15031
2023,5,1,31377,24423,75423,98141,10446,2349,3191,3730,2667,5175,64069,10624,19520
2023,5,2,20319,55867,13720,28959,6060,2349,3812,4008,3762,9830,10113,38793,36227
2023,5,3,80166,98854,46520,18619,77136,2349,1438,3511,1338,6860,23004,16282,40565
2023,5,4,2732,41196,66867,21752,72723,2349,2375,3041,3153,6095,38351,18436,30936
2023,5,5,82322,62165,78222,72437,73385,2349,2581,4902,4891,8210,88520,47027,4687
2023,5,6,81017,96311,21891,28708,79524,2349,1843,3606,2441,7428,20357,25164,44895
2023,5,7,997,2734,84558,4151,15181,2349,4715,2501,1424,8586,86289,41161,22909
2023,5,8,28976,13871,61064,48867,4323,2349,2245,1386,2246,8282,14046,16252,15936
2023,5,9,45383,17242,56728,64177,87303,2349,692,3298,1170,8278,17610,11350,27086
2023,5,10,79510,38516,8852,97287,79157,2349,3447,3131,1482,5862,73349,29686,11494
2023,5,11,31798,35596,31378,10396,19732,2349,3516,1958,4016,5244,29289,16318,11776
2023,5,12,18682,1334,54617,14852,41583,2349,1201,2444,4636,5646,34730,13792,29770
2023,5,13,62898,39530,38276,4614,5392,2349,651,2188,2220,8142,47584,33303,11626
2023,5,14,43804,16101,64769,22820,57697,2349,988,1377,1743,6457,15170,19678,10411
2023,5,15,56227,33782,7123,90864,1539,2349,4655,1584,2733,5872,85400,12526,8205
2023,5,16,70909,52404,56665,18129,34432,2349,2783,4586,3053,5112,33757,10749,20601
2023,5,17,92962,39247,3480,4706,15705,2349,735,1930,1193,7857,79145,29083,11060
2023,5,18,56062,83802,59871,70147,43085,2349,4622,3992,4026,6286,48472,14810,11624
2023,5,19,83240,66256,59397,36293,65159,2349,2041,3120,2400,6872,79177,14456,43155
2023,5,20,94285,86265,52740,55478,84122,2349,912,1534,2037,7134,43032,25121,31885
2023,5,21,88758,32655,5466,19137,95293,2349,3946,3531,1544,6694,14823,18055,3938
2023,5,22,52849,78218,76176,1602,61442,2349,1057,1460,2968,8796,27554,16892,21705
2023,5,23,50682,78467,31328,99071,5602,2349,4192,1430,3365,6009,46198,18657,24360
2023,5,24,66300,30145,13542,2844,89840,2349,898,4039,2933,6860,60640,34375,44717
2023,5,25,1482,43051,56453,75802,61847,2349,594,3879,3825,8273,27950,12598,34008
2023,5,26,72633,18495,11490,95998,14504,2349,1007,1614,4184,9106,99998,10375,7688
2023,5,27,89265,37249,69415,28551,67027,2349,4277,4859,3105,5729,77013,10494,30056
2023,5,28,86089,43960,96536,64915,42234,2349,692,4865,1376,7076,27215,40186,40838
2023,5,29,67574,74575,87342,71758,35475,2349,2132,4738,2291,6214,69640,40669,3692
2023,5,30,97954,15270,25530,87411,1000,2349,3714,3439,2853,6434,68353,10182,18895
2023,5,31,92439,50399,36305,84474,60284,2349,4659,2856,4445,8352,15965,12552,29872
2023,6,1,98098,47362,72040,65997,17003,3279.83,612,2271,4589,7712,49622,23483,12709
2023,6,2,22779,53063,52690,74380,37768,3279.83,3169,4517,1754,7642,64801,13318,7776
2023,6,3,58654,9010,77452,53359,24976,3279.83,1753,4424,1084,7594,10850,48086,33723
2023,6,4,52854,2075,96710,7443,69787,3279.83,926,2564,1502,7240,83295,19865,12685
2023,6,5,7743,66465,74384,34527,34107,3279.83,1180,4111,4545,8632,62469,39520,5537
2023,6,6,18707,14224,28946,49791,54368,3279.83,4228,2220,2791,7290,31015,38929,1446
2023,6,7,89975,11942,31494,5721,61909,3279.83,1937,1002,2604,6320,20528,31710,14789
2023,6,8,21857,78062,40823,86403,13046,3279.83,2274,1751,1814,9822,81542,18374,19644
2023,6,9,88290,12123,28159,57433,39413,3279.83,1362,4386,2466,8424,51458,15726,9174
2023,6,10,58997,43397,51730,56601,9717,3279.83,4663,2925,3022,7378,50679,46067,38610
2023,6,11,81481,42954,44172,31700,80526,3279.83,2637,1398,4187,7147,42598,43600,25714
2023,6,12,72674,38961,39339,76492,99521,3279.83,2218,3516,4193,9878,31468,10261,40798
2023,6,13,15261,52484,24539,98284,14321,3279.83,702,2153,4523,9756,60204,31400,25218
2023,6,14,96939,29194,16567,51127,26341,3279.83,4726,1490,4477,6806,91857,13997,9165
2023,6,15,91214,34076,88866,41759,60727,3279.83,3372,1982,4169,5830,74269,19841,36686
2023,6,16,34481,1325,48347,69004,56198,3279.83,816,3136,4095,6652,17078,46788,8551
2023,6,17,8838,65341,12154,39667,65757,3279.83,3663,3322,4437,8880,15080,31515,4011
2023,6,18,11919,33453,7503,1088,92716,3279.83,2280,2195,4447,5627,96198,11300,48124
2023,6,19,10530,12954,8782,64626,46275,3279.83,2765,1926,4735,9918,94778,26843,29396
2023,6,20,10282,64794,50166,81071,40027,3279.83,2586,1944,1402,6262,69383,24117,31599
2023,6,21,34564,23016,51313,34012,8643,3279.83,1008,1058,1815,9198,16501,39441,13863
2023,6,22,60537,94267,94554,71624,537,3279.83,4818,1644,1934,5374,16490,26854,5684
2023,6,23,12935,20827,78799,60689,57267,3279.83,4806,1829,2549,9910,42192,12543,14534
2023,6,24,16334,48201,48068,9501,95694,3279.83,3942,1229,1538,9847,44204,42075,30921
2023,6,25,81883,9024,19245,68711,40360,3279.83,565,4645,3310,5790,46685,21928,27485
2023,6,26,55250,31492,30111,42799,315,3279.83,1693,2999,1855,6113,42499,32548,22303
2023,6,27,17034,7794,5131,8573,83993,3279.83,1999,1758,4709,6243,34585,31420,49335
2023,6,28,63729,30151,1066,28391,20866,3279.83,1671,2466,1198,6781,35264,45908,47752
2023,6,29,69084,23311,45260,22291,59424,3279.83,1191,1456,1904,6321,11110,45897,37760
2023,6,30,42008,18380,61772,16718,70976,3279.83,4489,1055,2858,7658,95797,30076,46357
2023,7,1,62469,72543,41605,59250,24160,1913.74,4685,2469,4124,6975,13794,12970,3866
2023,7,2,54519,83349,15141,30840,1082,1913.74,4199,1634,4160,9102,13584,15022,27390
2023,7,3,86758,57843,61080,68665,69993,1913.74,4674,2460,3698,5272,91710,37857,41156
2023,7,4,26497,52748,85327,41973,36075,1913.74,1560,1196,1918,6700,37784,18712,8571
2023,7,5,20442,26984,45165,25954,65604,1913.74,2822,2361,2498,5254,37377,12490,18304
2023,7,6,46410,52053,44951,60108,41036,1913.74,4316,2531,1528,9642,25855,41834,3013
2023,7,7,24565,87416,32428,32836,80468,1913.74,2186,1826,3547,7350,43214,29150,20212
2023,7,8,55655,87389,47864,14505,92643,1913.74,1994,4052,3645,7806,99159,44680,35242
2023,7,9,41310,29829,78564,47069,45823,1913.74,518,1578,3186,8076,12918,38653,4419
2023,7,10,40598,45409,5915,54145,49112,1913.74,3294,1117,1516,7510,35621,29159,49129
2023,7,11,82752,62616,84564,36397,50912,1913.74,1076,2220,4902,9639,55641,25725,1350
2023,7,12,30410,60896,46113,38596,31282,1913.74,3601,1878,1094,9515,26022,10205,49335
2023,7,13,14996,75669,97675,67864,73179,1913.74,3374,1868,2262,7937,17364,29526,33296
2023,7,14,98013,56106,88099,27915,82097,1913.74,3639,2506,1984,6103,67453,18214,43740
2023,7,15,15438,11055,24147,42885,76922,1913.74,4441,3268,2188,7116,76132,15367,1422
2023,7,16,66764,89507,87649,95379,87445,1913.74,4904,1808,3783,6014,29722,17232,12679
2023,7,17,23095,49715,96091,44082,15818,1913.74,1349,2607,1910,6847,90491,34223,13544
2023,7,18,3368,9933,8845,45556,27049,1913.74,2274,1382,1678,5130,11094,44630,34977
2023,7,19,10306,96799,96439,79089,59801,1913.74,2672,2894,2227,8762,43327,16098,42514
2023,7,20,22307,56029,55652,29609,92876,1913.74,3831,2594,2427,5360,58150,15827,12495
2023,7,21,24004,51777,25992,31191,49404,1913.74,2172,4708,4683,8611,55149,20836,47886
2023,7,22,81125,17822,20083,89704,76585,1913.74,4099,2006,1590,9751,44850,45018,29763
2023,7,23,48598,75034,57613,21025,14062,1913.74,3204,4416,3891,5547,85606,33294,32115
2023,7,24,43434,27780,9356,4469,82743,1913.74,1656,1814,3677,8091,69921,25261,14505
2023,7,25,57854,84021,90504,93644,70124,1913.74,726,3721,3091,5262,56097,14314,1706
2023,7,26,44741,9302,11569,44984,21202,1913.74,4630,4634,2658,7980,85454,40400,13528
2023,7,27,84842,43464,20619,83519,21555,1913.74,3780,4407,2263,5635,89402,43739,6892
2023,7,28,33694,44417,12461,76785,73395,1913.74,586,4486,1136,8208,79470,31764,34910
2023,7,29,91736,90453,12751,49394,94438,1913.74,4793,1270,3019,6763,79148,29573,14557
2023,7,30,50007,54281,75333,57271,36269,1913.74,1009,1313,1016,9821,63097,15249,31088
2023,7,31,81083,29738,49736,91646,7946,1913.74,3409,4681,1009,5032,65426,46798,45558
2023,8,1,55221,42429,25088,98336,21578,2163.48,3342,2209,1345,7886,28477,43784,21014
2023,8,2,89326,14791,19288,69147,94240,2163.48,1580,3976,1258,8226,48274,46181,1788
2023,8,3,97988,47956,82192,50500,13382,2163.48,3919,4953,2770,5358,99641,18704,28990
2023,8,4,96372,64336,1557,9070,86300,2163.48,2853,1258,2528,8493,61122,21768,46387
2023,8,5,89382,27703,12097,6358,2281,2163.48,2539,1620,4677,8726,83471,17674,10371
2023,8,6,96424,17391,39365,84194,92749,2163.48,4892,1918,4692,7801,14541,22343,5358
2023,8,7,74188,33747,97968,68068,72240,2163.48,4835,2973,4496,8284,84330,38128,25442
2023,8,8,45007,53222,54749,69685,20656,2163.48,4095,3431,3313,9811,17624,47414,4572
2023,8,9,51522,43870,2887,71214,71671,2163.48,3557,2209,2525,7876,30276,39765,17428
2023,8,10,99671,86465,17739,19167,54749,2163.48,3646,1106,1642,9504,85790,42297,18421
2023,8,11,99319,26238,25729,87633,22402,2163.48,886,3922,3574,7932,45135,41596,9706
2023,8,12,21712,55045,53806,5589,62922,2163.48,716,3943,1897,9443,98109,16004,1766
2023,8,13,97865,88108,74105,69507,32855,2163.48,3155,2173,2484,7862,36157,24885,9895
2023,8,14,96294,37556,98808,99868,41840,2163.48,2815,4902,1386,7972,85490,44612,10295
2023,8,15,78406,30845,73556,65304,10288,2163.48,4652,4503,1123,7522,10361,17966,38017
2023,8,16,90004,88518,57504,92488,25106,2163.48,2372,1398,2567,5072,37617,39406,10013
2023,8,17,92826,45433,69309,8165,23405,2163.48,2776,3161,1994,6331,83464,28634,4799
2023,8,18,80700,23118,53138,56824,53226,2163.48,2153,3228,3368,9656,35715,19660,13500
2023,8,19,49669,69440,31224,13588,1971,2163.48,2993,4796,1976,8653,11870,36732,35193
2023,8,20,43452,22090,4894,61799,14773,2163.48,874,1918,4179,7148,52295,47404,4711
2023,8,21,23421,34449,40634,8141,90457,2163.48,2965,1476,2140,5540,70063,30462,42701
2023,8,22,67085,89409,75259,14061,78062,2163.48,792,2864,1660,8182,99662,31432,44572
2023,8,23,26749,90095,43257,70928,50017,2163.48,3331,4788,1351,5316,14281,12666,45552
2023,8,24,18018,48599,25988,96510,14140,2163.48,1971,2575,1810,8582,27988,46223,12403
2023,8,25,63154,28781,50441,96166,67171,2163.48,3949,3918,1549,7206,64845,22917,1798
2023,8,26,99110,49530,29058,61814,91198,2163.48,4972,4214,1937,7312,22075,22428,43339
2023,8,27,69715,99048,20004,87878,83982,2163.48,914,2134,3124,7206,59651,10294,47992
2023,8,28,17348,3601,70566,90249,7159,2163.48,3165,1268,1291,8574,84433,17692,1763
2023,8,29,1914,15758,18056,93851,73070,2163.48,2630,4136,1070,5276,47013,11736,6484
2023,8,30,16978,47466,2998,26454,14711,2163.48,3099,2057,3952,7338,22305,12232,29001
2023,8,31,25428,51823,28732,43071,10397,2163.48,1911,3661,1122,6319,38863,18343,13165
2023,9,1,71494,77480,14685,40480,40845,1426.73,3808,4661,4896,8662,19371,18896,20548
2023,9,2,3361,67781,84201,93378,90086,1426.73,654,3259,1606,9166,85008,14910,40312
2023,9,3,62843,13670,10185,65514,52534,1426.73,3315,4026,2358,9351,64505,29554,44880
2023,9,4,26251,38314,84216,16147,54927,1426.73,1394,4639,2719,5594,84368,44157,19940
2023,9,5,92259,19525,52417,27653,30455,1426.73,2563,3296,2446,9099,58809,36331,3777
2023,9,6,63979,83477,60358,2689,22828,1426.73,2242,4077,1770,5628,81575,17159,41216
2023,9,7,2749,99322,41799,6821,1269,1426.73,977,4878,2042,9745,53882,42496,26167
2023,9,8,23523,62798,85794,7321,81897,1426.73,3651,1758,4431,5910,48562,33610,10955
2023,9,9,77928,47157,32689,73809,46319,1426.73,2319,1702,1289,9117,72238,13909,30616
2023,9,10,41636,89568,73788,3678,59314,1426.73,1173,4187,1819,8318,13024,38715,44022
2023,9,11,59274,66511,50943,20057,86871,1426.73,3666,4798,4365,6354,54958,25683,15857
2023,9,12,83323,12278,91102,45964,11395,1426.73,1224,4381,4259,6363,73058,44924,29693
2023,9,13,60385,85584,44112,67204,255,1426.73,2271,1768,3480,6436,95935,20351,16971
2023,9,14,55422,99602,85150,34787,52309,1426.73,948,1270,2384,7923,97945,30130,40108
2023,9,15,47616,24170,49512,16875,40533,1426.73,1799,1842,1722,9078,84472,41110,38922
2023,9,16,89234,73096,16990,22714,12661,1426.73,3064,3081,2526,9140,11502,14834,12925
2023,9,17,1025,63338,16817,53409,31261,1426.73,4890,1886,1158,5753,12102,12166,14762
2023,9,18,54675,90254,29435,95532,12516,1426.73,2993,1748,3353,9983,40814,16013,13907
2023,9,19,99260,231,84096,11786,44797,1426.73,2971,1650,1652,6139,15581,14265,36964
2023,9,20,40901,81824,9493,12535,97578,1426.73,4700,3603,3199,7942,64134,14144,37947
2023,9,21,84394,33481,75168,4100,3464,1426.73,966,4074,1212,8424,47212,11008,15982
2023,9,22,7523,40184,23181,90528,66324,1426.73,4792,3575,1937,5158,52462,34514,5114
2023,9,23,84936,93515,3118,13135,64002,1426.73,1553,4747,3436,6914,68846,36899,33605
2023,9,24,77703,88959,72326,93915,93167,1426.73,1274,2040,1073,6526,15144,17506,19538
2023,9,25,65921,28712,82324,19210,59349,1426.73,670,4283,4652,9545,73769,17316,1138
2023,9,26,73150,60324,89753,6586,38397,1426.73,4836,1098,2557,8513,26365,14160,8599
2023,9,27,68052,97640,90468,60477,8447,1426.73,4224,1448,1746,7899,19866,19638,48036
2023,9,28,69038,80005,63082,30042,69550,1426.73,3694,4050,4878,8447,81987,18274,3204
2023,9,29,3398,58176,84373,67307,6689,1426.73,4381,1091,4729,9708,51567,49527,27090
2023,9,30,29237,87144,56599,55983,5044,1426.73,4781,1758,2883,7862,20473,48784,16528
2023,10,1,75520,7835,37296,20319,6174,1916.32,3716,4348,1294,8246,87388,33383,5570
2023,10,2,31757,78481,74465,62958,46400,1916.32,2193,3543,1942,8175,54938,29821,40345
2023,10,3,39309,45371,42705,93524,82196,1916.32,940,2714,1358,8236,78033,21847,41489
2023,10,4,60158,18102,86196,82804,9124,1916.32,2539,1768,4768,7003,15374,31167,39937
2023,10,5,47348,96030,81063,60643,60558,1916.32,936,1217,2722,6346,19490,29917,2353
2023,10,6,91009,10682,53985,6684,48918,1916.32,3530,1734,1014,8694,16470,25593,32018
2023,10,7,21015,40770,16474,5783,64125,1916.32,3301,2824,4043,8738,88466,25952,36662
2023,10,8,3069,28930,42170,792,28450,1916.32,2060,4458,3943,8422,42493,44212,18263
2023,10,9,99414,71024,69639,65884,18454,1916.32,1477,4467,4989,8614,61601,15466,44221
2023,10,10,27316,14904,43291,76359,65620,1916.32,3662,3687,2037,7184,85830,21839,31757
2023,10,11,45447,99244,57650,24390,50288,1916.32,4953,1053,2517,9192,31936,11952,1214
2023,10,12,48813,73414,61791,154,47716,1916.32,619,1302,4647,8909,67741,36618,23393
2023,10,13,7018,86405,21658,408,79941,1916.32,2246,1574,3083,9895,66127,39722,23841
2023,10,14,96390,51081,55776,83907,22024,1916.32,1229,2187,2477,8020,14802,41545,37713
2023,10,15,7765,19313,32929,78764,94575,1916.32,772,2943,3425,6790,18350,33365,1350
2023,10,16,77231,56949,25104,16666,53196,1916.32,1388,4584,3662,8515,49843,30686,41231
2023,10,17,82580,56073,84226,76410,40445,1916.32,2954,3208,2231,7126,43323,18157,37919
2023,10,18,67904,58705,52453,87682,28448,1916.32,1046,2029,4103,5014,38695,47299,20804
2023,10,19,20085,61436,63236,78748,56303,1916.32,785,1942,1016,5110,31643,25947,13079
2023,10,20,47930,49598,90509,71513,16832,1916.32,4669,1086,3888,8473,88767,14778,33832
2023,10,21,29277,76167,75717,89733,88669,1916.32,2031,3752,3550,8822,15434,31205,30764
2023,10,22,79698,79637,36440,65201,39648,1916.32,2499,2576,4031,8728,59088,17214,18083
2023,10,23,64544,65110,68301,73432,23583,1916.32,2118,4211,3234,9186,58943,38254,7069
2023,10,24,66303,62327,63359,74853,12593,1916.32,1057,3641,1846,8848,90193,11410,17211
2023,10,25,76931,14046,90422,27314,28405,1916.32,879,2947,2322,9180,82730,37257,15862
2023,10,26,52601,26201,56469,2187,45388,1916.32,890,1689,4089,7606,11602,23033,31764
2023,10,27,87361,75304,31676,50560,84152,1916.32,3404,2434,2265,6006,19018,47022,38221
2023,10,28,26040,31980,89970,89715,11160,1916.32,1971,3759,1038,9791,65945,26991,39053
2023,10,29,81555,22738,5033,91996,42888,1916.32,598,1022,3229,6120,80807,17380,7927
2023,10,30,1277,50564,61167,69894,10742,1916.32,1915,3133,2893,6484,42847,25404,15915
2023,10,31,62290,36171,5516,93894,85962,1916.32,885,3867,1108,5917,75862,19788,37813
2023,11,1,7243,16389,83425,70299,13548,1749,2926,4111,3323,8352,74852,10589,17158
2023,11,2,41088,27986,24835,14325,87185,1749,2965,3354,2105,6858,18640,26269,16591
2023,11,3,57744,93183,86819,50014,85397,1749,1560,2639,4347,9985,79289,11610,22960
2023,11,4,33495,83568,67007,78170,57739,1749,958,3825,1196,9945,29501,23380,8211
2023,11,5,96537,22467,96736,84994,25678,1749,1263,4772,1180,8876,49785,15846,22403
2023,11,6,37393,32699,9973,43093,82684,1749,987,2529,2828,9345,10698,46919,39262
2023,11,7,87556,15810,45745,90104,62108,1749,3484,4995,1694,6571,76340,12196,41599
2023,11,8,98974,37604,72219,30911,18390,1749,3244,2133,1053,8216,15225,14974,38356
2023,11,9,63831,77565,2618,53011,6910,1749,4929,1644,1829,8134,14870,40288,29669
2023,11,10,53625,80757,15284,393,57328,1749,1486,2653,1168,8704,19915,13968,41625
2023,11,11,67060,68160,52455,54466,42729,1749,3201,1558,1596,7171,75920,18505,17680
2023,11,12,73192,75851,95675,35021,37877,1749,628,2852,2351,6944,16498,16646,46596
2023,11,13,14921,81083,23685,60501,26139,1749,820,4550,3111,6558,64015,20839,43600
2023,11,14,77307,88569,93750,38903,15740,1749,3759,3930,1871,9434,40303,49747,19670
2023,11,15,32382,15613,7600,26085,38909,1749,2115,3829,3278,7151,30681,39417,32197
2023,11,16,77104,87854,65320,5215,97481,1749,2405,4786,2902,5022,30040,49994,29335
2023,11,17,88528,70152,38925,50400,5938,1749,614,3318,2543,8206,80755,16452,45580
2023,11,18,22647,57871,36634,35925,91375,1749,1693,3477,1406,7012,90043,18999,17315
2023,11,19,2699,98801,43786,20602,1307,1749,595,4833,1681,5871,40232,32618,40178
2023,11,20,21452,6732,37290,48995,97182,1749,902,4827,2266,8431,72103,33640,18045
2023,11,21,35746,80150,68470,7266,53514,1749,1264,1212,2312,6402,76813,24970,8513
2023,11,22,26580,63761,64805,3261,89632,1749,2231,1082,4471,9520,76429,41652,21389
2023,11,23,73917,8228,77832,66183,76660,1749,1175,2404,1436,9298,36021,49949,16288
2023,11,24,9510,12287,72514,83174,48689,1749,3144,1619,3086,9300,11232,19070,49327
2023,11,25,60689,13464,46505,5161,69336,1749,3164,4603,1161,7348,25785,15650,22934
2023,11,26,23636,91961,36577,70072,42958,1749,1372,2466,1236,8886,35639,16276,38951
2023,11,27,24565,10136,57896,54004,49436,1749,3073,1476,1206,9577,47988,15846,35480
2023,11,28,42512,11153,60585,90025,68501,1749,4196,2135,4682,7124,78558,37639,36371
2023,11,29,56075,81284,6458,57311,40170,1749,4938,1085,3584,7834,35088,18020,8450
2023,11,30,99666,24514,60849,14961,44092,1749,941,2954,4988,6526,18670,19394,8837
2023,12,1,23527,13329,73931,7003,91888,2556.39,3077,4522,1472,6739,46043,18370,27923
2023,12,2,76679,27129,77766,90865,78570,2556.39,529,3082,2985,7394,63525,31821,12138
2023,12,3,54136,66480,18162,30662,92162,2556.39,1261,2039,1331,6543,39042,44570,23003
2023,12,4,44466,2120,50445,95198,55211,2556.39,4377,1888,3615,8494,39104,17542,46488
2023,12,5,10632,45987,21620,83617,67828,2556.39,1789,1962,2976,9951,68975,26489,35145
2023,12,6,39306,95237,8530,75637,11781,2556.39,1558,2597,1042,7002,84146,21252,47572
2023,12,7,83490,4877,69494,23458,3371,2556.39,1993,1446,4583,9964,30322,22411,8598
2023,12,8,65110,12113,60726,49438,12064,2556.39,926,1368,4937,8920,43357,12306,29702
2023,12,9,98379,96268,25668,64421,99623,2556.39,673,4463,4689,5166,22920,34412,9814
2023,12,10,80116,81267,64767,34700,61231,2556.39,3462,2691,2200,8384,92128,35615,45089
2023,12,11,80241,34408,3337,5179,85215,2556.39,4599,3593,1338,6618,48013,25286,13046
2023,12,12,26433,50039,74751,57474,5205,2556.39,3237,1310,1182,6016,36371,22871,14023
2023,12,13,84445,9834,15563,7997,60373,2556.39,3612,1236,3450,6610,62143,10016,24044
2023,12,14,26346,36743,43610,18362,53362,2556.39,3648,1145,1661,8398,69970,13218,41624
2023,12,15,98773,78209,64891,94062,67564,2556.39,3284,2007,2446,8846,60004,37818,1262
2023,12,16,22890,19969,44784,97692,83269,2556.39,2708,1940,1974,7669,44326,29734,6927
2023,12,17,25645,54327,42232,83659,39077,2556.39,1876,2849,3113,8118,48262,40677,28554
2023,12,18,45732,31547,59037,73178,46745,2556.39,2347,1982,1470,8483,83677,19950,35393
2023,12,19,61762,57738,97298,21783,75408,2556.39,2868,2403,2302,6966,17126,17731,7977
2023,12,20,38654,64290,5581,61767,92408,2556.39,3795,3138,1740,7832,27667,14836,20195
2023,12,21,79577,21368,50823,34938,59851,2556.39,1269,1611,3589,9919,59746,11446,34501
2023,12,22,77896,27615,17753,6550,37715,2556.39,4280,2719,3103,9860,70837,41862,18814
2023,12,23,50055,55986,46354,68147,170,2556.39,2983,4745,1578,7620,31034,21589,24021
2023,12,24,34658,37305,93202,59600,57224,2556.39,4947,1470,1132,7699,58019,34627,2948
2023,12,25,12866,32301,43699,12321,28513,2556.39,4182,4919,1873,8710,79417,37042,30889
2023,12,26,40909,12401,66788,52648,12559,2556.39,4237,3567,1478,7438,23166,25053,47823
2023,12,27,86738,99467,76524,83651,77166,2556.39,4630,1270,3194,8328,18870,11707,34543
2023,12,28,9217,22886,6627,12442,73421,2556.39,4483,1370,4796,5256,83328,43706,36044
2023,12,29,96798,7566,23626,48276,41356,2556.39,3328,4444,1258,6203,28094,39775,46793
2023,12,30,746,62725,46159,293,57406,2556.39,1999,2973,2745,9964,95415,27518,14861
2023,12,31,37373,94899,24551,68521,77522,2556.39,2226,4318,1795,8846,38945,23150,7879
