year,month,day,sales1,sales2,sales3,sales4,sales5,rent, employeePayment, electricity, gaz, vegetables, meats, otherIngredients, publicity
2010,8,15,60706,54935,68934,53398,30606,2385.35,2505,1279,1526,5156,16580,10847,20441
2010,8,16,35334,57827,13409,85818,59614,2385.35,3592,4842,4154,8150,56719,16270,47914
2010,8,17,3198,20024,21910,85427,31035,2385.35,524,1739,1910,9190,61488,31075,29185
2010,8,18,25984,58994,83708,95998,7920,2385.35,3196,3252,1171,6605,29069,25784,41993
2010,8,19,50871,7662,55627,5025,55024,2385.35,2646,3220,3721,5907,43647,46107,12346
2010,8,20,5092,80257,4199,21914,69448,2385.35,4341,1782,1032,6106,24131,48951,15688
2010,8,21,45041,97329,92204,11212,286,2385.35,1995,1155,1637,8973,72531,16661,37625
2010,8,22,37672,10178,91234,2745,2438,2385.35,3851,3880,1489,9401,45794,17288,1233
2010,8,23,85089,15136,29071,26122,68184,2385.35,1424,4575,1881,9980,40787,33518,19554
2010,8,24,53957,94135,51026,15595,19461,2385.35,3607,3483,1526,9840,76227,10122,23557
2010,8,25,91074,91431,76404,38915,10832,2385.35,1202,2272,2332,6526,54745,21867,22198
2010,8,26,71178,62522,51444,54412,62502,2385.35,2929,1458,4068,8955,48404,19550,8583
2010,8,27,28864,13364,28364,78950,69556,2385.35,2824,1980,2372,8466,15894,39556,4591
2010,8,28,62778,72097,68181,16463,73721,2385.35,3329,4898,1798,6124,15661,14300,22926
2010,8,29,31059,53591,97111,50128,58898,2385.35,534,2761,1902,6752,66710,44784,45515
2010,8,30,54314,14536,21766,83039,55116,2385.35,2594,2892,1108,6262,50706,16180,4012
2010,8,31,30052,89037,77431,31850,11513,2385.35,2501,2571,1682,9611,92698,11168,43092
2010,9,1,14058,93341,46707,63781,76404,2382.57,3094,2290,4608,7484,78757,33619,41492
2010,9,2,40079,96650,26080,47205,63709,2382.57,3607,2744,1042,7262,80608,29134,8613
2010,9,3,70663,23180,92169,80274,32230,2382.57,1751,1287,3792,9628,10067,13110,14100
2010,9,4,22653,44514,23838,68613,61998,2382.57,3584,3427,1200,9336,81983,29303,2595
2010,9,5,53276,75591,48400,5671,33752,2382.57,4804,4413,3539,6658,84686,12454,29009
2010,9,6,57424,52790,63409,81216,83952,2382.57,2762,1603,4341,7951,75216,46338,23476
2010,9,7,40546,43801,31119,56142,54816,2382.57,1796,4443,3692,6582,30113,38795,13102
2010,9,8,45557,81270,43209,14096,24594,2382.57,4864,2016,3388,8272,79584,47339,44247
2010,9,9,68101,93699,3943,18794,31651,2382.57,554,3547,4310,5212,61040,44126,29159
2010,9,10,75704,12838,18570,80748,29386,2382.57,4542,1293,4951,5510,10786,20896,48683
2010,9,11,23349,36606,69265,36737,31230,2382.57,4075,1372,3899,8018,34474,13812,48849
2010,9,12,33529,65959,11801,72840,28560,2382.57,3317,4262,2030,7574,85009,47767,22842
2010,9,13,66921,20904,39061,13224,83654,2382.57,4119,3354,3757,6776,60090,44987,10801
2010,9,14,18585,94167,77021,93836,48537,2382.57,736,3416,3805,5082,87607,38716,27848
2010,9,15,1730,70925,59332,3760,89163,2382.57,1526,2434,1596,6938,85657,31601,10693
2010,9,16,67740,69777,4956,81497,39513,2382.57,2835,3096,1138,6208,51931,40452,15047
2010,9,17,64056,69020,38869,74213,81556,2382.57,2928,3285,3752,9066,13614,19267,42829
2010,9,18,32953,71276,91702,30901,78214,2382.57,2501,2304,4839,7457,60153,19351,43712
2010,9,19,98856,19341,93800,74420,55549,2382.57,4871,1920,1101,6454,10167,29009,12083
2010,9,20,12920,23097,28647,43025,11708,2382.57,2291,1011,4669,5654,91911,14235,32043
2010,9,21,80408,20766,92892,60248,54575,2382.57,950,3429,3737,9750,44200,10637,3045
2010,9,22,68185,75424,96594,99287,45515,2382.57,3295,4786,1208,6941,17810,24268,23113
2010,9,23,5336,96454,35280,41358,83150,2382.57,592,3557,4308,8483,40156,18882,43544
2010,9,24,17881,36107,88664,6618,42209,2382.57,2254,1745,3286,6678,26031,20152,32864
2010,9,25,3313,70679,44939,65873,43972,2382.57,590,1326,1116,7118,14040,17416,12749
2010,9,26,35316,62608,22261,15976,11092,2382.57,1209,3971,1226,9872,51940,39787,28769
2010,9,27,72736,35547,16533,97374,32099,2382.57,2525,1670,4593,9886,17634,23564,42564
2010,9,28,91565,74128,39223,67119,65900,2382.57,821,2566,1646,8876,49893,36288,46239
2010,9,29,59554,1103,81612,90780,40975,2382.57,566,1126,1802,6910,27434,33900,49904
2010,9,30,72366,94960,85663,1959,23776,2382.57,522,1390,2423,8846,82458,19358,3297
2010,10,1,24632,93593,18885,5417,59838,3022.16,4969,2291,4488,5748,18265,19392,21526
2010,10,2,52668,64679,21195,66118,92113,3022.16,3483,3424,2108,7206,27199,10404,21447
2010,10,3,32317,58892,54181,79766,57702,3022.16,3452,2332,1278,9374,16430,16340,30207
2010,10,4,63862,69070,93633,33351,41171,3022.16,4094,3837,2928,6640,76306,11206,28250
2010,10,5,78087,31142,21169,35195,87936,3022.16,1950,1034,3611,9958,16368,31313,14721
2010,10,6,29042,89821,79998,69193,82157,3022.16,532,2370,4519,5516,95720,10689,34099
2010,10,7,23767,81167,20879,33047,87807,3022.16,4438,1794,4678,5607,17526,32613,47186
2010,10,8,36680,13037,69217,60291,11872,3022.16,2955,1834,1646,8620,10104,23913,35585
2010,10,9,54756,11989,36284,24275,23858,3022.16,1316,2623,4521,8546,80669,17327,48356
2010,10,10,2084,31460,83220,46763,3419,3022.16,4375,1702,1750,8592,12726,41916,1326
2010,10,11,50529,74696,82829,42286,29001,3022.16,1198,1862,2625,8833,40734,11482,9285
2010,10,12,17189,92051,25458,63062,96949,3022.16,786,4032,3937,9959,45794,14722,6127
2010,10,13,96969,25170,97454,27014,90114,3022.16,574,1994,3889,8934,99279,34241,14194
2010,10,14,93748,15478,34350,47725,663,3022.16,4206,2850,4837,8190,80911,46785,41436
2010,10,15,57142,77652,95818,27431,73963,3022.16,4786,1870,3133,8990,14295,39598,41612
2010,10,16,96434,99578,46593,85323,84041,3022.16,916,4139,4052,6617,41863,44714,12224
2010,10,17,78053,67422,12565,77890,18437,3022.16,4674,1929,2478,8022,19359,27792,9828
2010,10,18,12104,4147,48723,11589,2739,3022.16,1187,4171,1226,8272,13686,45691,29371
2010,10,19,26356,53115,89831,36760,39732,3022.16,1474,2783,1894,8086,95672,16886,48046
2010,10,20,70219,70347,42184,57697,40839,3022.16,1841,4294,2041,9158,97234,18246,27896
2010,10,21,96286,14774,16655,91586,95258,3022.16,2276,1612,1238,7107,58371,26697,17501
2010,10,22,25153,6198,44481,56972,50237,3022.16,2225,1806,1851,5761,10854,34041,40153
2010,10,23,43657,62696,53336,42050,63260,3022.16,3180,4544,1695,9834,51129,26952,16923
2010,10,24,93688,54759,14917,80654,31866,3022.16,2351,3369,1684,7354,30340,12425,39641
2010,10,25,8337,53919,99232,35188,19680,3022.16,4228,4687,4133,8916,21736,19206,10087
2010,10,26,55839,64917,28290,53886,41103,3022.16,2190,4789,1066,8458,15443,48745,45771
2010,10,27,68099,39147,72116,80289,90978,3022.16,4065,1340,4077,9308,50852,17522,18808
2010,10,28,1088,86434,4796,90221,75350,3022.16,3965,2539,2799,7254,11462,15254,26532
2010,10,29,99377,64967,44,49906,43426,3022.16,3650,2875,2336,7117,16336,44666,31839
2010,10,30,55926,83582,10332,61355,74583,3022.16,958,1348,3969,5062,82241,39318,11185
2010,10,31,17791,41207,3210,41942,44813,3022.16,2195,1092,1914,7192,10446,29377,4634
2010,11,1,75449,57253,59119,28919,81769,2392.7,1195,1426,4115,5108,56283,41651,3785
2010,11,2,49013,48305,5621,40272,30546,2392.7,3061,3104,4499,6354,49268,35485,11291
2010,11,3,23551,9810,71438,63494,36608,2392.7,558,2056,4418,8794,57326,12382,1640
2010,11,4,48177,58522,37888,28645,37423,2392.7,600,1435,2474,9102,26706,39372,44171
2010,11,5,53559,1120,77477,34411,17474,2392.7,4895,2375,1554,5358,20868,23161,26745
2010,11,6,8499,56144,1570,82917,50536,2392.7,920,1174,3768,9694,43708,21191,25248
2010,11,7,3866,30356,73979,62692,22624,2392.7,2063,2534,3155,5891,26944,35628,1380
2010,11,8,72637,46840,9357,25543,54524,2392.7,510,4373,2719,5964,78641,19607,46577
2010,11,9,8225,34097,84672,58346,43792,2392.7,4536,4008,1526,7038,43051,47710,44732
2010,11,10,20551,11468,90245,38706,57359,2392.7,685,1346,1546,6518,71888,10102,33541
2010,11,11,46619,3297,30628,65690,36274,2392.7,602,4497,1069,6319,11398,19860,25621
2010,11,12,97403,48731,221,72490,68597,2392.7,826,4146,4738,6795,27851,12097,43272
2010,11,13,10336,34890,74796,7067,34931,2392.7,4672,2900,4980,6634,79942,10450,46685
2010,11,14,47272,31591,47103,23341,67911,2392.7,4552,1278,1174,9772,54153,33624,49946
2010,11,15,19397,40705,72771,74135,17500,2392.7,2583,4186,3215,7379,67604,19497,16975
2010,11,16,40416,42277,17399,6748,63928,2392.7,4352,2551,3930,5622,50891,13192,47341
2010,11,17,39104,10445,94858,54132,86569,2392.7,2755,1938,1067,6877,96451,23566,49011
2010,11,18,60204,15387,84106,28419,9118,2392.7,2916,1778,1382,6694,88983,40617,1710
2010,11,19,79007,98336,18169,24289,71143,2392.7,3833,1597,1722,5042,80728,32424,19061
2010,11,20,30405,34836,4742,36472,61714,2392.7,1390,1916,2930,8070,50335,16810,17545
2010,11,21,28557,14604,24285,38895,96270,2392.7,4512,1627,2955,7680,15915,15449,13269
2010,11,22,33093,86101,42048,45301,51143,2392.7,2725,1547,3963,8818,34370,35676,39128
2010,11,23,66363,10761,73945,15645,71256,2392.7,4044,1164,1942,9372,71410,12094,40632
2010,11,24,44302,17275,43131,72257,81308,2392.7,4058,4399,2850,6105,59700,45345,25399
2010,11,25,85233,3778,43245,59196,68948,2392.7,1223,1266,3375,5168,67305,25982,27615
2010,11,26,42152,57703,92147,97387,88736,2392.7,994,3036,1672,9458,21644,12138,13558
2010,11,27,123,25703,92891,94325,88160,2392.7,4669,4744,2719,5836,65291,41666,2591
2010,11,28,60529,76516,93328,65256,78036,2392.7,1237,1558,4686,6778,33924,23421,10633
2010,11,29,13294,99167,56458,10477,23891,2392.7,2615,1486,1318,7458,51040,24668,44455
2010,11,30,50800,90711,14413,23519,89976,2392.7,1536,1855,2570,9736,32110,16957,29704
2010,12,1,73349,87145,86535,23085,37421,1672.48,2729,2938,4117,6420,93180,43571,26308
2010,12,2,52173,49897,30080,34030,938,1672.48,4828,1647,1032,9406,81622,31567,4748
2010,12,3,6235,48479,54138,97450,96941,1672.48,649,1640,4591,8535,19458,28363,21096
2010,12,4,94843,78806,31303,93960,42012,1672.48,3882,1080,4379,5174,44565,25316,24483
2010,12,5,5062,45746,83316,6926,86797,1672.48,3492,4382,1119,5268,13674,43060,31290
2010,12,6,80077,72482,29701,21020,41017,1672.48,4383,2210,1878,7037,62522,42945,5778
2010,12,7,87872,66405,3482,62251,16719,1672.48,3918,3132,1495,7180,45057,29643,14399
2010,12,8,51228,49902,39027,97347,8883,1672.48,1758,1274,4691,5632,26330,42059,45859
2010,12,9,74941,42066,44270,25875,5455,1672.48,718,3326,4548,5005,71928,22618,23144
2010,12,10,35756,25848,77103,62251,95785,1672.48,1894,2011,3412,7272,60710,13647,38512
2010,12,11,93131,17469,18959,44174,36632,1672.48,2584,1571,3706,6420,37446,18330,45289
2010,12,12,36350,72619,2487,42250,43976,1672.48,1219,4730,1614,8322,41980,28750,24416
2010,12,13,13186,50227,75763,1599,97499,1672.48,500,1980,1198,8416,67505,13858,2825
2010,12,14,95844,20090,34848,15902,33296,1672.48,566,2002,2615,7548,28245,21590,38646
2010,12,15,18316,9465,1321,51282,67787,1672.48,662,2324,4879,8614,98922,23730,43302
2010,12,16,24971,30520,30711,11615,81075,1672.48,3538,3269,4657,9738,18352,34304,48217
2010,12,17,58384,50586,70301,36000,94486,1672.48,2589,2801,3010,8910,80434,42148,48546
2010,12,18,18564,60467,89473,44795,48965,1672.48,3524,3934,1617,9235,85549,49043,4747
2010,12,19,13804,20440,58666,64813,90178,1672.48,4117,4913,3421,9417,14742,12906,17837
2010,12,20,34316,74854,42060,42326,50116,1672.48,825,3678,4312,6650,13473,48277,22495
2010,12,21,77749,98350,38564,29367,97585,1672.48,4761,2739,1818,6862,92552,17433,24113
2010,12,22,37615,58022,32347,56036,93791,1672.48,598,3105,4464,7420,86782,24579,49611
2010,12,23,82552,53961,59611,81865,10611,1672.48,1493,3358,2784,5056,34076,13838,39436
2010,12,24,25522,28839,45813,86426,98617,1672.48,3858,1231,2737,5124,17246,13066,4717
2010,12,25,52168,93913,50986,76632,53971,1672.48,2563,1521,1728,7173,34737,18690,37769
2010,12,26,32961,81231,7049,20745,82640,1672.48,3817,3160,2667,9270,10937,10334,7478
2010,12,27,39347,64796,37515,68437,83705,1672.48,1316,1754,1397,9234,12503,10367,46134
2010,12,28,80070,96419,63242,88150,39944,1672.48,1839,2903,1132,7990,10000,28200,47979
2010,12,29,4070,48818,2713,6737,33448,1672.48,4371,4146,4796,7574,57582,28501,13650
2010,12,30,24372,48899,14374,97121,7552,1672.48,3840,2621,4647,7081,92122,45942,43229
2010,12,31,85060,15315,68847,80621,61907,1672.48,718,1960,2663,7884,89063,27463,28847
2011,1,1,13435,66610,2683,91673,40544,2952.68,2395,1596,1908,9516,13344,21488,31184
2011,1,2,53357,966,27488,56790,9441,2952.68,1848,4754,2276,8821,12078,37474,23431
2011,1,3,30346,68988,31490,8231,74403,2952.68,1115,2836,1913,8797,95861,32456,8953
2011,1,4,16333,28257,38250,44593,74125,2952.68,1081,3832,3911,7146,10086,44703,1595
2011,1,5,66999,58823,35810,75627,97644,2952.68,3100,4340,4160,9190,52570,48562,38822
2011,1,6,19895,85039,2752,11809,20188,2952.68,616,1520,3220,5218,81112,33697,14965
2011,1,7,83165,13546,77530,68428,57115,2952.68,3131,4112,3325,5292,99739,17320,44504
2011,1,8,54115,62840,11661,94627,73782,2952.68,4541,3676,1252,9198,21836,17350,30584
2011,1,9,27257,82453,55033,86829,97671,2952.68,525,2186,1042,8824,65614,23156,36146
2011,1,10,8911,45098,47270,62236,60390,2952.68,4555,1720,2551,7567,25482,16333,13361
2011,1,11,38151,35024,26362,20124,63668,2952.68,2284,1856,2001,7316,94103,11024,48198
2011,1,12,29814,30982,58211,95857,45389,2952.68,4012,1310,1122,5276,49237,45663,23825
2011,1,13,45994,95145,76519,4898,52712,2952.68,2582,1734,2023,7896,27337,11190,2001
2011,1,14,28493,49622,7966,75494,26939,2952.68,1517,3103,4402,9466,68959,44790,2070
2011,1,15,34905,4325,81793,20179,86958,2952.68,2193,4303,1173,8711,54200,28884,31030
2011,1,16,60713,91783,86099,14088,72078,2952.68,1130,1148,4409,5447,92414,22699,13437
2011,1,17,73869,28933,95804,23271,40013,2952.68,4412,1268,1782,6204,27798,38748,31115
2011,1,18,47234,9992,38052,73407,68704,2952.68,3643,1544,1737,8814,76206,38814,8604
2011,1,19,84530,23689,5736,80292,79137,2952.68,2990,4356,3433,5145,92627,33445,48150
2011,1,20,96261,27040,91067,98051,59597,2952.68,1798,1829,3856,9708,96588,13911,18865
2011,1,21,49805,65232,59679,66542,36325,2952.68,1707,2206,1860,7598,33849,21413,2237
2011,1,22,8297,53192,40770,51730,68338,2952.68,1527,1908,1788,5196,78999,36384,33397
2011,1,23,61458,65799,59566,6666,7000,2952.68,576,3156,2736,6606,39697,40413,6154
2011,1,24,48844,27758,43972,24769,21552,2952.68,1181,1199,1011,6950,97929,15700,27821
2011,1,25,86700,49457,96650,63488,8402,2952.68,1223,1210,2799,5788,92876,31150,25650
2011,1,26,48295,13453,54307,86031,26412,2952.68,2795,1046,3113,6766,16374,26016,10357
2011,1,27,30939,12556,22217,61951,65858,2952.68,4002,2556,2305,5286,32395,10706,36498
2011,1,28,66302,64971,96917,40453,40760,2952.68,1602,1650,4597,9074,91435,46008,39793
2011,1,29,2618,584,37615,57083,53702,2952.68,4450,4640,1543,6694,62942,48752,3989
2011,1,30,24516,56945,1310,26821,47597,2952.68,2526,1026,1174,6430,87053,22138,1062
2011,1,31,40588,25009,77544,76537,17270,2952.68,3896,1238,1836,6510,93320,39615,35331
2011,2,1,42771,40608,13394,30790,3550,2178.79,618,1845,3455,8477,24442,29863,12147
2011,2,2,36004,71044,44891,86799,58098,2178.79,3738,3105,1856,6626,12278,46254,33381
2011,2,3,75524,36613,98520,52034,46285,2178.79,2532,1654,1638,5925,52547,48642,4487
2011,2,4,58072,7853,75489,37879,22682,2178.79,4094,3684,2325,5336,61835,11774,16283
2011,2,5,78718,21926,44880,89641,58552,2178.79,894,4074,4569,6198,86108,27205,11606
2011,2,6,55253,84993,82613,50347,97270,2178.79,690,1693,4363,7180,19152,32044,35160
2011,2,7,89815,93666,57082,77141,39003,2178.79,542,2719,2193,6498,23711,32096,35269
2011,2,8,94456,25959,66172,25378,26725,2178.79,2582,1976,4975,6214,48674,17244,18632
2011,2,9,36707,30368,38938,12422,87548,2178.79,818,2362,4878,7899,70854,30232,14862
2011,2,10,19520,26121,64304,93065,58971,2178.79,670,3426,3973,7683,78803,14108,38016
2011,2,11,76315,97738,55378,62642,99285,2178.79,4886,2342,4419,8823,64763,38318,4053
2011,2,12,33685,91934,32033,8564,76185,2178.79,618,1416,1466,9451,88767,17346,2887
2011,2,13,7467,13929,74108,37792,37964,2178.79,4840,1270,2000,7254,93271,16284,2911
2011,2,14,70622,23158,18627,21393,8334,2178.79,1063,3369,1675,8095,83284,17859,49742
2011,2,15,10983,38433,79916,72694,57884,2178.79,2022,1426,3962,9110,12590,36926,18683
2011,2,16,20393,14333,83909,3745,80902,2178.79,598,1523,1378,5006,89267,25022,27180
2011,2,17,21101,65331,83392,29128,73427,2178.79,1986,1530,1878,6516,73453,12991,16677
2011,2,18,61937,50476,44693,77251,17958,2178.79,528,4702,3516,8882,58446,18844,14185
2011,2,19,91617,44828,27293,8306,49834,2178.79,3327,2285,3242,6718,16412,38020,32913
2011,2,20,99747,13400,88781,4855,23005,2178.79,4197,4940,4061,5241,78543,13370,12234
2011,2,21,25778,9072,34425,4294,39861,2178.79,574,2828,4050,7424,56133,20235,9224
2011,2,22,56620,5813,7522,71215,22531,2178.79,586,3629,3684,8744,43483,26689,23934
2011,2,23,42953,44034,77982,88366,5627,2178.79,1736,1404,1948,5034,52049,38160,6525
2011,2,24,11736,48465,85989,82138,72173,2178.79,2373,1214,2933,6246,32709,36815,42122
2011,2,25,66532,8297,25445,20217,89016,2178.79,3257,1967,1340,7590,36685,17643,35281
2011,2,26,80468,4774,99048,62416,7286,2178.79,1927,1522,1836,5840,17510,38085,1098
2011,2,27,61389,36236,49582,25674,62482,2178.79,2488,4013,1938,8580,65581,45953,48643
2011,2,28,55918,78839,44274,17935,86429,2178.79,577,3247,1472,7886,45662,18746,30959
2011,3,1,78942,44742,84340,81857,62253,1679.81,3244,3487,3358,8917,77321,37000,22426
2011,3,2,97759,6335,60292,68396,71916,1679.81,664,2105,1869,8598,69885,14179,22597
2011,3,3,60528,53134,16263,61505,15148,1679.81,4930,4089,1724,8550,92297,48976,25632
2011,3,4,86696,35543,63817,41406,20812,1679.81,4757,4921,3823,5048,13294,35738,41138
2011,3,5,27646,60333,19196,60867,18931,1679.81,1398,4458,3565,7660,40962,40065,5433
2011,3,6,49644,70894,507,36369,85164,1679.81,698,3210,3345,5512,45967,15509,42804
2011,3,7,23002,40725,431,86825,12126,1679.81,3914,4770,1754,8109,16988,15714,20100
2011,3,8,63543,8387,95173,38460,16048,1679.81,3524,1390,4731,9030,16534,41246,2487
2011,3,9,21835,3756,45809,66532,85620,1679.81,3392,3621,3852,8823,95445,10977,41776
2011,3,10,85275,50713,17100,65706,8822,1679.81,1419,3715,2474,5896,27175,24873,34088
2011,3,11,61783,72052,56916,1514,17435,1679.81,2760,1250,4081,8568,38503,31052,25327
2011,3,12,96697,86897,89674,45549,35720,1679.81,1525,1996,2183,7258,12230,27356,1472
2011,3,13,74064,823,82425,16538,93766,1679.81,2762,1104,3002,9366,73413,31788,25952
2011,3,14,40005,16174,87409,35438,21094,1679.81,1489,2789,2808,5040,63337,14879,25913
2011,3,15,40339,86215,2225,8874,26191,1679.81,2581,1046,2448,5005,33143,16214,5275
2011,3,16,10957,40907,88114,25312,21937,1679.81,2099,3292,4051,9026,13729,15145,11527
2011,3,17,86773,46571,49287,15933,85438,1679.81,811,2127,1590,6080,51000,41381,28977
2011,3,18,4662,69935,41636,27111,54940,1679.81,4676,1802,2036,7789,15128,20324,41131
2011,3,19,25669,64659,48617,36072,25519,1679.81,1216,2290,1102,6855,28222,10705,12346
2011,3,20,45832,25386,69186,61022,8421,1679.81,2402,4434,1471,6374,56544,11411,36538
2011,3,21,51521,16221,43660,99909,80362,1679.81,962,2381,1762,8849,58453,15504,1219
2011,3,22,97548,9670,70038,22816,26525,1679.81,4872,3707,4997,5409,49729,14770,14613
2011,3,23,71948,68484,94205,78419,45226,1679.81,4829,3097,4672,9840,13005,30033,17101
2011,3,24,51059,99591,2416,83288,18441,1679.81,2386,2339,1889,7560,71506,29766,10869
2011,3,25,58388,37731,18474,14738,73141,1679.81,859,1542,3038,9334,23505,14615,34555
2011,3,26,73516,79688,27713,73188,95880,1679.81,3220,3290,1660,7978,46577,41452,40718
2011,3,27,32856,20316,23792,36098,64091,1679.81,863,2478,4379,5574,53567,22519,45298
2011,3,28,85244,49427,83959,54634,55842,1679.81,4248,1426,3503,6960,18895,15734,23817
2011,3,29,54030,88468,79025,10690,60456,1679.81,2141,4662,2268,9166,62111,26359,41954
2011,3,30,53934,44327,65190,3314,45016,1679.81,832,1610,4534,9791,10014,13464,18757
2011,3,31,49960,86844,2436,53463,156,1679.81,548,4184,1149,9156,81226,11854,37683
2011,4,1,99720,28972,68796,42005,91083,1742.6,2289,1666,1402,5602,80424,45451,45155
2011,4,2,57788,43387,96338,83931,44630,1742.6,3889,2824,3203,7416,47979,25885,19417
2011,4,3,89252,2164,68387,53825,99742,1742.6,712,1636,1286,5498,57817,41396,21344
2011,4,4,57005,86459,43158,33700,2062,1742.6,4150,4848,3319,7386,43778,27948,23582
2011,4,5,11256,94020,75773,15811,97723,1742.6,1695,1973,2267,5814,57150,16730,23752
2011,4,6,97777,17502,74174,98091,79352,1742.6,839,1355,4801,8996,70054,12886,48343
2011,4,7,88931,15557,13063,72250,73748,1742.6,1550,1354,2211,8674,17164,14933,23193
2011,4,8,48779,58860,68259,7398,85293,1742.6,757,3069,4261,6283,97511,38612,25409
2011,4,9,4626,19703,91320,55779,85052,1742.6,3992,3981,3281,8406,62582,33380,27726
2011,4,10,11599,95485,84735,95162,4160,1742.6,1446,4289,1524,8526,76686,12402,1899
2011,4,11,86466,42444,45472,62080,15079,1742.6,2043,1056,4037,8363,91834,14088,9335
2011,4,12,86089,828,54422,95723,55586,1742.6,4102,2184,3840,7684,78697,49351,33356
2011,4,13,65736,71497,34993,42846,32554,1742.6,1599,4018,1922,7070,97449,35552,11679
2011,4,14,26405,14494,21609,21794,22857,1742.6,881,1214,1252,6654,21018,10266,29795
2011,4,15,90011,16474,86096,35203,80311,1742.6,905,2397,1288,5897,21594,35193,14793
2011,4,16,47576,43194,4213,34401,26616,1742.6,4952,4372,1154,7912,91165,10734,1662
2011,4,17,87708,93400,80660,34681,50054,1742.6,2239,1158,4502,6678,91617,14812,18030
2011,4,18,88128,92523,93563,40768,28420,1742.6,961,2346,1054,6525,26747,17669,31509
2011,4,19,64539,46700,3394,97046,4613,1742.6,2407,3671,4310,9418,43351,17482,44560
2011,4,20,67449,80592,10780,1951,3926,1742.6,3115,3404,1271,6068,65524,39690,2397
2011,4,21,74538,91486,32038,65592,54363,1742.6,4613,3900,1835,6022,32297,42799,25137
2011,4,22,13918,1058,51471,18228,50476,1742.6,3943,4275,1765,6074,52578,12042,11175
2011,4,23,34823,2046,20448,46094,45075,1742.6,2136,1936,3808,8550,17907,48170,35972
2011,4,24,25662,17521,83423,47497,36879,1742.6,1648,2148,3129,8950,85375,49956,32073
2011,4,25,85645,90671,50585,93762,23097,1742.6,804,2919,1726,6251,20364,16633,3163
2011,4,26,28575,22501,2597,22383,73026,1742.6,1904,3686,1464,6678,62535,15222,36856
2011,4,27,35103,85536,91107,68232,60006,1742.6,4540,2002,3504,5124,55763,13210,42834
2011,4,28,38287,61568,80872,59846,4171,1742.6,1478,4096,3736,5426,71478,46762,1237
2011,4,29,82283,74735,11801,69362,77766,1742.6,3319,2867,4870,8860,97451,36228,24336
2011,4,30,77260,81992,14583,60764,17116,1742.6,3715,1753,3265,7582,47950,18787,20346
2011,5,1,74429,17885,22264,36207,5715,2650.81,4840,1826,2178,8414,74566,37865,35378
2011,5,2,97522,87434,14089,81948,1237,2650.81,4206,3227,1250,6321,16694,12830,1298
2011,5,3,36389,4800,16213,33680,52750,2650.81,854,3529,2884,8950,96088,24950,35001
2011,5,4,89848,30929,21752,37026,51483,2650.81,1243,4004,1798,5331,47303,10782,46318
2011,5,5,72000,22862,920,53250,75535,2650.81,1196,3274,3765,7409,61954,41514,17614
2011,5,6,38762,77809,51397,57998,32279,2650.81,2947,3478,3412,9408,91855,29895,47485
2011,5,7,17369,83099,95252,17472,4782,2650.81,682,1780,1767,6082,46381,14612,42555
2011,5,8,70048,67579,85576,8813,21340,2650.81,1679,1452,1690,8075,34449,40320,47530
2011,5,9,15560,33749,28799,93972,54800,2650.81,902,2168,3752,5469,11992,17078,20655
2011,5,10,78024,57507,1667,76143,9941,2650.81,3443,4988,3330,9019,10314,19669,14401
2011,5,11,82901,21832,62474,24591,89907,2650.81,4911,1890,2022,7428,15789,18174,13275
2011,5,12,80716,56008,6695,84469,91478,2650.81,4354,1714,1544,7372,61995,46484,29038
2011,5,13,91773,11791,92825,40103,30810,2650.81,1123,1142,1160,8596,54652,26067,47978
2011,5,14,18223,85916,47885,81598,45978,2650.81,4771,1692,1033,6465,27512,43862,13674
2011,5,15,35503,36867,29715,38399,80592,2650.81,4883,2363,4852,8128,28818,17013,8062
2011,5,16,58389,54942,97076,94550,59891,2650.81,1968,4464,1418,9702,76061,16324,18081
2011,5,17,81231,75833,43018,17264,82298,2650.81,1125,4152,1750,7191,72550,20691,36882
2011,5,18,31606,23786,9407,51458,84198,2650.81,4822,2585,4518,8250,53486,35760,38225
2011,5,19,32683,6807,80225,3030,24364,2650.81,4354,1196,2118,8723,39208,30768,6287
2011,5,20,81957,16686,64921,22057,23877,2650.81,2747,1954,3960,8646,23290,28157,3823
2011,5,21,90379,58114,37095,16249,22716,2650.81,2008,1618,3739,8962,58426,17846,6934
2011,5,22,38520,94133,60048,86990,89208,2650.81,4109,1164,2292,9029,93220,12348,49256
2011,5,23,69205,52321,28003,63165,4475,2650.81,2673,1204,1526,9544,27453,14825,1294
2011,5,24,1701,45814,20223,31793,44399,2650.81,1246,2917,4133,5302,86259,44692,28649
2011,5,25,78254,20369,65857,10547,35751,2650.81,3067,1306,2749,8622,84470,48575,25430
2011,5,26,78715,58496,59780,20825,53263,2650.81,649,1315,1510,5871,12458,10148,3585
2011,5,27,873,5706,9419,6358,68352,2650.81,1049,1605,2397,6526,73503,18147,45678
2011,5,28,58688,56571,89454,2789,67640,2650.81,1363,2706,3770,7494,83530,18385,40276
2011,5,29,47432,69181,89701,13182,91404,2650.81,3329,3627,4864,5504,14984,33216,9160
2011,5,30,44777,16035,46174,77175,15645,2650.81,1673,4331,2598,7479,93471,10237,19677
2011,5,31,57755,61187,39296,22878,5033,2650.81,1262,2463,3358,7766,81996,16113,22827
2011,6,1,5327,24742,71338,54426,39726,1337.37,554,2111,2078,5466,87755,12454,20906
2011,6,2,70754,78439,62057,38233,88262,1337.37,2339,4447,2941,6302,54480,12422,38647
2011,6,3,92831,23296,25478,40145,5293,1337.37,1617,1970,1332,7954,81395,22409,41592
2011,6,4,38861,13302,10874,72291,22382,1337.37,1749,3135,4771,7620,47719,48032,14981
2011,6,5,58804,60059,47481,36746,11627,1337.37,3864,1626,1607,9342,60952,46899,18313
2011,6,6,20934,73922,73870,3618,58229,1337.37,2378,2088,4918,6512,85730,14610,21618
2011,6,7,68233,43832,16788,78004,63990,1337.37,1035,2792,1844,9867,59537,18895,14507
2011,6,8,74532,13403,89705,16140,9097,1337.37,4390,1238,1870,9612,49998,49158,17009
2011,6,9,57582,92377,12599,58852,45629,1337.37,2503,1766,3512,9290,16440,38853,14681
2011,6,10,63798,603,61646,21067,56823,1337.37,4961,1353,1884,9665,63844,26385,37536
2011,6,11,63027,59588,6415,3957,29200,1337.37,4466,1780,1190,8416,61983,27120,22765
2011,6,12,63097,44488,57333,37961,43778,1337.37,1813,3926,3854,8459,44992,11362,31900
2011,6,13,75995,51307,3382,43284,30972,1337.37,4668,3997,3165,9766,14305,38716,33579
2011,6,14,31551,50124,91849,96691,98540,1337.37,682,1636,3318,7495,99596,42096,3832
2011,6,15,95748,92763,82375,94602,31222,1337.37,1629,3567,3673,6362,83202,25996,27368
2011,6,16,69941,19223,36347,29458,78009,1337.37,3173,4558,2127,7926,22600,32018,17004
2011,6,17,63854,62764,10007,62172,76612,1337.37,4267,2358,3717,6642,66959,49938,25956
2011,6,18,30362,49941,89858,25387,36303,1337.37,1382,1243,3633,8170,35700,36641,39412
2011,6,19,71085,70227,12552,4564,80248,1337.37,1581,4100,2915,5890,22624,40878,35152
2011,6,20,88896,26892,63237,7613,29886,1337.37,3902,1598,1487,7528,15942,49141,46548
2011,6,21,53171,69720,71737,78156,90152,1337.37,4796,2587,4015,7347,82150,24262,23790
2011,6,22,28851,35085,34716,43118,14377,1337.37,3995,3271,1174,7231,10883,46820,7340
2011,6,23,43779,1138,23419,56618,64897,1337.37,759,4418,2826,7495,12573,17977,41756
2011,6,24,1285,93722,95566,95300,87421,1337.37,914,1270,1016,5102,59388,19768,44068
2011,6,25,94321,93384,63151,94903,6968,1337.37,1722,2097,1522,6002,23715,22770,40386
2011,6,26,23249,45827,23541,51075,39674,1337.37,816,1926,1186,7814,52609,49958,2466
2011,6,27,91389,54876,82582,36892,91857,1337.37,3123,1176,3056,5260,97431,25023,8322
2011,6,28,83012,39154,58474,90886,36999,1337.37,566,1014,4366,7106,27672,34039,32189
2011,6,29,56015,13077,41350,2201,10397,1337.37,3511,1784,3834,8806,55028,14096,43960
2011,6,30,25766,68152,43220,93822,60777,1337.37,818,1182,1156,7350,67377,49506,40651
2011,7,1,47386,9754,86577,50934,53778,1361.61,1947,1853,3317,5500,77250,38628,36968
2011,7,2,10364,95387,87463,77808,50415,1361.61,3572,4917,4077,7500,12046,11079,10858
2011,7,3,98943,72186,73588,42613,55915,1361.61,1174,3299,4199,7750,70585,11934,23095
2011,7,4,91071,77533,86183,19388,19385,1361.61,3015,4747,1430,7346,15118,41937,29785
2011,7,5,22688,27479,76855,43117,41225,1361.61,4195,1398,2438,8280,99131,33352,38901
2011,7,6,17230,306,36653,66429,4409,1361.61,756,1942,1121,7782,31217,36858,23590
2011,7,7,51723,89233,82958,43246,51062,1361.61,758,3748,4342,8388,33216,41918,6865
2011,7,8,83642,37413,48438,61080,31548,1361.61,4431,1094,4225,7435,47908,34985,47569
2011,7,9,71025,33665,96816,88499,21956,1361.61,1708,3677,3616,9340,33274,34678,28033
2011,7,10,31530,34809,74779,82225,13198,1361.61,4142,1838,1759,5168,74269,19326,7996
2011,7,11,86500,68701,74787,50726,32489,1361.61,2062,4864,2710,5230,24714,44665,39047
2011,7,12,93263,66423,84696,43232,91089,1361.61,2909,3969,4130,9039,21193,48679,34322
2011,7,13,43387,95337,11870,5146,34268,1361.61,1155,1544,1190,9202,87844,20030,36139
2011,7,14,61340,56259,39896,50403,21489,1361.61,606,1103,1032,6114,74334,38472,14610
2011,7,15,80437,18596,77442,65919,37635,1361.61,4597,1021,1675,6466,10102,10942,14988
2011,7,16,78957,33675,98062,50147,55968,1361.61,738,2307,2164,5238,67709,30004,35906
2011,7,17,91034,29129,11108,38418,91596,1361.61,1889,2031,1582,5534,54301,16056,1794
2011,7,18,85671,18899,55397,12346,11717,1361.61,4639,1354,1588,7701,57170,47556,7915
2011,7,19,89959,27348,81216,48475,53772,1361.61,3479,1157,4404,5938,99574,35999,48925
2011,7,20,57733,92817,74383,78121,79852,1361.61,2495,1052,3933,7891,94218,25649,28684
2011,7,21,82159,210,82674,73747,87911,1361.61,2654,2869,3543,8869,42695,37315,39845
2011,7,22,84146,71175,98473,78551,43466,1361.61,4549,1197,2214,8932,95669,13698,14399
2011,7,23,83968,64518,68939,47902,88761,1361.61,3550,1846,4718,5162,61017,33980,29509
2011,7,24,62421,15024,78202,45964,50246,1361.61,4630,4390,3423,8918,29292,15174,20898
2011,7,25,28854,93843,69438,52420,49127,1361.61,837,3093,2328,9086,80994,17558,31460
2011,7,26,20637,20898,38360,16707,43474,1361.61,686,1796,1512,8888,68208,47348,15729
2011,7,27,16138,67840,31740,24561,98646,1361.61,2801,2498,1225,8590,96270,20351,11032
2011,7,28,60050,52108,69798,38730,9587,1361.61,4818,1574,3040,9068,63280,31513,17144
2011,7,29,76610,80320,53759,23713,75560,1361.61,1061,1696,2510,5610,32608,21155,38320
2011,7,30,30184,41762,48655,1410,20353,1361.61,3112,1753,4735,7909,35483,39321,11277
2011,7,31,75054,41654,85897,79446,2535,1361.61,2311,4143,1704,8622,19207,37758,15529
2011,8,1,40269,45807,58251,9421,94768,2306.13,4604,1528,4412,8174,73232,11386,29407
2011,8,2,95478,69987,35424,19740,21822,2306.13,1144,4826,1992,9574,82360,42521,24745
2011,8,3,17901,77856,4721,15323,97063,2306.13,1062,2331,4637,9313,63103,49404,8832
2011,8,4,88720,2708,52286,49484,60073,2306.13,714,1110,1855,9654,75289,33676,25518
2011,8,5,81691,86434,29855,58684,93375,2306.13,2556,1275,1421,8628,42949,19836,12215
2011,8,6,97460,10364,73520,2098,19677,2306.13,2853,4747,4330,9462,74230,49402,36623
2011,8,7,95657,45754,71305,23864,36348,2306.13,2540,4390,4378,7502,93073,42753,46594
2011,8,8,32314,26982,70381,38735,65610,2306.13,3570,4421,3692,8386,81518,19452,13330
2011,8,9,68713,15724,821,24395,85863,2306.13,622,2870,1618,5842,21733,23504,25052
2011,8,10,74399,95626,7895,23778,99373,2306.13,1530,1685,1314,6534,86771,26261,17320
2011,8,11,66592,61695,5683,6636,10136,2306.13,2708,1662,1266,7068,19593,21490,3553
2011,8,12,74933,59743,35713,12089,87548,2306.13,592,1945,1560,9838,85722,35147,23798
2011,8,13,43510,68605,33185,4162,21867,2306.13,1775,4809,3001,8809,11445,16284,36308
2011,8,14,72363,94154,3337,7991,77683,2306.13,832,2614,1534,7896,81055,11722,39283
2011,8,15,71694,66648,64869,57469,92839,2306.13,3967,1347,1104,8503,40509,14838,1194
2011,8,16,61164,87285,62224,59165,56094,2306.13,3653,4807,4174,6694,69149,28208,40021
2011,8,17,42625,31334,47176,58001,29230,2306.13,2275,2275,1229,8602,91095,16298,28231
2011,8,18,9087,50064,40416,44635,74919,2306.13,2048,1081,1834,5054,11598,23357,47277
2011,8,19,70645,95252,34518,54819,14946,2306.13,4378,3921,1352,6553,48273,46933,20019
2011,8,20,41136,25549,14209,52366,84045,2306.13,2784,3130,1719,9551,37764,12989,21657
2011,8,21,26828,56165,99072,44092,36789,2306.13,2449,2432,3624,7894,78602,14310,27022
2011,8,22,71985,44333,43844,39689,57239,2306.13,1622,3373,4017,7182,67090,18061,42118
2011,8,23,88839,39876,11193,76910,69427,2306.13,1251,2606,1473,6726,56697,16532,48957
2011,8,24,98696,74147,82046,37320,42465,2306.13,2241,4449,1331,8750,54137,28569,27000
2011,8,25,59555,7112,93296,93572,90647,2306.13,1633,1682,1070,5660,89098,19687,10386
2011,8,26,88134,45350,98646,9607,17024,2306.13,4219,2070,4489,5242,69389,21953,5343
2011,8,27,59616,92984,2755,97300,44069,2306.13,2220,4974,1707,5515,13545,37353,23245
2011,8,28,62254,25179,99543,62514,64356,2306.13,3552,2489,3989,7197,78447,17364,38641
2011,8,29,2541,79020,99435,48382,61636,2306.13,1686,2603,3158,5793,51254,38578,35176
2011,8,30,45390,43475,58553,42097,45343,2306.13,802,2595,3628,5344,86460,27984,38451
2011,8,31,33985,51366,46826,84326,98563,2306.13,3041,2454,1296,7475,82187,48631,41625
2011,9,1,18875,36235,47162,91020,3841,2300.07,1408,3666,1996,8504,18026,15446,2092
2011,9,2,40659,32956,95427,86003,35769,2300.07,1338,2133,2939,7015,85695,44564,39763
2011,9,3,5057,19503,31560,72532,1690,2300.07,2886,1915,1424,5626,44286,36616,30191
2011,9,4,23491,80695,50284,16839,75552,2300.07,3636,1209,4951,6790,18564,10719,25644
2011,9,5,178,54903,47853,69470,8271,2300.07,4033,3326,1516,5592,17750,15210,49900
2011,9,6,42136,60097,40711,24912,81496,2300.07,1528,1337,2043,7274,38176,23946,1350
2011,9,7,53807,36813,90157,78758,63580,2300.07,4476,1894,4974,7370,49578,38244,25073
2011,9,8,53581,29964,17924,55686,41908,2300.07,4480,4042,1902,6543,17918,28076,20134
2011,9,9,17893,20483,99414,16288,98646,2300.07,966,2451,1518,6742,31209,17362,37590
2011,9,10,21815,87038,34443,18141,90719,2300.07,2737,1310,1370,5350,16335,22243,1522
2011,9,11,77146,75817,72638,73727,92360,2300.07,1802,1603,3425,9790,42890,17070,31592
2011,9,12,88806,33125,85875,95912,46219,2300.07,1006,3032,1918,8382,10130,11190,17084
2011,9,13,1412,25263,88193,48100,82275,2300.07,694,1552,1696,5968,49497,10824,4529
2011,9,14,90924,1300,32011,9349,52515,2300.07,2771,1319,1468,8645,53582,36947,41253
2011,9,15,62081,3828,71333,82553,21219,2300.07,830,3981,1914,8287,87080,14097,23858
2011,9,16,19168,23775,89869,32216,33107,2300.07,2622,4029,1338,5984,49729,43178,39366
2011,9,17,77238,92501,50851,17967,21146,2300.07,4913,3225,1936,6245,82130,12181,20785
2011,9,18,66455,92226,1164,98278,6865,2300.07,2374,2384,3370,8998,74599,11476,4596
2011,9,19,57960,12223,85506,14976,14559,2300.07,4506,1795,4087,6862,19532,15232,35235
2011,9,20,12493,31028,64811,53457,23625,2300.07,637,1414,1044,6314,18862,28733,13293
2011,9,21,54101,17084,21118,82471,35678,2300.07,3946,3637,4291,5803,24964,38849,45718
2011,9,22,97390,49471,46998,41477,41179,2300.07,3061,3671,4137,7871,14264,44114,23111
2011,9,23,67516,39117,50546,23033,88622,2300.07,3117,2721,2336,9235,25191,24366,5254
2011,9,24,51305,85490,34356,75596,47645,2300.07,796,1366,3790,8300,86510,49968,9320
2011,9,25,67257,25924,19992,87746,30147,2300.07,1859,2661,2587,8756,37045,21208,27119
2011,9,26,54011,55163,30282,42699,94398,2300.07,2064,2053,2313,7771,54000,19858,21825
2011,9,27,77092,84798,66343,85882,95295,2300.07,2201,2550,1086,8802,66648,25273,2853
2011,9,28,99312,98508,22935,98251,97265,2300.07,810,2626,1206,6091,10324,25891,9980
2011,9,29,87916,93742,87946,45229,11513,2300.07,1537,3603,4446,5770,90836,18994,8298
2011,9,30,2085,43039,17292,97213,15232,2300.07,3837,1798,3799,7118,45497,12415,1198
2011,10,1,31308,96394,53246,47400,23070,2458.58,638,3162,4786,6895,44675,16176,45490
2011,10,2,79785,49631,17531,29017,56820,2458.58,1101,1209,1838,9340,47792,12422,38624
2011,10,3,83503,95039,21358,61627,40536,2458.58,4730,1843,2869,9327,19242,35938,1070
2011,10,4,64817,70909,19102,80955,84156,2458.58,790,1198,1110,5850,18626,11746,30129
2011,10,5,61544,56762,35491,83810,1427,2458.58,1367,1281,3321,8162,62907,18856,33283
2011,10,6,10553,62638,90700,73422,48318,2458.58,4360,3133,3554,9636,10440,47709,26294
2011,10,7,74942,65831,78002,37404,55103,2458.58,1685,1645,1722,8730,16806,11850,3663
2011,10,8,91811,39527,79484,70132,83603,2458.58,688,1024,1380,6039,83928,19697,42391
2011,10,9,38685,59641,99183,68591,54454,2458.58,2652,1502,1804,7005,99502,46906,9623
2011,10,10,80668,56188,79904,41092,64715,2458.58,4293,1524,1236,8776,26655,36190,46711
2011,10,11,57519,31996,46698,95251,44387,2458.58,1299,4422,1618,6834,68013,11072,46979
2011,10,12,6457,50666,23171,14614,27671,2458.58,1519,3338,1758,5722,65781,19862,22673
2011,10,13,54486,85075,16451,90722,203,2458.58,3263,4072,1453,6313,85675,17598,9459
2011,10,14,53292,66975,51614,59910,63809,2458.58,2333,1617,1643,6856,19830,30666,35979
2011,10,15,99529,79102,55357,94741,20525,2458.58,1018,1206,2563,7468,82082,22765,21138
2011,10,16,63279,41699,13190,71084,48012,2458.58,3274,1302,1688,9990,61211,45999,48865
2011,10,17,27219,14898,32617,30215,91754,2458.58,2232,2633,4300,5186,18725,49824,1662
2011,10,18,53726,89744,41187,76289,93565,2458.58,820,1842,4966,9902,27926,29329,23269
2011,10,19,43812,67553,30632,26003,75145,2458.58,2001,3715,3092,7830,48929,31197,8196
2011,10,20,71169,42514,38831,469,75102,2458.58,1645,3826,3651,7831,21466,14440,7557
2011,10,21,47452,53224,30411,28771,98170,2458.58,3099,1980,3592,8731,67982,33737,24689
2011,10,22,13279,56337,52453,52723,77307,2458.58,3919,3474,1014,5508,65295,35347,17734
2011,10,23,96658,31941,80526,60310,56124,2458.58,3876,3574,1566,5174,32344,19735,18344
2011,10,24,55327,6797,28069,30272,95528,2458.58,4008,1326,3738,6460,77879,46044,12403
2011,10,25,34194,61799,10872,10792,900,2458.58,2490,3909,4458,6040,90570,30581,26167
2011,10,26,61359,40799,508,49277,21438,2458.58,736,3115,1000,6872,23386,12286,32853
2011,10,27,92187,87395,76685,60925,20207,2458.58,3321,1512,2713,8854,81542,49964,20916
2011,10,28,43063,44033,63874,67521,3400,2458.58,3101,1109,1594,8608,30385,49383,20796
2011,10,29,97813,82102,42499,53813,45533,2458.58,1691,4070,1976,9464,14995,12390,32238
2011,10,30,85643,54669,93294,34708,21565,2458.58,1024,4626,1830,9804,32146,19918,24837
2011,10,31,52046,80248,36082,63640,45208,2458.58,3022,4372,4920,7518,13184,26804,32820
2011,11,1,34877,80876,56446,65956,12223,2348.7,1598,1890,2280,5324,88454,13468,28988
2011,11,2,3682,69433,98690,84932,1579,2348.7,1976,3177,1094,6967,43384,38913,20014
2011,11,3,46342,2757,53834,34566,32294,2348.7,582,3521,1513,5918,49476,23735,30639
2011,11,4,56812,17427,56978,29092,20085,2348.7,2560,1006,1215,7601,25048,49145,11784
2011,11,5,77615,78377,47323,61,95344,2348.7,3974,3036,1167,9159,92602,16930,7059
2011,11,6,56150,97630,58334,34015,75454,2348.7,4101,2264,1588,8694,77707,28024,7810
2011,11,7,59214,86620,18142,6781,10573,2348.7,925,4538,2918,9599,18426,33262,43191
2011,11,8,26659,9926,91299,52826,85437,2348.7,2637,1586,2881,5970,75600,39686,1042
2011,11,9,93780,99703,38303,51720,97133,2348.7,4743,2698,3981,7885,79478,45906,32363
2011,11,10,7428,51757,50445,45346,71356,2348.7,4959,4365,2672,5230,67190,33109,21396
2011,11,11,2863,11180,41048,17097,97150,2348.7,1782,2281,2701,5778,59000,46186,33000
2011,11,12,93800,88745,35237,29133,52982,2348.7,758,1662,2822,7370,22105,20530,31067
2011,11,13,29583,17066,84896,27256,36028,2348.7,1716,3889,4617,7763,55985,26767,18439
2011,11,14,763,79121,401,49817,40558,2348.7,1002,1426,4496,7590,79840,17477,9401
2011,11,15,78657,54880,94238,61480,13067,2348.7,3361,2648,1112,6522,69903,17182,32696
2011,11,16,18047,96620,41029,14017,80735,2348.7,783,2849,3838,7535,47665,49395,13367
2011,11,17,66936,60020,16456,47785,7610,2348.7,1613,1265,2526,8842,64096,30592,46296
2011,11,18,24899,12458,23242,91011,62067,2348.7,4501,1464,2468,6881,10480,12838,9497
2011,11,19,80248,17616,1052,5438,25151,2348.7,4832,3438,1542,7639,56222,49048,15069
2011,11,20,83936,54188,35315,51462,46391,2348.7,3406,1288,3220,6618,78650,13286,15763
2011,11,21,97496,88152,3103,19964,71386,2348.7,3166,2984,2550,9254,73422,22701,13584
2011,11,22,5639,44607,81140,47078,32247,2348.7,1126,1181,2900,7792,83994,17194,3714
2011,11,23,63555,32401,41932,91775,20400,2348.7,4764,2895,1510,7867,54210,46470,20583
2011,11,24,47803,93729,64456,95353,34299,2348.7,4405,1288,3835,7614,19717,31081,4230
2011,11,25,35610,15844,63615,59863,63636,2348.7,505,2190,1361,9774,35316,33113,47610
2011,11,26,9371,50082,67361,50809,84301,2348.7,3630,3454,1226,8884,60158,15949,21571
2011,11,27,98667,44565,38590,97503,26461,2348.7,3583,3422,4150,8822,54636,16578,8307
2011,11,28,56160,85142,81328,52521,73930,2348.7,1985,4652,3077,9345,50460,33729,32997
2011,11,29,90917,30443,32184,22568,74881,2348.7,3516,3546,3257,7105,87400,46070,42342
2011,11,30,1764,15985,74493,92266,24535,2348.7,1403,1396,1252,8174,49565,18230,45481
2011,12,1,51552,20555,76508,20897,71015,2486.39,3164,1457,3771,5918,76337,17465,10237
2011,12,2,39248,66236,70723,82705,53637,2486.39,4468,1954,2636,6180,26858,19468,16793
2011,12,3,39489,23904,50090,83572,73469,2486.39,2001,1371,1546,9861,78620,28913,20993
2011,12,4,46450,6785,80371,55222,73869,2486.39,2686,4467,1302,9760,12172,25634,23060
2011,12,5,42906,12993,11607,16894,6078,2486.39,1362,1918,3719,6451,61841,18540,4817
2011,12,6,73796,38843,9912,81695,8704,2486.39,607,1505,1668,7329,26726,35536,4884
2011,12,7,46741,15765,31356,18739,91877,2486.39,4373,4781,2871,9354,51675,45301,43528
2011,12,8,27149,88038,73572,5868,90841,2486.39,759,1986,1222,5438,62682,15662,35413
2011,12,9,5555,39642,87168,33575,96971,2486.39,934,1142,1009,6818,78800,37885,13894
2011,12,10,26698,39526,72668,15922,11858,2486.39,2574,1458,1478,9230,77576,35923,40695
2011,12,11,36558,68337,16912,43516,85360,2486.39,4177,2265,1182,6344,40840,48908,45946
2011,12,12,76590,76303,25323,38951,59473,2486.39,1836,1170,1270,5855,16798,38209,20476
2011,12,13,6550,29666,43567,51633,47163,2486.39,3907,1286,2183,7171,43586,15094,37496
2011,12,14,49469,2765,14808,1408,65461,2486.39,1667,3402,3302,7990,97352,15558,5648
2011,12,15,12466,90541,10297,88818,56396,2486.39,2027,4296,3404,6945,47280,21918,28740
2011,12,16,74441,67541,21990,96624,4712,2486.39,4165,1072,4692,5325,71938,16504,15577
2011,12,17,7325,38607,24907,55627,30597,2486.39,4753,4413,4151,6401,48230,15262,38612
2011,12,18,35142,25258,81196,9898,62204,2486.39,1816,2995,2368,7620,49619,33431,44829
2011,12,19,35734,70137,3963,20426,5462,2486.39,1930,4138,4507,8188,18006,11455,25902
2011,12,20,66800,80870,20869,12304,3624,2486.39,4202,3764,1426,7026,48661,39263,19099
2011,12,21,56578,96830,42259,85298,50636,2486.39,3728,1368,3366,9043,23146,12086,8230
2011,12,22,14945,10077,29318,45804,38265,2486.39,2258,1416,2655,8966,33719,31278,30435
2011,12,23,29929,64274,86395,40637,76023,2486.39,1251,3952,3237,8510,34249,48872,1409
2011,12,24,96740,69331,1594,91458,8374,2486.39,2989,3317,4815,7306,85472,39431,24740
2011,12,25,84093,92731,27200,28101,53561,2486.39,730,3488,1543,8530,40477,17566,27271
2011,12,26,13534,86729,66519,61771,75239,2486.39,1995,3330,1449,8588,96139,44822,17120
2011,12,27,3328,4129,34492,54495,57788,2486.39,564,3231,4045,7477,86331,48957,19964
2011,12,28,64748,62063,82447,6292,40540,2486.39,866,1726,1003,6168,32194,17594,39276
2011,12,29,40199,25542,22277,43001,4130,2486.39,4174,3808,2544,8666,78302,46683,18416
2011,12,30,24982,38581,54915,70380,42410,2486.39,4336,2156,4660,8134,29799,26551,41247
2011,12,31,7410,86361,46976,49766,9440,2486.39,3711,1990,1063,5987,17990,41544,45522
2012,1,1,63165,65354,79651,68183,43656,1314.65,4516,3587,1248,9895,40996,38846,26334
2012,1,2,49232,64506,8507,33719,10657,1314.65,1127,2017,3384,7244,22808,10257,1410
2012,1,3,90956,5151,81321,13295,30493,1314.65,4049,1206,4570,7408,78191,48225,22866
2012,1,4,26386,87708,46814,57634,83955,1314.65,1479,4538,3666,5378,83256,45675,4162
2012,1,5,72747,40736,9045,37483,47981,1314.65,2739,1178,3355,5412,84934,33847,31853
2012,1,6,34630,38984,93857,39200,89035,1314.65,2424,1771,2459,9574,89404,26414,38401
2012,1,7,71104,35884,25953,56122,23573,1314.65,1796,1318,1295,6790,33800,30627,25561
2012,1,8,9046,47893,85916,62401,43305,1314.65,1247,2933,1184,6456,17132,31570,20850
2012,1,9,44857,20909,63343,37316,87851,1314.65,718,3953,1334,6033,15074,44906,19099
2012,1,10,81594,83224,57578,64242,44064,1314.65,4868,3108,1252,7135,31860,48925,7730
2012,1,11,84337,78109,76859,26873,34565,1314.65,4795,1554,1251,8988,49439,19101,10343
2012,1,12,23588,79522,94407,44922,51907,1314.65,1180,4852,4055,7524,14093,12506,25833
2012,1,13,71487,25314,22580,43461,38802,1314.65,2385,3137,3900,5596,66362,49816,4441
2012,1,14,45939,41158,95589,93542,95647,1314.65,2642,1180,1810,6810,80507,42807,11380
2012,1,15,49234,3040,59012,58289,66797,1314.65,2759,4634,4769,5574,98094,14310,23105
2012,1,16,21132,56833,93061,70032,92429,1314.65,4847,4718,1931,7178,48260,12577,9423
2012,1,17,43167,60903,48163,84068,656,1314.65,3226,4888,3060,8978,16362,31208,45022
2012,1,18,41694,35937,2196,72815,2628,1314.65,2737,3758,3473,5797,93789,32253,16642
2012,1,19,11572,79989,36973,28503,61776,1314.65,1079,4941,2486,5593,10730,13141,35233
2012,1,20,50616,14939,29382,15028,67176,1314.65,2588,1830,1198,9576,98035,17660,3911
2012,1,21,97777,40773,48936,87603,92922,1314.65,4855,4492,4064,6368,32994,13574,9077
2012,1,22,8412,90426,22133,87251,96019,1314.65,1743,2985,2431,6125,94365,25959,27494
2012,1,23,50036,73306,67532,56234,38089,1314.65,1410,2216,2690,5670,39818,31963,31919
2012,1,24,89422,26027,36456,44838,49206,1314.65,676,2617,1226,8330,61219,38597,35802
2012,1,25,11654,27963,67935,70438,40440,1314.65,2748,1926,1956,9238,63059,12802,28652
2012,1,26,62199,60822,58614,1241,7519,1314.65,3204,3291,1628,6011,58128,40015,14784
2012,1,27,71814,20157,63985,64392,4318,1314.65,2988,2322,4517,7275,11066,19924,25204
2012,1,28,15927,31860,16784,67884,12140,1314.65,631,1388,2016,9244,91929,30887,46196
2012,1,29,64029,41486,94179,21190,27498,1314.65,1204,4310,2463,5188,63701,26780,2308
2012,1,30,16744,33043,25456,86262,70318,1314.65,1218,2595,1426,6012,86830,38565,28215
2012,1,31,25549,77463,79255,82566,43059,1314.65,3452,3438,4021,7630,44628,13046,37536
2012,2,1,55833,72181,15106,47374,35882,1813.38,4116,1130,3692,6182,71944,28259,8238
2012,2,2,62948,74541,54686,92302,61371,1813.38,2849,1542,3856,6774,98243,42743,43251
2012,2,3,80219,21682,88117,54202,66310,1813.38,1842,2142,3166,7818,85867,35400,10987
2012,2,4,20186,49984,70676,70230,16714,1813.38,3488,4660,3512,6356,71961,11234,42621
2012,2,5,62776,89812,66420,17984,6578,1813.38,727,3148,1343,5195,57349,19005,14663
2012,2,6,26183,54192,7500,59349,82492,1813.38,1100,2676,3349,8128,72905,10062,43367
2012,2,7,90749,21395,56076,40613,40920,1813.38,1846,3695,4199,8265,38030,14268,28037
2012,2,8,99280,15110,60278,1976,80306,1813.38,980,1487,3169,8479,82187,20660,17627
2012,2,9,88198,43289,89689,47899,91417,1813.38,4313,3516,1692,6358,55480,15232,28947
2012,2,10,24777,7327,77659,58977,25593,1813.38,1105,1223,1606,5478,43198,27455,15690
2012,2,11,10361,14179,33943,14882,9010,1813.38,1894,3558,2122,6358,61457,33538,32483
2012,2,12,70529,85771,98407,87221,66159,1813.38,1184,1878,2564,8842,66262,12654,3887
2012,2,13,70884,82368,60733,18035,75102,1813.38,988,1813,4461,5784,33047,43470,3931
2012,2,14,28267,34942,57030,20389,42876,1813.38,566,4756,1226,5036,33328,12502,34839
2012,2,15,5275,94513,94053,82839,49708,1813.38,2347,1942,4034,6168,54976,15926,10316
2012,2,16,67010,16819,68654,1471,12603,1813.38,1293,2220,2993,9358,93960,12221,18053
2012,2,17,69513,14239,41978,90121,65627,1813.38,3238,1810,1170,7294,53738,17902,25306
2012,2,18,80310,56086,89172,55697,35517,1813.38,1184,2526,1942,9582,20348,39920,44149
2012,2,19,9243,81642,47141,78588,32668,1813.38,2160,2179,1690,9137,17312,14702,41101
2012,2,20,40796,18242,24569,43318,38237,1813.38,546,3545,2096,8622,74241,10478,44659
2012,2,21,45218,96778,21491,22536,4320,1813.38,3807,3561,4832,5947,17010,22500,41840
2012,2,22,33400,15662,74680,21442,81151,1813.38,942,3297,2924,9677,81614,12330,49684
2012,2,23,10689,93513,91059,77785,94583,1813.38,1748,1151,3429,8239,78687,32748,15300
2012,2,24,76431,7495,12662,16263,99795,1813.38,3762,4545,3174,9794,70987,34325,21162
2012,2,25,95830,46097,72623,13754,62127,1813.38,1266,4166,4101,7324,83302,17376,4238
2012,2,26,58976,80051,14836,53757,14642,1813.38,1504,2423,2368,5517,23686,33514,43523
2012,2,27,86680,28801,83061,39854,24947,1813.38,530,1560,2847,6316,50881,44973,20400
2012,2,28,33743,37148,492,97844,30824,1813.38,1527,1150,3844,5478,76259,44837,33794
2012,2,29,81237,29116,2262,14957,94634,1813.38,4823,2664,2451,8480,37517,12398,42300
2012,3,1,28049,33174,67482,7554,407,2234.77,1295,3905,4298,5490,84728,13092,28808
2012,3,2,12018,7232,43289,99732,83491,2234.77,2319,2605,3090,8628,23590,15389,4478
2012,3,3,93452,21255,2842,57687,75125,2234.77,3672,4524,4764,5020,27077,31523,31592
2012,3,4,87665,84725,35429,66964,40215,2234.77,1407,3584,3740,6047,84667,43582,36510
2012,3,5,76877,81988,72540,49968,10616,2234.77,722,1702,3736,9108,94456,17730,46131
2012,3,6,16141,19481,28385,97258,11986,2234.77,3780,4650,1537,8426,82965,13104,21814
2012,3,7,50718,45725,98041,10810,68124,2234.77,743,4999,1046,9635,94966,16036,32708
2012,3,8,72118,76676,28432,5854,61225,2234.77,1066,2365,3719,9450,90974,20705,39240
2012,3,9,31265,69755,86708,4154,315,2234.77,2257,2384,3100,5297,94545,16223,36025
2012,3,10,14358,65290,61223,95404,41277,2234.77,3417,3393,1146,8200,35598,26792,22542
2012,3,11,87441,66665,20510,46160,26116,2234.77,3216,3731,2589,6275,77884,47904,11484
2012,3,12,38652,11495,81641,86752,26792,2234.77,2974,1148,2826,8934,52904,49102,26186
2012,3,13,53091,56322,12496,18659,20874,2234.77,1802,3313,1110,8664,70825,23577,14447
2012,3,14,26500,20394,47309,24090,73022,2234.77,3345,1672,3039,9985,98424,46182,41546
2012,3,15,96171,17751,53684,53998,98300,2234.77,4451,2741,4260,7818,11034,16485,22940
2012,3,16,62746,64555,24800,93856,79571,2234.77,2433,1069,3721,8814,30158,21742,11977
2012,3,17,88991,84856,49768,58382,4841,2234.77,4564,2363,2293,9208,87712,30593,14544
2012,3,18,47539,57164,64687,43151,55463,2234.77,4635,3207,3344,6358,12063,27914,17439
2012,3,19,29115,95849,33984,77837,43294,2234.77,930,2284,1701,8226,90665,36542,30495
2012,3,20,46593,61582,20258,28887,2533,2234.77,831,1270,1126,8422,19154,36947,7970
2012,3,21,74308,85561,55155,22652,86347,2234.77,565,1874,1548,7278,19308,39063,33570
2012,3,22,97748,41932,87700,79449,23982,2234.77,2342,1925,1298,5208,15811,17670,44717
2012,3,23,26921,57995,25254,8406,64865,2234.77,714,4171,1737,8246,78175,23084,1178
2012,3,24,429,45093,54898,96198,45994,2234.77,1612,1622,4181,9311,39541,13162,30899
2012,3,25,34029,38236,50089,6679,57188,2234.77,1860,4107,1598,7113,17738,21462,32252
2012,3,26,58292,54217,76986,11381,71076,2234.77,4464,1503,1605,5713,84052,28950,21513
2012,3,27,2964,35666,39044,42146,74977,2234.77,624,1454,4523,7018,32034,13430,44937
2012,3,28,70352,13896,7171,26950,37361,2234.77,4763,2003,1034,8100,23384,15366,16035
2012,3,29,29614,74201,45534,46219,79915,2234.77,702,2877,1030,9158,41374,13168,29586
2012,3,30,91852,46683,98288,41376,34782,2234.77,3085,1484,1148,6458,64785,14281,30323
2012,3,31,87643,29549,26286,74246,4002,2234.77,1923,3614,1838,7456,96184,36487,16022
2012,4,1,37705,35718,4997,18269,77092,1559.87,1471,1070,1214,7846,91259,22888,27928
2012,4,2,32285,12744,83458,3892,77530,1559.87,2885,3429,1534,8550,27430,12804,47740
2012,4,3,30406,61045,46619,24214,73581,1559.87,2607,1285,1470,5216,45905,12266,49459
2012,4,4,46883,72377,52393,23097,56576,1559.87,985,1758,2746,5794,18214,18230,43652
2012,4,5,59886,33341,73706,262,15471,1559.87,3010,1762,3532,9629,86441,16966,1136
2012,4,6,85440,34049,63398,20615,3004,1559.87,2880,4885,3031,6526,72982,20958,25655
2012,4,7,61628,35320,76170,34375,97466,1559.87,1001,2351,4963,9422,73964,16786,1624
2012,4,8,92195,96976,29015,87079,82957,1559.87,4190,3395,4504,8940,10732,10058,15456
2012,4,9,44595,38242,18746,42626,56219,1559.87,3583,4197,4750,6104,84923,14440,8080
2012,4,10,7729,2278,30919,42692,93336,1559.87,4477,1068,3210,8491,72607,17518,21236
2012,4,11,53948,28151,2266,3452,47091,1559.87,2310,1684,2219,7407,50662,34789,7627
2012,4,12,15487,80598,68988,75237,86703,1559.87,2452,4430,2539,9722,37121,15875,20263
2012,4,13,958,62952,67757,35520,1443,1559.87,4389,1741,4866,6646,91544,31956,40365
2012,4,14,95633,63856,39993,57853,71263,1559.87,3993,3101,2604,8674,78337,24306,40655
2012,4,15,64596,27142,85089,53487,6865,1559.87,713,4173,1512,6950,59693,19307,38562
2012,4,16,60187,29083,91049,45053,17090,1559.87,2008,2721,2800,6714,86925,13558,32594
2012,4,17,40360,12272,53516,27964,6604,1559.87,3621,2550,1414,9078,57389,48562,48206
2012,4,18,58623,93103,39089,76488,96573,1559.87,794,1758,4215,6398,18162,27656,48782
2012,4,19,2140,11523,6731,64940,44876,1559.87,1706,1942,2278,5221,29549,28882,43656
2012,4,20,33427,48171,32785,25126,68232,1559.87,774,3205,4628,9127,19692,46200,40174
2012,4,21,94261,31839,69312,54829,51386,1559.87,2484,3524,1422,9214,34816,10223,3826
2012,4,22,49223,66523,61810,87853,51744,1559.87,3086,1522,1770,5871,26647,24111,41359
2012,4,23,72397,83039,67317,72025,62167,1559.87,4577,2778,1662,7990,43958,36584,3362
2012,4,24,74066,76444,56462,89414,32010,1559.87,988,2583,2799,8308,85436,19094,41278
2012,4,25,35508,34875,27417,91388,746,1559.87,1850,4494,3454,9167,77870,31972,20416
2012,4,26,18881,62448,21103,54080,32688,1559.87,2016,1753,2856,6964,12518,12444,15062
2012,4,27,21107,94860,3802,78906,39009,1559.87,4799,4516,1882,8894,82255,15132,5590
2012,4,28,18984,30459,63408,72438,45978,1559.87,761,4857,3725,7486,35288,11086,41278
2012,4,29,6926,92305,75870,64782,22134,1559.87,2350,3239,4599,9278,22144,38607,38389
2012,4,30,13093,43297,29476,69909,91865,1559.87,3821,1704,3541,7228,83285,18102,28084
2012,5,1,20399,69376,68583,62263,4664,1564.68,539,3320,3568,6672,35453,18308,21348
2012,5,2,54024,95046,17908,61527,33542,1564.68,4619,1837,1990,7102,68701,30425,6516
2012,5,3,4701,79550,88967,11929,79187,1564.68,1785,4584,4211,5368,78199,33875,43485
2012,5,4,83068,63739,97196,96636,30412,1564.68,4944,4434,4045,5712,45960,27587,49001
2012,5,5,5719,36932,70777,8062,97811,1564.68,3486,2510,1546,7453,30790,30917,39479
2012,5,6,37290,7577,30502,16502,69297,1564.68,762,2363,3791,7856,48998,19202,8701
2012,5,7,79276,80295,19989,39674,29499,1564.68,2260,1798,4232,8786,43277,33394,32301
2012,5,8,60219,98117,52258,11950,25570,1564.68,2866,4210,1975,9720,95711,26271,33048
2012,5,9,98421,12440,28635,3564,42715,1564.68,2765,1990,1272,9105,61663,20129,43986
2012,5,10,41407,95276,71699,76991,99664,1564.68,778,1234,4443,5292,88183,21364,14976
2012,5,11,62042,31051,50576,69017,20771,1564.68,1640,1094,1398,6626,39106,17792,46287
2012,5,12,612,78224,39783,7596,37330,1564.68,2724,3735,3072,9422,55725,29088,17798
2012,5,13,30751,82462,5323,60194,45104,1564.68,1558,3496,1824,8485,92512,28029,9858
2012,5,14,44772,70505,29925,19850,77132,1564.68,3994,4094,3605,7562,13582,17286,35383
2012,5,15,27927,29415,12374,57351,45189,1564.68,1438,1886,1912,8112,52484,28367,34451
2012,5,16,34323,395,51864,75230,98880,1564.68,4611,3650,1232,9535,79852,16736,10728
2012,5,17,1270,33847,18810,64875,43975,1564.68,3513,1900,4913,7158,29251,11453,20500
2012,5,18,95338,32042,87393,78602,56507,1564.68,1968,1666,1622,5183,82409,11012,6229
2012,5,19,35911,68373,15504,83495,67908,1564.68,3209,4176,1116,7019,50403,11770,11708
2012,5,20,47519,48917,94133,13784,76155,1564.68,974,2843,3129,8980,66444,44635,39736
2012,5,21,85209,89765,51816,41831,64948,1564.68,2331,2210,3949,9187,17056,12862,1164
2012,5,22,40895,25267,72386,2801,68638,1564.68,3680,1155,4408,9164,46290,46914,39141
2012,5,23,58901,87879,84759,63382,16860,1564.68,4368,3419,2319,6183,60250,38618,1203
2012,5,24,26760,73934,55829,45709,3121,1564.68,548,4015,4503,7654,63167,49492,39238
2012,5,25,93147,71848,32000,13907,7364,1564.68,820,2615,1167,5578,45996,49378,28290
2012,5,26,63134,70365,17799,20453,46548,1564.68,4070,4659,4685,5034,51719,16662,44401
2012,5,27,20489,16989,64526,51344,70995,1564.68,835,1998,1792,5678,94398,23254,27693
2012,5,28,77476,21572,5871,59995,17150,1564.68,725,1634,3583,7056,33438,11926,18219
2012,5,29,4276,92510,91142,88961,40113,1564.68,4470,1952,2553,8000,28295,29900,9214
2012,5,30,1688,95483,60393,17579,94669,1564.68,2185,3495,2714,6120,48489,19736,21144
2012,5,31,31274,24215,22851,86209,34090,1564.68,2691,4716,3797,5184,60029,10532,6289
2012,6,1,69500,82214,63304,43496,26861,2358.3,758,3694,4947,5532,49714,41090,43204
2012,6,2,19947,38210,83805,99354,86700,2358.3,1978,2265,2870,6384,61355,39158,10021
2012,6,3,37231,32424,54309,32415,92453,2358.3,3164,1952,3135,5648,10904,34995,9570
2012,6,4,42375,50630,40043,62322,29743,2358.3,3412,1040,2966,7216,81745,31017,39757
2012,6,5,47237,45077,58283,80107,78264,2358.3,617,1845,3413,9925,64259,27217,35990
2012,6,6,99495,83776,39170,57630,82947,2358.3,3977,1310,1598,9019,87642,15394,44617
2012,6,7,5128,41055,23734,33094,94623,2358.3,934,3211,1906,8745,54669,11521,21831
2012,6,8,91087,40287,93367,75852,80212,2358.3,3069,1058,2753,8982,53687,14114,23979
2012,6,9,53208,29017,82373,81158,44388,2358.3,3849,4515,3772,8934,98960,38395,36367
2012,6,10,766,79424,12959,67672,34521,2358.3,545,1958,2914,8911,17810,38125,17628
2012,6,11,12890,87232,84184,86996,95822,2358.3,4047,1550,4591,6419,46537,10331,4224
2012,6,12,12787,85388,26199,72911,80674,2358.3,1305,1438,1876,8536,65462,21805,41511
2012,6,13,91892,11008,13765,16158,66271,2358.3,634,4160,1509,9430,66155,47330,47927
2012,6,14,91746,26555,29064,91337,52974,2358.3,3019,2111,2339,8444,71374,16036,25601
2012,6,15,35729,82680,55804,73014,23296,2358.3,4819,1538,4976,9880,47695,31247,37618
2012,6,16,39214,84682,26760,90723,5852,2358.3,4404,2596,1650,6944,10580,10300,42915
2012,6,17,75421,73305,3610,52760,67523,2358.3,2124,4602,2662,9280,92615,47309,24984
2012,6,18,53250,53787,28848,18227,45074,2358.3,825,4286,2576,5178,91360,33427,42895
2012,6,19,1851,62118,81025,37671,61937,2358.3,2815,2356,1940,6424,12946,19688,2662
2012,6,20,21408,49945,79442,95423,65577,2358.3,2731,3826,2195,6346,37052,37269,22058
2012,6,21,14474,2878,71556,8402,11814,2358.3,1829,3663,2737,9205,51333,19673,29269
2012,6,22,91867,10501,73383,84184,73278,2358.3,4023,4684,2498,9816,12926,28075,46203
2012,6,23,11874,99191,46902,70422,37122,2358.3,2690,2946,3182,5597,76348,14995,33954
2012,6,24,24866,68178,45011,98955,57383,2358.3,3628,1210,3195,8362,49783,46472,12696
2012,6,25,4565,93807,7510,67063,49976,2358.3,578,1848,4509,8182,48621,16630,13968
2012,6,26,42344,6312,34578,61878,68262,2358.3,1872,4478,1846,7558,16876,19188,10926
2012,6,27,50930,27062,34789,74126,35424,2358.3,1949,1339,1082,6550,39753,11057,1858
2012,6,28,24779,34892,39258,54288,93282,2358.3,2270,1977,1094,7418,13854,28803,37880
2012,6,29,99125,90728,88283,10931,28962,2358.3,502,4891,1094,5062,70368,41903,46716
2012,6,30,32182,57318,48243,59616,68129,2358.3,672,4258,4238,6282,79897,32520,37996
2012,7,1,17168,84498,91056,5367,98352,2069.71,4490,1750,3141,5420,50744,19454,19860
2012,7,2,11891,30636,11337,43149,17356,2069.71,1682,4672,1481,7649,59152,11666,3240
2012,7,3,88323,84763,11420,80957,64661,2069.71,1469,1827,4788,5058,87194,18992,43940
2012,7,4,22384,8037,81275,96877,39810,2069.71,3084,1699,4005,9420,11200,46360,32019
2012,7,5,82660,19235,87385,50493,86884,2069.71,2673,1557,1299,8194,72513,12311,46538
2012,7,6,78032,33983,94140,39172,86508,2069.71,758,2006,2073,5290,22119,11882,47686
2012,7,7,61011,90204,29935,40016,69625,2069.71,2727,3635,1720,7798,19128,13603,41135
2012,7,8,3002,41802,71514,50653,75894,2069.71,2964,1134,4361,6920,25799,47220,10379
2012,7,9,87493,57166,22463,9566,69807,2069.71,1448,1642,1137,7734,70832,20761,10934
2012,7,10,58869,39912,5749,51941,80024,2069.71,1895,4376,1677,6826,50029,17854,24877
2012,7,11,63788,29346,45551,74501,19153,2069.71,1720,1644,3515,8694,16209,48321,21350
2012,7,12,71469,4010,45490,38958,21744,2069.71,1070,1963,2585,7302,48903,18960,32674
2012,7,13,6696,80800,68338,89725,560,2069.71,4999,4346,4063,8934,38846,33215,34719
2012,7,14,81900,26919,6212,26767,53806,2069.71,766,1625,2782,9366,80582,30877,38773
2012,7,15,3251,73005,77842,92188,54823,2069.71,1147,2869,1018,9484,67594,40807,43097
2012,7,16,64203,48946,5154,44618,59495,2069.71,2832,2745,3622,6470,84511,23779,10353
2012,7,17,89169,9599,15405,31951,96528,2069.71,4179,1129,1398,6754,16642,40165,12339
2012,7,18,66470,69464,34387,6717,98949,2069.71,2523,4502,2277,9029,24120,26772,18333
2012,7,19,29382,68305,84518,49356,18701,2069.71,3135,2868,1331,8539,56170,15726,35382
2012,7,20,67231,1702,40340,52573,25075,2069.71,4089,1543,4471,6962,14611,49771,48656
2012,7,21,78161,78488,29274,45439,47517,2069.71,2210,3249,3050,6168,42604,13510,3394
2012,7,22,58461,65740,80971,69793,20632,2069.71,4002,4213,1614,8694,73137,46619,3493
2012,7,23,99350,98580,88163,50173,58408,2069.71,4943,1567,2613,9217,82005,45129,19127
2012,7,24,98963,70568,54731,53365,60000,2069.71,1466,4811,4426,7436,20955,16409,47335
2012,7,25,77281,14959,20623,48827,65653,2069.71,900,1353,3690,9960,31526,17097,10112
2012,7,26,69087,31470,3666,83052,77039,2069.71,4532,2353,1238,9262,45717,32589,35671
2012,7,27,12949,72185,67401,92375,95973,2069.71,570,3253,3314,8466,38431,35318,38357
2012,7,28,72222,83877,83024,80912,33837,2069.71,3009,4274,2371,6726,18677,39409,14550
2012,7,29,53697,63210,48115,26287,62472,2069.71,3875,1710,2368,6276,84146,28340,43833
2012,7,30,14633,9283,67946,34299,71392,2069.71,968,3612,1042,8991,24524,40441,6377
2012,7,31,33542,88886,76069,12265,40560,2069.71,1673,1224,4307,6140,36894,36778,44746
2012,8,1,12122,28551,92341,38398,12698,2575.68,4381,3331,4978,7368,19454,11354,37033
2012,8,2,56000,69688,67960,74992,10564,2575.68,4884,4448,2173,7148,56359,11918,24754
2012,8,3,5174,66967,2578,21314,3861,2575.68,2637,2334,4258,6329,70731,13307,39357
2012,8,4,43363,56466,51639,98341,76497,2575.68,1046,2496,2400,5878,14984,15936,11362
2012,8,5,85112,48724,57412,2285,85872,2575.68,554,1044,1482,6274,28710,15334,13771
2012,8,6,88841,76348,33284,89451,32678,2575.68,2758,1039,1831,8802,90731,13342,20367
2012,8,7,32110,66778,2177,79510,43488,2575.68,2472,3598,3386,9776,47234,10609,9664
2012,8,8,25006,94142,68006,5743,43626,2575.68,3043,3817,3063,5366,38267,11490,46716
2012,8,9,93045,41026,98132,86229,95423,2575.68,908,2531,3343,8084,23393,31831,5215
2012,8,10,84100,60866,60430,58838,72102,2575.68,4446,2106,3157,7451,19200,28134,24017
2012,8,11,520,42244,26952,73583,31274,2575.68,674,4318,1244,5334,26898,18018,15219
2012,8,12,15372,82807,61902,3715,40891,2575.68,545,1341,2512,9338,12022,15590,35295
2012,8,13,36344,35977,48072,70853,23428,2575.68,3986,3946,2219,5937,13880,23493,33625
2012,8,14,57508,25907,14164,63752,36064,2575.68,3121,1434,3867,8438,71501,31109,41062
2012,8,15,61670,23399,22451,40534,35726,2575.68,1498,3420,4956,5922,59272,48383,22629
2012,8,16,39547,24611,38683,81766,16900,2575.68,526,4407,4821,9421,54510,47236,18915
2012,8,17,10483,68985,15024,50702,45360,2575.68,3162,2028,4922,9942,63914,45648,36525
2012,8,18,9593,55413,50421,84549,11335,2575.68,4284,1770,1320,8646,32646,33907,26046
2012,8,19,23233,4257,58315,34406,73679,2575.68,1642,1034,3160,6665,67566,43519,29177
2012,8,20,99542,15729,50549,9464,2694,2575.68,1463,2285,1226,8236,13186,47561,14463
2012,8,21,64282,28823,48442,31289,83141,2575.68,810,2724,1696,7028,73482,41726,47440
2012,8,22,2687,71477,92239,847,68142,2575.68,4366,4034,1885,5094,19708,44578,9805
2012,8,23,42081,97666,23216,28307,35902,2575.68,2219,1526,1575,7013,31470,31067,36402
2012,8,24,4453,63019,20145,22501,36528,2575.68,4226,1140,1782,5644,72764,49595,43627
2012,8,25,98974,33483,33630,90859,61101,2575.68,1788,4532,2495,5004,47838,43396,9831
2012,8,26,77758,6411,9931,59334,13424,2575.68,810,2875,1552,8854,56728,23650,7754
2012,8,27,70523,70955,29217,51977,10124,2575.68,1571,4097,3166,6238,16307,29266,18333
2012,8,28,11384,18097,48799,85231,43101,2575.68,3627,1724,4398,8557,96542,32821,12989
2012,8,29,46311,36944,67050,67082,13840,2575.68,2084,1438,1083,6300,52690,21207,23778
2012,8,30,20985,70615,46657,89151,22167,2575.68,4768,4901,2411,9918,35132,13736,12964
2012,8,31,29259,30112,94074,65010,18669,2575.68,4182,1331,3910,7583,64764,24102,40616
2012,9,1,21849,74817,48797,24501,27507,1424.33,1836,3120,3011,7958,36639,12326,20004
2012,9,2,2107,86541,9739,18377,38025,1424.33,2635,3135,2026,8996,12654,17642,16602
2012,9,3,43179,840,27905,40763,65604,1424.33,3474,3804,3174,7270,44656,20681,2007
2012,9,4,13626,6494,35154,46637,73832,1424.33,3963,1886,4685,5053,10666,29061,21793
2012,9,5,68007,58302,13550,45034,3650,1424.33,4027,1828,2544,6931,15798,49499,16706
2012,9,6,75291,82417,3304,68465,26040,1424.33,1004,1016,1620,5278,10642,44636,14313
2012,9,7,28796,77969,36927,19833,79374,1424.33,3894,2379,2246,9802,17538,25896,47594
2012,9,8,95501,37792,72725,29397,11076,1424.33,3895,1365,1786,8551,71181,17825,43019
2012,9,9,12864,76680,90195,83669,17331,1424.33,4656,2477,2167,6362,82310,16540,42848
2012,9,10,29177,47557,30272,67775,26352,1424.33,3670,1851,3179,5502,51247,17046,39037
2012,9,11,75765,96495,6972,67552,45046,1424.33,1728,4260,4832,7718,74280,38514,28154
2012,9,12,1122,18938,67344,4641,16873,1424.33,2532,2400,3561,7804,30174,12538,16006
2012,9,13,73193,23846,78116,66372,6592,1424.33,626,3708,2209,7908,82611,14454,45715
2012,9,14,72103,84340,77868,26935,92615,1424.33,1800,1542,2436,9144,14728,17262,18500
2012,9,15,65150,18613,83061,95064,52769,1424.33,1327,1930,2080,9443,92332,10023,13236
2012,9,16,91510,79311,58732,50071,73260,1424.33,3677,1714,2034,7896,88648,16150,41343
2012,9,17,16396,36802,77440,20185,52298,1424.33,844,2446,2132,7820,12509,29900,42168
2012,9,18,37141,80190,5862,74221,25985,1424.33,595,2493,1726,5679,67564,49818,14546
2012,9,19,83374,37594,61533,41760,85490,1424.33,2759,1884,3334,6678,22068,11272,16534
2012,9,20,78719,79266,89430,5851,3171,1424.33,2103,1270,3480,7964,30882,24464,18292
2012,9,21,38862,81478,58310,49069,7157,1424.33,982,1070,3466,6771,48641,15307,25874
2012,9,22,93305,41402,83545,12991,27953,1424.33,4973,1670,1229,8814,28873,17626,21965
2012,9,23,92694,30977,44710,7526,55293,1424.33,3341,4153,3421,6651,59573,46929,25592
2012,9,24,48877,24812,3812,28696,67935,1424.33,4002,1238,3854,7806,74228,38158,2454
2012,9,25,15864,59202,44829,17093,49957,1424.33,1492,4001,2381,5116,66527,42673,40054
2012,9,26,74498,31221,3179,47919,37872,1424.33,1199,3100,3915,5011,31795,38201,29104
2012,9,27,17465,42150,49441,27671,36049,1424.33,828,3263,1158,7008,85355,15530,40021
2012,9,28,17063,23200,40884,54444,22106,1424.33,3469,1602,4983,6647,60872,18422,23763
2012,9,29,45752,22072,12307,66019,87083,1424.33,4219,1806,2603,5366,48568,10016,10454
2012,9,30,76385,30749,23267,91959,57758,1424.33,3840,1171,4525,9456,61966,36630,24974
2012,10,1,25436,99585,93470,8436,76809,2483.29,538,3879,4982,6556,18582,25435,2676
2012,10,2,7128,39565,94391,43492,4486,2483.29,4875,1934,4011,7362,18694,30337,15746
2012,10,3,2026,514,94863,16749,62481,2483.29,966,4267,2428,5055,12702,40588,47845
2012,10,4,67732,83241,5820,99066,36149,2483.29,852,4628,4050,6410,12506,18535,24486
2012,10,5,67341,22995,3769,72705,51180,2483.29,3041,3204,4976,7903,86304,42456,13112
2012,10,6,12100,41540,96725,25880,22947,2483.29,1467,2029,4019,9174,12198,45167,25779
2012,10,7,46773,13300,4796,10823,14895,2483.29,709,3586,3612,9477,71290,14791,24267
2012,10,8,28941,74332,84348,58918,88587,2483.29,2725,2037,3543,6478,42916,11982,20653
2012,10,9,6581,59384,58520,31952,98023,2483.29,3470,1146,1242,8266,88320,41862,30966
2012,10,10,38885,84030,40450,2498,99859,2483.29,3640,1278,3775,7988,20420,14732,28092
2012,10,11,4993,88146,40752,49888,85300,2483.29,1376,3231,4403,6247,56534,23777,33668
2012,10,12,57214,50005,34924,67830,64623,2483.29,4692,3507,3624,6493,12018,23482,23244
2012,10,13,94585,55997,68634,13360,73985,2483.29,2073,1342,3551,7824,45215,45202,39054
2012,10,14,77844,62945,19786,37247,39192,2483.29,2375,2756,1323,9222,80586,40946,26320
2012,10,15,1894,6631,10806,25518,89476,2483.29,714,4059,2805,5542,97419,13142,16810
2012,10,16,55744,50845,74823,65647,45021,2483.29,848,2863,2982,5134,76462,22173,20039
2012,10,17,73305,3838,34931,99628,82489,2483.29,1925,4381,4850,7730,26251,44325,31869
2012,10,18,50892,7956,44737,40050,58293,2483.29,4543,1578,4351,8740,96033,17514,8508
2012,10,19,14404,73234,93588,13738,53867,2483.29,2263,3522,3886,7100,43150,22726,20050
2012,10,20,51766,66428,73461,6616,84159,2483.29,2292,1401,4018,8142,91450,32310,49712
2012,10,21,70537,10994,12699,79888,21712,2483.29,611,1114,3317,8406,66204,18535,25084
2012,10,22,14248,18468,12059,4486,22013,2483.29,3564,3777,2987,7024,96744,22145,21561
2012,10,23,83088,64037,73548,7106,76065,2483.29,767,1600,2343,9644,42840,14054,31350
2012,10,24,59902,9804,66521,58219,54002,2483.29,1753,4600,2543,5163,10884,11824,49077
2012,10,25,26724,99002,96037,64712,82378,2483.29,3208,1886,3168,6224,72569,15585,9133
2012,10,26,74458,78338,28538,83153,13155,2483.29,3558,4407,2532,5622,47625,17885,37730
2012,10,27,45508,90732,68838,29403,62247,2483.29,630,3970,4628,7698,53681,22006,24276
2012,10,28,56832,73242,53823,46352,66350,2483.29,1936,1622,1081,6826,23958,19094,42745
2012,10,29,44556,37517,56348,58441,33947,2483.29,1325,4453,2407,5163,17722,39654,20325
2012,10,30,85791,60519,78625,75419,24569,2483.29,3776,2751,1898,7912,44103,38247,48658
2012,10,31,76696,72392,45406,14129,45570,2483.29,1067,1070,3231,7414,48565,23530,19364
2012,11,1,91243,69336,85147,86406,94544,1924.63,2195,1413,4776,7942,95982,18433,24801
2012,11,2,44095,93734,40333,94398,54189,1924.63,1092,1580,1378,5220,72149,26052,44932
2012,11,3,66289,78627,99285,20055,43544,1924.63,2793,4786,3501,9292,21191,12210,39167
2012,11,4,54093,9740,24459,40222,90058,1924.63,3654,1016,1062,5338,44901,17206,36793
2012,11,5,60271,15994,27647,66960,17567,1924.63,4363,3854,1126,10008,20260,18710,16149
2012,11,6,64166,98055,89457,22668,77347,1924.63,2064,2790,3090,5758,88011,19008,27000
2012,11,7,69668,63019,10004,16546,78357,1924.63,2611,4978,2249,6470,38289,21167,21257
2012,11,8,94111,97654,21374,5237,72653,1924.63,1258,1818,1040,8294,75837,33386,41635
2012,11,9,25419,84254,97529,78509,33480,1924.63,4360,4498,1262,8736,36043,25970,1893
2012,11,10,51972,70008,30950,55573,47970,1924.63,1740,2079,3243,8113,63667,22248,35591
2012,11,11,39748,56279,25419,95788,38345,1924.63,525,1974,1860,9406,58623,35339,17608
2012,11,12,77651,29336,54839,58913,93699,1924.63,4882,1348,3592,8762,17593,41561,7234
2012,11,13,84127,94334,99993,83722,92448,1924.63,969,3546,2642,7739,60686,14686,30013
2012,11,14,15347,22564,87454,33559,98322,1924.63,510,1952,1763,6440,51235,14574,12429
2012,11,15,63674,2471,63835,73619,1006,1924.63,746,1118,1532,6126,85205,34560,31428
2012,11,16,27889,41175,49459,80531,55267,1924.63,2868,1234,4060,5321,16714,47381,26497
2012,11,17,37750,5774,39706,29513,62214,1924.63,1325,2238,1114,6074,15856,27120,7293
2012,11,18,92940,47389,28604,68701,78913,1924.63,4612,3152,1335,9070,14758,26601,13809
2012,11,19,45568,91551,13566,10980,83225,1924.63,4712,1956,4861,6222,66838,16662,34089
2012,11,20,38063,14516,44314,64177,26028,1924.63,2648,3966,3909,6252,16102,19173,10170
2012,11,21,66413,73631,42326,37748,9053,1924.63,4348,1952,3910,8542,81950,37134,46008
2012,11,22,28355,56664,74460,68217,87433,1924.63,590,1846,3517,7710,12056,30896,7650
2012,11,23,7478,13672,66215,31387,66276,1924.63,560,2688,1782,5780,70435,35618,20233
2012,11,24,55246,51137,56591,9156,61755,1924.63,2641,1878,1694,6914,58324,48988,38541
2012,11,25,27455,44968,40835,15972,92275,1924.63,1867,4751,3233,9433,47490,19026,13210
2012,11,26,99666,98051,8549,76232,7288,1924.63,1849,2532,2824,8439,88039,24578,45337
2012,11,27,73333,67033,14687,84888,20486,1924.63,3875,4291,1374,8566,80262,18626,39364
2012,11,28,4272,43482,59061,97505,72915,1924.63,3365,3931,1914,7682,81514,44591,22903
2012,11,29,93602,43364,23477,56426,78156,1924.63,1003,1487,4900,8198,52726,31737,11516
2012,11,30,17758,36603,96029,84792,77665,1924.63,4099,1935,2475,9511,95792,41741,42643
2012,12,1,69158,30673,79718,67423,28539,1895.65,1024,3253,4137,7449,66408,42004,40662
2012,12,2,14806,34248,3257,43200,86975,1895.65,956,4928,2373,8426,17592,40015,34994
2012,12,3,22551,15880,8843,42063,11672,1895.65,2179,2180,2607,6897,64603,26145,1178
2012,12,4,53911,25628,14400,34400,59429,1895.65,1403,4233,2759,6012,33784,17510,47160
2012,12,5,81006,94741,91014,28380,73192,1895.65,4746,1494,2188,9941,54156,35212,24958
2012,12,6,60525,71336,82393,74485,84585,1895.65,629,3494,1334,5550,89245,14755,13348
2012,12,7,44893,15650,55341,9004,78014,1895.65,774,4018,1806,7453,15026,23409,39126
2012,12,8,92411,4849,85504,49599,14790,1895.65,4810,1282,2346,7120,66149,11931,39660
2012,12,9,96903,83132,66778,18582,14512,1895.65,3336,1520,3024,5028,84758,16037,6024
2012,12,10,60506,61199,41408,60724,28652,1895.65,978,2413,1357,9386,87012,31146,11510
2012,12,11,8351,38175,72812,35697,88082,1895.65,3979,1336,2092,7109,19917,11850,38962
2012,12,12,19485,19606,45064,23861,74634,1895.65,4897,1182,2372,7656,12214,36023,29822
2012,12,13,9166,79051,73438,91875,47742,1895.65,4372,1091,1327,8766,16288,35761,26802
2012,12,14,17498,72120,37098,55942,35581,1895.65,506,1174,1619,5126,78924,17604,7015
2012,12,15,16486,85174,19096,23858,49182,1895.65,1232,3347,1711,6021,66573,40804,47662
2012,12,16,42823,55947,46896,90503,34483,1895.65,1263,1979,3506,6730,24272,45438,21388
2012,12,17,36727,49521,50503,13346,19833,1895.65,949,2669,1912,6397,76526,30132,45779
2012,12,18,64059,52759,54832,7123,18781,1895.65,2926,2954,3703,9654,84808,28185,37758
2012,12,19,16210,11072,96517,76068,90784,1895.65,2857,2509,1262,8359,57206,12994,20789
2012,12,20,490,38157,59162,47793,70906,1895.65,4276,4963,4798,5460,42085,39930,2040
2012,12,21,53218,40013,34237,46921,1187,1895.65,910,3747,1468,6514,26166,37252,19046
2012,12,22,8762,14024,64762,79070,68735,1895.65,1914,4223,1476,8670,17015,47381,21969
2012,12,23,13116,61292,82345,34266,76752,1895.65,547,4968,1598,9150,93240,31980,40783
2012,12,24,60181,68346,15728,23002,56319,1895.65,516,1431,2268,5014,60501,41002,8246
2012,12,25,63335,78768,10226,39811,39843,1895.65,3543,4309,1235,8990,19926,47987,43593
2012,12,26,43023,10474,44308,40169,67962,1895.65,2148,3141,2245,8464,51142,44916,37549
2012,12,27,12473,27748,76348,1093,69115,1895.65,2094,2448,1967,8671,88611,38162,3201
2012,12,28,12264,8507,73824,33499,10747,1895.65,2837,1030,1160,8497,10288,38536,43751
2012,12,29,46046,48789,33031,84643,3016,1895.65,4558,1839,3272,5906,49283,47386,34173
2012,12,30,9107,91378,29835,57427,76401,1895.65,588,1590,3304,5763,38514,20402,34798
2012,12,31,29514,2704,40524,50090,11201,1895.65,3625,3597,4600,6650,58240,18967,1634
2013,1,1,37799,67160,453,10057,16443,2328.39,515,4172,1534,5892,18614,45174,14191
2013,1,2,54882,5589,54831,90645,60455,2328.39,662,4509,2107,6599,90710,32919,25233
2013,1,3,25225,64308,48872,13233,38900,2328.39,834,1698,2701,8894,86754,16182,34191
2013,1,4,16407,38622,24669,76783,31563,2328.39,3308,2795,3532,6286,19594,23986,41593
2013,1,5,84724,46303,19849,66831,32902,2328.39,4749,4477,1217,9954,87709,30117,10559
2013,1,6,65516,89474,23168,33217,91690,2328.39,3712,4447,4895,9474,17582,12809,26274
2013,1,7,16326,5891,15606,96210,49030,2328.39,814,3752,1699,6396,18934,20952,25398
2013,1,8,66955,16685,95430,74524,98009,2328.39,992,3523,3964,8328,13092,47006,49492
2013,1,9,86786,63157,37806,51681,37890,2328.39,4489,1142,1278,6446,66775,26659,5388
2013,1,10,38196,3324,76764,26247,59720,2328.39,2198,3025,1554,8980,17549,24742,27346
2013,1,11,58472,54894,4618,63788,15406,2328.39,2145,2190,1742,9912,70222,35107,17710
2013,1,12,70339,51064,5674,31617,47511,2328.39,3275,1420,2124,5038,28304,18195,38801
2013,1,13,28737,75503,11222,55470,34483,2328.39,1563,4305,1590,9518,73093,15420,45123
2013,1,14,18891,50239,33963,16109,81542,2328.39,1215,1880,1022,6490,99848,11062,4185
2013,1,15,62042,74477,4816,54166,25867,2328.39,2360,1918,4974,9933,26424,25808,33120
2013,1,16,95056,39340,85115,95072,40521,2328.39,1843,1536,1149,6518,91871,22691,24560
2013,1,17,64991,59440,90924,36591,32680,2328.39,700,4720,1018,6868,65237,41114,40772
2013,1,18,9988,3951,62069,51314,53884,2328.39,2122,3939,4184,8588,60362,17046,4845
2013,1,19,19500,87206,76820,77001,64364,2328.39,1043,4354,4482,6966,82296,43513,35044
2013,1,20,14091,37998,88235,79338,14866,2328.39,1803,1204,2421,5224,92518,27657,3472
2013,1,21,86421,35993,76597,30605,80933,2328.39,3013,1754,4163,9674,77431,19546,36959
2013,1,22,9876,9828,34234,70710,16794,2328.39,4223,1776,1766,8809,26573,16830,32882
2013,1,23,22281,29729,59653,96055,94953,2328.39,3711,1373,4514,6659,28329,35446,2171
2013,1,24,53618,76343,2230,94133,17528,2328.39,4011,2402,1688,9596,14464,38985,46013
2013,1,25,98831,78688,86221,69709,47497,2328.39,3156,1128,3874,7808,98534,20178,29146
2013,1,26,16331,38598,51552,20845,55257,2328.39,2642,1870,2575,9854,35710,40102,46234
2013,1,27,53588,51074,33858,59428,17023,2328.39,4764,1714,3360,7336,15366,14426,48322
2013,1,28,46483,90069,9689,21709,37877,2328.39,1886,1126,3172,9790,91402,34781,8224
2013,1,29,56024,30397,76359,28599,87972,2328.39,998,1559,4494,8910,17338,46516,12069
2013,1,30,33584,32103,28721,76944,65791,2328.39,503,2272,2053,6422,50332,24929,30633
2013,1,31,34767,42220,45489,97940,2010,2328.39,4072,3032,4991,5430,11958,37962,3243
2013,2,1,54388,29522,33346,23298,63212,1923.25,3232,1665,4933,6527,77456,21917,46214
2013,2,2,67031,6081,58971,93575,56414,1923.25,3340,3632,2092,6279,16993,31686,1042
2013,2,3,75352,91378,81678,17135,10712,1923.25,985,1734,1865,5526,19022,45077,35993
2013,2,4,66896,77982,6743,58181,44509,1923.25,846,2891,1631,5420,21465,13044,34199
2013,2,5,5673,49806,78029,17765,92438,1923.25,802,4140,2750,7674,10262,29813,45022
2013,2,6,99825,88612,94913,48042,9294,1923.25,3118,1188,3994,6213,34368,19446,49662
2013,2,7,66764,30819,82746,73395,86239,1923.25,1438,3262,1720,6614,42378,29157,20563
2013,2,8,42192,58181,79650,44942,72013,1923.25,4755,3188,1784,6019,36230,45181,47277
2013,2,9,2033,95701,87722,96027,61914,1923.25,881,3677,4260,9978,18423,21850,38443
2013,2,10,86894,71215,80113,73614,2033,1923.25,4122,4224,2022,5123,11044,35387,38843
2013,2,11,62400,80273,73576,48288,82645,1923.25,4820,4676,1858,7541,80703,33771,26158
2013,2,12,85984,47937,28801,71596,14267,1923.25,3445,1159,3438,9909,74772,36822,47225
2013,2,13,95104,60247,81047,8479,25371,1923.25,3865,2769,3188,7594,52408,15832,36565
2013,2,14,9951,12229,50510,48161,76123,1923.25,1931,2105,1010,7084,33701,19542,47565
2013,2,15,40661,93499,10927,75451,49761,1923.25,2272,4863,3649,6648,69693,16106,2051
2013,2,16,96236,63559,8141,79424,63704,1923.25,1608,1910,1954,8469,38165,31603,26902
2013,2,17,76034,86449,43710,71534,79885,1923.25,2651,1098,3612,9868,95994,19724,43763
2013,2,18,43333,24620,14589,21982,17939,1923.25,2352,1060,4192,6844,26300,44247,1278
2013,2,19,43746,87909,34253,49228,16378,1923.25,830,3762,1569,7198,80295,21454,38770
2013,2,20,1006,94300,8351,4619,19229,1923.25,4342,2560,1294,5282,84541,29606,4346
2013,2,21,5917,43246,10132,86461,10091,1923.25,2059,1566,1394,7663,19414,23421,36432
2013,2,22,86433,66598,82185,94354,73841,1923.25,807,4846,3130,8326,95816,42359,28832
2013,2,23,94856,86511,71272,56524,8146,1923.25,1129,4061,1670,6260,16873,25500,22166
2013,2,24,99044,63933,12041,39736,61596,1923.25,4509,4379,4403,6802,58732,18414,47807
2013,2,25,90525,40893,95795,63656,31403,1923.25,2366,2609,4472,7284,99132,10498,7963
2013,2,26,15803,35262,33031,47566,97874,1923.25,4417,1916,1539,5858,53004,24486,16256
2013,2,27,49265,82514,88866,80020,94207,1923.25,4615,1082,1194,6761,64737,18948,13951
2013,2,28,4724,53456,27910,15549,97094,1923.25,4517,4247,3654,7548,76812,26527,27042
2013,3,1,82583,89796,96696,84040,42800,1617.9,3303,1664,1399,9675,52222,13412,21182
2013,3,2,30643,53306,44248,27405,34395,1617.9,3479,2850,1104,8064,10430,34497,13196
2013,3,3,98546,46895,63152,82446,40060,1617.9,2600,2641,2177,5647,13370,19938,6031
2013,3,4,83182,56337,62994,25933,86012,1617.9,3985,1653,3521,6474,60409,11690,15217
2013,3,5,22780,8890,90766,80236,89269,1617.9,4732,2813,1258,8480,86610,45366,8413
2013,3,6,16618,35564,18008,78795,81211,1617.9,522,1496,2375,6244,13360,49738,41040
2013,3,7,78334,72013,32745,46855,65245,1617.9,1121,4375,3394,6488,84610,15336,9506
2013,3,8,81652,49343,11829,36959,9930,1617.9,3676,1546,4002,6080,10692,31564,48440
2013,3,9,24076,21817,28661,37803,84934,1617.9,2541,3266,3700,6637,26472,10602,1688
2013,3,10,96143,8947,9673,30890,82186,1617.9,4904,1574,4977,6732,33499,36258,44283
2013,3,11,81524,82176,12806,31878,65212,1617.9,4794,1286,1314,8454,43440,15210,34499
2013,3,12,60142,97334,20867,83842,83971,1617.9,4138,1465,3989,8810,27354,21174,13692
2013,3,13,9445,82259,51363,69422,65343,1617.9,680,1866,3389,9684,95095,14952,34862
2013,3,14,35688,74890,70591,92002,83344,1617.9,4601,3485,2716,6820,27326,28038,14031
2013,3,15,66864,32817,24504,55853,47979,1617.9,3378,2423,1898,8806,43196,32162,18210
2013,3,16,95955,15229,79029,95696,16418,1617.9,647,2104,1490,9966,60458,48708,24124
2013,3,17,61620,26412,8546,89336,29584,1617.9,3726,1446,1590,8229,68650,33019,2225
2013,3,18,26440,12029,6795,93259,23122,1617.9,850,1738,1822,6470,47474,31636,49991
2013,3,19,11277,8122,50094,76642,55711,1617.9,1701,2329,1962,8214,23017,16546,10552
2013,3,20,2472,56744,79345,87512,31325,1617.9,1882,4115,2727,7362,83726,15848,14348
2013,3,21,10020,25499,67628,91591,46300,1617.9,4578,3927,4574,9671,50568,45284,15102
2013,3,22,50223,92270,28967,3538,58869,1617.9,1435,1339,1398,8554,65203,22754,1984
2013,3,23,46479,18438,63223,39207,78467,1617.9,1406,3485,2446,5386,80075,35097,46949
2013,3,24,86840,69654,9025,26415,25678,1617.9,3050,2251,3214,7016,95788,43434,9593
2013,3,25,35352,98576,21127,76782,80708,1617.9,4536,2185,1118,9110,82743,49584,36330
2013,3,26,76059,54151,88070,64857,9537,1617.9,4954,2727,4150,5330,39141,29827,34497
2013,3,27,1276,77193,88431,69490,60561,1617.9,4275,1834,4146,6566,89045,29853,34220
2013,3,28,53083,38582,23392,74202,84044,1617.9,578,1453,1636,8207,41310,10126,6135
2013,3,29,79056,57617,15253,49558,82947,1617.9,736,1156,2937,8344,70062,24850,20746
2013,3,30,18387,15691,20763,17533,66092,1617.9,3738,4174,4741,7129,19464,15136,9808
2013,3,31,59616,99865,41591,52605,94424,1617.9,542,3479,3220,6230,23036,22518,49253
2013,4,1,68774,73093,5416,19293,59507,1370.87,2678,1638,2379,6278,41288,43539,30266
2013,4,2,1653,76815,58281,55134,2894,1370.87,4749,2757,1358,7353,13533,30610,23417
2013,4,3,38834,3365,53831,25567,26401,1370.87,3044,1525,4441,9632,30817,17904,26350
2013,4,4,35078,84848,34145,18809,72763,1370.87,2347,1542,4950,6979,45900,37843,41785
2013,4,5,26749,77002,6953,8107,60707,1370.87,622,4539,3849,8899,41457,16602,20486
2013,4,6,1601,24502,94480,17394,29314,1370.87,1341,1494,2848,6837,99550,31962,41650
2013,4,7,34974,28251,22730,36276,31582,1370.87,4118,3329,1982,7422,82788,22688,34982
2013,4,8,84261,87858,38580,24462,63109,1370.87,1063,4709,4538,7610,98454,13622,30038
2013,4,9,59897,74796,30946,2745,17985,1370.87,1059,4309,1450,9590,11178,23031,46849
2013,4,10,75122,46055,81362,37104,93478,1370.87,1143,2737,3358,8662,17654,47818,30502
2013,4,11,11112,9615,28880,32003,27862,1370.87,3557,2757,3481,9503,13716,11302,27335
2013,4,12,92704,57913,22128,84154,64405,1370.87,2184,4525,3766,9804,92980,33595,27713
2013,4,13,85399,69124,61333,70109,16551,1370.87,4279,2661,4497,6326,76015,17358,29884
2013,4,14,6845,74574,21468,25327,20429,1370.87,3144,3131,2585,8982,13636,16989,28321
2013,4,15,44336,20821,6516,34455,42071,1370.87,3049,3820,4971,9382,30281,12238,49496
2013,4,16,59266,64561,45535,65115,44071,1370.87,3824,1840,3827,9622,92593,49255,37903
2013,4,17,48612,70738,78739,67549,87361,1370.87,4538,3048,4546,7405,82502,21616,42375
2013,4,18,73253,552,31790,74576,96286,1370.87,2448,1902,2982,8680,37016,13646,12071
2013,4,19,92238,52193,54320,21065,72484,1370.87,1671,2447,4001,5409,10000,37714,13265
2013,4,20,57784,55886,85763,3682,29643,1370.87,1650,2895,1406,6888,77470,31453,18265
2013,4,21,1862,86272,69708,61196,40607,1370.87,4599,4195,1102,5271,70259,47752,23077
2013,4,22,98536,56931,1552,48890,38692,1370.87,1603,2826,3784,9490,16507,16862,22899
2013,4,23,56982,8158,27674,42149,47949,1370.87,4953,4809,2767,9661,27356,14725,21497
2013,4,24,32738,91957,13921,8006,27228,1370.87,2109,2114,3813,7330,91003,12504,1074
2013,4,25,96560,77607,25331,91696,49972,1370.87,1473,3304,1347,8304,65453,14295,41838
2013,4,26,65644,21759,80458,89763,31420,1370.87,4487,1026,1121,8407,88514,19410,7814
2013,4,27,68939,76976,1816,59104,50637,1370.87,1607,3547,1730,6937,55242,36748,42819
2013,4,28,55127,71716,60054,37826,32215,1370.87,3473,4209,3616,8930,15914,11388,41859
2013,4,29,73096,74811,91897,89218,59570,1370.87,548,4859,3738,7084,15878,40726,46763
2013,4,30,59904,75570,4274,46681,88859,1370.87,4780,1378,2582,6185,98162,46149,25868
2013,5,1,66636,10359,98013,31918,14331,2329.1,1365,1998,2648,6934,65062,30763,25753
2013,5,2,92204,9922,4502,59289,30237,2329.1,543,1620,1714,8922,11016,41719,11580
2013,5,3,82004,71354,5654,58190,85868,2329.1,2584,3855,2161,6948,12502,42843,1803
2013,5,4,32701,38490,64688,50350,65424,2329.1,2464,2627,1023,7890,33267,10474,29750
2013,5,5,79897,68811,8417,45749,67386,2329.1,3819,1490,3489,5824,40281,18724,35785
2013,5,6,27628,49219,78213,56141,56167,2329.1,680,3867,3826,8182,55568,49249,45337
2013,5,7,26125,53033,73229,98500,71350,2329.1,1110,1245,1657,5878,13345,25394,6496
2013,5,8,61664,33517,57488,85153,59341,2329.1,861,3319,3338,9073,75811,19505,47769
2013,5,9,84411,91147,24725,34589,87522,2329.1,3837,4997,4676,7066,44848,37377,46645
2013,5,10,29914,45959,4975,37924,88189,2329.1,3317,1203,3187,6502,67708,27527,18320
2013,5,11,84926,78570,30848,48264,83996,2329.1,4120,4757,4157,8844,19345,18030,6659
2013,5,12,5489,53183,64380,71517,76601,2329.1,500,2866,1537,7318,77141,19460,9228
2013,5,13,64891,90459,25930,33078,77616,2329.1,1957,3892,3558,7804,27155,22553,43638
2013,5,14,30815,11277,57311,44972,36473,2329.1,4353,1961,2542,7474,29829,10998,43008
2013,5,15,52960,55076,78361,40849,1647,2329.1,574,1537,2312,5720,15966,12568,5502
2013,5,16,52845,92924,35172,41403,17080,2329.1,626,2894,4954,7950,18444,26427,12327
2013,5,17,96979,88572,84741,59521,48656,2329.1,758,2967,2002,9727,58815,16010,30922
2013,5,18,65229,59390,70533,43893,18597,2329.1,714,1440,2126,5342,29195,29205,2851
2013,5,19,14022,59504,77100,3976,63474,2329.1,1754,1803,1240,7846,36323,12504,2670
2013,5,20,78769,67691,74215,81117,77418,2329.1,958,3997,2419,8010,11590,27368,33031
2013,5,21,74847,19414,98809,3325,54757,2329.1,2529,1102,3858,5981,10922,17332,28004
2013,5,22,28651,52212,60488,19891,16410,2329.1,1137,1529,1716,6704,92646,24622,13164
2013,5,23,99735,77758,33620,8506,66106,2329.1,873,2303,3627,9374,60627,19480,2862
2013,5,24,79038,93157,44865,82897,19138,2329.1,1580,2787,3883,7067,84029,13230,1314
2013,5,25,40231,76520,63175,37436,43224,2329.1,2057,4309,4930,8146,67814,16035,5821
2013,5,26,31243,3689,89691,19870,54723,2329.1,956,1926,4825,6630,33007,45315,1302
2013,5,27,7494,15940,43103,26377,59360,2329.1,3021,1892,1355,7548,69729,45930,43485
2013,5,28,13369,81787,55240,79651,60168,2329.1,2037,2762,4445,6938,43983,14167,39406
2013,5,29,68397,39941,80632,28223,80761,2329.1,3537,3253,1870,5992,30982,21641,13639
2013,5,30,42828,25356,37583,79183,82904,2329.1,1464,2624,1830,6703,92274,31969,7312
2013,5,31,2462,4313,89732,61907,22392,2329.1,2426,1586,3655,6124,19010,20767,33716
2013,6,1,42548,75374,48978,25539,6356,1630.07,4718,3062,4553,7810,47318,31864,20619
2013,6,2,71718,59943,53667,18421,52217,1630.07,2233,2880,1719,9140,95272,25434,35637
2013,6,3,91567,86061,65442,64624,5071,1630.07,2670,3969,1582,6010,11728,34289,36210
2013,6,4,3619,90578,98704,44524,70831,1630.07,1388,2547,1936,6406,77319,24532,46022
2013,6,5,98395,14554,47413,40115,30046,1630.07,548,1611,1686,7990,86234,16518,42685
2013,6,6,33552,70257,46840,45134,3257,1630.07,774,3227,4628,8964,67750,46810,2700
2013,6,7,40500,60491,89358,46463,6898,1630.07,2346,1194,2582,9528,61757,27627,33030
2013,6,8,43796,77307,65591,5245,74649,1630.07,1762,3199,3432,8602,69684,16092,18177
2013,6,9,87654,65459,81269,63634,59936,1630.07,898,1786,4509,9801,63249,32758,49019
2013,6,10,82831,16948,54402,96765,1707,1630.07,743,1854,4817,6333,67098,34465,16160
2013,6,11,90862,38861,92665,29295,73815,1630.07,3687,2819,4158,9920,41453,16402,12349
2013,6,12,50326,51898,20881,76187,51699,1630.07,602,1772,2428,9698,63997,35487,1958
2013,6,13,12210,4742,97342,22027,27427,1630.07,1491,3288,4651,5507,63934,19646,14440
2013,6,14,94208,67622,87638,38366,68929,1630.07,3810,4253,1984,6042,11792,49038,29091
2013,6,15,12876,37089,16272,30305,16787,1630.07,2143,1418,1361,9484,67373,28788,30269
2013,6,16,60276,90217,47077,96279,22076,1630.07,1096,2634,4983,7478,70999,13911,27363
2013,6,17,22825,46163,99517,20165,42205,1630.07,554,1430,3397,7330,13958,31535,11309
2013,6,18,82094,83880,26884,99808,79716,1630.07,3595,4990,2177,8122,36268,11218,10609
2013,6,19,19386,42366,88240,14369,52452,1630.07,4631,1130,1752,8134,11791,13957,9239
2013,6,20,21809,97346,19038,86558,99171,1630.07,3092,2616,1004,5338,97423,11654,20774
2013,6,21,38289,42371,40710,55466,34394,1630.07,1069,1110,1398,9308,13750,18018,43330
2013,6,22,74900,95482,79774,96652,5981,1630.07,1960,4140,1078,5997,30697,20784,7917
2013,6,23,33123,15143,34753,54127,26470,1630.07,4845,4757,1804,7654,36574,41642,48528
2013,6,24,5237,63997,11773,57283,79657,1630.07,1780,1824,4455,7905,83911,46788,28975
2013,6,25,82174,60872,7281,87436,73222,1630.07,4572,2695,4472,9324,76822,45941,37979
2013,6,26,24205,48020,77052,31454,76279,1630.07,3096,2866,3973,9830,55148,23630,29978
2013,6,27,30196,33281,60890,71003,7538,1630.07,4142,4711,1354,7775,93498,45245,44801
2013,6,28,95754,18071,17941,81578,93748,1630.07,2518,2951,4134,7438,49404,35412,44763
2013,6,29,900,38853,49631,11225,56426,1630.07,1206,1620,4411,8414,73974,28300,4779
2013,6,30,23249,24470,84364,28921,82245,1630.07,517,4349,2284,8458,75926,22383,27863
2013,7,1,69797,40335,28707,40719,6092,2244.26,2969,1295,1750,9193,17720,19846,30471
2013,7,2,86753,20693,21995,48849,11020,2244.26,2096,1982,4658,7369,34084,28872,1210
2013,7,3,57887,28434,7509,32697,4360,2244.26,2269,4155,1578,7327,31225,18052,29893
2013,7,4,27799,5547,70318,74251,91093,2244.26,1833,2844,1434,7664,43044,18805,4390
2013,7,5,80475,31493,20646,81485,65214,2244.26,722,4452,3162,7864,72148,15522,4730
2013,7,6,97757,74418,94381,688,21746,2244.26,4708,1800,2504,8950,40145,38596,25607
2013,7,7,768,81980,16441,58554,62159,2244.26,2358,2632,2329,8003,24116,38894,25837
2013,7,8,2733,825,28347,2247,85042,2244.26,1119,2797,4912,8134,83484,13009,1002
2013,7,9,42458,9546,78905,89963,5923,2244.26,4910,1689,3733,7703,65242,45891,35403
2013,7,10,53540,8953,54877,77221,56956,2244.26,1115,1039,1169,8932,78285,31210,28993
2013,7,11,11309,757,64008,2574,1257,2244.26,582,1190,4741,6782,50027,45663,13845
2013,7,12,62594,94939,2354,96327,72642,2244.26,3569,2532,2900,6900,19753,16207,33948
2013,7,13,42439,2221,58600,54960,13034,2244.26,1169,4342,3993,6528,26915,10508,3237
2013,7,14,80373,58850,15315,70114,86041,2244.26,777,3633,2984,8974,44959,31977,31695
2013,7,15,84782,53530,24510,94034,33327,2244.26,994,2116,4186,5192,47075,42220,10615
2013,7,16,88429,83245,32915,42422,99774,2244.26,4022,1497,1270,9337,82963,21071,26182
2013,7,17,27384,65093,86057,20368,49575,2244.26,3696,4355,1804,9557,28389,34223,31017
2013,7,18,36525,4983,26341,15711,40175,2244.26,4282,3602,3012,7196,87376,22785,23416
2013,7,19,33378,1399,69283,84761,30736,2244.26,2183,4470,2337,8239,11189,33263,2246
2013,7,20,39256,29886,33972,56505,5796,2244.26,2080,2319,3694,9772,74381,40220,12361
2013,7,21,39540,98665,85175,12552,55861,2244.26,682,1190,3949,9248,90350,21036,22551
2013,7,22,23217,12534,95508,40555,20773,2244.26,3817,1380,4286,7788,49236,25081,23049
2013,7,23,36501,56317,17401,36547,6089,2244.26,1766,1980,1797,7794,74531,29010,41782
2013,7,24,50844,59869,84601,24793,30840,2244.26,829,4055,3835,7688,94609,40959,41303
2013,7,25,80737,34780,33692,50023,8920,2244.26,1455,1772,1202,8855,14670,28037,49281
2013,7,26,66990,91438,40018,90139,69731,2244.26,4148,1925,1546,7506,61718,21607,14549
2013,7,27,45051,23900,75664,65238,81588,2244.26,2549,3675,2755,6240,45050,13027,36625
2013,7,28,55521,86506,24800,27470,61714,2244.26,1858,1014,2258,7530,35192,33340,39470
2013,7,29,92776,20694,70267,99897,74442,2244.26,1503,1698,2235,7046,17446,20174,48337
2013,7,30,16496,23631,65202,54251,96224,2244.26,2277,1743,3109,8428,95564,41174,10252
2013,7,31,14251,17423,36229,77861,95650,2244.26,2553,4777,3465,8352,18722,49259,37773
2013,8,1,42529,35104,51095,56048,52537,2016.35,2542,2519,2821,6298,88742,29425,37621
2013,8,2,76775,56838,58887,51555,52403,2016.35,804,4824,2640,6902,65474,40412,1126
2013,8,3,3923,86604,15231,18094,91277,2016.35,600,3804,1898,8046,12416,18480,14490
2013,8,4,85667,95098,11000,88488,54595,2016.35,4264,1368,2931,6310,82922,25333,16094
2013,8,5,43211,65080,11510,45851,41449,2016.35,2615,1510,3586,8404,63463,21214,26984
2013,8,6,98687,60416,21372,80983,8462,2016.35,4462,1946,4024,6814,15318,43618,27575
2013,8,7,42908,49584,41339,32191,59086,2016.35,2523,2296,2043,9033,64498,13491,40613
2013,8,8,62369,33466,25214,42308,17663,2016.35,4873,2700,1802,5006,13682,40256,5029
2013,8,9,95172,29498,736,34196,72664,2016.35,4165,1922,1989,7450,64113,41074,16055
2013,8,10,42468,37989,59723,64512,7022,2016.35,4354,1494,4038,9568,44401,16116,40574
2013,8,11,74597,74275,40754,56393,25520,2016.35,1648,2042,1170,7482,87589,39300,20789
2013,8,12,96143,31755,21223,78132,33610,2016.35,4205,2428,4676,5280,56939,46697,35336
2013,8,13,35854,17647,48792,9892,3567,2016.35,2944,3162,2467,5050,50906,18686,43193
2013,8,14,45839,13908,62733,62476,77644,2016.35,1775,1166,3427,9349,68268,32036,1318
2013,8,15,91038,3826,40817,30714,99106,2016.35,3762,4958,1754,5118,61202,35320,14109
2013,8,16,52099,95499,29835,35918,70549,2016.35,1607,2738,1000,8688,11565,38643,30742
2013,8,17,74661,79693,78781,73088,69043,2016.35,1475,1414,3577,9198,90792,32683,13401
2013,8,18,76401,907,33994,24507,43461,2016.35,1178,1911,1398,6012,47828,27594,45196
2013,8,19,3106,9437,10334,14106,33776,2016.35,4100,4788,1591,8474,97875,36985,21899
2013,8,20,93985,35704,63417,77563,14348,2016.35,500,2099,1466,8486,31605,31279,20561
2013,8,21,5787,7784,43191,96481,30148,2016.35,4074,4605,1806,6142,80062,16934,41019
2013,8,22,22659,15516,91723,40602,29748,2016.35,3938,1494,3004,7354,17646,22351,5950
2013,8,23,77915,94244,79451,49381,4834,2016.35,2011,1248,1542,6742,14208,31690,27408
2013,8,24,47573,97527,47648,64379,98286,2016.35,2664,2295,3224,9386,94248,39324,27710
2013,8,25,61689,38187,29409,19693,61893,2016.35,3396,4806,2649,7846,11088,12482,47055
2013,8,26,15255,2551,89455,66797,42753,2016.35,4838,1676,1754,9970,71054,25069,12906
2013,8,27,56548,18720,62365,99772,74458,2016.35,4095,2497,2503,9720,72190,39396,22966
2013,8,28,98262,96939,45555,55911,84785,2016.35,4745,1390,4996,8408,99539,29100,1094
2013,8,29,37105,80730,35777,47537,9568,2016.35,3957,1114,1901,7673,65885,32711,6831
2013,8,30,40639,71334,85209,68143,22541,2016.35,3890,1614,1386,9444,93064,21825,23751
2013,8,31,70539,27810,88216,40535,52009,2016.35,4634,1890,4836,7078,69353,44403,4107
2013,9,1,58311,76870,86847,25984,59107,1498.13,2974,1786,2469,8998,69332,11220,35910
2013,9,2,25007,90135,98261,60803,99551,1498.13,1340,2360,4653,8226,95720,28759,20086
2013,9,3,74213,1186,79948,95975,70539,1498.13,919,3848,2571,8244,71184,26678,40703
2013,9,4,96379,54159,73470,33848,21627,1498.13,606,2984,4287,9680,23786,48838,42802
2013,9,5,29766,71480,76199,20771,59706,1498.13,882,1110,4456,5829,46244,19998,38271
2013,9,6,86533,3516,5196,70456,63985,1498.13,2133,1478,1889,9798,94210,34867,42732
2013,9,7,29757,55630,64204,79045,15310,1498.13,2882,1350,1650,7062,82197,35526,37990
2013,9,8,8703,98080,2149,14511,93910,1498.13,857,1793,3260,9646,67248,32244,14745
2013,9,9,5136,80735,8960,68377,67690,1498.13,3243,2445,3798,7606,92841,24108,3170
2013,9,10,21788,37076,35536,97609,57508,1498.13,4486,2562,1634,7986,97072,26073,17733
2013,9,11,32731,4282,39219,991,16686,1498.13,4587,1820,3552,9806,13106,21241,6467
2013,9,12,78068,76144,68688,53218,9942,1498.13,3677,3081,3604,9212,45689,22463,11529
2013,9,13,13298,11528,71378,45462,79514,1498.13,1534,2243,4083,6086,29586,11548,34803
2013,9,14,33571,95526,43942,53476,70424,1498.13,4716,4842,2985,9755,18059,11738,1994
2013,9,15,87637,61738,1009,2593,57302,1498.13,1407,1206,1866,5580,16059,36793,13050
2013,9,16,47588,3946,15389,53023,14698,1498.13,3791,4620,1851,9085,18095,43626,44975
2013,9,17,85928,59164,8469,28913,68920,1498.13,3191,1555,1948,9199,75499,28270,42881
2013,9,18,78601,66907,65222,69529,29692,1498.13,1321,3630,1578,6870,46653,32627,47633
2013,9,19,33037,21797,13600,89889,40882,1498.13,4866,3160,2210,9384,88425,26129,48047
2013,9,20,17568,86617,49037,54889,2169,1498.13,3158,1546,1441,9472,50297,37485,24536
2013,9,21,12365,22971,31116,30295,94681,1498.13,4273,4069,4565,5756,50309,13606,27769
2013,9,22,40920,176,99960,48130,74863,1498.13,610,3781,2704,9646,63669,19754,4737
2013,9,23,30534,13181,6994,21976,44264,1498.13,812,1627,1612,6927,13122,15300,23643
2013,9,24,84697,82548,68067,84262,75421,1498.13,2411,2691,4902,7454,80821,26117,18376
2013,9,25,78459,37784,34899,86164,43783,1498.13,2387,4315,3100,9380,12642,22363,14921
2013,9,26,9375,88455,45344,5988,95383,1498.13,4984,1398,2515,8050,80691,39287,14969
2013,9,27,16426,38103,88332,67680,11826,1498.13,3796,1635,3287,8695,18310,17069,35505
2013,9,28,43616,21539,41386,88068,57271,1498.13,1782,1645,3834,8530,88984,16894,20380
2013,9,29,3447,18969,50647,50962,33371,1498.13,1601,1147,1592,9874,33826,13968,47690
2013,9,30,96789,27624,36957,20076,72671,1498.13,3497,2637,3996,9774,20704,15248,46107
2013,10,1,97487,40617,90448,35965,29601,1970.13,4410,4920,1661,6723,98290,18710,44664
2013,10,2,29677,80790,45143,40961,14616,1970.13,2748,3590,3770,8362,31260,41229,25463
2013,10,3,77674,63898,75226,38908,84602,1970.13,520,3440,4812,7814,50756,35764,49197
2013,10,4,21984,90167,685,33646,13242,1970.13,2995,4270,1115,8988,15350,10731,15327
2013,10,5,46305,54332,69322,75075,28508,1970.13,1303,2532,1672,6146,61439,31785,16935
2013,10,6,7078,48312,80226,96891,9280,1970.13,2654,1263,3851,9691,64908,17092,47334
2013,10,7,65018,74256,42715,61134,28746,1970.13,3216,1878,3628,7788,50123,16984,42946
2013,10,8,90824,16428,81020,71656,74309,1970.13,3440,1385,2121,6902,94627,32753,8811
2013,10,9,97351,43635,80369,51202,93326,1970.13,4645,3342,4531,7360,35827,14628,45277
2013,10,10,36658,24044,39678,66638,97934,1970.13,526,3756,3932,5000,76763,29592,6154
2013,10,11,97658,46556,27330,21131,12925,1970.13,3883,1626,1192,8512,77827,25268,21958
2013,10,12,95880,28826,33611,31764,22538,1970.13,1391,4194,4833,9714,42183,24118,19439
2013,10,13,74927,67308,12876,13859,6155,1970.13,3450,3811,2546,6302,24941,15470,5991
2013,10,14,9089,95178,92098,74680,29429,1970.13,4947,1660,1453,9910,73423,15990,36277
2013,10,15,85701,86167,29537,95534,54940,1970.13,4652,4865,1542,8879,43723,11532,21720
2013,10,16,71222,87174,81696,23768,74306,1970.13,590,3393,3166,8088,74425,13946,6638
2013,10,17,16668,40725,5607,64474,56987,1970.13,3463,2686,1548,8714,54572,36487,29030
2013,10,18,52424,90577,66354,7803,39456,1970.13,686,1362,3602,7382,50796,17066,26429
2013,10,19,90372,72739,87653,8538,3130,1970.13,2483,1148,4154,8090,10086,26140,28430
2013,10,20,73472,35438,35180,71372,99790,1970.13,2859,2212,1338,9174,76366,36134,39752
2013,10,21,16993,62054,63163,46947,45788,1970.13,1205,1158,4400,5210,61047,22529,30311
2013,10,22,33640,33531,58679,69146,27973,1970.13,1638,2796,4736,6817,89167,10877,9300
2013,10,23,2921,13379,79443,99600,3943,1970.13,733,1880,4213,5247,84233,46352,5809
2013,10,24,45559,35440,32511,64959,7002,1970.13,3840,1992,4792,5046,26138,16494,9910
2013,10,25,38170,4129,21913,49259,946,1970.13,570,1806,1630,5929,19816,11105,27433
2013,10,26,28091,71902,98393,62304,87149,1970.13,566,2706,4416,7750,14017,41417,32626
2013,10,27,33781,17858,98411,93573,96728,1970.13,2688,4896,1206,5953,16502,12325,40901
2013,10,28,63386,76995,82543,20548,32924,1970.13,3004,1013,4259,6396,39669,11407,2359
2013,10,29,79023,14678,10467,13439,38548,1970.13,1208,2327,1718,9618,82251,21771,40836
2013,10,30,10519,96293,23020,71899,32246,1970.13,4223,1982,1872,6765,32529,49795,39879
2013,10,31,35476,46887,10810,26087,43283,1970.13,3845,3656,1507,8632,68447,20054,1946
2013,11,1,39656,8735,62895,25626,90986,2383.27,2495,2277,4037,8796,35874,30267,1018
2013,11,2,58617,47857,47140,91734,96739,2383.27,2208,3624,4095,6598,13062,40925,46935
2013,11,3,57140,41916,72433,87804,10363,2383.27,653,1369,3925,8548,16702,24910,8840
2013,11,4,89566,60842,28541,79955,1587,2383.27,914,1554,3623,7360,68287,25361,14415
2013,11,5,70648,11848,85338,11095,65142,2383.27,2020,3632,1030,6502,42787,14458,38596
2013,11,6,15996,18442,39946,49921,73342,2383.27,1183,2906,1966,9723,42861,27070,48292
2013,11,7,490,69435,3625,29113,43148,2383.27,825,1238,1910,6162,41240,31603,21912
2013,11,8,44759,59613,20237,75269,66770,2383.27,3845,2764,2816,8790,32685,21157,29376
2013,11,9,37083,23869,50417,62567,59944,2383.27,989,1758,4063,9613,11804,38562,9630
2013,11,10,97878,76723,68709,14340,32886,2383.27,943,2643,1836,6179,69263,10758,9950
2013,11,11,11907,18109,35448,9724,6900,2383.27,2232,1362,3352,7648,39251,18295,34485
2013,11,12,57278,45241,45080,52694,71207,2383.27,1255,4083,2699,9964,99774,26936,1964
2013,11,13,86266,95718,54580,72179,28249,2383.27,4861,1310,1951,6660,66230,15202,23843
2013,11,14,61145,63463,25536,85849,27464,2383.27,4143,1092,1379,5574,70137,47585,14787
2013,11,15,82904,61394,83021,26955,37710,2383.27,3890,1334,3512,9652,12504,13530,32795
2013,11,16,98664,53718,46916,56967,30378,2383.27,3520,2873,2960,8120,93721,36775,13146
2013,11,17,45195,64217,37868,71574,79792,2383.27,4158,4046,1510,8530,12010,23459,8006
2013,11,18,51325,26243,80138,29837,1064,2383.27,2949,1078,2711,6216,89397,18890,42642
2013,11,19,45715,27918,17315,38675,91974,2383.27,908,3519,1604,9668,25092,21395,11036
2013,11,20,54026,10603,50442,39776,79133,2383.27,4586,1808,4035,9723,92997,13814,22794
2013,11,21,68718,45947,32529,47781,78515,2383.27,2220,4228,4843,7158,79254,16346,21926
2013,11,22,1923,71056,11688,93527,725,2383.27,1273,1101,3733,8066,27229,18444,3132
2013,11,23,37212,6816,6026,36247,82892,2383.27,2696,2960,1320,5224,15740,39835,49023
2013,11,24,23503,89313,80416,73346,80200,2383.27,1513,3473,1460,9552,16712,47801,9671
2013,11,25,12684,89625,18904,92769,54043,2383.27,1985,1253,4299,8734,43851,18542,46133
2013,11,26,89738,12900,36503,67410,98124,2383.27,3596,2977,2907,8034,11322,17862,18595
2013,11,27,63683,59188,52932,10760,35092,2383.27,4913,2774,2258,7642,56894,21300,11283
2013,11,28,56301,8880,28906,25600,99595,2383.27,998,4331,1320,6706,56740,17910,22757
2013,11,29,31944,80338,38109,6203,702,2383.27,660,4383,1322,9943,91494,26413,15783
2013,11,30,91226,66408,40541,58484,76576,2383.27,1135,2875,1314,5040,58475,22260,47435
2013,12,1,85322,11592,83452,48670,84684,3154.71,612,1372,3041,6342,82073,20176,49934
2013,12,2,80179,62809,61499,10122,54304,3154.71,2698,2062,3451,5076,13638,42238,37912
2013,12,3,88669,46514,14905,13709,21341,3154.71,2856,1661,1862,5258,55331,49790,37165
2013,12,4,27594,52296,31164,65635,71815,3154.71,810,1992,1045,7308,78466,30348,13237
2013,12,5,1573,96165,83763,96376,5051,3154.71,3613,3718,3914,9869,23779,31606,47401
2013,12,6,57034,51636,4621,22141,79296,3154.71,1931,1888,3598,9446,88874,13494,9952
2013,12,7,32683,74686,68758,8728,38346,3154.71,864,1269,4739,9190,68997,14789,47224
2013,12,8,52943,73963,74861,13209,93833,3154.71,4815,1740,1126,9435,73006,45921,48640
2013,12,9,75739,61290,52810,4337,80736,3154.71,1101,3417,2721,9858,38497,37418,41685
2013,12,10,37082,10277,60041,96821,65819,3154.71,2962,3761,2999,5654,31969,46831,29038
2013,12,11,51462,43137,47698,18088,42572,3154.71,4009,4661,3344,6350,38998,45431,37056
2013,12,12,91207,60100,25201,40280,66310,3154.71,2698,3390,3974,7738,16562,12298,13698
2013,12,13,16776,10877,74906,36127,63699,3154.71,2958,1511,1363,7007,65951,25287,23228
2013,12,14,34063,46313,59949,48759,95835,3154.71,4189,2041,1749,9389,27320,16126,15299
2013,12,15,49440,71371,77801,39766,59109,3154.71,909,2235,1982,7167,28362,35290,44364
2013,12,16,10395,77673,33154,76758,74680,3154.71,2044,1638,1768,8345,73851,15216,15457
2013,12,17,93644,34393,60997,1746,20134,3154.71,4803,1858,1039,7604,25689,35147,4669
2013,12,18,48320,37952,43736,69911,25119,3154.71,830,1864,1121,9422,44973,40800,22098
2013,12,19,20163,47019,65894,98284,41716,3154.71,2238,1462,1840,6478,37103,26973,6097
2013,12,20,37903,13260,29251,13942,50864,3154.71,892,1078,4242,5528,85444,11542,21292
2013,12,21,13978,56998,18929,80099,61704,3154.71,898,3217,1850,6296,12852,18987,13903
2013,12,22,59240,85091,20698,66080,18325,3154.71,4404,2579,2412,8654,11518,18538,24154
2013,12,23,9947,84666,70162,35541,10194,3154.71,1253,4170,3954,5181,20620,14028,21958
2013,12,24,69084,41519,21580,96356,44662,3154.71,1694,1038,4522,9598,86331,16822,34432
2013,12,25,76546,95737,43130,80310,50743,3154.71,4936,1386,1344,5826,96229,14436,46003
2013,12,26,93407,98835,97736,22362,20368,3154.71,722,1616,1226,7301,18510,37240,18357
2013,12,27,1734,206,57493,37608,18950,3154.71,1805,2006,2264,9880,75803,23006,10177
2013,12,28,97290,27092,83696,44309,48541,3154.71,1521,1946,1462,5609,80659,48181,46277
2013,12,29,50318,26383,53985,42896,10036,3154.71,1487,3120,1646,5462,65727,24353,38848
2013,12,30,30509,73886,36200,2773,25173,3154.71,2130,2461,4093,8738,66769,37633,12003
2013,12,31,38454,84644,45932,66268,16605,3154.71,4449,3273,4325,8433,26168,45712,42944
2014,1,1,22657,23834,79037,92989,5913,2375.23,4848,4797,1890,8972,21321,17942,19742
2014,1,2,1103,43783,23388,43281,26905,2375.23,3085,2899,4656,8716,60855,32599,27373
2014,1,3,95155,44129,18277,79940,86649,2375.23,3572,4304,4173,8960,18644,10086,13989
2014,1,4,68703,74845,56236,24643,33817,2375.23,3937,1271,4043,9326,10903,30947,43910
2014,1,5,59698,25341,25199,65706,6046,2375.23,3304,1199,1533,6580,81139,49534,2406
2014,1,6,30569,34712,75191,1095,83672,2375.23,2532,2373,1302,7544,93368,35200,43836
2014,1,7,27677,2306,86472,81721,34630,2375.23,4019,1366,4066,9270,76383,45112,13727
2014,1,8,22976,91040,46312,85862,7620,2375.23,800,4540,3513,9510,55634,12185,27451
2014,1,9,20773,33167,30911,5805,83286,2375.23,2356,2314,2935,7664,25386,43917,24279
2014,1,10,73906,20758,4596,29324,41328,2375.23,4435,1320,3370,7099,82868,12342,47332
2014,1,11,80902,18264,66883,59416,45201,2375.23,2952,1956,1374,5214,88129,10648,22517
2014,1,12,25846,45486,82634,68781,5665,2375.23,2697,1852,3777,7300,25244,36456,8020
2014,1,13,97329,99681,67112,85699,53132,2375.23,4392,4032,4594,5126,93447,29795,49980
2014,1,14,3791,47752,12121,75825,32967,2375.23,1144,3811,3438,8886,27591,14838,16602
2014,1,15,38150,6642,96376,83279,90287,2375.23,4734,2614,2651,6406,89664,14278,21620
2014,1,16,3178,4058,41168,4125,1684,2375.23,552,1826,1270,8743,97650,48036,1944
2014,1,17,95345,45147,23200,90135,75277,2375.23,1940,4777,3783,6640,13055,14069,1592
2014,1,18,41287,99142,68036,95291,52340,2375.23,2424,1869,4461,9943,75993,46144,24053
2014,1,19,27263,26265,34323,42333,5008,2375.23,746,1703,3471,7144,23189,35099,31974
2014,1,20,80710,30130,31229,54494,33445,2375.23,4914,1082,4777,9302,10926,12116,10636
2014,1,21,9707,5150,83986,20520,81445,2375.23,3015,3706,2594,7338,51038,23953,26331
2014,1,22,99312,41407,57009,9135,71326,2375.23,586,2035,1334,7286,22880,10122,30198
2014,1,23,2451,74147,67558,62228,9801,2375.23,695,4506,1782,8334,40025,23227,20282
2014,1,24,67364,73042,81934,86311,40380,2375.23,536,1042,2082,7258,81528,28408,49325
2014,1,25,63822,92115,46796,74149,33930,2375.23,622,1379,1454,8179,14958,19974,36028
2014,1,26,4814,5654,5833,96596,96687,2375.23,1174,1638,1034,8930,66712,41982,12211
2014,1,27,33785,93328,64377,40867,76952,2375.23,626,1556,3019,8773,31273,21948,45905
2014,1,28,84801,98248,24680,61327,16428,2375.23,2652,1240,1642,9836,34187,24681,39638
2014,1,29,32047,20363,55084,67298,4823,2375.23,631,4958,1046,8694,12176,16862,21796
2014,1,30,85913,47804,65552,40284,62929,2375.23,3583,4081,1286,6534,25407,27850,46825
2014,1,31,9252,89412,65443,87246,59248,2375.23,1926,1294,1344,7009,74943,15046,15983
2014,2,1,50576,28829,70280,90583,41005,1969.86,2846,1342,1226,6268,68088,14874,45058
2014,2,2,61713,32170,68856,31327,73929,1969.86,1929,3339,3500,8360,38938,10834,13059
2014,2,3,6102,30233,47179,39464,21529,1969.86,4619,2103,4876,5030,79037,14476,21049
2014,2,4,76308,71885,12393,36916,21366,1969.86,699,4430,1442,5907,30756,35633,46833
2014,2,5,8966,4039,98973,3818,48214,1969.86,4652,1342,1704,8182,10129,22375,4264
2014,2,6,15584,21102,10831,65460,2352,1969.86,4044,3659,3104,7789,31926,15821,39869
2014,2,7,14622,58979,15252,76328,54886,1969.86,1960,1686,1398,7285,12182,30963,12361
2014,2,8,81549,15024,17982,98748,9559,1969.86,1123,1198,1138,8305,13914,17915,28112
2014,2,9,38174,12350,62927,32630,30139,1969.86,3451,1111,1534,8182,37438,25068,44854
2014,2,10,58767,65752,21623,41517,93037,1969.86,2479,1882,3369,7526,89683,12927,21994
2014,2,11,34925,27159,4421,489,75465,1969.86,4755,4989,1318,7682,78971,20211,27725
2014,2,12,58888,43775,31324,29071,23829,1969.86,990,2595,1738,8478,40463,43900,35114
2014,2,13,30458,12944,51189,83827,19757,1969.86,1753,1032,4382,7525,87872,19702,40873
2014,2,14,95251,72628,6189,35324,36662,1969.86,535,1900,3933,6430,40970,19113,35160
2014,2,15,38324,27813,68061,5541,36277,1969.86,792,1734,2819,6981,50560,15160,8525
2014,2,16,74206,13667,44960,58588,97544,1969.86,4786,2793,1810,7326,44469,16954,32832
2014,2,17,42486,66357,70373,87771,19567,1969.86,1883,4241,1859,5214,79781,16282,27696
2014,2,18,66173,61927,74871,3992,78908,1969.86,2918,4464,1800,5764,44403,19344,41783
2014,2,19,55709,79190,62138,77519,52868,1969.86,2342,1438,2962,5440,99474,17770,6607
2014,2,20,66763,72711,99475,38622,14007,1969.86,1757,1494,2533,7979,16982,36440,29256
2014,2,21,79763,78440,22257,67915,1317,1969.86,2258,2024,2201,5748,50894,15069,16661
2014,2,22,38707,3238,26774,28022,42305,1969.86,1901,4066,3958,5464,47687,29316,26249
2014,2,23,48336,10798,9495,5869,48777,1969.86,2309,4890,4806,7406,12805,12254,26368
2014,2,24,47578,66416,79499,9780,98516,1969.86,1200,2222,4981,7973,65243,17284,30393
2014,2,25,10574,18497,17704,9532,71225,1969.86,826,4559,2540,8430,25427,15346,31744
2014,2,26,7413,84089,18912,12219,65007,1969.86,3340,3935,4483,7838,55066,12999,48069
2014,2,27,44584,96267,66574,10917,80593,1969.86,4554,1165,1664,7228,17049,37888,31817
2014,2,28,35353,72249,73800,44245,53295,1969.86,3265,1422,4667,7176,72925,31025,15580
2014,3,1,7618,26314,16080,21809,81380,2749.81,2743,3998,1312,7328,74590,43819,29079
2014,3,2,29566,82108,10485,99528,99157,2749.81,1231,2757,3524,7342,41051,16442,14725
2014,3,3,30094,18110,70123,67270,91035,2749.81,2513,1782,3813,8592,36812,25192,17501
2014,3,4,14024,19556,69191,26027,29567,2749.81,4846,1966,2240,6682,75011,15506,10133
2014,3,5,61407,42595,45506,16283,54423,2749.81,1737,4515,2370,6860,51784,44756,2909
2014,3,6,40713,20650,59761,34526,5595,2749.81,4717,1948,2479,5260,61995,28398,46573
2014,3,7,71745,48194,53883,30337,44876,2749.81,3085,2634,2839,9942,38916,17238,45246
2014,3,8,69204,42007,43130,6574,15219,2749.81,1329,1870,3267,8790,90455,15474,11267
2014,3,9,24015,16525,89831,72847,28137,2749.81,1244,4881,1371,5126,30217,11247,18179
2014,3,10,66724,34655,83882,70915,950,2749.81,4528,1286,1155,9010,93077,12725,39150
2014,3,11,277,44407,68656,48544,71849,2749.81,3757,2215,1987,9888,85061,36475,25463
2014,3,12,93118,36306,52709,9490,57784,2749.81,2088,4506,2580,7822,11772,18529,32927
2014,3,13,26471,41302,5034,23979,30312,2749.81,1703,1939,3869,5359,95482,30717,48111
2014,3,14,80822,30592,42933,89161,55532,2749.81,1988,3648,4298,9402,74489,38433,27994
2014,3,15,77623,61578,62940,11556,48899,2749.81,1436,1506,2365,7822,15699,12676,41065
2014,3,16,65933,52403,25968,24802,57762,2749.81,1871,4935,3393,9616,60447,23924,21450
2014,3,17,59150,2436,88925,23448,97133,2749.81,3233,1106,1343,7524,19013,13198,29767
2014,3,18,48589,81803,98316,80954,49625,2749.81,4981,1908,1416,5948,56710,40530,14015
2014,3,19,23751,28582,11818,92144,59737,2749.81,2419,3885,1052,7695,58685,18174,22265
2014,3,20,17462,36919,11995,75158,94443,2749.81,3103,3031,2810,6418,40336,28786,31009
2014,3,21,10433,319,10695,93201,2619,2749.81,3730,1368,2337,5547,34863,22074,33757
2014,3,22,34165,83635,90960,25217,21331,2749.81,4752,1214,2914,8098,46652,47357,15997
2014,3,23,89107,61108,56741,18269,57526,2749.81,2054,4309,2394,8212,77510,11766,47077
2014,3,24,7858,11241,42734,20196,73141,2749.81,3621,2304,2583,5932,48872,15265,43950
2014,3,25,81930,94977,86762,1196,53075,2749.81,3552,3533,1756,5292,76801,34750,49766
2014,3,26,52370,90209,69061,66116,14310,2749.81,2480,3518,4162,6294,75065,47302,46571
2014,3,27,35516,39,70959,29451,15972,2749.81,1068,4252,4806,8372,15447,34233,19831
2014,3,28,30299,30353,42767,57524,1997,2749.81,2274,4365,1127,7686,36833,13586,19568
2014,3,29,90609,35666,95308,64771,77232,2749.81,3425,4098,1763,9383,74901,10966,36725
2014,3,30,35567,35970,33339,66725,16503,2749.81,957,1800,1986,5430,20676,47486,15138
2014,3,31,45996,62951,68204,72123,6989,2749.81,536,2596,2054,9270,78718,34285,21389
2014,4,1,7144,63385,30410,22880,38286,1819.93,4797,1222,2833,6114,23460,47971,33144
2014,4,2,8832,70261,59813,18907,90937,1819.93,4901,1974,1854,6762,77226,29594,23651
2014,4,3,98640,91175,36649,55562,69894,1819.93,4207,2036,1350,9617,16267,10624,20935
2014,4,4,79113,91065,12266,61947,48939,1819.93,1269,4121,2337,6081,93027,29626,35726
2014,4,5,59733,74282,99865,17939,27658,1819.93,2532,2648,4617,8372,98209,18070,43444
2014,4,6,21468,13769,47900,88490,43386,1819.93,622,2498,1583,9682,12886,20521,14167
2014,4,7,58139,27066,94643,96828,29499,1819.93,1453,1174,4654,6318,23520,38663,4022
2014,4,8,36114,37406,81312,20731,87939,1819.93,1593,4405,4641,5844,14246,12134,45873
2014,4,9,20011,24395,91877,7946,63160,1819.93,3466,1297,1089,9460,34476,31940,9025
2014,4,10,59835,60931,87523,54489,3601,1819.93,3152,4713,4800,6590,76795,10982,27396
2014,4,11,86689,84741,78496,12682,40585,1819.93,2059,1200,3487,9526,84892,46646,9094
2014,4,12,99313,13360,34296,51755,69172,1819.93,3694,1458,1053,9798,99846,49653,18772
2014,4,13,64964,9351,89367,29764,166,1819.93,3853,3205,2254,7348,32238,15688,32515
2014,4,14,2794,14299,84787,36281,4587,1819.93,4278,3898,4389,9925,55652,34913,19679
2014,4,15,85050,5699,30271,31103,43268,1819.93,756,3230,1646,6474,37994,22336,30117
2014,4,16,68989,36848,75542,36244,30549,1819.93,878,3341,3430,5220,85974,18746,7781
2014,4,17,14899,51605,63267,30641,67883,1819.93,553,2931,1948,5823,12630,19126,35272
2014,4,18,92293,97494,8820,48111,83969,1819.93,902,4308,1398,9390,21903,46912,46814
2014,4,19,36473,82338,96607,74903,27558,1819.93,4270,3808,1082,7786,89448,18418,32581
2014,4,20,65512,5002,87702,22834,67177,1819.93,3421,4468,3284,8990,23931,18086,4440
2014,4,21,95406,60730,87914,95419,73070,1819.93,3682,1796,2154,5288,12870,36063,9817
2014,4,22,54221,51418,94872,4758,81659,1819.93,4527,3521,2024,7172,86354,39201,1354
2014,4,23,64373,9777,65022,82657,58369,1819.93,1261,3774,1034,9174,65544,10920,5305
2014,4,24,15343,24227,81350,7497,79516,1819.93,4912,1542,1266,9576,54844,47924,48497
2014,4,25,55456,10725,11446,77480,70658,1819.93,3032,1238,1150,8822,17685,48648,14153
2014,4,26,69711,18947,68775,52097,24473,1819.93,2552,4815,4897,5253,63663,20764,1352
2014,4,27,3750,23576,20852,70016,78360,1819.93,4291,1398,2772,8386,43997,23429,42049
2014,4,28,92594,43383,24811,32874,7789,1819.93,2873,3850,2794,6010,45947,18198,42496
2014,4,29,83671,53500,42082,74920,58753,1819.93,683,3853,1354,5784,65221,40383,22098
2014,4,30,74936,15865,6902,94060,94306,1819.93,3840,1898,1276,8650,36123,18421,1810
2014,5,1,83998,12272,45292,16998,58219,2177.32,2019,3069,1992,7786,12722,44440,47559
2014,5,2,53975,98380,90114,36862,63601,2177.32,3148,1642,3750,8858,90122,21001,46849
2014,5,3,6048,77021,31635,31050,13145,2177.32,3547,3493,3678,7686,46842,36897,1046
2014,5,4,7749,63862,81319,30093,72153,2177.32,4532,1127,4223,8046,79340,12823,34493
2014,5,5,27847,7490,58640,81597,46049,2177.32,3949,3448,2134,9478,99497,21630,48762
2014,5,6,16991,98045,85124,95669,58236,2177.32,3917,2335,3530,6588,12427,11078,48318
2014,5,7,47433,3313,43163,46656,84310,2177.32,4478,3507,1343,8948,26455,17498,38855
2014,5,8,49584,45405,77193,8070,12340,2177.32,4699,4329,1086,9462,41350,15673,26690
2014,5,9,29492,90268,48009,58022,36856,2177.32,518,4287,1750,8218,47294,30761,26789
2014,5,10,57074,56773,9270,19769,57595,2177.32,4864,2177,2481,8254,31598,19650,35725
2014,5,11,15099,11298,39151,22537,92472,2177.32,3209,3314,2119,5148,12687,40327,30501
2014,5,12,45710,87745,40967,42162,22315,2177.32,2923,1488,1366,8544,15508,18979,38262
2014,5,13,84269,76725,42509,98102,98782,2177.32,2922,1918,1755,7072,52767,44226,24107
2014,5,14,43925,57329,48893,31044,26250,2177.32,2722,1959,4324,8689,14120,21638,11581
2014,5,15,16951,53396,67379,78336,1940,2177.32,2315,2560,1934,6175,10726,41095,49239
2014,5,16,30283,8584,21327,32038,72008,2177.32,2616,1872,4125,6062,63327,40375,40446
2014,5,17,69441,51050,78687,18765,96091,2177.32,1755,3040,1202,7910,91376,48141,42807
2014,5,18,89724,5044,50702,82038,61219,2177.32,4485,2852,1298,7163,39890,14658,17716
2014,5,19,17610,98859,96942,98087,6719,2177.32,3461,1159,2670,7147,94923,40112,10269
2014,5,20,76307,1679,53154,22509,8516,2177.32,2001,4590,2276,8120,96628,19702,10882
2014,5,21,21771,2466,67700,14421,29629,2177.32,4078,3589,2799,6020,78028,29517,23942
2014,5,22,52641,66490,5677,96663,49990,2177.32,1775,1295,4982,9928,65155,43498,16953
2014,5,23,67162,68509,58089,49438,22564,2177.32,4283,1380,3533,6678,75106,19514,21069
2014,5,24,17276,70537,99456,56427,46557,2177.32,944,4197,1330,7972,95859,10314,27484
2014,5,25,24925,48987,52962,59908,38915,2177.32,4757,2427,2976,7845,88216,41892,34469
2014,5,26,65267,13853,18930,55152,7187,2177.32,4665,1638,4572,7718,97240,27480,44036
2014,5,27,84309,83185,26678,44634,91158,2177.32,1299,2433,2875,9942,17394,43142,38890
2014,5,28,75081,28450,81922,94410,22648,2177.32,1301,2913,3990,5230,43064,15066,20139
2014,5,29,65619,34083,48343,46543,40908,2177.32,758,1790,1022,6818,86201,10542,45584
2014,5,30,72294,57501,85063,76521,98114,2177.32,1014,4545,3556,7936,83954,27555,10107
2014,5,31,4427,20256,81821,4769,91839,2177.32,2296,3808,1302,5182,36702,32577,24885
2014,6,1,27077,57794,67694,60481,43995,1505.27,4125,2846,1736,5646,32311,31842,20323
2014,6,2,78013,21858,86751,95949,5812,1505.27,758,2419,1125,6006,34257,37362,14306
2014,6,3,33792,8066,79033,10783,44768,1505.27,3356,3195,4403,7401,48676,29749,11611
2014,6,4,37724,97802,63948,59460,39800,1505.27,2654,2812,3116,8818,30112,40279,46260
2014,6,5,58711,46840,82699,21188,68334,1505.27,3549,2124,1372,7582,29258,19998,16956
2014,6,6,99193,78967,90688,84948,96369,1505.27,1048,1802,4868,10000,19816,19346,5716
2014,6,7,7607,33910,43833,42075,28314,1505.27,2354,3375,2135,5052,24563,10948,23945
2014,6,8,98361,49465,23946,56085,53399,1505.27,3576,3942,2170,5615,53889,44890,3205
2014,6,9,21331,1290,95335,7551,12638,1505.27,2218,1595,1006,7402,78670,33811,21590
2014,6,10,51348,77377,3540,88483,42429,1505.27,616,2140,2566,8508,13225,47317,28103
2014,6,11,3806,71802,16260,52328,53769,1505.27,2218,1450,2790,8904,99000,13974,20150
2014,6,12,30494,32572,37024,85992,9974,1505.27,1154,2672,4421,9693,66155,18201,32046
2014,6,13,34148,92811,25343,28067,27060,1505.27,776,2216,1720,6598,99544,46840,38568
2014,6,14,78144,13115,88291,65935,22019,1505.27,2713,2511,1213,6088,54854,46187,37291
2014,6,15,68134,41009,23860,93907,47055,1505.27,2108,1201,4177,7450,18544,42588,6367
2014,6,16,42370,84651,89806,85442,92646,1505.27,2281,1586,3815,9286,53074,40833,39350
2014,6,17,74214,35789,93345,10428,88229,1505.27,1614,2714,1126,6825,66620,18964,14551
2014,6,18,3193,28729,50167,18722,32531,1505.27,1309,4899,1788,8982,60340,19433,25786
2014,6,19,56816,42622,56574,75631,29545,1505.27,2815,3758,1788,6159,30537,13302,9649
2014,6,20,7062,3504,22731,12621,329,1505.27,1584,4872,4431,8102,38593,16962,5704
2014,6,21,23889,99904,58214,677,67370,1505.27,1461,4185,2527,6078,16167,23424,18555
2014,6,22,69035,48984,43535,30823,91495,1505.27,2191,3556,3926,6273,27528,44254,24072
2014,6,23,41977,25465,30480,76409,73568,1505.27,4722,3807,1338,7935,14483,10818,19073
2014,6,24,52842,17297,93235,46722,60331,1505.27,610,4365,3384,7368,76539,49879,9402
2014,6,25,4103,73731,64788,98029,10005,1505.27,3634,1980,2779,9113,44740,41346,42316
2014,6,26,8187,4463,5154,9866,38751,1505.27,2562,2943,4636,5796,71016,46319,35989
2014,6,27,65199,41162,92037,39935,71193,1505.27,1165,1646,3658,7686,89674,18662,18576
2014,6,28,79620,98310,36995,97400,53775,1505.27,846,3312,2549,6603,88178,15312,31736
2014,6,29,78944,50741,65596,48581,22890,1505.27,4899,4439,4125,6935,44373,31669,36612
2014,6,30,71863,66892,73317,30521,54196,1505.27,4182,3815,2651,5068,31214,47778,29343
2014,7,1,36312,26091,53166,79267,14269,2210.9,3210,1361,2764,6790,17030,45727,10818
2014,7,2,18042,8690,56205,4977,69415,2210.9,1838,2657,2542,7432,13716,13778,37875
2014,7,3,39246,40669,889,91775,71883,2210.9,2390,4545,4756,5556,15278,10764,48667
2014,7,4,22726,78375,86739,31842,85165,2210.9,2568,3205,2381,7556,24533,14430,7341
2014,7,5,88000,17724,54454,15542,41435,2210.9,2425,1370,3326,6636,72454,13130,27659
2014,7,6,88332,31198,31106,63089,26754,2210.9,3465,1670,2000,6250,97671,31159,1270
2014,7,7,78896,91592,50717,11277,41717,2210.9,4423,4715,4325,7606,61608,12294,41602
2014,7,8,77887,387,47792,96213,40052,2210.9,4124,3383,2795,6582,15656,44548,36599
2014,7,9,17852,76289,76731,63848,64196,2210.9,1358,3090,1994,8427,70718,15428,24402
2014,7,10,70029,16494,53777,79354,16723,2210.9,1465,1930,2123,8522,23525,22174,15386
2014,7,11,47207,42650,558,15002,9232,2210.9,901,3435,1020,5272,23634,15215,8381
2014,7,12,93385,51345,24658,75730,29772,2210.9,4790,1152,3221,7142,95505,44943,45376
2014,7,13,85304,58323,72256,17427,68932,2210.9,953,1137,1134,6510,31139,46717,12133
2014,7,14,31244,57041,40153,48616,76025,2210.9,3831,4408,2835,9690,45137,43958,30139
2014,7,15,50217,44928,10111,94790,14847,2210.9,4732,1501,1190,8339,33928,49221,21969
2014,7,16,56825,39882,65360,27959,62744,2210.9,4675,1382,4890,9510,58954,45914,12851
2014,7,17,77671,89138,31676,25506,43978,2210.9,816,1100,3092,5926,10678,19290,43165
2014,7,18,67895,61419,85792,64538,6111,2210.9,3758,2934,1914,5469,90892,10106,19720
2014,7,19,8320,31920,65387,94563,13100,2210.9,1828,1550,4829,9720,32627,40159,40693
2014,7,20,98021,68444,705,36113,30723,2210.9,1754,3616,3809,7545,79505,12552,22392
2014,7,21,43618,9617,69206,35922,5086,2210.9,969,4757,3369,5426,40671,21468,26450
2014,7,22,13401,13852,28591,43231,18708,2210.9,3389,1727,1013,7270,69191,26735,27571
2014,7,23,72837,90946,91705,72999,14843,2210.9,4269,3459,1660,9664,10733,18174,21210
2014,7,24,41277,1703,48373,49646,74411,2210.9,2466,4163,4246,6056,47393,37953,39044
2014,7,25,93627,97135,54681,55993,63932,2210.9,4079,3120,1168,6334,26118,46011,40224
2014,7,26,28346,21740,20823,25523,2919,2210.9,4137,4195,4610,5028,10192,40372,31556
2014,7,27,97905,14011,44536,17152,46420,2210.9,902,1750,1686,6137,12389,19346,8281
2014,7,28,66361,61470,38819,97530,18605,2210.9,4892,3301,4379,7066,88824,22298,31289
2014,7,29,44975,32962,82846,94585,41824,2210.9,4956,4727,3400,9492,56878,19819,9390
2014,7,30,87773,28336,26217,9540,54473,2210.9,978,1674,1427,8120,34713,11134,38607
2014,7,31,15344,10958,14686,34723,24377,2210.9,2020,4350,2822,6217,63934,44645,3510
2014,8,1,98891,34374,89008,94735,7604,2116.35,2507,2290,1394,8398,13534,12714,25179
2014,8,2,3636,43948,72780,37691,95013,2116.35,4385,2322,1670,8224,46698,17428,24164
2014,8,3,77481,16049,27884,50050,96335,2116.35,656,1576,3254,8190,12632,47209,38882
2014,8,4,96194,5171,49501,97589,13569,2116.35,3940,2203,2913,6154,71245,27926,22615
2014,8,5,83588,40631,50249,38788,61090,2116.35,3848,3569,1406,8083,19914,42032,13299
2014,8,6,96965,20628,53609,86571,41644,2116.35,3780,4188,1441,9632,68128,11361,26272
2014,8,7,22247,38422,44917,55161,81494,2116.35,4438,1432,3143,6038,20219,34233,16162
2014,8,8,79337,50420,89155,41387,8503,2116.35,3418,1898,1105,6766,92037,39100,44126
2014,8,9,29651,92170,43289,27444,58154,2116.35,3805,1752,4838,7452,51912,47683,11418
2014,8,10,16236,67703,45468,89379,33741,2116.35,4963,4428,2457,9118,87166,14632,32039
2014,8,11,39596,70585,79131,70701,40315,2116.35,4800,1316,4689,9441,13760,37843,37521
2014,8,12,47211,68918,34596,97049,52639,2116.35,1083,1870,1913,6550,74604,20653,2860
2014,8,13,4941,14568,66434,37398,60038,2116.35,1060,1980,1080,6422,86685,47201,3600
2014,8,14,77712,62839,83519,73753,98632,2116.35,2947,1692,2547,8894,59241,12366,13631
2014,8,15,98106,36677,53116,85019,59579,2116.35,2023,4518,3638,9626,18267,35028,27720
2014,8,16,58408,29328,51014,15295,35871,2116.35,3848,3581,3240,9494,14774,31871,4051
2014,8,17,42349,31634,77713,41248,26881,2116.35,4136,4985,4981,9034,26356,49559,3306
2014,8,18,6323,48380,14078,64962,53189,2116.35,1341,2947,3024,7354,59594,13894,32345
2014,8,19,37757,88443,27477,70998,17161,2116.35,4220,1730,1008,6580,17107,22379,47515
2014,8,20,66591,26244,63718,72925,4848,2116.35,2483,1169,4804,6561,92482,24344,40074
2014,8,21,85258,8824,68645,63282,92530,2116.35,2176,1174,3032,8102,17635,16544,28239
2014,8,22,68519,53208,42405,80370,82845,2116.35,2749,4435,3458,6466,22359,23305,25864
2014,8,23,72892,61195,34476,27696,14108,2116.35,2040,4365,2133,5542,78998,11014,43310
2014,8,24,65275,56175,7653,98307,93531,2116.35,1202,3400,4847,7222,58770,27691,41640
2014,8,25,15822,61520,43479,34280,44338,2116.35,2585,2228,4736,8412,44923,23843,32190
2014,8,26,51722,13316,73209,20207,34000,2116.35,2573,1260,4733,5225,30283,34616,2208
2014,8,27,46866,11486,13017,58065,51444,2116.35,2107,2264,4657,7782,12422,10346,21787
2014,8,28,10480,75482,43927,70216,83894,2116.35,4059,1966,3517,7248,72173,10098,38851
2014,8,29,2179,69747,68143,43265,91324,2116.35,2880,4540,1263,7238,28956,27707,14779
2014,8,30,79036,81065,61324,45045,9355,2116.35,1743,4833,3348,5669,12812,38593,12868
2014,8,31,20872,66813,90561,39390,432,2116.35,3258,3962,3831,5514,62226,40154,12734
2014,9,1,40107,94696,33795,47355,23652,2010.33,2741,1067,4176,8286,46773,18396,27854
2014,9,2,75882,82960,23097,91551,89361,2010.33,2422,1172,2250,7274,72955,31335,11691
2014,9,3,76422,91918,96519,69174,54144,2010.33,1704,1212,2719,8118,57956,37723,36673
2014,9,4,54704,698,25143,60232,21188,2010.33,3627,2068,1227,8076,19914,10587,21917
2014,9,5,29767,17394,33112,98369,85557,2010.33,1055,1977,4336,5156,31150,34831,22419
2014,9,6,95598,24207,95434,59670,51057,2010.33,3744,1528,1790,8886,65991,15966,19742
2014,9,7,77155,10971,5047,48382,79047,2010.33,650,1382,3762,9576,39884,45670,10018
2014,9,8,97203,2292,7648,27891,44865,2010.33,2721,1814,1426,9022,32835,46765,5151
2014,9,9,94248,96580,52525,81039,1818,2010.33,4016,1326,2190,6774,60057,41236,34868
2014,9,10,36785,1731,82754,96899,76514,2010.33,2569,1222,1281,6568,17957,10018,38990
2014,9,11,38071,47032,75664,33780,71538,2010.33,544,2137,1429,9420,63175,23247,8499
2014,9,12,641,68544,34924,62831,95310,2010.33,846,2093,3062,6352,45344,11866,11333
2014,9,13,58514,87914,12348,99795,70834,2010.33,2291,3904,3688,7955,42683,31577,30306
2014,9,14,86454,39580,63715,24236,5352,2010.33,2482,1992,1784,8757,68821,23446,43242
2014,9,15,10090,5593,71892,23153,8764,2010.33,874,3628,1500,7779,83422,42334,17236
2014,9,16,4437,85715,1239,14477,80022,2010.33,1054,2826,1204,9768,14132,21555,10274
2014,9,17,19363,70896,27548,47499,86005,2010.33,944,1094,3312,9188,35598,43428,12721
2014,9,18,76424,97383,27057,97925,55162,2010.33,1610,4598,3897,8410,74074,17846,26832
2014,9,19,84474,86481,8097,678,62602,2010.33,3584,1963,2405,9962,29461,19078,31511
2014,9,20,11557,16759,857,46221,75947,2010.33,4648,3721,1574,6124,66645,21701,2807
2014,9,21,76241,89608,97652,5138,13808,2010.33,824,3280,4558,8503,15309,37159,38079
2014,9,22,70014,70247,35475,88772,52730,2010.33,3533,1284,3046,5998,26858,40344,31289
2014,9,23,79900,32859,59066,30088,82268,2010.33,1788,3507,1670,5792,63644,45478,42064
2014,9,24,53871,94052,60111,28429,32556,2010.33,1940,3920,2018,7414,24043,31099,25421
2014,9,25,15055,33929,11738,13101,44670,2010.33,3444,1850,1453,5030,71007,14914,38596
2014,9,26,4574,39149,12229,52596,4941,2010.33,3073,1366,1276,8184,14390,35183,25874
2014,9,27,49957,1883,54105,11975,35650,2010.33,3073,1416,3428,9630,63804,23097,28148
2014,9,28,9758,83601,30371,81212,62463,2010.33,1284,3387,1877,7034,35983,28169,17730
2014,9,29,55738,34057,69684,58367,8593,2010.33,3549,3548,1318,7653,70522,27157,23275
2014,9,30,42154,29949,77862,70582,84759,2010.33,630,4516,1617,6550,92079,20432,41666
2014,10,1,43364,3820,81360,23228,39803,2100.32,644,1758,1138,5750,98803,35190,25882
2014,10,2,63585,57353,26700,27591,44227,2100.32,4743,4174,1717,6676,75285,39734,3857
2014,10,3,33059,86154,47705,39812,94585,2100.32,4293,4299,1955,8046,93878,28110,18137
2014,10,4,54238,89196,34674,16155,59231,2100.32,1344,4167,2180,8800,66757,17759,49829
2014,10,5,64605,52853,58286,12674,9529,2100.32,2408,3938,1075,6464,98749,30659,49923
2014,10,6,34601,79395,1311,22908,41400,2100.32,1017,1282,1482,8198,11790,19944,45190
2014,10,7,51872,79488,15487,75404,73883,2100.32,3162,4838,1670,7800,67512,10975,32244
2014,10,8,67723,69921,19914,3799,36385,2100.32,809,2336,4409,8510,10243,22160,35016
2014,10,9,47310,77614,67798,48046,79656,2100.32,4364,2878,1734,6202,23282,15661,45940
2014,10,10,38446,82797,20500,89893,597,2100.32,867,3319,4283,7133,88469,27019,38012
2014,10,11,38501,55631,14356,69262,7751,2100.32,1422,1411,3564,5571,35809,14571,40952
2014,10,12,37863,76526,62451,29642,32729,2100.32,614,2525,4880,8642,77418,35477,35733
2014,10,13,36518,44638,70149,27153,48123,2100.32,524,1622,4247,9768,72236,38350,8618
2014,10,14,42183,30011,26114,77099,55582,2100.32,1670,3443,4800,7702,23084,15550,28275
2014,10,15,72557,34739,91406,57437,83245,2100.32,2913,1113,3461,6132,63265,27935,18824
2014,10,16,88031,33790,64559,2279,35022,2100.32,1980,2203,3156,9445,70654,38737,3147
2014,10,17,77721,62325,48533,48873,32797,2100.32,2752,1438,2707,8324,79140,22303,37970
2014,10,18,29334,22055,58417,59147,51468,2100.32,2081,4498,1823,7991,58128,13698,21683
2014,10,19,71138,15109,401,54294,14554,2100.32,4382,3625,4730,8544,57497,48878,21055
2014,10,20,62237,10250,20583,1296,70760,2100.32,4951,1622,1776,8367,59238,23244,49723
2014,10,21,36402,96320,12743,8226,14312,2100.32,1421,1800,2330,7314,72446,33235,20871
2014,10,22,19228,98181,41862,68958,72448,2100.32,2835,1035,1930,9548,68683,46719,15711
2014,10,23,4493,8635,96812,26269,7002,2100.32,864,4755,3720,9926,67980,49383,6050
2014,10,24,32181,15754,1185,50863,47576,2100.32,4098,3154,3162,9274,68464,26962,39983
2014,10,25,58022,52652,27998,83982,57422,2100.32,2052,1913,1666,7190,18162,45020,13033
2014,10,26,82617,20399,4776,51338,81709,2100.32,2072,3889,4860,9226,64751,18787,39108
2014,10,27,74591,65202,51943,62754,7513,2100.32,1067,1886,4409,8138,82219,46830,36759
2014,10,28,13450,79273,25096,35116,89488,2100.32,570,2104,1379,5078,39793,48087,29630
2014,10,29,6722,6866,78329,11583,91475,2100.32,1721,1064,4633,8663,45169,48498,43081
2014,10,30,1774,17589,30385,91184,18006,2100.32,4365,1454,1875,9461,66569,47715,12604
2014,10,31,9091,63058,86172,91822,80672,2100.32,4908,2393,2829,8237,98975,40655,25965
2014,11,1,95697,6721,2303,60713,68242,2588.97,2485,1670,2536,7670,15370,10140,1612
2014,11,2,40739,35290,18368,20200,18211,2588.97,641,1267,2253,7462,78291,28217,16083
2014,11,3,93723,65685,77400,11960,64660,2588.97,4628,1707,1126,8283,53771,25720,18055
2014,11,4,59084,32610,27903,56621,2630,2588.97,3112,3367,4730,5946,79918,17940,48090
2014,11,5,33915,41912,15561,52520,95726,2588.97,2089,4448,1784,8986,11326,40546,43852
2014,11,6,8895,7389,33606,66374,15672,2588.97,2093,1106,4986,6347,64078,38967,37378
2014,11,7,84437,47191,98688,519,65023,2588.97,3458,3936,1869,6070,51455,32594,44958
2014,11,8,60574,48545,22043,36461,39385,2588.97,3358,4631,3542,6964,31004,29213,39803
2014,11,9,30694,39450,86672,67032,75797,2588.97,998,1584,4292,8366,77102,45666,1512
2014,11,10,15996,11913,10955,69217,62284,2588.97,1810,4208,3658,6870,75669,49395,28763
2014,11,11,96360,85380,64027,59902,12344,2588.97,4114,4388,4479,8578,26419,10275,45031
2014,11,12,9240,48771,86860,23533,69808,2588.97,550,2154,2225,6505,71370,18062,13962
2014,11,13,41620,89534,10070,85278,29739,2588.97,4672,2449,1117,8698,18870,49813,35739
2014,11,14,60081,57817,75554,94560,99954,2588.97,1186,4193,2095,8045,49077,13046,1974
2014,11,15,88359,84628,55410,80585,47485,2588.97,1444,1850,2664,6082,90733,28754,43132
2014,11,16,63604,91758,21204,51074,56809,2588.97,2238,1888,2721,5592,11448,47675,39906
2014,11,17,61117,32635,23221,28212,57033,2588.97,1466,1742,3276,6464,58678,37113,22298
2014,11,18,12711,26476,42569,45376,4341,2588.97,972,2944,2763,8037,35369,14571,49654
2014,11,19,17943,2608,31460,15665,45399,2588.97,4691,1515,1894,9263,34726,15278,42908
2014,11,20,57913,32545,27021,31189,2124,2588.97,4653,4834,3526,7158,76561,32866,2052
2014,11,21,9580,17043,17163,67343,11432,2588.97,1913,4374,1174,6756,61390,16889,2532
2014,11,22,72633,7434,23405,80879,76697,2588.97,1156,4608,3379,9529,82148,25502,24483
2014,11,23,91581,83155,40337,36459,26729,2588.97,676,2659,1198,5688,20002,11723,16898
2014,11,24,71723,18268,7450,43214,31641,2588.97,886,1260,3976,9858,12094,16262,35192
2014,11,25,74341,64013,36633,97720,53542,2588.97,3222,1473,3287,9910,97931,11367,35134
2014,11,26,13161,99960,30379,63453,19151,2588.97,1527,1756,3648,5329,34086,16640,1554
2014,11,27,66873,10541,53618,75850,10399,2588.97,2873,1090,1970,6934,98810,10766,5122
2014,11,28,65992,38385,66852,631,18295,2588.97,3349,1454,1093,8727,11258,16246,31135
2014,11,29,75461,69139,7470,44109,34468,2588.97,2100,1339,3447,5814,93540,28845,41556
2014,11,30,2192,71415,79936,37677,18625,2588.97,3054,1944,3481,6257,17949,18128,45098
2014,12,1,96299,15935,88485,21378,43546,1909.61,1837,2683,2549,7297,63502,20456,5081
2014,12,2,50751,81194,38904,81469,91087,1909.61,662,3852,1582,7687,97476,25485,34101
2014,12,3,97094,98444,75320,23351,16393,1909.61,2093,4042,2085,7746,66771,35630,9800
2014,12,4,57011,79962,64666,69560,53611,1909.61,1368,4360,2065,5271,17510,33151,44520
2014,12,5,45725,2192,12004,76113,56231,1909.61,1597,4675,4274,6546,18764,14046,9480
2014,12,6,53068,56471,2413,45154,8401,1909.61,2135,1670,1002,8153,51321,19107,19184
2014,12,7,22673,24042,23468,64738,19314,1909.61,2888,1389,4191,6243,57501,16774,42001
2014,12,8,52075,75451,86450,76349,68720,1909.61,4718,3138,2297,8550,99643,27049,45828
2014,12,9,37667,96780,58812,3163,74933,1909.61,2269,3956,1062,8386,95046,36191,26486
2014,12,10,4090,9287,67581,64633,35531,1909.61,1406,2604,1074,7856,80305,19251,25082
2014,12,11,80036,30024,23742,32333,98507,1909.61,734,1172,1382,9100,55686,11448,23386
2014,12,12,11031,94309,41757,61558,56398,1909.61,2748,1838,1089,5329,41470,31619,36803
2014,12,13,56763,22878,85576,57295,7086,1909.61,2897,2120,2256,6639,35804,10762,15881
2014,12,14,90025,61539,63287,26541,46085,1909.61,4340,2114,4632,6096,35023,19118,35325
2014,12,15,32900,99125,79220,78989,14454,1909.61,1959,2567,1271,8886,61214,33356,37043
2014,12,16,44768,4112,70477,73376,87103,1909.61,4137,3478,4171,7560,20018,30255,22633
2014,12,17,99100,74359,3722,28733,86808,1909.61,1113,4706,2869,6685,15046,18674,38746
2014,12,18,63728,8358,72594,39999,87244,1909.61,4706,3362,2919,6534,21737,41373,33808
2014,12,19,49167,22227,34853,33338,86002,1909.61,4944,1766,1933,7342,30185,48740,21223
2014,12,20,38764,77651,84799,92985,20688,1909.61,3010,1542,4553,9798,40764,11796,49845
2014,12,21,84412,96823,60160,38683,23357,1909.61,510,3875,1930,5066,22212,22828,48249
2014,12,22,18835,2158,24282,80768,2176,1909.61,859,2290,3469,7009,50274,19156,4467
2014,12,23,63206,28285,69924,87759,78888,1909.61,4554,4650,3862,6065,18332,13570,27040
2014,12,24,74315,98389,52446,11142,29648,1909.61,3969,4833,3167,8251,45600,11694,41011
2014,12,25,29070,7812,68985,77539,54821,1909.61,1695,4377,3894,5950,22135,18276,35611
2014,12,26,60010,38043,38785,224,14108,1909.61,3794,4773,1856,5192,32266,17856,7117
2014,12,27,23602,66237,82690,33121,40840,1909.61,4814,4908,3805,5110,47447,23626,44643
2014,12,28,65761,10495,74356,46007,43465,1909.61,1492,4825,4533,9142,20049,14992,46492
2014,12,29,33745,196,69767,5602,32787,1909.61,4809,1388,4620,5006,11730,25459,2033
2014,12,30,67141,50676,11721,35947,97178,1909.61,924,2938,1013,9238,25296,45829,25520
2014,12,31,63123,46789,65655,97656,23417,1909.61,2648,3513,2250,8766,79114,11182,2056
2015,1,1,35276,24130,51772,57774,29990,2166.13,1266,1338,3950,7138,94194,14469,27231
2015,1,2,85841,73485,66835,52472,98781,2166.13,594,1921,1022,9601,85337,13077,29016
2015,1,3,92250,58851,31681,57368,54317,2166.13,4518,4591,3550,6289,63717,14186,33070
2015,1,4,69872,21336,50557,75175,14900,2166.13,995,1488,3234,9182,53210,33366,44751
2015,1,5,68198,85157,95288,79220,14759,2166.13,3649,3359,1664,5414,80727,26496,30626
2015,1,6,39751,21598,16088,63301,97887,2166.13,1839,4109,2491,7504,59283,32390,46157
2015,1,7,28498,31632,49482,63084,70814,2166.13,1450,1478,4200,6978,34582,35310,19045
2015,1,8,88715,43232,58671,60895,99913,2166.13,2390,4662,2346,9829,19314,41584,5750
2015,1,9,15987,36154,75694,33478,36254,2166.13,2220,4750,4312,6834,44186,36477,1330
2015,1,10,67098,56989,41840,71299,65078,2166.13,2960,3792,1004,6550,31038,35916,26422
2015,1,11,53732,18429,75579,31078,38258,2166.13,4013,4243,2398,8542,16322,33651,44893
2015,1,12,82389,86294,64754,98053,34347,2166.13,4529,1444,2279,6368,89094,47357,25292
2015,1,13,19143,12055,17502,55147,93686,2166.13,1063,3768,1967,5996,94846,21576,48540
2015,1,14,94239,33860,92173,57989,81271,2166.13,2991,3658,3890,5498,78062,33236,46246
2015,1,15,64389,62592,51033,46668,5313,2166.13,762,4454,2181,7877,79600,12218,40127
2015,1,16,76417,70664,25987,59736,70010,2166.13,1312,4247,2396,9836,22235,18666,37185
2015,1,17,86082,80227,48678,1324,19323,2166.13,911,1142,1376,7806,46730,10995,26740
2015,1,18,42071,57107,35450,10604,1337,2166.13,2821,2752,2065,5160,53840,38426,15050
2015,1,19,52345,51505,52674,39741,41341,2166.13,4759,3773,2838,6882,45096,23512,41261
2015,1,20,176,96008,23576,5859,14304,2166.13,1853,1374,3763,8654,83329,11451,36658
2015,1,21,83705,72504,39205,2122,87664,2166.13,547,1078,4548,9572,96100,17990,43045
2015,1,22,50833,20860,46014,55023,10648,2166.13,3534,1654,3468,8466,33033,17772,41110
2015,1,23,88767,66239,90499,48883,34894,2166.13,676,4949,1330,5889,37070,33993,23828
2015,1,24,75286,43970,90354,36186,3542,2166.13,3425,1460,1654,8886,25747,10758,2806
2015,1,25,91900,4282,77838,95369,22744,2166.13,4492,1509,3461,9990,76743,44706,27223
2015,1,26,10170,87078,79656,56501,69319,2166.13,1845,4604,2046,7110,80789,30587,33078
2015,1,27,32708,19216,67665,72724,20006,2166.13,4738,1905,2692,7866,14556,20435,43412
2015,1,28,61151,53118,48298,70964,73108,2166.13,669,3276,3469,5324,56128,14140,25041
2015,1,29,28402,79327,58745,21800,92877,2166.13,3738,1178,1750,6402,14659,45106,5886
2015,1,30,79814,70751,23364,93859,4679,2166.13,645,2180,1830,5294,53144,23212,46989
2015,1,31,20336,68814,72841,65157,80491,2166.13,648,1002,4647,8794,47043,17523,45322
2015,2,1,65782,59460,1731,68537,90472,1469.36,4701,1221,1551,8559,82251,33539,13189
2015,2,2,5558,64432,83645,852,17576,1469.36,2538,2741,2401,9047,83231,15454,23209
2015,2,3,14696,8475,48722,69089,71870,1469.36,718,4003,2056,7610,22539,48879,32597
2015,2,4,43342,87241,26453,79893,62153,1469.36,4784,2709,4486,9780,68560,14134,8704
2015,2,5,52990,22452,26156,31743,41499,1469.36,816,1193,4212,9084,41633,12174,9387
2015,2,6,87134,53704,60086,45542,67505,1469.36,4420,2197,1216,7046,14188,14720,48977
2015,2,7,45928,86874,48782,35415,66655,1469.36,3828,2000,1145,9976,67737,47643,33695
2015,2,8,10722,39906,70189,44934,44443,1469.36,1015,1575,1060,8870,77117,49381,11823
2015,2,9,26429,87890,76579,12646,25115,1469.36,3717,1041,3245,5008,22807,36251,1974
2015,2,10,76194,97988,22247,48691,82971,1469.36,1333,1686,1240,6521,54977,14078,6336
2015,2,11,44696,5993,38611,26574,33446,1469.36,2306,4873,4968,5237,88870,11434,32080
2015,2,12,85258,98941,32477,4855,41440,1469.36,1106,3984,4623,9704,82674,10402,21636
2015,2,13,36041,45360,78990,98633,61881,1469.36,667,2928,1310,5102,49501,12224,33967
2015,2,14,9061,41808,82334,45381,43397,1469.36,1815,3653,1495,9291,49860,44286,37556
2015,2,15,10927,40967,94623,80550,70671,1469.36,4495,3062,2655,8484,38047,14358,27297
2015,2,16,78803,43715,23817,35113,20696,1469.36,2572,4755,2828,9905,75135,41225,39670
2015,2,17,27461,81951,36231,30309,37594,1469.36,4594,3520,2056,9217,45421,14079,36091
2015,2,18,62866,11269,37142,1874,56105,1469.36,2761,4906,1046,5868,86371,22301,25189
2015,2,19,48951,43944,2057,96779,201,1469.36,4355,2660,2006,9526,74320,29440,43545
2015,2,20,26677,65268,94313,70086,50837,1469.36,516,3701,2354,7657,15574,23458,39734
2015,2,21,29199,34688,74718,80805,93969,1469.36,3106,4270,1383,6086,56049,21583,11089
2015,2,22,81411,60405,65596,56906,17343,1469.36,2697,1514,1534,7009,46808,22371,39917
2015,2,23,36743,47325,86073,20449,1334,1469.36,3907,1883,4038,9962,27688,29359,18000
2015,2,24,96065,97147,38630,33800,85013,1469.36,774,1423,2787,7329,39680,10268,11031
2015,2,25,77246,42378,81853,98781,39387,1469.36,1151,2480,1978,7162,12929,27318,28661
2015,2,26,91576,73189,24202,76966,8165,1469.36,1324,1170,1578,5254,54379,16752,18242
2015,2,27,38689,9762,33176,26476,47091,1469.36,2957,1386,1584,9809,55820,20970,39208
2015,2,28,58471,26973,79803,34455,549,1469.36,1772,3475,1848,9334,14406,24083,42732
2015,3,1,74470,94664,2308,85776,65395,1327.23,4463,1507,3586,7291,54950,15596,19060
2015,3,2,15249,95639,39378,45058,51459,1327.23,3527,4782,1501,8678,95330,15585,26700
2015,3,3,66107,20158,81505,34785,21951,1327.23,714,2771,2955,8032,98546,48350,21941
2015,3,4,43071,39362,56210,78009,23005,1327.23,2153,3252,1797,6150,83310,24608,11160
2015,3,5,84582,3190,69391,7435,57524,1327.23,3019,4982,2582,7078,74766,11778,31074
2015,3,6,92817,46471,68656,92124,20482,1327.23,1825,4903,2915,6080,74263,45919,33554
2015,3,7,24195,76417,525,47345,34299,1327.23,1952,3879,3375,5398,26314,27251,1566
2015,3,8,88768,65686,33586,6351,86562,1327.23,2234,1468,2526,7190,87853,24359,24704
2015,3,9,14444,44679,4264,53711,74066,1327.23,982,3260,1295,6506,45604,11196,44879
2015,3,10,16693,83909,40826,36420,75251,1327.23,502,4018,4176,9959,86720,35738,33492
2015,3,11,4664,48955,31468,8542,79845,1327.23,2900,1290,1703,7040,64350,20768,35673
2015,3,12,48395,96685,85381,36042,13191,1327.23,1634,1234,4892,8811,99006,13000,30985
2015,3,13,82303,45381,86866,47832,25341,1327.23,4921,1355,3891,7740,54896,35088,23586
2015,3,14,83414,87797,45729,80117,41313,1327.23,2236,1058,3115,5244,42099,10658,26431
2015,3,15,83602,86,15245,14847,15250,1327.23,2693,2551,4630,9126,61734,34970,14251
2015,3,16,14496,61656,47678,53387,25749,1327.23,3474,4161,1510,9014,11268,48034,2574
2015,3,17,93338,72866,70445,16453,25483,1327.23,932,1774,3980,5710,56634,44229,12544
2015,3,18,14956,94328,58134,90939,35238,1327.23,2260,4732,2875,9938,19470,23623,19868
2015,3,19,42512,24298,49137,49234,74852,1327.23,3619,4540,3982,8136,16022,35817,4766
2015,3,20,12959,86455,11254,41940,3512,1327.23,2520,3467,3566,5294,25757,30155,34240
2015,3,21,96874,18018,96240,11101,57956,1327.23,4723,1819,1358,7062,82404,47562,15710
2015,3,22,71329,96025,32103,15311,96440,1327.23,1127,1510,1812,8732,67689,39412,33096
2015,3,23,12972,86562,74232,7890,47216,1327.23,3044,1790,4358,8576,71540,17340,49989
2015,3,24,66346,22616,25485,22704,22827,1327.23,540,1022,1090,9502,25816,33056,24242
2015,3,25,51816,43297,58807,4069,72029,1327.23,4832,1352,4409,6806,18492,42976,42848
2015,3,26,66757,47287,53417,1115,81570,1327.23,4780,2914,3923,6494,86970,12434,41309
2015,3,27,75858,57236,13608,12475,75956,1327.23,531,2770,1722,5582,48190,15246,5776
2015,3,28,63538,8024,5157,92947,58440,1327.23,2274,1547,3035,8198,42662,25957,14398
2015,3,29,13351,68795,40224,77274,36763,1327.23,1726,3972,1572,6685,41446,26736,27194
2015,3,30,82461,3330,20860,14237,24020,1327.23,3040,3908,3424,6402,13206,18215,35402
2015,3,31,53946,15481,9764,48334,87523,1327.23,4290,1754,2571,6990,94497,40685,18778
2015,4,1,7576,19658,8841,34261,61105,2151.4,3072,1580,4139,7308,21156,24541,1929
2015,4,2,65349,25065,34318,4897,38271,2151.4,806,1782,1270,7064,73976,13777,18886
2015,4,3,47818,74849,67701,28683,85698,2151.4,3093,3272,3043,8285,43884,11008,8386
2015,4,4,96567,93310,36285,35706,40618,2151.4,502,2318,3857,7398,27214,13950,23794
2015,4,5,29802,2409,39935,74802,25936,2151.4,4930,1814,1926,5270,35139,40809,13912
2015,4,6,47368,88233,434,25411,82871,2151.4,909,4436,3979,7102,15141,44596,10671
2015,4,7,7340,91741,33267,22549,2657,2151.4,2380,3809,4241,9290,23610,21529,26834
2015,4,8,46227,44893,27986,51338,17523,2151.4,3498,4889,2709,5284,13314,16931,29477
2015,4,9,35955,3914,46368,89934,37460,2151.4,881,1150,4600,8150,83699,38608,27861
2015,4,10,27334,92432,37418,22927,24747,2151.4,807,2324,2271,8793,38662,12300,27380
2015,4,11,68270,13513,37388,52331,88797,2151.4,4261,1102,2952,7950,31035,14182,44040
2015,4,12,59842,48270,79267,45794,98770,2151.4,4402,2454,1749,8171,65380,46495,29318
2015,4,13,81904,26189,83821,4175,31334,2151.4,1672,1918,3698,8128,68285,15000,38835
2015,4,14,74451,3899,14950,38755,85880,2151.4,1870,2072,1222,6137,15740,25727,45986
2015,4,15,15455,42268,68182,87204,46792,2151.4,966,3694,1101,7446,49220,14878,49914
2015,4,16,55410,25893,23390,24108,56304,2151.4,2954,2105,3276,5818,17766,30507,8027
2015,4,17,75242,59083,92580,2200,95220,2151.4,2926,2026,4064,9866,14229,11720,1814
2015,4,18,62373,30633,50902,38475,30856,2151.4,2260,1264,1014,8034,26724,48670,1054
2015,4,19,26380,24679,62128,54657,53935,2151.4,682,4175,3422,8200,31374,34993,14340
2015,4,20,10893,75653,62020,69957,88112,2151.4,2164,1966,3233,6140,10630,20441,42602
2015,4,21,43188,83923,73058,85555,2277,2151.4,576,3655,1634,5416,83311,44746,49782
2015,4,22,27044,84828,23923,50466,78923,2151.4,926,4814,2301,7478,76122,14182,21649
2015,4,23,56432,84639,18601,79665,44057,2151.4,910,3595,4185,6336,89149,26461,40263
2015,4,24,39297,6078,71469,80109,68782,2151.4,4855,2176,4607,5129,78993,34881,4781
2015,4,25,3130,64452,24696,66783,28282,2151.4,3547,4712,1808,7008,80729,45864,17170
2015,4,26,93763,47187,49460,34300,86702,2151.4,2112,2006,2390,8580,12222,46171,4962
2015,4,27,3361,97314,74700,59320,28795,2151.4,4200,3276,3144,5247,15058,12777,3693
2015,4,28,52418,49958,63843,70578,3458,2151.4,1441,3571,3109,9038,47870,44811,10924
2015,4,29,53566,41335,20810,30957,89915,2151.4,3479,4627,1933,8179,68946,16702,43268
2015,4,30,21872,79500,50356,56368,14747,2151.4,4145,3515,1723,9339,54092,12326,31767
2015,5,1,86886,81456,84724,69139,45678,1943.94,2703,2011,1695,5366,76926,26315,29535
2015,5,2,63492,2906,33249,31671,71852,1943.94,3541,2702,2035,9909,98801,33801,1680
2015,5,3,45407,82317,31877,61098,36410,1943.94,2711,4646,1216,9766,17578,26894,49762
2015,5,4,18322,47841,13906,35017,17852,1943.94,2683,1342,1558,7283,13012,48292,7184
2015,5,5,28964,82907,65995,47351,92816,1943.94,2503,4573,3464,9379,15670,16225,14796
2015,5,6,79141,53382,55872,76710,92168,1943.94,3603,1982,3848,7730,61857,46699,14657
2015,5,7,41045,89541,44395,51133,83177,1943.94,4424,2139,1664,7114,59489,15831,23759
2015,5,8,12919,23345,20405,76383,2724,1943.94,2607,3216,1624,8479,74925,47975,2427
2015,5,9,29488,94881,24816,58336,28741,1943.94,1386,4784,2565,5780,37269,25741,36673
2015,5,10,39540,86694,87881,12556,34817,1943.94,3387,2735,2065,5143,24117,12290,13722
2015,5,11,67571,33078,4357,89730,81557,1943.94,4056,2395,1036,8872,85730,19254,45634
2015,5,12,15545,7117,89039,8110,89250,1943.94,3850,1190,4353,8082,57695,30521,26308
2015,5,13,68156,52435,28257,71573,67579,1943.94,4065,1254,1834,9556,41229,33359,2375
2015,5,14,10408,45287,10755,17273,74159,1943.94,1526,1054,1304,7698,30516,25553,12837
2015,5,15,84577,30719,87046,30282,35154,1943.94,803,4660,3527,9059,91233,31105,44742
2015,5,16,7786,85299,32606,9589,72,1943.94,4299,1830,1922,8054,44103,25983,23836
2015,5,17,32890,96982,48390,85547,55251,1943.94,1099,4827,1962,9004,86460,11129,28906
2015,5,18,75591,97264,80790,89118,52676,1943.94,1575,1812,1078,9180,86401,40096,38375
2015,5,19,9368,12053,33279,61193,32107,1943.94,2175,1347,1440,5565,66893,45965,43734
2015,5,20,30823,94346,2145,56799,25195,1943.94,4279,1578,2220,5069,89901,21247,38606
2015,5,21,19796,92829,48061,9821,12010,1943.94,1268,2728,2865,9546,98921,11323,1638
2015,5,22,43281,2449,9024,50348,54366,1943.94,1312,1574,2965,9628,58338,28159,42269
2015,5,23,19767,92619,28944,21987,24040,1943.94,4586,3834,3025,7646,53654,12782,35198
2015,5,24,24812,69923,94116,4029,35822,1943.94,714,4101,1836,5886,29448,32554,9389
2015,5,25,32996,42113,67743,35962,56922,1943.94,4120,1687,1910,9416,15026,25441,42433
2015,5,26,60966,24613,19277,88991,98611,1943.94,1729,4773,4205,5844,43801,45026,39283
2015,5,27,81585,75506,90480,9773,16233,1943.94,2326,1170,4743,6420,12398,13390,36280
2015,5,28,18854,82014,44705,70256,7782,1943.94,697,3746,2046,5330,74089,15656,26083
2015,5,29,70608,35819,71782,46165,8015,1943.94,2542,4598,2440,8756,15722,40025,15584
2015,5,30,653,8050,5606,11749,822,1943.94,3413,1026,1032,8948,22634,29645,23499
2015,5,31,16905,84684,98392,33951,66009,1943.94,4607,2967,3298,5582,99132,16312,22481
2015,6,1,73027,22263,60765,37401,37986,1777.43,4404,2386,2746,6152,63207,46244,17142
2015,6,2,45918,15587,68108,86740,38221,1777.43,3643,2903,1144,7593,10536,34976,47753
2015,6,3,3553,58231,9628,41294,73715,1777.43,968,3093,4554,8084,16086,18891,25940
2015,6,4,5226,71250,81278,27972,37403,1777.43,4215,4671,2774,8675,86410,30994,10837
2015,6,5,56428,90054,70250,68924,44000,1777.43,3900,3903,1670,7064,10402,40161,25513
2015,6,6,5819,16166,19607,86725,4250,1777.43,615,4475,2701,6498,53798,11455,20100
2015,6,7,80434,44367,61127,89560,3042,1777.43,554,1650,3942,7155,44744,14293,13890
2015,6,8,99021,14997,78198,65468,94876,1777.43,1980,2045,1830,6378,20122,36512,33394
2015,6,9,78039,42090,62340,85740,45335,1777.43,2194,2119,1016,9356,31678,13544,16138
2015,6,10,88563,68585,55718,58857,92093,1777.43,3150,1112,1809,7699,56579,43036,16814
2015,6,11,67445,94912,60082,83356,36499,1777.43,4867,4537,3645,8558,18294,33979,46556
2015,6,12,14696,63824,42451,75200,88497,1777.43,830,2058,1698,6566,35914,17509,40481
2015,6,13,43978,9065,58622,75787,76764,1777.43,726,4208,1463,6462,43915,29314,31553
2015,6,14,8164,80135,93852,46809,78693,1777.43,2139,3387,4302,5941,84938,12798,44128
2015,6,15,96423,56387,39857,71840,83551,1777.43,700,2528,1187,5454,19666,44303,25772
2015,6,16,62226,54842,54864,5041,66450,1777.43,706,4612,1086,9124,37773,23956,48779
2015,6,17,5038,84913,83696,79340,90855,1777.43,2138,3628,1372,8006,91819,24922,18635
2015,6,18,74118,47520,52451,75306,78193,1777.43,4608,1769,3310,8952,78161,26111,38470
2015,6,19,39602,78869,17076,34866,89778,1777.43,3821,4814,1113,8868,74154,13319,4849
2015,6,20,93855,32645,66948,35227,30991,1777.43,1501,1878,2637,8951,96765,17181,25119
2015,6,21,33773,66374,73951,77083,7197,1777.43,3193,3149,2331,6621,98014,37109,18464
2015,6,22,91470,23188,48276,63935,32056,1777.43,2253,1830,1425,8982,77488,19398,22430
2015,6,23,2023,53990,23877,24660,99294,1777.43,3192,3065,3366,8598,10148,10562,20642
2015,6,24,607,29694,73712,64290,82667,1777.43,2750,1982,1264,6026,54422,43319,38078
2015,6,25,4808,98029,85582,76234,24933,1777.43,694,1955,2059,8877,67966,16352,13071
2015,6,26,39519,26160,65771,42885,58302,1777.43,4798,1066,3315,9861,55901,20982,42271
2015,6,27,47939,73652,11471,75555,56030,1777.43,3873,2189,1118,6526,69774,10420,15893
2015,6,28,83878,64776,32161,17289,83653,1777.43,4993,4522,1285,5763,98758,15174,1086
2015,6,29,8034,84909,92551,46349,44770,1777.43,3682,4059,4807,5152,84613,10836,14804
2015,6,30,77398,19839,88026,57670,40646,1777.43,2874,1758,3926,5574,74515,38930,7800
2015,7,1,40861,78453,54151,56624,93563,1798.06,1008,3470,3992,7426,39591,28795,21442
2015,7,2,27392,48651,83603,38896,33264,1798.06,1292,4454,1414,5174,26451,22968,10792
2015,7,3,69541,83679,28247,80928,58194,1798.06,3792,4053,1268,9294,72028,11098,17178
2015,7,4,50737,69389,34015,31081,13097,1798.06,1227,1978,2256,6182,95735,21872,23607
2015,7,5,86974,12028,57679,2142,2342,1798.06,1461,1882,2807,9708,69161,42352,34130
2015,7,6,86886,94306,57758,48867,73600,1798.06,4410,1384,4173,9564,71767,28622,29786
2015,7,7,28384,64348,85462,66992,40530,1798.06,890,3854,3224,5796,62347,11917,31197
2015,7,8,13376,53810,152,81183,89870,1798.06,4887,3106,3617,7644,41972,14306,19313
2015,7,9,43783,62736,94257,59308,17513,1798.06,2929,2247,1723,6792,29238,14446,32377
2015,7,10,54588,84455,47459,64164,13700,1798.06,1081,2074,4966,6232,24609,19835,9806
2015,7,11,61898,64497,62942,41867,62141,1798.06,880,2274,4001,6044,81582,12174,21267
2015,7,12,88421,69512,80113,51496,42903,1798.06,862,2490,1318,5124,61653,23856,9351
2015,7,13,28715,54087,67283,8682,46672,1798.06,3516,3568,1387,7810,66786,34880,41892
2015,7,14,79077,62223,57155,63078,84619,1798.06,942,3038,3248,8502,40885,17502,38737
2015,7,15,86757,95985,81345,96914,14894,1798.06,2121,4959,3436,8816,68640,10107,9351
2015,7,16,96296,63510,85028,69035,21320,1798.06,3914,1610,1582,8622,79824,15006,1815
2015,7,17,16158,77119,4397,40758,38173,1798.06,3260,1280,2617,9604,38193,38862,11634
2015,7,18,48955,91667,48822,78744,96071,1798.06,838,3717,2323,7670,77751,18642,17463
2015,7,19,8397,81667,35390,55137,59088,1798.06,1494,1006,2331,7190,16002,46855,15214
2015,7,20,52524,40615,88136,26493,46571,1798.06,1706,1060,4347,8582,90620,46769,42682
2015,7,21,14342,45823,55487,11665,2405,1798.06,1658,2152,1256,8218,82288,40343,33239
2015,7,22,13613,68783,81940,5944,76025,1798.06,2798,4899,1259,7286,87743,17830,14294
2015,7,23,99968,19450,29708,50667,16330,1798.06,2436,1350,2501,5854,58687,34906,20328
2015,7,24,2513,5346,12059,33769,3746,1798.06,936,2357,4481,8755,39653,21858,10700
2015,7,25,69401,8804,16758,40661,66090,1798.06,3490,2408,1238,8197,33075,13272,4502
2015,7,26,24877,30512,3655,7378,99786,1798.06,2283,2298,4038,5622,52418,16570,12342
2015,7,27,31394,92883,21494,27227,47990,1798.06,4084,2389,4949,5842,58049,19198,11147
2015,7,28,36696,16540,34800,76998,21089,1798.06,4981,1938,3385,7280,53342,14523,17875
2015,7,29,15977,61978,16822,16367,99024,1798.06,502,1694,3473,8347,73995,42814,19240
2015,7,30,35846,73080,60205,22147,5274,1798.06,4537,3320,1145,5689,35318,22233,18254
2015,7,31,93564,1652,18199,8302,55287,1798.06,2824,2614,4869,5997,15950,15245,37893
2015,8,1,40835,95662,20063,15534,86009,1341.55,2730,4088,4432,9877,64361,24038,12877
2015,8,2,80767,39035,25184,22808,74353,1341.55,2723,2355,3318,8262,47641,36210,13769
2015,8,3,80201,35256,2433,36198,55588,1341.55,4137,2774,4690,8408,28307,15699,17678
2015,8,4,93429,12391,24788,49213,18620,1341.55,3250,4385,4534,8433,38545,35238,5501
2015,8,5,78555,71269,27594,26873,12293,1341.55,3083,3844,1841,7498,61393,48781,41587
2015,8,6,49545,55531,11556,45587,86083,1341.55,1285,1734,3604,9726,45074,37223,6215
2015,8,7,74278,68326,2962,35164,33111,1341.55,1754,1664,2774,5662,38537,41418,41507
2015,8,8,22287,17973,66615,49128,16192,1341.55,4260,2087,4889,5815,27673,35971,28008
2015,8,9,48383,55312,81834,33339,7736,1341.55,562,3364,1585,9875,33528,44695,43261
2015,8,10,81382,20283,56361,10508,67334,1341.55,3277,4619,1156,9792,55099,11764,11250
2015,8,11,62899,19360,43852,62788,11528,1341.55,958,4909,3187,6944,93247,17275,21525
2015,8,12,90205,30162,65640,18142,70037,1341.55,2837,2769,2153,5549,94628,19487,15520
2015,8,13,63151,62906,9107,8724,97797,1341.55,1839,1398,4917,5590,39834,11444,14206
2015,8,14,18567,4946,87706,61755,68242,1341.55,4029,4798,2466,8230,92939,13854,30953
2015,8,15,26541,72129,81625,78694,24030,1341.55,3180,3531,1030,7288,12254,13254,42605
2015,8,16,87845,99094,30354,87762,46136,1341.55,557,4702,1484,6534,42808,26077,36540
2015,8,17,568,88190,50876,28034,99210,1341.55,1887,1508,2295,9863,20795,22677,10168
2015,8,18,32469,18976,76209,4331,42615,1341.55,2636,1811,3908,8692,50924,16396,4816
2015,8,19,90881,66483,47451,98717,86097,1341.55,4794,1663,4799,8114,31048,44008,40259
2015,8,20,2189,72937,36111,34485,29152,1341.55,3513,1619,1770,9721,65949,34847,6906
2015,8,21,4537,39939,98011,24798,44280,1341.55,1193,1512,3120,10000,50228,34217,15287
2015,8,22,45254,41375,37233,40053,83397,1341.55,834,1178,1217,6522,36420,20368,18282
2015,8,23,43428,59934,48341,35661,59656,1341.55,1859,1096,1168,9838,10690,31211,14290
2015,8,24,66508,12886,82724,14629,67881,1341.55,818,4485,1366,9746,85889,24074,49304
2015,8,25,70711,36303,76011,28280,22825,1341.55,3648,2604,3716,6690,18264,48371,12432
2015,8,26,93982,21476,45268,64562,22697,1341.55,772,4203,4845,9704,20183,14077,16960
2015,8,27,44151,85381,93564,51181,87811,1341.55,1606,3520,2106,7617,86800,21283,29453
2015,8,28,30049,1801,53888,18765,65141,1341.55,3488,4121,1330,5107,40034,49026,38504
2015,8,29,12067,52159,54582,8264,47006,1341.55,2341,2508,1230,9054,75040,14307,24766
2015,8,30,78061,16648,22829,10168,34265,1341.55,2802,1338,2780,6786,15780,18554,25981
2015,8,31,56545,15621,84746,82875,77080,1341.55,3252,4146,3290,9185,97409,13306,24781
2015,9,1,86103,64157,70449,68359,39197,3131.67,1419,2195,2583,5886,22811,49915,34756
2015,9,2,70741,19828,44048,38782,51961,3131.67,1677,2580,4417,7294,61012,45549,3320
2015,9,3,59156,50159,88840,78341,63920,3131.67,3643,1374,2000,9091,34732,15192,45488
2015,9,4,10199,97504,53740,84135,86794,3131.67,4049,3885,1378,8097,12666,48338,26552
2015,9,5,97769,24344,32272,52186,51599,3131.67,2734,2105,4793,5862,10902,40064,9636
2015,9,6,98414,10442,6439,24410,85885,3131.67,953,1082,1142,6044,96568,16354,7524
2015,9,7,52596,80619,32058,65327,25068,3131.67,822,4187,1706,8639,91373,13510,44725
2015,9,8,88275,55460,80476,64420,24738,3131.67,4484,3151,2714,7274,63912,14950,2274
2015,9,9,84798,86218,11034,56177,62262,3131.67,4348,1209,4571,6405,96535,45990,23954
2015,9,10,7482,42904,85179,9254,21544,3131.67,2623,1169,3362,6206,90589,39452,42904
2015,9,11,45373,11426,12604,74439,38700,3131.67,4389,3497,4084,6774,96025,15404,42868
2015,9,12,40728,10374,88907,61652,73131,3131.67,2641,1234,3345,5648,12444,16240,35442
2015,9,13,85723,68841,92410,50438,28291,3131.67,4889,1526,1560,8844,64453,49475,32999
2015,9,14,61712,70195,89325,57148,3321,3131.67,4844,1626,2074,7222,22050,35204,35350
2015,9,15,5545,46045,65817,50242,38864,3131.67,2833,1886,2225,5243,15464,15014,38386
2015,9,16,24594,47617,91883,35370,32813,3131.67,4844,1760,2881,8470,68022,46201,22688
2015,9,17,75870,99219,22954,87944,35674,3131.67,4499,1218,1047,5316,15632,46263,45004
2015,9,18,60054,40646,87202,17280,82241,3131.67,4147,1833,3896,7381,42202,41708,11281
2015,9,19,70,43399,18936,42951,33919,3131.67,504,1139,2527,8457,30434,18242,3310
2015,9,20,89813,19935,95772,97213,91603,3131.67,3475,1655,1931,7028,68934,18352,19935
2015,9,21,58309,4434,66006,33557,31816,3131.67,1616,3236,2958,8966,15086,18228,24560
2015,9,22,63861,29395,60721,82740,74204,3131.67,2292,4016,1088,9415,61228,10790,41155
2015,9,23,85703,21056,70699,62634,84436,3131.67,3157,4095,1702,8334,92651,17180,5985
2015,9,24,45074,50620,73174,29384,27523,3131.67,2612,2734,1846,9378,13660,34309,30712
2015,9,25,15839,60471,48326,43280,9886,3131.67,2321,1939,3312,6048,74573,47747,25906
2015,9,26,89005,12731,23195,65775,33245,3131.67,711,4669,2816,7778,24053,26690,32198
2015,9,27,44596,88018,34425,71054,12702,3131.67,736,4891,1720,6390,88170,27957,41251
2015,9,28,62299,50493,39898,25611,99864,3131.67,4710,3867,4904,9256,70993,19010,30823
2015,9,29,61455,78057,4170,60623,41941,3131.67,2313,2888,1239,6978,90293,45292,28223
2015,9,30,79340,45657,90185,81060,82050,3131.67,748,4347,1654,5266,86309,45062,28355
2015,10,1,92372,50282,88697,21629,37628,1606.13,4434,1376,3717,8438,73976,46940,48197
2015,10,2,47370,93217,79532,85460,83510,1606.13,4798,4166,1360,5858,27567,26066,41177
2015,10,3,87580,71915,87618,52846,74576,1606.13,1637,3299,4312,5478,21279,13194,32680
2015,10,4,84882,20714,68976,3599,97122,1606.13,1890,4491,1167,5558,29950,36028,42952
2015,10,5,3951,11101,65195,51663,73311,1606.13,2728,1788,2379,5345,30086,21955,9114
2015,10,6,14377,11724,71607,30042,98409,1606.13,3332,4641,4950,8659,12990,27071,42886
2015,10,7,27963,86483,87915,80482,49257,1606.13,1510,4558,1298,8056,21220,34979,34217
2015,10,8,7171,15302,95870,4550,96999,1606.13,2856,1375,4031,8934,57768,19582,25956
2015,10,9,73700,41101,52082,20002,26113,1606.13,3425,4074,3155,5386,34556,23764,21674
2015,10,10,1909,51067,9675,63578,65475,1606.13,3556,2644,2548,6286,93546,19102,30896
2015,10,11,36734,86403,87274,7117,67218,1606.13,907,1842,2494,8690,77270,28606,45042
2015,10,12,16014,40696,82681,90522,8387,1606.13,637,1646,1006,5126,90223,16481,33589
2015,10,13,87559,5133,39126,50107,15910,1606.13,4653,3994,1734,6926,76110,10602,32672
2015,10,14,58321,52019,59912,60815,96359,1606.13,4420,3724,4228,8452,19245,10490,37182
2015,10,15,22042,66235,29262,39400,6546,1606.13,880,4104,1948,5462,60562,13766,35838
2015,10,16,10382,70216,42226,45808,83495,1606.13,4802,1814,1442,9438,18980,33064,18336
2015,10,17,78248,8401,11789,72477,13205,1606.13,1443,1010,3619,7056,74645,20164,47386
2015,10,18,72894,96878,30621,30215,58236,1606.13,3445,4969,4102,5670,47128,27596,7536
2015,10,19,64006,11932,35763,50712,52998,1606.13,538,1244,4494,7690,20072,42699,4743
2015,10,20,9301,11516,44297,39272,64925,1606.13,787,4169,2171,6408,84384,13526,35294
2015,10,21,30296,87830,8080,24398,49852,1606.13,3346,1734,2139,8226,80919,20136,5209
2015,10,22,25204,31047,67733,21050,9314,1606.13,3748,4965,1354,8804,74236,46948,37806
2015,10,23,9691,50025,51119,58214,72785,1606.13,1324,3079,4683,9403,27476,39534,35503
2015,10,24,44612,45823,19743,11751,16284,1606.13,3238,2838,4412,5971,78887,23726,17015
2015,10,25,20129,8989,8692,35801,83386,1606.13,2749,3075,4304,7318,67641,22088,32929
2015,10,26,35722,48966,41520,91757,54721,1606.13,2642,4332,2522,7482,27434,13805,35348
2015,10,27,50751,92026,21644,15164,7997,1606.13,994,4476,1750,9398,96628,18520,16883
2015,10,28,13213,45730,18684,78869,45949,1606.13,956,3021,1641,8827,89777,22713,36325
2015,10,29,44176,87420,22046,91698,37509,1606.13,1854,3258,2857,9849,19773,32205,15833
2015,10,30,26732,41367,26682,52603,71652,1606.13,3209,1215,1594,6892,80084,31339,23310
2015,10,31,99569,97393,29362,67562,56221,1606.13,560,1610,4262,8672,16898,26770,35491
2015,11,1,80299,81381,68714,90148,1155,3150.13,1878,2520,3951,5832,14171,17261,1848
2015,11,2,64043,15388,19005,77287,11824,3150.13,3207,4215,1056,6214,65435,31547,1406
2015,11,3,67396,82183,70810,96069,6979,3150.13,1924,2276,1274,5638,93775,46465,13932
2015,11,4,26557,27007,5339,36861,12839,3150.13,956,3232,2600,9477,86871,29423,35862
2015,11,5,39821,80079,88640,35878,57199,3150.13,2424,1902,3961,9180,37014,25939,20427
2015,11,6,18517,60291,79569,63828,35929,3150.13,1645,3837,1426,8335,15697,29540,23344
2015,11,7,84197,86171,22773,68150,75648,3150.13,2572,1898,2425,5136,51344,45976,25996
2015,11,8,39343,35121,36923,8304,6058,3150.13,594,4573,1166,5494,19042,36507,40289
2015,11,9,53507,47751,65345,70208,96086,3150.13,4747,1633,3563,8872,81134,18430,31042
2015,11,10,64868,28708,74678,3646,97623,3150.13,4621,3316,3846,6543,77971,49904,42375
2015,11,11,43184,78567,40830,93762,75081,3150.13,546,4938,4684,7886,15146,11548,45583
2015,11,12,59358,14894,18756,42921,70118,3150.13,2130,1337,4948,6330,54982,17856,49890
2015,11,13,51887,54604,12240,45733,7499,3150.13,1988,1372,3777,5646,44442,43857,40212
2015,11,14,64753,41064,88797,90790,19380,3150.13,1558,3737,1539,6690,38009,21657,20295
2015,11,15,31556,56493,72995,92856,49653,3150.13,1778,2890,3931,8046,79974,22781,27977
2015,11,16,70582,41964,73463,39359,61134,3150.13,4567,2237,1671,9440,33026,11051,34257
2015,11,17,25010,45938,6141,92902,77603,3150.13,4558,1028,1993,7818,18365,16645,44150
2015,11,18,48233,86496,84536,47164,66866,3150.13,1296,2446,2825,6110,93156,10230,14511
2015,11,19,10367,9077,42548,18391,13792,3150.13,793,1294,2863,7762,48054,15465,25575
2015,11,20,12435,78965,57328,29429,82869,3150.13,2425,1100,3539,6636,94615,45405,42045
2015,11,21,94176,80912,99204,33353,57022,3150.13,3662,3739,2788,6209,18481,47931,42361
2015,11,22,68136,64275,3085,5999,32560,3150.13,2816,1346,2806,6010,14262,45674,17491
2015,11,23,3540,35904,93127,98431,49217,3150.13,3835,4743,1782,9391,93095,16764,37742
2015,11,24,68104,26758,58470,85892,19320,3150.13,3822,3806,2577,6528,26157,40136,26951
2015,11,25,37102,63974,67835,99909,75469,3150.13,1934,1466,1738,5061,93789,26432,24961
2015,11,26,59155,53978,36177,60512,13369,3150.13,990,1471,3733,7428,83714,16114,45624
2015,11,27,70661,17537,28211,44590,70796,3150.13,4725,2897,3340,5130,24157,10160,4368
2015,11,28,93873,86092,5520,4737,57505,3150.13,2521,3011,3286,7404,93522,33006,49310
2015,11,29,95673,45115,80830,84406,38825,3150.13,3809,1682,2079,7020,70425,19227,14544
2015,11,30,91388,21503,93477,26081,40415,3150.13,2592,4287,1366,8112,55375,27581,17634
2015,12,1,52897,26945,43412,2946,36819,2379.77,3618,1932,2246,9375,20756,21789,26418
2015,12,2,24538,46593,70221,61558,33370,2379.77,4296,4872,2923,6942,95286,18102,39448
2015,12,3,64322,45926,70634,38786,17654,2379.77,2558,1108,1510,5969,89847,44680,14567
2015,12,4,98739,4818,26613,5985,4193,2379.77,4125,3729,1282,8700,13286,10035,47370
2015,12,5,20146,92288,14908,53069,4016,2379.77,4977,4688,3823,6962,23473,12962,26546
2015,12,6,71529,52384,77026,79391,24705,2379.77,4070,3442,3041,7034,45778,42234,33225
2015,12,7,30756,56256,37316,41070,20602,2379.77,2456,1502,3945,9482,10166,39312,10307
2015,12,8,75261,30144,74002,64084,37106,2379.77,559,4985,1210,7884,20727,40914,13827
2015,12,9,47162,61150,30710,35204,28185,2379.77,3789,3939,4095,7456,16360,19696,26488
2015,12,10,74115,33817,26795,43060,82532,2379.77,2372,4144,3456,5460,38227,36913,3313
2015,12,11,36552,25140,78252,19114,5429,2379.77,598,2589,1480,5966,16606,21016,15331
2015,12,12,33577,64286,96308,82672,78095,2379.77,3719,2208,2836,7490,11620,11720,12669
2015,12,13,65179,60345,35865,64987,83070,2379.77,1899,1954,1174,6502,55086,21010,40444
2015,12,14,11834,65115,89953,88314,22204,2379.77,681,2131,1086,7982,71155,19180,10449
2015,12,15,51009,56227,37741,30198,68093,2379.77,1917,4622,4704,7781,14608,18260,49361
2015,12,16,34577,32860,45099,50160,29363,2379.77,2521,2547,1650,7660,45860,20205,1550
2015,12,17,20627,87894,92337,11713,9882,2379.77,892,1790,1070,9978,91087,16678,29844
2015,12,18,84346,99357,53785,10402,43490,2379.77,4527,3065,2603,7886,44576,13317,34745
2015,12,19,81162,32099,20865,79164,42276,2379.77,4368,2901,1948,8056,74613,30851,33077
2015,12,20,87901,71858,58094,40323,23195,2379.77,4484,2539,4888,9250,17940,16764,15533
2015,12,21,15717,53820,86443,49672,34797,2379.77,2989,2309,4469,6870,11472,21744,31020
2015,12,22,33283,27193,999,20604,51602,2379.77,1454,4501,1454,5899,79823,13498,41964
2015,12,23,41432,40660,27259,22672,71632,2379.77,2400,2347,1510,7696,53370,16518,45199
2015,12,24,81215,66360,98829,77036,16566,2379.77,554,1199,3845,6129,86802,10902,26653
2015,12,25,8094,4610,61300,4619,80509,2379.77,2985,3292,4485,5243,77315,19814,7475
2015,12,26,96794,24717,6168,28516,74912,2379.77,694,1125,1804,7734,33160,17638,9538
2015,12,27,36867,64644,25014,7064,80774,2379.77,3861,1814,1424,5430,26188,13285,11816
2015,12,28,63987,34174,67930,78472,85769,2379.77,939,3913,4960,7106,27429,11223,45245
2015,12,29,46645,22464,17349,88894,32678,2379.77,2707,4543,1504,9072,76607,28629,16861
2015,12,30,888,5469,50200,33665,11982,2379.77,3301,1944,1130,7582,70791,12680,26388
2015,12,31,9179,68083,11594,79140,71542,2379.77,1714,4537,2837,8136,23430,10514,39023
2016,1,1,87490,80059,5132,76562,56666,1847.58,3800,3485,1274,7642,90466,26698,33761
2016,1,2,23470,82787,3611,87404,53578,1847.58,1582,3011,4236,8322,19114,33258,16291
2016,1,3,48788,44090,77449,22851,83872,1847.58,1478,2712,3020,6466,80625,41037,37963
2016,1,4,51723,90779,35876,52034,50947,1847.58,742,1546,4127,8694,78171,29056,26342
2016,1,5,81338,74754,17069,25574,66827,1847.58,762,1238,3414,5272,54816,37285,42973
2016,1,6,6947,51295,91351,74967,69257,1847.58,2356,2330,4105,8231,11440,30052,21976
2016,1,7,10925,50800,20821,36405,15847,1847.58,930,2183,1702,8880,39108,13856,15344
2016,1,8,91854,80644,88890,95268,99628,1847.58,3904,1573,1352,8438,97891,46960,43707
2016,1,9,78583,46600,34291,74040,31183,1847.58,4091,2107,2157,5082,94863,23003,40007
2016,1,10,72960,26676,36539,63057,75557,1847.58,1331,3761,2642,5221,95380,38621,41999
2016,1,11,85280,10637,95195,12984,892,1847.58,4944,1660,1037,8478,69864,37219,9438
2016,1,12,593,90309,45679,7751,47924,1847.58,753,1774,3569,7298,19190,25477,40542
2016,1,13,75643,36623,59239,64637,78196,1847.58,3257,4826,1606,9616,92809,48849,20971
2016,1,14,74242,19106,94675,30279,79693,1847.58,3849,1166,2551,5880,88034,14678,30892
2016,1,15,52774,35141,72710,36343,18785,1847.58,1819,1566,1956,7409,75415,20520,23000
2016,1,16,58380,45025,347,39987,9829,1847.58,3835,4069,3613,9862,30699,16620,9509
2016,1,17,47106,64549,4943,51009,76781,1847.58,2834,4554,4468,5543,65896,29604,42977
2016,1,18,64896,94069,90384,7221,81478,1847.58,2741,4857,2174,8087,96195,37002,32151
2016,1,19,53948,51383,37424,82562,17597,1847.58,2218,4701,4023,8670,15709,25803,18123
2016,1,20,21490,18545,55358,65958,10440,1847.58,1914,1686,1674,8649,98907,13151,37607
2016,1,21,50800,26649,69361,94326,71088,1847.58,2680,1430,3290,5103,23948,17238,31908
2016,1,22,53227,31167,31941,18602,59680,1847.58,4404,1168,3897,6114,63477,25689,14002
2016,1,23,53721,25392,17376,1747,10393,1847.58,1249,1191,4282,9910,71869,30370,16283
2016,1,24,98870,19550,55406,32160,21005,1847.58,4398,4230,1871,7690,92831,36550,45706
2016,1,25,28044,53589,67719,43294,69703,1847.58,3982,4774,2939,5428,41520,49684,47549
2016,1,26,35345,72770,77228,94627,89732,1847.58,1348,3601,4997,6220,37112,12014,49097
2016,1,27,8811,52863,96585,52035,16905,1847.58,3584,4948,4356,5320,88241,45410,5769
2016,1,28,70204,73576,85185,59495,76285,1847.58,4178,2980,2177,6406,38959,21909,43057
2016,1,29,1855,80308,26863,86853,93414,1847.58,4206,3575,3189,5790,70609,16445,30327
2016,1,30,11559,25547,11394,70915,48202,1847.58,2676,4756,1836,7860,10602,48550,15987
2016,1,31,77269,86134,26531,9447,38892,1847.58,2707,2097,2149,7438,43949,21914,15490
2016,2,1,53156,90490,20789,75299,77452,2456.79,1856,2997,4979,8256,67550,47318,37235
2016,2,2,6800,18659,53232,41013,45613,2456.79,3280,1745,3312,7726,86988,10153,1782
2016,2,3,91786,44087,22303,82707,4388,2456.79,3954,3895,1058,8822,49193,28509,44217
2016,2,4,78329,36050,97859,9661,26525,2456.79,1978,3324,1702,6998,74336,46030,15409
2016,2,5,61992,8969,77777,56656,53048,2456.79,3160,4832,1686,7290,27539,29590,31117
2016,2,6,66032,97846,3486,83442,5292,2456.79,1950,4972,1431,9808,19274,47956,19031
2016,2,7,41569,66611,97633,41987,76820,2456.79,3017,1366,2288,8610,28169,11030,38321
2016,2,8,63262,77683,11521,88465,49498,2456.79,4406,1880,3256,7891,15322,17104,39060
2016,2,9,23274,77273,58520,44705,53434,2456.79,4012,1398,1113,6644,53340,44285,34504
2016,2,10,94965,41358,15800,8606,39855,2456.79,3940,3115,3003,7510,91579,15438,10322
2016,2,11,25872,42338,35733,95480,96581,2456.79,768,4853,3327,5250,64558,48112,1055
2016,2,12,29755,73571,9466,97220,96568,2456.79,1504,1531,1038,7322,18678,10368,12806
2016,2,13,33978,75430,63485,88333,62242,2456.79,2184,4465,3753,7916,16296,10333,21416
2016,2,14,95324,86676,30188,23651,48279,2456.79,3114,3032,1019,7579,91603,47586,11098
2016,2,15,26738,33109,5471,47252,23117,2456.79,2620,3445,3739,7456,61777,25981,21959
2016,2,16,58872,70314,96799,88977,14582,2456.79,662,4904,1122,8834,49906,30752,13095
2016,2,17,89651,88021,58785,90670,51953,2456.79,4608,3689,1199,5622,25940,39315,16740
2016,2,18,48389,49913,12761,62129,37369,2456.79,4461,2592,2554,5066,17920,42136,40890
2016,2,19,80706,33583,18393,13180,95784,2456.79,3931,1762,2671,9067,92455,24623,18300
2016,2,20,35808,97064,3313,52007,23494,2456.79,2674,1881,1044,7094,50361,32886,29254
2016,2,21,27677,4823,61831,5231,72434,2456.79,3718,4491,3333,8474,82670,25468,29751
2016,2,22,16763,92955,10903,89434,62022,2456.79,4057,4180,1772,7452,66187,13244,3358
2016,2,23,79327,73862,28499,74845,10648,2456.79,4082,4675,1386,5912,59906,38820,45213
2016,2,24,65663,89977,74664,95348,38440,2456.79,816,1678,1639,8070,44635,45013,23686
2016,2,25,67780,75045,59194,84552,8766,2456.79,1168,3092,1945,6018,79288,42593,41733
2016,2,26,97583,3371,97269,13970,89283,2456.79,4141,1296,4855,7618,66644,18294,23527
2016,2,27,67490,3813,73497,50482,51883,2456.79,998,4661,1768,9384,20564,34644,34484
2016,2,28,12773,61733,39089,44718,64103,2456.79,2310,1685,3098,7518,92006,27380,18377
2016,2,29,90810,11148,15030,70665,21304,2456.79,632,1222,1837,8807,55625,14906,48026
2016,3,1,67472,89733,55522,38512,10297,1912.71,1283,3380,1222,6000,52482,30334,6518
2016,3,2,99664,30520,18434,595,22526,1912.71,2755,3672,3546,8420,71327,41571,12166
2016,3,3,83732,76473,93409,78891,32098,1912.71,4884,4569,3211,6630,38080,13507,13480
2016,3,4,86923,5716,51888,48881,1716,1912.71,4215,1378,1241,8010,18324,40119,20723
2016,3,5,26166,26081,40144,19713,20853,1912.71,2635,1880,2943,8422,99825,36392,11472
2016,3,6,84524,41062,52314,54088,21467,1912.71,2594,4740,2460,5834,73621,14176,6746
2016,3,7,22909,19189,31907,74150,83189,1912.71,4268,1420,1311,6182,61769,13515,1926
2016,3,8,32236,89406,34451,36531,26802,1912.71,2922,2676,1688,5236,81763,13154,1266
2016,3,9,31982,15711,54247,44443,17897,1912.71,4970,1618,3407,6876,14953,46595,27868
2016,3,10,57108,95575,88654,49771,32691,1912.71,3285,4925,1179,8184,11710,49332,1722
2016,3,11,64715,90730,27010,56403,15966,1912.71,908,4299,1678,5270,25093,17470,8773
2016,3,12,84375,16416,99535,47783,23292,1912.71,729,1751,1414,9382,62873,25456,30841
2016,3,13,66158,42512,40382,22337,56599,1912.71,1669,1313,3917,5030,94067,31235,8189
2016,3,14,90155,79977,45535,30990,36484,1912.71,4719,1724,3394,9254,84991,26685,36980
2016,3,15,20095,95722,39789,62861,95104,1912.71,3316,1260,1525,5049,99949,18123,2663
2016,3,16,53238,37971,55789,18507,19353,1912.71,4741,4506,1184,5275,40495,32667,49857
2016,3,17,48607,46568,19877,52001,35822,1912.71,758,2267,1188,9662,51479,12044,4869
2016,3,18,53841,6148,89658,15366,17549,1912.71,4841,2137,1150,5629,11296,29632,5959
2016,3,19,71838,5386,89139,18022,67013,1912.71,688,1248,2553,6917,67619,44726,45987
2016,3,20,41786,62658,33346,58727,13837,1912.71,2122,2676,2323,6779,99394,41223,34825
2016,3,21,99090,65588,28361,59370,87569,1912.71,4001,4406,4388,8994,77427,12812,34004
2016,3,22,90479,94469,22021,99384,31386,1912.71,4109,4522,3649,7454,64600,32485,39640
2016,3,23,78631,51723,66514,85954,44855,1912.71,2176,3943,2846,5536,13282,35415,32260
2016,3,24,5892,58667,11174,45281,3159,1912.71,1681,4988,4420,8054,18752,47157,38601
2016,3,25,96045,53481,53032,64694,47287,1912.71,3530,1842,4354,6902,28221,14208,17632
2016,3,26,28656,71750,74504,76503,43638,1912.71,3269,4529,1483,9442,94809,11996,27817
2016,3,27,44395,62843,82335,60168,69248,1912.71,2324,1194,1538,5846,46337,25176,41706
2016,3,28,77988,9868,51094,63694,56264,1912.71,4253,4919,2416,8757,77773,11053,45667
2016,3,29,62926,6043,60583,15761,61837,1912.71,1754,2582,1884,7190,82749,20184,21744
2016,3,30,78498,90075,85477,40036,66783,1912.71,1564,1121,3032,9009,24815,30648,48166
2016,3,31,44676,35421,15568,12092,4178,1912.71,3145,3455,1478,5686,99215,43922,43341
2016,4,1,70970,32857,39113,41410,15607,2394.1,4907,2032,1125,6294,88814,18590,9298
2016,4,2,74211,66288,83675,23220,91103,2394.1,2895,1523,1241,9986,47052,11876,14323
2016,4,3,19484,46860,71668,19564,46076,2394.1,2738,3396,4798,6850,91158,46756,31942
2016,4,4,22500,27418,85141,83625,20064,2394.1,4266,4274,1593,5892,17493,47696,23955
2016,4,5,23616,85389,90572,69858,81728,2394.1,790,2562,1680,7630,53477,46910,3976
2016,4,6,12104,61216,80307,43254,24419,2394.1,598,3269,1934,5149,46894,35297,37817
2016,4,7,65456,72513,45924,22050,81806,2394.1,1097,1714,1326,6050,91630,13236,13417
2016,4,8,46996,33773,80799,64183,63935,2394.1,1092,1038,1843,7751,35643,10482,34277
2016,4,9,11920,25654,15884,27154,17155,2394.1,3802,3962,1641,9460,37363,33447,12778
2016,4,10,88142,23461,38869,69651,16481,2394.1,2886,4827,1254,6006,44010,44557,46851
2016,4,11,64314,71455,36948,76157,95558,2394.1,3770,2477,4595,8110,50982,31750,22591
2016,4,12,23783,29785,47065,75424,54510,2394.1,918,4002,4239,8190,28653,40719,34428
2016,4,13,10941,77892,36899,7916,7929,2394.1,2472,3593,3715,9419,81102,30624,47261
2016,4,14,78362,26225,88102,92958,87230,2394.1,1059,2363,1822,8123,19138,39728,5436
2016,4,15,72551,44362,15084,96790,24804,2394.1,3860,2096,2979,7110,60011,12260,10089
2016,4,16,4372,12484,67206,73087,18255,2394.1,566,1615,1776,8164,89572,44464,14660
2016,4,17,13600,30632,21828,15172,35107,2394.1,1251,2656,1679,6334,20797,26482,7319
2016,4,18,46423,91010,78579,755,98121,2394.1,4366,2491,2424,5856,91929,16310,4942
2016,4,19,27584,61992,98647,18467,36508,2394.1,4283,1459,1554,8950,81630,36660,4571
2016,4,20,24781,52882,10670,26460,39217,2394.1,4294,1990,3828,8458,19096,36948,47819
2016,4,21,19167,98463,39440,2943,61387,2394.1,4973,3969,4711,9971,23787,46219,47721
2016,4,22,24542,53071,12679,92448,20534,2394.1,930,1282,3541,6129,88125,19109,44309
2016,4,23,53948,73772,21101,9128,37996,2394.1,1075,3513,1334,7494,76456,32749,40197
2016,4,24,49587,97782,38071,59299,17753,2394.1,1869,3645,2632,9104,51093,34517,28210
2016,4,25,45208,62906,29831,25101,85387,2394.1,4210,4333,3078,5310,64813,12426,34308
2016,4,26,21859,10889,52292,93222,12756,2394.1,970,3693,2880,6422,54343,10632,28748
2016,4,27,58603,76213,35631,6235,27112,2394.1,751,3670,1970,6933,13771,10998,3076
2016,4,28,87594,57982,7052,12024,39644,2394.1,4449,2853,4105,6196,87427,11860,21865
2016,4,29,71841,29750,6906,31074,10143,2394.1,1705,1686,3813,7384,91330,47277,11250
2016,4,30,46763,98434,85948,12743,51719,2394.1,930,4311,1642,7512,51335,30046,16071
2016,5,1,42137,24253,74834,85230,11680,2442.84,3422,2780,4951,9000,67922,37552,3046
2016,5,2,12553,53019,41366,56241,60701,2442.84,3002,1970,1894,8418,27204,14034,38643
2016,5,3,12558,82868,47417,16422,34203,2442.84,2150,2691,4418,6983,77920,12449,43815
2016,5,4,70030,67695,20231,96333,88542,2442.84,3884,1094,2523,6434,73686,34575,4505
2016,5,5,80245,93041,10062,37539,41490,2442.84,4550,4047,1484,8318,86820,20687,37266
2016,5,6,68486,78971,79731,2904,62307,2442.84,1705,2335,1697,7770,45019,30238,24003
2016,5,7,6440,28904,47685,80315,70505,2442.84,4890,2100,1536,5242,18582,22252,21371
2016,5,8,94921,15542,42652,31405,73860,2442.84,3443,3696,4794,8173,77952,37100,29473
2016,5,9,72177,59658,35788,13874,77945,2442.84,936,1480,4709,8148,81050,30214,30807
2016,5,10,45871,12293,63667,92986,69948,2442.84,982,4867,3846,7889,96271,24057,18306
2016,5,11,53714,31068,49107,78509,29241,2442.84,608,2768,3067,5614,47993,31011,27059
2016,5,12,82203,8458,81747,8265,32958,2442.84,4830,1502,2792,8496,88165,27739,29149
2016,5,13,36802,53404,58959,37000,77645,2442.84,2409,1358,2649,5744,19742,48241,21583
2016,5,14,19926,91827,66011,22993,93223,2442.84,720,1730,2460,8434,83689,21769,14004
2016,5,15,97603,88520,66950,5395,73368,2442.84,4486,1521,4869,8444,63520,18865,21467
2016,5,16,46379,7282,50224,49028,149,2442.84,2269,1425,3268,9631,75769,27842,26442
2016,5,17,93635,96125,53268,32448,14579,2442.84,4216,2180,3179,7517,33926,47899,3309
2016,5,18,58984,33413,74421,205,8210,2442.84,854,4587,1574,5645,19967,28074,4293
2016,5,19,78440,17237,30853,63060,13220,2442.84,901,1853,4098,8486,39300,19446,22974
2016,5,20,80182,59870,78561,54714,63739,2442.84,2612,4074,2251,7032,55630,20460,12487
2016,5,21,31325,91053,25048,9251,93051,2442.84,3677,1489,3602,7118,34548,16356,11367
2016,5,22,73855,91802,15028,9305,2323,2442.84,4332,2504,1900,8498,53569,26991,20680
2016,5,23,66732,56182,66066,28983,33214,2442.84,794,1788,2748,6798,12994,22150,21696
2016,5,24,18561,10170,93640,97163,77403,2442.84,682,1256,2692,6715,76913,10040,44540
2016,5,25,7395,36246,53872,70648,6843,2442.84,2638,3573,3621,7416,18907,13186,7441
2016,5,26,1751,34702,10428,30851,91895,2442.84,3000,1846,3440,5992,23969,37194,16920
2016,5,27,7531,45658,88452,60224,82373,2442.84,1590,1118,2961,5461,76765,24803,15365
2016,5,28,9254,90756,14729,89227,70811,2442.84,2412,2561,3336,9191,19763,10231,33636
2016,5,29,62464,72765,70686,22256,52108,2442.84,4450,1990,1274,8516,36213,39035,44655
2016,5,30,29618,84156,61507,63931,85969,2442.84,758,1838,1546,9814,84447,16189,38272
2016,5,31,53451,3212,5103,38139,48755,2442.84,3369,1217,3982,5407,33473,16089,24867
2016,6,1,92924,42080,53078,57177,94645,3213.77,3145,1278,4970,6864,81119,16494,42113
2016,6,2,88514,92693,69974,8329,93492,3213.77,3130,1702,2617,6268,45457,48835,36163
2016,6,3,30991,56675,79170,32750,6500,3213.77,4162,1558,3690,8591,89302,14686,45259
2016,6,4,7057,8800,9839,77027,92228,3213.77,1620,1490,1526,6402,10850,43493,7310
2016,6,5,74109,99903,6549,98078,32524,3213.77,1912,3513,1383,6081,12614,47883,18358
2016,6,6,87692,58129,80010,7734,56721,3213.77,3772,3776,3111,8610,40802,20338,19313
2016,6,7,72272,58776,67432,88626,30369,3213.77,3471,1666,4106,5019,18905,21629,39204
2016,6,8,89729,65818,1495,31112,8251,3213.77,702,2294,2236,5356,20027,45308,14109
2016,6,9,61021,58800,9085,39132,23762,3213.77,822,2385,1526,9605,16310,21734,16240
2016,6,10,98809,15834,92564,87915,20853,3213.77,895,1932,3638,7389,58044,18240,11469
2016,6,11,57850,53391,30535,30087,45099,3213.77,798,1118,1436,6718,61602,15827,16915
2016,6,12,83423,3777,78213,8437,13382,3213.77,710,2189,1408,9085,16456,48612,45575
2016,6,13,16907,58704,75546,10545,86094,3213.77,3784,3942,4683,5671,90380,14782,49942
2016,6,14,42586,82128,87253,84651,99311,3213.77,964,2732,2630,5041,15050,16011,48855
2016,6,15,56969,87691,94554,68377,93129,3213.77,3340,1398,1064,5237,36930,38509,27362
2016,6,16,75179,82067,48805,94863,57738,3213.77,996,1674,2663,6506,10670,13330,39185
2016,6,17,28456,68155,36058,81086,29549,3213.77,3449,1516,2620,8718,71244,40748,43578
2016,6,18,1716,20937,67135,4132,46175,3213.77,2641,1352,2482,5810,32566,10220,4065
2016,6,19,96982,24915,93247,34646,4516,3213.77,2970,2970,4078,6230,30407,17262,44572
2016,6,20,83958,93857,11495,47930,84563,3213.77,614,1277,3674,8682,13532,16200,32739
2016,6,21,92580,99403,3906,95063,40848,3213.77,1634,2828,2738,9770,88825,32253,36472
2016,6,22,75805,93149,31576,54883,33529,3213.77,4860,3837,2191,5446,81767,13516,11983
2016,6,23,90445,86797,59384,10471,58961,3213.77,1671,2891,1102,9366,62953,22745,16145
2016,6,24,33400,50940,76926,27490,32173,3213.77,4742,2976,3899,5298,79210,42427,15752
2016,6,25,19653,59071,42617,91844,66777,3213.77,4948,3572,1180,5534,84042,36492,24384
2016,6,26,6828,77066,54384,88726,57642,3213.77,2822,2393,4628,9506,34882,16800,33690
2016,6,27,70500,60978,41129,45751,18647,3213.77,3177,3298,1530,6414,46493,28888,20339
2016,6,28,21530,11443,52461,32710,68478,3213.77,553,1250,3568,6288,80382,37562,36504
2016,6,29,39978,8206,11308,40959,12954,3213.77,4110,4804,4870,5239,45554,17044,12542
2016,6,30,51930,84,13168,47691,97229,3213.77,1578,3757,3807,9039,67818,22284,26014
2016,7,1,3372,47590,61815,9661,44325,2058,989,2529,2035,6608,81834,11868,15729
2016,7,2,97411,81639,95800,12650,43545,2058,4578,3627,3836,8620,40855,19708,4317
2016,7,3,71552,59614,63657,66943,43784,2058,3836,2155,4882,7002,73167,44206,35941
2016,7,4,42732,55509,13088,36119,78809,2058,2047,1218,4263,7847,10448,11258,11274
2016,7,5,58516,86150,96435,58704,14771,2058,3552,2673,4606,8560,69615,23390,3642
2016,7,6,34502,84804,36898,50736,61806,2058,4941,4536,1924,8770,40655,27084,26417
2016,7,7,52006,32703,69655,61269,36902,2058,4075,1698,2375,6861,70472,17004,24874
2016,7,8,80503,89026,11171,10110,87586,2058,4851,3438,1186,6748,89173,43745,30786
2016,7,9,63165,467,48283,61441,41199,2058,3525,3203,2991,8179,54471,24893,38938
2016,7,10,99406,84899,86663,76781,28112,2058,564,3614,2511,5608,35075,16449,23487
2016,7,11,9937,34927,21240,91877,88027,2058,621,1190,2231,7816,12630,34782,26766
2016,7,12,89193,67508,77986,43537,92040,2058,4781,1444,1094,7795,84576,28171,48810
2016,7,13,11282,86206,86786,90146,99005,2058,1594,1198,4490,8380,17168,27516,38213
2016,7,14,20951,52790,28707,48183,53046,2058,4316,3589,1548,7301,17070,33587,7689
2016,7,15,92463,53259,41384,42523,91054,2058,693,3687,3516,7670,17674,43872,42312
2016,7,16,78395,81779,69165,67885,75964,2058,810,1914,1922,7478,61448,24870,2685
2016,7,17,64499,10765,83461,6047,54418,2058,985,3232,1638,7368,11518,12601,1938
2016,7,18,56032,42800,81289,84548,82982,2058,4771,1375,3250,9494,29259,14214,40121
2016,7,19,32972,91012,77481,4798,81470,2058,4667,2319,1044,6264,84718,36813,5281
2016,7,20,31418,40704,46,86614,54425,2058,4214,1850,1302,6855,11355,14283,22152
2016,7,21,53328,72479,25659,41579,2767,2058,2144,1484,2280,9624,56886,10101,21270
2016,7,22,54905,86555,22422,37301,16034,2058,4113,2450,4194,8326,34063,34970,7140
2016,7,23,29015,99631,45427,10318,46486,2058,4600,1164,1232,8598,57742,14729,23134
2016,7,24,71529,79887,16820,50162,95863,2058,534,2118,1066,9035,17702,26293,23706
2016,7,25,72527,94885,40096,36722,1748,2058,1691,1532,1493,6948,41078,19330,40512
2016,7,26,22955,15680,85495,84919,32291,2058,4647,1430,4475,6466,70331,35338,43238
2016,7,27,40173,80595,2457,16784,29630,2058,4428,2156,3111,9524,55229,19858,6876
2016,7,28,40036,43273,66972,46529,93095,2058,858,1048,1446,5438,15606,22371,8051
2016,7,29,60942,50615,92542,418,33433,2058,755,3604,4819,9136,13490,11610,12874
2016,7,30,77791,16169,24309,95902,65693,2058,2111,2079,4162,9083,84959,32256,29538
2016,7,31,7134,818,64657,63567,18523,2058,937,4463,2589,9670,96232,16021,15624
2016,8,1,48340,55979,83875,2904,79071,1552.26,693,1974,1370,5904,77283,19756,6028
2016,8,2,25059,99363,49036,24142,675,1552.26,2626,2843,2299,9606,36365,27922,47644
2016,8,3,63482,32182,76864,8313,44766,1552.26,2367,3105,1567,5198,96008,10637,9238
2016,8,4,38622,76702,5876,85309,69649,1552.26,754,1059,3873,9238,35200,49547,49511
2016,8,5,58212,99180,17391,20512,10372,1552.26,4785,1710,3641,8001,98517,13406,20109
2016,8,6,33591,47237,56512,65158,96183,1552.26,794,1155,1156,8021,36464,31573,18872
2016,8,7,97533,31646,42633,12758,8567,1552.26,3656,3129,4716,9622,19992,36439,44186
2016,8,8,32507,1131,26645,67500,59132,1552.26,906,2721,3750,7548,57878,34932,41514
2016,8,9,72642,50025,36089,34567,48046,1552.26,2491,1929,1108,5934,74686,45467,38905
2016,8,10,52014,3343,28598,61730,65742,1552.26,3168,4599,4719,9390,82099,25202,48590
2016,8,11,82679,29358,34276,71429,49479,1552.26,2713,3471,3529,5153,89389,22927,8506
2016,8,12,14058,71882,84857,50959,29710,1552.26,1426,1722,4237,5530,59803,44978,25896
2016,8,13,6317,74324,59579,72389,15489,1552.26,2590,3167,3738,7494,85947,12894,8030
2016,8,14,56724,75013,91689,15254,166,1552.26,4532,1158,4310,5740,97885,49019,31078
2016,8,15,31636,94312,97094,10874,52039,1552.26,2203,3354,1220,8133,30742,46708,6897
2016,8,16,6163,44686,61228,9901,92904,1552.26,4469,4626,3539,9326,81231,38705,47176
2016,8,17,68587,35764,85632,37898,91505,1552.26,1916,3139,4179,5942,50364,46217,33517
2016,8,18,7259,22569,20925,38479,87054,1552.26,1539,3216,2703,9118,19468,11222,1667
2016,8,19,26294,15290,55234,64834,86447,1552.26,4890,1385,3580,7522,18574,30084,36465
2016,8,20,5391,62551,19576,99570,12913,1552.26,2139,1438,1766,6136,75001,12265,36293
2016,8,21,51082,92893,21834,63786,72012,1552.26,4391,4656,2943,7878,95841,25742,7655
2016,8,22,77442,32084,47128,66022,53958,1552.26,2457,1408,1274,8384,75268,48224,6410
2016,8,23,84677,53760,84748,26241,53175,1552.26,3506,4256,1410,5574,84393,14722,26101
2016,8,24,17994,53785,88365,7290,11114,1552.26,3031,3554,2641,5366,70927,36598,34207
2016,8,25,2920,49737,78650,38231,48121,1552.26,2806,4149,4029,7820,75389,27204,3919
2016,8,26,96359,30248,81461,81704,90588,1552.26,832,4932,1988,7560,48573,13454,32206
2016,8,27,44334,31605,68361,93328,78115,1552.26,1277,1033,1530,9864,35616,19848,39288
2016,8,28,45198,54775,18998,69227,75033,1552.26,1430,1390,1982,8494,69445,47925,10739
2016,8,29,26448,41209,89210,78790,84984,1552.26,2243,1348,1488,9814,55348,13854,37784
2016,8,30,66244,51626,61240,71620,26553,1552.26,1467,1749,4334,6816,40976,18742,13208
2016,8,31,3907,3759,47109,61245,64354,1552.26,521,1610,4113,9472,85941,18202,16554
2016,9,1,28186,21118,54606,55142,76466,2295.53,2736,4443,1051,9355,70995,18526,18460
2016,9,2,67175,59098,93593,60343,74,2295.53,4249,1534,2770,7410,84536,49323,19311
2016,9,3,67368,91690,23437,82099,77631,2295.53,964,1640,1354,5569,77308,29172,48886
2016,9,4,40382,15046,73616,36433,40753,2295.53,2042,4279,1094,7978,84621,36484,10963
2016,9,5,41298,65223,56669,74069,7069,2295.53,4743,4435,4245,9532,72885,26876,7557
2016,9,6,94770,40202,49044,47476,62123,2295.53,2999,2503,2749,5942,55287,14853,42705
2016,9,7,43930,33683,39133,80341,5670,2295.53,1825,3318,1342,9845,53738,12396,23755
2016,9,8,47402,9835,3184,13000,5719,2295.53,4875,1839,1269,5270,80666,28392,26069
2016,9,9,47975,73667,97248,22076,56633,2295.53,1929,1913,2569,9682,97254,16486,2536
2016,9,10,16168,14080,87909,37849,20277,2295.53,1006,4029,2833,9780,97028,39903,8000
2016,9,11,45849,53256,23095,78471,74879,2295.53,1862,4204,2426,8228,61280,13462,3761
2016,9,12,22997,14562,67325,41918,6975,2295.53,650,4494,1206,8842,77342,31637,14579
2016,9,13,12416,43939,15668,96601,13719,2295.53,2855,1848,3655,5949,54389,39885,29048
2016,9,14,29710,11252,29090,23489,81713,2295.53,3899,1061,1282,7575,62978,28257,40370
2016,9,15,38507,29487,67752,49868,255,2295.53,1505,4021,1562,7058,41973,35454,11446
2016,9,16,42572,44829,11374,57579,87130,2295.53,2463,3190,3365,6553,56678,41429,15763
2016,9,17,83275,46930,28843,4558,20858,2295.53,2814,4363,2659,6917,18470,37913,41822
2016,9,18,94715,90736,83287,98,20612,2295.53,1903,3183,1439,6562,37113,23568,25260
2016,9,19,45391,84578,6759,55108,77483,2295.53,2889,1522,3070,6954,81665,30279,29790
2016,9,20,99905,30832,39643,53916,64101,2295.53,1828,3814,2312,5894,75264,42924,15226
2016,9,21,16726,27168,56108,3165,6797,2295.53,3084,3538,1012,9843,23646,37983,9573
2016,9,22,95985,86536,65093,55407,94619,2295.53,686,4523,3941,6750,48438,16092,13110
2016,9,23,56906,56620,33209,29219,48086,2295.53,2142,1163,1991,9212,84327,17584,8473
2016,9,24,4174,77413,27327,14676,93608,2295.53,4010,1896,1758,7414,77701,14829,17325
2016,9,25,63565,13388,75705,57506,21421,2295.53,1898,3325,3466,5862,15096,27903,40496
2016,9,26,89931,46038,59067,41923,40639,2295.53,2061,1164,3510,8784,92191,13469,9747
2016,9,27,11712,27554,85765,81923,28009,2295.53,3104,1572,3205,8808,65429,14625,13466
2016,9,28,95656,13680,92951,9122,95139,2295.53,2025,1420,2883,9802,43342,19874,16847
2016,9,29,22190,60405,81039,92052,21144,2295.53,520,4207,2134,5166,47481,45142,39582
2016,9,30,4751,10586,53067,97956,65747,2295.53,3932,2753,3527,7558,86875,10017,18496
2016,10,1,90253,61438,17965,52696,4781,2498.9,1237,1536,1894,6586,19031,24809,37839
2016,10,2,38810,68239,58296,96446,32073,2498.9,1195,4009,2856,5502,41107,15418,3439
2016,10,3,44435,18862,56232,82670,5737,2498.9,1397,2340,2685,5713,65035,48817,16249
2016,10,4,93552,72625,96706,28780,55914,2498.9,4940,1074,1679,8236,15048,48751,32090
2016,10,5,48027,25068,7762,20883,40570,2498.9,3586,1356,4081,9422,84025,12348,15221
2016,10,6,33770,21775,18510,11456,77489,2498.9,1624,1039,2521,9682,16171,44786,49898
2016,10,7,71772,2464,72213,88451,30700,2498.9,3554,3725,1151,7667,15960,28072,46085
2016,10,8,42888,60899,79429,26970,62069,2498.9,4490,1684,1580,8000,23644,29068,29806
2016,10,9,84250,50270,66460,73123,6304,2498.9,4261,4426,1446,6473,82876,32145,48983
2016,10,10,2558,52783,27224,40061,30450,2498.9,4485,4689,1762,8790,33010,32501,9536
2016,10,11,10072,82501,94692,28004,50501,2498.9,3423,1101,4956,9882,24224,41259,18336
2016,10,12,5218,58486,85686,6664,81311,2498.9,670,1830,2696,8735,40280,34498,34915
2016,10,13,58271,74766,74188,78705,21384,2498.9,2557,1454,1049,9022,59457,22902,7198
2016,10,14,90585,99233,24004,91893,5467,2498.9,3152,1376,3064,5189,17346,17530,48228
2016,10,15,86456,88860,20948,40505,87595,2498.9,1354,1740,2345,5541,40921,23728,11228
2016,10,16,39091,18479,21535,45140,7080,2498.9,3041,2663,1575,8397,11824,16398,47344
2016,10,17,6625,5412,12726,46042,90602,2498.9,1768,3408,1634,7715,33912,39229,46424
2016,10,18,65295,75267,1447,33992,7160,2498.9,4071,2601,2197,5605,24093,10198,8720
2016,10,19,59301,58487,98292,55876,16884,2498.9,2917,4860,1934,6994,85901,32915,20552
2016,10,20,49770,69022,26325,1405,56737,2498.9,633,3382,1855,8431,72374,25366,26589
2016,10,21,17151,12798,54321,10700,74756,2498.9,1328,4055,3251,5971,89931,20135,28414
2016,10,22,46523,64201,26348,72486,67547,2498.9,810,2315,2621,8076,18719,20709,28601
2016,10,23,24666,75705,9092,92873,50488,2498.9,4590,2637,1967,8910,94689,13846,47818
2016,10,24,33676,22370,35778,86928,48341,2498.9,2062,1215,1260,6828,15862,23806,42061
2016,10,25,12010,5453,7475,25983,69882,2498.9,1691,4546,3250,8566,87418,18737,26194
2016,10,26,36305,72009,52728,63272,10920,2498.9,4993,1902,1137,7122,47873,34477,13769
2016,10,27,59184,21288,62045,65444,4697,2498.9,602,3057,3901,6162,75391,15158,12097
2016,10,28,5622,88435,48329,40224,26922,2498.9,636,3225,4106,8040,42848,11086,2099
2016,10,29,41809,7842,12325,27946,24964,2498.9,3774,4146,1485,7171,65942,10162,10198
2016,10,30,19268,37897,51944,3169,17325,2498.9,3302,4297,2121,6550,79521,18094,43687
2016,10,31,73729,4835,38620,14188,99227,2498.9,1916,2386,4308,9622,13534,30623,31468
2016,11,1,80458,31123,68628,37629,13417,2359.67,3248,1312,1624,5546,68636,15846,37513
2016,11,2,66072,7934,47968,87702,3807,2359.67,2782,4992,1980,8321,24218,43447,23362
2016,11,3,90238,81605,49108,831,83288,2359.67,2972,1702,2204,5912,34077,40620,29731
2016,11,4,76816,7326,91933,48976,95,2359.67,4821,2517,1206,5586,86570,10034,26921
2016,11,5,52502,64353,30006,14482,89026,2359.67,2928,4263,2180,6784,96445,14622,20576
2016,11,6,19470,770,48269,46675,90073,2359.67,3646,1887,1023,7754,32214,22469,32347
2016,11,7,88852,97036,4987,6410,26176,2359.67,2774,3676,2261,7779,19028,11287,41558
2016,11,8,44707,67438,56903,13239,7177,2359.67,534,1646,1902,6662,73320,26892,19700
2016,11,9,12025,76967,60132,18049,5250,2359.67,1869,4101,4381,7454,16630,31909,42347
2016,11,10,69766,28285,10586,42027,2416,2359.67,4665,3474,3884,6567,76712,11061,20096
2016,11,11,46267,58123,54060,33087,87802,2359.67,1330,4825,1404,6462,34225,25947,27380
2016,11,12,78809,91096,36401,84542,52952,2359.67,1450,2716,2899,6786,81094,16666,3263
2016,11,13,63484,761,80141,83720,77328,2359.67,1132,4946,1327,5191,89384,19128,6854
2016,11,14,8923,15716,18955,45973,2178,2359.67,3271,2337,1262,9352,81878,13577,3180
2016,11,15,94286,98330,52646,92185,41718,2359.67,3851,1552,1714,5343,21623,44531,1638
2016,11,16,62197,32757,830,9877,14300,2359.67,4004,3222,2281,8630,69194,40810,6567
2016,11,17,33843,73818,54500,94469,14841,2359.67,4398,4125,1058,6800,10550,42775,36378
2016,11,18,43488,26514,30680,94340,31857,2359.67,3871,1650,1411,6052,20281,15710,2304
2016,11,19,62619,65638,38933,1252,29949,2359.67,3413,3790,3295,5834,74610,13135,24479
2016,11,20,49291,99009,38614,349,92405,2359.67,4476,1792,2788,5270,46583,30996,6276
2016,11,21,8811,1807,41402,10222,57859,2359.67,932,1938,3672,9798,21728,39972,28035
2016,11,22,22048,96495,70115,20343,9407,2359.67,4830,1846,3733,9600,75397,19982,44725
2016,11,23,61071,1226,88381,60211,41381,2359.67,1206,1543,3121,8960,76764,10980,34964
2016,11,24,26995,2697,47810,87019,266,2359.67,1990,2312,2383,7104,59006,41790,35890
2016,11,25,8182,25189,66839,51915,29984,2359.67,755,1053,1164,9135,51263,33897,8588
2016,11,26,60452,58823,441,13573,7783,2359.67,904,1128,1253,8713,54499,46518,27205
2016,11,27,74604,31490,18831,56987,94947,2359.67,542,3127,4377,8319,71393,49360,44189
2016,11,28,23259,92149,56767,99424,17636,2359.67,3320,4438,3203,7530,24363,14684,24382
2016,11,29,10965,65268,58467,23570,70334,2359.67,766,4936,1622,5269,18274,22104,12966
2016,11,30,49459,99756,91584,85188,48075,2359.67,4547,2684,2828,7665,87107,10938,29329
2016,12,1,20428,16255,31603,54188,40618,2067.87,1504,2237,3758,5730,92570,43075,38941
2016,12,2,41514,53859,20234,13135,88485,2067.87,3944,3239,1122,8272,52665,29602,42339
2016,12,3,15032,40351,83783,39049,43810,2067.87,1095,4237,1012,9050,34776,12470,39247
2016,12,4,74343,32633,84708,88101,54059,2067.87,1175,1923,2487,7760,41409,18662,43630
2016,12,5,60099,20355,40564,76725,838,2067.87,2678,1746,1283,6460,54917,10092,9582
2016,12,6,62060,42365,90682,83913,77767,2067.87,1382,2108,4442,7442,40208,44852,41811
2016,12,7,41072,87736,73128,4912,55497,2067.87,2235,1946,4891,8310,25022,35728,14538
2016,12,8,23732,97701,67950,90015,54162,2067.87,1459,1220,1582,7140,18166,18708,39219
2016,12,9,48951,62867,27810,39746,10309,2067.87,949,2732,2105,8164,72643,43953,18019
2016,12,10,88615,29879,75901,39858,60381,2067.87,1937,4112,4975,9886,90478,19136,17275
2016,12,11,99105,23290,1709,97040,46783,2067.87,2740,2084,1058,8934,51829,15448,18193
2016,12,12,84920,69132,75452,57026,43209,2067.87,2330,3174,1362,9582,88031,21056,14447
2016,12,13,26858,96321,55169,41833,56208,2067.87,2320,1663,1182,9028,85054,32070,12000
2016,12,14,63573,57795,44156,44631,74697,2067.87,3701,4615,1467,8314,32992,41027,12337
2016,12,15,24951,50324,89202,35627,59906,2067.87,1683,1762,4905,8203,28594,12464,43585
2016,12,16,40203,72267,50480,41844,17647,2067.87,540,1218,4680,8850,42201,34376,35535
2016,12,17,63110,10903,43993,60929,71408,2067.87,1956,1357,2307,7509,31984,14290,26985
2016,12,18,17447,55020,90328,23704,33223,2067.87,2519,4777,2540,6006,31620,41539,35275
2016,12,19,4885,21886,22758,14566,72659,2067.87,3941,2119,2213,5876,13047,29972,14959
2016,12,20,36271,31356,92682,79930,38866,2067.87,3494,2663,1036,5878,96366,29259,41018
2016,12,21,25449,98886,19037,49341,51884,2067.87,879,1768,1010,9989,87685,27903,17009
2016,12,22,11300,86627,46375,3513,45913,2067.87,4836,3534,1564,5046,78463,45994,9423
2016,12,23,33536,61959,35010,29573,52133,2067.87,762,3932,1612,9286,59624,14848,31376
2016,12,24,93932,50505,87969,99177,80494,2067.87,3432,1792,2279,9806,11657,24543,25654
2016,12,25,15581,11494,23078,22711,20364,2067.87,518,3899,4851,9718,99823,48335,1542
2016,12,26,51442,75007,58620,14407,1930,2067.87,4254,1730,1734,7222,11388,31944,18244
2016,12,27,92876,4821,90090,71507,60980,2067.87,1050,2911,4591,5479,15621,49955,18099
2016,12,28,53373,679,20207,33224,37097,2067.87,2910,4889,1387,5772,19295,13316,20030
2016,12,29,7478,48550,25529,92577,65772,2067.87,873,4998,3089,7766,46505,35420,3269
2016,12,30,99061,42556,28332,45004,78035,2067.87,1310,2759,1976,6094,80982,48079,43954
2016,12,31,67898,95246,2969,95637,84479,2067.87,3952,1955,2165,6726,84532,19289,38617
2017,1,1,91758,44288,78543,72720,90793,2121.48,3131,4699,3645,9486,44086,18950,13963
2017,1,2,60798,91846,79934,8666,89180,2121.48,2915,1562,3685,8551,85255,18478,44365
2017,1,3,13857,77211,55819,64689,78095,2121.48,594,4851,1504,5750,58922,26539,25108
2017,1,4,10350,47054,42592,68996,96541,2121.48,2945,3689,4874,8472,82354,34053,36678
2017,1,5,94948,91622,84831,8633,80174,2121.48,2285,4029,3647,6218,75069,41742,20086
2017,1,6,74564,76564,27946,60311,56599,2121.48,3202,1948,3921,5793,52295,46813,36869
2017,1,7,98823,56593,20503,93697,40824,2121.48,2749,1552,1670,8931,60755,41003,19210
2017,1,8,65369,38042,1385,29017,87498,2121.48,2110,3412,4369,5658,55075,25967,26455
2017,1,9,18276,8278,9268,68550,20423,2121.48,1714,1202,4507,8898,29292,25330,27915
2017,1,10,87779,23394,27454,98609,2326,2121.48,964,4045,3954,7410,13061,46451,4562
2017,1,11,155,16524,41216,85876,64284,2121.48,3195,2558,1848,7462,67459,15396,46291
2017,1,12,15378,99175,93290,49885,67744,2121.48,1566,1873,2327,5372,70481,14652,22582
2017,1,13,89934,92798,65050,48888,16499,2121.48,1690,3004,1982,9257,18880,25269,44464
2017,1,14,65549,47076,74181,2820,890,2121.48,513,2618,3517,7614,98854,41260,7992
2017,1,15,92737,56774,29486,55064,42146,2121.48,1067,3430,4116,8998,13669,41966,16320
2017,1,16,95580,41712,74972,22919,10969,2121.48,3187,2868,3630,8719,12040,40871,10204
2017,1,17,46712,72554,23491,36581,42708,2121.48,4193,1802,1906,7366,90506,37614,38697
2017,1,18,39998,26574,2397,49115,27691,2121.48,2432,3269,4128,9642,62539,35097,16066
2017,1,19,8959,60728,94318,98941,65799,2121.48,4812,3861,1078,9654,65442,37970,6358
2017,1,20,68351,59636,73414,63821,83314,2121.48,2786,4663,1845,6535,88777,14342,13921
2017,1,21,52601,96210,90510,26730,94966,2121.48,3178,1130,1086,8847,35568,45926,3049
2017,1,22,45206,41733,41140,56820,71387,2121.48,4789,1088,2568,8203,36260,32234,6582
2017,1,23,48476,54048,21898,71673,6935,2121.48,2560,4534,4587,6148,10490,14614,27027
2017,1,24,66118,47146,71181,96246,85994,2121.48,3523,2550,3480,9662,17506,36218,6749
2017,1,25,72597,99160,92307,71517,83715,2121.48,886,3541,1302,8026,36565,22252,44920
2017,1,26,35378,59126,81787,74966,88547,2121.48,2221,4664,2899,6812,67261,33892,1520
2017,1,27,36502,75785,81443,1334,41799,2121.48,3903,1502,2675,5134,18174,11182,2165
2017,1,28,7482,72366,66283,22800,80718,2121.48,1403,1094,3325,9541,14832,16871,2848
2017,1,29,60296,49634,37888,24548,79387,2121.48,3439,2240,2284,6234,49925,39083,5149
2017,1,30,58399,20182,69830,76074,82744,2121.48,3814,1576,2162,6448,45727,15768,38445
2017,1,31,95648,7131,90326,73973,66672,2121.48,844,3319,1334,8731,67866,18930,14090
2017,2,1,42658,8053,97517,98892,57979,2212.21,3641,4511,4133,6066,77254,27577,2952
2017,2,2,76233,83831,4740,52681,45910,2212.21,4680,3039,4296,8652,36062,33385,28971
2017,2,3,95849,79382,63460,90933,63600,2212.21,1164,1257,3676,8680,21500,21654,39272
2017,2,4,41633,95143,32518,97118,77561,2212.21,4694,3793,4953,5786,22825,11734,9772
2017,2,5,24757,87506,25254,10405,42511,2212.21,594,3358,3401,9952,29290,37000,27668
2017,2,6,29225,36807,43258,92901,41840,2212.21,906,4823,1252,6856,96940,15278,14759
2017,2,7,89547,21635,23958,99500,67421,2212.21,1713,3529,1992,6646,18933,25854,13136
2017,2,8,90986,29076,64214,80739,19028,2212.21,2739,4603,3014,7348,73855,19442,9856
2017,2,9,42107,21114,4677,34711,84537,2212.21,4875,1766,4602,8832,12580,23375,1617
2017,2,10,8320,94351,31905,75313,7669,2212.21,1166,1014,1264,6954,95744,31644,17190
2017,2,11,7940,29836,12600,70954,7185,2212.21,2158,1294,2568,6834,11606,16924,36456
2017,2,12,98451,21581,98892,54405,50413,2212.21,2779,1494,1768,9683,50396,39900,21530
2017,2,13,76874,67915,71259,89490,65999,2212.21,2485,1186,3190,6070,77594,20374,17003
2017,2,14,36541,69753,2369,60461,82939,2212.21,3917,2740,1316,8332,52144,14846,19074
2017,2,15,22043,29925,82503,37922,39608,2212.21,4173,2832,3516,5431,22322,49514,49251
2017,2,16,48787,59808,6156,61977,9893,2212.21,3702,2784,3501,8630,39597,36439,33750
2017,2,17,20145,24867,34180,77150,9028,2212.21,4567,2421,2600,7069,13630,22207,36325
2017,2,18,16320,95869,21393,66189,61301,2212.21,702,1526,4873,7462,88414,46118,10067
2017,2,19,71960,87117,25255,25462,4539,2212.21,3252,1034,4718,8784,18184,15097,14852
2017,2,20,31461,2752,62520,64061,86174,2212.21,2619,3844,1462,8032,85032,37734,14215
2017,2,21,50430,67088,64173,86656,55298,2212.21,2773,2256,4702,8768,69069,10593,2587
2017,2,22,39232,63675,1628,45302,92459,2212.21,1750,1110,3915,9269,17350,25088,19812
2017,2,23,19836,73302,60285,96271,63666,2212.21,4004,4094,3756,8177,12134,34053,45318
2017,2,24,67116,49875,11310,6819,24255,2212.21,3763,4837,1650,5390,41490,11482,46732
2017,2,25,21555,18241,9486,60470,73863,2212.21,1909,3697,3468,8545,12648,17133,13816
2017,2,26,23863,56677,97581,52619,71206,2212.21,3023,3320,4556,5550,45138,10334,14682
2017,2,27,77417,45254,1352,37822,30645,2212.21,2036,2198,2433,6521,29019,10430,42842
2017,2,28,46689,47281,61346,50157,25826,2212.21,3642,1040,4340,9846,35010,45545,17665
2017,3,1,4387,50219,26812,85072,11709,1480.74,2487,1962,4676,5078,87606,17748,48326
2017,3,2,7345,56157,86304,40218,1528,1480.74,1905,3807,1210,7061,90984,49312,3951
2017,3,3,70704,73377,40005,18278,24740,1480.74,533,4125,2120,7402,14196,13828,1903
2017,3,4,72023,76684,70791,21699,93344,1480.74,1920,2039,1818,6456,57256,32431,24749
2017,3,5,87174,44162,97591,18822,97575,1480.74,4485,4630,3303,8988,11658,19394,4928
2017,3,6,26392,99793,48520,44864,23490,1480.74,3692,1863,2102,5834,33561,15445,29068
2017,3,7,20584,80482,98837,51488,30057,1480.74,552,3582,1605,7861,68755,14180,6093
2017,3,8,19141,3241,98811,13797,77730,1480.74,3190,1922,4214,6870,65336,24055,18070
2017,3,9,77130,40381,85919,49233,86216,1480.74,1029,1798,2665,9866,74637,12721,35832
2017,3,10,2311,91261,12656,18917,89123,1480.74,4448,4614,1002,9230,38410,45084,31411
2017,3,11,82680,71602,15558,33246,69664,1480.74,2300,1792,3978,6446,96024,40193,47246
2017,3,12,29051,43407,63344,61716,73273,1480.74,788,1174,1196,9796,10850,17222,4333
2017,3,13,51207,60299,75682,52210,41261,1480.74,3645,1198,2045,9202,73537,38060,30445
2017,3,14,92800,80839,34853,46778,90409,1480.74,3322,4458,1280,6044,97525,30259,47230
2017,3,15,37351,54667,55842,99296,24463,1480.74,734,2020,3342,9610,60581,34603,33045
2017,3,16,72840,24227,24896,91237,19781,1480.74,4296,2580,1254,8166,75709,19134,14785
2017,3,17,77731,79033,38194,84718,78402,1480.74,4976,1512,1737,7169,31398,31199,35720
2017,3,18,20214,81761,23220,79909,40509,1480.74,863,4699,3027,8470,20936,27808,33802
2017,3,19,36895,233,56741,48870,30734,1480.74,1252,4815,2833,9445,25884,12480,32450
2017,3,20,41517,7213,38339,48254,44383,1480.74,804,1904,2849,9024,77207,16724,19738
2017,3,21,19178,58071,54410,43557,96533,1480.74,2716,4779,1929,8922,98648,22663,25346
2017,3,22,93259,66253,63831,21092,55698,1480.74,2326,3566,3279,8098,61819,24013,6068
2017,3,23,51755,57625,71314,19604,93001,1480.74,4313,2177,2943,8722,55733,19475,48521
2017,3,24,90420,43451,69255,82349,4259,1480.74,1363,2516,1022,5194,34960,22556,34255
2017,3,25,7614,78639,36123,20893,60656,1480.74,4906,2409,1917,5152,48365,14917,47942
2017,3,26,31092,9031,93447,70387,24105,1480.74,1214,4523,1366,7310,96871,29592,15533
2017,3,27,76076,34588,27110,42934,19782,1480.74,988,3746,2059,6474,64638,17715,28422
2017,3,28,15906,75897,46477,4175,58468,1480.74,898,1832,1854,8890,76297,44327,44842
2017,3,29,44423,82512,75203,69757,74333,1480.74,701,1759,1661,9162,19394,42794,22075
2017,3,30,37584,75183,86541,94643,93146,1480.74,2357,4050,4779,8834,13225,18246,17531
2017,3,31,70028,98670,40510,90252,93912,1480.74,930,4686,1350,6133,40794,12718,16808
2017,4,1,56496,73114,37573,32010,99159,1942.2,4592,4340,3258,9542,67485,17140,30367
2017,4,2,92945,92889,26920,68131,6114,1942.2,4510,1134,2027,8974,31397,35186,11519
2017,4,3,12044,86084,50858,38177,26879,1942.2,2735,4725,1677,5062,31735,45835,7212
2017,4,4,87026,17680,36528,86636,98267,1942.2,542,2563,3252,7047,75693,35717,4013
2017,4,5,58566,46556,56852,76946,7669,1942.2,2131,4712,1378,5986,74240,33914,38250
2017,4,6,36553,43329,49993,83230,49988,1942.2,4064,3365,1526,5591,40000,30377,48080
2017,4,7,85956,10129,37941,99209,23529,1942.2,4925,3445,1541,8129,75390,34209,29986
2017,4,8,12731,87523,20274,19767,50511,1942.2,3681,3414,4194,7356,86643,16754,10867
2017,4,9,18105,32060,57547,33863,14003,1942.2,4239,1310,1546,8531,31870,13907,13900
2017,4,10,48518,83148,62354,41411,91277,1942.2,1971,1462,1617,9010,40125,16970,37744
2017,4,11,73112,10159,11895,43658,30184,1942.2,4190,3287,1949,8089,98501,10952,48539
2017,4,12,51989,79094,77263,8720,97625,1942.2,2627,2493,3631,5358,15642,16260,9133
2017,4,13,5428,45876,36619,47046,24473,1942.2,525,3935,3253,7419,57592,49788,43096
2017,4,14,82310,21783,14428,29260,76224,1942.2,1563,3211,2022,7660,53283,12006,12930
2017,4,15,9310,25911,68493,17941,93595,1942.2,552,4021,4622,7171,46066,18198,38748
2017,4,16,96619,17944,73030,99873,85364,1942.2,1012,4024,1878,7190,13283,11331,46974
2017,4,17,93370,19847,5896,1744,20024,1942.2,4093,1378,1440,8937,79977,45034,9179
2017,4,18,97686,30530,94056,32308,34053,1942.2,2754,1352,4417,7135,30543,26132,6475
2017,4,19,44110,12908,60158,45570,93348,1942.2,1900,3068,1992,9147,21163,46014,39793
2017,4,20,88326,61610,8052,89766,70547,1942.2,4799,3231,3557,5207,16891,10470,38029
2017,4,21,68034,40998,83282,58803,38133,1942.2,4935,3593,4435,5806,44162,11162,30177
2017,4,22,17589,67416,72204,43580,96563,1942.2,946,1240,1328,8004,91005,41874,9720
2017,4,23,2026,92158,26459,36935,87365,1942.2,896,1749,4346,5529,30551,38830,43350
2017,4,24,52058,81839,53777,11494,9635,1942.2,628,2223,1705,9183,70802,44620,47939
2017,4,25,78903,93101,95861,50231,7098,1942.2,2105,1926,1526,8563,78761,49090,36866
2017,4,26,78265,1010,70840,78963,6540,1942.2,4144,4948,3229,7920,11202,42864,1392
2017,4,27,2212,83422,36440,83917,68958,1942.2,3536,2859,1694,6054,98090,40143,23594
2017,4,28,77615,6548,65619,89341,41463,1942.2,3431,4726,1740,9270,15040,34631,10732
2017,4,29,77014,49185,59581,76596,37106,1942.2,811,4316,3499,9030,39584,47456,28726
2017,4,30,45844,34474,95316,78890,25222,1942.2,4033,4187,1304,8094,17066,24118,9758
2017,5,1,13312,93845,39827,72582,25237,1991.42,947,1556,1590,5094,27878,29115,24459
2017,5,2,44706,83547,73967,66956,39483,1991.42,4150,3955,3090,8794,99177,42847,21423
2017,5,3,59778,18365,75505,60781,43245,1991.42,3866,1555,4819,5044,45489,35055,49623
2017,5,4,19503,11437,75829,36245,70331,1991.42,1712,1387,4956,5678,14694,18888,20059
2017,5,5,27102,60197,33395,60192,84589,1991.42,4390,4365,3640,9798,21497,26884,48924
2017,5,6,44518,76716,83441,4337,71761,1991.42,743,2614,3069,6318,43859,19512,45282
2017,5,7,17983,75572,91139,37940,81250,1991.42,2378,4702,1028,7124,84893,16969,5833
2017,5,8,96049,4285,27687,79689,99179,1991.42,1572,1814,2251,6364,64383,14011,15537
2017,5,9,67998,70128,21627,41067,68052,1991.42,817,1033,2408,8307,40324,38657,31838
2017,5,10,30492,37703,63361,12873,84828,1991.42,4841,2227,1998,7768,76915,34420,14606
2017,5,11,89416,99840,60820,31668,22557,1991.42,2030,1116,1682,9206,47972,29733,25204
2017,5,12,81846,48790,82119,39254,73450,1991.42,4263,3940,1497,7960,16812,27676,22444
2017,5,13,54933,13006,74904,40175,36886,1991.42,946,1300,3010,7090,74319,40566,1819
2017,5,14,26969,36351,81120,55003,36359,1991.42,4735,3204,4233,6854,73809,34034,29092
2017,5,15,55650,68073,87975,32147,58400,1991.42,4823,3332,4144,9462,53506,37381,21140
2017,5,16,52898,94453,30035,20908,12570,1991.42,1473,1790,2055,8944,10892,43414,4354
2017,5,17,54389,45629,27971,64974,78835,1991.42,4007,4483,1204,6981,82981,44603,1780
2017,5,18,74473,92805,74288,8618,93884,1991.42,2350,1780,3597,9566,84039,18822,27794
2017,5,19,63091,95513,7058,20146,20809,1991.42,4911,1638,4929,8476,40169,17536,17950
2017,5,20,76014,89177,9599,78570,42511,1991.42,4524,1982,1566,7634,41951,45619,42581
2017,5,21,57958,54303,42400,96556,13039,1991.42,4074,1128,3302,9118,12626,18232,26439
2017,5,22,5433,42538,50660,85363,16772,1991.42,964,4136,1357,5494,16258,10448,40830
2017,5,23,79009,43582,72203,64393,73746,1991.42,694,1703,4807,8763,28258,14198,14154
2017,5,24,61555,8685,90327,99857,96168,1991.42,648,1599,1842,9354,13282,44965,19305
2017,5,25,49513,63792,20454,45870,50220,1991.42,1089,4227,4443,9643,19952,24541,40863
2017,5,26,20149,86336,6245,4957,5100,1991.42,506,3005,4538,8766,82861,11420,1720
2017,5,27,61490,74534,73657,39684,16865,1991.42,1000,1376,2113,5842,28597,23684,26971
2017,5,28,12316,29687,69264,13111,19330,1991.42,2651,1670,1150,8214,60786,37021,29235
2017,5,29,61102,12645,70027,36992,54829,1991.42,4048,1317,1062,9057,72352,26988,19240
2017,5,30,92380,23353,59717,65845,11158,1991.42,4528,3472,4352,8791,52935,20034,38315
2017,5,31,54378,56939,25865,36300,67187,1991.42,3320,4639,1302,9698,97983,20474,3003
2017,6,1,23384,3145,55415,22441,75497,3176.33,4819,3849,2119,5374,10006,46785,32404
2017,6,2,86544,49832,31139,45335,2767,3176.33,1064,1056,2036,9482,43242,30038,1173
2017,6,3,75685,4235,45685,1735,18570,3176.33,2024,1952,1318,9786,64393,27503,32511
2017,6,4,1195,95565,42705,93314,76229,3176.33,1451,4123,3893,7589,40810,38011,2711
2017,6,5,38762,56875,14069,82150,9238,3176.33,2187,1273,4248,8456,12062,12817,23663
2017,6,6,23086,16385,54771,75093,68824,3176.33,2595,1718,1079,5299,79683,23659,35516
2017,6,7,14362,86135,2784,49608,40076,3176.33,2618,3836,1819,8038,60985,26056,43594
2017,6,8,91702,89525,27331,2302,80100,3176.33,506,3184,3074,6241,78276,48250,46691
2017,6,9,21757,97224,34620,69188,42523,3176.33,4199,3236,1788,7958,22843,23215,30655
2017,6,10,71928,10462,52052,88747,28501,3176.33,1154,1553,1086,8484,38854,15363,29389
2017,6,11,21527,70326,34901,954,56567,3176.33,4203,4674,1630,7654,63862,19274,13177
2017,6,12,30830,73062,58863,47618,1396,3176.33,2185,4674,3519,9236,94772,13514,31706
2017,6,13,34978,25927,6277,86594,764,3176.33,1957,3641,1808,6428,39594,38374,11483
2017,6,14,66386,88798,99402,93138,88973,3176.33,3764,4801,2676,7966,83770,20423,13264
2017,6,15,52037,20956,60098,76908,26545,3176.33,566,2873,2147,5822,64466,14262,21222
2017,6,16,14389,82776,52905,62549,35985,3176.33,923,3722,2648,6676,28211,11918,42499
2017,6,17,29940,23328,22774,98968,77307,3176.33,4390,4342,1694,5839,12508,12426,22896
2017,6,18,33413,52880,97325,30560,22138,3176.33,1174,2877,1846,8166,15426,13254,28143
2017,6,19,22929,82702,48329,20577,49378,3176.33,3548,1346,1219,5356,94635,19764,42893
2017,6,20,1922,80378,55572,78477,42569,3176.33,1575,1970,2403,8899,22891,19540,28173
2017,6,21,57042,84066,22419,34312,98144,3176.33,3918,1072,1100,8598,58000,19922,37845
2017,6,22,21491,97902,81943,54063,76927,3176.33,3939,3847,3306,9511,57323,15874,26578
2017,6,23,97684,55251,91855,61440,50502,3176.33,979,3895,3811,9749,58206,13306,14746
2017,6,24,7594,38477,50731,44491,67076,3176.33,764,3565,2984,5422,42627,49910,25084
2017,6,25,5636,22920,95111,78942,42431,3176.33,4815,1465,4036,6669,17904,24537,18786
2017,6,26,1416,65237,98433,16579,34986,3176.33,4884,3931,1467,6967,13714,28542,22992
2017,6,27,22051,34187,83461,45035,63245,3176.33,1296,3880,1462,6406,47821,24140,42440
2017,6,28,25193,42638,80607,65581,45659,3176.33,1006,3425,1450,9814,80003,31436,14863
2017,6,29,44246,26241,90368,55713,23208,3176.33,607,1609,1366,6854,13296,23923,10141
2017,6,30,92859,84292,9156,58218,40699,3176.33,2357,2242,1940,9315,47822,11624,6977
2017,7,1,4292,25050,6981,59194,21406,1359.68,4790,2645,1487,5503,87204,37980,4769
2017,7,2,42463,48814,48659,9234,71809,1359.68,2091,1099,3088,6660,13149,21417,38934
2017,7,3,59019,95392,87383,54686,59566,1359.68,1567,3857,1662,8548,39402,11813,49007
2017,7,4,59669,59194,59459,37509,51049,1359.68,986,3510,1827,8118,11002,49987,13015
2017,7,5,79433,21187,72439,77521,97848,1359.68,3937,3217,2331,5354,27902,13804,35589
2017,7,6,18031,9471,20755,8439,14371,1359.68,512,1590,4349,6061,27898,36749,10157
2017,7,7,75428,69739,80260,87255,60238,1359.68,3593,4669,1893,6032,33541,34740,49355
2017,7,8,61621,98832,24310,75304,51504,1359.68,2200,4533,3033,9306,94324,17520,2212
2017,7,9,29464,14576,99147,65165,26990,1359.68,1914,2416,3135,8525,12056,39724,43397
2017,7,10,64233,25969,29394,17478,2001,1359.68,2217,4972,3117,5766,55276,45972,29287
2017,7,11,45090,3829,31859,39476,73136,1359.68,3230,3950,2109,7466,15222,34098,26183
2017,7,12,7126,68733,2868,36613,33611,1359.68,1336,4194,1210,8354,31671,19563,25243
2017,7,13,67720,241,49536,45838,93119,1359.68,3161,3207,4992,7414,94034,14479,21164
2017,7,14,66202,58618,49782,23312,22346,1359.68,3761,1654,3980,5970,98786,18942,1022
2017,7,15,84575,41475,83137,35786,13556,1359.68,706,1275,1814,9950,43464,16340,14808
2017,7,16,8752,51626,62725,33744,7998,1359.68,4574,1110,1728,8720,13861,16322,23112
2017,7,17,80955,53976,16249,99935,13308,1359.68,942,2882,1509,8364,33667,36416,15035
2017,7,18,83172,55368,84044,14571,42955,1359.68,2735,1705,1970,7278,14470,13958,27508
2017,7,19,74924,66375,94033,6652,97082,1359.68,2076,3036,4573,6658,94322,15770,24247
2017,7,20,24712,79552,22115,97573,47916,1359.68,3988,2439,2500,8032,62009,36807,5782
2017,7,21,11892,1098,38513,23729,19262,1359.68,3562,4184,3039,7904,17187,36473,40314
2017,7,22,94546,94264,14510,89119,3941,1359.68,3350,1654,4734,5465,42575,19002,25184
2017,7,23,7599,42916,32794,51452,27300,1359.68,3258,4191,2251,6770,79271,31512,11155
2017,7,24,33436,22835,42049,72828,76782,1359.68,4300,1326,4851,7628,76796,40143,9236
2017,7,25,48993,6499,35147,70080,41964,1359.68,876,1838,1988,8226,17365,30640,44074
2017,7,26,99381,55624,19832,27985,48746,1359.68,848,3533,3288,7897,71360,31421,15455
2017,7,27,77133,80661,19100,63336,20822,1359.68,3478,1165,3746,9962,56244,27061,12248
2017,7,28,99050,28030,42976,52391,16256,1359.68,3030,1988,3667,9213,76324,13765,26693
2017,7,29,84668,52173,12299,22957,70070,1359.68,729,3554,1350,6181,26889,11998,33659
2017,7,30,18429,80369,87657,37175,85345,1359.68,588,1502,3282,9915,53136,20890,10254
2017,7,31,66609,86167,69231,15276,55380,1359.68,4040,1782,2726,7690,79354,17796,45555
2017,8,1,66437,47703,38371,72618,74592,1333.81,1045,1311,3870,9154,73008,20475,6214
2017,8,2,91513,73755,25110,81428,43243,1333.81,3035,4408,1581,9663,18374,27135,46000
2017,8,3,25056,41186,74863,82747,36893,1333.81,902,3328,1712,8817,92297,47655,9011
2017,8,4,35031,99695,68968,95253,44267,1333.81,2079,2130,3433,7189,33558,41675,8328
2017,8,5,19541,81594,37436,51123,77609,1333.81,3257,2664,1111,9471,85410,33003,38575
2017,8,6,78482,25857,52684,1546,21026,1333.81,4201,2408,1027,8168,67660,21645,11333
2017,8,7,26496,16093,73777,74929,73282,1333.81,2955,4173,1146,6390,60295,32888,7335
2017,8,8,58965,4906,1905,71428,24377,1333.81,783,4210,4522,6942,20755,16900,3667
2017,8,9,51152,19957,39309,12179,4477,1333.81,3823,2323,4412,7599,38603,29045,23321
2017,8,10,31286,21559,38220,52918,41949,1333.81,2157,2264,4771,8132,88692,10500,14867
2017,8,11,57728,9476,79711,3602,99294,1333.81,501,1806,1774,6161,62622,41250,16818
2017,8,12,49483,12799,88575,5247,36750,1333.81,4292,3035,1558,8863,37304,23388,43530
2017,8,13,3730,89462,40654,23502,43523,1333.81,716,2601,1446,9334,21202,20817,45698
2017,8,14,96881,8057,21263,50007,34218,1333.81,2609,1942,4386,6183,21650,16136,1966
2017,8,15,39713,72295,50524,21153,61158,1333.81,4541,1238,2288,6214,21091,37162,37828
2017,8,16,47244,21445,54764,18768,1508,1333.81,4584,4740,1522,7198,64746,15238,42318
2017,8,17,43788,72356,67347,73174,84891,1333.81,661,1920,2642,6184,62107,10312,5349
2017,8,18,94012,23001,36391,87652,24547,1333.81,1165,1789,3926,5928,90556,46785,7482
2017,8,19,4599,96494,27878,21324,23692,1333.81,3618,3830,1331,5965,57004,32574,42625
2017,8,20,77666,12666,23530,71661,35203,1333.81,1811,1140,4989,9553,49569,15887,1989
2017,8,21,53388,90735,37678,48666,86664,1333.81,910,2613,1078,9680,28936,31122,44586
2017,8,22,82305,17556,64953,79988,89873,1333.81,2561,2537,2326,9798,39197,10142,38309
2017,8,23,4432,82362,64446,45773,78267,1333.81,1659,1653,4749,5688,80318,15538,14015
2017,8,24,10275,42122,15378,67705,31802,1333.81,742,1858,3220,6483,10444,18092,10666
2017,8,25,84792,89359,51983,68470,91801,1333.81,997,1231,4892,7210,58355,18159,41180
2017,8,26,65810,86368,99813,86911,52056,1333.81,1026,3681,3604,5520,62738,20405,46484
2017,8,27,3422,27917,17215,97994,74400,1333.81,1086,1096,3368,8850,44012,25169,27659
2017,8,28,41952,31363,37753,31845,83158,1333.81,822,1302,2475,6167,68581,14262,46109
2017,8,29,12651,95960,29565,67607,38716,1333.81,4363,3488,1570,6338,56481,27322,8655
2017,8,30,15589,38920,2866,48957,89692,1333.81,4125,1643,4591,8230,63487,44100,13230
2017,8,31,24339,79843,75772,23166,96010,1333.81,4047,3660,1663,9963,92618,11730,10705
2017,9,1,46983,70219,81541,18560,43053,1908.13,4147,3323,3079,9456,88015,15330,8863
2017,9,2,73582,19659,2253,18164,99498,1908.13,2501,4339,4827,8102,75348,15531,12705
2017,9,3,72419,361,22196,8734,92980,1908.13,2351,4961,1848,5243,74872,29900,1142
2017,9,4,60458,9021,94576,88537,8477,1908.13,1196,3409,4952,9610,16573,34449,48943
2017,9,5,43858,75427,30141,48685,73798,1908.13,4216,1215,2201,6411,71300,31532,5490
2017,9,6,3041,25004,71494,39889,60247,1908.13,1140,1416,1738,5798,25591,46566,46367
2017,9,7,46011,38141,11328,80964,52941,1908.13,1764,1797,1031,7650,45482,19666,44253
2017,9,8,83747,59699,72396,5948,12462,1908.13,2480,1012,1942,5325,71742,45297,10048
2017,9,9,88044,7883,82354,76134,38599,1908.13,2699,1932,1084,6214,98276,49025,7945
2017,9,10,44632,46393,12175,97015,8298,1908.13,3194,3395,1078,7794,14343,12519,24009
2017,9,11,71990,68176,94374,57041,9853,1908.13,3689,2896,3997,8406,74029,28948,16116
2017,9,12,8988,63082,46262,71424,63461,1908.13,906,4443,1868,8975,21458,15579,44538
2017,9,13,72984,44653,23975,23043,56595,1908.13,1913,4935,2844,5286,15870,32697,4670
2017,9,14,95106,20665,46946,85456,21708,1908.13,4403,2046,4055,7016,18469,47515,20975
2017,9,15,37906,5271,88312,28835,4246,1908.13,765,3580,1556,9490,32974,43719,9770
2017,9,16,55762,34889,88655,94959,63879,1908.13,4007,3984,2646,7686,44439,15705,40630
2017,9,17,28279,75195,12752,12335,52211,1908.13,1201,1990,2842,6982,35301,23439,47573
2017,9,18,90634,12420,83373,77760,13512,1908.13,1478,4272,2586,6485,64230,31465,16347
2017,9,19,33467,24590,6802,61113,15542,1908.13,3169,3820,2786,9118,72506,11348,1241
2017,9,20,19846,65060,17816,72688,45925,1908.13,2479,2909,1887,5851,30668,45398,19469
2017,9,21,78550,68500,64672,46137,94985,1908.13,3953,4802,4843,6102,11840,13958,45254
2017,9,22,68347,65437,45557,27485,37710,1908.13,3832,2554,1662,6008,46593,11750,34415
2017,9,23,42468,9073,31012,24356,71276,1908.13,4753,4825,1531,6278,12313,15744,11681
2017,9,24,46031,6267,2670,32226,23373,1908.13,3961,3070,1522,5870,35554,28082,24937
2017,9,25,46637,90739,1989,62463,63738,1908.13,564,1204,4006,6334,46911,45281,48582
2017,9,26,49609,66666,95107,96140,83794,1908.13,4006,1175,1494,6064,78400,19761,23772
2017,9,27,97965,28715,77832,4690,24585,1908.13,2771,1220,1930,8958,50035,34212,13386
2017,9,28,99693,90600,90418,73699,62176,1908.13,3980,1783,1410,7158,24274,20491,3681
2017,9,29,54211,78281,66667,600,67661,1908.13,732,1258,1485,9098,70313,31069,11420
2017,9,30,94283,19437,18642,14758,70548,1908.13,3970,1591,4276,5739,60290,37803,18677
2017,10,1,95623,49588,96118,42413,73862,1916.74,2974,3494,4626,7158,36154,27397,16609
2017,10,2,288,18131,83883,64832,4796,1916.74,4113,1176,4945,7446,27482,34973,31304
2017,10,3,89194,14074,10602,11285,90716,1916.74,703,1337,4344,6820,45102,18258,48406
2017,10,4,99781,58077,89404,15760,88003,1916.74,3156,3289,1391,6792,69473,31186,41910
2017,10,5,24695,44939,38122,90992,35162,1916.74,2317,1422,4677,9270,51990,20392,15604
2017,10,6,34028,22695,73083,64724,5867,1916.74,4281,1999,1260,5036,54110,30615,18185
2017,10,7,16947,63619,68905,93338,57010,1916.74,876,3056,1020,8997,10808,17533,4730
2017,10,8,94602,47717,8241,90631,16988,1916.74,2374,2366,1266,7446,32090,37847,26583
2017,10,9,84993,1372,59847,61254,76408,1916.74,1868,4705,2574,7124,19395,15126,13957
2017,10,10,98207,10272,48993,30579,55621,1916.74,3111,1573,3460,5416,57203,14462,4392
2017,10,11,15639,50931,19166,31267,1387,1916.74,940,2731,3978,5311,63984,11738,1256
2017,10,12,75620,22205,71444,69547,65681,1916.74,1834,1974,2461,8742,27168,23082,40839
2017,10,13,56570,41633,39656,91382,64336,1916.74,3180,1325,2002,8698,43944,31879,13212
2017,10,14,29954,29410,963,98933,91074,1916.74,2022,3044,3502,8465,68942,35535,14947
2017,10,15,55657,5777,82126,73118,7955,1916.74,2551,1762,1862,8559,72257,31613,9295
2017,10,16,48123,31791,27940,28616,10489,1916.74,1846,1793,2644,7809,72077,17444,38236
2017,10,17,9108,49100,8115,12611,97566,1916.74,4497,4573,2833,5958,42690,14288,27057
2017,10,18,22269,21595,88016,89547,40154,1916.74,1160,3275,3415,5451,16890,35255,26626
2017,10,19,53687,43737,92049,71331,71546,1916.74,1400,1316,3225,9038,19240,27142,14127
2017,10,20,97923,40465,96716,97108,53439,1916.74,4247,2059,2352,9078,81605,33857,5759
2017,10,21,85240,2766,22133,10007,68217,1916.74,532,3254,4110,7310,19180,37008,5375
2017,10,22,17789,22338,84014,47366,43204,1916.74,860,1125,1806,7864,38233,20234,9981
2017,10,23,59686,58833,12294,53390,67447,1916.74,3598,2686,3016,5730,62692,47585,43900
2017,10,24,97457,7955,35840,12920,61617,1916.74,4927,1522,1890,9654,43121,43668,11777
2017,10,25,10273,50334,1147,60717,54262,1916.74,2302,1222,4563,9596,83688,48361,5732
2017,10,26,19848,87287,51048,32864,29370,1916.74,906,1825,3046,6288,39744,16014,30093
2017,10,27,44417,56024,28123,44883,56316,1916.74,3550,1587,2929,6048,43655,42190,21244
2017,10,28,61780,40959,22489,92695,50555,1916.74,1056,1753,4815,8455,19616,11082,22529
2017,10,29,88548,50066,82362,42946,32706,1916.74,632,3473,4481,6876,38355,17149,38459
2017,10,30,91030,43259,33737,28959,49307,1916.74,1148,2438,4702,7282,36484,12934,43745
2017,10,31,66166,43893,88362,92333,2349,1916.74,4220,2247,4394,5876,50193,23451,7978
2017,11,1,25505,16926,12226,28939,71633,1494.07,1319,4890,4462,5277,80549,23206,29375
2017,11,2,86426,24340,74261,46414,60824,1494.07,3930,1068,1172,7614,23416,19674,25869
2017,11,3,1835,30664,79306,64769,97209,1494.07,2511,4065,2386,9482,84355,24018,19110
2017,11,4,90463,20675,55262,19926,85952,1494.07,4483,3728,1501,7498,51493,14734,2163
2017,11,5,25965,96777,74745,22899,34391,1494.07,2809,2577,1528,6942,17345,25088,14513
2017,11,6,42576,99857,14154,11314,10946,1494.07,1684,1407,1078,6604,37684,21485,48509
2017,11,7,75460,13521,26566,68313,63617,1494.07,1988,4580,1187,6180,12478,25577,44412
2017,11,8,43950,56640,78155,21830,80107,1494.07,1918,4033,1708,7423,50347,22653,11852
2017,11,9,25933,2032,40413,77819,41681,1494.07,656,2139,2969,8914,85451,21585,44450
2017,11,10,36633,23792,77518,27820,53229,1494.07,4749,2178,2987,8520,35359,43093,6349
2017,11,11,76108,32278,98480,4168,76054,1494.07,1820,1985,2209,7178,96155,17788,48827
2017,11,12,78034,11812,42381,86003,54034,1494.07,3939,2017,2974,5858,51189,37555,44184
2017,11,13,74158,20939,51086,37145,85194,1494.07,1590,2652,1334,5069,81819,11127,36445
2017,11,14,60248,24992,29465,27457,8577,1494.07,2697,2961,2431,5077,88964,15642,25620
2017,11,15,39261,79256,14834,23587,47065,1494.07,1141,1221,3312,8934,74718,19462,16023
2017,11,16,15024,87661,82511,50098,82730,1494.07,1224,4328,4321,5574,12574,14249,14331
2017,11,17,16308,55834,17212,70091,67263,1494.07,2906,2874,1782,5490,62812,48847,22528
2017,11,18,75115,23955,86421,94780,52533,1494.07,4637,2555,3798,8499,17652,47879,11139
2017,11,19,62830,95229,23560,68504,85917,1494.07,4104,3576,3880,6315,88666,32494,26696
2017,11,20,55195,66574,5369,73330,75666,1494.07,2176,2131,4839,9906,61910,27371,34534
2017,11,21,86088,77900,61280,51238,76400,1494.07,948,1170,1034,9028,40435,42780,45284
2017,11,22,65725,39541,11357,80957,72208,1494.07,3451,2402,4300,8819,11846,24965,16376
2017,11,23,69705,39260,58449,94544,64208,1494.07,1915,1646,3258,9546,34236,41009,20360
2017,11,24,44830,49706,46591,35342,5086,1494.07,4474,1628,2917,5830,51766,31477,3378
2017,11,25,88558,15218,58880,87858,389,1494.07,4174,1638,1573,7623,80988,45780,25963
2017,11,26,74335,52904,78780,88945,2450,1494.07,4954,3631,4072,5802,98972,34157,29368
2017,11,27,46274,43447,71320,5544,15630,1494.07,3372,4186,1006,9034,16802,37746,39438
2017,11,28,4566,87571,74192,36139,41546,1494.07,3270,1768,4435,6812,19326,26885,5181
2017,11,29,72769,84779,6869,51841,44027,1494.07,2350,1651,1288,7926,28546,47620,22193
2017,11,30,79459,81919,18159,66817,10522,1494.07,4562,1526,1938,8754,67576,22022,26555
2017,12,1,15848,87903,8370,59249,9079,2707.55,3369,3856,3474,6561,54234,30667,1607
2017,12,2,68912,60886,62659,25285,89433,2707.55,4742,2702,1140,6262,98224,37695,26631
2017,12,3,42474,13311,84525,71228,80888,2707.55,1513,3086,1610,6234,88686,19878,6547
2017,12,4,64194,37056,80087,39020,53618,2707.55,1038,3880,1558,5048,64165,17342,34321
2017,12,5,91679,68908,5045,2820,56819,2707.55,1866,4291,2931,5590,86870,30170,19621
2017,12,6,14289,58384,59609,75090,70970,2707.55,1319,1366,1702,5654,74182,10648,48295
2017,12,7,92079,10221,94200,19989,25270,2707.55,3682,1947,4976,5079,36118,16794,24717
2017,12,8,94700,92985,32438,43983,50727,2707.55,4152,1590,4042,7798,56456,15011,35660
2017,12,9,98408,34128,16527,16462,75534,2707.55,1780,3964,1866,9354,20304,42549,40709
2017,12,10,57049,73988,75850,17025,49067,2707.55,710,3765,1304,8959,87748,22030,11968
2017,12,11,34619,78253,53398,45013,28366,2707.55,1375,3124,1362,5812,59585,17814,26206
2017,12,12,49962,47718,36183,50891,30049,2707.55,4791,3448,1926,5640,36824,45892,6488
2017,12,13,97609,3347,39658,35265,2306,2707.55,3646,3275,2010,7044,14639,16727,43758
2017,12,14,19602,41016,9852,79935,269,2707.55,2153,1910,3505,9384,17472,29905,35789
2017,12,15,57527,27264,99707,4353,12905,2707.55,1006,1864,1229,6254,62128,24886,36531
2017,12,16,12,85775,28163,38374,79171,2707.55,870,3772,1414,5242,95058,14294,42802
2017,12,17,17092,43564,50668,66949,44604,2707.55,1854,2129,1754,6560,12974,24658,18140
2017,12,18,99443,23079,67875,55672,79333,2707.55,558,1402,2129,8720,34069,27651,30003
2017,12,19,17874,55523,42776,18043,86826,2707.55,4831,1106,2749,5498,87217,42352,4187
2017,12,20,69990,34072,44483,98096,80632,2707.55,2754,1426,1606,6980,52097,36079,17317
2017,12,21,53336,82656,81776,85465,41376,2707.55,4467,1212,2718,9002,20000,40896,32197
2017,12,22,42782,44827,11166,40531,46677,2707.55,2883,3017,3806,7444,31112,45789,48383
2017,12,23,27386,70219,42216,34132,77200,2707.55,870,1078,1968,8337,32350,34696,44314
2017,12,24,50535,78170,10298,54605,50413,2707.55,500,4545,1014,6665,50076,28146,20293
2017,12,25,71401,49312,61164,20207,9381,2707.55,995,1765,2494,8211,87248,12100,42276
2017,12,26,2525,23812,86580,79493,42149,2707.55,540,4034,3450,6766,79991,30215,35282
2017,12,27,77482,25492,89761,58952,98510,2707.55,2097,4909,1008,8260,90115,14879,39837
2017,12,28,40537,56111,67997,19383,80674,2707.55,864,3197,4056,8054,79042,37556,5246
2017,12,29,13640,9583,62944,27090,50421,2707.55,2304,4253,4777,7065,12850,33286,42935
2017,12,30,53254,90303,53196,58754,38564,2707.55,3632,1834,2125,6546,14833,12798,9663
2017,12,31,13227,90261,95997,92283,68619,2707.55,1190,3609,1954,9133,25698,11206,25039
2018,1,1,33004,95647,53198,46421,15204,2207.06,4673,1020,2383,8426,44068,32045,2836
2018,1,2,48412,39520,14171,90041,70705,2207.06,4618,2316,4317,8252,62286,30707,43322
2018,1,3,74443,60896,31680,99929,86595,2207.06,4699,1908,1422,7896,82369,26625,49425
2018,1,4,7085,82043,32131,29468,56822,2207.06,2864,1926,3422,8170,11624,19127,42552
2018,1,5,1709,31243,12796,41026,59495,2207.06,3084,1182,1964,6115,50216,22571,25083
2018,1,6,35540,34917,58521,63314,89165,2207.06,1290,1248,4284,8421,42067,46105,7242
2018,1,7,47325,69933,1338,95747,28320,2207.06,1225,1174,1120,8052,71052,20049,12962
2018,1,8,35456,75489,70338,71433,11604,2207.06,722,3495,3174,5228,26808,27338,36907
2018,1,9,42471,33100,89940,98107,87873,2207.06,563,1548,1938,8252,63646,30257,32007
2018,1,10,57566,94873,60285,18121,55246,2207.06,3169,2052,3176,9726,78484,18262,47689
2018,1,11,78117,5193,14628,66291,90422,2207.06,3629,4243,1782,9920,47349,45110,7788
2018,1,12,81927,57913,46659,83866,2517,2207.06,958,1446,1529,6142,78201,43126,10306
2018,1,13,38448,32723,179,77977,57581,2207.06,4108,1404,1726,7480,18339,40628,28663
2018,1,14,17875,61969,56224,8762,11889,2207.06,922,1406,2836,6882,94032,46704,3573
2018,1,15,93540,24507,56786,15069,31618,2207.06,3194,1190,2708,9458,64393,41640,34987
2018,1,16,3387,93502,93690,19946,53589,2207.06,573,1462,1426,6306,96575,18590,12030
2018,1,17,3073,16800,28758,97261,34,2207.06,3964,3572,4999,6062,17290,11617,39142
2018,1,18,2088,33187,98035,86148,57911,2207.06,4140,2648,2280,7829,97594,42220,12428
2018,1,19,66211,24520,30035,72913,7669,2207.06,1502,2092,4761,6611,24353,19598,26611
2018,1,20,75753,18318,69719,55752,85420,2207.06,2368,2506,2896,5402,73654,17334,44711
2018,1,21,44182,17795,96159,16462,71976,2207.06,678,3186,1962,5068,27450,24996,10105
2018,1,22,48031,35305,2089,7792,71916,2207.06,3937,2667,1111,8694,19770,46530,26442
2018,1,23,64718,3492,34037,8966,85246,2207.06,1123,4427,1966,7276,62240,13812,7691
2018,1,24,33739,53627,51999,84715,58695,2207.06,4710,1724,1104,7222,30867,12106,45801
2018,1,25,88241,31157,67039,49352,1164,2207.06,881,1770,1651,6269,74845,16508,3161
2018,1,26,53961,2321,54029,95797,25954,2207.06,4608,4691,1246,7958,60757,44940,32621
2018,1,27,90111,20468,68017,21215,82267,2207.06,4233,1858,1391,7623,52561,13906,15236
2018,1,28,10785,64795,46139,33788,11064,2207.06,2036,1375,1007,6064,77172,31961,37336
2018,1,29,28686,3133,58005,14932,97444,2207.06,1224,2553,1172,9622,25120,37847,18763
2018,1,30,75829,49354,41058,38572,73330,2207.06,3830,4113,3412,9946,34252,35828,43619
2018,1,31,18657,76290,67204,74664,88706,2207.06,2976,3742,1766,7918,65026,27655,10728
2018,2,1,57603,81561,21677,18195,6681,2360.54,758,2386,1933,8946,45715,10552,25877
2018,2,2,84129,46181,85317,49097,96785,2360.54,2752,3073,4700,8768,78131,15427,21145
2018,2,3,31745,11874,11992,62726,93252,2360.54,718,1716,2559,6849,69048,10591,5999
2018,2,4,42726,79423,82978,59659,44721,2360.54,1562,3848,2576,8231,94297,17474,45045
2018,2,5,75728,78402,93787,30428,37170,2360.54,2207,3914,1214,8406,47991,43394,21918
2018,2,6,80198,93165,60601,84109,60014,2360.54,4699,4090,1718,8068,95100,36495,29649
2018,2,7,55426,81664,31696,63003,69895,2360.54,3715,1973,1502,7501,92401,15840,25993
2018,2,8,65772,70961,43182,65915,61511,2360.54,660,3059,1388,6260,42167,27054,7526
2018,2,9,82261,53220,96145,24036,63601,2360.54,1882,4025,4259,8577,98379,25505,41245
2018,2,10,923,82095,37480,38021,75949,2360.54,935,1719,2192,5469,23985,28702,46233
2018,2,11,62995,99646,36763,80036,52259,2360.54,2089,1750,3500,9585,91257,28452,45282
2018,2,12,77182,18140,47479,66442,93070,2360.54,1946,3991,1322,5777,32011,36604,12210
2018,2,13,42010,44299,78324,75554,16120,2360.54,4256,1890,3305,7370,75500,36915,2309
2018,2,14,19004,32590,37787,83857,18527,2360.54,2308,1426,3535,6138,78501,13218,45396
2018,2,15,38349,20448,66948,99005,32578,2360.54,608,4586,1930,9366,50140,42080,15311
2018,2,16,48944,20749,87546,83601,44471,2360.54,516,3473,3339,9318,47329,46866,29399
2018,2,17,70050,75991,42575,49937,52129,2360.54,1540,1934,2874,9839,89480,13616,21076
2018,2,18,5150,41441,81391,97463,71724,2360.54,894,2018,4982,9791,20619,29452,47883
2018,2,19,89190,91136,9278,17530,32142,2360.54,4395,3542,3949,6652,68479,17429,22960
2018,2,20,60749,91372,7907,34975,81212,2360.54,1778,2712,1502,9520,11766,43254,13739
2018,2,21,87403,22421,80274,88737,32213,2360.54,4540,1401,3379,5718,55282,13754,1796
2018,2,22,33129,19678,75415,98430,59351,2360.54,859,1450,1090,8118,71425,32828,43894
2018,2,23,53856,29556,51893,25387,69076,2360.54,3641,2829,1688,5266,61565,23051,18420
2018,2,24,82511,12458,60806,7242,72627,2360.54,4113,1520,2117,9527,20536,11467,16088
2018,2,25,83422,36396,64271,35039,76513,2360.54,4218,1720,1602,9878,72106,10982,35696
2018,2,26,20882,57100,23507,11722,38718,2360.54,1124,1227,3880,7746,28468,36506,1424
2018,2,27,44370,92582,8614,96487,32110,2360.54,4305,1882,1897,8575,83272,24762,29151
2018,2,28,40623,83843,37835,22225,36305,2360.54,4253,2186,3392,9111,85259,22109,9941
2018,3,1,52736,59690,60767,81018,88158,1970.26,782,2091,2238,8224,29200,17740,13626
2018,3,2,62530,77435,15991,67458,77059,1970.26,4431,1810,4938,6026,97204,21230,7105
2018,3,3,52262,54391,54623,81374,56002,1970.26,3259,3737,2773,5378,89754,14574,43085
2018,3,4,69004,31493,54374,57594,69717,1970.26,1686,3597,2359,7676,32406,17698,49926
2018,3,5,31133,56839,15318,76071,36199,1970.26,2300,3459,3264,8275,86184,39266,28875
2018,3,6,27712,30797,64356,80485,36175,1970.26,2766,1529,1953,8492,95474,21669,4110
2018,3,7,8418,87161,20267,85778,11189,1970.26,1546,2320,1736,8216,18390,12061,2674
2018,3,8,17091,82044,66873,16707,16671,1970.26,2324,4381,1710,6679,41217,10954,19410
2018,3,9,7141,95336,74261,9094,3828,1970.26,762,2245,3247,7381,14374,34435,19735
2018,3,10,86407,87273,26757,28622,91841,1970.26,682,3930,4893,7554,41989,26563,11499
2018,3,11,26964,14314,37297,43521,50994,1970.26,1251,4485,1678,6863,83579,44028,28514
2018,3,12,72951,80694,22626,46198,14427,1970.26,1984,1674,1258,6518,29453,32464,37000
2018,3,13,51592,36488,57748,11485,10395,1970.26,3048,3709,4049,6814,97230,31394,49737
2018,3,14,20211,9834,72233,10412,13050,1970.26,791,2008,2856,6844,48548,33635,5812
2018,3,15,96769,11885,84468,53745,1978,1970.26,1209,3568,3112,7922,81404,43506,30274
2018,3,16,60045,85805,47217,90446,27502,1970.26,1840,4063,1272,6934,74474,33680,10799
2018,3,17,16236,11618,86032,85444,71387,1970.26,4078,3155,2816,9898,21899,14793,1874
2018,3,18,16524,24461,34714,99636,84769,1970.26,3142,4812,1922,6710,35258,45775,16118
2018,3,19,17509,23451,9839,4492,83875,1970.26,4524,1461,2281,6907,15302,33668,1340
2018,3,20,57840,87336,68176,20656,57234,1970.26,1800,1878,1784,6513,89743,15655,6427
2018,3,21,68983,99238,60469,87257,55948,1970.26,3031,4807,1066,5748,10651,35754,12079
2018,3,22,43534,15176,52216,72168,38435,1970.26,835,1273,4158,5942,33280,47743,20472
2018,3,23,46789,35081,37852,77676,87946,1970.26,4683,3280,1832,6503,60536,49132,27596
2018,3,24,98582,93569,5292,50462,52790,1970.26,2567,1323,2469,9574,84842,35904,15943
2018,3,25,41606,40678,82178,15765,97392,1970.26,3507,4179,1890,7711,38207,21188,31811
2018,3,26,45307,47891,44469,88491,34394,1970.26,3974,4326,1276,9266,99787,34066,21357
2018,3,27,25209,2355,96742,72679,73489,1970.26,4934,1445,3612,6936,63561,36003,31584
2018,3,28,5274,43422,96535,88517,61133,1970.26,4704,2790,2631,8534,11280,17024,34742
2018,3,29,41881,31608,82703,73158,40874,1970.26,3575,1081,1195,5206,55111,41035,48842
2018,3,30,68252,46398,38834,6864,19862,1970.26,4218,1142,1640,5752,13650,13904,2395
2018,3,31,90495,89707,29738,73126,26583,1970.26,1502,4815,3977,9204,57972,46202,7371
2018,4,1,47900,28636,5594,18216,83748,2350.6,1466,1222,1814,9681,66357,16862,12982
2018,4,2,68900,91493,25,24652,21495,2350.6,610,1201,4413,9256,54135,26783,23324
2018,4,3,27478,38951,32113,33034,13275,2350.6,2431,1173,3301,9377,95740,23400,44667
2018,4,4,72359,82207,69898,40525,8240,2350.6,1084,2138,2746,7460,18142,49241,36255
2018,4,5,50785,49640,76795,36550,54263,2350.6,4684,3091,4880,7214,31125,33154,30930
2018,4,6,22815,68557,60681,46116,44286,2350.6,4516,1643,4979,9413,73519,13218,6421
2018,4,7,75668,957,56710,19767,28417,2350.6,4007,1114,4490,8642,32101,45105,24852
2018,4,8,9435,11786,9549,79315,39934,2350.6,3821,2747,1174,9501,25215,19867,40674
2018,4,9,12274,94732,2864,67253,34145,2350.6,952,1163,3690,7180,45929,22107,26383
2018,4,10,78384,31289,34012,19226,93442,2350.6,4330,4228,4250,7768,14894,17462,16114
2018,4,11,80905,10068,29636,6487,49569,2350.6,2706,3194,4581,5569,45446,11126,4851
2018,4,12,88304,75918,26242,81995,79450,2350.6,916,2832,4811,8938,77058,29604,38523
2018,4,13,36930,7741,48833,31181,47972,2350.6,1716,1894,3794,5434,68066,39715,13728
2018,4,14,66203,60773,17910,32136,72694,2350.6,2213,2004,1260,9622,59343,11478,29708
2018,4,15,63329,79797,25612,99492,34261,2350.6,4096,1190,1761,8570,18722,41085,2670
2018,4,16,74360,16791,52666,64507,44494,2350.6,573,1400,1504,9678,59183,16818,20732
2018,4,17,34542,7749,31547,6519,82555,2350.6,2945,2234,1380,7122,61726,21298,40890
2018,4,18,2578,7175,8841,45691,17807,2350.6,3127,2166,4352,5792,73024,10404,27563
2018,4,19,26525,93598,15894,24381,64784,2350.6,4929,4324,4176,5666,11696,48082,41429
2018,4,20,33718,80141,60317,20756,63697,2350.6,3405,2625,1920,7245,28315,29727,38395
2018,4,21,11160,81444,88246,71864,87236,2350.6,2060,1926,1218,9305,70843,36001,11270
2018,4,22,734,82126,35326,16262,24954,2350.6,4343,1014,2660,8166,12129,10918,7521
2018,4,23,29407,70535,83982,91328,37780,2350.6,2406,1190,1622,5651,37153,13679,28650
2018,4,24,36921,14215,60144,8139,23520,2350.6,4139,1220,4463,5816,56866,17694,47339
2018,4,25,53338,87563,45792,90998,78575,2350.6,3706,4332,3455,9039,32011,32586,7921
2018,4,26,37689,19418,47878,64133,95069,2350.6,4164,3340,1202,5342,72830,39116,35031
2018,4,27,17998,16970,96074,47462,29139,2350.6,3229,2475,1853,8050,89824,35427,2940
2018,4,28,38294,14883,76113,66749,23923,2350.6,686,2962,2541,7136,58447,38961,8124
2018,4,29,14947,52612,87303,30543,23271,2350.6,1010,1267,3454,8362,10170,38944,10133
2018,4,30,51376,23311,21420,8229,3683,2350.6,566,3327,2478,6120,25075,32752,27596
2018,5,1,7115,60715,88137,20678,19162,1954.68,1975,3124,2104,5046,11394,23588,43451
2018,5,2,84881,69015,17043,83317,74095,1954.68,4691,3756,3757,9271,33791,37705,22339
2018,5,3,35632,92119,96536,88104,33547,1954.68,3699,1330,1353,6384,77689,41867,29288
2018,5,4,96638,29666,79992,43742,28536,1954.68,3682,3415,3104,7076,96731,33550,7739
2018,5,5,89416,47775,97308,99525,23399,1954.68,2229,4029,4568,7538,63485,39466,47451
2018,5,6,29404,12185,46479,2110,65372,1954.68,3976,3361,1550,5254,38454,48720,24169
2018,5,7,14410,22137,12136,7514,39214,1954.68,2416,3628,2993,9456,28152,12743,25220
2018,5,8,68526,81735,88126,8094,31851,1954.68,3912,1254,3794,6390,79715,45517,1611
2018,5,9,84559,90044,23879,54744,96715,1954.68,4815,1124,4469,8303,34989,40034,12334
2018,5,10,23523,42406,68663,12868,63481,1954.68,611,2005,4901,7482,56451,26751,13168
2018,5,11,81699,86716,4358,61845,47106,1954.68,2361,3016,1898,7592,11066,37182,1730
2018,5,12,9926,88928,14659,10747,87231,1954.68,2133,1514,4757,5795,39971,18386,16000
2018,5,13,65315,65583,52948,60216,95671,1954.68,3319,2368,2465,8066,55564,19150,9399
2018,5,14,24454,62927,7587,14921,10519,1954.68,3454,1795,1260,9464,63893,19207,26699
2018,5,15,15465,31027,29960,40222,83175,1954.68,1162,3488,3217,8228,25056,13887,36283
2018,5,16,39860,28376,57609,52325,52404,1954.68,1895,3208,2450,5833,16268,19320,13173
2018,5,17,62532,42936,72468,94509,92401,1954.68,3715,2864,3739,9206,64437,33265,2714
2018,5,18,46310,41952,31755,30879,56062,1954.68,4765,1850,1537,8725,64597,20292,23163
2018,5,19,98251,92845,63502,7053,28678,1954.68,1373,2561,1844,5192,16622,39669,37983
2018,5,20,67906,32138,63886,67998,8516,1954.68,1262,1176,1626,9368,16502,42687,44675
2018,5,21,88883,13173,54960,90420,81898,1954.68,2064,1499,2400,6917,14238,14870,19557
2018,5,22,44900,46278,64992,92169,61470,1954.68,1838,1464,1901,5723,30076,40417,33413
2018,5,23,40399,97691,27946,43377,97060,1954.68,1063,1892,4524,7374,92713,15556,30001
2018,5,24,76932,86130,54274,5684,43047,1954.68,3113,2945,1846,8922,96465,48275,24178
2018,5,25,27870,28304,60355,59771,40380,1954.68,1539,2129,3121,8980,40505,12326,40431
2018,5,26,90838,42921,3826,50362,295,1954.68,3134,3577,4019,8759,99261,42065,12891
2018,5,27,52937,78727,46363,89743,23184,1954.68,4370,2404,2483,8678,43526,27862,42829
2018,5,28,87860,76419,41344,75981,20904,1954.68,3864,3092,4768,7689,94805,41415,31849
2018,5,29,26933,19292,34993,25952,98052,1954.68,4369,2339,4332,5918,73434,18867,1222
2018,5,30,73560,94157,52624,77396,75233,1954.68,1609,4443,3919,5916,55423,26174,12502
2018,5,31,61154,65640,54267,2275,79682,1954.68,3689,1613,4715,8681,32564,32766,49072
2018,6,1,16934,66458,91324,64018,56244,1521.3,3928,1626,4165,5322,41984,41666,26543
2018,6,2,52934,21428,30587,32239,93204,1521.3,3391,1622,2379,5665,54875,42802,6761
2018,6,3,39355,61489,77518,34389,10406,1521.3,582,3690,4445,5430,15424,15688,26636
2018,6,4,64245,61637,82441,93410,9312,1521.3,1427,3596,3555,8365,10834,21758,40777
2018,6,5,55127,20579,63306,98858,16244,1521.3,1659,1950,4669,5529,12686,40074,18181
2018,6,6,78517,2718,33765,37962,90420,1521.3,3650,4663,1634,9798,64424,11475,7825
2018,6,7,93219,15852,40073,71774,14218,1521.3,4884,1400,2836,6388,84552,16350,17259
2018,6,8,41370,92564,92383,37391,94445,1521.3,3816,2961,2789,7876,10922,16426,48721
2018,6,9,51758,80925,79224,3922,33367,1521.3,802,2936,1710,7310,31062,40067,43648
2018,6,10,89080,90947,92115,93268,30488,1521.3,2347,3208,1174,9729,41951,30026,43019
2018,6,11,4802,85768,69340,38943,79701,1521.3,3502,2809,2538,5460,68082,10905,30263
2018,6,12,2725,33480,70194,78576,71652,1521.3,4994,1470,2201,7109,70350,39040,1256
2018,6,13,70128,84050,27250,72062,73780,1521.3,3440,4932,1319,7779,33875,17372,19201
2018,6,14,34394,13730,31534,11933,56456,1521.3,4189,4179,4447,5734,54106,21098,49617
2018,6,15,26991,39102,98182,35544,32563,1521.3,4584,2689,2580,8185,91103,42711,18532
2018,6,16,3738,59544,53997,75057,13675,1521.3,3780,4420,2952,5174,76352,40759,4224
2018,6,17,89931,31894,49940,39378,57628,1521.3,1827,4617,4498,5470,36513,42060,20398
2018,6,18,59892,11098,11103,28825,45635,1521.3,2887,4371,4452,7562,40779,16262,18558
2018,6,19,62459,99561,72547,80412,6227,1521.3,1170,1156,2143,7461,51885,21123,15251
2018,6,20,57860,45065,55741,33710,36426,1521.3,2122,2668,4702,9576,57844,31688,8606
2018,6,21,88134,45733,47412,82586,3968,1521.3,2063,1426,1850,9610,63189,26681,4544
2018,6,22,61213,34360,22838,74709,88174,1521.3,831,2384,1138,7923,12445,38915,41075
2018,6,23,26530,54568,1585,62584,40496,1521.3,4272,3628,1350,6762,27565,25480,9429
2018,6,24,96227,34630,91907,16682,30592,1521.3,3362,1803,1622,5112,82863,10331,5096
2018,6,25,89978,28695,72716,26117,46619,1521.3,1383,4499,1080,5944,52082,46576,35162
2018,6,26,8749,96355,41557,30261,4391,1521.3,740,1242,1798,7646,33650,17046,35475
2018,6,27,19094,77013,75202,24901,75917,1521.3,954,1796,1759,8608,16732,49729,8066
2018,6,28,25813,39746,39229,98245,89065,1521.3,1172,2812,4017,5468,28073,16824,41312
2018,6,29,38204,166,25377,74659,47813,1521.3,3056,3257,2390,6524,16324,44658,9027
2018,6,30,7675,59742,10553,10787,393,1521.3,515,1204,1270,6096,24448,30427,35266
2018,7,1,35622,78240,27777,4703,22665,1533.16,4257,4182,2912,7840,13414,13190,2537
2018,7,2,91972,86604,22033,41581,11114,1533.16,4255,1718,3595,6518,71246,28860,16692
2018,7,3,36909,13803,20224,69357,38251,1533.16,3115,1854,1998,7244,94925,34258,1312
2018,7,4,6133,70535,73441,397,4450,1533.16,3686,2772,4741,8310,70705,40854,26787
2018,7,5,58762,36313,61709,52357,96354,1533.16,2569,4613,3108,7792,18970,17711,49307
2018,7,6,34795,28438,7935,30036,82034,1533.16,645,3165,4746,8180,88561,10548,19213
2018,7,7,47224,58600,39673,26966,50671,1533.16,2819,1576,1689,5880,78140,18798,10378
2018,7,8,45187,75710,25361,8296,9854,1533.16,2358,4647,4119,6644,74682,21153,10683
2018,7,9,85857,55329,75671,91956,25766,1533.16,3855,2989,4183,8527,16306,39853,14233
2018,7,10,85258,34126,15638,31947,30006,1533.16,2693,1544,2190,6116,16191,12043,10130
2018,7,11,93736,58550,56691,99207,25194,1533.16,728,2402,3052,6030,19357,45170,47725
2018,7,12,26615,54565,34512,65798,13092,1533.16,2003,4700,4942,7994,46647,31300,1646
2018,7,13,30474,70693,39197,32664,3746,1533.16,4706,3832,3936,5614,13038,10972,5388
2018,7,14,65473,99751,82884,68526,62133,1533.16,902,3746,3156,9126,70895,10430,18593
2018,7,15,15376,59251,17301,16670,63243,1533.16,4321,1222,1992,7044,42730,21088,30300
2018,7,16,58905,3789,1273,89193,21537,1533.16,4674,2009,1682,7828,71886,42545,14312
2018,7,17,62503,1934,97644,35659,66492,1533.16,4610,3218,2789,7674,14887,14776,18539
2018,7,18,68563,95562,33804,19555,99079,1533.16,1994,4335,1674,9248,79879,18210,26534
2018,7,19,55283,40906,5220,85696,84816,1533.16,3240,2317,1590,5883,99327,28233,27106
2018,7,20,60774,53939,76452,4915,42202,1533.16,3650,1536,4604,9842,46669,35034,7692
2018,7,21,55339,53665,9370,52013,94636,1533.16,922,4917,1506,7206,35612,31321,5602
2018,7,22,85253,30205,94991,80643,22440,1533.16,3876,4564,4608,6746,17946,13628,44319
2018,7,23,59371,33130,17573,78975,95583,1533.16,4009,1850,4258,9730,19285,28893,14243
2018,7,24,61684,89509,95163,8191,81303,1533.16,863,1554,2330,7206,63549,49769,30775
2018,7,25,77877,22426,99334,42485,74105,1533.16,645,4827,3293,9569,45153,15227,20165
2018,7,26,80164,75515,32501,30774,31598,1533.16,1018,3280,2645,9510,17822,38947,1786
2018,7,27,1955,90039,21855,79285,57245,1533.16,820,1472,4180,9488,10308,14636,35404
2018,7,28,31256,75954,64464,84550,75523,1533.16,1128,2038,2835,9970,11274,49432,25970
2018,7,29,66766,78831,59066,24411,50011,1533.16,4710,3317,1925,7916,63953,40521,26888
2018,7,30,3320,59360,91994,27500,70451,1533.16,3487,1705,4606,9303,10454,36481,2302
2018,7,31,65273,68736,58520,99460,83716,1533.16,3892,1833,1512,7957,15200,22875,27683
2018,8,1,3658,91193,84475,21574,55146,2489.48,1244,1722,3341,8743,10518,16022,41348
2018,8,2,43584,19365,62954,82887,21971,2489.48,3158,2057,4305,7948,90773,15966,49435
2018,8,3,12862,73959,58501,37171,81554,2489.48,4719,1758,1114,9193,13578,10416,47728
2018,8,4,80541,48030,7626,30234,33125,2489.48,3580,1707,4647,6162,75945,16618,8932
2018,8,5,10968,40456,73676,35273,4426,2489.48,2259,2286,4758,8474,70809,36312,30801
2018,8,6,9839,25529,37876,15110,81074,2489.48,1878,1613,4040,5855,16408,17044,44660
2018,8,7,41139,6780,51577,85787,68313,2489.48,3756,1272,2977,9754,30903,22402,27523
2018,8,8,39585,84515,6042,94343,96627,2489.48,2006,2816,3730,9772,54278,49803,26851
2018,8,9,45894,62509,77769,71286,78364,2489.48,1154,4501,4098,7731,10584,27410,35968
2018,8,10,25254,74044,73042,9583,32828,2489.48,1985,3763,4811,8766,83105,17789,20297
2018,8,11,81229,46465,56958,16311,47698,2489.48,1113,4942,1670,7772,97580,18458,11236
2018,8,12,96202,43735,4313,5300,41466,2489.48,4062,3070,1347,8455,92653,15526,25952
2018,8,13,8753,90991,54290,13564,95369,2489.48,2704,2948,1750,9332,18526,14260,3747
2018,8,14,15898,41724,74203,5993,51957,2489.48,803,3157,1869,5898,69809,23334,21783
2018,8,15,37419,68872,72758,53766,57327,2489.48,4291,2430,2752,7170,95993,34472,31763
2018,8,16,27328,60050,77421,43890,64712,2489.48,3149,1960,4753,8704,19304,13061,3031
2018,8,17,86839,10108,61220,18708,21575,2489.48,3394,3993,2603,9278,29110,39929,47381
2018,8,18,62914,48403,72361,52018,38335,2489.48,1489,2013,4755,8662,25903,25818,34706
2018,8,19,49644,50405,22779,94397,65461,2489.48,3809,2299,2190,5550,87358,40116,42083
2018,8,20,48761,95753,65462,81364,93256,2489.48,2645,2520,4326,6357,24537,14012,44573
2018,8,21,61063,77379,96027,22170,7640,2489.48,2987,2282,1494,6190,68030,20498,38282
2018,8,22,12849,91841,39150,81391,93221,2489.48,2858,3333,4964,6650,39696,48219,42860
2018,8,23,64245,43694,20741,39923,20051,2489.48,3934,2465,1470,6312,19634,12999,11630
2018,8,24,20946,83975,36635,25984,71092,2489.48,2833,1194,4208,7958,81681,38781,21017
2018,8,25,11194,69541,97115,66158,39213,2489.48,4377,3456,1856,5906,43378,16906,3163
2018,8,26,29451,13665,30724,84811,96330,2489.48,4162,2274,1378,6438,59609,21775,1466
2018,8,27,38165,72443,22068,67374,40777,2489.48,1154,1970,1994,9620,18127,45204,20101
2018,8,28,72783,48857,65013,85991,326,2489.48,4249,1128,4759,9972,30938,17558,24743
2018,8,29,16683,95101,84715,67367,12249,2489.48,998,1682,3118,7836,34138,23895,44325
2018,8,30,80366,56645,42218,86359,76265,2489.48,2914,1622,1116,5864,51389,42230,26697
2018,8,31,54022,86991,88359,8781,36963,2489.48,4868,3645,1508,9176,37363,18710,35650
2018,9,1,59210,26116,38378,19475,60254,1404.73,4840,1897,1692,5110,19036,13890,28625
2018,9,2,50465,74912,89444,79744,42653,1404.73,3765,4642,1384,8897,82957,38385,48026
2018,9,3,18767,52955,35487,79702,90318,1404.73,4960,1768,1912,9689,85353,31204,44837
2018,9,4,68315,1546,14454,55508,4096,1404.73,4397,1834,1910,8840,67007,15774,23967
2018,9,5,73219,17125,3878,25955,76023,1404.73,4339,1140,4788,9825,14396,46457,36835
2018,9,6,44663,92154,12337,81966,48195,1404.73,3170,1508,1184,7960,72016,36035,14043
2018,9,7,17943,7766,23300,33173,16607,1404.73,2406,1176,2431,5162,32130,49805,40307
2018,9,8,98118,46470,27298,54258,96295,1404.73,2067,2308,2995,9403,39274,41189,34491
2018,9,9,59798,18797,7699,91738,12772,1404.73,2772,2065,3831,8638,80237,36789,46067
2018,9,10,57730,87645,42966,81513,15280,1404.73,1317,4749,2916,8614,84006,18326,25096
2018,9,11,59457,17426,7872,2452,46830,1404.73,3641,2978,2293,7691,14715,11417,13498
2018,9,12,30110,58840,58483,50293,26263,1404.73,2082,1406,4068,6399,81856,24347,5073
2018,9,13,37848,79527,4097,75764,4493,1404.73,1326,3949,3232,8950,66400,11374,4456
2018,9,14,14048,60042,24393,12694,94085,1404.73,934,4193,4299,8944,74486,13836,5460
2018,9,15,54017,77921,57258,13085,24320,1404.73,3784,3518,4992,8474,54282,39484,39115
2018,9,16,45040,96961,3434,83273,63863,1404.73,4685,4262,1227,9077,23307,40312,19835
2018,9,17,80890,63770,64506,11541,62714,1404.73,3453,3082,3263,8282,62518,23935,5344
2018,9,18,97530,82655,52454,32522,6888,1404.73,2005,3278,1400,5439,51550,17398,23088
2018,9,19,45274,52589,10877,91501,78018,1404.73,1812,3906,2952,5350,70446,27018,34184
2018,9,20,84366,55253,26453,33982,97316,1404.73,2916,4844,2977,6721,27365,44864,5323
2018,9,21,16162,99371,79495,52562,74810,1404.73,4175,1434,4985,7926,27935,28002,31046
2018,9,22,30588,76100,36910,28541,5122,1404.73,1910,1688,3959,8362,39820,42626,23708
2018,9,23,53685,47737,87471,58014,40810,1404.73,4229,1970,1126,8724,25883,21719,31188
2018,9,24,79770,95060,58155,96107,91464,1404.73,4108,2050,4892,7369,66942,16366,2442
2018,9,25,51078,88853,22206,46389,53567,1404.73,4015,3603,2465,6485,81616,33274,28378
2018,9,26,57674,50847,40246,4584,99571,1404.73,1302,1392,2539,6534,91797,19002,32481
2018,9,27,19602,65906,7406,30847,93276,1404.73,2212,1418,3200,5769,14194,16766,24348
2018,9,28,64147,46108,40370,6612,72594,1404.73,1237,1618,4184,5678,51201,38754,38339
2018,9,29,45316,93856,84446,22855,94665,1404.73,3209,1244,3499,5614,61463,18126,42595
2018,9,30,6314,25028,28831,69514,27149,1404.73,2632,1294,2030,9353,14257,20975,35924
2018,10,1,20496,17594,86876,83330,85147,3151.32,3644,4002,2778,7851,90018,35372,41982
2018,10,2,76061,20636,43873,8027,98452,3151.32,4339,4830,2181,6870,66979,18922,28351
2018,10,3,2838,58274,7839,78543,88884,3151.32,2586,4378,2759,9461,92707,47906,28815
2018,10,4,87796,37705,93261,80574,5556,3151.32,946,1615,1090,6170,11996,18716,33279
2018,10,5,54521,20333,58548,28054,20538,3151.32,3861,4726,1278,6830,34621,39034,25527
2018,10,6,56867,27208,98413,85978,23021,3151.32,3883,1640,1478,7000,91389,17083,7473
2018,10,7,76774,73688,65051,97040,99858,3151.32,2107,4377,2727,5302,98783,44617,21044
2018,10,8,32533,52645,696,49037,30697,3151.32,3070,3914,2523,5680,89892,35544,35317
2018,10,9,76660,90128,12712,38188,83624,3151.32,550,1614,4139,5270,73787,43996,4101
2018,10,10,41364,5896,64727,65443,12902,3151.32,542,1786,2505,6110,10822,29554,13510
2018,10,11,46072,65245,83469,24948,18080,3151.32,1843,4738,3488,9554,49277,47111,23361
2018,10,12,60008,54548,23860,54147,24868,3151.32,3143,2582,4894,9221,48025,32795,47648
2018,10,13,9083,58085,10934,41588,85192,3151.32,1141,1263,2000,9230,72562,21431,21756
2018,10,14,94323,99406,16171,74163,38960,3151.32,2625,1302,1347,5970,69465,11214,31800
2018,10,15,75485,33961,60150,11731,63182,3151.32,877,2263,2610,7274,30202,17802,8175
2018,10,16,93567,67697,15418,80567,88659,3151.32,1998,2980,2384,9050,73495,42695,37980
2018,10,17,16320,11121,74367,69019,72606,3151.32,962,4441,4143,6262,92523,23676,10184
2018,10,18,14909,53402,62292,97519,25213,3151.32,650,1110,1541,5966,32049,31551,8846
2018,10,19,85069,50400,80885,72453,1272,3151.32,1500,3942,1008,5866,11874,17858,4380
2018,10,20,66050,49547,35251,76545,56281,3151.32,1572,1188,1175,5215,68706,22739,27775
2018,10,21,54061,50380,57870,46955,47469,3151.32,4857,2537,1298,5741,21341,41588,39919
2018,10,22,80121,52842,75532,45621,75060,3151.32,686,1108,4390,5327,34004,10870,44845
2018,10,23,79454,577,71859,60629,45792,3151.32,3367,1204,3647,7589,79510,21116,6917
2018,10,24,47508,24368,3654,4178,50110,3151.32,2117,1902,4188,8010,92201,35599,41347
2018,10,25,48845,8631,26709,93235,60311,3151.32,522,4763,2641,8466,16744,39784,27065
2018,10,26,55384,112,72341,79031,57701,3151.32,1498,1560,1218,6503,42089,42679,1851
2018,10,27,27851,4207,72909,38391,58208,3151.32,3989,3403,1622,7049,32990,16754,31463
2018,10,28,44115,43247,6519,38108,41714,3151.32,2891,3448,4725,7734,17670,13778,23263
2018,10,29,18435,75330,35339,11005,78185,3151.32,3683,1034,2985,5898,44424,22544,27428
2018,10,30,24407,68415,95949,30851,35464,3151.32,2605,1868,3536,7750,34036,46601,28939
2018,10,31,43738,11929,60050,99815,78513,3151.32,3592,3298,1132,8930,24303,38745,35233
2018,11,1,77987,61133,40696,37283,5557,1423.63,1688,1318,1088,8891,42138,20829,13240
2018,11,2,22849,38068,59367,43324,88457,1423.63,3412,1566,2369,6462,95248,33953,22320
2018,11,3,16820,24899,44515,82102,49202,1423.63,1163,3540,1496,8210,80822,32652,49612
2018,11,4,27802,58864,89327,53342,84107,1423.63,522,1954,1778,6240,50277,24340,47817
2018,11,5,38561,70042,91077,37282,73268,1423.63,1234,1438,2574,8430,19598,43128,2677
2018,11,6,98064,46056,53021,58808,44266,1423.63,2811,3418,1666,6988,41759,19040,1630
2018,11,7,11307,98635,32822,97191,14875,1423.63,2882,3434,3139,5310,90715,42759,33099
2018,11,8,14339,28302,49198,58265,10402,1423.63,2744,3465,1496,6182,83624,27113,4090
2018,11,9,70960,57788,65533,12721,21277,1423.63,2236,2582,2277,5057,46124,37152,23644
2018,11,10,54509,50359,90587,24000,45669,1423.63,3110,1358,1920,9262,34623,10866,47655
2018,11,11,2750,2368,61175,19247,39485,1423.63,1359,1795,3937,7594,39515,40213,44799
2018,11,12,85536,78104,72797,7813,49514,1423.63,1316,4021,1272,7642,44372,47651,35273
2018,11,13,65910,27484,24011,91865,76144,1423.63,925,3892,2352,8426,14490,16836,24986
2018,11,14,83250,10851,43632,2187,89094,1423.63,2400,1970,2602,6222,15145,27115,49500
2018,11,15,83173,76462,47489,68804,44717,1423.63,2807,1977,1402,6348,18842,11839,41862
2018,11,16,48155,96120,7084,25507,18220,1423.63,3695,2820,3776,8678,20007,16914,21575
2018,11,17,18178,78760,45203,95781,26660,1423.63,4247,4831,4512,6736,94987,30581,26700
2018,11,18,78598,27795,57559,30646,964,1423.63,2484,1906,3872,9567,14664,14192,42753
2018,11,19,87494,66023,41264,36270,1054,1423.63,992,4230,1381,8210,31362,49392,11271
2018,11,20,45097,70611,9225,14609,57347,1423.63,1541,2295,4709,9100,82940,32024,20564
2018,11,21,11853,41777,47494,17077,7696,1423.63,519,1582,2195,7162,31458,38248,4821
2018,11,22,43054,38302,73831,15788,6699,1423.63,746,1794,2155,6110,82755,15853,5194
2018,11,23,61319,44297,34501,26028,79749,1423.63,3051,1601,1146,7614,25029,49615,33793
2018,11,24,26718,65550,94805,63913,47333,1423.63,2160,1570,1842,5990,22524,37615,26264
2018,11,25,97536,37705,39410,6043,78460,1423.63,1895,4778,2813,5504,82157,12561,38517
2018,11,26,56540,6562,70515,48460,78458,1423.63,3075,1526,2445,5768,85438,24777,45545
2018,11,27,85495,3951,31515,66412,96294,1423.63,766,3828,1743,9787,99871,20202,4040
2018,11,28,64657,88119,26333,63822,10867,1423.63,2734,2405,1403,6508,32217,26212,24843
2018,11,29,25146,80293,47740,2591,39524,1423.63,3719,1782,3480,5233,15572,49773,49530
2018,11,30,29273,78160,59954,21016,4299,1423.63,2570,3954,4295,8438,32775,41513,26177
2018,12,1,75511,75271,6500,5112,7488,2422.45,1608,4131,1803,5550,43655,46332,49065
2018,12,2,9270,68674,16165,84503,92807,2422.45,3775,1940,2243,9206,91615,18419,15938
2018,12,3,58713,60571,99067,8968,9698,2422.45,4063,1559,1710,6915,13350,39689,40580
2018,12,4,55980,69631,93822,69135,35181,2422.45,1818,4449,2501,7983,45304,15307,37477
2018,12,5,30273,59080,2625,72516,10222,2422.45,2287,1174,1161,6353,10605,30859,44240
2018,12,6,13286,94669,82419,79136,17936,2422.45,734,1094,1286,8997,75752,26604,5442
2018,12,7,32826,7572,71054,55327,71907,2422.45,1985,2178,1788,9609,91046,18362,32710
2018,12,8,202,98334,20001,71363,21039,2422.45,2221,4323,1625,8006,29810,19132,30606
2018,12,9,56434,14988,66180,47857,10337,2422.45,4460,3162,1720,7494,14840,37761,41933
2018,12,10,94576,1827,56292,2717,7788,2422.45,1078,2988,2022,7430,95703,33061,13690
2018,12,11,88036,64277,33737,29661,15269,2422.45,573,3053,3534,7042,52262,10454,13548
2018,12,12,30038,26723,48385,95893,4941,2422.45,950,4516,2755,6296,18584,11094,29578
2018,12,13,69987,56015,29884,48361,13445,2422.45,2773,1479,4862,6070,31139,21483,25587
2018,12,14,61410,53066,25889,39944,24819,2422.45,690,4855,1225,9902,67099,26165,28151
2018,12,15,89480,17105,42034,87235,39753,2422.45,4128,1090,1631,5363,90803,46427,10618
2018,12,16,97302,38577,47907,3517,36439,2422.45,4999,2847,3463,7239,54142,39633,45399
2018,12,17,45391,15661,60841,66616,25563,2422.45,4132,1393,1395,9398,34979,17499,27940
2018,12,18,28136,60460,43591,61120,32176,2422.45,2546,4476,4321,7250,32992,42112,1502
2018,12,19,67204,74344,39960,32019,41584,2422.45,1651,3325,1114,8843,86292,13478,44103
2018,12,20,26783,95425,99422,4530,62943,2422.45,2028,2430,1211,7910,68549,43386,1516
2018,12,21,32716,92448,89216,38390,64253,2422.45,501,2807,2903,6812,79825,20838,38560
2018,12,22,47267,17829,74164,73381,16672,2422.45,1408,4805,3583,6702,64334,12278,26808
2018,12,23,7934,2716,75309,35498,1038,2422.45,3883,3753,2656,8910,88494,16909,43858
2018,12,24,23011,85348,64717,52266,22160,2422.45,3103,4426,3722,7246,59158,45394,10895
2018,12,25,6778,568,71552,95361,41397,2422.45,1886,1374,4953,8546,19014,11990,35887
2018,12,26,82404,96415,6096,35061,80866,2422.45,3321,3875,4936,6084,72492,18448,44590
2018,12,27,93932,95596,4227,89007,25566,2422.45,752,2342,3951,9242,27702,21700,13385
2018,12,28,24542,90942,87383,79495,29488,2422.45,980,3243,4975,7932,79655,32192,38562
2018,12,29,52523,64329,2420,48811,97366,2422.45,3610,2649,1858,7836,13007,28775,24912
2018,12,30,67574,13760,77470,47877,86063,2422.45,4576,1956,2465,6630,12910,16618,21525
2018,12,31,78224,58288,2900,79552,16221,2422.45,3095,1654,3234,8390,33904,26952,48907
2019,1,1,33868,954,58638,38056,13961,2315.42,628,2719,1234,7020,30133,11062,37413
2019,1,2,39434,57090,31576,29097,79893,2315.42,3671,3179,4131,6454,70751,16084,39880
2019,1,3,81319,55846,87625,78186,6103,2315.42,4963,4969,1068,9914,78024,45841,14577
2019,1,4,28718,6,39913,9952,53511,2315.42,2709,4295,3487,8578,54743,39731,36398
2019,1,5,50516,78416,94263,59647,97990,2315.42,4036,1328,2211,8012,73844,43313,15015
2019,1,6,52589,40161,99635,34470,65113,2315.42,1662,3829,4016,6574,15150,13878,44012
2019,1,7,72972,32842,73174,32811,77126,2315.42,2541,3993,1332,6322,19991,17314,27918
2019,1,8,64523,4028,16334,1734,92040,2315.42,1399,1968,1378,8334,11800,11802,40178
2019,1,9,55045,58463,5632,49061,45037,2315.42,2938,4360,3605,9886,67170,16734,25765
2019,1,10,46734,56065,96077,69418,55573,2315.42,790,1654,1447,6423,21827,44838,16068
2019,1,11,96602,83227,5819,43291,44261,2315.42,806,1322,2433,5862,81069,15314,33971
2019,1,12,2841,10360,88182,77798,12824,2315.42,1232,4556,4120,8660,45325,49692,21705
2019,1,13,91081,35417,19787,27528,41840,2315.42,3717,4792,1192,9080,98083,35452,41614
2019,1,14,44859,53176,17461,37292,30252,2315.42,1112,4443,1998,5646,27241,38064,48530
2019,1,15,67351,73474,13974,11471,32135,2315.42,2514,3214,1066,7300,67093,11654,9299
2019,1,16,88914,55811,7699,30106,66699,2315.42,1909,1556,1266,5722,65199,21912,5782
2019,1,17,80604,56312,71357,5845,68310,2315.42,3909,1328,4774,8478,63481,36908,14950
2019,1,18,49885,90996,76475,60952,38296,2315.42,3857,3561,1470,7907,90018,32428,43568
2019,1,19,60042,38281,10337,51703,4003,2315.42,3614,4605,1846,5318,90450,10614,25536
2019,1,20,92624,50712,52168,97399,41298,2315.42,4306,1181,4348,6318,68484,43996,32002
2019,1,21,70701,98694,53910,86431,36602,2315.42,870,2994,3559,5546,64696,10274,43928
2019,1,22,71082,54663,3520,19281,15986,2315.42,788,3608,2384,7955,22358,18681,10322
2019,1,23,36309,56666,26215,75658,83799,2315.42,4653,1710,4744,7134,73633,46345,44700
2019,1,24,83842,58844,75692,82402,54391,2315.42,1314,1914,1910,9676,44751,27387,40388
2019,1,25,31507,80540,52348,8891,84848,2315.42,2571,2507,2723,7582,13164,47873,24707
2019,1,26,64838,99170,18724,74582,39084,2315.42,2279,4277,1200,5950,21678,21942,42357
2019,1,27,69711,22993,63766,81113,44179,2315.42,3499,1378,1662,7198,84575,13224,8518
2019,1,28,68257,28499,44116,15980,98637,2315.42,3852,3473,4153,8928,54407,28236,23632
2019,1,29,91285,91687,67514,58837,21009,2315.42,2130,1446,4888,7238,88182,10846,5544
2019,1,30,85766,96682,81103,7526,90233,2315.42,4133,3488,1066,9210,90820,18338,32030
2019,1,31,64584,71025,88991,53737,86305,2315.42,3325,3941,1435,5838,52777,38795,9750
2019,2,1,66261,95867,32623,27157,84049,3133.36,2921,2082,2006,7286,14694,33876,4393
2019,2,2,50932,78507,60757,25532,69327,3133.36,990,1703,1078,6806,43007,35011,36273
2019,2,3,58529,36949,2799,40720,6079,3133.36,3453,2338,3812,7427,99494,16878,7947
2019,2,4,31820,28768,1295,83666,49214,3133.36,2541,1497,4819,8297,42028,35497,21313
2019,2,5,64571,48496,42201,56185,8700,3133.36,2548,2227,4860,5686,15902,10938,1561
2019,2,6,34645,52752,49629,38457,46531,3133.36,4021,3349,4241,6667,78367,19624,15475
2019,2,7,97981,95909,76305,97800,90559,3133.36,3296,1480,3180,7426,27664,16472,34685
2019,2,8,43410,35213,91811,98270,61912,3133.36,560,1555,3860,5188,51364,15391,49758
2019,2,9,7016,10386,10093,17609,87053,3133.36,2415,1384,4368,5174,99183,41278,38460
2019,2,10,21109,98833,62759,20641,40682,3133.36,3871,4090,1987,5518,98711,20250,6775
2019,2,11,36791,74272,33158,5652,15813,3133.36,2394,2827,1258,7486,40435,48311,34522
2019,2,12,35947,34204,99696,36667,4275,3133.36,2944,1734,4063,7054,62374,19006,15232
2019,2,13,13829,91246,55187,72168,28280,3133.36,2417,1254,4521,5575,87072,10333,3898
2019,2,14,26449,40819,83161,37708,4658,3133.36,2370,1216,4150,8417,93621,44777,39948
2019,2,15,83649,21566,36512,14064,28620,3133.36,666,3799,1483,5670,30967,17974,48887
2019,2,16,10596,39737,32537,55117,65312,3133.36,1801,3112,1779,5282,62171,31436,35961
2019,2,17,71261,14542,38392,61764,99311,3133.36,1540,2959,4929,9403,13374,14900,32013
2019,2,18,24642,98535,73700,47478,55232,3133.36,3591,1662,4403,9086,37294,26066,4667
2019,2,19,67089,85448,34179,43868,16761,3133.36,1655,4373,2242,7158,66136,26553,46350
2019,2,20,28411,39029,25865,98340,48432,3133.36,3239,4425,4124,6938,36902,18722,39239
2019,2,21,7958,35494,91535,52361,82974,3133.36,4778,1126,4276,5309,10280,47389,28830
2019,2,22,58011,51936,51763,85254,48334,3133.36,3158,1743,3278,8054,75082,38061,17899
2019,2,23,9613,4674,27487,63738,7964,3133.36,3093,1850,2586,9264,84632,15559,30741
2019,2,24,9809,79412,81973,40438,41073,3133.36,2826,4082,1891,9588,11142,25224,8605
2019,2,25,73839,28846,18320,47117,99220,3133.36,1529,1542,4426,9016,10556,22389,9754
2019,2,26,26109,94719,54663,58695,59346,3133.36,605,1022,1062,5164,42295,26129,39295
2019,2,27,81182,30122,91565,58073,86062,3133.36,4648,1251,2449,7967,39719,12110,42252
2019,2,28,27721,41249,94557,58499,86617,3133.36,888,2725,4547,5550,71419,20245,49830
2019,3,1,78378,55752,26255,67307,98047,2941.81,4840,4519,1226,9264,46932,18903,18736
2019,3,2,38914,23184,72705,73233,62903,2941.81,2305,4150,1633,5803,14248,36462,25725
2019,3,3,73044,19845,31011,24946,7616,2941.81,2494,1994,3358,8748,69651,37756,1256
2019,3,4,93836,34492,48628,20488,73756,2941.81,4390,4020,3742,8406,18094,47996,45560
2019,3,5,54171,19559,18499,90804,11714,2941.81,3618,1109,1874,9266,26054,19429,25618
2019,3,6,92236,74901,55422,81946,33649,2941.81,1053,3836,1840,9370,64323,49671,25073
2019,3,7,30240,20066,78692,65334,48512,2941.81,4681,2681,3206,8179,19684,44920,47297
2019,3,8,40150,53456,46030,1963,44436,2941.81,1391,3022,3336,6340,34967,13336,38436
2019,3,9,84590,21021,73525,60506,72053,2941.81,734,3643,2912,5219,83976,12856,37848
2019,3,10,2517,80010,25458,35723,78189,2941.81,1994,4689,1453,9375,36652,32240,1647
2019,3,11,47812,8044,35263,27500,51209,2941.81,2187,1606,2601,5766,96303,29653,20230
2019,3,12,84912,22832,98297,42825,44403,2941.81,599,1918,3633,7408,98993,23173,48625
2019,3,13,75407,95988,7864,96860,55364,2941.81,4099,4526,3910,8732,47025,20119,44516
2019,3,14,943,20565,72270,24896,51277,2941.81,4548,1188,2755,9196,95364,17326,18573
2019,3,15,34173,77316,15429,29158,1077,2941.81,2331,1482,1760,6546,73342,32123,14422
2019,3,16,87414,68794,18002,56324,99508,2941.81,1442,1801,1943,8711,41697,19571,31379
2019,3,17,33636,62598,5760,57743,98147,2941.81,1252,2318,4791,6750,61476,45867,17476
2019,3,18,72454,80160,88702,99214,23058,2941.81,2689,1910,2189,5690,66793,13048,28396
2019,3,19,97070,59589,96202,99013,8300,2941.81,3583,3287,1848,5630,16029,14994,37899
2019,3,20,8171,42282,63665,19314,314,2941.81,1532,2766,1651,7798,71980,44708,41493
2019,3,21,14982,69670,71531,78523,85360,2941.81,1570,3780,4264,7772,97792,22563,38325
2019,3,22,92023,66377,97203,8871,73424,2941.81,894,2945,3217,7772,17259,38531,29585
2019,3,23,61726,65144,61298,99730,1730,2941.81,789,1711,1310,9310,95233,37362,49630
2019,3,24,86997,53157,36143,1261,90929,2941.81,730,4302,3015,7378,24525,12886,1182
2019,3,25,83315,64742,4384,71532,84975,2941.81,566,1700,4490,7712,62781,21219,37995
2019,3,26,3694,23571,54283,55697,55891,2941.81,4410,2886,4024,5552,60498,26304,15869
2019,3,27,12192,675,25607,45207,38053,2941.81,2996,1366,1225,9550,18508,32551,16484
2019,3,28,26727,69313,95604,46217,23377,2941.81,3788,3421,1955,8070,99117,16818,8385
2019,3,29,20291,8528,13437,39315,70433,2941.81,1970,2623,4608,7868,44182,29012,23935
2019,3,30,90413,12179,66731,37990,911,2941.81,541,2637,1198,6144,90205,35020,25981
2019,3,31,40882,73994,28442,39189,28417,2941.81,3385,3706,2438,6821,17522,39222,43912
2019,4,1,86344,38199,71717,10273,82381,2691.87,2037,4558,2459,5026,95469,43439,1470
2019,4,2,25568,39459,5084,8065,29664,2691.87,604,1206,1249,8980,48425,45160,6456
2019,4,3,97871,13484,63951,21045,34209,2691.87,3152,1114,1371,9868,47176,23751,3174
2019,4,4,6950,64214,34662,74410,19241,2691.87,4200,1159,1890,9284,85575,31956,46483
2019,4,5,45740,50873,51966,96989,55358,2691.87,3500,4580,1870,9834,90624,14434,16743
2019,4,6,91977,25129,1339,49700,31349,2691.87,4802,3298,1758,8936,12707,14672,14867
2019,4,7,70947,46908,42184,73239,2544,2691.87,806,4635,4983,7159,77975,11222,27760
2019,4,8,73902,86477,36274,20480,58928,2691.87,1265,2255,3377,8955,16954,49725,43250
2019,4,9,83822,6757,38024,29254,47572,2691.87,564,3517,1398,8813,91756,32885,17083
2019,4,10,12925,13303,13873,7908,70463,2691.87,4600,1440,3324,7054,97546,14442,41849
2019,4,11,70475,15164,20859,38852,34119,2691.87,4929,4292,1850,9304,63545,16992,37813
2019,4,12,76388,90176,43362,23082,58989,2691.87,966,1912,4771,9839,96171,35233,1470
2019,4,13,78040,70773,12302,56364,97998,2691.87,4966,3472,1334,7176,23675,25481,9848
2019,4,14,84989,94957,9774,62261,4262,2691.87,751,2000,4846,7574,20081,10382,39672
2019,4,15,81934,92400,43451,46706,78591,2691.87,3290,1629,1745,9606,12992,41095,39622
2019,4,16,36792,39311,25920,78155,86487,2691.87,3635,2826,4551,9761,50086,15164,49595
2019,4,17,69433,37191,62165,65631,67655,2691.87,816,4588,2002,5014,12645,19587,32246
2019,4,18,20240,10936,26217,63338,37880,2691.87,784,1022,1223,6703,85528,47710,5562
2019,4,19,12650,39164,85537,73553,35277,2691.87,3716,4708,1044,7232,86690,23171,1976
2019,4,20,15830,7507,39112,6827,88125,2691.87,2765,4716,4044,8981,17650,16923,1757
2019,4,21,90895,25190,24298,2119,88245,2691.87,1180,1796,1390,6894,74446,10022,9826
2019,4,22,70044,29515,21678,75561,46748,2691.87,742,2576,1758,8902,69402,20351,8369
2019,4,23,72305,62168,61420,67701,97502,2691.87,975,4747,2365,5272,13740,45609,15825
2019,4,24,35098,23046,96503,16790,41115,2691.87,2406,2509,1815,9084,19422,13562,37301
2019,4,25,63805,859,42491,96031,21406,2691.87,2733,1126,1764,8314,77761,20617,28246
2019,4,26,76329,78737,25366,46,4009,2691.87,654,1858,2980,8509,72247,45446,48583
2019,4,27,12162,6006,72956,28977,61442,2691.87,3890,1010,4587,7733,21276,30993,8730
2019,4,28,95979,54010,41055,2743,64515,2691.87,3360,1694,3904,5077,57240,34265,35169
2019,4,29,13660,52895,6075,17992,77756,2691.87,3437,4917,1368,5500,18893,12120,28322
2019,4,30,61475,44137,3719,87415,11870,2691.87,3407,4199,1707,5813,26941,26221,41347
2019,5,1,66654,33417,24887,48083,90657,1417.87,3094,4902,1577,6085,37658,26251,25504
2019,5,2,75876,27576,76931,28621,62821,1417.87,1446,1956,4120,7730,35177,16818,5403
2019,5,3,28620,59377,28527,4434,2671,1417.87,1766,1360,3163,6018,33758,45171,4748
2019,5,4,48508,28205,5075,30086,24290,1417.87,2688,1516,1659,9618,45136,49479,42733
2019,5,5,71373,67936,72789,30494,78148,1417.87,3663,1767,3694,8786,27552,36364,7966
2019,5,6,96938,75671,88392,51453,48676,1417.87,2976,2182,1442,8050,43619,40995,22150
2019,5,7,77135,66308,7512,63794,82278,1417.87,4624,3650,3287,9678,16150,31434,19001
2019,5,8,26731,64159,54554,10425,56349,1417.87,3140,4637,4128,6154,37441,22803,32106
2019,5,9,40034,50418,36338,6739,68468,1417.87,2733,1953,2616,6418,25746,11246,46310
2019,5,10,90598,55372,14897,43885,74136,1417.87,1670,1740,1812,6224,27641,18601,31744
2019,5,11,44682,57134,38239,18810,75018,1417.87,1612,1910,2449,8614,21788,27269,25681
2019,5,12,90612,35875,89223,53228,57472,1417.87,4473,4420,3044,5721,16618,27179,31322
2019,5,13,77465,99975,94398,73367,62551,1417.87,3319,2232,1058,6558,26041,36893,38391
2019,5,14,88591,84007,18296,31040,78309,1417.87,4660,3919,2309,7776,38498,49780,40084
2019,5,15,11557,69325,14201,14601,15046,1417.87,1779,3862,1534,6176,98580,17733,38857
2019,5,16,40920,56900,41318,52796,69810,1417.87,4688,3399,2717,7983,11592,12377,33712
2019,5,17,14419,80452,31297,6729,60687,1417.87,2860,2242,1910,6836,86842,36868,36147
2019,5,18,42270,94975,95731,13805,97503,1417.87,1538,3421,1209,5720,91216,21019,44311
2019,5,19,56567,47257,95771,40636,21592,1417.87,3012,2362,4717,5350,59090,25403,17914
2019,5,20,36808,48303,63999,92278,51716,1417.87,1004,1378,2166,9886,24141,26021,17193
2019,5,21,1890,72032,14443,69452,61240,1417.87,1822,4157,1248,5194,91145,14432,22012
2019,5,22,36859,94158,59574,51576,61171,1417.87,3330,2977,4669,7328,13222,17737,35016
2019,5,23,90874,18457,78075,69392,9684,1417.87,834,1573,1951,6207,97376,18190,18568
2019,5,24,14571,4199,18700,190,23143,1417.87,3752,1270,1446,6660,11575,31524,9845
2019,5,25,34693,71259,95854,50715,94939,1417.87,3451,1632,2267,5764,55203,13303,18812
2019,5,26,47797,16968,74877,54748,93175,1417.87,4289,2744,2802,7989,15878,15944,22253
2019,5,27,84186,48039,75946,20892,47717,1417.87,2415,2408,1110,9250,33122,20069,3873
2019,5,28,33433,67926,72233,87052,80803,1417.87,718,3599,4403,6358,83346,15746,27436
2019,5,29,30187,38989,61675,22989,13330,1417.87,3933,2514,1430,9910,18406,48066,35961
2019,5,30,35103,37174,80476,26586,68147,1417.87,1654,1578,2875,8886,19954,45029,29950
2019,5,31,12675,55337,23629,73430,96919,1417.87,3710,3457,2315,6974,66445,25644,23328
2019,6,1,21731,89511,74400,52961,24269,1603.53,4415,2794,4292,7352,45940,15594,22466
2019,6,2,60359,63871,13470,45597,68852,1603.53,3270,1088,3479,8051,53810,21806,8499
2019,6,3,91763,97268,50474,13499,63713,1603.53,3899,1795,1979,8298,71107,22600,26118
2019,6,4,764,75523,50395,70057,39227,1603.53,650,4584,1556,5471,45181,11759,12687
2019,6,5,40322,19804,18652,88801,84208,1603.53,1958,2321,4728,7431,22171,49792,22462
2019,6,6,69901,76071,51588,18233,4369,1603.53,832,1126,3217,9878,91540,15214,22696
2019,6,7,70265,93543,53381,63173,25366,1603.53,4931,2038,1069,7174,87191,35276,14914
2019,6,8,32396,64150,27598,2124,7934,1603.53,1916,2833,2191,7016,96065,46559,16121
2019,6,9,26199,3250,68044,40769,60828,1603.53,4564,1091,1668,8602,94263,11194,25936
2019,6,10,95563,35548,93234,46632,95482,1603.53,3259,2877,1860,8862,30000,35210,46777
2019,6,11,8329,98269,79397,50520,18125,1603.53,3431,4322,3711,5926,11606,11790,25462
2019,6,12,73763,12359,86983,59592,93008,1603.53,2138,3569,1792,6723,51552,12274,31246
2019,6,13,93500,49812,56504,70777,8372,1603.53,987,1699,1124,5383,83571,19248,2856
2019,6,14,27197,97003,79923,22260,94829,1603.53,3150,3590,1350,5132,44534,12358,31366
2019,6,15,62730,48025,8004,95875,44748,1603.53,4500,4598,1446,8094,41726,34089,9556
2019,6,16,83859,97714,67142,84983,49449,1603.53,582,2997,2714,8230,15256,17798,1436
2019,6,17,98223,9759,27486,8298,91243,1603.53,2732,3972,1395,5735,49846,47494,38372
2019,6,18,11644,74347,52093,53714,55350,1603.53,4155,1128,2884,5214,40542,23684,43819
2019,6,19,22009,77477,66682,86075,94334,1603.53,4968,2555,3048,8805,17205,49291,48291
2019,6,20,93529,61290,69616,29924,13377,1603.53,3769,1846,1342,5861,95085,31860,19462
2019,6,21,6033,99241,37420,30269,70537,1603.53,3952,3896,3142,5142,11322,32475,44314
2019,6,22,68925,72643,91384,93325,77801,1603.53,2615,1328,1229,8582,17604,49605,8589
2019,6,23,14396,77726,40978,24555,89940,1603.53,2766,1952,1238,6538,42591,22190,36063
2019,6,24,87204,46544,47439,75346,33530,1603.53,2821,3805,2754,9204,12130,25554,8761
2019,6,25,74145,21098,13236,60374,99681,1603.53,4978,1738,4916,7710,54982,14855,47192
2019,6,26,53370,94101,27179,5024,70639,1603.53,2213,2842,2665,9312,33187,16194,19770
2019,6,27,49764,7361,1353,13871,56565,1603.53,776,2060,1872,9011,14876,16963,13483
2019,6,28,32555,83765,97392,73824,1072,1603.53,3678,4441,2825,8866,59464,49816,18726
2019,6,29,18331,3031,24011,50996,94034,1603.53,3542,1262,1830,9798,74019,15334,7198
2019,6,30,64729,29796,888,32012,15160,1603.53,3975,2713,4788,5446,21536,25860,24673
2019,7,1,26568,96654,60621,58777,72470,2627.19,2106,1851,4446,8918,85885,16002,10437
2019,7,2,77997,46035,88907,29243,20054,2627.19,654,4848,1323,9362,81359,16086,9085
2019,7,3,57661,29074,25785,70379,66962,2627.19,3173,4880,4649,8794,85008,13914,17997
2019,7,4,39231,62116,45323,90030,22922,2627.19,4377,2269,3593,9635,46511,29998,47560
2019,7,5,78720,56834,96200,55044,15519,2627.19,2391,3179,1631,8175,59909,39945,27559
2019,7,6,82525,28084,99826,63526,56878,2627.19,1996,2459,3301,8671,18840,36222,34835
2019,7,7,26231,33218,3492,19825,52853,2627.19,4822,1572,4539,9522,11898,10124,16355
2019,7,8,39933,75359,28237,62916,89886,2627.19,2860,2409,2581,9038,35935,39458,4499
2019,7,9,53873,52932,18270,33526,47955,2627.19,1099,4185,1338,5942,10361,39532,37111
2019,7,10,22297,76536,87457,61836,38910,2627.19,3244,3841,1572,7833,41756,22018,40424
2019,7,11,82332,10970,44429,14913,80008,2627.19,722,1918,4646,8991,15094,47601,30364
2019,7,12,92454,36208,88139,79134,92150,2627.19,3665,1604,1398,6121,17978,13943,48500
2019,7,13,96545,42229,9137,78678,20062,2627.19,695,3744,1862,5930,33656,16452,1798
2019,7,14,91839,54379,24805,57838,9723,2627.19,1790,2175,1119,9928,97660,19620,24913
2019,7,15,74780,16326,16770,49814,38799,2627.19,942,1694,4333,9245,30371,20747,25754
2019,7,16,56491,97420,39492,18353,8895,2627.19,2925,2085,1910,7729,91274,19952,39501
2019,7,17,42642,63065,88481,20113,39345,2627.19,1084,4123,3818,5716,80288,15242,36141
2019,7,18,48607,60398,9312,32941,65996,2627.19,774,2485,3453,9530,40838,28700,6035
2019,7,19,99031,50116,12138,59262,84198,2627.19,565,1838,1475,8100,63303,11648,3412
2019,7,20,36539,69388,36295,55357,92242,2627.19,4324,2199,3332,8635,12992,18664,16583
2019,7,21,11023,76531,81813,64476,86062,2627.19,4527,1443,4118,6686,60704,23315,39003
2019,7,22,75076,6271,16506,57903,56668,2627.19,654,4557,1106,6367,81265,24141,46161
2019,7,23,49303,10591,31341,42635,65578,2627.19,1961,1599,4362,7556,57427,16775,37833
2019,7,24,22777,33307,18220,28247,4972,2627.19,2913,1398,2897,8846,54301,40917,45276
2019,7,25,30580,34375,475,12480,67095,2627.19,1620,1396,1398,8634,59030,40611,48093
2019,7,26,88497,77344,83564,19212,61117,2627.19,986,1006,1306,9062,44842,11971,7343
2019,7,27,82186,62756,8371,83,13527,2627.19,2351,1858,3397,7826,72936,46843,12672
2019,7,28,22271,75909,13240,47305,10221,2627.19,4267,3717,1938,7830,17928,43433,38622
2019,7,29,11525,70267,60030,2174,57177,2627.19,4144,4361,2627,5038,39443,31153,4873
2019,7,30,1538,46796,41611,31288,70974,2627.19,3130,3243,1806,7722,56899,33379,30899
2019,7,31,62696,11167,48449,45013,65350,2627.19,3445,1873,4346,8474,95398,26522,32729
2019,8,1,9544,65884,37327,48410,21680,2248.32,1299,4826,2794,7886,55799,23692,34832
2019,8,2,58421,65395,46852,32495,38646,2248.32,790,4811,1270,6774,31512,44110,46583
2019,8,3,45000,24739,13457,93474,20137,2248.32,4524,1031,2214,6850,10793,43893,39980
2019,8,4,68034,93445,28720,60828,23735,2248.32,872,2154,2616,8160,14649,21261,1752
2019,8,5,60658,26192,87426,22040,66394,2248.32,1149,1392,1174,5957,21217,30164,18938
2019,8,6,52289,742,42548,74504,33944,2248.32,4748,3329,3136,9820,79156,36870,19693
2019,8,7,80691,96381,85378,63308,60456,2248.32,920,1112,2569,8345,59503,17934,1174
2019,8,8,23636,25653,36707,83663,21611,2248.32,742,1030,1718,5462,64753,25312,24276
2019,8,9,92419,15855,43642,71908,95675,2248.32,3777,1364,1882,8318,56023,12338,39151
2019,8,10,60533,56945,49803,3102,61642,2248.32,3415,1134,1310,5922,85291,39272,9307
2019,8,11,55750,65470,79524,47119,88196,2248.32,3782,1966,1482,8776,68873,38508,10629
2019,8,12,87927,44003,81226,56161,88158,2248.32,4850,1622,1098,8110,84495,38538,37249
2019,8,13,76664,12911,73815,27974,10737,2248.32,3598,1485,4575,6252,13603,29122,9106
2019,8,14,90102,2386,42441,82937,51162,2248.32,1444,1786,1294,5348,27952,19660,11314
2019,8,15,6271,12803,41219,33167,63808,2248.32,1704,1910,4976,7514,84796,15712,25714
2019,8,16,87329,18395,48550,28256,47868,2248.32,2378,2968,1788,6170,37256,48403,28505
2019,8,17,27485,8702,20195,99153,77723,2248.32,668,1406,2301,5808,33511,41108,48147
2019,8,18,74966,71568,97932,29942,83439,2248.32,2005,2119,1121,9014,15374,48988,32728
2019,8,19,39059,89105,3309,36300,5276,2248.32,1054,4111,1246,7601,64615,19394,40566
2019,8,20,85748,56297,76390,79401,89196,2248.32,509,4160,2819,9594,10453,47610,26253
2019,8,21,17520,22459,84730,34993,99365,2248.32,674,4774,4208,7290,91074,10835,1814
2019,8,22,60558,8481,59947,42528,46082,2248.32,3572,3181,1724,9932,27581,20052,24562
2019,8,23,21214,48091,50566,35385,99235,2248.32,2994,1753,3477,8160,68097,49193,11019
2019,8,24,50532,68430,53969,56092,88423,2248.32,1926,1354,4874,6872,15728,15956,11395
2019,8,25,51434,26432,80490,48643,37745,2248.32,3694,3957,2513,5611,94341,21747,8071
2019,8,26,46631,43689,88502,46460,77764,2248.32,652,4646,1380,5972,11942,29802,22951
2019,8,27,77367,67664,95134,63594,94536,2248.32,4549,2320,2127,6134,10962,49871,19345
2019,8,28,84461,46010,75181,56974,31621,2248.32,3721,3250,4562,7158,41061,23677,35875
2019,8,29,6525,86715,68325,64257,2687,2248.32,4058,1405,3077,5544,59998,47612,19062
2019,8,30,24889,55900,26286,3369,32290,2248.32,3239,1749,4608,9554,73723,31229,37248
2019,8,31,80647,18797,25832,10209,68723,2248.32,978,1014,4959,8561,39503,38997,16894
2019,9,1,49914,85403,57053,71810,45401,2125,1698,1299,2301,6418,49940,14566,21017
2019,9,2,36010,66691,16862,30782,56766,2125,1427,1132,1126,6570,44283,23519,48091
2019,9,3,71874,35882,59831,6787,91737,2125,2113,1650,1174,8340,13459,12334,48828
2019,9,4,21535,26510,29987,85188,42928,2125,2440,3937,1616,9302,19446,13554,29927
2019,9,5,83745,37499,95295,74019,59134,2125,3889,2358,1866,7448,70497,17195,39578
2019,9,6,88900,97611,25198,55834,98129,2125,3167,1014,1518,8153,21201,40798,5010
2019,9,7,78081,23643,36088,41049,42945,2125,4430,3040,4655,9724,17059,25141,12158
2019,9,8,95655,97301,38852,87466,37373,2125,1012,2623,4663,6210,98456,37791,25701
2019,9,9,51220,66624,90158,49090,64778,2125,1239,4209,2704,9334,17078,27000,27711
2019,9,10,20837,61040,70042,20492,17117,2125,1984,2770,1514,6758,15670,38124,37101
2019,9,11,76537,87600,80748,16200,83810,2125,694,1380,2179,6851,16822,43308,45556
2019,9,12,4563,39414,2518,72267,81741,2125,4267,3928,1398,9308,39419,47282,19127
2019,9,13,72761,67757,10053,89865,18593,2125,4341,1480,4238,5088,44032,14400,26640
2019,9,14,20645,14375,82133,99176,91227,2125,2483,2140,3368,5438,84406,36460,48955
2019,9,15,80479,26,71741,60645,85686,2125,2926,4797,1098,8670,64662,13859,27512
2019,9,16,27322,9004,41693,57913,50444,2125,2312,2439,1718,6438,86614,15362,35725
2019,9,17,86104,29098,19817,40824,90450,2125,3635,2280,1952,5375,47924,22638,20576
2019,9,18,92887,22204,97436,88155,22886,2125,3365,1726,2452,8566,24471,37896,12098
2019,9,19,45782,13136,25336,62233,83932,2125,1260,1398,2399,6077,10857,14201,11951
2019,9,20,43005,4493,51482,79957,86220,2125,2594,4106,2960,6382,67260,10846,15758
2019,9,21,94832,85626,27406,82285,62036,2125,750,2816,1334,5515,86400,15294,1877
2019,9,22,73818,72662,35330,31218,78739,2125,1770,3094,3383,6512,34402,19602,12539
2019,9,23,95361,36998,65061,33322,69732,2125,4167,4562,1310,7924,46846,12685,48673
2019,9,24,89801,67027,36854,71164,28895,2125,1457,2711,1840,8138,50280,41005,23255
2019,9,25,67030,62051,29100,66765,41654,2125,2718,2014,1850,7779,86687,36581,13502
2019,9,26,66452,97207,67497,17102,35131,2125,1138,1282,2721,5994,12445,26615,14343
2019,9,27,6247,65255,45679,2162,69746,2125,3166,1774,4361,8617,14182,32367,45960
2019,9,28,18471,72609,85734,35322,90388,2125,3254,3191,4626,5750,90292,21108,22421
2019,9,29,36446,36432,62391,50519,35776,2125,3485,2021,1441,9163,44182,26186,41188
2019,9,30,51475,53701,79313,25837,92318,2125,4555,1584,1811,9526,62460,12198,49203
2019,10,1,17068,51742,18687,22818,58387,2110.52,614,1169,2184,6132,46944,43371,39795
2019,10,2,19618,88966,66165,75134,49500,2110.52,1607,3199,3015,8795,11868,37218,8704
2019,10,3,43351,39008,75382,3639,1469,2110.52,2698,3535,1356,5566,57704,14059,3932
2019,10,4,11179,49672,75229,29715,92156,2110.52,4437,3125,2489,5602,13062,26988,22173
2019,10,5,14306,46218,80188,18673,15014,2110.52,2242,3363,2414,7623,62002,48882,42056
2019,10,6,67908,14701,83770,73581,2438,2110.52,3991,3615,2497,5571,59682,49652,41475
2019,10,7,67744,99120,27778,95233,4722,2110.52,3572,1542,3605,8759,54051,17246,47388
2019,10,8,77167,76294,66982,24581,90270,2110.52,4815,3176,1388,7178,31756,28825,45336
2019,10,9,31411,2100,8793,38908,47671,2110.52,4912,1765,2594,9041,43349,38667,18475
2019,10,10,46430,31922,24047,56387,17033,2110.52,886,4198,1494,8337,35130,11011,28098
2019,10,11,10026,41298,19188,86414,14883,2110.52,982,2644,4394,8070,17904,17064,17296
2019,10,12,58858,72817,65182,26452,71858,2110.52,502,4638,1834,5516,91024,14976,8531
2019,10,13,49966,56029,68034,20709,20719,2110.52,3071,1496,4461,7259,17156,25695,3165
2019,10,14,907,98747,38341,86654,89129,2110.52,622,2985,1678,5251,74436,17269,6245
2019,10,15,93782,5908,51909,34234,61424,2110.52,3068,1389,1282,6102,48449,36031,42933
2019,10,16,95619,46521,83127,40080,80132,2110.52,2127,2390,4028,6819,84043,38156,1162
2019,10,17,43064,4113,52495,88476,5716,2110.52,2096,4497,4189,5846,50082,26965,26931
2019,10,18,49642,58151,38355,64955,34253,2110.52,2337,4870,4675,7558,86302,46159,3156
2019,10,19,17098,34782,43550,32478,21601,2110.52,1985,1015,3056,9479,85842,15118,27593
2019,10,20,32763,7939,69622,81952,14648,2110.52,3916,4288,2853,7254,45594,28458,19704
2019,10,21,66778,62932,74681,32806,79747,2110.52,3964,3195,2115,8865,45672,19702,27335
2019,10,22,66458,82658,31083,30866,88490,2110.52,4637,1251,2567,8526,19554,22214,33277
2019,10,23,90314,44824,36503,68168,8446,2110.52,2977,1575,1379,7657,40732,14964,32097
2019,10,24,81345,36049,70673,9812,74914,2110.52,4879,2722,1442,7313,88587,20194,16345
2019,10,25,40591,89578,41446,98158,43836,2110.52,752,4149,2175,6460,18668,46972,27353
2019,10,26,21674,47998,54900,83053,52007,2110.52,529,3350,1679,7553,43162,22944,45632
2019,10,27,43898,19394,80667,75603,26707,2110.52,797,3648,3831,7198,98157,19018,19255
2019,10,28,30947,84881,69520,69474,8106,2110.52,1446,4778,2536,7697,29182,18202,4540
2019,10,29,83330,86064,54246,31361,13617,2110.52,4305,3865,3152,9952,49468,26211,13760
2019,10,30,4226,61618,76212,79409,15212,2110.52,3427,2510,4249,7946,48335,33707,24370
2019,10,31,72487,81134,13486,41375,68832,2110.52,917,2160,1435,6515,99872,25052,9021
2019,11,1,54178,65270,79780,89150,31090,2018.6,4726,2706,3553,9135,24270,22922,5991
2019,11,2,3915,3133,98525,88213,51468,2018.6,2050,2601,2068,8425,17784,21088,32232
2019,11,3,80695,86297,48877,13562,86169,2018.6,3836,1414,1108,7240,45847,36639,23929
2019,11,4,95958,55574,29346,44511,61061,2018.6,3785,1326,3099,9266,69539,24567,3616
2019,11,5,80893,62942,73521,92961,97719,2018.6,812,4765,2600,9277,16662,30120,41305
2019,11,6,69558,68515,20467,75107,92130,2018.6,3097,4438,3239,7443,65301,49299,16314
2019,11,7,27411,65439,80627,511,47748,2018.6,1429,4991,1630,9908,37951,19772,16518
2019,11,8,22606,34705,54647,16558,63982,2018.6,1677,4890,1487,7144,41349,39968,12973
2019,11,9,99810,69447,60760,38049,26890,2018.6,3700,1314,1498,5494,87514,11204,26061
2019,11,10,33548,28944,589,79358,60245,2018.6,4238,2849,4596,7862,99406,19929,4892
2019,11,11,89562,12436,19821,37401,29580,2018.6,2368,1492,1240,8968,83789,23857,11170
2019,11,12,80540,53842,44510,88390,4520,2018.6,3986,3066,2318,7478,33776,37562,32024
2019,11,13,15819,89367,20412,21767,99604,2018.6,1695,4164,3604,7867,26564,44536,36170
2019,11,14,5389,20285,40278,36005,74765,2018.6,1213,1655,4260,7074,60045,15131,40419
2019,11,15,19098,20384,69551,12768,81311,2018.6,668,3480,2692,5990,51598,17304,3327
2019,11,16,23262,43294,14164,71866,87514,2018.6,1401,2901,2364,6070,45257,18480,7080
2019,11,17,63450,71471,56488,74062,58545,2018.6,4192,3993,1916,8742,13530,34578,16533
2019,11,18,78421,57090,48059,71114,44182,2018.6,1112,2442,4301,9142,55660,13166,49657
2019,11,19,67356,38414,56069,61072,61445,2018.6,903,1245,4148,9594,15306,14044,17678
2019,11,20,18924,4499,58039,72192,79594,2018.6,3121,3013,3240,9502,45478,48773,31151
2019,11,21,87188,41592,82569,62842,68220,2018.6,1007,1926,2993,8427,12998,20789,4581
2019,11,22,16106,58902,12035,21606,77645,2018.6,649,1568,3191,7384,85111,27784,27341
2019,11,23,24839,8234,2150,79431,95765,2018.6,4555,4304,4219,7123,78497,23790,47629
2019,11,24,31704,4505,25717,41050,19285,2018.6,1838,1586,3968,7756,73346,41612,5067
2019,11,25,67566,58996,4533,32109,19036,2018.6,4892,1870,1172,8198,39655,26345,5997
2019,11,26,26023,34211,42002,31594,27687,2018.6,776,1492,1355,8862,16790,10639,20499
2019,11,27,86167,28630,12381,16487,68855,2018.6,4450,1419,1073,5335,68528,30108,35727
2019,11,28,67684,44773,40334,98265,23167,2018.6,4609,4188,1903,5936,97133,24589,46341
2019,11,29,3462,2517,50331,44817,49969,2018.6,1807,2486,2102,8384,85324,30956,33474
2019,11,30,36266,26127,33728,97340,71462,2018.6,2447,4144,3380,8276,53760,11622,2256
2019,12,1,94723,52088,77377,77686,49221,1966.32,1146,3089,3648,5963,34409,17038,1966
2019,12,2,47771,86896,30576,98311,72220,1966.32,4575,3345,1610,8266,86159,30218,11532
2019,12,3,42067,41656,43599,76200,95417,1966.32,1672,1174,4935,8108,84175,30508,46497
2019,12,4,52367,65322,64950,87367,7637,1966.32,4487,1759,2605,9206,70069,24824,49359
2019,12,5,47946,20997,89522,9557,69264,1966.32,4774,1329,1590,9724,87528,45456,42033
2019,12,6,12573,10553,51947,43861,94602,1966.32,720,3320,2794,5669,50686,25431,2474
2019,12,7,5028,56527,13543,7633,76589,1966.32,3808,1782,1928,9372,66794,13158,33612
2019,12,8,13067,72921,34256,63107,22645,1966.32,4914,1568,3688,6434,95428,19292,38136
2019,12,9,45686,36149,22962,79832,58170,1966.32,1614,3196,1462,5156,87180,23114,23649
2019,12,10,35120,2341,80353,56080,23375,1966.32,2653,1440,1418,6909,99546,18134,47147
2019,12,11,35045,40813,26984,85,34025,1966.32,4726,4709,4912,5384,59540,33081,22412
2019,12,12,72688,81156,12631,19214,32664,1966.32,3680,2783,4855,9032,23862,16468,16163
2019,12,13,2532,2868,11022,38950,16129,1966.32,4364,2525,2731,5418,67609,14110,10568
2019,12,14,80111,27336,97817,71375,26376,1966.32,4456,1686,1215,6886,34628,15546,23709
2019,12,15,49601,9661,71663,84456,65045,1966.32,4036,2575,4743,8566,22877,47224,11877
2019,12,16,80625,53594,14750,48356,11293,1966.32,1462,1402,1046,8566,79129,19438,32359
2019,12,17,37988,83586,67836,25555,17024,1966.32,4433,2975,4827,8830,67431,19754,18816
2019,12,18,12972,26468,93800,44068,12878,1966.32,1291,3501,1621,6040,58209,47913,16677
2019,12,19,4751,41024,5669,30797,21655,1966.32,4569,1996,4734,7524,12446,14126,34798
2019,12,20,18925,30982,1085,63753,32077,1966.32,3624,1400,2687,7423,10944,40564,34868
2019,12,21,453,96759,50418,87074,19151,1966.32,4987,3900,1002,5310,71049,37656,8627
2019,12,22,75453,70619,63650,76539,54376,1966.32,3295,3300,2529,5731,37052,44606,15197
2019,12,23,80600,10677,22359,8287,94452,1966.32,3850,4903,1880,9267,81977,26437,44178
2019,12,24,24247,66965,338,90249,73972,1966.32,2904,1560,3357,7905,42313,29084,21387
2019,12,25,39454,36961,2385,51984,32692,1966.32,2941,3290,2816,5299,21576,27268,5789
2019,12,26,79477,70427,88524,36764,69695,1966.32,4552,3940,3816,9889,17590,27787,20501
2019,12,27,17629,78445,9915,92338,52702,1966.32,1421,2154,1088,5366,44137,38231,2228
2019,12,28,95947,73431,51522,95116,8730,1966.32,3735,4557,4876,7258,57672,45922,39451
2019,12,29,47760,87225,56215,17928,33467,1966.32,2067,2446,1550,7954,59783,17034,6755
2019,12,30,40562,81205,12759,46101,21363,1966.32,683,3661,1678,8557,28776,10824,6896
2019,12,31,58008,33864,76318,34236,11122,1966.32,1510,1926,2566,5458,93160,21032,33990
2020,1,1,55228,38479,77382,43561,98262,1666.84,956,1644,1496,5862,33532,33990,47986
2020,1,2,63610,83546,30669,48519,12322,1666.84,2877,2536,3745,6940,73657,29086,2429
2020,1,3,86328,48891,66653,55404,42051,1666.84,1234,3629,2514,9946,73541,40775,37685
2020,1,4,72954,74016,2946,83697,53294,1666.84,2686,3254,1014,8355,81773,48695,36478
2020,1,5,17136,21003,11232,95881,94468,1666.84,1318,1598,1110,8656,36198,17074,34889
2020,1,6,62008,33785,38514,54523,8753,1666.84,1649,1705,2422,9198,65401,11440,12056
2020,1,7,17424,49441,88970,53798,64148,1666.84,2492,1282,3097,5430,93514,18916,37095
2020,1,8,31317,34833,99712,81447,59156,1666.84,1331,2515,1045,9698,16788,11150,2262
2020,1,9,56900,70039,92856,75674,50986,1666.84,2740,4760,4049,6134,38558,18222,24610
2020,1,10,40157,41051,85831,64606,87479,1666.84,3522,3794,1066,9585,16592,39684,29345
2020,1,11,68199,22924,43552,70596,67769,1666.84,1745,1019,3330,7694,16693,11344,1941
2020,1,12,65563,80786,90429,5964,33848,1666.84,511,1454,1388,5396,54961,23866,28987
2020,1,13,8390,54836,92661,38918,54421,1666.84,4953,3970,2176,8504,19142,16296,9254
2020,1,14,56797,7664,57317,95128,98617,1666.84,2146,1070,1146,7574,11410,20006,40362
2020,1,15,52913,13357,95351,39302,42402,1666.84,3167,1590,1499,8750,89708,25919,16664
2020,1,16,47786,34662,31243,79962,39519,1666.84,2610,1314,3471,9926,15596,13440,40809
2020,1,17,60288,24941,43971,47786,48867,1666.84,2779,1779,1524,8972,41080,18926,46817
2020,1,18,31146,70600,86069,52645,92780,1666.84,4915,1138,1790,6157,36878,16308,25777
2020,1,19,33318,49489,78975,81790,35767,1666.84,946,2405,3060,5551,60190,26926,36769
2020,1,20,52368,12971,95058,45245,93804,1666.84,4170,4948,3089,6590,77592,32220,2490
2020,1,21,42368,22509,89138,85510,15018,1666.84,3169,3335,1855,7143,46476,43973,26016
2020,1,22,50264,8058,56379,78324,13609,1666.84,1602,2328,1790,6659,27572,39694,16569
2020,1,23,19150,8095,80995,58591,74685,1666.84,810,3403,2447,9947,18912,28816,8588
2020,1,24,22315,87082,77152,30522,50578,1666.84,4494,1690,3036,7046,95516,27997,39980
2020,1,25,63794,67119,60326,26036,33778,1666.84,729,4278,2343,6162,27868,13546,4250
2020,1,26,21664,35032,36784,35463,31331,1666.84,4278,3645,4129,7782,16886,26058,5696
2020,1,27,97762,75014,26899,45799,22238,1666.84,3795,1030,1778,7702,12066,39662,22415
2020,1,28,4722,94148,25293,33417,57224,1666.84,1795,1974,4544,7166,47052,17878,19514
2020,1,29,45627,11332,5872,21108,85466,1666.84,2165,3226,2755,6790,45376,19992,6391
2020,1,30,12831,85524,22376,18715,85996,1666.84,4728,2068,4940,6373,40484,18516,34442
2020,1,31,85887,93633,30107,6783,67211,1666.84,4008,4188,4842,9926,50295,13328,27160
2020,2,1,13813,89886,1730,4229,35263,3021.45,3410,1580,4096,8526,23133,44889,21722
2020,2,2,43206,30202,56183,59579,87039,3021.45,1816,1350,1156,8598,64232,14667,24699
2020,2,3,43959,93422,35862,25191,60069,3021.45,4164,3881,2406,7214,94461,34020,42521
2020,2,4,68968,27872,21158,13064,96348,3021.45,4305,4552,1698,7942,15482,44234,44291
2020,2,5,71538,77299,74905,92694,62249,3021.45,3713,1207,3909,9574,47749,25330,5489
2020,2,6,2096,76915,15564,50854,24160,3021.45,4873,3126,2895,9558,22542,19318,10025
2020,2,7,33026,46848,90148,23870,43687,3021.45,4455,1854,1274,5711,24268,27880,21982
2020,2,8,81200,47982,440,30110,23909,3021.45,1791,1003,2807,7354,76856,31966,14542
2020,2,9,97379,28082,91446,51626,464,3021.45,2219,3488,2186,8718,57357,20872,13988
2020,2,10,47053,8165,52448,62685,33876,3021.45,1916,1350,1049,7426,61536,31309,43068
2020,2,11,38250,33328,7313,96057,20682,3021.45,3022,3059,2249,5819,86036,29064,34169
2020,2,12,99807,88256,62554,93345,13327,3021.45,568,1542,4427,6040,23062,28302,36263
2020,2,13,76084,96331,93378,33485,70039,3021.45,4793,3287,3240,8457,17402,25273,4914
2020,2,14,22626,98719,43333,51227,890,3021.45,1642,2048,3976,9195,10392,13654,45721
2020,2,15,95459,40962,24033,39886,40329,3021.45,4539,1411,4776,7917,66247,29815,13447
2020,2,16,99183,97393,54455,3776,35850,3021.45,4048,4826,1830,8733,42404,41109,25151
2020,2,17,34454,39048,8158,84782,98243,3021.45,3435,3700,1736,8819,49937,16191,34903
2020,2,18,52266,84478,48956,28395,28747,3021.45,4561,4280,3947,5367,64407,14796,31555
2020,2,19,20518,93457,39624,27090,98542,3021.45,3199,4346,1074,5426,34128,35669,32028
2020,2,20,77611,98916,45722,69826,87736,3021.45,2369,1352,1488,7676,17718,25234,45660
2020,2,21,99231,92012,85867,28178,37380,3021.45,4326,4248,1462,5301,10774,17256,1130
2020,2,22,47329,35890,7970,84756,78598,3021.45,1776,2560,2365,5004,42385,11452,8450
2020,2,23,78157,44755,34157,90997,28783,3021.45,2582,3013,3618,8449,72542,30997,1608
2020,2,24,85076,81869,55247,45158,47170,3021.45,558,1710,3825,8916,11957,15126,22937
2020,2,25,2904,48734,76335,76621,31231,3021.45,4424,1488,1178,9874,16735,24961,35073
2020,2,26,56540,65671,52975,159,84120,3021.45,1155,4194,3737,5516,30703,37258,41869
2020,2,27,42042,50836,98109,50867,95289,3021.45,993,4543,1270,7327,15040,22733,10066
2020,2,28,98752,61940,48473,94931,66873,3021.45,1243,3411,2229,9217,39921,47700,31560
2020,2,29,31086,21078,33247,71175,90183,3021.45,3433,3576,4784,5796,99442,10073,13950
2020,3,1,86788,40969,74462,50468,48485,3203.58,4218,1722,2018,8150,93647,43578,47195
2020,3,2,96744,33412,7160,85961,73333,3203.58,3398,1532,4458,7462,17296,18408,21213
2020,3,3,95710,65873,99545,68604,65315,3203.58,2914,3454,1938,8727,18921,15422,25970
2020,3,4,55923,68140,42198,34293,28641,3203.58,2870,1562,4256,5558,27696,17890,35846
2020,3,5,88947,77447,69703,93405,14723,3203.58,3164,1758,2870,7709,95387,34536,36999
2020,3,6,3679,63302,2991,86969,38381,3203.58,2390,1318,1403,9186,44947,35043,21912
2020,3,7,96786,39170,76779,82394,56904,3203.58,1333,1708,3272,8350,39254,12995,20827
2020,3,8,98034,17419,23428,67256,11480,3203.58,1792,1510,3467,9142,18478,12826,18815
2020,3,9,43047,20870,63855,49450,81810,3203.58,844,3594,4322,7622,77339,21226,8802
2020,3,10,14802,18673,67076,13074,46061,3203.58,2420,4093,1750,8826,27701,12702,6330
2020,3,11,17366,29494,83090,32185,50628,3203.58,778,1110,3789,9238,75826,20598,1569
2020,3,12,74392,76671,15545,38714,70646,3203.58,4939,1814,2907,7015,14871,23967,42884
2020,3,13,49697,57293,34414,6149,39492,3203.58,2728,3209,2959,7169,10796,24938,12115
2020,3,14,75090,7130,84965,13879,56368,3203.58,828,2110,3813,6372,17478,40810,10791
2020,3,15,75608,78468,26257,3516,21835,3203.58,2482,2883,4771,7610,94031,20615,41128
2020,3,16,90362,51760,43825,98321,25282,3203.58,3259,1510,2699,9160,30601,45418,15570
2020,3,17,35366,81430,8882,5531,64155,3203.58,1340,1113,1762,8948,75980,27711,11058
2020,3,18,46429,53464,15595,61200,81711,3203.58,3166,3424,2737,8342,86744,12102,9626
2020,3,19,73913,76356,19741,46612,50931,3203.58,3381,2648,3123,7262,16366,28629,1398
2020,3,20,44672,54520,84743,50549,59820,3203.58,3259,1247,1086,7716,67447,28600,10724
2020,3,21,19831,15614,17025,97568,40309,3203.58,1937,4220,1062,6678,77183,31055,3770
2020,3,22,3372,85565,33704,67847,19180,3203.58,1475,3850,4104,9814,14398,38924,8234
2020,3,23,41942,92658,95172,88832,2863,3203.58,2431,4045,1882,8922,36612,10022,28971
2020,3,24,54578,69903,65465,51054,22933,3203.58,3460,2655,4563,8515,10502,30094,9000
2020,3,25,6750,6978,43946,35854,88196,3203.58,1129,1488,1001,6301,35319,20215,8344
2020,3,26,15272,69104,9261,26208,19912,3203.58,3803,4488,2127,9267,41893,21411,12226
2020,3,27,34619,40355,14067,95535,88870,3203.58,628,1970,1546,9573,64176,36093,24569
2020,3,28,77918,5306,98935,45271,57959,3203.58,1837,4582,4708,8854,32141,39619,1222
2020,3,29,19676,25946,30460,51803,1565,3203.58,4565,1183,4059,7272,31717,34280,22354
2020,3,30,94553,7346,46252,26099,26920,3203.58,3543,1188,2084,7477,66458,12800,26780
2020,3,31,28084,98296,95978,64144,55746,3203.58,3763,1710,4063,9334,43574,11266,28119
2020,4,1,83140,8164,68339,53124,39881,2618.93,2675,2225,1846,8630,90496,42001,18972
2020,4,2,68669,11685,40438,46147,94495,2618.93,581,2790,4161,9458,64887,37280,46833
2020,4,3,74840,40309,57696,41767,235,2618.93,1045,4726,2838,5736,52849,44070,29676
2020,4,4,84708,525,57649,66282,90650,2618.93,4634,1348,1181,5071,38167,20675,48145
2020,4,5,78257,28749,79818,53770,99826,2618.93,1049,4664,1365,5097,16430,12862,44706
2020,4,6,44773,13829,1326,98964,95917,2618.93,4385,1256,1050,7033,63256,28051,20527
2020,4,7,31531,37891,70074,7712,69314,2618.93,4738,3921,1989,9122,17691,36814,8241
2020,4,8,35614,75093,27831,53331,90190,2618.93,1281,1314,4441,5224,66629,20357,10614
2020,4,9,59486,76015,67333,46889,59401,2618.93,4939,1870,4830,5486,14993,16602,30589
2020,4,10,19606,9732,18066,72947,640,2618.93,1112,2604,2200,7894,11878,33742,2109
2020,4,11,30908,77217,85057,5349,66176,2618.93,2057,1330,4051,5741,72548,13834,18038
2020,4,12,22682,13841,10734,7512,25205,2618.93,1655,4809,1862,6072,34107,19662,25727
2020,4,13,64533,60220,5055,91733,30515,2618.93,958,1421,4556,6882,83122,20731,10989
2020,4,14,94920,75180,12745,55324,50922,2618.93,534,3602,1966,5860,97466,40689,35293
2020,4,15,11587,75474,1851,63397,87898,2618.93,846,2429,2529,7270,44161,43043,35959
2020,4,16,48241,85989,4466,52798,29223,2618.93,3528,4142,4118,5258,95817,46391,37588
2020,4,17,37918,87296,36347,69754,73156,2618.93,894,1094,4285,8645,80842,47182,33813
2020,4,18,80956,13041,65964,93485,33941,2618.93,2880,3533,2464,7404,51330,41687,10125
2020,4,19,61285,91211,82182,56755,43836,2618.93,3146,3104,1202,9492,67857,19234,27999
2020,4,20,89657,94653,72248,15294,39650,2618.93,3827,1218,1130,9590,30440,16422,3090
2020,4,21,21267,99673,31308,33732,73370,2618.93,1770,1005,1670,7912,15530,12694,48990
2020,4,22,68302,10907,64844,49947,66751,2618.93,1099,2758,3704,6702,88051,33353,32701
2020,4,23,62789,16879,3958,45271,11669,2618.93,3044,4286,1718,9352,83017,40144,1512
2020,4,24,8342,91140,91150,14894,65091,2618.93,570,4743,1167,6475,99690,18548,48910
2020,4,25,79177,37142,82028,39233,30489,2618.93,2586,4628,3308,5800,54898,31328,20079
2020,4,26,93646,32943,80616,60421,58647,2618.93,564,1988,1124,6882,81881,10294,29985
2020,4,27,6976,63515,2311,33143,26342,2618.93,2412,1044,2002,6398,44750,35981,18353
2020,4,28,27223,83689,95610,30531,26584,2618.93,3211,1581,4802,8826,13353,16906,16860
2020,4,29,38811,13918,41789,26287,21983,2618.93,3853,3957,4888,9374,78452,46229,40023
2020,4,30,15868,37217,68100,71361,78008,2618.93,3694,1902,2889,5655,35760,11658,29202
2020,5,1,13972,92406,68670,89150,5759,1694.03,4311,1027,1062,9718,74362,41632,43470
2020,5,2,65804,19672,61521,46967,98124,1694.03,2833,1386,2200,8870,29699,21401,7750
2020,5,3,24240,34929,50643,9896,87041,1694.03,2410,2363,3872,8702,22864,20983,6468
2020,5,4,90901,67177,73363,76159,54127,1694.03,4142,4929,2396,5662,83247,31871,47725
2020,5,5,19765,62433,33564,11965,12978,1694.03,4718,2217,4542,5910,63464,12734,13263
2020,5,6,6828,25875,35299,22053,73306,1694.03,4387,4205,1386,5508,56716,29465,8164
2020,5,7,96827,90859,15747,64223,2874,1694.03,1093,2637,1425,9656,50953,40754,48994
2020,5,8,59271,672,44324,73814,17385,1694.03,1748,4211,1462,7046,62615,23318,7788
2020,5,9,85210,38355,3877,26901,71105,1694.03,2717,2930,4154,8463,48504,37027,26945
2020,5,10,53809,10950,26017,31586,6959,1694.03,2340,1228,3993,6663,40041,11377,26971
2020,5,11,74452,31790,51942,24465,75189,1694.03,4135,1618,2911,8736,87298,40367,14557
2020,5,12,61308,10016,24650,61814,64832,1694.03,3841,3639,4102,9724,50225,41060,23154
2020,5,13,68180,88918,73642,62174,71933,1694.03,3550,1383,1824,5491,87200,37012,30035
2020,5,14,56401,67688,13762,25664,68403,1694.03,1030,4709,3779,5502,15758,17230,17412
2020,5,15,80185,56716,43602,64287,47926,1694.03,1699,2456,4095,6798,94629,21028,10179
2020,5,16,91727,84533,33764,53551,26376,1694.03,1914,4127,1354,7028,24790,39756,37316
2020,5,17,54440,90821,35818,98219,97852,1694.03,3180,3035,1759,6782,58674,14684,43693
2020,5,18,76961,46726,97142,92409,8418,1694.03,4788,1214,4006,7112,70046,35382,8123
2020,5,19,67220,93313,34510,88574,30341,1694.03,4682,1132,1472,8134,99350,14324,9301
2020,5,20,74192,38884,58712,90952,22018,1694.03,1987,1346,1878,5480,15484,38879,33738
2020,5,21,9956,87526,5376,18962,17430,1694.03,4343,1000,1510,5205,11860,15426,25422
2020,5,22,80858,608,32911,63682,31108,1694.03,4357,1650,2495,6148,28953,19034,32261
2020,5,23,36807,17294,24843,33622,2774,1694.03,3852,2728,2809,8464,31690,36590,48932
2020,5,24,36001,2386,87591,21087,23943,1694.03,1512,4799,4123,5774,68481,41582,43516
2020,5,25,34387,29191,79585,21883,32260,1694.03,1394,1702,1672,5186,19039,44956,8539
2020,5,26,37873,57892,57686,90682,18472,1694.03,2271,4471,4464,9774,75557,48407,5728
2020,5,27,91081,28422,69559,85204,14196,1694.03,3137,3582,3582,5454,70464,15841,4392
2020,5,28,47613,18211,17612,73444,7152,1694.03,3399,1046,2246,9774,52056,45717,3003
2020,5,29,98164,29328,189,38981,26893,1694.03,2387,2972,1048,6945,19528,17222,42099
2020,5,30,11338,62666,99650,11272,1740,1694.03,3464,4351,1027,8678,39146,44530,36466
2020,5,31,14079,73899,5906,41325,66335,1694.03,3393,1710,3640,7174,19830,30532,7962
2020,6,1,23570,48506,32552,80515,68034,3189.33,3203,2050,1952,9474,48790,18788,49971
2020,6,2,79292,14494,39817,40368,53641,3189.33,797,2538,1604,8474,93872,14565,1408
2020,6,3,31868,91075,68207,51802,10905,3189.33,3833,1660,3595,6385,31340,47980,15091
2020,6,4,12708,55896,95032,28680,91723,3189.33,2467,1013,4666,7280,27732,28306,10174
2020,6,5,4335,98530,55845,27291,43356,3189.33,3207,1854,3495,5540,43376,12182,16070
2020,6,6,7857,7211,51578,87804,19948,3189.33,784,2654,1390,7167,61333,13239,32918
2020,6,7,23693,8802,34253,98359,28789,3189.33,3017,3122,3217,5213,76764,36573,28337
2020,6,8,97635,84973,28149,71131,77738,3189.33,1882,1945,3734,6928,89749,48681,21525
2020,6,9,22730,41886,47689,94247,5405,3189.33,2485,4096,4174,8089,43806,12963,9022
2020,6,10,86426,86824,12438,79643,2038,3189.33,1215,4671,4174,5790,70801,15358,39203
2020,6,11,32241,59036,53858,27327,82496,3189.33,2360,1576,1843,7414,15822,23599,9959
2020,6,12,15422,73308,52696,49597,81397,3189.33,2559,2821,4677,10002,63815,13782,46502
2020,6,13,14199,96384,17738,4725,57099,3189.33,2988,1390,3926,6404,49369,12773,4892
2020,6,14,3156,91730,84350,21351,98130,3189.33,4949,3550,4830,8002,63146,37578,16524
2020,6,15,10498,92058,71752,10175,17055,3189.33,3240,2604,3302,5978,52329,21752,35568
2020,6,16,67222,25318,27444,31148,68515,3189.33,3921,3021,4893,9254,18752,33022,26813
2020,6,17,11147,70673,12925,17329,84669,3189.33,1259,1390,4480,6030,21692,17886,26072
2020,6,18,44930,66285,65492,93232,28615,3189.33,1336,1680,1692,8779,26983,10707,34173
2020,6,19,51944,37257,48729,53189,31879,3189.33,2562,4376,1054,5486,76705,46143,24452
2020,6,20,57910,14317,57661,42391,7327,3189.33,562,3608,1284,8506,78191,24251,29353
2020,6,21,76292,9528,86440,68485,84659,3189.33,4191,2953,1366,8552,12292,48908,13423
2020,6,22,68723,58704,74638,30198,40543,3189.33,1340,3451,2010,8012,57193,39336,1343
2020,6,23,29706,17471,74297,91695,75942,3189.33,2298,2233,3367,8737,37069,13026,2489
2020,6,24,98512,66262,15980,65542,76885,3189.33,4449,1959,3528,9086,92156,16310,38474
2020,6,25,6781,84850,52523,88791,35203,3189.33,4479,1259,3537,8775,89306,19479,9716
2020,6,26,37616,71605,88065,32336,56694,3189.33,732,1702,2746,7692,20745,15878,25134
2020,6,27,82518,1547,62943,96047,56986,3189.33,998,3765,2651,8990,68908,15716,21451
2020,6,28,45059,63388,5466,4948,48515,3189.33,4426,2482,2727,8842,34817,11554,44772
2020,6,29,70329,46531,10977,94427,90575,3189.33,828,3092,4619,8351,85490,13218,48074
2020,6,30,29803,51959,86723,18806,70950,3189.33,3011,2359,1506,8476,37306,15670,5631
2020,7,1,78086,19070,42327,6928,53887,1922.55,3607,1768,1734,8034,23695,39851,48099
2020,7,2,83444,13140,39471,58148,98630,1922.55,4301,1184,1012,6222,37888,37483,12428
2020,7,3,66118,70248,72853,30946,23907,1922.55,544,1991,3509,9222,25270,28747,39440
2020,7,4,63673,18879,11869,5451,23265,1922.55,612,3059,3702,9062,81206,13683,35564
2020,7,5,29904,1860,14271,95405,41319,1922.55,2887,3787,3758,8394,54733,12664,2160
2020,7,6,11531,61630,64656,36392,10853,1922.55,586,1762,1318,7007,96327,14772,6279
2020,7,7,78923,91629,87832,27625,42753,1922.55,1307,2655,2249,7746,84411,44919,35391
2020,7,8,90441,17299,68708,29200,39390,1922.55,3215,2272,1254,5752,14682,12273,23441
2020,7,9,79150,35155,3151,20658,62162,1922.55,868,2435,2457,9612,11358,16562,15830
2020,7,10,75003,9071,55570,78605,31001,1922.55,3523,2792,2279,8950,66991,13021,39982
2020,7,11,32023,75208,96646,33445,64431,1922.55,717,4931,1815,5219,96940,30328,1266
2020,7,12,81049,98722,87765,4859,88334,1922.55,2772,3336,3246,6692,41940,45598,39176
2020,7,13,83323,81816,83391,56955,74047,1922.55,1327,1068,3293,5954,39512,22723,16735
2020,7,14,99633,1583,99007,51448,83154,1922.55,1776,1118,1019,9540,14182,49352,12299
2020,7,15,75068,89537,79041,73314,32878,1922.55,536,2552,4148,8654,11726,43194,37333
2020,7,16,85389,92186,15615,43682,91510,1922.55,2756,2493,3061,8114,58941,22566,21480
2020,7,17,10413,57070,53121,21432,42962,1922.55,2135,3028,4420,6176,15398,43650,4885
2020,7,18,53509,59310,42555,72657,77964,1922.55,2202,3351,1949,7817,23384,14810,48413
2020,7,19,69297,6141,72304,58710,4255,1922.55,1275,1018,1017,8802,52449,13978,47597
2020,7,20,55633,5938,98360,16406,22114,1922.55,1407,1973,1714,8961,80982,19366,22406
2020,7,21,33726,63185,39382,90675,77354,1922.55,978,1649,1062,8288,10726,11740,12767
2020,7,22,8089,52987,36884,29106,53735,1922.55,3084,4366,1622,7795,42123,12406,5686
2020,7,23,30201,68531,58413,28267,37492,1922.55,4296,1216,3931,5110,78242,46284,39395
2020,7,24,39149,50079,42935,24407,94219,1922.55,1623,2306,2630,7024,47763,37716,14645
2020,7,25,89193,40848,97084,17167,64995,1922.55,2253,1546,4089,5665,39813,11580,5559
2020,7,26,81413,60462,49150,344,20492,1922.55,1627,4639,2470,5913,13046,38040,27392
2020,7,27,36911,47022,6699,70893,30529,1922.55,3609,1072,1661,8206,53238,26655,4462
2020,7,28,27603,36844,4555,51692,78862,1922.55,4624,1625,1180,5125,76968,41672,10720
2020,7,29,22517,89948,17664,16339,62214,1922.55,730,4123,1435,7570,86367,11963,18062
2020,7,30,14595,44977,64389,26256,33373,1922.55,4262,1960,2174,5686,29018,32387,33979
2020,7,31,888,74995,59013,22069,70120,1922.55,806,2636,2279,7755,25326,17998,35981
2020,8,1,62410,19968,13605,6190,6336,2075.74,783,2663,2659,6790,16726,13286,41920
2020,8,2,82654,62012,60165,22822,7382,2075.74,3709,2376,1563,8546,52495,15610,42552
2020,8,3,58574,61484,96175,72681,3163,2075.74,4849,1152,3338,9620,71760,19356,17020
2020,8,4,93078,8897,27338,15737,72287,2075.74,3726,4939,1736,8890,94113,30469,28374
2020,8,5,91442,34175,12846,93005,12656,2075.74,3251,1228,3176,9426,43908,46338,15342
2020,8,6,92798,65111,11910,46136,99916,2075.74,2161,2992,3918,9498,17468,31204,1046
2020,8,7,94224,97456,52497,17312,62699,2075.74,2780,4139,2135,6978,63496,26142,12962
2020,8,8,58672,26748,97371,1848,2526,2075.74,3186,1674,2740,6447,57810,22656,7631
2020,8,9,76470,79972,32001,1740,45822,2075.74,2944,1396,1788,7198,90059,33587,7082
2020,8,10,14754,54192,4079,28241,31170,2075.74,4382,4840,1358,8104,91688,13199,17575
2020,8,11,25735,56227,41227,48476,32674,2075.74,2483,1000,1466,5835,27234,15074,49037
2020,8,12,92918,26531,30281,63807,78323,2075.74,3745,3075,4530,7823,21315,11410,20340
2020,8,13,85399,92050,11893,12425,60154,2075.74,623,1786,4806,6412,50715,17674,3581
2020,8,14,98590,38199,50680,93949,74034,2075.74,2832,3302,4444,8112,63460,49118,27914
2020,8,15,34804,77206,92195,25687,95030,2075.74,1386,1779,1911,9630,18416,32064,29862
2020,8,16,63212,51179,84305,39370,34381,2075.74,4553,2969,4569,5232,43270,29955,35020
2020,8,17,9499,27455,63258,30295,41920,2075.74,4412,1722,1130,7958,19334,31656,43071
2020,8,18,67821,50147,28436,6084,9778,2075.74,4499,4340,1422,8804,28709,11812,3991
2020,8,19,40176,9616,88871,29746,24848,2075.74,1052,1404,1904,5661,80991,17866,48493
2020,8,20,48732,26757,10941,69008,64715,2075.74,2015,2534,4847,5451,54969,11962,13350
2020,8,21,99442,59470,95317,20963,48274,2075.74,1863,4800,4993,8374,50897,41192,40379
2020,8,22,46931,76950,41891,22878,98964,2075.74,2095,2694,1988,8036,33053,30704,39234
2020,8,23,97738,50070,79591,77585,11873,2075.74,3561,2665,4029,5229,64980,17318,34561
2020,8,24,35608,41844,79807,85601,40282,2075.74,3145,2212,4005,5035,26441,22968,30705
2020,8,25,74269,83538,87016,56611,67926,2075.74,2314,1334,1489,6522,59598,14713,20069
2020,8,26,17817,43160,42380,28198,54742,2075.74,3203,1422,1118,6030,92301,22188,7360
2020,8,27,30067,85447,25753,70424,36834,2075.74,3392,2453,2082,6662,84063,20007,2194
2020,8,28,16828,71378,85670,19670,54635,2075.74,4382,3802,4779,6236,33352,19050,45269
2020,8,29,16825,52908,66222,98732,35918,2075.74,919,2335,3968,6671,52759,47153,8523
2020,8,30,15217,62504,24607,67300,59263,2075.74,2306,2441,1399,9328,12110,16678,8671
2020,8,31,34597,46494,56189,55728,55959,2075.74,1600,2783,2447,7821,71514,44717,39541
2020,9,1,8786,93405,33016,55457,46164,2423.17,2024,1782,4774,8656,84280,13444,30169
2020,9,2,57983,76723,59845,47311,5185,2423.17,3258,1677,4769,7980,15282,11332,27230
2020,9,3,1938,96772,48110,16111,68286,2423.17,3805,3422,2582,7310,65230,15098,9179
2020,9,4,68341,52255,56469,23116,6579,2423.17,2911,4560,3823,9107,28222,39007,40750
2020,9,5,6338,26481,7038,22459,96818,2423.17,3120,3755,2796,6229,31217,12433,31026
2020,9,6,51760,20024,5856,20694,58196,2423.17,2143,1536,3339,8612,49651,46269,21086
2020,9,7,65714,68915,27182,15889,48023,2423.17,1247,1432,3235,8284,93169,45053,5404
2020,9,8,25662,21290,10161,53458,13871,2423.17,2242,1981,2752,8908,19027,35948,41378
2020,9,9,91887,71171,62485,15227,96135,2423.17,2847,3199,2401,5554,94087,11775,28488
2020,9,10,93137,65336,48839,91373,59972,2423.17,2777,1276,4649,9289,55442,19754,42009
2020,9,11,87019,37686,8206,64772,42135,2423.17,2071,4021,3403,9555,65599,10889,27233
2020,9,12,24395,59799,89090,38148,81180,2423.17,1275,1346,4863,5113,98392,24835,49529
2020,9,13,23474,1170,10469,3124,30459,2423.17,4347,3828,4947,7552,98599,28434,15911
2020,9,14,64786,15671,28808,79541,11578,2423.17,868,2323,1122,9518,90471,18088,10759
2020,9,15,79048,6747,58757,60263,71860,2423.17,1449,1685,4669,8269,14808,21479,7149
2020,9,16,10533,60508,55308,30480,98060,2423.17,3913,4196,2281,8154,58736,13859,20260
2020,9,17,64831,49167,66183,35388,45037,2423.17,4827,1770,1103,9880,11318,34315,23006
2020,9,18,68436,2148,96001,59457,30418,2423.17,935,1908,2667,5198,87780,16694,27161
2020,9,19,22854,13047,81276,41488,67119,2423.17,702,1949,1068,7880,83688,18422,40012
2020,9,20,27239,19868,91002,23342,14803,2423.17,2656,3237,1662,9206,42693,13946,8052
2020,9,21,47169,39981,14270,34836,92575,2423.17,1914,1780,1447,9092,89619,48566,2050
2020,9,22,74553,61318,46868,80083,99198,2423.17,2000,2787,1774,8001,82481,47928,46908
2020,9,23,62406,6490,81166,72605,26499,2423.17,924,3666,1542,6486,24854,10946,40211
2020,9,24,78595,78121,53601,26395,12662,2423.17,1312,2213,4536,8179,83647,20086,43220
2020,9,25,51439,30648,62874,18213,85002,2423.17,2492,2406,3196,9718,36362,44694,45355
2020,9,26,70220,98639,84713,83114,75184,2423.17,3581,3777,2686,8758,96523,16699,9567
2020,9,27,1754,37836,20266,6291,42367,2423.17,1376,3804,1834,5601,28368,18190,3913
2020,9,28,67309,60861,16024,35505,90870,2423.17,1550,2440,2375,5078,60553,42558,2386
2020,9,29,57182,49136,12688,44868,7670,2423.17,2919,4422,2046,8184,15712,39413,9212
2020,9,30,2097,58441,83218,69361,80395,2423.17,1625,4054,3798,7648,15910,29668,27939
2020,10,1,62461,73461,73761,93723,34015,1650,903,4501,4006,8522,14350,38217,16319
2020,10,2,90043,32945,1616,4579,65010,1650,3026,4801,1206,9578,20195,18536,41029
2020,10,3,30365,84250,7335,68014,160,1650,750,3971,1815,9032,72694,27181,3355
2020,10,4,80830,39950,26683,26188,68425,1650,756,4818,3148,9518,79396,14509,1710
2020,10,5,89753,18776,4312,80351,11163,1650,982,1526,1878,5156,25891,41619,24507
2020,10,6,42280,16643,20592,35447,97506,1650,2627,4686,1886,5661,20874,34363,9638
2020,10,7,72218,17983,25534,55367,16707,1650,1227,1459,3705,8758,12674,19654,4931
2020,10,8,81398,18401,9098,6506,57326,1650,4476,1922,2983,5706,51403,31840,1342
2020,10,9,27409,30383,76527,93348,52397,1650,4062,4613,1735,9595,96331,48441,13753
2020,10,10,90878,32560,71253,30935,73098,1650,3505,4494,4166,7920,77351,16491,24415
2020,10,11,75297,41829,82448,59632,59600,1650,1471,2008,1180,7997,96707,32981,1694
2020,10,12,31751,57122,73947,79838,43069,1650,3278,1222,4189,5883,81232,42286,20279
2020,10,13,90298,96091,63134,99464,20046,1650,2306,1394,3664,9516,71324,24616,40485
2020,10,14,14957,12796,61625,11894,30793,1650,1226,3894,1804,5172,58731,24872,24684
2020,10,15,21803,3363,25171,40992,19246,1650,4630,1798,1646,9115,25357,10494,22756
2020,10,16,85952,24016,66936,969,5121,1650,584,1366,2406,7130,48321,48198,38260
2020,10,17,28244,9548,93446,76400,61073,1650,2623,4226,1086,5598,56570,24783,2177
2020,10,18,31902,22553,678,67099,51668,1650,3692,2618,2753,7946,38586,37874,42387
2020,10,19,76591,30523,24303,43997,84083,1650,3546,3677,3523,7994,10162,25947,22625
2020,10,20,4169,72701,75175,76059,81847,1650,2194,1734,1306,8456,13549,38667,48097
2020,10,21,42963,52242,92638,25716,90573,1650,3589,2162,3098,7892,11158,28533,47577
2020,10,22,10517,69705,7211,25392,38049,1650,1339,3568,1339,5740,34626,49537,28640
2020,10,23,57314,1821,29637,44314,86045,1650,2980,4006,1778,7906,71073,18870,43186
2020,10,24,39546,84664,85865,33997,22556,1650,3881,4423,4430,6091,74814,37478,13375
2020,10,25,81083,92506,96047,98774,85371,1650,3310,4035,3845,8606,13422,20006,30674
2020,10,26,87484,86329,96600,15614,94651,1650,2963,1104,2336,7664,84543,41243,17674
2020,10,27,17202,13425,57019,16633,65869,1650,934,3302,4338,6509,62076,26060,31833
2020,10,28,13535,60387,85097,78732,21038,1650,4973,3520,1125,5858,24134,17086,4797
2020,10,29,10598,58450,52675,79286,78630,1650,1880,2182,1994,7806,45166,49214,37219
2020,10,30,92084,15630,12518,32774,98491,1650,770,2024,1331,9302,14224,38720,40946
2020,10,31,65079,37081,97242,72556,96358,1650,1034,3306,2528,7426,18944,41157,37728
2020,11,1,5825,3341,64274,66076,48507,3242.6,3158,1978,3708,7283,78977,49653,29840
2020,11,2,82469,7354,17338,59103,14462,3242.6,532,2893,4650,6184,80602,14764,6058
2020,11,3,4122,3910,69907,64182,22854,3242.6,1460,1238,1520,8370,27456,45614,27416
2020,11,4,71925,1967,42454,30634,9250,3242.6,1638,1718,1158,7960,50820,25949,21432
2020,11,5,20034,91353,60196,39684,20792,3242.6,3413,1264,1058,9671,10900,17462,40798
2020,11,6,77087,66906,45294,74195,8991,3242.6,1160,2267,1068,8613,27900,10454,39102
2020,11,7,16397,24539,92036,77886,54867,3242.6,3834,1251,1128,6246,47286,21350,42856
2020,11,8,71180,60700,12615,32238,76723,3242.6,2501,1358,1317,8302,60707,10308,34413
2020,11,9,83248,96868,7576,74316,91833,3242.6,985,3229,2717,6050,86114,47583,1828
2020,11,10,42229,56301,55187,92788,86683,3242.6,990,4213,3172,9456,22802,12504,2474
2020,11,11,43869,55304,26409,45187,65802,3242.6,1846,1634,1366,5773,39716,42166,37116
2020,11,12,63953,47054,396,73022,30075,3242.6,1957,3654,1038,8602,97793,28548,2862
2020,11,13,94617,78284,52762,57790,87741,3242.6,786,2960,2219,6796,19006,29372,25564
2020,11,14,60264,81345,94774,60598,93470,3242.6,2763,2421,2895,9511,30443,27969,1696
2020,11,15,88725,67401,32976,64239,59544,3242.6,4138,1034,1646,7626,44653,29496,30770
2020,11,16,3816,75042,77458,67387,48190,3242.6,1758,3452,4652,6158,69049,28121,36956
2020,11,17,58727,38165,51896,56622,7676,3242.6,943,2752,1090,7846,93342,41985,48691
2020,11,18,81040,52482,12498,6445,80733,3242.6,940,1808,3543,9749,68285,46732,23503
2020,11,19,16706,65045,5185,1358,72929,3242.6,830,1654,3750,7725,18538,11138,40586
2020,11,20,46416,5571,65530,28858,39490,3242.6,2195,1066,1353,6044,43324,16884,8873
2020,11,21,89548,79266,9338,38091,9015,3242.6,1175,2071,4018,5432,59780,48298,27623
2020,11,22,63298,55612,96305,8400,19689,3242.6,1176,2456,1502,6706,11313,12343,1876
2020,11,23,1931,14861,99225,29636,30906,3242.6,3072,1804,1813,7532,91246,47180,42549
2020,11,24,41385,42422,5604,16755,15134,3242.6,998,4782,2347,7709,12754,23387,15385
2020,11,25,78642,64358,55844,85145,7416,3242.6,2487,1404,4721,6711,55332,45626,33510
2020,11,26,89261,9758,98783,27426,73519,3242.6,957,1254,3802,6561,48009,30287,40030
2020,11,27,78298,29415,75070,31997,7124,3242.6,776,1540,2608,9886,87261,16375,28251
2020,11,28,61089,51101,92074,75810,97813,3242.6,2788,3424,3514,6570,47201,47033,47406
2020,11,29,42952,54512,78288,91755,67425,3242.6,2041,1452,2062,6936,77717,45538,42649
2020,11,30,41714,83101,97656,674,60680,3242.6,2049,3119,1016,9122,13929,12150,34917
2020,12,1,51718,69957,96395,4640,33511,1476.39,3943,3021,4418,5697,55445,47067,9780
2020,12,2,44091,17519,85482,23906,95236,1476.39,619,4687,1142,6292,71719,29942,47372
2020,12,3,49694,9839,32312,25168,40120,1476.39,3047,1836,3800,6414,12828,18550,32492
2020,12,4,36925,76772,90332,91343,48821,1476.39,3409,4262,4646,8086,33168,41233,12129
2020,12,5,87615,98788,2273,82642,81432,1476.39,3935,1125,1534,5014,56292,13316,40344
2020,12,6,10091,20692,64843,78891,97837,1476.39,1200,4760,1596,7883,26103,19613,27671
2020,12,7,66364,30865,45228,46010,37460,1476.39,3594,1334,3534,8902,24067,24966,28396
2020,12,8,62563,19355,22444,79097,46954,1476.39,749,2043,2131,6943,52285,29967,45088
2020,12,9,94614,49838,64729,81759,54073,1476.39,1371,1770,3047,6599,82796,25507,7184
2020,12,10,41347,52743,16934,34882,24961,1476.39,1199,3874,1706,8642,82970,40011,7353
2020,12,11,43730,35073,13407,92213,52016,1476.39,2180,2981,1880,6908,44739,35952,15692
2020,12,12,10444,62464,22740,48491,9063,1476.39,708,1662,4629,7278,13198,49590,5536
2020,12,13,30987,27841,3465,24046,76483,1476.39,4056,1564,2859,7463,28776,12462,2788
2020,12,14,59507,67309,69208,91388,70569,1476.39,3691,1011,2762,6431,45854,14662,30300
2020,12,15,38319,86204,68585,29301,59839,1476.39,3890,2176,4418,8706,31221,14516,36579
2020,12,16,51494,95279,43818,5705,72742,1476.39,1931,3599,1254,7490,39986,26822,38946
2020,12,17,27790,50031,24187,36904,82814,1476.39,702,2483,1243,6646,66783,32433,20041
2020,12,18,26595,95674,39611,41013,60733,1476.39,3265,2225,2461,8434,34282,21554,20832
2020,12,19,97381,62566,20155,69987,76408,1476.39,3160,4197,1522,7346,57452,18680,26493
2020,12,20,7387,12533,46820,79983,52549,1476.39,2415,4142,1266,8377,20154,36360,13603
2020,12,21,55562,84773,14938,38023,93207,1476.39,4577,1938,1784,6083,93276,38192,49220
2020,12,22,22576,6438,8742,65451,60136,1476.39,4785,2522,1382,7956,63856,47625,32546
2020,12,23,67912,92624,26768,9892,61002,1476.39,1251,1562,3046,7540,70936,15218,13275
2020,12,24,93113,96866,64544,21249,42949,1476.39,792,1876,1226,7150,47326,14202,24172
2020,12,25,33432,22112,40971,28509,76421,1476.39,1134,1376,2449,9253,70574,24802,4827
2020,12,26,82528,83178,7717,46926,10718,1476.39,4530,3829,1046,5425,25078,34819,28654
2020,12,27,59597,50871,16696,56558,18109,1476.39,3653,1539,2484,9256,80047,45256,14022
2020,12,28,75802,56182,55940,73251,91788,1476.39,4405,4314,4690,8514,37592,36760,26514
2020,12,29,50775,42123,56942,42646,27548,1476.39,2464,3495,4242,8326,60052,17350,32020
2020,12,30,74533,90058,18890,93369,44681,1476.39,3625,1833,2822,7398,10084,29609,15289
2020,12,31,87431,90842,70276,13473,62963,1476.39,958,1574,1341,7174,72734,10240,7868
2021,1,1,66551,13737,71140,77062,90141,1433.23,2945,1654,1462,5282,41230,10752,4842
2021,1,2,66291,78065,93194,43560,4501,1433.23,989,1394,4429,6574,58303,17297,39155
2021,1,3,27399,88393,33639,34573,77479,1433.23,1469,4028,3967,7609,21089,14107,43880
2021,1,4,82451,89035,60658,88886,66701,1433.23,4256,4342,4952,7612,92901,13014,1889
2021,1,5,92956,40243,96146,52385,1057,1433.23,1033,3454,4193,6024,79378,12122,20801
2021,1,6,46256,52200,97053,20223,79809,1433.23,681,3611,3528,5386,67496,40228,18142
2021,1,7,63228,78105,55923,59532,81906,1433.23,1687,4860,1702,5674,27244,22826,48825
2021,1,8,43633,79631,67633,19178,65655,1433.23,2201,1909,4210,5605,32131,45370,47011
2021,1,9,3747,32813,90334,43627,10504,1433.23,854,1462,2285,6129,65965,34190,7830
2021,1,10,71306,42653,9051,76724,15485,1433.23,4550,1906,2277,7182,10998,47931,2648
2021,1,11,30546,99552,9841,46108,85157,1433.23,1477,3903,2487,7274,48881,17991,8324
2021,1,12,5993,99089,8074,58279,5218,1433.23,3820,2874,1691,8456,69597,48528,24040
2021,1,13,3223,85500,23998,35500,69035,1433.23,4782,4579,1808,5974,62038,36055,1348
2021,1,14,34298,3516,41311,58137,51679,1433.23,1127,4023,4280,8412,48653,10849,40193
2021,1,15,74593,57474,3724,7636,8049,1433.23,1163,1270,1446,6512,63121,10558,39673
2021,1,16,47861,12904,60138,98760,5230,1433.23,4814,1766,2042,6125,14015,10073,22176
2021,1,17,82670,90143,84097,71950,90696,1433.23,2798,1639,1574,5756,89275,14623,32750
2021,1,18,92546,45439,25894,84070,41952,1433.23,4627,4811,3270,8998,19718,23500,39016
2021,1,19,59644,39737,79379,1687,32214,1433.23,1759,4882,4888,8858,86831,13880,43394
2021,1,20,44957,85982,88576,51531,88855,1433.23,2505,2752,4640,8399,81821,31591,27851
2021,1,21,13767,26450,87755,32037,47566,1433.23,1888,2209,2413,5098,25247,30978,42677
2021,1,22,61013,37007,95862,60901,49214,1433.23,4188,1052,1142,5536,78403,40232,49045
2021,1,23,66966,60910,4337,6606,85661,1433.23,3197,4426,2607,9242,47814,26524,36159
2021,1,24,84981,19704,83734,33746,87323,1433.23,4723,3334,2338,6936,25587,27903,25333
2021,1,25,25982,9776,54777,27360,82539,1433.23,3943,4503,1794,8280,56108,46101,33181
2021,1,26,24439,60658,11880,53398,52962,1433.23,1273,4293,1506,6359,88038,33070,9694
2021,1,27,71692,19114,47758,50383,46051,1433.23,3285,3383,4471,9414,15742,48361,23345
2021,1,28,82595,66038,47865,9388,4318,1433.23,986,1862,2334,7367,14856,16647,20325
2021,1,29,93413,61131,20941,5514,7490,1433.23,4935,1074,1600,5394,45914,13700,25331
2021,1,30,42389,40553,11581,41860,89967,1433.23,1572,3912,4712,8882,98299,14029,27323
2021,1,31,41114,3788,75490,54800,37507,1433.23,1446,2270,2827,8738,69135,41668,40346
2021,2,1,74072,87202,61216,43116,33116,3002.43,504,3667,1996,7440,79985,39668,34414
2021,2,2,289,68898,49381,21077,67197,3002.43,3541,2335,1030,9692,41193,11948,29762
2021,2,3,71139,4817,46128,46229,73952,3002.43,1648,3022,1349,7864,91138,24464,37797
2021,2,4,92278,92995,64485,88271,53062,3002.43,2938,4701,4719,7350,14270,46915,44470
2021,2,5,73433,85672,604,28683,51717,3002.43,1982,2854,2964,6230,85435,13102,8149
2021,2,6,90907,32084,1291,48608,39948,3002.43,4423,3576,1774,7824,36847,21188,8781
2021,2,7,64730,81138,40890,94449,91161,3002.43,2715,4592,1686,9350,93274,14142,48020
2021,2,8,82820,258,40966,62136,69720,3002.43,816,1977,4836,6102,25584,31135,42753
2021,2,9,41827,65008,79713,59954,68916,3002.43,1141,4996,1630,8382,60796,21560,32912
2021,2,10,52755,68512,86153,19150,9535,3002.43,2260,2353,2388,9164,70840,32107,45780
2021,2,11,37331,86245,59085,12167,35643,3002.43,3301,2468,4675,9365,53773,34942,34669
2021,2,12,72277,1267,1291,2678,89650,3002.43,4237,3755,1950,6390,77904,12978,12087
2021,2,13,22522,31517,48838,34910,26094,3002.43,2016,4775,3625,6100,91941,24267,36030
2021,2,14,77121,51596,68089,43148,7313,3002.43,4442,4589,3128,5732,82266,29129,21862
2021,2,15,57820,22856,4237,4770,49598,3002.43,1253,2118,1142,6442,14064,22453,48493
2021,2,16,78824,40396,52230,17450,32848,3002.43,3068,4967,3469,6156,69467,35782,10523
2021,2,17,98019,63910,15372,37499,59642,3002.43,2979,3812,3196,7215,54933,11206,13990
2021,2,18,85708,32539,74913,32068,75333,3002.43,4520,4156,3687,6749,87957,21535,48293
2021,2,19,33625,96026,97855,62094,88535,3002.43,2875,2904,1230,9598,40402,14458,17322
2021,2,20,59940,39734,57389,13137,26949,3002.43,930,4007,1212,7194,61074,11618,28675
2021,2,21,21839,65595,7054,76879,38697,3002.43,3413,2320,3739,5248,34413,12273,11363
2021,2,22,29942,48642,15178,77524,78240,3002.43,1099,4531,1664,9690,67667,19886,21932
2021,2,23,3515,99950,83972,81079,7144,3002.43,3975,1366,1290,7380,22212,49336,45046
2021,2,24,68743,86978,38009,92483,49597,3002.43,4755,1788,2414,6285,89765,32006,38774
2021,2,25,8217,7217,86538,19882,82057,3002.43,1197,1922,1020,5169,83001,44000,20557
2021,2,26,20215,16977,39335,47207,90710,3002.43,2894,4451,4875,7286,68285,14472,11547
2021,2,27,56029,89394,26714,93443,25679,3002.43,1800,1014,3695,9388,86479,22103,16479
2021,2,28,31598,77678,24027,2103,52847,3002.43,1103,3060,1450,7186,36619,31064,23380
2021,3,1,49514,6869,94564,16769,75154,1915.68,2796,1806,1508,5190,13162,18579,9036
2021,3,2,24392,56824,8627,85433,59655,1915.68,2030,2331,1108,5484,90177,44487,47083
2021,3,3,31588,79591,51195,83378,16210,1915.68,4417,2074,1946,7970,98842,46984,48612
2021,3,4,33017,71639,77884,85118,54230,1915.68,918,4972,3986,8675,80404,33641,1634
2021,3,5,25758,13787,70973,13218,49272,1915.68,4056,2210,3444,5250,96939,12020,27503
2021,3,6,90214,26357,88080,12045,50338,1915.68,772,4705,3560,6538,18934,29141,36923
2021,3,7,20428,71223,24114,10767,66250,1915.68,759,3358,1008,8083,21575,16631,20871
2021,3,8,25586,61984,13843,99030,53587,1915.68,694,3799,3490,9466,55844,20179,27134
2021,3,9,96389,81226,36237,71301,842,1915.68,1794,2620,4984,7326,48386,41234,37411
2021,3,10,78130,9146,15945,29139,57230,1915.68,2121,4166,1720,5963,14548,19441,3873
2021,3,11,19450,35935,13242,89292,45401,1915.68,4470,1788,3014,5706,29441,33855,35438
2021,3,12,99469,46236,37828,24453,3495,1915.68,2038,1624,1711,7983,27114,35292,36215
2021,3,13,1856,89236,812,17711,81552,1915.68,3504,1000,1293,6745,90291,13046,15360
2021,3,14,18535,16114,71187,1549,78172,1915.68,816,3991,3214,6470,18443,16709,1266
2021,3,15,25797,66835,64686,53861,14818,1915.68,504,3024,2386,6315,67086,45289,8152
2021,3,16,88027,70591,96290,55673,3688,1915.68,3718,2221,1618,9904,40121,13568,2933
2021,3,17,56885,41877,7560,20099,81460,1915.68,3159,2255,4189,8402,77467,40358,42356
2021,3,18,92348,32973,89735,6087,5640,1915.68,1375,3666,2411,8044,49338,47450,6821
2021,3,19,16950,18057,86025,52348,74313,1915.68,2267,1196,3022,6179,67647,49481,26146
2021,3,20,48535,70807,73089,74076,55004,1915.68,785,3702,4880,8454,69788,21871,16909
2021,3,21,77340,71165,15538,21103,85182,1915.68,3553,3482,4283,7502,87181,23596,31228
2021,3,22,97075,69450,21145,81449,75629,1915.68,929,1038,4598,6070,30941,30953,38792
2021,3,23,87279,61727,94656,3511,82246,1915.68,772,1882,1960,7271,97039,37141,14445
2021,3,24,38499,81945,71976,54135,52874,1915.68,4082,1299,3606,5226,47748,20586,9158
2021,3,25,54019,95030,77453,29969,15400,1915.68,2273,4029,1022,7742,22539,18716,8394
2021,3,26,52725,64274,44653,4685,21545,1915.68,3177,1654,4987,5206,14176,18434,41692
2021,3,27,89311,58259,75513,34269,39838,1915.68,1206,3855,4641,8658,40175,16393,39613
2021,3,28,73404,17449,85423,43523,5729,1915.68,3590,3453,3587,6494,79489,10131,7963
2021,3,29,31287,37668,86526,71274,84173,1915.68,1838,4834,1278,8702,24102,15149,1416
2021,3,30,28315,11661,25357,79308,76671,1915.68,700,1318,4331,9054,19904,10130,15532
2021,3,31,55438,38538,79866,44025,28132,1915.68,507,4417,3373,7032,47043,47545,9355
2021,4,1,43882,87380,49400,48936,27834,2469.53,2249,1700,1257,6556,32515,21788,30901
2021,4,2,2258,82589,71121,49733,8888,2469.53,706,3776,2397,5545,91908,31751,42533
2021,4,3,36053,51326,45126,93085,14721,2469.53,2171,3601,1402,5854,15082,40587,9023
2021,4,4,13823,1138,46434,20080,74047,2469.53,3220,1303,2889,5692,42387,12542,45301
2021,4,5,88225,47557,66906,60622,29454,2469.53,2372,1020,1490,7708,74941,41211,8814
2021,4,6,12873,58465,16165,75627,7739,2469.53,1213,1561,1190,8998,57992,15236,40054
2021,4,7,24300,66213,7892,18541,78257,2469.53,3020,1480,4186,9860,27101,43639,1146
2021,4,8,80091,35827,25497,6582,89676,2469.53,4144,2547,1046,5078,78173,49345,16791
2021,4,9,20362,60740,20907,77905,6090,2469.53,4492,1582,2815,7384,65280,12152,45251
2021,4,10,84015,3302,22553,14554,24579,2469.53,4544,4669,1831,6393,27602,41507,16006
2021,4,11,33184,91747,10407,24790,88407,2469.53,4134,3768,2023,5598,12126,38112,4933
2021,4,12,56644,12517,34854,34459,46253,2469.53,1881,1619,4786,9433,61172,44365,1142
2021,4,13,11792,52069,49035,13623,68462,2469.53,1481,2996,4734,8240,59138,23140,42989
2021,4,14,53173,83273,98261,51548,44666,2469.53,4659,2660,1294,6982,68470,26405,1285
2021,4,15,7351,75352,23025,27137,4786,2469.53,2853,2928,3969,6488,46550,15158,1108
2021,4,16,46228,84385,88132,47314,32625,2469.53,918,2148,1092,5066,53695,41558,47270
2021,4,17,52704,9707,9219,82857,572,2469.53,613,2921,3040,9990,51409,24177,27689
2021,4,18,15539,39264,7106,860,92503,2469.53,4642,3730,4391,5556,19230,13498,20008
2021,4,19,90043,22850,5516,36936,74269,2469.53,4846,1971,3917,8138,26179,35840,9211
2021,4,20,48106,1793,93762,17498,16783,2469.53,3026,3673,1580,5962,49532,19290,11523
2021,4,21,1491,20527,48371,72235,79652,2469.53,1953,1045,4967,7469,22981,30587,17118
2021,4,22,73032,67828,23911,58301,38244,2469.53,4140,2700,3233,8516,36549,35016,1590
2021,4,23,15777,44576,33690,16562,92411,2469.53,2553,1042,1750,7275,98839,16103,49574
2021,4,24,74394,90793,2150,80713,88262,2469.53,1299,1293,4309,5209,35945,13904,25131
2021,4,25,51651,80087,66606,19884,34340,2469.53,4899,1467,4082,9890,99381,22844,19507
2021,4,26,70867,41935,83098,7319,49211,2469.53,3421,3603,2729,5570,17290,27342,31937
2021,4,27,67053,65615,54988,92714,67176,2469.53,1618,3825,1019,9575,55060,21710,40934
2021,4,28,59082,59961,88179,39516,31253,2469.53,2360,2118,4493,7266,18882,45055,37560
2021,4,29,93747,49211,18659,82828,74781,2469.53,1521,3185,4939,6066,50898,22114,22974
2021,4,30,22443,7517,7292,9814,47092,2469.53,2875,1173,3664,9650,45688,19916,12353
2021,5,1,58049,88388,85811,69859,14176,2578.65,4956,3385,1762,9135,54518,38849,30866
2021,5,2,55657,12704,43790,3518,63602,2578.65,2311,1118,4547,8476,34561,15262,32256
2021,5,3,16353,40735,56916,68758,2776,2578.65,662,2175,1570,7236,63385,12098,26832
2021,5,4,24454,59694,25484,40330,38829,2578.65,531,1684,4056,9320,14354,22658,30002
2021,5,5,71576,56667,60129,27475,41495,2578.65,725,2846,3128,5290,42956,20903,11042
2021,5,6,29473,68031,64431,77395,11619,2578.65,4492,1071,2509,5342,92753,42690,27817
2021,5,7,77682,88285,53528,86739,43957,2578.65,748,1883,1808,8942,59358,32394,17882
2021,5,8,63270,5084,56593,47750,7725,2578.65,3652,3548,3930,6176,30942,45548,49549
2021,5,9,27252,86788,47973,14761,68116,2578.65,2450,1602,4009,7329,48886,22965,40726
2021,5,10,11564,24635,4849,52463,93215,2578.65,1208,1484,1294,8316,16962,19446,30559
2021,5,11,23702,39239,63267,23985,38674,2578.65,4532,2276,3699,7722,13388,48166,10561
2021,5,12,24582,87192,43964,69943,14521,2578.65,2907,1083,3836,8226,94898,27050,42850
2021,5,13,61019,46107,99887,46661,70260,2578.65,2730,1282,1062,9422,50649,31087,20473
2021,5,14,79262,86534,13364,92961,70391,2578.65,1127,4971,3942,5798,64914,28463,26752
2021,5,15,60644,24174,70899,94480,4634,2578.65,2882,1314,3255,8250,28664,14866,15797
2021,5,16,74593,1396,41532,50655,53744,2578.65,1741,4356,3714,5854,42317,49104,42181
2021,5,17,38209,49797,44076,68503,1239,2578.65,3317,3233,1744,8442,72713,20500,25342
2021,5,18,50013,26948,36153,78268,81068,2578.65,4486,2012,2564,8206,39018,10666,14818
2021,5,19,43199,37113,2017,21913,48569,2578.65,1016,1776,1954,5802,71631,11719,44334
2021,5,20,73138,84949,89953,39005,69165,2578.65,4504,1068,2316,5657,30148,19736,29018
2021,5,21,26827,39635,91749,9391,90653,2578.65,3401,3850,4230,6822,72114,32799,30767
2021,5,22,24751,43131,35928,51584,90926,2578.65,3302,4062,2507,9607,12294,28023,7559
2021,5,23,64977,12572,13553,3646,74581,2578.65,3381,2758,3335,5129,43500,23987,43702
2021,5,24,62248,21902,24190,46479,2320,2578.65,629,3421,1580,6254,95005,46711,46304
2021,5,25,55468,74660,10774,47975,60619,2578.65,997,1200,2763,5902,45592,17343,13841
2021,5,26,99604,68974,51454,82939,455,2578.65,3278,2701,1854,7648,25531,35525,44954
2021,5,27,26476,21161,78948,82261,69070,2578.65,3971,4536,4963,6097,88862,41934,40305
2021,5,28,86290,31212,83882,29053,87114,2578.65,2747,1716,3446,8410,86007,15252,29474
2021,5,29,25506,75638,94306,42360,89457,2578.65,2885,2283,2349,6378,14544,42770,19838
2021,5,30,79841,59868,67307,44804,32317,2578.65,3089,3605,2380,6970,47657,24493,6169
2021,5,31,16444,26757,77563,31242,57309,2578.65,1493,2813,1126,6462,25173,11366,13570
2021,6,1,19411,93651,34338,8947,8195,2566.27,3786,4413,1542,9941,16730,33287,27109
2021,6,2,53032,35336,20668,56354,99346,2566.27,4149,1101,1734,6390,99762,35347,11513
2021,6,3,83237,82576,40906,24036,24101,2566.27,1023,3510,1854,6878,68808,20468,2273
2021,6,4,45173,73947,4882,5940,23889,2566.27,578,3271,3299,6245,49624,22644,21612
2021,6,5,4110,38774,15098,25889,75517,2566.27,1235,3752,2435,8493,82787,21535,14860
2021,6,6,87118,163,81399,99392,68227,2566.27,1211,3399,1020,8806,35690,30745,16559
2021,6,7,79057,91269,74017,68708,83866,2566.27,1351,4326,1014,5610,46566,20634,39993
2021,6,8,4013,57803,45739,17800,42648,2566.27,686,1116,1558,6882,45507,29617,44878
2021,6,9,19996,81719,43017,76853,39163,2566.27,2597,3218,2678,7965,13138,11610,45059
2021,6,10,87958,44629,7223,99428,33782,2566.27,1413,2793,2942,8634,71944,36941,20141
2021,6,11,77029,27631,33058,38420,81068,2566.27,3037,2414,1634,7405,94266,15797,44917
2021,6,12,38817,51864,50368,41495,16181,2566.27,742,1986,4625,8642,19917,14758,3646
2021,6,13,54457,6331,18904,98752,54835,2566.27,692,3214,4830,5102,11974,32249,40848
2021,6,14,30019,87376,49664,23006,14781,2566.27,3802,4948,2144,5521,27795,28324,43930
2021,6,15,75519,88538,48814,6497,72854,2566.27,2606,2309,2765,6510,42412,28951,35083
2021,6,16,13710,28106,27166,48540,79560,2566.27,788,4577,2526,6803,32582,48659,30152
2021,6,17,7085,87737,34960,19229,9611,2566.27,3904,1094,1291,9070,15962,40496,12755
2021,6,18,30505,11936,84159,38270,18446,2566.27,2220,3506,1027,5974,13398,19062,26571
2021,6,19,7242,10539,60165,41121,57343,2566.27,4779,1566,1835,9486,17398,12900,9099
2021,6,20,3846,80264,7926,71489,25686,2566.27,1985,1190,4189,5000,94459,28986,32255
2021,6,21,55418,28033,43845,26446,88771,2566.27,2031,2363,4133,7104,53483,15664,7243
2021,6,22,62647,59615,38606,75834,84354,2566.27,2278,4550,1894,6555,76038,27265,4965
2021,6,23,38810,4376,33456,99351,33223,2566.27,3336,3640,3651,8754,15085,43773,44268
2021,6,24,95776,8469,6137,79909,62017,2566.27,2735,1014,4234,5396,16847,19939,9621
2021,6,25,47658,15478,24490,99238,22033,2566.27,1503,1694,1255,9958,60192,20830,16881
2021,6,26,70578,54882,59471,59229,93415,2566.27,3001,4189,4375,9138,85450,27743,40908
2021,6,27,18759,39538,18758,54345,32231,2566.27,4284,4888,2433,5125,79125,39466,1957
2021,6,28,32006,71981,66661,69614,81940,2566.27,1795,3868,4437,6265,28097,15712,43205
2021,6,29,7173,81099,97042,6548,40237,2566.27,643,1414,3380,5752,46043,20611,48844
2021,6,30,87710,20328,66852,71495,51805,2566.27,960,1366,4309,7954,86127,32600,45977
2021,7,1,42923,1469,17967,59188,29566,1826.26,2711,1338,4211,5610,67252,38054,25819
2021,7,2,6254,58952,76435,42007,4995,1826.26,1067,1673,1022,7561,19668,42577,13398
2021,7,3,94875,9992,26887,38847,12471,1826.26,3727,1598,1918,6694,30931,13754,9487
2021,7,4,18865,13643,33889,74428,19254,1826.26,3833,1858,1443,6506,83864,47789,1141
2021,7,5,85018,29932,39463,31618,63846,1826.26,4194,3719,1280,7432,97565,38106,15645
2021,7,6,43271,56294,59851,20578,49340,1826.26,2449,4555,1562,5378,58982,12772,7135
2021,7,7,78830,87816,14593,55274,9435,1826.26,4414,1616,1092,8877,42421,24937,14809
2021,7,8,74522,82968,83657,66509,66753,1826.26,966,1014,3866,7169,30599,19557,47574
2021,7,9,54304,74401,4113,75080,35738,1826.26,2813,4567,3613,9650,86192,18810,29447
2021,7,10,77214,55607,20204,38306,80836,1826.26,4594,1708,3296,6510,54569,45048,28977
2021,7,11,60825,25536,71423,31043,72705,1826.26,600,2007,1422,8582,18439,28512,2023
2021,7,12,66864,82605,59432,50477,61362,1826.26,4876,4926,2581,6432,19178,48417,45624
2021,7,13,91761,89179,86478,70057,52430,1826.26,1456,3253,2934,5768,60647,21990,41047
2021,7,14,21254,11248,15351,97676,98665,1826.26,2539,1064,2745,7910,32355,10458,1206
2021,7,15,47594,92233,65385,81528,5017,1826.26,1296,1776,1008,5556,83185,32928,24969
2021,7,16,40173,14642,62534,23107,17521,1826.26,1448,3773,1570,6798,52801,15796,23181
2021,7,17,76940,95341,47676,26037,97312,1826.26,1494,1256,3614,7546,42783,43630,30031
2021,7,18,93200,55432,90408,90051,38206,1826.26,2978,4729,4585,7482,34187,38458,39945
2021,7,19,41397,45636,93584,8529,88787,1826.26,4324,2077,3077,8026,16238,21740,46385
2021,7,20,2030,44609,49349,90645,62840,1826.26,626,2391,3915,7385,62441,18472,8485
2021,7,21,97330,1773,13202,1916,19988,1826.26,1725,1383,4376,5078,69911,48162,47389
2021,7,22,13046,44236,80240,87475,82587,1826.26,4214,1946,1342,8562,91612,44857,4706
2021,7,23,17047,92239,17249,80963,99625,1826.26,4434,3305,4166,8988,31572,34153,46043
2021,7,24,92729,88298,11890,2105,54959,1826.26,1618,3003,2388,6858,71829,41326,31801
2021,7,25,1564,31044,42295,67230,39606,1826.26,3439,3004,2497,5687,70318,16956,1066
2021,7,26,58082,86105,88131,72248,15093,1826.26,2753,2821,3000,9294,19860,29310,19704
2021,7,27,32795,26545,63666,91535,39755,1826.26,2861,2669,1537,6058,41251,22495,35495
2021,7,28,41767,69691,11852,616,31730,1826.26,890,4811,3273,7150,78410,33366,32170
2021,7,29,83274,17516,7540,7627,68510,1826.26,1936,2656,1712,9782,18390,16466,33817
2021,7,30,86097,58404,90489,68987,66264,1826.26,1481,3029,2781,6674,17298,15862,48092
2021,7,31,1854,84085,72026,70127,47655,1826.26,4844,2280,4303,7383,54906,11282,1778
2021,8,1,41843,70470,4265,92445,96012,1777.87,4893,1544,3923,7768,37030,42014,37084
2021,8,2,71713,45060,9796,91397,70056,1777.87,3249,1994,4035,6760,34497,30823,42010
2021,8,3,49573,81778,15127,43308,36684,1777.87,859,4878,1112,5934,14726,17124,34292
2021,8,4,28560,98568,37892,72483,78799,1777.87,4496,1030,1332,5214,41906,22739,41274
2021,8,5,82653,35156,93231,63040,14884,1777.87,3862,4455,1724,8989,24114,12540,27728
2021,8,6,9633,11327,73771,80746,2803,1777.87,2869,1361,2364,8478,20195,21163,27446
2021,8,7,93386,1044,21674,46070,8039,1777.87,670,2042,1542,8390,70082,46322,29933
2021,8,8,22470,63945,27130,48327,89286,1777.87,2219,3918,2570,7982,79663,15372,1245
2021,8,9,78435,27533,13086,70800,45997,1777.87,1962,1476,1360,9987,14486,17436,49633
2021,8,10,59920,86963,65756,91360,81705,1777.87,2681,4173,1134,9632,68852,10848,35838
2021,8,11,16056,96072,20690,94978,97061,1777.87,1701,1847,4236,9786,62646,40232,1442
2021,8,12,39419,20961,45966,6446,948,1777.87,662,2219,2433,7265,68578,49137,14120
2021,8,13,99456,6260,69664,15590,87423,1777.87,2360,4829,1886,8050,14806,14350,4868
2021,8,14,74755,91508,56198,18992,97646,1777.87,4223,3415,1155,6194,59860,23455,35196
2021,8,15,52013,41371,50675,19447,88637,1777.87,4935,4443,1863,7670,36384,29286,35605
2021,8,16,25818,90097,49116,93108,48147,1777.87,2458,4253,3133,7320,58244,35779,30275
2021,8,17,48852,83820,55547,21359,55361,1777.87,4813,3725,3129,7386,43171,28117,15408
2021,8,18,97444,44459,82561,55660,15410,1777.87,1297,2578,4041,6764,50686,23539,18945
2021,8,19,47039,8145,12793,51525,38152,1777.87,3655,2002,1208,9201,24713,42920,37389
2021,8,20,40961,35879,66646,14091,97719,1777.87,2207,1513,1264,9546,83524,19174,26169
2021,8,21,10065,1174,59967,35458,67939,1777.87,708,1328,3796,8141,82852,13906,10653
2021,8,22,41883,52860,60303,13091,62062,1777.87,2362,3021,2246,9008,33463,10598,1368
2021,8,23,81529,25672,79182,52156,16792,1777.87,4543,3207,3879,9030,78665,48169,12707
2021,8,24,25163,4015,79499,60312,58508,1777.87,3611,1586,1562,8790,29831,19960,28703
2021,8,25,11634,2195,12997,48880,57555,1777.87,810,4082,3483,9376,91238,21626,12813
2021,8,26,58435,62134,64834,22315,76644,1777.87,1835,3158,1798,5380,94821,38724,9851
2021,8,27,61389,28433,55466,9303,38698,1777.87,4277,1682,3843,8625,15561,11397,1650
2021,8,28,11438,32109,16832,16273,11486,1777.87,4250,1271,1555,5436,24937,29550,24422
2021,8,29,95287,11774,14061,75504,94459,1777.87,579,2198,3665,9614,81500,17440,8882
2021,8,30,4046,17130,75398,24241,82108,1777.87,1989,3544,3067,8821,26169,14614,40960
2021,8,31,43243,96772,53529,46150,32208,1777.87,700,2494,1974,6112,19349,16934,28466
2021,9,1,66281,73248,35012,68677,71101,2166.47,4074,4581,4124,6638,86688,26435,43727
2021,9,2,15305,96586,65855,50478,22755,2166.47,638,1764,1639,6221,68085,15104,33112
2021,9,3,98274,11932,71696,54386,31281,2166.47,731,3912,2343,6014,98940,49795,22745
2021,9,4,30822,88015,54378,49946,17682,2166.47,1380,2985,2650,8587,99814,26756,41066
2021,9,5,91699,9886,12635,78338,82459,2166.47,4793,2083,4002,5982,67821,13278,30720
2021,9,6,20585,3553,70547,82929,90648,2166.47,2723,1469,2501,7100,87766,25182,19487
2021,9,7,44519,80500,24520,82169,39087,2166.47,564,1578,1922,7911,25473,49381,40686
2021,9,8,84983,85267,62817,93985,16756,2166.47,618,3691,4190,7516,36619,41189,30638
2021,9,9,7003,85696,62659,80856,89148,2166.47,2389,3665,2276,6530,32186,36362,16778
2021,9,10,53946,7464,33499,20869,11727,2166.47,1601,1708,1188,9417,14098,43696,8972
2021,9,11,80056,74015,47389,30598,11531,2166.47,1786,4884,1054,6446,32092,25202,34008
2021,9,12,17575,4482,8868,64851,17743,2166.47,2564,3039,4868,8566,17824,26594,7406
2021,9,13,76386,11861,89655,36975,77631,2166.47,671,2685,1434,8059,18566,48594,46699
2021,9,14,78419,92773,33480,64474,59922,2166.47,1027,3847,1404,5014,75049,20498,31924
2021,9,15,38653,42614,8539,3521,60028,2166.47,1467,2764,2010,6121,89739,39640,33798
2021,9,16,82821,36763,13678,69885,31174,2166.47,3479,1896,2435,8310,13546,37357,18312
2021,9,17,234,62796,81205,2990,44043,2166.47,3488,4046,1822,8378,10294,25247,6255
2021,9,18,98528,99034,44364,60538,85156,2166.47,738,4327,2216,7718,54211,34741,34103
2021,9,19,48518,22691,60686,92306,57353,2166.47,4662,3937,1601,7218,76927,14000,17454
2021,9,20,49825,16768,6042,65045,81498,2166.47,1643,1078,3993,8118,56914,25500,24960
2021,9,21,51462,57092,9828,55030,87299,2166.47,4771,2167,3081,6808,44472,10433,14039
2021,9,22,50614,40487,50724,97215,17706,2166.47,561,2529,1548,6602,48925,42266,27651
2021,9,23,51563,5569,22291,91908,22928,2166.47,2407,4388,2648,7182,29417,12606,45557
2021,9,24,7625,35541,24818,27058,2349,2166.47,3843,2962,1128,9142,66528,10185,35643
2021,9,25,82217,87091,27716,42986,13693,2166.47,1603,1606,3561,8150,73513,21488,42993
2021,9,26,35803,7273,12229,88451,50859,2166.47,1100,4835,3538,9106,15206,45886,41646
2021,9,27,87912,5736,48849,14041,60302,2166.47,4225,3869,2467,8292,18206,32511,15378
2021,9,28,11286,19810,14119,26199,60056,2166.47,4038,1724,1256,6266,10694,28466,3984
2021,9,29,34264,78112,53302,27802,80381,2166.47,3688,3292,2281,8888,98684,37583,5195
2021,9,30,4266,89262,96453,23085,23907,2166.47,1948,1543,1650,9702,77741,10875,14660
2021,10,1,41780,6733,34010,18046,23744,1654.13,3660,1854,2129,6462,82235,14730,28829
2021,10,2,20151,66880,30958,9039,65564,1654.13,4656,1176,1344,5490,95082,12355,18541
2021,10,3,41041,46626,63177,43459,40719,1654.13,1212,3849,2136,6573,16894,20879,24052
2021,10,4,45402,85556,22735,27532,98370,1654.13,1206,3519,3200,8515,43909,20115,21322
2021,10,5,13408,73566,57644,94753,42659,1654.13,3459,3698,1416,5984,43509,22774,2727
2021,10,6,93392,9722,71624,90528,26295,1654.13,2758,1696,1730,6844,15579,10302,4871
2021,10,7,88166,13138,23666,92718,41654,1654.13,4184,1110,2492,6828,66164,16502,17575
2021,10,8,5907,89625,201,21610,92612,1654.13,735,1002,4782,9466,92881,12429,10062
2021,10,9,87230,20641,84126,94007,3837,1654.13,4152,2002,4193,9169,17286,20846,16057
2021,10,10,23096,80257,25908,80588,17085,1654.13,2089,2990,3047,7294,60951,40659,42072
2021,10,11,73704,71688,93014,43487,54047,1654.13,915,2627,2887,6392,51633,26723,35896
2021,10,12,72449,67138,35078,17994,6307,1654.13,3840,4401,2757,8862,19988,49841,36150
2021,10,13,39523,23431,72832,37571,37073,1654.13,4581,2128,1821,7902,86966,25867,33783
2021,10,14,56194,59234,49847,79081,31978,1654.13,2156,4425,3616,7180,22418,41274,1480
2021,10,15,26087,27611,20677,58844,58710,1654.13,3684,3232,1818,7867,52154,23872,47018
2021,10,16,48003,13088,67353,69824,67034,1654.13,2043,3227,3551,7586,18659,45528,4319
2021,10,17,29722,57168,66306,14690,30754,1654.13,964,1839,4038,6640,32035,15504,5076
2021,10,18,73658,40720,22332,60457,54940,1654.13,4328,2941,3924,8032,89116,20958,40838
2021,10,19,22351,67512,10538,52254,95754,1654.13,4133,1926,1364,6790,40163,33469,29197
2021,10,20,18219,46128,6661,67257,72768,1654.13,1355,2776,1544,7384,23233,11446,38696
2021,10,21,20877,23914,70000,24802,91947,1654.13,2111,1306,2979,5306,82902,38732,25468
2021,10,22,68197,13388,80559,54561,10179,1654.13,4381,3396,3201,8406,12004,22320,20722
2021,10,23,49738,3360,35098,45505,33399,1654.13,2562,4275,4947,8913,79076,23245,24683
2021,10,24,74382,91188,53895,33713,30188,1654.13,3796,3383,1535,9354,69296,43065,3149
2021,10,25,90076,73678,37814,89629,84720,1654.13,1949,1628,3177,6806,12665,36575,49818
2021,10,26,88081,25229,40851,19380,24142,1654.13,2625,4874,3817,5752,48586,24004,36279
2021,10,27,66020,37383,88741,48907,23089,1654.13,3324,4516,1713,6137,19144,32785,8037
2021,10,28,45956,81094,83595,15485,10844,1654.13,2059,3923,2839,9262,34655,28333,46260
2021,10,29,11893,77281,93208,72063,6504,1654.13,2418,2522,1880,9334,37780,34969,8147
2021,10,30,9195,96105,64486,57261,92243,1654.13,1397,4549,1075,6343,70033,41918,33630
2021,10,31,18955,88445,7195,56795,64059,1654.13,538,2303,1954,9382,64365,41984,41850
2021,11,1,26784,30859,31066,77943,68639,2558.87,3488,1095,1048,7100,89689,30500,16035
2021,11,2,83498,44239,11576,6193,30624,2558.87,618,1706,2040,7794,99478,18889,3495
2021,11,3,33421,91782,4371,94459,72499,2558.87,3643,4281,2212,9426,93575,12202,46355
2021,11,4,27095,97065,43298,57614,90517,2558.87,4465,1494,3576,6041,96558,40551,32987
2021,11,5,35888,21706,75972,62928,19999,2558.87,3168,4770,4934,5086,64229,22432,41802
2021,11,6,15245,94225,71714,8809,55285,2558.87,2362,2378,3705,5350,56343,35573,31642
2021,11,7,79999,60809,75940,89928,76850,2558.87,966,4088,1120,5612,16744,46906,38851
2021,11,8,14603,56536,16677,14537,25426,2558.87,3320,1348,1481,5574,65829,46765,47258
2021,11,9,73028,53193,45496,68085,205,2558.87,3657,1554,2647,5949,86481,11706,1839
2021,11,10,34800,33313,1290,61707,56114,2558.87,4964,1442,1192,6594,12902,41617,9657
2021,11,11,55251,21278,48640,46733,12664,2558.87,4849,1390,1486,5345,53774,16920,30821
2021,11,12,73536,7432,29828,36183,69733,2558.87,3383,4531,1954,9672,82590,22086,16309
2021,11,13,19329,7555,9155,1873,65548,2558.87,4842,1606,3387,9676,83882,11050,27111
2021,11,14,5654,10084,63093,22371,81781,2558.87,4290,1294,1310,9117,15710,10382,16867
2021,11,15,1779,16234,31267,84103,42258,2558.87,1188,1586,2762,6806,79810,13270,13857
2021,11,16,75158,89653,24109,39897,64486,2558.87,2299,1491,4425,6406,17732,16206,24343
2021,11,17,13611,48152,71523,54261,33622,2558.87,994,1751,1958,9070,35853,16890,29373
2021,11,18,42469,58395,32154,80232,6441,2558.87,3541,1597,2968,8012,21494,32454,11965
2021,11,19,48344,38794,85298,82769,35537,2558.87,662,4146,3661,6848,19758,42282,44159
2021,11,20,82574,754,60386,10884,13014,2558.87,1450,1834,4633,7218,68417,27425,46240
2021,11,21,41921,68311,59024,76241,92312,2558.87,3694,2006,2014,7992,56126,15638,46870
2021,11,22,54502,71454,53050,13164,74654,2558.87,1797,2226,3560,8762,84461,11734,22808
2021,11,23,94775,65913,91113,65760,95869,2558.87,3184,2788,2839,8559,14028,36502,9530
2021,11,24,31781,89076,93509,83795,49419,2558.87,2697,3920,1087,7098,33435,45741,49635
2021,11,25,29906,71585,69320,19819,53768,2558.87,4096,4893,1045,6966,30652,31913,3782
2021,11,26,89738,90190,69702,33929,8749,2558.87,870,1068,1026,7886,40675,19738,1462
2021,11,27,29925,44725,75200,67365,1823,2558.87,4457,3080,1570,5128,84250,16690,24987
2021,11,28,18910,23347,31584,54955,69907,2558.87,1867,2000,3777,5850,19856,43877,28589
2021,11,29,89355,80354,50759,94863,60644,2558.87,1141,1919,1158,5390,74283,17362,41435
2021,11,30,82679,53741,18766,79250,18870,2558.87,939,4130,1361,7758,25437,12619,3016
2021,12,1,28657,88615,57592,17930,98538,2337.48,2283,2006,2227,8497,72237,10013,1470
2021,12,2,84640,79157,62525,42332,69793,2337.48,630,3532,1254,8528,58753,38637,16858
2021,12,3,66551,29237,81351,60425,71026,2337.48,2887,1033,3935,6830,33962,13824,43970
2021,12,4,58300,57598,9067,76880,76096,2337.48,1892,2086,3163,9416,19417,12955,47656
2021,12,5,82626,44428,2841,18248,65039,2337.48,3236,2940,2181,7574,16740,44558,27946
2021,12,6,81260,57605,10593,80195,64435,2337.48,4018,2734,3504,9436,15965,10951,10907
2021,12,7,17092,2858,88038,10256,52275,2337.48,3210,4899,3234,9638,69499,49624,7455
2021,12,8,70349,59088,97566,77530,30027,2337.48,3440,1285,4886,9032,15674,10672,22283
2021,12,9,59939,1851,99759,94795,37640,2337.48,745,1082,3581,7574,81337,20855,15724
2021,12,10,17590,70901,22107,85824,63303,2337.48,1799,3650,2045,9364,27532,47071,41606
2021,12,11,87999,15973,24709,67885,31357,2337.48,4909,1294,1496,9344,19598,18966,32541
2021,12,12,60392,8187,75817,78973,1970,2337.48,1179,1830,1526,9284,38085,24060,23507
2021,12,13,12596,89885,74064,79641,55602,2337.48,3063,3599,1114,7771,27836,31627,17948
2021,12,14,66665,72746,89274,33760,33765,2337.48,3493,4155,1253,5358,89479,18222,41715
2021,12,15,4168,72011,70485,64926,76649,2337.48,686,1200,3453,5753,85235,20406,8570
2021,12,16,13701,78299,14007,80324,12422,2337.48,1950,1778,2291,7575,29196,31055,8195
2021,12,17,75643,84042,75212,91896,14704,2337.48,1469,3870,3053,6953,83796,46053,31043
2021,12,18,5523,89135,51649,20328,84888,2337.48,734,4939,2885,8806,95262,10306,3236
2021,12,19,95639,73565,55745,42930,57492,2337.48,3984,3133,1366,5547,41380,16389,1293
2021,12,20,96591,67850,35260,65996,81155,2337.48,2048,3028,1796,7402,39708,42132,35408
2021,12,21,16932,30443,73424,64817,67887,2337.48,1474,3524,4953,7150,22805,32445,35038
2021,12,22,14864,63142,81931,16550,78690,2337.48,2938,1631,2512,9108,57626,10048,23312
2021,12,23,36310,69675,24400,93555,49723,2337.48,2039,1653,1812,5462,47821,28787,14108
2021,12,24,10501,5648,58664,85454,19219,2337.48,4250,4081,4610,5076,66982,39651,31469
2021,12,25,72197,16273,31283,96061,822,2337.48,1079,3482,3582,5479,47037,16618,38909
2021,12,26,89587,15429,91310,489,40891,2337.48,627,2742,1129,8592,69548,30347,5483
2021,12,27,52112,3799,30781,13074,52684,2337.48,4076,4879,4034,5878,20940,31208,47763
2021,12,28,5619,22020,84691,80553,63851,2337.48,862,3437,3507,5748,70277,20750,48080
2021,12,29,68352,65905,88493,29482,36548,2337.48,1180,1334,4543,6961,34436,47226,24393
2021,12,30,71076,19866,72107,85111,20224,2337.48,2670,2194,1190,7434,22746,45268,43047
2021,12,31,81793,27956,48706,61652,40825,2337.48,2401,1066,2590,7246,71361,20490,35335
2022,1,1,13894,91854,56182,70855,42642,1988.32,3282,2506,1866,9744,82730,34912,3409
2022,1,2,92415,41277,16330,26127,64023,1988.32,4270,3329,1654,5922,65506,11988,11598
2022,1,3,84676,7387,45932,88274,78748,1988.32,1264,2640,4626,8797,79847,17267,32774
2022,1,4,58558,38130,29775,50424,97874,1988.32,680,1639,1126,6690,49117,16502,28857
2022,1,5,79615,73389,75189,56270,75663,1988.32,4609,1689,4432,6892,64963,43179,40695
2022,1,6,79666,47580,52172,4292,86377,1988.32,2911,4934,1499,8084,95357,11734,32019
2022,1,7,79246,47046,23716,49378,15063,1988.32,1235,4676,1221,5722,67297,21883,22834
2022,1,8,48470,68260,14925,12902,15152,1988.32,2432,1169,3818,9218,15460,30195,46240
2022,1,9,72975,19724,91482,75827,53761,1988.32,2902,3005,1950,6618,98734,15297,36839
2022,1,10,89452,31323,76327,35673,39098,1988.32,3907,2567,3234,8831,16820,19486,9976
2022,1,11,1424,5606,70908,45242,30210,1988.32,882,4535,3795,6548,95361,42555,2720
2022,1,12,86461,88265,41914,36696,21235,1988.32,3345,1380,3321,8254,46357,27419,7000
2022,1,13,70999,36617,31339,15586,41800,1988.32,656,3222,1990,5174,88464,16676,14511
2022,1,14,81654,80253,52565,20449,63523,1988.32,4356,4982,3893,5106,12146,40127,14278
2022,1,15,28269,21375,813,32943,32398,1988.32,1713,4748,1166,8816,35333,16588,13522
2022,1,16,88914,27009,1512,75382,89591,1988.32,3409,1243,2932,7854,16098,16454,6328
2022,1,17,25252,37401,32789,94145,8670,1988.32,4272,3289,3544,5084,10362,11892,35818
2022,1,18,48607,79297,42042,65096,20052,1988.32,3384,3965,1478,9802,11318,26676,27375
2022,1,19,47576,9108,97921,50508,70082,1988.32,3313,1358,4716,6101,11666,34737,22317
2022,1,20,18272,90101,38027,91816,91538,1988.32,4108,1214,2610,6150,10486,22662,6963
2022,1,21,49877,44976,97980,70612,86224,1988.32,2287,3798,2784,6266,84306,44217,48678
2022,1,22,33876,33972,5902,9944,74,1988.32,4680,4696,1830,9059,26511,19448,11731
2022,1,23,6022,56972,49863,58632,13122,1988.32,1293,4350,1428,9272,49961,10634,21454
2022,1,24,44302,63601,52802,68439,91513,1988.32,2655,1739,2431,8557,51683,15454,3460
2022,1,25,96640,46364,38553,14822,95423,1988.32,4541,1443,2034,8816,76427,12134,15064
2022,1,26,62209,24073,30859,94989,69698,1988.32,3991,3998,2123,6793,82436,18635,47172
2022,1,27,36605,45093,10376,24036,30002,1988.32,2891,1640,3421,6443,57813,20196,12059
2022,1,28,47859,82355,21640,86246,73111,1988.32,2753,1302,3491,9936,30307,16386,14419
2022,1,29,98487,44299,22187,75610,27444,1988.32,597,4048,1067,7846,17770,12420,20976
2022,1,30,49383,32328,55413,74156,15123,1988.32,4351,2981,1170,5991,49226,18690,13226
2022,1,31,46762,3332,20361,85253,4647,1988.32,3440,3132,2670,5627,78741,10236,17020
2022,2,1,55691,35514,19022,26663,39950,2614.79,1044,2276,3205,6710,15030,32782,47794
2022,2,2,60904,83084,44715,93247,48662,2614.79,566,1992,1006,5260,72990,17136,13405
2022,2,3,18702,76123,44807,50681,71217,2614.79,3634,1906,1785,9007,69921,41734,16273
2022,2,4,86801,62318,80363,6358,28870,2614.79,992,4773,3548,6902,83019,32210,34114
2022,2,5,29963,23028,555,80080,48289,2614.79,2216,3341,4667,8374,50373,37235,23546
2022,2,6,74647,54008,64143,26433,93015,2614.79,4518,1166,1380,9772,10122,41602,34064
2022,2,7,15347,74367,31376,98895,74573,2614.79,2456,4535,3774,8011,84614,18414,14395
2022,2,8,21557,98183,1756,87576,72910,2614.79,4811,2555,2487,5305,90339,15501,2129
2022,2,9,39369,24859,28020,52101,56092,2614.79,3702,2789,1260,5746,12170,45833,46895
2022,2,10,55825,50493,369,25951,98504,2614.79,4364,1411,1748,6119,23986,38778,1335
2022,2,11,14600,48798,52686,37087,70455,2614.79,3939,4822,4235,6958,78275,13366,43026
2022,2,12,43853,88330,44468,65113,29760,2614.79,2297,1935,4346,7665,27885,29201,47503
2022,2,13,95353,72250,65613,11222,34721,2614.79,4999,4319,4748,5378,11058,25203,5952
2022,2,14,12062,71697,51378,96297,68655,2614.79,2974,3858,1382,7596,10322,46797,46005
2022,2,15,77649,87621,98733,91995,81638,2614.79,1196,1989,1570,6330,18278,32642,42970
2022,2,16,9112,4562,31962,80213,73599,2614.79,1767,2011,2766,9496,14660,15554,1071
2022,2,17,35502,67635,52983,2540,97781,2614.79,4336,1742,2276,8850,83774,48914,13305
2022,2,18,57390,21323,42256,5312,24484,2614.79,2953,3594,2731,6266,30158,15372,46819
2022,2,19,87337,51926,59694,26455,41423,2614.79,578,3275,3339,7130,12166,12248,24354
2022,2,20,83217,11503,31548,66846,25923,2614.79,759,4663,2996,8742,21326,27479,31675
2022,2,21,21185,9280,27427,88917,61898,2614.79,2949,1180,4510,5294,16792,17284,7585
2022,2,22,13348,58970,76912,71688,78882,2614.79,4158,3449,1168,8262,45294,42853,39078
2022,2,23,23733,61054,58869,76729,35421,2614.79,560,2956,2177,7986,78224,34074,46547
2022,2,24,55571,41175,49660,81433,80169,2614.79,614,3516,3371,8331,81555,12252,8051
2022,2,25,47409,25714,7054,64340,17772,2614.79,3544,2855,4753,8764,34584,31525,2349
2022,2,26,95311,5145,54483,17488,3131,2614.79,2913,1974,1926,7572,72837,20401,49059
2022,2,27,41975,54258,80270,91698,12590,2614.79,612,4997,3889,7355,40689,38013,11825
2022,2,28,79704,64234,95869,9457,62999,2614.79,2334,4660,1948,7294,92148,21430,30453
2022,3,1,10062,62836,17460,93987,52025,1404.06,2312,1281,1676,8030,18870,29009,4213
2022,3,2,64312,95221,82899,8019,35910,1404.06,2721,1494,3132,7070,95844,29936,20912
2022,3,3,20865,70506,31886,99033,79006,1404.06,1258,1702,2502,5046,99404,34526,19668
2022,3,4,64282,68070,57161,65115,28432,1404.06,960,2742,2602,6758,17113,39863,26031
2022,3,5,80638,4835,56359,30122,34717,1404.06,534,1932,1674,8295,87316,34416,18555
2022,3,6,77963,13576,39836,76818,73645,1404.06,2695,4278,1398,9720,35744,18443,5592
2022,3,7,77239,96221,77539,81193,55947,1404.06,1056,1583,1684,7542,66705,18038,44652
2022,3,8,62321,93116,38839,34085,51411,1404.06,3500,1458,1082,9384,22541,46078,26156
2022,3,9,96632,66590,357,36644,67797,1404.06,766,1386,3673,5260,42579,20971,2454
2022,3,10,93629,79988,57555,9466,90106,1404.06,1371,3777,1398,5210,11474,11974,40612
2022,3,11,57718,87715,47214,13800,12402,1404.06,4877,1566,4047,6586,62028,36844,36107
2022,3,12,29040,83468,14583,94065,82445,1404.06,710,1072,3500,8941,85537,19924,23514
2022,3,13,45906,78262,28736,95984,93472,1404.06,3824,1188,4310,7389,81339,48064,31597
2022,3,14,79848,57569,73449,48896,50507,1404.06,2091,1804,1210,6673,12636,34091,1829
2022,3,15,6540,21349,10164,76392,26643,1404.06,1349,3899,1286,5084,19894,18806,12054
2022,3,16,13033,31411,67678,48696,8800,1404.06,1759,4999,2936,6559,53894,23443,49017
2022,3,17,38389,72338,69341,90036,89011,1404.06,968,1901,3354,5206,88293,12706,25655
2022,3,18,79048,24643,45248,69362,6079,1404.06,4498,4110,4244,7175,67805,19396,12835
2022,3,19,2544,80917,24396,25481,83829,1404.06,560,3568,1978,9240,28603,22340,44642
2022,3,20,76622,69083,84243,89977,36078,1404.06,2676,1062,3529,8562,13558,19607,22536
2022,3,21,87111,70337,38718,97707,23865,1404.06,3454,1407,1214,7849,68239,15914,22876
2022,3,22,68843,83515,42540,35821,84483,1404.06,3161,1103,2929,8755,67431,25358,37496
2022,3,23,97643,30109,40484,11172,54385,1404.06,778,2846,3009,5847,71904,15054,41322
2022,3,24,8723,5360,94634,45219,79561,1404.06,4189,3403,2739,8081,84223,47221,29225
2022,3,25,11929,8737,24677,84858,17492,1404.06,894,1134,2216,7051,42656,42952,42109
2022,3,26,24725,73435,50799,52734,59283,1404.06,959,4356,3061,7806,29574,15254,22703
2022,3,27,11169,95117,56026,73908,19550,1404.06,2480,1477,1689,8658,32686,15532,6601
2022,3,28,70618,59255,47019,92834,26306,1404.06,2137,1029,3109,5880,20115,22391,39675
2022,3,29,91990,41075,23100,36404,89371,1404.06,764,1086,4142,5518,90798,13558,2675
2022,3,30,89355,44631,31521,71044,6788,1404.06,2928,2404,4813,9946,86589,32470,30559
2022,3,31,39621,88727,49853,2730,58014,1404.06,1472,1654,2393,9154,86406,16763,19968
2022,4,1,46784,33654,14093,95890,24452,2240.2,1002,4082,2007,5288,92221,42565,14136
2022,4,2,75568,85979,98731,25514,88920,2240.2,562,2646,2405,8440,35659,33724,47554
2022,4,3,42040,2015,61118,6612,4773,2240.2,1561,2907,4237,7005,63796,18689,44233
2022,4,4,1141,65393,54124,79500,38032,2240.2,3417,4950,3674,7147,71815,37594,12697
2022,4,5,34701,53301,31593,98458,37516,2240.2,2181,1824,1246,9650,10102,13494,33604
2022,4,6,20235,75433,74651,64473,62438,2240.2,3161,4930,1590,7282,59429,24573,4799
2022,4,7,66333,97847,4524,31360,51347,2240.2,620,2398,1992,6897,13846,49858,26339
2022,4,8,16853,33038,95766,18823,59041,2240.2,565,4274,1238,6567,43746,18857,14637
2022,4,9,71366,93260,65140,91557,13248,2240.2,1129,1874,3767,7005,27291,12940,24570
2022,4,10,79696,28949,8865,25687,45846,2240.2,545,4049,1874,5270,97872,34501,26073
2022,4,11,35947,39790,13777,42367,56357,2240.2,2576,2721,3486,5440,35629,46733,23875
2022,4,12,33637,18112,92666,72405,5117,2240.2,3869,1163,1054,8180,26850,27453,36309
2022,4,13,30158,68748,6504,5620,90058,2240.2,510,2356,1042,8246,17334,16872,4376
2022,4,14,60476,28651,60946,43962,37719,2240.2,2046,1354,1038,9712,43758,10054,12928
2022,4,15,86021,38981,53670,67630,59418,2240.2,726,4575,1246,6370,11546,22028,46872
2022,4,16,22313,51667,30737,82829,38268,2240.2,1052,3742,1813,6998,59055,14531,31811
2022,4,17,89926,16102,85886,37316,82166,2240.2,4821,4538,1328,9842,52167,10745,45997
2022,4,18,56715,47250,50321,22333,65188,2240.2,712,3851,4885,5822,86680,34504,11867
2022,4,19,73260,19085,99599,66425,96083,2240.2,955,2359,1106,6840,39674,39624,8654
2022,4,20,29189,45848,74163,30517,22043,2240.2,1262,3756,4930,7934,17440,21469,26330
2022,4,21,36154,28154,75322,66039,85954,2240.2,1894,1138,2437,6492,41988,19754,28354
2022,4,22,41498,22944,12232,48956,6137,2240.2,3579,1326,1858,5492,65841,10026,18259
2022,4,23,55423,73456,47608,61706,31390,2240.2,3174,2542,4553,9704,49932,11858,15049
2022,4,24,3201,33179,87424,16991,16023,2240.2,1862,2519,3707,5445,22827,24843,29412
2022,4,25,23704,61407,26520,70514,90501,2240.2,3012,1854,2167,5030,23979,29909,8713
2022,4,26,52021,57155,13804,77926,98354,2240.2,4783,2906,3266,7126,34896,29289,30089
2022,4,27,22971,61759,3161,8030,17204,2240.2,4224,2259,2394,5743,27772,44246,25988
2022,4,28,50809,50785,40169,49328,37757,2240.2,4236,1128,2654,9392,13270,18942,30501
2022,4,29,89481,6542,70266,2747,100,2240.2,3387,4421,3271,6222,47450,15510,5162
2022,4,30,77536,46675,57735,81282,88771,2240.2,527,4578,2642,8222,88905,13512,1859
2022,5,1,84495,29232,66555,93887,29638,1620.06,3366,1178,4179,6112,36277,10692,18914
2022,5,2,34501,92052,93965,2401,39502,1620.06,1287,1176,3525,7569,74946,36735,10792
2022,5,3,69449,30877,55730,1497,19782,1620.06,4044,4275,1712,6950,98161,37701,12481
2022,5,4,32217,97880,73880,21396,83993,1620.06,3439,4844,4911,9642,53596,24413,26509
2022,5,5,53195,49884,76942,38072,27453,1620.06,4806,1901,4115,8726,14749,35248,18240
2022,5,6,59369,45147,39525,67433,42097,1620.06,562,4312,1917,5364,12059,18158,4038
2022,5,7,38226,76852,3458,73137,19255,1620.06,3901,3801,3288,6806,43224,12006,7054
2022,5,8,25434,84384,63995,24549,81272,1620.06,4797,1288,1998,5673,24424,48690,45096
2022,5,9,86063,29558,89355,37980,41275,1620.06,1592,1712,3265,7542,68987,13871,1415
2022,5,10,83455,32890,19025,6744,90084,1620.06,3836,1044,2984,7830,56417,44255,12250
2022,5,11,49278,16215,1247,89520,48240,1620.06,3209,4302,1580,7840,88633,12854,25671
2022,5,12,95330,95227,8706,89947,5276,1620.06,710,1462,3285,9194,11825,33369,44045
2022,5,13,17796,85662,65239,97132,39844,1620.06,1386,4120,4222,5276,94991,19758,21656
2022,5,14,68304,99553,53116,56236,93469,1620.06,4089,1262,1975,8302,95096,17214,41750
2022,5,15,88192,31619,63685,47829,87165,1620.06,1197,4960,2522,5584,18443,33717,41862
2022,5,16,84444,59831,39191,38666,18816,1620.06,2478,3470,1526,9654,59706,43554,34182
2022,5,17,68696,45148,48704,5671,39295,1620.06,4272,3837,1769,8628,91665,28934,10152
2022,5,18,36171,89216,247,30046,52003,1620.06,3762,2797,4871,9304,15638,13686,18690
2022,5,19,53487,65294,17158,3573,92240,1620.06,3478,1878,3362,8754,82956,44008,43216
2022,5,20,88686,63581,37846,80455,7890,1620.06,740,1678,1398,9382,90457,37080,45864
2022,5,21,27381,70572,39879,22252,6229,1620.06,2290,1066,4337,9447,79638,37928,47693
2022,5,22,79015,59469,98863,17377,88002,1620.06,2737,1686,1751,5582,73493,35992,48171
2022,5,23,11446,65586,62757,46524,57925,1620.06,4956,1246,1489,6186,23907,12717,19566
2022,5,24,70231,76198,38784,99569,61997,1620.06,2496,1010,4241,5432,74739,48594,34774
2022,5,25,50882,2477,75282,28985,84411,1620.06,1329,1722,1432,8180,58731,19978,15127
2022,5,26,63652,25040,6644,20141,31226,1620.06,4209,1456,3100,7992,17376,35097,30552
2022,5,27,72766,54873,42460,83359,23936,1620.06,1952,1169,1026,7180,20153,20437,17199
2022,5,28,38712,67835,16294,85776,61921,1620.06,762,1923,1416,7526,62063,13993,41377
2022,5,29,60662,77625,65450,83762,15617,1620.06,870,4733,4050,7670,88091,27985,32826
2022,5,30,44869,70044,69155,80896,59982,1620.06,2684,3692,3494,5414,84467,14198,5661
2022,5,31,41706,91583,93690,74474,21693,1620.06,3467,2353,4728,8886,82466,15344,22105
2022,6,1,67678,86430,73497,95348,74521,2593.8,1567,1842,3340,7638,20897,25352,17834
2022,6,2,71499,35942,65199,21828,36762,2593.8,4885,3343,1318,8726,66387,49111,16966
2022,6,3,9178,65093,48840,29447,47559,2593.8,3892,1950,1965,8740,26934,15686,30537
2022,6,4,22926,83503,68755,92618,37317,2593.8,2969,3815,1944,6346,46994,28705,6004
2022,6,5,66486,26880,23401,77140,97591,2593.8,1250,1767,4879,5798,36213,18790,39788
2022,6,6,71979,1458,50378,5296,56550,2593.8,3133,1664,1638,7578,88444,14482,27313
2022,6,7,87891,72767,39650,29836,22287,2593.8,4892,3771,4875,8293,82262,27465,36645
2022,6,8,38081,58514,34234,9313,16308,2593.8,3102,4637,4608,8479,19874,11157,36799
2022,6,9,72144,23067,73337,32958,21306,2593.8,3792,1106,1808,6892,71735,23185,28134
2022,6,10,6438,96628,78309,36314,44921,2593.8,3778,4353,4083,8011,25017,14006,10571
2022,6,11,1163,69472,56380,5771,64303,2593.8,3279,1446,1470,6616,85755,27035,16313
2022,6,12,34750,49548,68936,2001,69342,2593.8,1537,1566,3650,9845,12091,14922,40671
2022,6,13,30416,75871,14276,65852,90234,2593.8,2593,1395,1990,5350,13517,39418,5645
2022,6,14,56638,96798,25865,78720,69766,2593.8,754,1742,2519,8406,22866,46860,27972
2022,6,15,48065,30756,22639,1715,601,2593.8,1637,2367,3304,7264,13218,33537,1083
2022,6,16,2910,47165,41286,28025,37490,2593.8,2442,1942,2951,9658,89197,37716,4803
2022,6,17,87631,11304,74935,81502,2346,2593.8,4713,1670,4907,7416,52124,45507,47801
2022,6,18,34786,85114,92876,78090,32379,2593.8,2979,1178,4609,9264,63311,14206,22446
2022,6,19,40419,97107,33929,24723,73117,2593.8,3790,1502,4429,7460,58599,36774,23126
2022,6,20,67878,3313,3537,12786,3369,2593.8,3292,3153,2126,7519,32595,39504,5662
2022,6,21,89966,60575,41144,75927,46191,2593.8,4377,2960,2913,6620,27682,41029,4456
2022,6,22,56432,6474,68129,90861,60199,2593.8,3986,4427,1392,7523,57212,49760,26728
2022,6,23,19537,31858,4266,76663,99377,2593.8,2519,4341,3786,7334,65268,26328,36861
2022,6,24,44470,64646,95642,62383,14303,2593.8,4764,1476,1148,7892,61593,22698,23324
2022,6,25,80972,21933,67127,43716,69456,2593.8,3475,3991,1195,8196,82005,21924,24339
2022,6,26,50954,64525,77618,81093,4540,2593.8,3772,4008,3882,9413,27743,38185,42886
2022,6,27,92738,97508,25271,55238,51752,2593.8,2936,2722,1254,5062,76438,44603,36865
2022,6,28,85753,86266,99947,41949,359,2593.8,3872,2664,2828,7841,65108,17367,31952
2022,6,29,50728,38881,16376,90962,24647,2593.8,1006,3735,2977,6222,88972,19466,44119
2022,6,30,73986,66909,58804,99134,28323,2593.8,774,4075,2858,5622,72375,18306,1594
2022,7,1,2600,38586,71166,10441,3694,2153.74,2519,3925,2612,8481,83571,31730,4885
2022,7,2,30332,33659,6061,17453,22632,2153.74,2789,1792,4591,6558,34214,26184,15789
2022,7,3,33363,48290,80396,59749,20665,2153.74,3086,3263,4901,5603,50055,43594,34965
2022,7,4,26841,27576,68872,14453,12409,2153.74,2534,2739,2453,8594,76544,25084,18796
2022,7,5,84384,686,30977,75327,23961,2153.74,2863,3674,4831,8258,33423,16847,31543
2022,7,6,49575,17862,6463,39476,89817,2153.74,4421,1656,4092,8292,31108,12852,6518
2022,7,7,87088,9996,71945,5894,78590,2153.74,2329,4324,4173,8305,54651,39485,48489
2022,7,8,76200,88867,63161,6031,87125,2153.74,4229,1698,2148,5691,76173,36964,12936
2022,7,9,68562,25595,69974,69006,60239,2153.74,1858,3678,2428,7614,69571,12046,17434
2022,7,10,18643,16901,1695,84168,11559,2153.74,3653,2757,1563,6340,10140,48687,22698
2022,7,11,82453,15722,1738,29601,11414,2153.74,2916,1326,1208,5788,65331,46447,44263
2022,7,12,70324,63542,76478,97752,33696,2153.74,514,2337,4300,7294,36505,14430,46049
2022,7,13,10866,26511,11321,72430,96028,2153.74,2468,3479,2181,5558,24431,14946,21461
2022,7,14,49821,7348,77625,86030,60238,2153.74,3828,1130,2849,5305,28311,22897,9309
2022,7,15,37706,64786,25235,33358,2954,2153.74,1920,3818,1916,8240,10426,16980,28092
2022,7,16,6053,56421,11812,59586,11979,2153.74,884,1798,3590,8508,64179,15338,36243
2022,7,17,77817,79360,50740,17019,71017,2153.74,4915,3721,1566,6034,58431,29492,45403
2022,7,18,9594,15352,93312,46899,83592,2153.74,3879,2000,3682,8198,65580,30660,12263
2022,7,19,28286,6465,58812,88228,24974,2153.74,3406,4141,3702,9145,52511,39718,22991
2022,7,20,70900,58779,98441,47440,90281,2153.74,1931,1225,3574,8054,63123,38517,23224
2022,7,21,48858,43355,94513,17540,35398,2153.74,4552,1398,2909,6736,68261,24234,10093
2022,7,22,12706,76668,43376,31408,52165,2153.74,1126,3063,1017,5918,70502,27649,12240
2022,7,23,9142,13787,10227,14068,50381,2153.74,2584,4237,3056,6906,16777,34805,23351
2022,7,24,89893,31330,64840,72802,21045,2153.74,2035,3749,2471,6763,65157,44635,49453
2022,7,25,85355,2636,34052,56372,38554,2153.74,756,4046,4691,9734,78113,35072,20906
2022,7,26,50302,97050,84310,83359,10498,2153.74,3163,1741,1022,9355,89543,36163,17439
2022,7,27,98808,2931,36266,41280,59694,2153.74,2266,1814,1666,5348,17771,17934,1423
2022,7,28,23576,68145,23009,74619,45096,2153.74,4690,1618,4522,5782,95107,41371,17474
2022,7,29,94143,79623,58113,59263,45330,2153.74,1777,4137,1938,8042,14214,42983,14008
2022,7,30,15817,70387,4384,36226,73057,2153.74,1539,2983,1650,7262,87601,14030,22155
2022,7,31,68373,63645,63495,99247,40349,2153.74,1969,4490,4576,5766,10104,49905,24954
2022,8,1,88235,60395,78732,86277,78515,3078.74,3445,3901,1098,9350,38309,14604,21716
2022,8,2,82563,51293,71255,33462,55246,3078.74,3186,3889,4198,7432,59237,44151,39352
2022,8,3,90755,10081,48728,22189,36537,3078.74,2629,4770,1546,6361,27399,15606,14986
2022,8,4,34429,45845,52796,60527,16867,3078.74,550,4428,3748,5482,49242,13993,7457
2022,8,5,68440,67429,49236,87638,1213,3078.74,1789,1966,4904,6868,30506,37793,8473
2022,8,6,11854,48137,12564,37234,60850,3078.74,2479,1629,2158,6626,72155,35377,6315
2022,8,7,34083,13638,51158,92831,42726,3078.74,3175,1164,4179,9670,15154,14022,1630
2022,8,8,97236,13296,10063,32140,60164,3078.74,4932,3369,1062,8848,41954,15906,40570
2022,8,9,5163,99434,93888,23674,26060,3078.74,4050,1198,1031,6934,69323,10226,32395
2022,8,10,26960,92499,82625,11139,64910,3078.74,2882,2144,2425,5900,10635,15794,14131
2022,8,11,63515,46921,92311,84924,95769,3078.74,2181,2282,3697,8614,40955,26108,34265
2022,8,12,43463,6,36250,55846,26566,3078.74,953,3524,4422,9929,81014,29331,5573
2022,8,13,24061,93898,57828,51486,33195,3078.74,862,3060,1562,7736,97983,27503,18464
2022,8,14,98353,65165,44786,32050,26233,3078.74,3157,4694,2098,6134,25539,28663,35742
2022,8,15,82683,52845,82188,13458,62774,3078.74,2788,1833,3451,6968,54671,22997,13203
2022,8,16,35432,10098,36058,67167,74187,3078.74,4669,2538,1908,9454,18382,16290,1602
2022,8,17,41548,29098,44187,43647,6209,3078.74,3661,2006,3921,6862,18699,18046,36078
2022,8,18,50404,27841,21233,40207,94809,3078.74,3203,1591,1000,5612,13757,10186,25904
2022,8,19,82357,24779,49078,14265,80585,3078.74,3756,2132,4114,9294,82130,21674,3666
2022,8,20,35372,70792,26918,90645,57993,3078.74,822,3395,4808,6274,64953,34616,11969
2022,8,21,22178,44509,47560,24531,60121,3078.74,1068,3828,1094,9910,73092,16679,11317
2022,8,22,20163,78201,5164,35630,27495,3078.74,2303,4217,3084,9302,86213,32429,37294
2022,8,23,62542,11257,40825,68702,73883,3078.74,4670,1060,1638,7229,36942,43111,22131
2022,8,24,94899,38011,1940,80993,88157,3078.74,4023,3318,4584,5538,43947,13431,41385
2022,8,25,89184,17604,92649,63621,34528,3078.74,1049,3420,1470,6460,82122,30352,28863
2022,8,26,75356,68145,92765,41995,85374,3078.74,1457,1114,2717,9748,77616,11756,29707
2022,8,27,11133,57992,80544,97070,43531,3078.74,500,4065,4798,9500,12685,18660,40844
2022,8,28,14715,8735,22747,21185,61961,3078.74,2889,2315,4364,5294,95661,41089,21221
2022,8,29,40361,13471,87714,24430,33220,3078.74,1654,4351,4672,7197,57772,49554,31682
2022,8,30,34393,84625,48621,9191,4126,3078.74,4868,1598,1392,7942,72728,14704,27658
2022,8,31,95187,90618,2020,903,1271,3078.74,3343,2982,3855,6056,82411,27074,14034
2022,9,1,79066,37779,33763,72616,95551,3136.3,3359,1527,4640,8902,10582,42298,49669
2022,9,2,83771,52196,95043,74089,24924,3136.3,626,1090,3117,6528,33163,42150,9747
2022,9,3,94872,7498,36007,7281,6262,3136.3,1369,1678,2210,5962,90645,29113,29433
2022,9,4,17505,14006,75641,32145,79260,3136.3,794,4381,4839,5836,53469,19763,42645
2022,9,5,95583,39096,1656,73701,25624,3136.3,2202,1846,1910,9130,60478,31281,1171
2022,9,6,63994,78201,82960,31204,46036,3136.3,1668,3539,3962,9262,12036,33221,23606
2022,9,7,11305,69183,62603,56145,5020,3136.3,2259,1212,1518,8822,90653,13493,16072
2022,9,8,27790,72857,66692,2810,7417,3136.3,4090,2761,1722,6812,18965,17757,27171
2022,9,9,73359,61986,47650,93673,64295,3136.3,1893,1206,1822,5847,48094,15862,26038
2022,9,10,88271,6706,67193,59789,66973,3136.3,3281,1113,2053,9973,13922,20822,24198
2022,9,11,83496,14365,58584,5218,14118,3136.3,4326,2476,1782,6664,81148,36532,43901
2022,9,12,29365,74395,28483,90937,30242,3136.3,2526,3512,4634,8630,78300,16606,26578
2022,9,13,15269,67935,94072,62322,7908,3136.3,4495,1402,2357,8079,12971,11338,7994
2022,9,14,1980,18650,40304,74218,71978,3136.3,749,2693,2197,9232,17268,17592,37804
2022,9,15,32162,66157,93656,31796,23579,3136.3,4754,3846,1241,8825,18838,30500,38308
2022,9,16,33172,50664,88255,55529,75095,3136.3,4707,3426,1227,5010,67643,16418,1226
2022,9,17,19167,78394,42250,31364,33978,3136.3,1506,1138,3387,5462,14285,13940,1770
2022,9,18,88470,29040,12165,44711,54218,3136.3,1563,2388,1418,9817,59268,21794,13333
2022,9,19,31044,83977,65221,67271,48987,3136.3,1826,3152,2608,8160,15868,11585,32864
2022,9,20,1307,38727,27724,51046,38889,3136.3,4363,2357,2400,6527,88419,41617,42010
2022,9,21,66212,29983,29006,62911,59801,3136.3,4704,2195,2250,9924,90817,37588,38275
2022,9,22,49141,98996,22094,76749,33071,3136.3,3334,1468,3039,9666,18126,31927,4314
2022,9,23,40771,42490,75637,28172,79017,3136.3,1140,1579,1742,6022,24490,11606,30409
2022,9,24,19773,59195,10090,8375,75472,3136.3,2314,4611,1253,6142,17711,15676,17259
2022,9,25,55073,56046,32758,48113,54808,3136.3,1391,1164,3373,8380,40100,38741,1778
2022,9,26,68789,26242,50322,95531,57740,3136.3,3425,3863,1458,9742,18589,25828,24812
2022,9,27,42126,80904,66792,74731,81664,3136.3,1758,3087,1900,9515,17551,11707,34504
2022,9,28,40400,13944,23638,33773,2324,3136.3,3865,2463,1330,9186,99345,30421,13738
2022,9,29,80350,14123,90637,47060,38990,3136.3,2887,2466,1481,6031,88548,18014,9226
2022,9,30,56887,45308,73936,13787,34823,3136.3,998,1838,1750,5483,25345,24105,41488
2022,10,1,64212,27921,51904,69750,27266,1885.48,862,1388,4313,7158,96729,14890,48677
2022,10,2,86398,10548,87724,58781,99096,1885.48,666,4402,2507,9453,95577,23994,8572
2022,10,3,71300,87151,95777,53135,12497,1885.48,3706,1707,4153,9894,62808,15550,36234
2022,10,4,15639,12908,65511,54952,26418,1885.48,1193,4167,4138,7844,87947,38234,12240
2022,10,5,32489,19967,48989,14996,65772,1885.48,692,3422,1716,7469,13122,10564,44566
2022,10,6,53703,5263,53624,34208,72225,1885.48,1978,2862,1392,7690,42813,38460,16432
2022,10,7,2433,95359,17628,91571,19276,1885.48,1156,3116,1893,5145,99463,24016,21928
2022,10,8,6063,4806,77439,54131,22275,1885.48,4694,2329,1226,9348,26536,27832,33995
2022,10,9,1102,84867,65695,63145,25060,1885.48,1604,2491,1814,5584,19061,11700,24860
2022,10,10,7512,31571,23962,65757,76716,1885.48,1124,4129,4582,7134,53260,33208,23426
2022,10,11,83909,84307,91890,89517,68977,1885.48,2349,1429,2002,6096,49573,11055,34779
2022,10,12,74256,17530,88547,94474,3114,1885.48,646,1976,1070,5126,18178,48597,23961
2022,10,13,30410,15209,47727,74992,15123,1885.48,4551,4030,1645,6441,88547,20621,17339
2022,10,14,1220,55897,73403,53568,5292,1885.48,4623,4546,1856,9521,74019,26322,39328
2022,10,15,59834,40691,3299,31716,31323,1885.48,634,1731,3943,8792,53074,18142,28736
2022,10,16,61730,27626,74449,63375,10419,1885.48,704,2989,3891,7508,81557,40535,12996
2022,10,17,63077,12533,20082,36286,32054,1885.48,2607,1887,1143,9058,39954,48817,10454
2022,10,18,60993,20268,60549,21289,64659,1885.48,718,2739,3951,9302,12238,34370,29975
2022,10,19,34151,72814,28712,69394,12916,1885.48,4928,2343,4152,5110,28628,37558,26621
2022,10,20,40464,57588,95798,7959,89846,1885.48,1775,1684,1018,7360,72125,37028,35752
2022,10,21,13650,68832,79769,87601,39987,1885.48,3322,4136,1399,7034,59881,17286,2235
2022,10,22,60007,69811,96659,99160,16173,1885.48,3069,2987,4226,8866,80945,39071,41639
2022,10,23,34618,4073,39909,6989,87748,1885.48,4016,2748,2217,9334,10706,14250,28387
2022,10,24,58723,10024,44044,50123,43410,1885.48,4436,3415,3735,7446,18926,39907,3926
2022,10,25,9086,21996,62895,8312,20862,1885.48,2382,1831,4263,7294,78819,16150,10192
2022,10,26,82029,39188,86111,95599,95677,1885.48,4153,4398,1481,6404,20872,44890,41459
2022,10,27,97123,91662,64659,70858,59108,1885.48,2116,4544,1932,5110,92855,18300,33585
2022,10,28,202,6590,30977,80817,60233,1885.48,4178,2260,3983,5288,37858,44659,9796
2022,10,29,43099,3365,15410,44581,96562,1885.48,822,3683,4295,6832,80892,13638,36283
2022,10,30,70418,74361,87948,8702,30723,1885.48,2846,1856,3744,8823,28091,30328,47155
2022,10,31,24971,77270,38941,90306,12558,1885.48,1316,1320,1374,6726,16587,43076,26800
2022,11,1,38763,3112,63656,25595,84004,2582.33,2363,4715,2708,8582,10884,19590,33410
2022,11,2,88912,52713,4960,4087,80804,2582.33,4056,3072,1168,9362,86981,17378,1640
2022,11,3,87031,58989,13894,53757,75577,2582.33,4468,4338,1432,6256,56284,26787,23322
2022,11,4,52886,68649,1503,40594,89713,2582.33,1808,4975,4651,6248,99061,40454,6940
2022,11,5,64759,44471,14879,5339,63833,2582.33,4068,2214,1706,9314,20971,11134,1860
2022,11,6,92636,10440,83467,19069,79916,2582.33,2207,4152,3398,7430,12204,14463,39751
2022,11,7,70650,47907,9439,30302,27378,2582.33,2107,3488,4322,7974,13826,49506,24853
2022,11,8,3846,69247,16721,81046,54913,2582.33,722,2548,1680,7288,82968,10750,4044
2022,11,9,73391,45176,26255,98141,25238,2582.33,3955,1784,1058,9502,42540,23987,32352
2022,11,10,79599,29648,32476,48921,31634,2582.33,4778,1831,1899,6022,49228,12686,12654
2022,11,11,85543,99403,67065,66378,33042,2582.33,3479,2783,1559,9733,37276,36797,1366
2022,11,12,18437,82584,49037,15047,37330,2582.33,4033,1927,1223,6062,82199,19209,41577
2022,11,13,50514,96978,37393,98765,28477,2582.33,1928,1510,2374,8992,13099,35416,36621
2022,11,14,35377,56579,74552,46937,42664,2582.33,750,1099,1536,9121,76145,48092,28180
2022,11,15,40698,31531,81373,78273,3039,2582.33,3833,4903,1108,9870,68668,10764,13572
2022,11,16,4199,70597,52100,6573,55942,2582.33,3340,1317,3128,9244,38253,30791,15199
2022,11,17,77424,54691,58243,88187,3812,2582.33,2631,1730,2270,8016,39133,13358,1492
2022,11,18,97575,19319,71565,74476,20545,2582.33,1204,4742,2181,8303,47666,33122,6585
2022,11,19,29854,6008,90792,67982,55252,2582.33,526,2674,1542,9719,37213,15626,45398
2022,11,20,90460,89845,81112,89082,23848,2582.33,742,2773,1840,8659,28601,26459,36597
2022,11,21,35244,24806,17554,78777,89462,2582.33,3250,1342,1226,9042,14622,42829,15220
2022,11,22,14440,85125,75505,30879,24844,2582.33,4777,1654,3913,8994,20736,18234,29070
2022,11,23,68838,27831,13238,24753,22842,2582.33,1211,4437,2996,8764,53213,22457,41839
2022,11,24,337,47817,8124,71563,33211,2582.33,4392,4001,4600,6248,94879,20795,28124
2022,11,25,35318,29658,2451,70583,78251,2582.33,4694,2087,3720,5872,71840,22914,39539
2022,11,26,84771,73052,97352,84119,8169,2582.33,1575,3504,4732,8470,96418,47942,16917
2022,11,27,25527,27163,11944,55127,33411,2582.33,2273,1414,2832,8670,55661,31082,6824
2022,11,28,16966,85356,78170,687,44640,2582.33,3600,1532,4413,7303,29879,13933,16362
2022,11,29,4220,2807,72438,35305,209,2582.33,3246,1478,2370,6198,97212,12132,35208
2022,11,30,34718,39487,47213,3902,16914,2582.33,1335,3879,4581,5856,34565,15572,2874
2022,12,1,74518,11334,67984,28173,41213,1577.48,2391,4018,1420,7695,44226,11834,31917
2022,12,2,67295,86314,18283,95189,99878,1577.48,1257,1440,3979,5366,72629,46852,30416
2022,12,3,17846,6509,67786,63702,57426,1577.48,2271,3294,4690,8438,76466,18102,33358
2022,12,4,92171,8858,62625,29228,92906,1577.48,590,1551,1746,9774,88091,25745,23204
2022,12,5,66542,34349,81462,26873,859,1577.48,686,3703,1950,7862,98756,34375,20443
2022,12,6,7573,91029,82670,52263,51283,1577.48,869,4805,1402,6996,10778,19916,25488
2022,12,7,73049,56877,86505,98917,43004,1577.48,4662,4544,1210,9930,52769,26153,24596
2022,12,8,92918,42847,44857,86220,709,1577.48,594,3280,1996,9615,76895,18627,9966
2022,12,9,11455,64117,94785,12151,13962,1577.48,2104,2010,3397,9930,85926,16400,1430
2022,12,10,15909,26941,42298,41204,49416,1577.48,2357,3684,2912,8565,44903,19918,45067
2022,12,11,4883,81850,79606,55876,1465,1577.48,855,4270,1968,5639,41421,15014,22853
2022,12,12,2161,63526,54292,75559,4838,1577.48,1958,1500,3510,9862,61949,49278,40219
2022,12,13,45674,45659,7963,83586,90576,1577.48,4910,1862,4715,9040,67685,10158,2867
2022,12,14,7368,58541,81803,60688,60533,1577.48,1616,4044,3100,9070,70954,15886,23224
2022,12,15,38831,62914,28684,22341,29873,1577.48,1618,1102,2642,9581,75483,19150,6985
2022,12,16,48800,30394,71381,83515,81261,1577.48,1046,3627,3958,7849,49314,24490,39066
2022,12,17,57425,77284,53535,76878,59544,1577.48,4815,4725,3754,9850,37065,33626,40842
2022,12,18,36836,25037,25525,5830,4618,1577.48,808,3416,2753,6272,53282,29014,1009
2022,12,19,92198,89330,33994,6156,23531,1577.48,1997,2306,1943,6883,74183,11382,33309
2022,12,20,7725,58999,67564,27831,5202,1577.48,2809,2036,1016,6676,64217,10278,20981
2022,12,21,20694,45970,20402,68448,99101,1577.48,2461,1297,4365,5846,13804,19247,23685
2022,12,22,31115,10802,16554,24410,77686,1577.48,2247,1666,1087,9366,13240,21288,40738
2022,12,23,82144,91050,29677,28160,94383,1577.48,610,1366,1215,5546,99875,10640,43895
2022,12,24,5583,97337,62966,1300,45143,1577.48,546,1257,2571,6914,10806,15256,26770
2022,12,25,60542,94267,67018,42981,55429,1577.48,621,3923,2658,9814,82083,48393,30258
2022,12,26,70544,93581,29822,26759,9127,1577.48,3426,1061,2032,5594,32360,22174,29697
2022,12,27,38161,69260,64784,42084,22712,1577.48,3691,3252,1068,5742,42584,47848,31803
2022,12,28,87319,73206,1773,74978,33504,1577.48,3370,1622,3787,6392,63509,19265,1734
2022,12,29,32888,61936,66679,76272,39679,1577.48,4797,2838,4650,5933,36274,14732,49040
2022,12,30,27736,59966,6966,20156,67027,1577.48,4355,4345,2755,9946,45674,22610,49550
2022,12,31,2687,19045,93009,12826,38588,1577.48,3443,2826,4804,5121,80449,24482,6518
2023,1,1,45247,68674,15163,91180,4948,1968.84,542,1264,2192,7122,48291,28094,38876
2023,1,2,56130,18989,67202,58609,64663,1968.84,2647,1078,4171,6824,54997,22041,39812
2023,1,3,55268,42824,56846,86742,39625,1968.84,2253,4870,1353,8768,92402,37652,47681
2023,1,4,87644,44021,18917,66189,15795,1968.84,4282,1923,2547,5962,46883,33561,33560
2023,1,5,17647,24531,99972,66818,47708,1968.84,870,2974,4143,8408,89715,15098,4969
2023,1,6,26089,23322,54991,58794,72090,1968.84,1445,1084,2764,6882,42272,23558,13745
2023,1,7,31626,36555,11834,34173,14390,1968.84,4086,2035,4599,8124,15205,47306,8718
2023,1,8,5379,20416,66634,35874,15176,1968.84,4641,2615,1021,7934,16408,34462,22701
2023,1,9,24728,29206,60548,32492,60920,1968.84,2402,2544,1462,9542,43068,20115,2820
2023,1,10,59305,93507,2152,75257,43917,1968.84,3914,1302,1930,5547,12222,35651,33709
2023,1,11,94601,7513,43267,90622,68496,1968.84,1436,4574,1926,7962,58418,32503,26028
2023,1,12,71155,30821,91400,26881,47760,1968.84,1996,2064,4326,5499,98672,18406,1652
2023,1,13,65560,37587,70241,36035,43135,1968.84,3037,4086,4272,7656,61059,14120,21761
2023,1,14,73684,52496,73695,78916,4479,1968.84,2771,1985,4284,9170,18865,27044,32113
2023,1,15,19991,32214,50461,80670,64065,1968.84,536,4623,1718,5504,82010,46204,49133
2023,1,16,27265,20048,291,22889,17704,1968.84,2008,2738,1646,5694,12054,16598,11351
2023,1,17,9168,80778,43014,4805,49948,1968.84,1848,1290,1806,8660,66959,24508,28231
2023,1,18,47793,52223,20485,50863,24079,1968.84,3419,1342,3893,9078,74231,22949,18847
2023,1,19,91412,77592,80688,37962,54647,1968.84,3989,3814,4470,8038,68618,30770,33694
2023,1,20,10233,16819,17061,37029,15479,1968.84,2889,4622,3945,8373,30484,43024,1518
2023,1,21,67220,43904,60719,22465,73966,1968.84,1765,1728,3893,9842,36041,33539,1302
2023,1,22,92499,25031,63706,73322,73385,1968.84,896,3617,2002,7720,36997,30971,32324
2023,1,23,54227,64887,60594,39524,29612,1968.84,2547,3182,1333,9618,35647,41650,41079
2023,1,24,60920,47413,39732,6165,56218,1968.84,1056,1238,1616,9761,38389,24187,25773
2023,1,25,18438,58833,74157,83931,29040,1968.84,4902,3265,1040,5495,22788,22004,11155
2023,1,26,32926,71689,35187,612,81307,1968.84,3613,3577,4598,8344,64742,14344,20834
2023,1,27,90470,70799,72236,91273,56912,1968.84,1811,1422,2160,9310,59279,31199,26977
2023,1,28,99827,24182,14465,92219,66029,1968.84,4222,1254,1645,9409,32269,22951,3606
2023,1,29,36595,90883,97881,71193,5580,1968.84,4712,1048,4772,6947,14718,13378,12623
2023,1,30,93925,85484,82033,12437,74156,1968.84,3636,3981,1844,8914,66200,14225,41312
2023,1,31,28058,80423,95884,86055,46184,1968.84,4005,2778,4034,6486,70322,40965,28153
2023,2,1,65035,37014,51986,48335,40686,3066.43,3610,2521,2053,8438,16676,14717,8670
2023,2,2,14683,7011,96562,89136,73211,3066.43,3544,4984,3021,5951,32520,17525,27139
2023,2,3,44957,15299,52913,68195,1973,3066.43,824,2007,1792,8744,15341,37928,43878
2023,2,4,97414,73952,30450,70819,44998,3066.43,535,1032,1982,8449,81519,43698,13479
2023,2,5,91940,31416,30035,64962,67367,3066.43,2486,3675,4204,5398,13221,46177,12555
2023,2,6,29277,99981,79537,76520,38725,3066.43,4447,1137,1510,9804,23308,46529,11230
2023,2,7,58376,8844,38914,28864,23645,3066.43,3913,1178,3200,5299,96897,35566,20433
2023,2,8,14207,79384,64242,8411,31135,3066.43,939,1762,3795,6827,53281,32520,43816
2023,2,9,28057,17729,85010,13237,28978,3066.43,1118,3704,3513,5031,48919,14324,8318
2023,2,10,51817,54185,89094,20017,89485,3066.43,1934,3690,1526,5066,28452,46508,35991
2023,2,11,46344,65745,89623,40139,82572,3066.43,4010,1266,1983,8050,40216,11932,42904
2023,2,12,82338,32687,9666,15851,64071,3066.43,4360,2238,4121,8453,68606,18605,8586
2023,2,13,64445,40541,38648,46171,9421,3066.43,4030,1536,1106,8652,12254,48119,33453
2023,2,14,91556,1265,75100,68539,91637,3066.43,851,3974,1422,6869,12362,44776,31669
2023,2,15,91807,11889,77015,20928,90343,3066.43,4533,1138,2513,9074,17308,11933,11973
2023,2,16,94337,76339,84050,59885,41343,3066.43,4356,2897,3919,9455,17787,11122,46304
2023,2,17,47476,8640,95883,28183,41861,3066.43,4310,3666,1226,5364,54593,36993,18411
2023,2,18,44650,10479,8132,47163,5012,3066.43,906,4347,4481,9497,75584,25823,41792
2023,2,19,72153,99941,8721,2424,15748,3066.43,4331,3223,2850,6565,15524,19430,42860
2023,2,20,54977,97068,43377,1628,79745,3066.43,4972,4394,4800,6216,87908,46163,14323
2023,2,21,21247,79709,61864,55728,55558,3066.43,1550,4061,2387,6622,62837,19486,37448
2023,2,22,99482,87169,32710,83685,40087,3066.43,4746,1142,3886,6256,13041,49982,6819
2023,2,23,83798,68014,90729,8598,47469,3066.43,1113,3714,4697,5962,40793,46607,44990
2023,2,24,86776,72344,90669,40515,28966,3066.43,630,4798,2026,9062,44834,47112,3506
2023,2,25,15881,54582,8527,86119,24057,3066.43,1101,2853,2284,6372,16450,19752,37920
2023,2,26,38171,3916,54819,29221,36892,3066.43,827,3666,2954,5704,64180,13271,45612
2023,2,27,52706,90534,74422,9732,49596,3066.43,3195,1930,1582,8073,51594,14245,35609
2023,2,28,85993,4048,22099,8277,47229,3066.43,4380,1626,3816,9198,30971,12059,4901
2023,3,1,6799,52079,45468,5998,16259,1972.94,3702,1791,4511,9580,72738,35119,8739
2023,3,2,7981,38215,91661,72406,6161,1972.94,3397,1726,4355,6673,73787,15608,5906
2023,3,3,77406,75539,90777,26604,6510,1972.94,2764,3307,4913,6472,35657,37524,2836
2023,3,4,8322,94360,10668,74186,79146,1972.94,4304,3477,2972,7317,75883,44132,33407
2023,3,5,73223,50633,70692,33931,33659,1972.94,4538,1063,1718,5174,54019,26526,44479
2023,3,6,59502,41784,56187,30768,91368,1972.94,4643,1040,2554,5310,90225,48051,8196
2023,3,7,45069,65883,17882,83041,33200,1972.94,3524,2773,1506,8440,56703,44406,10117
2023,3,8,75047,22594,5471,95064,79260,1972.94,2941,3761,2624,7814,85880,25343,9490
2023,3,9,18675,20524,41385,37582,82186,1972.94,632,2254,1630,9865,10294,13394,47962
2023,3,10,79982,53820,2521,40731,84387,1972.94,1488,4432,3169,6958,70847,27428,9224
2023,3,11,32800,8790,32542,66777,35621,1972.94,2119,1304,1214,9855,16466,37482,18422
2023,3,12,97818,60213,64737,28013,30079,1972.94,2759,1094,1553,9238,67141,45940,41383
2023,3,13,85855,18631,21725,84024,91941,1972.94,2804,1092,2713,6697,15746,13362,42573
2023,3,14,45120,99988,23981,16768,49844,1972.94,601,4012,3773,5337,16762,10416,48561
2023,3,15,43073,16136,65263,4626,42767,1972.94,1917,3621,2386,8642,28996,25678,48757
2023,3,16,81215,23153,16771,15280,49851,1972.94,3612,1321,1966,8945,28088,14356,24639
2023,3,17,57506,98691,71186,66279,50380,1972.94,1481,4803,2049,6202,30781,21167,45914
2023,3,18,68205,14051,16141,51943,2693,1972.94,2620,1062,4641,6014,15537,34491,11490
2023,3,19,85382,503,62165,42712,9448,1972.94,4884,3304,1647,7421,65935,38378,6606
2023,3,20,33336,3769,98183,61737,6865,1972.94,2903,1420,4365,9044,43362,28410,45316
2023,3,21,26886,87336,95021,11527,48079,1972.94,2370,3459,2412,9078,92523,12874,10559
2023,3,22,31140,42408,36516,69139,96182,1972.94,2517,1746,1219,8234,15218,29435,2451
2023,3,23,17367,56860,20857,76732,22256,1972.94,1493,4140,2905,6514,77019,15983,14219
2023,3,24,93425,39390,65796,20837,80276,1972.94,4047,2767,2077,9142,96905,13258,8319
2023,3,25,29366,54423,59127,35585,26474,1972.94,918,1598,4942,8938,53275,28549,33083
2023,3,26,82799,24769,44043,50704,91283,1972.94,1687,1058,1830,9958,21894,40725,21062
2023,3,27,7153,12294,68493,24230,39209,1972.94,2488,3573,1172,5942,16658,28998,15399
2023,3,28,96050,85529,39190,52344,87757,1972.94,2244,1118,3585,5174,37609,41219,42465
2023,3,29,12348,4297,42279,72798,53131,1972.94,4875,1158,2818,8367,13974,32026,14173
2023,3,30,80118,38353,600,32643,67671,1972.94,1640,1286,1636,7181,32414,10744,21109
2023,3,31,75999,79660,97651,9584,70946,1972.94,802,4645,1826,6170,72442,18088,35261
2023,4,1,2318,85674,82776,17038,86538,2453.5,3506,1241,1752,6148,25264,11470,14802
2023,4,2,74141,5336,75849,41323,54103,2453.5,2320,3761,1947,6520,21058,17726,2946
2023,4,3,10410,20704,24469,3491,9499,2453.5,3447,3167,1074,6222,61556,38422,49860
2023,4,4,7376,75064,96016,39128,21212,2453.5,3339,1704,2967,8774,53026,47069,21280
2023,4,5,19837,86699,47183,36785,29954,2453.5,3991,1478,1648,6928,60204,31146,34593
2023,4,6,63319,70004,75666,15204,62578,2453.5,4977,1304,2285,9406,25431,49848,37223
2023,4,7,19977,50123,61553,62944,67015,2453.5,1364,1850,2628,7102,23634,13933,30931
2023,4,8,24491,28979,20649,46139,58790,2453.5,3636,3460,3560,9302,70015,46137,47205
2023,4,9,6525,39993,32443,35162,22337,2453.5,1361,3664,1410,5838,21607,15438,24226
2023,4,10,10197,97972,10917,44178,37870,2453.5,3110,2360,4881,5110,24850,38670,1818
2023,4,11,42316,18488,93483,42228,87790,2453.5,3364,1340,3489,7158,62178,42178,13498
2023,4,12,27737,63540,843,68437,26454,2453.5,2502,3002,3125,9770,97179,40995,38803
2023,4,13,70674,21642,69708,50555,66753,2453.5,577,1706,3044,9059,67646,17185,44558
2023,4,14,78910,72363,27851,82399,9522,2453.5,928,3609,4920,7114,38397,12725,6381
2023,4,15,96926,47252,65728,50051,67022,2453.5,1045,2695,4548,6086,18434,17652,12907
2023,4,16,21663,26531,93072,34707,41943,2453.5,1892,1712,4431,6094,19601,25304,10718
2023,4,17,2476,60531,28914,88748,18654,2453.5,1472,1166,4561,7200,65628,31583,17311
2023,4,18,46459,23027,35631,31007,50131,2453.5,3658,1792,3114,8081,22851,25056,40232
2023,4,19,85151,91096,45908,34583,3542,2453.5,4886,1016,2390,8800,11115,27395,31861
2023,4,20,22463,12589,9326,37025,79789,2453.5,4959,1246,4332,9574,73605,14462,24955
2023,4,21,27173,88616,52608,10287,13050,2453.5,1694,3199,2905,7601,49133,36446,25459
2023,4,22,79463,59021,8816,38205,14173,2453.5,1952,2986,2518,5138,90010,28658,19931
2023,4,23,32584,41322,71258,46916,28263,2453.5,2730,1787,4829,6689,98425,12878,44863
2023,4,24,88500,50121,61079,71405,64074,2453.5,2850,4887,1176,6665,14444,16107,26564
2023,4,25,86597,46397,69095,35467,87674,2453.5,4125,1058,3130,5382,67172,11392,25457
2023,4,26,96597,11255,33180,46426,7944,2453.5,656,1442,3077,6182,67846,12150,47958
2023,4,27,29650,25698,38391,31586,8715,2453.5,2692,1270,4230,6286,47129,36903,2835
2023,4,28,24948,11255,7161,58078,62989,2453.5,4469,4584,3291,9001,22361,26235,40686
2023,4,29,16959,64370,39030,31388,67456,2453.5,4889,3457,3925,8279,45042,23991,6877
2023,4,30,1114,9087,85655,16696,58578,2453.5,3599,3524,4037,7111,41601,23377,32784
2023,5,1,77423,82962,52441,46424,21675,2203.42,4733,2396,4056,9030,69851,40932,28676
2023,5,2,21011,83309,6210,85642,44703,2203.42,1755,3789,1720,9802,28718,48638,30202
2023,5,3,23402,12243,59028,66866,53844,2203.42,1013,2617,1717,9805,94041,19743,32405
2023,5,4,64833,90127,22140,98890,1248,2203.42,1173,3609,3003,8735,24250,10854,8344
2023,5,5,58937,27358,22848,41144,47161,2203.42,1133,1913,3807,6078,70130,34002,1566
2023,5,6,30269,87497,81620,11986,57302,2203.42,3080,2134,2139,7350,37375,49738,42013
2023,5,7,78564,93549,54700,2919,72284,2203.42,624,2571,2659,9656,10142,36171,28950
2023,5,8,46389,61200,73085,26548,9064,2203.42,1901,4331,2063,9756,51316,17486,9568
2023,5,9,83238,15750,42851,81729,85970,2203.42,1466,1778,1078,5044,83802,12409,30226
2023,5,10,31468,55780,26334,70479,66955,2203.42,1649,4695,3951,6085,56242,18014,31400
2023,5,11,5653,49497,57347,52716,24370,2203.42,3432,2606,1536,6282,89335,43084,25015
2023,5,12,12861,87154,23969,2987,39672,2203.42,1747,2490,1254,8874,74320,13208,24124
2023,5,13,72185,30970,92904,81136,77055,2203.42,4149,4059,4994,5704,51774,11440,15499
2023,5,14,14215,25207,79674,54978,57842,2203.42,3062,2053,3866,8382,12792,28537,35361
2023,5,15,78858,4491,32380,91464,28924,2203.42,4672,1107,4020,7864,98594,47426,6700
2023,5,16,29426,14096,46486,60772,86944,2203.42,2838,1157,4818,5034,72486,14011,14613
2023,5,17,97873,86901,17417,3091,25284,2203.42,2979,1998,4650,5878,11956,23573,23808
2023,5,18,3410,82981,91033,73782,46908,2203.42,1208,2685,3721,8100,53456,14042,39627
2023,5,19,98658,86296,24526,54829,15160,2203.42,3839,4383,3912,6256,32474,25547,47013
2023,5,20,26416,80454,46041,71066,77165,2203.42,990,1925,3680,8374,70707,20587,24349
2023,5,21,74353,91916,29625,94427,75961,2203.42,1442,1950,2080,5968,45798,17239,49434
2023,5,22,22981,14638,62975,23245,17246,2203.42,3792,1462,2254,9542,47430,19418,45449
2023,5,23,1885,8422,66344,75565,76796,2203.42,2503,1148,1298,8542,45574,37630,3403
2023,5,24,41562,63369,44953,43642,5689,2203.42,2232,1910,1739,6902,68265,38985,40751
2023,5,25,52008,17058,15351,44262,44594,2203.42,646,1477,2553,5462,22041,14349,12781
2023,5,26,66130,34545,31850,27799,93025,2203.42,1780,4585,3495,6732,94578,29184,43776
2023,5,27,17483,88163,24205,39223,28370,2203.42,4559,1728,1766,6261,40989,20471,42470
2023,5,28,89042,87373,16949,76596,99,2203.42,2296,1227,4886,5497,10378,32910,38990
2023,5,29,99273,92159,33849,89120,18892,2203.42,3303,2725,2941,5026,91947,11310,28427
2023,5,30,1330,2859,58039,27209,29120,2203.42,2679,4513,4103,7910,27460,19201,15380
2023,5,31,86322,84757,1782,76208,90254,2203.42,950,1764,1348,9318,94996,39560,12160
2023,6,1,79653,8639,87038,72161,16938,1803.2,3489,4796,4089,5646,65267,20820,14700
2023,6,2,14730,99781,89924,45710,27241,1803.2,3382,3348,2258,9190,34953,11548,9126
2023,6,3,16413,57183,76439,25731,68532,1803.2,1178,3183,1988,6442,36695,15862,32352
2023,6,4,47916,10185,94075,3358,27235,1803.2,4177,3315,1926,8212,20376,10890,9343
2023,6,5,89579,68759,47416,16837,9701,1803.2,3957,1112,4551,5395,51842,16174,32370
2023,6,6,14099,48022,72618,55088,47590,1803.2,4366,1856,4497,6890,15213,13083,9313
2023,6,7,99135,89392,21399,74610,53493,1803.2,3676,4422,1884,8798,92610,36585,8127
2023,6,8,39813,81568,79050,79365,63315,1803.2,3798,2413,1617,6416,32500,18422,47245
2023,6,9,2081,78219,71063,37930,1660,1803.2,1012,1596,2019,8762,91754,11863,2629
2023,6,10,96889,85431,21286,40126,42875,1803.2,1710,2686,1814,5759,62050,25128,30248
2023,6,11,3004,82202,68894,30973,74970,1803.2,742,2049,4612,7593,14979,47623,1395
2023,6,12,80222,32344,14770,88593,87459,1803.2,920,4346,1954,8092,24471,34828,6524
2023,6,13,18340,17534,33867,46506,89646,1803.2,1633,4000,4470,6879,39973,35791,45918
2023,6,14,8274,46504,79193,4238,24097,1803.2,3213,1348,2867,5974,18532,30325,10524
2023,6,15,39506,76069,31024,47812,64161,1803.2,3991,2499,1474,5726,45356,45377,21848
2023,6,16,45128,83343,20731,39598,90222,1803.2,1740,3494,3558,7526,19083,47655,10704
2023,6,17,31457,37297,84677,90676,86631,1803.2,2352,1136,1014,9464,90299,16918,43939
2023,6,18,56575,89292,33019,62308,22150,1803.2,4036,2276,3069,9014,23225,18290,44728
2023,6,19,71822,64966,83137,11733,2250,1803.2,4387,3705,1746,6790,40732,42498,2220
2023,6,20,54354,78085,84987,40713,62813,1803.2,1231,1486,4577,9766,14397,12342,25287
2023,6,21,35329,4787,70355,13398,15905,1803.2,1687,4078,4896,9656,15810,27145,43580
2023,6,22,83396,91550,27204,39264,51965,1803.2,3113,1318,1020,9452,47030,25184,17936
2023,6,23,74739,54614,60923,55668,95215,1803.2,3745,1096,1458,9099,43940,12362,41673
2023,6,24,39031,25629,16441,30279,6804,1803.2,2423,1654,1278,7894,45813,42116,48603
2023,6,25,18915,43928,14787,81287,43380,1803.2,1470,4469,2781,7498,90136,27995,28169
2023,6,26,75417,48882,58539,88227,94333,1803.2,1941,4714,1632,6772,79992,17614,18832
2023,6,27,81985,3768,74166,38488,54747,1803.2,1955,3660,1058,6994,71298,39988,19979
2023,6,28,39910,77769,74458,89043,77865,1803.2,2038,3281,1178,7742,57859,40510,30946
2023,6,29,10760,74801,6577,87923,24535,1803.2,537,2870,1688,6054,61357,27786,36569
2023,6,30,66033,8314,67799,46291,86407,1803.2,2630,1316,1864,7088,31710,44728,39097
2023,7,1,65101,64362,4213,57030,38574,1872.03,4140,3373,2651,8282,37907,20571,11075
2023,7,2,43953,60778,93612,90007,38488,1872.03,2390,1800,4195,5032,49558,28291,21398
2023,7,3,37664,75875,11508,14752,23938,1872.03,4136,4037,1949,9700,62418,25522,6237
2023,7,4,87128,46560,55249,71131,34975,1872.03,3053,1142,1170,6690,13158,25124,9508
2023,7,5,23063,74027,88277,62259,25412,1872.03,549,3074,1126,8258,94177,16022,37835
2023,7,6,74646,99666,43036,77947,25719,1872.03,4821,2845,3365,5714,10774,19691,5455
2023,7,7,929,58381,31322,87566,10046,1872.03,2689,4460,3335,7790,11718,48746,32958
2023,7,8,55153,68620,28173,85214,37029,1872.03,4211,3025,2015,8598,22324,47733,22350
2023,7,9,20405,42146,76931,5122,33567,1872.03,4812,1702,1284,6133,38412,12035,27258
2023,7,10,5443,51102,11496,45131,68420,1872.03,942,3571,4536,8401,25136,11565,39566
2023,7,11,77103,80700,5943,99118,79298,1872.03,3202,1054,1763,6484,21175,36681,28267
2023,7,12,50094,62341,87529,85732,34826,1872.03,4118,1620,3393,5613,14070,28164,42293
2023,7,13,15179,11979,18088,39715,50380,1872.03,2631,2482,3922,9926,42951,19572,43224
2023,7,14,68193,22507,51979,71309,78991,1872.03,4341,4084,1845,8221,31167,12122,39506
2023,7,15,70514,95286,59644,80260,87251,1872.03,3423,3780,3371,6511,74846,40103,11394
2023,7,16,19735,8831,67586,60010,48757,1872.03,933,3300,4394,7911,20960,44737,26889
2023,7,17,37417,45303,90174,5615,73524,1872.03,3637,1586,2977,8280,40648,36579,21341
2023,7,18,29674,99072,71712,19397,91935,1872.03,4499,3021,1578,6882,88030,20495,46558
2023,7,19,70326,316,53797,19720,48227,1872.03,4456,1294,1410,7918,91256,26286,41109
2023,7,20,92322,16246,86676,41651,84526,1872.03,4581,1110,2746,6292,49947,16678,43676
2023,7,21,12851,25799,79055,84590,69236,1872.03,750,4560,3751,5233,75631,31977,33437
2023,7,22,66342,56441,33972,19105,27422,1872.03,1742,1095,2825,8417,77745,17416,41581
2023,7,23,92093,88680,89254,51191,54972,1872.03,2223,4173,1351,7629,68763,19062,5553
2023,7,24,97418,90201,6499,81169,81786,1872.03,4497,4478,3569,9821,83582,15991,32130
2023,7,25,37754,45325,2087,95579,10094,1872.03,633,3537,4862,6239,86080,39834,46184
2023,7,26,31792,4656,24008,29495,2286,1872.03,1432,4702,1358,5870,97223,47459,9123
2023,7,27,85061,43073,78291,23630,22894,1872.03,972,1302,3549,8830,72577,49994,11873
2023,7,28,20595,43211,68533,21809,35802,1872.03,2994,3945,4267,8038,13439,27904,4613
2023,7,29,27477,9873,93960,43152,12803,1872.03,1962,4214,4254,5252,37844,14306,41183
2023,7,30,13478,60169,34147,37027,84580,1872.03,2020,1454,1286,7646,43333,18439,6724
2023,7,31,42869,21329,2385,2137,39683,1872.03,1392,2158,2048,5766,26661,21202,15825
2023,8,1,83625,85418,32141,35229,39614,2630.1,3705,4781,4786,8362,84360,12862,5641
2023,8,2,5457,5886,45501,93713,49220,2630.1,1581,1104,2676,8717,10229,48500,13940
2023,8,3,51462,93740,56901,41814,20402,2630.1,4698,1538,3519,7382,71957,12558,28103
2023,8,4,93831,37016,69267,49970,39099,2630.1,4183,1822,1738,9376,54619,41435,3627
2023,8,5,54975,91201,11983,37651,46270,2630.1,2502,2730,3654,5754,39543,35407,38564
2023,8,6,53858,95595,5785,67377,83785,2630.1,1861,2615,1109,6127,27584,20207,44095
2023,8,7,76106,56768,31115,51970,47803,2630.1,3404,4128,3285,6982,73131,39554,2086
2023,8,8,76654,25634,37285,25309,67741,2630.1,715,1597,3774,5714,10660,22558,43181
2023,8,9,26947,42187,66526,58056,64666,2630.1,4614,1552,2228,8350,18194,31382,10462
2023,8,10,94166,2498,50512,87451,40588,2630.1,3356,2241,1264,5198,58901,33367,23643
2023,8,11,90174,69617,54965,95300,2469,2630.1,4209,4414,3828,5950,15314,33494,26643
2023,8,12,61197,48437,40618,44778,40517,2630.1,1159,1034,3558,6670,38484,18302,49710
2023,8,13,66665,81842,42740,32293,78835,2630.1,2011,4007,1256,6666,80658,40077,1641
2023,8,14,29971,64868,35844,65151,15603,2630.1,3644,3151,4453,9261,37928,11321,39666
2023,8,15,55324,30440,12356,23882,73463,2630.1,4379,1078,4033,8502,88770,27867,1692
2023,8,16,10111,70783,13227,97720,40463,2630.1,2796,1758,1798,7288,35582,14126,43885
2023,8,17,79657,580,210,84110,6193,2630.1,872,1515,4928,8286,85397,24742,4490
2023,8,18,24979,51129,14870,74012,43248,2630.1,3230,4709,2125,7808,67428,47587,19992
2023,8,19,41693,55225,34372,33149,95217,2630.1,854,1224,1885,6790,91686,43077,19955
2023,8,20,11257,53470,54594,12537,27608,2630.1,2279,3938,2470,8500,59301,17069,6343
2023,8,21,38492,77533,36780,45618,25341,2630.1,4556,3385,2136,7866,16533,14846,20560
2023,8,22,13883,56740,94929,17120,13507,2630.1,814,4762,1435,9198,37298,34043,36615
2023,8,23,37484,40930,52982,61307,59430,2630.1,4727,2921,1166,7858,59890,47859,12283
2023,8,24,18419,69447,47597,10555,13375,2630.1,610,3608,2220,5538,60727,17078,30482
2023,8,25,28506,70925,8193,84941,68418,2630.1,3983,1812,2772,8316,83559,12201,45491
2023,8,26,66952,28287,60123,73118,42498,2630.1,2328,1840,1632,9858,87821,19185,20013
2023,8,27,65406,18432,79147,18978,60322,2630.1,1055,3826,3501,9734,73767,11919,6226
2023,8,28,72443,59103,17821,75215,13772,2630.1,2415,1454,1017,7538,70191,19494,17732
2023,8,29,33903,23873,65782,56066,8797,2630.1,512,1118,4737,6062,19072,15059,19955
2023,8,30,26975,11940,53886,86829,38891,2630.1,3747,1332,4459,5848,86546,49582,44005
2023,8,31,50651,23963,46657,13020,37853,2630.1,2886,3106,2071,7414,44172,32220,33200
2023,9,1,35776,72775,91064,22877,98658,2332.47,1202,1948,1360,6070,65839,36716,6123
2023,9,2,51778,77172,22528,1049,80071,2332.47,1698,1566,3765,8630,58236,18317,22110
2023,9,3,98957,62695,25389,15328,23219,2332.47,1653,3993,1734,5444,81869,11744,7609
2023,9,4,48840,48073,38693,91552,17455,2332.47,3268,4232,4407,6430,70280,44477,20884
2023,9,5,89258,38332,14862,24375,19402,2332.47,2691,4709,2143,8080,66388,25362,39450
2023,9,6,42041,68043,50708,55128,60760,2332.47,1871,1910,3353,7690,17502,30807,48930
2023,9,7,59152,12123,16392,73559,29270,2332.47,4387,3526,1355,9248,42901,27108,36673
2023,9,8,5050,35593,11818,73545,70025,2332.47,526,3417,2599,5966,83544,23358,28206
2023,9,9,81248,66768,65662,94601,88683,2332.47,824,2833,1637,8151,37743,40906,49516
2023,9,10,61176,22131,59434,2531,37731,2332.47,4638,2779,4278,7807,16324,24303,2335
2023,9,11,2365,97935,52721,64965,13901,2332.47,4674,1499,4383,5510,12208,24417,2617
2023,9,12,86203,47860,88604,97840,6011,2332.47,854,2185,3477,9072,86067,36207,26347
2023,9,13,33218,65706,45340,3848,89865,2332.47,3150,2228,4597,7222,73544,39850,11664
2023,9,14,49839,78220,1350,69222,64907,2332.47,3639,1109,3012,8998,65300,44022,23802
2023,9,15,24941,20399,77560,73418,51282,2332.47,977,4498,1376,5294,88346,35547,13627
2023,9,16,99332,32849,27776,75281,30072,2332.47,1482,1261,1792,9184,65483,27149,17673
2023,9,17,39338,75475,44611,27350,74069,2332.47,2723,4008,1661,6566,88778,47943,9912
2023,9,18,95261,64756,98794,57296,2424,2332.47,2842,3106,1340,6969,93386,32763,37140
2023,9,19,70994,91222,79025,66885,90406,2332.47,782,4742,1333,10002,57091,10401,44508
2023,9,20,31260,11167,25763,77922,42801,2332.47,864,4412,1304,9324,11707,48070,14541
2023,9,21,78150,20902,32529,14490,74223,2332.47,2252,1798,3487,6276,28452,23892,42267
2023,9,22,37137,88839,69987,89822,93836,2332.47,1575,1654,4595,9378,12090,13747,43430
2023,9,23,73230,95232,68160,68877,69890,2332.47,3298,3038,2119,5826,78879,41342,29867
2023,9,24,58093,76132,36559,7933,68760,2332.47,1824,2247,1678,8163,28421,30388,31363
2023,9,25,77945,44997,21835,32541,3686,2332.47,1287,1914,1433,6462,45790,12654,41203
2023,9,26,10666,29089,70713,27786,61267,2332.47,968,1430,2074,8389,43642,27186,49592
2023,9,27,69752,91820,49434,39953,9983,2332.47,690,2926,4202,8730,36818,42887,44207
2023,9,28,83378,99459,19802,36163,30258,2332.47,2485,2274,2383,6404,11358,38649,31944
2023,9,29,79142,36891,24361,21216,25280,2332.47,3401,1302,4821,8384,34983,36155,18003
2023,9,30,8394,71677,90435,63949,30204,2332.47,3187,4932,3062,5988,66094,39671,27253
2023,10,1,24932,46947,52317,54482,48358,1608.84,3622,1600,1677,9582,26879,16032,7318
2023,10,2,19592,38263,42206,50131,89599,1608.84,3523,1274,3795,8823,15668,12399,28362
2023,10,3,62012,37762,21815,5001,20208,1608.84,1284,1491,4783,9914,15972,39493,11486
2023,10,4,88623,65947,41094,86652,37136,1608.84,2683,3078,2587,9998,23208,12185,34325
2023,10,5,39603,81733,73460,74750,20556,1608.84,3500,3918,1753,6694,15702,21960,47641
2023,10,6,3153,66556,49804,94288,97860,1608.84,3780,1481,1721,9756,73133,35209,15776
2023,10,7,59199,42169,58288,81786,53410,1608.84,654,4363,4580,7572,84112,16487,31497
2023,10,8,97774,53966,15407,49527,45632,1608.84,2838,1150,3583,7642,59423,16443,35677
2023,10,9,69770,93204,2925,17844,84430,1608.84,3052,4979,4578,7691,41764,37987,42410
2023,10,10,59188,52087,97352,55120,52220,1608.84,1607,4992,3132,6740,15870,13764,47816
2023,10,11,55394,53709,78900,73978,57703,1608.84,850,2472,2878,9696,45315,48659,4675
2023,10,12,2107,64720,8639,36685,42411,1608.84,1023,2950,1606,8374,73069,37411,16755
2023,10,13,52543,61029,53756,20675,64394,1608.84,790,4787,1037,6042,93764,13740,35978
2023,10,14,717,537,57565,64947,10233,1608.84,3605,2338,3950,9002,49022,26360,2880
2023,10,15,88998,6399,44311,40542,44773,1608.84,2952,3666,4760,8059,34341,25506,33733
2023,10,16,84037,1484,11646,56427,47526,1608.84,694,4594,2297,7730,29540,32529,21762
2023,10,17,46962,59499,61221,30912,98094,1608.84,3623,3443,2992,7934,43984,44117,26595
2023,10,18,51667,88290,7784,62779,86349,1608.84,3284,1737,4960,9929,43163,23837,8477
2023,10,19,88043,29682,88432,10340,57412,1608.84,4221,1458,3822,7206,51635,41915,34325
2023,10,20,63388,25259,95359,96381,59545,1608.84,1004,2562,3984,9274,13396,46684,5696
2023,10,21,73110,44978,49774,49422,11260,1608.84,3258,4301,3969,6790,25993,12732,9289
2023,10,22,96015,85215,33457,6189,22008,1608.84,4455,1746,3054,6166,14478,10422,1444
2023,10,23,81862,4976,46514,25846,35961,1608.84,3881,1714,4535,8655,74842,42146,3207
2023,10,24,47944,48101,41449,86914,26143,1608.84,997,3508,1466,9454,44696,23718,33794
2023,10,25,67250,59153,25465,10304,85319,1608.84,2902,2179,1270,5767,18762,47230,39944
2023,10,26,45326,98258,22652,59861,36913,1608.84,2007,1208,1946,9807,88121,38088,13846
2023,10,27,43601,20471,42950,45312,69925,1608.84,4029,2174,1797,6830,63829,48467,37646
2023,10,28,50789,93084,15647,28412,68851,1608.84,641,4175,4632,9300,90388,42896,41375
2023,10,29,78491,8748,94105,56789,68555,1608.84,1229,3506,4048,8366,73817,10658,48578
2023,10,30,91824,59199,58851,54974,70044,1608.84,3440,2184,1536,5439,65595,34614,22681
2023,10,31,76814,7589,15142,32798,88586,1608.84,694,2076,1266,9798,40216,49182,21882
2023,11,1,17798,44041,53777,21976,34210,2451.13,634,4759,2951,5934,79803,13976,9101
2023,11,2,4917,16988,72747,56708,98935,2451.13,3521,1522,1718,6318,95108,27087,23713
2023,11,3,8365,78537,57717,28164,18753,2451.13,2891,2902,2291,6667,74877,17852,23251
2023,11,4,92120,5029,77613,10071,22857,2451.13,2053,2773,1518,6152,84480,39688,7416
2023,11,5,29865,34354,12563,35071,17025,2451.13,3510,1582,2558,6226,69903,37663,7671
2023,11,6,9477,49147,90566,43120,65814,2451.13,972,2933,1823,8584,84355,19368,15443
2023,11,7,62352,67762,53805,69458,23914,2451.13,1004,1102,1398,8832,10410,22366,4638
2023,11,8,12083,83711,64108,30993,36289,2451.13,3655,1538,4509,9220,88884,31674,1482
2023,11,9,41016,16209,55960,44191,21145,2451.13,914,4847,4428,6198,85656,48341,6668
2023,11,10,95016,61154,18471,358,65565,2451.13,4076,3998,1494,9535,41343,26372,40023
2023,11,11,69898,9999,38490,69407,85572,2451.13,2433,2938,4933,6794,13950,47429,43726
2023,11,12,80060,90054,97277,20840,30432,2451.13,4180,1798,1778,8016,42156,42353,32933
2023,11,13,60378,97585,52705,463,17120,2451.13,3186,2016,1618,6730,72775,22320,44048
2023,11,14,75401,40209,65259,51686,79953,2451.13,4114,1364,1222,5494,97203,11160,35091
2023,11,15,45675,66385,47375,6112,86740,2451.13,4817,2116,4818,7521,63930,36937,5883
2023,11,16,11569,57118,40306,31966,5145,2451.13,4286,1100,4640,5896,48582,15945,13081
2023,11,17,20988,97698,42310,12484,60440,2451.13,3058,2466,2248,7166,44929,17984,39513
2023,11,18,4019,9747,72457,23837,27268,2451.13,2125,3835,4855,7576,87153,15000,2739
2023,11,19,63216,41440,11898,32857,93688,2451.13,3801,4674,4528,8950,43509,10630,10480
2023,11,20,96975,61569,90139,19224,59705,2451.13,4562,1350,1166,6750,20263,38433,35068
2023,11,21,86110,97390,43622,12317,31173,2451.13,2316,4387,3565,5565,43595,48604,30775
2023,11,22,32398,58749,29632,23278,16211,2451.13,949,3185,1060,8766,48760,10765,23141
2023,11,23,32508,93323,90841,93674,26694,2451.13,2106,4154,4844,8346,41470,22368,27456
2023,11,24,72854,85140,83109,77771,40705,2451.13,1375,4453,1804,9462,12731,18014,43056
2023,11,25,95499,20033,47552,46560,1121,2451.13,2324,3627,4634,9042,27300,32679,46312
2023,11,26,91972,25759,61834,33169,67839,2451.13,1888,2043,4794,10002,51166,11851,19656
2023,11,27,48053,43894,51305,66209,66252,2451.13,4222,1749,1710,7126,16626,17892,30388
2023,11,28,44438,81985,51520,34072,62853,2451.13,3102,1176,1868,5178,20696,38767,45172
2023,11,29,80944,42585,62164,2090,63934,2451.13,3940,3337,2222,6418,94545,23473,13330
2023,11,30,28337,95120,85223,45109,43246,2451.13,3000,2683,1867,7038,38106,21072,9884
2023,12,1,37562,42249,63325,98849,79297,1680.45,1143,1880,1222,8233,17390,43935,18444
2023,12,2,78526,30503,17510,10123,25048,1680.45,3459,1519,2557,9919,79764,19590,40983
2023,12,3,62921,83800,60660,10144,21907,1680.45,2538,4467,1354,5862,74667,19627,31732
2023,12,4,84306,70812,7861,31265,85397,1680.45,1551,3921,1066,9061,74044,31927,10026
2023,12,5,66396,28856,18447,8953,28775,1680.45,1392,3046,3362,8238,18190,36620,14564
2023,12,6,70136,70729,12440,60468,2943,1680.45,1446,3599,1254,8622,34863,26018,3460
2023,12,7,64333,42768,39940,4861,68181,1680.45,3139,4575,1094,7938,43528,20669,30336
2023,12,8,52502,21273,28716,67216,43325,1680.45,782,4812,1378,8979,90279,13146,13258
2023,12,9,52439,53078,73232,43061,7385,1680.45,870,1716,2213,6918,92928,35393,24447
2023,12,10,22058,96068,69970,97601,34006,1680.45,3269,2858,1121,6682,86426,44446,29850
2023,12,11,42947,6615,40611,93284,55594,1680.45,2915,4384,1302,6146,83796,15414,47242
2023,12,12,60593,19228,79419,44159,10950,1680.45,903,4358,1118,5872,63310,35123,38699
2023,12,13,12074,97932,54335,63196,61269,1680.45,3993,1142,2374,9216,13849,19319,40761
2023,12,14,61845,93117,60056,62163,45615,1680.45,1217,2559,4431,7978,66717,13474,43853
2023,12,15,70687,78973,56091,71805,44846,1680.45,3279,1918,2332,7613,36465,44952,19402
2023,12,16,18374,10459,15519,82100,25062,1680.45,2771,1905,1574,8366,65420,12998,45721
2023,12,17,38031,51638,39715,33814,33625,1680.45,545,4310,1755,5986,92466,46600,6432
2023,12,18,32390,15747,19872,66074,93360,1680.45,2378,3085,3147,9248,26536,16426,6337
2023,12,19,71321,60660,11467,26510,54839,1680.45,3664,4220,4875,6766,43034,28499,26887
2023,12,20,6162,83580,99163,7917,96568,1680.45,869,1262,3726,7092,27734,33438,7981
2023,12,21,79781,21465,77876,62928,30713,1680.45,2488,3385,1286,8954,61246,19909,4412
2023,12,22,92193,21263,45482,37068,4641,1680.45,1918,2153,3447,7432,51421,10998,38516
2023,12,23,55414,38643,46676,95492,62087,1680.45,3929,1867,2225,6804,21146,18588,40762
2023,12,24,27569,8635,77675,92640,23941,1680.45,3900,1132,1534,8772,69551,47526,5273
2023,12,25,79250,17823,41032,67697,81607,1680.45,4062,2019,2447,8386,32511,19078,42454
2023,12,26,22851,77793,67754,51428,84598,1680.45,2069,2165,3886,9496,21156,16742,38900
2023,12,27,76369,66409,86664,52903,57142,1680.45,868,1390,1582,7812,20438,21995,6215
2023,12,28,266,89502,25367,64066,21591,1680.45,4951,1596,2022,7704,28572,11914,24230
2023,12,29,62956,55642,81489,93194,76738,1680.45,2372,3105,1756,8080,12024,17804,18997
2023,12,30,6602,72789,11641,13343,80602,1680.45,1689,2218,1579,7055,77635,19054,32079
2023,12,31,17638,67587,36668,86012,25291,1680.45,3982,4598,1772,6822,97791,47618,15240
