year,month,day,sales1,sales2,sales3,sales4,sales5,rent, employeePayment, electricity, gaz, vegetables, meats, otherIngredients, publicity
2002,1,20,15799,52731,4332,36054,66958,2409.13,3666,1550,3745,6054,86464,38675,20596
2002,1,21,76281,98053,7627,23341,28853,2409.13,3020,3515,3459,7261,41220,19750,1042
2002,1,22,91469,24340,16502,27190,45865,2409.13,1872,1662,1984,5120,14067,15900,21906
2002,1,23,93151,97734,34483,71896,90140,2409.13,1922,1419,1430,7278,12232,14202,37299
2002,1,24,1154,84132,4070,99614,41393,2409.13,715,4212,1972,8894,76401,31845,11643
2002,1,25,40474,94626,9860,31462,17181,2409.13,758,1682,3011,7990,14930,28150,23927
2002,1,26,77539,41853,10922,29242,92754,2409.13,4795,3907,2516,7254,93520,25261,17034
2002,1,27,91860,95588,24474,77841,97804,2409.13,1038,3276,1852,9026,69737,29033,17228
2002,1,28,92529,91848,72068,30540,32088,2409.13,822,1966,3850,5963,71571,21603,36998
2002,1,29,2997,97719,31863,36866,27936,2409.13,2126,4794,2321,6599,13987,11878,41735
2002,1,30,53827,56378,89754,65680,8627,2409.13,1064,1154,2690,6272,48046,16129,25843
2002,1,31,70130,23089,42108,15332,25404,2409.13,1934,4752,2749,5149,81617,11378,30031
2002,2,1,93744,91832,80558,46695,5819,1920.57,521,2195,3138,5114,87173,13981,32034
2002,2,2,9969,88329,98024,93100,52727,1920.57,4580,2166,2612,9832,17569,18994,14153
2002,2,3,48199,62322,46744,33348,60291,1920.57,1582,1570,1232,7139,17080,16429,18781
2002,2,4,5526,33954,94977,43664,16506,1920.57,3996,2825,1829,8106,52276,11824,32150
2002,2,5,2525,31858,48074,91489,26769,1920.57,1834,1318,4316,7166,41017,20959,15644
2002,2,6,92359,17601,91345,2970,91092,1920.57,750,2968,2377,7078,56632,25234,8425
2002,2,7,45580,30629,18060,48762,19001,1920.57,4668,2876,3545,5494,45716,11665,20337
2002,2,8,34738,72551,52985,79054,62481,1920.57,694,4838,2953,7709,74159,19045,44002
2002,2,9,16134,26262,32014,74864,89692,1920.57,1449,1114,1978,9028,84032,37330,4998
2002,2,10,71198,88701,25207,6095,41443,1920.57,2759,1179,1176,7095,71585,38657,37275
2002,2,11,31098,87950,9848,59051,95659,1920.57,4447,3144,1620,5636,12058,16312,34008
2002,2,12,64163,69457,67936,16141,70318,1920.57,3470,2866,2019,5028,80312,14814,18320
2002,2,13,48655,48073,7346,24832,85168,1920.57,3488,2616,3232,6680,16048,45242,45283
2002,2,14,73695,18819,39739,316,61632,1920.57,2979,2146,4906,7266,58286,31575,9098
2002,2,15,85586,78110,89443,42605,23138,1920.57,3770,1792,4178,7468,12975,35698,36107
2002,2,16,92751,76464,68315,92335,66151,1920.57,3929,4845,1504,7344,56512,23135,26334
2002,2,17,2766,5844,15282,47672,23110,1920.57,4246,3694,3029,5040,67650,15046,39921
2002,2,18,71148,57774,95663,21678,55242,1920.57,2375,2991,1452,8198,56678,17603,8638
2002,2,19,34728,60608,7449,46232,4275,1920.57,719,3391,1155,7352,71062,25616,30313
2002,2,20,57273,66662,34311,41654,68054,1920.57,4172,4200,2437,9558,60878,47678,18313
2002,2,21,69825,34606,12023,87629,76648,1920.57,954,1375,1328,5368,57606,16285,35053
2002,2,22,59344,93326,89678,45499,77031,1920.57,1114,4302,1814,7134,92308,28158,27092
2002,2,23,56442,57833,83711,48879,19019,1920.57,2909,1622,1102,9872,92823,38545,10941
2002,2,24,9984,48055,99921,71995,27087,1920.57,3279,2781,3556,8626,48280,10586,23880
2002,2,25,37753,35747,11242,14209,57524,1920.57,2366,1294,1381,9746,79194,30399,3550
2002,2,26,3370,92104,1947,98916,33387,1920.57,3813,4721,4175,7476,48067,10482,44770
2002,2,27,93965,2700,5396,77522,63360,1920.57,4459,1111,1556,5700,31672,29648,20028
2002,2,28,85602,90391,9965,46983,32820,1920.57,3734,1189,3966,5680,51456,13705,5512
2002,3,1,55270,39779,32329,75356,87847,1832.29,671,1100,1689,9544,53904,43068,1295
2002,3,2,34005,71369,48842,16057,3041,1832.29,1658,4782,4806,8640,42602,26669,44843
2002,3,3,8727,95144,6989,70759,62952,1832.29,3911,3221,1914,6240,19866,48317,20694
2002,3,4,43887,95600,5215,16928,75145,1832.29,4995,1010,1839,8836,41556,16231,25472
2002,3,5,70031,43215,92366,41190,8208,1832.29,2858,3285,1462,9702,16206,18838,34968
2002,3,6,11892,64308,43988,22364,56900,1832.29,2032,1580,1742,8599,17712,14734,3916
2002,3,7,34071,77708,82863,97262,2897,1832.29,4844,2926,3985,8866,14115,17098,24420
2002,3,8,7178,48327,58183,53640,89525,1832.29,4405,1416,2885,6794,23779,49785,12227
2002,3,9,77308,77164,571,59527,35763,1832.29,1888,4832,2342,9751,83445,15238,18284
2002,3,10,40523,63290,4518,40860,35500,1832.29,756,4028,3310,7886,29019,22835,18633
2002,3,11,2517,8426,74252,45402,31818,1832.29,774,1938,2897,5757,10910,43660,14383
2002,3,12,80393,18244,29845,92735,34347,1832.29,2973,1220,2931,9990,32080,28430,13291
2002,3,13,47475,97837,3811,47138,38127,1832.29,4972,1294,1255,9350,86043,39424,32831
2002,3,14,41310,31231,31254,49207,93340,1832.29,4218,3731,1714,5415,66465,12470,32609
2002,3,15,68706,90791,92772,61637,19633,1832.29,1419,3459,4039,7638,30596,43517,41204
2002,3,16,59412,66921,34160,667,93848,1832.29,1443,1318,2784,7696,84362,11123,20203
2002,3,17,86658,9934,51207,37510,65349,1832.29,832,1650,1166,8182,28393,10799,34025
2002,3,18,89386,34813,60611,44777,61395,1832.29,3293,1620,4478,9838,37824,18325,7559
2002,3,19,9008,60620,19834,76792,14668,1832.29,4267,1324,1950,5473,55185,45828,20548
2002,3,20,55850,10598,46234,97017,58780,1832.29,4167,4517,1592,9564,18596,14178,40980
2002,3,21,42336,63940,24344,33166,52744,1832.29,2842,1750,4138,7675,54894,15250,28520
2002,3,22,58223,25514,55131,88704,30987,1832.29,883,3188,2264,6948,13686,12396,26668
2002,3,23,54449,74372,76914,96592,25501,1832.29,546,2835,1497,6662,17352,35593,2559
2002,3,24,35696,35195,97344,74834,72870,1832.29,4990,1091,4102,6472,36146,41441,18590
2002,3,25,43141,37031,44630,80405,16852,1832.29,4152,1299,1122,6065,84242,11056,11186
2002,3,26,4977,724,45244,87826,57900,1832.29,3418,3594,4141,7114,84779,37010,28948
2002,3,27,5704,29771,34454,99807,62595,1832.29,2599,1478,3982,8942,19998,40833,20601
2002,3,28,63414,11644,28485,15322,14062,1832.29,2729,4037,4802,8658,13734,37701,29079
2002,3,29,33272,30282,81297,47413,67396,1832.29,774,4450,2197,5227,11226,41144,16076
2002,3,30,72180,63208,96879,12514,81788,1832.29,4698,1670,3717,9078,76873,15566,15722
2002,3,31,43614,69603,93168,73416,23927,1832.29,1116,2197,1662,8764,20961,30409,1270
2002,4,1,71736,19861,69742,73316,25469,1373.07,1846,1206,4116,8730,86815,39837,10886
2002,4,2,60411,48369,49907,74946,25242,1373.07,4910,4844,1712,8325,35122,17233,7685
2002,4,3,85794,8673,63896,60911,29634,1373.07,2102,1369,1044,7402,91036,22337,44306
2002,4,4,32730,52883,77366,6846,43595,1373.07,3034,1458,3901,5892,95302,16598,14182
2002,4,5,86978,46565,65339,87830,54890,1373.07,1414,2034,4133,5309,17944,38766,1878
2002,4,6,95967,36399,56488,26484,8243,1373.07,3821,2323,3110,5086,80520,26704,13876
2002,4,7,56720,93555,97062,85621,56496,1373.07,1115,3473,1146,5842,47654,26520,8716
2002,4,8,38267,69069,99908,47400,70730,1373.07,2518,1696,1214,5357,19072,45196,34204
2002,4,9,39234,24705,52520,72344,17244,1373.07,808,1286,1593,8813,92287,49441,33040
2002,4,10,3881,48403,59267,75513,86208,1373.07,3384,4474,3692,8291,71873,29421,23273
2002,4,11,52496,90744,62470,39450,82454,1373.07,4645,1686,1705,7164,10381,13948,22002
2002,4,12,36556,92133,20616,79501,70946,1373.07,596,1178,2656,9128,66690,13863,12903
2002,4,13,77832,85075,88338,86524,19719,1373.07,2297,2213,3658,9542,11662,16111,26564
2002,4,14,16768,62660,4150,29826,66176,1373.07,530,2730,3015,5990,98582,10312,14531
2002,4,15,9995,93877,1491,87651,48436,1373.07,1514,2619,4607,6203,45494,39325,34533
2002,4,16,49119,44144,77891,32778,88911,1373.07,990,2029,3563,9390,68206,34738,5905
2002,4,17,50273,28333,53821,73288,25425,1373.07,4952,1706,1278,5798,39421,11066,2403
2002,4,18,85976,7288,70038,71935,63492,1373.07,2611,3961,1027,7442,78090,31289,31884
2002,4,19,77758,93332,3319,62673,12722,1373.07,3762,4345,1209,7878,68985,41633,21526
2002,4,20,36337,68938,93405,98968,70380,1373.07,1385,2706,1958,5558,60992,14446,32827
2002,4,21,44658,54956,48919,37037,26809,1373.07,3325,1844,1691,7996,99941,49412,27009
2002,4,22,9522,30056,45111,42083,13990,1373.07,3715,1678,3032,7120,81997,19763,14096
2002,4,23,26299,8383,58823,66412,21157,1373.07,1368,2165,1122,5286,19202,34282,19815
2002,4,24,78647,53880,55201,15339,91876,1373.07,1102,2748,1549,6212,59830,31890,21494
2002,4,25,40308,59899,98569,39692,53371,1373.07,4455,4668,1226,9268,46079,42807,46918
2002,4,26,20796,48800,41326,11918,84086,1373.07,1200,4084,4406,7752,94422,22634,10528
2002,4,27,5598,75525,40383,23499,1738,1373.07,788,3396,1463,5094,98088,46185,16566
2002,4,28,67228,23896,25854,88879,8525,1373.07,1686,1352,2084,6032,57589,37521,38285
2002,4,29,49891,20142,16606,80649,37894,1373.07,3282,4842,2904,7340,83341,20993,11028
2002,4,30,60231,38731,79390,53046,25392,1373.07,4230,2618,4076,5770,81497,17914,43830
2002,5,1,29536,4625,83156,18899,62214,1917.68,3788,3706,3634,5788,52951,31014,37030
2002,5,2,69072,12794,83919,29089,96135,1917.68,670,1216,1314,8715,76608,10834,21264
2002,5,3,74298,85579,44911,15733,83428,1917.68,1803,2962,4839,9928,48212,13646,20216
2002,5,4,81989,17001,2111,51975,82790,1917.68,4340,3212,4206,9610,97300,46693,21414
2002,5,5,70874,2971,64262,87879,78038,1917.68,3712,2334,2800,9974,68066,26227,7222
2002,5,6,80190,29870,55543,21381,91181,1917.68,1136,4520,2107,9598,57847,36248,3755
2002,5,7,31012,23540,4461,15219,73151,1917.68,3263,1530,1082,5058,48253,15471,18113
2002,5,8,49747,63318,67806,92547,39645,1917.68,530,1185,3444,7019,57566,11964,2224
2002,5,9,27127,98703,95498,64234,74654,1917.68,972,1338,3236,5202,20882,32738,19697
2002,5,10,39406,65498,43114,76840,58023,1917.68,2310,2768,2388,7990,16666,27032,7720
2002,5,11,28691,68144,79571,43487,75164,1917.68,4463,2289,2190,5282,82874,26843,37137
2002,5,12,31010,83356,48861,24246,21001,1917.68,3335,1650,1592,6449,37244,19238,19743
2002,5,13,90521,29555,33735,94261,6022,1917.68,1293,1063,4895,6974,94549,26410,16753
2002,5,14,54352,44014,45052,22894,5327,1917.68,1089,1335,2632,9908,76933,48632,27926
2002,5,15,1044,269,25390,52636,83070,1917.68,3601,4941,2187,9370,84202,14560,12634
2002,5,16,79088,21848,65624,30336,39063,1917.68,1745,3413,1086,8149,32658,25864,10174
2002,5,17,46075,98748,78552,90060,30049,1917.68,838,1092,2105,7078,83727,21526,5485
2002,5,18,59419,62330,61469,67959,91017,1917.68,2518,1814,3869,8998,16791,22931,45671
2002,5,19,24668,73537,32697,45206,91686,1917.68,2421,4112,1846,5972,60523,10502,15355
2002,5,20,37810,31919,41595,9915,12352,1917.68,1440,1770,1450,9260,39728,11371,41675
2002,5,21,21283,38599,97828,5152,3093,1917.68,3082,4111,4507,6294,11346,12544,14619
2002,5,22,42486,93090,83009,22940,75415,1917.68,3441,3223,1830,5036,23137,16642,43532
2002,5,23,33063,20930,92276,53418,80191,1917.68,1140,2824,3306,8968,22976,22750,48356
2002,5,24,9939,67411,66863,14446,28190,1917.68,1990,1358,1972,9998,19940,14782,22531
2002,5,25,69883,43407,86962,61685,34795,1917.68,2189,2856,2379,6606,37625,43921,26451
2002,5,26,55525,35119,61747,58831,14087,1917.68,1581,1534,3484,9600,54822,46673,1075
2002,5,27,53678,98165,83700,35650,24515,1917.68,4387,1506,3423,5410,72432,38217,43665
2002,5,28,39151,70975,72427,2883,61792,1917.68,3155,3667,1521,5042,92498,41959,26404
2002,5,29,42328,90432,32337,10813,55227,1917.68,3837,1050,3026,7788,60905,42540,3511
2002,5,30,33906,86645,69642,87329,15698,1917.68,1898,4847,4399,8658,74081,15094,8426
2002,5,31,7080,37238,41211,68602,78491,1917.68,560,2170,1994,5802,64334,12069,1126
2002,6,1,88172,37325,30785,28413,14582,1702.07,2318,2578,4318,5998,33275,17743,39678
2002,6,2,57897,4475,63496,38573,78557,1702.07,652,2145,3599,9830,26987,28659,21038
2002,6,3,91166,64158,35503,415,28492,1702.07,4524,3015,1248,5094,77779,32181,13924
2002,6,4,66339,56450,66112,25657,22449,1702.07,4751,1696,1774,6502,51621,15121,15739
2002,6,5,94285,13626,63619,22884,44231,1702.07,2895,1747,1115,6804,68513,15958,40606
2002,6,6,17322,98039,65326,34922,58348,1702.07,3454,1037,4554,9566,66693,38354,43106
2002,6,7,81657,42797,35052,1870,66044,1702.07,3342,1338,1649,6634,99562,27231,3025
2002,6,8,3919,17458,28979,91386,87208,1702.07,2343,4528,1882,5348,55801,36581,13845
2002,6,9,32127,39256,27619,48033,5174,1702.07,1387,1830,3459,7790,10112,19502,10664
2002,6,10,57167,54747,96182,73816,68059,1702.07,2398,1976,4553,5466,79713,16760,45745
2002,6,11,26573,87058,37641,38455,76079,1702.07,710,4556,4049,9005,72588,16918,43442
2002,6,12,79669,75328,57405,33129,13118,1702.07,3982,1162,2202,5164,60450,35260,12457
2002,6,13,60909,44201,73590,6814,56930,1702.07,3574,4853,1711,9782,38308,49141,3303
2002,6,14,71009,79696,73698,20058,65054,1702.07,631,4721,2965,8036,94201,17478,12639
2002,6,15,26845,63185,37719,44047,28349,1702.07,658,1226,3721,5599,12421,32002,14522
2002,6,16,88903,52348,31857,61966,29915,1702.07,1107,2274,2563,9318,37331,47616,36517
2002,6,17,63795,44315,8691,1761,8703,1702.07,4195,1102,2427,6913,95944,10775,2892
2002,6,18,21435,41604,32736,96509,77203,1702.07,3510,2456,1734,6006,60774,10122,11510
2002,6,19,46883,71882,93749,29447,73038,1702.07,3414,3184,1746,8446,54944,14646,47432
2002,6,20,21349,24140,35996,3776,31053,1702.07,903,3839,4894,9990,65347,17097,31940
2002,6,21,41500,93858,65906,88061,70577,1702.07,4534,2458,4912,8283,63256,17238,26680
2002,6,22,5715,56672,57487,97461,75128,1702.07,4261,2827,2921,8502,16603,10710,28783
2002,6,23,98548,63859,69165,88443,60201,1702.07,1891,3052,1073,8306,12234,31649,1738
2002,6,24,97181,70647,49108,12093,28930,1702.07,2746,2002,1739,6584,48456,26866,28717
2002,6,25,35367,79070,89695,88288,29326,1702.07,4965,4225,2859,8268,32667,13059,22650
2002,6,26,41346,20911,81112,2419,75059,1702.07,4067,3590,4222,9526,11078,19503,37224
2002,6,27,28243,49782,70500,29982,56367,1702.07,3200,1732,4377,9246,96372,43703,35309
2002,6,28,68248,1338,4281,71107,91819,1702.07,517,3163,4209,7981,51933,15619,3300
2002,6,29,51557,2353,54211,25779,1880,1702.07,574,1473,2378,5781,92807,43744,21246
2002,6,30,67442,32360,85478,81820,61606,1702.07,1874,1204,4538,6154,33662,41356,48202
2002,7,1,84180,40873,90015,32161,92806,3208.16,3717,1334,1195,5847,13389,13792,5634
2002,7,2,87482,76215,51172,19616,85374,3208.16,2056,2732,1744,8875,95689,11297,44916
2002,7,3,10750,41894,60836,56904,75556,3208.16,2708,1087,4416,5454,24599,18573,18545
2002,7,4,34709,24669,13732,77256,50517,3208.16,1048,4349,4687,8571,73964,21412,43473
2002,7,5,19839,77374,39146,66584,46249,3208.16,4232,3350,4432,5068,46605,34987,1187
2002,7,6,73613,19315,77427,99381,98389,3208.16,2953,3096,1694,8037,10352,43562,2027
2002,7,7,91510,17753,47913,27549,76324,3208.16,3961,1161,1212,8926,79096,11850,38229
2002,7,8,55645,23330,51553,65077,44750,3208.16,1416,3361,2471,7694,34093,15860,48158
2002,7,9,62221,52047,65309,88916,84,3208.16,3829,1593,4764,6741,35493,36087,25661
2002,7,10,84971,84455,98602,572,88913,3208.16,3773,4557,2378,5350,25985,12127,27698
2002,7,11,28484,8754,96841,62307,68949,3208.16,4518,1168,2980,9827,36435,49415,30934
2002,7,12,51840,35266,7361,61605,98359,3208.16,4043,3328,2308,5298,16758,32573,42855
2002,7,13,56695,79026,93483,74073,25704,3208.16,1200,4186,4573,9392,32844,13521,19468
2002,7,14,80327,27364,61042,79659,87191,3208.16,4073,1554,4094,6434,16985,47452,47478
2002,7,15,45641,97382,47134,72949,60026,3208.16,1873,3071,2762,5355,14298,18465,13738
2002,7,16,51176,59697,39004,95749,9089,3208.16,621,4414,1136,6662,85424,11042,21849
2002,7,17,492,64499,74487,65938,67285,3208.16,4742,4276,1710,6875,18576,31582,41473
2002,7,18,40613,40451,14655,99727,55806,3208.16,4544,3332,2846,9899,19080,13878,21799
2002,7,19,11748,44702,12702,43663,47717,3208.16,2767,3207,3975,7254,14145,12611,48126
2002,7,20,45079,43888,91888,50284,37115,3208.16,1865,4078,1838,6519,93804,23071,10465
2002,7,21,84670,94701,46405,82516,34601,3208.16,802,2699,1538,8503,12734,40606,31837
2002,7,22,32981,69130,38814,11957,6384,3208.16,919,1461,4549,9159,14022,16663,19311
2002,7,23,9624,49963,77094,76890,96482,3208.16,1312,1151,1950,5442,80018,16550,20899
2002,7,24,44554,85821,79251,87444,20676,3208.16,3049,3656,1093,6438,81964,43829,1965
2002,7,25,18878,89236,61643,48427,88395,3208.16,1442,4369,4701,8535,91258,26182,29740
2002,7,26,95786,7572,23686,77737,86640,3208.16,638,1192,2228,6240,34987,42904,20057
2002,7,27,8205,29389,12913,95651,78956,3208.16,4479,4184,1882,9038,62610,10430,11229
2002,7,28,30861,10405,19580,76914,35293,3208.16,3096,2429,4761,6276,41517,21400,10839
2002,7,29,79542,52157,68946,1771,74749,3208.16,4674,2953,4673,7886,78603,44980,20285
2002,7,30,1519,84435,59165,18334,51908,3208.16,3543,4120,4883,6256,76033,11830,38127
2002,7,31,70314,95482,63957,5075,54968,3208.16,2826,4508,3982,7114,36278,48730,5475
2002,8,1,97305,48036,98082,71243,26639,2068.45,4112,1072,3577,7446,79332,23055,9414
2002,8,2,30990,78453,37939,90465,54486,2068.45,777,4967,3422,8842,21286,40248,4466
2002,8,3,25031,55795,30583,53154,92074,2068.45,866,1468,3700,9642,76972,20338,45665
2002,8,4,59056,82437,97764,93985,89883,2068.45,2040,1754,1899,9966,11336,26384,43448
2002,8,5,75797,72115,92704,94219,70670,2068.45,818,1408,1136,5630,48853,28209,13990
2002,8,6,77065,50415,83939,20765,50058,2068.45,2455,1886,4699,6310,35801,49581,27263
2002,8,7,15018,2842,86806,86917,24172,2068.45,4652,4967,1608,8708,10537,23629,14495
2002,8,8,69050,61356,69330,55186,42756,2068.45,4746,1172,4948,6006,73288,10926,34535
2002,8,9,43652,80744,93175,3351,18666,2068.45,4284,3682,1816,9794,36950,22339,28976
2002,8,10,86936,82956,72308,89896,38016,2068.45,3525,2064,1114,9206,78602,19659,32845
2002,8,11,83741,44701,55832,68689,94738,2068.45,1398,3389,1215,9572,58091,44881,29121
2002,8,12,58548,43728,94916,90364,32522,2068.45,2702,4456,1173,5474,25704,35540,48219
2002,8,13,50559,89230,8957,11111,38436,2068.45,769,2175,3611,6601,14440,19410,37559
2002,8,14,32074,43614,14442,58289,73186,2068.45,4521,1732,2612,8884,38447,31485,22534
2002,8,15,79008,1151,943,10181,68864,2068.45,2072,4421,2227,8294,30531,37014,26647
2002,8,16,24940,61302,9190,73551,64255,2068.45,3250,1327,1370,7692,70967,15907,32757
2002,8,17,36578,6842,97641,85542,21279,2068.45,2027,1170,3589,8652,26817,38805,36088
2002,8,18,27320,38890,58227,59547,76270,2068.45,1560,1208,1411,8434,74758,47017,38759
2002,8,19,4858,24362,43345,97580,72054,2068.45,3487,4982,2504,7479,10523,25134,30664
2002,8,20,29919,93903,91772,99861,78224,2068.45,3665,1094,1518,6891,81440,16451,34941
2002,8,21,2002,28001,67660,84765,16454,2068.45,1781,2663,3131,5938,35242,21536,8771
2002,8,22,22142,98730,12871,75998,76209,2068.45,1132,2479,3648,5816,22339,28223,39746
2002,8,23,94197,61005,50119,84378,74248,2068.45,828,1249,1832,9690,77365,17442,31559
2002,8,24,93611,9148,46380,93094,625,2068.45,981,2765,1703,7712,98763,39264,31623
2002,8,25,49949,66248,11744,83597,25503,2068.45,3172,4698,1438,8290,16334,35685,34083
2002,8,26,26201,71257,78287,2112,6097,2068.45,828,1058,4799,7207,25503,31775,5653
2002,8,27,38830,22837,20894,51886,16688,2068.45,1149,1636,2255,5794,66584,27757,36009
2002,8,28,3327,94757,47457,14765,89399,2068.45,908,1208,4140,8736,17710,11589,17885
2002,8,29,50741,44891,94000,31892,2099,2068.45,3666,2279,2339,9128,25516,25379,19504
2002,8,30,70568,66666,58368,89175,19558,2068.45,3284,2883,2412,5990,53999,41810,41304
2002,8,31,64977,54450,57410,20469,49538,2068.45,2057,1629,1362,9666,48520,19278,25121
2002,9,1,78539,28445,86956,29451,53961,1884.6,854,1262,2053,5544,56535,28357,12335
2002,9,2,38829,95772,30770,35921,49771,1884.6,896,1152,1341,7716,70108,37813,38932
2002,9,3,36127,3090,74176,28536,51610,1884.6,1799,1254,2432,7518,59598,27744,28989
2002,9,4,22442,75968,48371,75847,97864,1884.6,555,1691,2029,7676,88963,33151,21259
2002,9,5,6609,6212,20076,52950,43929,1884.6,762,1014,4625,5186,17188,11234,6536
2002,9,6,10278,81741,7735,84062,25495,1884.6,1806,4287,1004,6528,40134,23867,33685
2002,9,7,97787,27042,10560,31168,44719,1884.6,671,1326,2086,6038,20627,16014,15875
2002,9,8,57282,27742,62421,66907,9031,1884.6,4493,4308,2749,8938,13506,44595,21010
2002,9,9,52265,31528,75236,28269,8057,1884.6,2135,1694,3762,9046,53362,19832,31722
2002,9,10,44922,84034,71159,67008,34780,1884.6,4373,2060,1766,7202,75319,44909,8138
2002,9,11,99155,19813,80570,68256,88392,1884.6,2850,1320,1818,8884,68923,39874,1194
2002,9,12,86159,87412,62069,61274,16458,1884.6,1105,1378,4463,8616,44737,19318,15431
2002,9,13,76754,94111,59008,28985,22256,1884.6,3893,1409,1990,8934,89664,17772,34327
2002,9,14,71105,68868,15890,2923,39657,1884.6,4148,1640,3575,9806,87088,10076,1165
2002,9,15,53000,84546,82764,52464,53162,1884.6,4409,1267,2963,8416,75251,26571,27502
2002,9,16,12743,65497,97981,99585,36311,1884.6,3466,2414,4216,5726,26689,28872,3998
2002,9,17,91872,85838,71040,80448,7055,1884.6,970,1406,4025,8243,28869,28538,24480
2002,9,18,12097,64631,74806,50061,43048,1884.6,1631,2141,3256,7774,71726,34566,16409
2002,9,19,61313,30193,8334,50529,37252,1884.6,4401,4122,1728,7190,19148,44266,35023
2002,9,20,24921,11402,20673,298,95998,1884.6,3835,3093,1056,9993,74505,39922,15894
2002,9,21,2754,1137,62065,51011,58453,1884.6,576,4764,1366,8662,70293,17585,33791
2002,9,22,95284,66047,63060,32496,32839,1884.6,3113,4110,1558,9398,74407,46379,22630
2002,9,23,12383,19596,4474,59258,55941,1884.6,4180,3693,1467,5006,19416,19706,28979
2002,9,24,61387,61633,74684,41721,21894,1884.6,657,3529,2374,8716,82376,26565,11329
2002,9,25,27698,75490,50676,28081,21979,1884.6,811,4360,1030,5284,93617,33322,41436
2002,9,26,40616,59150,92016,37083,86746,1884.6,3353,3131,4703,9388,12416,17948,18072
2002,9,27,60718,98213,67830,4444,36930,1884.6,1008,1966,1398,8036,18126,47672,1718
2002,9,28,89472,66223,98385,66854,11507,1884.6,730,3473,2503,8542,11120,20601,8355
2002,9,29,26614,30261,35085,22669,29650,1884.6,617,1494,4500,8446,11161,42781,41289
2002,9,30,58653,8523,73761,699,56559,1884.6,4723,2381,1598,9459,29234,43251,49171
2002,10,1,45762,61725,71670,54304,83633,2832.68,2269,3892,3706,9937,43541,34994,8623
2002,10,2,76907,50260,90848,85354,61422,2832.68,724,1295,3740,7407,42853,39263,49981
2002,10,3,58483,5235,71008,37943,50821,2832.68,2107,1581,2335,8822,67236,25967,14259
2002,10,4,88751,64506,56212,82458,84444,2832.68,3803,1349,1364,9310,63054,44137,16106
2002,10,5,24632,39764,30433,14724,33524,2832.68,686,2005,4871,5414,46299,45691,39638
2002,10,6,71957,88408,58625,14292,34888,2832.68,1610,3638,1494,5654,22447,41161,25862
2002,10,7,28928,56251,52512,11644,97254,2832.68,781,3236,1681,5140,52959,21556,31918
2002,10,8,92204,73299,13562,3427,80997,2832.68,4118,2952,4620,8198,83596,49507,9862
2002,10,9,49956,40207,39498,56675,69381,2832.68,2835,3307,4547,6698,26303,31800,11945
2002,10,10,64969,82085,70037,53002,1002,2832.68,4557,3204,3997,8118,96631,19996,39348
2002,10,11,64332,62102,79299,45304,86196,2832.68,4811,2503,3100,5350,25529,22481,12895
2002,10,12,62606,73365,87141,97153,6416,2832.68,618,1383,1879,6798,40736,12881,13444
2002,10,13,71040,15294,22438,16390,19764,2832.68,2734,1818,2521,8158,45750,33717,19069
2002,10,14,84927,6914,52573,4380,7575,2832.68,3212,1502,2817,6704,83683,24232,28102
2002,10,15,10149,28988,61968,38380,60680,2832.68,2612,3070,4348,7670,64459,20464,19056
2002,10,16,25471,7195,70912,22993,45579,2832.68,3061,1020,3575,5633,51236,31149,16662
2002,10,17,53735,44449,17681,21552,41153,2832.68,2136,2652,3054,7430,22384,23733,17716
2002,10,18,9512,89997,88156,60212,96399,2832.68,675,1869,1161,6374,44861,21739,18968
2002,10,19,18249,67923,68597,58176,59908,2832.68,676,3641,1274,9708,51544,38137,36185
2002,10,20,57424,80033,22142,20478,70489,2832.68,562,1351,1758,8717,56562,13624,44526
2002,10,21,34037,87239,85494,10198,88825,2832.68,3289,3424,1970,6484,97951,40887,46707
2002,10,22,69423,3628,4529,66407,59688,2832.68,4543,2110,2457,6084,53939,39297,22426
2002,10,23,3915,14502,35649,71141,79572,2832.68,4765,4959,1612,8566,40157,15782,42212
2002,10,24,83318,4799,24403,14298,38036,2832.68,770,3809,3685,9713,90216,18372,38706
2002,10,25,98491,11112,35484,50949,54149,2832.68,500,4415,1628,9014,45555,32551,5775
2002,10,26,34458,80321,62511,46611,16932,2832.68,2587,1022,3817,8341,14545,28205,19020
2002,10,27,27048,19731,2015,85733,45797,2832.68,4104,4286,4694,5939,11586,40194,8583
2002,10,28,61715,18185,80962,14695,60431,2832.68,2245,1239,3189,9755,57849,12954,26518
2002,10,29,28776,21789,56721,68945,10131,2832.68,3501,2177,3700,5516,39261,19496,37619
2002,10,30,90451,59718,30136,10145,15658,2832.68,1691,3723,1257,7652,24769,36687,41722
2002,10,31,40522,72015,64279,63712,98122,2832.68,762,3248,1102,6522,28545,20398,22128
2002,11,1,92047,23928,4575,57563,63189,2695.8,4365,2905,1126,9028,54914,28631,40424
2002,11,2,7553,64990,54890,21558,89759,2695.8,2078,3124,2207,5789,76246,10686,7929
2002,11,3,62326,35847,70955,55582,64392,2695.8,2807,1438,1146,7381,30352,44819,41353
2002,11,4,47805,94718,84078,84715,85580,2695.8,3346,3131,1362,9184,14688,10091,38992
2002,11,5,42516,93120,88217,31075,18909,2695.8,1761,2585,1660,5440,69518,31052,30815
2002,11,6,70421,22326,37491,52052,79708,2695.8,3223,3863,2560,7300,28578,48139,17843
2002,11,7,52644,8277,57623,72977,42864,2695.8,4420,1730,1782,7636,32805,11190,38664
2002,11,8,84803,90919,14629,1463,19986,2695.8,2514,1650,1472,6356,58809,10154,34147
2002,11,9,4200,72033,46395,83112,85685,2695.8,1250,3327,4600,5224,27656,17640,41325
2002,11,10,93888,27077,76899,75670,31065,2695.8,2712,1742,1973,7340,33680,36958,26056
2002,11,11,91487,16196,43717,14311,52552,2695.8,1841,3102,1828,9588,56213,42945,18878
2002,11,12,70913,3816,47625,86866,9041,2695.8,2032,2927,3708,8930,78597,16124,25281
2002,11,13,64986,71310,98343,81959,95002,2695.8,548,1487,4570,8985,17150,17121,32024
2002,11,14,97863,33992,6577,5124,13580,2695.8,4420,4492,2957,8206,87709,41997,12790
2002,11,15,53678,49742,11277,88738,88673,2695.8,1214,1206,3886,9556,68320,38887,6226
2002,11,16,1580,3590,91728,66150,98927,2695.8,4623,3140,4220,5112,34615,22800,8878
2002,11,17,1693,49036,73645,84650,27432,2695.8,2998,2460,2446,8560,86198,32470,11354
2002,11,18,26853,57413,2481,20740,43321,2695.8,978,4900,2093,7705,27401,12048,37153
2002,11,19,42935,43377,35512,2156,65928,2695.8,1307,2620,1036,5242,68621,29296,20127
2002,11,20,59009,61621,76758,86455,82248,2695.8,3925,4099,3071,7757,29838,46391,29308
2002,11,21,41262,72170,57644,48355,6227,2695.8,4373,4161,1125,9884,67668,43405,1398
2002,11,22,76363,75328,27378,11876,56631,2695.8,2523,1286,2618,8570,16806,12444,45999
2002,11,23,63588,37370,65318,33011,91479,2695.8,4402,2739,3676,6804,81093,12520,11508
2002,11,24,21147,51819,55417,82273,41703,2695.8,677,4416,4763,6118,62643,37745,39437
2002,11,25,49053,70168,3384,23024,54448,2695.8,4240,4387,4197,7342,67397,17027,21828
2002,11,26,88770,13152,99768,72446,32902,2695.8,982,4047,2679,7638,36319,40733,30861
2002,11,27,6257,78349,25151,37372,31403,2695.8,998,1807,4312,9712,36182,28760,37794
2002,11,28,66680,31775,79500,25877,92685,2695.8,4255,1453,2752,9022,70250,25653,13249
2002,11,29,6236,65304,79701,55267,32124,2695.8,999,4732,1450,7501,16920,16960,32373
2002,11,30,91648,33573,55283,65960,78424,2695.8,1071,1454,3238,9270,14758,32274,41465
2002,12,1,12939,30080,62924,21961,16683,2263.58,3195,3337,4628,6932,46812,17000,38577
2002,12,2,45814,1545,44074,33315,10001,2263.58,1313,4924,2830,7260,54699,15646,2549
2002,12,3,34697,16155,5237,41620,19837,2263.58,1790,4126,3942,9436,71087,16976,3864
2002,12,4,63290,15635,15314,47918,15449,2263.58,1270,2613,1014,5343,27279,12758,12127
2002,12,5,27892,68594,66299,2074,92219,2263.58,2719,3266,4856,9307,84885,12098,37351
2002,12,6,43171,96676,55172,27114,71389,2263.58,892,1029,4596,5755,15299,40044,42611
2002,12,7,54234,96570,84010,34256,38265,2263.58,1982,1155,1234,9632,84580,19246,11290
2002,12,8,76983,52300,48071,46839,41607,2263.58,4235,1129,1976,8822,28242,33724,32957
2002,12,9,67017,5036,84754,57965,80791,2263.58,4361,1375,2973,8370,85631,17589,16405
2002,12,10,59660,58966,50097,72246,98598,2263.58,2049,1170,3327,5120,38770,11286,34677
2002,12,11,74429,8006,62416,20412,48764,2263.58,4135,2131,1394,5241,90096,42835,40658
2002,12,12,71646,54458,44211,972,2828,2263.58,3560,3839,1334,8657,51084,20108,46194
2002,12,13,69686,44487,12041,73014,69607,2263.58,4299,1574,1414,6714,80797,23931,1632
2002,12,14,3724,51286,56064,15768,22879,2263.58,4954,4523,1242,9165,11846,19795,46160
2002,12,15,31711,96760,98635,53222,31769,2263.58,3329,1453,1124,5369,74466,46515,16072
2002,12,16,52532,25118,56902,44052,21832,2263.58,4335,1118,1370,6518,57674,28213,4051
2002,12,17,2910,82629,39090,19878,51794,2263.58,4672,4856,4046,9328,69429,45814,17288
2002,12,18,20731,59111,13621,47640,60832,2263.58,4154,3362,4556,8510,73766,11166,4439
2002,12,19,55106,58102,93295,76794,98500,2263.58,502,2760,3596,7302,53989,35390,1948
2002,12,20,44088,93662,1599,24486,64673,2263.58,1652,1754,1166,9014,49393,40968,21028
2002,12,21,54711,93548,20683,84267,94603,2263.58,654,1060,2549,8948,42853,17400,44449
2002,12,22,79917,64212,85161,29865,24660,2263.58,1606,1718,4163,6418,19176,30187,39150
2002,12,23,20584,46236,31943,50721,96508,2263.58,3040,1218,4883,8723,51836,35837,31336
2002,12,24,89524,87491,51898,42074,32791,2263.58,825,4058,3962,7338,58923,49973,44751
2002,12,25,82840,6882,85072,48355,40087,2263.58,3542,1348,2242,7894,27742,15026,11007
2002,12,26,8172,2135,21320,99407,97210,2263.58,1006,1733,1998,6996,45158,26141,23157
2002,12,27,64597,70984,71552,39911,14674,2263.58,4883,2513,3708,5254,45867,10146,46827
2002,12,28,52313,24410,70816,25907,51246,2263.58,1008,4417,2044,7327,58823,14253,14910
2002,12,29,6836,60420,17339,187,30266,2263.58,2679,4861,4832,8470,51123,14505,12497
2002,12,30,77410,7359,62019,31118,65017,2263.58,1263,2328,3647,8430,59587,16245,24239
2002,12,31,59693,55596,75663,93089,72923,2263.58,2341,1110,2609,9370,96296,15758,1686
2003,1,1,38976,69088,53361,69558,36563,1825.74,1966,3920,2588,8880,17882,36826,34219
2003,1,2,52051,42617,1827,96834,2204,1825.74,1525,2798,1510,9613,47073,27274,18072
2003,1,3,73307,43184,4884,14339,55832,1825.74,2867,1158,4548,7579,80715,17910,29110
2003,1,4,21798,44035,45031,50739,38470,1825.74,2564,1050,2935,9390,87353,15138,20319
2003,1,5,23814,60231,89290,50251,9844,1825.74,2525,4501,1804,8760,13840,13894,36363
2003,1,6,44223,48060,62887,25123,35639,1825.74,1233,3788,3987,7615,24526,17628,9954
2003,1,7,74287,28443,65682,87222,17834,1825.74,3711,2998,4616,8000,16508,11632,19387
2003,1,8,44363,52127,55313,40260,887,1825.74,3339,1460,2211,7577,86583,19202,19153
2003,1,9,47532,29169,42991,67871,33136,1825.74,3031,2421,2310,8712,10994,46495,33869
2003,1,10,78099,29707,4495,7715,37707,1825.74,3525,2069,1221,5190,38680,48459,29096
2003,1,11,4343,63373,76273,37907,50950,1825.74,3460,4832,3375,6450,82703,41510,12856
2003,1,12,66671,25735,65285,78981,50800,1825.74,962,3897,1978,6322,52964,43691,26279
2003,1,13,75418,32842,42113,72991,68032,1825.74,2801,3726,1042,8156,42984,27818,47145
2003,1,14,43281,66445,42651,51656,49247,1825.74,4518,1842,3792,9302,94896,34591,41706
2003,1,15,83785,36725,79841,89770,83047,1825.74,4812,4815,1998,8276,64157,19958,32805
2003,1,16,21773,68312,55108,82290,32385,1825.74,1459,2017,1784,9109,60024,30133,48092
2003,1,17,10816,85895,46050,94608,77049,1825.74,550,1676,4022,5390,66954,43421,7299
2003,1,18,74548,33119,68237,56546,41395,1825.74,2926,3166,2057,8034,61807,15793,48747
2003,1,19,92478,88267,57811,73366,57377,1825.74,4850,4543,1446,5900,95502,13482,34188
2003,1,20,23199,57405,90668,33573,82795,1825.74,1993,2341,2091,6358,30238,48485,7622
2003,1,21,60329,53166,28004,93738,31200,1825.74,4530,1206,4429,7396,29745,18157,39812
2003,1,22,67881,49597,52701,4314,15497,1825.74,2795,1782,1958,9638,19910,21105,14555
2003,1,23,82436,31965,94799,89527,59899,1825.74,4363,1878,3202,9498,30315,25753,25038
2003,1,24,88531,89846,82134,99312,39891,1825.74,2469,4122,1475,6521,28436,26971,11880
2003,1,25,1077,62584,48370,39387,87399,1825.74,992,1185,1655,5290,92064,11553,3340
2003,1,26,96680,46428,98132,91234,45147,1825.74,1986,1206,4644,9119,49340,24534,28447
2003,1,27,10999,16810,98658,72474,53331,1825.74,796,1526,4676,8422,26497,43426,27094
2003,1,28,83858,3341,79613,85513,74983,1825.74,3418,1661,3103,6226,62894,29602,21677
2003,1,29,89997,96233,29631,24641,95353,1825.74,4174,2702,2131,8376,11528,31814,28971
2003,1,30,57629,93677,68925,63658,24195,1825.74,2083,4403,3762,6695,26267,23744,45422
2003,1,31,8372,89686,61759,42828,51236,1825.74,2429,1231,2237,8411,82223,48941,24653
2003,2,1,81398,71644,92218,11934,99524,2276.21,4561,3200,4308,6446,33746,18946,24032
2003,2,2,6655,58150,69844,43350,84417,2276.21,3073,1846,3050,7252,41689,29054,9941
2003,2,3,66034,82921,16292,34445,65144,2276.21,4530,2892,3228,6748,91177,11034,15233
2003,2,4,97132,60740,62304,56440,10310,2276.21,1169,3315,1110,7364,76665,21319,12402
2003,2,5,73657,61091,78126,11707,88343,2276.21,761,4375,4086,7052,10352,18902,19815
2003,2,6,72286,19703,79826,41866,42803,2276.21,4616,4933,3094,6554,96373,24755,21004
2003,2,7,85674,23895,8072,72577,37611,2276.21,504,1267,2178,8372,39325,16872,1089
2003,2,8,58187,30087,37600,93625,53492,2276.21,4205,2128,1478,8070,83993,37978,9123
2003,2,9,45034,94962,77913,93128,68234,2276.21,2883,3907,4531,9254,42835,17198,40638
2003,2,10,93395,3083,63409,71925,57807,2276.21,3796,2344,4172,5504,25968,10682,2735
2003,2,11,51870,20174,61144,47047,94204,2276.21,1376,1188,1718,9288,48716,24683,45137
2003,2,12,86278,32952,94943,809,25258,2276.21,2950,1654,2211,5430,13864,15017,37778
2003,2,13,51797,62076,47362,17322,71175,2276.21,1336,3044,4854,7480,86442,16262,23330
2003,2,14,58969,87819,59648,99067,83460,2276.21,886,4736,4019,5044,86897,15628,24716
2003,2,15,89175,56200,50633,46386,5262,2276.21,2755,2058,1984,5902,90731,14332,23912
2003,2,16,31151,27068,46558,41005,24548,2276.21,1414,3516,3522,8558,98934,36981,49352
2003,2,17,62130,55389,23070,36149,90434,2276.21,3128,4607,2517,8760,42344,37779,26319
2003,2,18,9025,20100,61190,45012,61569,2276.21,3524,2718,1386,5766,50074,36239,18273
2003,2,19,80786,11490,36108,34308,48903,2276.21,2640,1031,1750,7062,63531,47215,35042
2003,2,20,53381,31661,76823,52251,66773,2276.21,1381,1602,1246,7570,37159,33538,35519
2003,2,21,85843,5685,26257,97534,53471,2276.21,3772,4255,4171,9879,84915,12326,26331
2003,2,22,21274,72556,64106,28056,15970,2276.21,550,4350,1308,8444,21600,42421,27638
2003,2,23,53963,94334,18219,25933,11904,2276.21,4470,4097,2413,8342,27982,30883,5378
2003,2,24,94762,61756,81492,98933,47987,2276.21,2006,4259,1665,9886,97314,37635,32759
2003,2,25,60102,38937,73338,52103,73733,2276.21,4523,4047,1254,9093,69979,33877,11290
2003,2,26,824,45803,47975,78237,47881,2276.21,954,2641,4063,6640,57926,16470,42309
2003,2,27,6074,9933,87662,94091,42397,2276.21,1725,3849,1616,5062,70951,30349,1329
2003,2,28,66352,81828,74397,71974,10921,2276.21,850,1743,1529,5942,12674,20762,10728
2003,3,1,48157,29756,32901,87824,87682,2015.65,506,3966,3964,8686,56362,40292,34951
2003,3,2,86065,91565,96909,57479,78868,2015.65,3830,1398,4357,8650,87967,45085,43610
2003,3,3,18007,16063,17967,4535,22395,2015.65,2019,1902,4836,9920,74725,38869,5081
2003,3,4,51223,84974,52836,90187,89313,2015.65,1830,1728,3466,6454,49206,12333,25551
2003,3,5,3701,89389,73029,38059,1545,2015.65,4495,4550,2057,7636,24084,15804,10996
2003,3,6,5247,7457,2707,40083,23729,2015.65,616,4950,1894,8139,81489,12518,43785
2003,3,7,90042,44672,92502,23508,4763,2015.65,840,3463,2448,5220,62873,48992,8061
2003,3,8,2568,28721,84895,95978,28886,2015.65,1781,4131,2787,6782,90565,13040,25332
2003,3,9,40976,85870,47818,36086,50361,2015.65,1858,1634,1350,5712,63908,45092,45659
2003,3,10,3773,16101,19908,51221,57674,2015.65,1565,1990,2852,5866,56217,13486,32781
2003,3,11,26791,84351,90870,75930,31543,2015.65,3796,2517,3656,6614,24954,34016,31436
2003,3,12,58625,61814,74418,48955,23878,2015.65,4047,2649,2129,7918,95221,44802,4678
2003,3,13,63088,11787,5044,7292,29599,2015.65,4029,2740,3315,5034,48670,19724,27613
2003,3,14,69039,13819,98727,52695,26785,2015.65,1710,1666,3198,7479,34363,42075,40034
2003,3,15,48509,78411,86077,35638,58718,2015.65,1792,1804,4436,7370,45447,39034,31298
2003,3,16,95800,9478,11775,90467,97081,2015.65,1675,2470,1240,5402,35164,17399,26797
2003,3,17,71788,38227,2809,89986,32058,2015.65,2060,1140,1934,8136,32554,14016,3525
2003,3,18,15786,29347,28808,25222,47534,2015.65,607,3333,1494,8734,33799,13516,40608
2003,3,19,85531,66828,95987,92498,82230,2015.65,1249,1502,1466,5409,60353,17785,31151
2003,3,20,98934,8766,14703,47221,26902,2015.65,4223,4038,1603,9383,84260,24136,47257
2003,3,21,89991,81220,83822,6427,89954,2015.65,4942,1966,1610,5928,84333,49381,33974
2003,3,22,63431,26935,69750,65511,72345,2015.65,4647,2629,1822,8708,34849,48472,46455
2003,3,23,61606,89074,57511,54561,4809,2015.65,3697,4798,4342,8870,19734,29295,8123
2003,3,24,12844,37519,21132,29996,53447,2015.65,4376,3228,3751,5477,98738,21095,5466
2003,3,25,61932,98386,8726,17151,29087,2015.65,622,1392,3999,9485,45252,15258,43575
2003,3,26,47608,40302,64958,86950,19172,2015.65,2597,3367,3699,7466,78362,23497,16182
2003,3,27,75546,24092,23078,24298,39569,2015.65,1744,2852,2904,7654,51354,31990,38168
2003,3,28,30397,66978,89035,95748,72815,2015.65,4555,1714,1888,9034,23723,26462,34287
2003,3,29,97047,72673,74830,17098,26401,2015.65,595,3298,4987,8694,58947,49555,19545
2003,3,30,68193,20692,83760,21097,7514,2015.65,3087,4261,3443,8514,50008,41257,35115
2003,3,31,42760,15916,28031,33699,46781,2015.65,670,1494,1564,5398,77275,33530,18106
2003,4,1,84223,18181,47226,14248,77128,2482.87,3791,4170,1892,9887,38035,32006,46781
2003,4,2,39327,8649,50450,47800,75010,2482.87,558,2276,1088,9878,54056,16806,8059
2003,4,3,17122,30587,94972,84816,24215,2482.87,2053,3436,3033,9278,39035,13034,44854
2003,4,4,82411,54179,20684,79303,74067,2482.87,2660,4744,3719,8109,77544,17466,25071
2003,4,5,52520,84455,66005,38609,41416,2482.87,4154,3536,1999,7782,59703,15140,36414
2003,4,6,15332,81757,32355,28365,67387,2482.87,1229,4796,1920,7678,45451,15986,37742
2003,4,7,63335,73112,45731,47054,67574,2482.87,781,1622,4081,8138,75052,15496,39627
2003,4,8,40904,84207,40385,24255,4685,2482.87,1820,1367,3195,8358,81083,15581,1558
2003,4,9,51916,32313,31730,93836,20577,2482.87,1173,3911,1644,8256,30964,18518,43533
2003,4,10,27883,53099,70662,51964,57589,2482.87,3811,3491,1272,8902,22745,17308,12067
2003,4,11,90635,54566,20028,5182,35092,2482.87,2114,2007,4775,5196,97194,20352,1112
2003,4,12,28729,23369,54264,95373,11625,2482.87,2293,1726,1029,9307,24174,28617,1580
2003,4,13,11374,57986,27109,73998,48534,2482.87,1306,1048,1552,7685,77053,22215,16207
2003,4,14,78797,64168,59223,28573,99364,2482.87,562,4444,1136,9539,56168,24112,22769
2003,4,15,87471,18463,79972,58501,67770,2482.87,2117,4142,3482,9398,53139,43367,4146
2003,4,16,96785,10798,98888,33908,88484,2482.87,1122,3631,1459,5344,28555,22175,25941
2003,4,17,38114,43832,16620,50602,29723,2482.87,1066,2193,1249,8366,92045,18046,22788
2003,4,18,91535,79163,54513,86369,26093,2482.87,4736,2876,4801,8623,56784,39636,24005
2003,4,19,20916,62907,39621,77375,44604,2482.87,901,4068,4711,5050,66021,24433,34528
2003,4,20,71661,57088,7979,62910,44477,2482.87,3280,2362,1086,5594,38731,21630,1078
2003,4,21,16797,68468,60860,67951,13443,2482.87,3938,4357,1901,9910,28083,41504,17644
2003,4,22,64439,10338,56925,9150,92858,2482.87,4934,4517,1366,8540,43779,40862,22947
2003,4,23,40641,98412,93225,36179,91204,2482.87,4161,4352,1774,5020,17318,30216,31956
2003,4,24,69016,48945,80926,65917,28856,2482.87,3773,3293,1406,5646,18794,28555,25362
2003,4,25,3644,18729,9426,30,42994,2482.87,891,3634,2967,8240,36164,25522,19557
2003,4,26,82424,10326,16227,99198,61698,2482.87,4414,2064,1486,6691,12981,19032,24881
2003,4,27,52053,53107,28678,87751,33804,2482.87,2658,3799,1199,8435,70180,25545,47472
2003,4,28,27992,11072,25532,95959,61539,2482.87,1480,3961,3373,7707,59511,16422,11696
2003,4,29,28940,88926,13488,19117,15617,2482.87,3148,4021,1862,6364,71771,29729,26469
2003,4,30,30649,4430,99881,13201,62865,2482.87,846,1720,2483,5094,12690,25374,20061
2003,5,1,74647,35688,47049,78706,95199,1365.26,2644,1930,1958,6236,32444,19778,13472
2003,5,2,97614,16466,65705,80792,88237,1365.26,2791,4018,1666,7998,88234,48078,11786
2003,5,3,96089,95443,95563,93069,98608,1365.26,794,4605,2975,9790,84662,34526,37289
2003,5,4,12264,8660,35002,39222,51773,1365.26,3999,4385,1078,8510,46528,19434,33798
2003,5,5,2842,74321,13870,14508,15312,1365.26,3937,2752,3897,6878,20820,12505,2104
2003,5,6,28140,72565,18463,67468,71358,1365.26,1993,3620,1784,6702,39194,13556,3126
2003,5,7,37145,64546,29294,53759,55602,1365.26,3609,4794,1494,9942,11316,48157,25823
2003,5,8,90935,34591,42262,4832,75443,1365.26,3688,3581,1998,8634,87400,39707,13083
2003,5,9,55277,5746,39681,83413,59093,1365.26,3320,2588,4771,8965,66346,31724,28875
2003,5,10,84788,41309,6519,67634,13787,1365.26,791,1072,1762,8052,25904,38556,12172
2003,5,11,87487,59593,42138,39486,28096,1365.26,544,3371,1635,5224,83135,27079,45891
2003,5,12,30451,46456,56020,90223,55422,1365.26,1946,1560,1142,8465,24194,10164,38719
2003,5,13,56989,6338,31238,3751,14390,1365.26,3658,3228,4437,7148,74065,27533,23494
2003,5,14,63039,69610,77257,14674,4835,1365.26,3105,1166,1847,8258,41858,28620,10393
2003,5,15,69195,63806,35182,49221,8623,1365.26,737,1230,2064,6974,85713,12805,25728
2003,5,16,96820,44372,31034,46257,61520,1365.26,3789,1828,4708,8438,71935,45894,5099
2003,5,17,61439,30041,47531,84638,60517,1365.26,3258,4711,4546,8439,95283,44520,39390
2003,5,18,74167,71021,76483,56231,94347,1365.26,4035,1165,2919,6421,37422,12790,12196
2003,5,19,21520,61212,58053,96228,78610,1365.26,3473,1814,1174,6004,24685,36895,29988
2003,5,20,61746,87944,82959,31292,2735,1365.26,811,1900,1238,8645,49482,26313,44595
2003,5,21,80842,34870,67479,20113,51291,1365.26,2254,4162,3816,5306,85389,27425,21253
2003,5,22,25294,10216,33826,1673,66220,1365.26,4920,2964,2805,7878,75607,15539,8511
2003,5,23,32473,17771,58792,14440,36416,1365.26,752,3608,1702,9174,70072,43489,24626
2003,5,24,12188,23680,32652,11004,18986,1365.26,4780,1272,4607,8605,78655,27178,34393
2003,5,25,97116,33576,71495,76273,87807,1365.26,3163,1142,1223,6622,51069,33991,13454
2003,5,26,74284,58174,83952,50131,32757,1365.26,3619,4943,4055,5254,72298,13040,20377
2003,5,27,77015,77079,90024,37975,15685,1365.26,638,4151,3606,6008,21776,12834,18680
2003,5,28,16453,79940,43044,97677,29599,1365.26,3019,3881,2286,8322,54011,11222,44113
2003,5,29,18699,63983,62690,12754,22957,1365.26,2146,4971,3417,8706,54297,44101,34988
2003,5,30,17201,35802,89606,35808,88801,1365.26,3571,1042,2672,6486,19281,37270,11382
2003,5,31,95728,67301,41153,64366,15623,1365.26,759,4321,1006,8448,63426,48454,11516
2003,6,1,5573,14778,8205,54095,85427,2659.57,2646,1228,4615,6916,10028,35996,18659
2003,6,2,98378,15282,10021,99992,34563,2659.57,2070,3214,4795,6435,33837,16310,47292
2003,6,3,58547,84511,8161,3347,47937,2659.57,3133,4861,2744,7690,23955,23171,6616
2003,6,4,92701,11602,44400,67316,51408,2659.57,4663,4784,1061,9683,66127,36975,20780
2003,6,5,43327,94551,55191,48122,70986,2659.57,784,1778,4889,8944,49230,16738,5380
2003,6,6,11912,48717,24039,49657,72759,2659.57,4179,1862,2299,9930,49125,43706,14346
2003,6,7,20710,18789,9843,6771,14824,2659.57,3746,4502,1048,5288,38975,15724,25970
2003,6,8,20668,19760,20094,26909,8705,2659.57,1085,1240,1496,5934,86623,23501,35676
2003,6,9,85822,75803,5312,78121,25733,2659.57,3178,1442,4576,8020,69564,20752,4437
2003,6,10,40343,29663,95255,27214,44951,2659.57,1422,1244,1394,6090,17764,29045,34230
2003,6,11,23544,6316,16013,74287,27792,2659.57,2788,4964,4790,9451,24437,36875,18989
2003,6,12,73889,78968,99670,79817,43341,2659.57,568,3682,1022,8726,27247,10198,35586
2003,6,13,62757,45023,42169,33098,66538,2659.57,3494,1430,3712,6934,64367,12094,17398
2003,6,14,79847,78508,47821,90990,97959,2659.57,2864,3198,2576,7780,68015,10916,38610
2003,6,15,29471,84936,10951,44719,13463,2659.57,1269,1218,3220,9789,18640,16109,38199
2003,6,16,47187,54162,72543,20900,15020,2659.57,3754,4866,1768,5862,85855,46078,3262
2003,6,17,91536,30072,34278,59113,73957,2659.57,1380,4778,3579,7331,64497,33393,18645
2003,6,18,51882,2119,9612,35102,98260,2659.57,2562,1810,4439,7286,82696,17866,35279
2003,6,19,59718,37804,99326,91486,57082,2659.57,3916,3617,1603,8193,24081,21911,1533
2003,6,20,6838,10462,41690,26769,7793,2659.57,678,1025,4656,6125,11126,22915,22539
2003,6,21,21405,45042,84714,10844,51498,2659.57,1654,1215,1564,7331,10830,44998,33762
2003,6,22,48864,72969,43616,80467,61162,2659.57,3729,4350,4509,6854,27471,18654,34049
2003,6,23,82958,3986,94680,23967,90111,2659.57,1881,2866,3551,7946,55062,35048,22159
2003,6,24,31709,86717,46264,69625,50401,2659.57,4622,4263,3284,9188,96082,49446,15317
2003,6,25,8638,14812,149,19500,75231,2659.57,4505,4540,2956,9184,98506,17706,27620
2003,6,26,87695,61740,82286,71246,9687,2659.57,1294,2746,1694,5124,27370,40816,37348
2003,6,27,34226,91994,6432,72511,32935,2659.57,3308,1572,3677,8456,61071,25259,2514
2003,6,28,32429,15577,99800,80385,81113,2659.57,4803,1342,1750,6892,56404,36083,48306
2003,6,29,87141,79051,43830,43909,47961,2659.57,1076,2185,4544,7508,71047,12479,21200
2003,6,30,76374,59356,54052,10051,64165,2659.57,630,1592,3402,5874,93328,44514,31475
2003,7,1,44485,29674,26165,77926,2431,1605.39,590,1480,1076,8974,45792,27275,12248
2003,7,2,60051,27979,23173,33911,99026,1605.39,1636,4733,1054,6686,38897,15550,35652
2003,7,3,88349,35490,17283,39811,45170,1605.39,929,4653,4174,8402,67578,42956,28149
2003,7,4,44341,48997,24437,417,57971,1605.39,4043,4372,4559,7144,84635,29936,20230
2003,7,5,19219,11272,4670,41625,64310,1605.39,1856,2658,1658,9138,17650,40577,43567
2003,7,6,23640,14750,30231,64166,63195,1605.39,2121,2534,3157,6258,24302,37479,14162
2003,7,7,18139,84698,71852,49050,68266,1605.39,3986,3835,4109,8694,45460,48419,22839
2003,7,8,43575,57317,17430,38982,2808,1605.39,910,2798,2350,6141,13936,20544,42602
2003,7,9,40303,14085,44431,3460,61994,1605.39,938,1484,4781,9141,45533,38046,18733
2003,7,10,1981,40872,41883,2442,40880,1605.39,2212,1620,1010,9292,56138,30169,3695
2003,7,11,27243,52050,39320,945,78191,1605.39,2840,4844,1494,9110,54655,38712,46283
2003,7,12,67355,11946,35197,37137,57439,1605.39,1534,1550,4305,6842,78212,45184,47082
2003,7,13,37111,45425,12342,14474,46419,1605.39,994,1398,1066,5174,90957,15070,18480
2003,7,14,96597,45150,66267,73316,27421,1605.39,2027,1126,4218,7160,64614,13324,20922
2003,7,15,60657,56150,82428,14962,89566,1605.39,1497,3028,2416,8838,57501,35186,10640
2003,7,16,23671,84848,75199,60551,35162,1605.39,621,3110,4009,8239,21425,21429,32508
2003,7,17,95514,49805,98908,44732,13380,1605.39,1388,1578,4671,7642,10708,25588,13523
2003,7,18,10808,48199,68617,49576,3390,1605.39,1113,2059,2317,6312,87609,12478,42470
2003,7,19,25172,79583,26941,69181,54175,1605.39,1961,4687,3169,8914,94418,27900,48366
2003,7,20,35744,45808,18289,71767,95976,1605.39,2354,3134,3187,9322,89062,41576,39990
2003,7,21,24793,40176,34988,68462,66488,1605.39,2292,3011,4883,8474,93543,39057,38950
2003,7,22,22599,66858,38745,37120,39079,1605.39,950,1173,1318,9660,62939,15308,49516
2003,7,23,39650,76646,30784,27837,75321,1605.39,765,1958,1974,7104,84926,42860,19846
2003,7,24,42406,32219,67224,77290,6452,1605.39,2698,1634,3976,5802,82520,33054,27120
2003,7,25,87311,63893,90580,82633,63553,1605.39,1633,4553,1515,7546,63742,21836,19871
2003,7,26,89967,15860,38302,66340,2964,1605.39,551,1506,1814,5560,39010,28249,23228
2003,7,27,69895,21709,23651,30223,59504,1605.39,4628,1813,1415,6934,45797,16319,6171
2003,7,28,90078,52431,85874,52945,6200,1605.39,4780,1165,1926,9433,62504,34789,49616
2003,7,29,69014,88056,30159,40812,97183,1605.39,4060,3428,2229,5430,13650,16732,19169
2003,7,30,65233,43279,13547,51648,63486,1605.39,4319,4914,3126,6454,22859,34325,9344
2003,7,31,69808,13992,46843,51634,43426,1605.39,1422,2438,3753,5876,69601,10936,9347
2003,8,1,88662,94365,75683,47724,24368,2208.16,2955,2645,2313,7710,47483,31656,42416
2003,8,2,15275,33750,76135,51819,56609,2208.16,2977,1210,2301,9610,30377,32999,10460
2003,8,3,42385,59168,13106,25318,28769,2208.16,3771,2429,4757,9453,81504,18258,24042
2003,8,4,28221,10812,43123,534,91767,2208.16,3542,3392,1422,9362,75210,13667,6958
2003,8,5,35137,29540,84268,8790,19150,2208.16,3141,1534,3811,5014,12842,10346,14645
2003,8,6,61640,96975,36361,96397,82781,2208.16,1873,1000,3675,5418,11534,36794,17865
2003,8,7,54657,60077,76539,11715,1105,2208.16,772,2592,2640,9648,61382,33142,18102
2003,8,8,40645,85876,11029,14456,7122,2208.16,3386,1942,1206,9746,97860,43986,14232
2003,8,9,3963,86086,4987,48991,17433,2208.16,2136,3440,4300,5026,10550,10405,32873
2003,8,10,63128,25537,62998,77121,51538,2208.16,534,2181,1606,5190,22989,11382,40732
2003,8,11,35522,56376,35192,63080,42475,2208.16,3417,2788,1986,8404,28130,19274,33053
2003,8,12,27629,30267,57715,36930,25294,2208.16,3686,4772,1110,6683,81892,17647,24222
2003,8,13,67416,8507,76181,10374,46149,2208.16,1805,1670,1897,8014,61101,30723,49170
2003,8,14,61401,34520,9864,13243,29276,2208.16,2516,1903,4612,7670,10184,19820,37995
2003,8,15,30805,73871,31031,46915,16907,2208.16,913,1356,2781,7093,11046,33929,29275
2003,8,16,22616,4204,81952,10865,16201,2208.16,2939,3952,3924,7802,23546,23199,43054
2003,8,17,22149,6063,96455,6762,62646,2208.16,3018,3449,1861,8106,56715,30119,22992
2003,8,18,93324,87629,30793,47457,94722,2208.16,1385,3688,2394,6684,60904,44946,8192
2003,8,19,72743,18844,5252,66667,86647,2208.16,1217,1238,4860,5352,31907,13857,28798
2003,8,20,42015,64927,7307,55229,45327,2208.16,704,1398,3001,6140,19726,12722,14022
2003,8,21,90684,33844,12764,53078,63533,2208.16,3024,2626,2511,6560,19292,45509,23668
2003,8,22,98425,41862,20656,49637,44533,2208.16,3493,2899,3841,7151,58127,45519,18916
2003,8,23,51173,43475,50522,19174,75967,2208.16,3248,1649,4525,7363,19727,49409,19331
2003,8,24,1031,67752,52036,9894,37379,2208.16,814,1614,4540,9670,14398,40425,37680
2003,8,25,11326,65285,93325,61519,52437,2208.16,2037,4960,4925,7830,39134,20892,1452
2003,8,26,9594,53735,37542,29119,81098,2208.16,3528,3479,2723,6915,16756,45101,23621
2003,8,27,84596,30128,47257,14136,88890,2208.16,912,1782,1376,8482,78084,33119,49048
2003,8,28,65688,51475,3081,76966,91737,2208.16,4209,1329,3652,8102,46800,19508,8567
2003,8,29,91724,91681,24581,49447,88596,2208.16,900,3190,1580,9026,14742,34674,49306
2003,8,30,89908,24591,1242,20591,38828,2208.16,3710,1742,2151,6294,14183,38888,45678
2003,8,31,81709,78393,56570,10361,96496,2208.16,1461,3218,1878,8398,54016,49997,3370
2003,9,1,14917,73188,22485,55777,93218,1780.27,683,2808,1103,6274,72987,36781,23511
2003,9,2,86337,93854,285,9479,24390,1780.27,1186,2781,3446,7898,15628,31815,5525
2003,9,3,54360,20199,43218,31753,74216,1780.27,4803,1962,2753,7287,61260,25971,43215
2003,9,4,37151,6944,60132,94606,89570,1780.27,2738,1820,3323,8023,85383,17712,33119
2003,9,5,19900,76570,86847,48346,10820,1780.27,1513,1494,2673,9730,13283,13240,2475
2003,9,6,99297,88087,18724,48402,1727,1780.27,4372,1894,4631,9016,49833,18410,46336
2003,9,7,83974,97573,85107,27298,61948,1780.27,1361,3198,3411,8207,46544,24230,20490
2003,9,8,17035,43058,55762,39708,99140,1780.27,4299,4787,3482,8758,63188,25208,19045
2003,9,9,711,37562,46789,20342,88417,1780.27,893,2390,1102,8062,16039,38845,46623
2003,9,10,17842,27401,87044,97605,41961,1780.27,1834,3994,4348,7904,15053,24839,49940
2003,9,11,29344,84353,39627,2827,88727,1780.27,4386,1586,1728,9470,42481,11496,2816
2003,9,12,54150,88376,50239,64696,35727,1780.27,4892,3567,1270,6584,67523,15990,16278
2003,9,13,23228,55711,27337,48928,99658,1780.27,3767,4001,1741,6796,48179,31819,42390
2003,9,14,32561,42566,37609,5641,83741,1780.27,2137,4241,4816,7375,18936,20543,30090
2003,9,15,6,5181,90463,10036,78469,1780.27,3377,3047,3696,5713,66974,29705,7987
2003,9,16,64455,57094,58707,7548,86840,1780.27,4366,4399,1616,6974,41392,15895,23238
2003,9,17,73417,8530,20138,58233,42257,1780.27,538,2261,1958,5590,68648,10862,5426
2003,9,18,59929,63378,89826,89977,85443,1780.27,4681,4896,1010,9490,73795,17084,23152
2003,9,19,17978,13163,52836,133,6489,1780.27,1028,1256,2756,5044,70841,11365,44228
2003,9,20,74295,65969,19979,51253,67911,1780.27,3030,2838,3356,5720,34166,20151,38628
2003,9,21,86008,53849,36400,32605,48589,1780.27,4688,2917,3357,5056,83050,46197,10196
2003,9,22,96752,49079,42455,15860,67948,1780.27,2224,2241,4263,7203,93494,13526,13296
2003,9,23,2183,32877,7717,70539,45733,1780.27,2041,3091,1472,6892,80695,10671,41884
2003,9,24,3637,30384,43589,43346,49259,1780.27,4542,1009,2068,8014,61869,10015,26639
2003,9,25,45292,55446,2258,40908,52649,1780.27,4433,1182,4979,8626,41721,14136,12104
2003,9,26,54033,15115,55155,66116,8556,1780.27,1786,2191,3936,6150,55536,48195,2202
2003,9,27,13366,45080,10557,5435,93428,1780.27,1801,3719,4223,6710,95978,13223,22426
2003,9,28,12514,412,84407,73846,12561,1780.27,908,2945,2593,9690,49060,16149,42480
2003,9,29,20969,92200,94693,19906,78927,1780.27,3100,2291,1660,8656,14077,21439,1910
2003,9,30,67435,95880,60159,11658,96290,1780.27,4880,1310,2899,9286,99000,14566,6137
2003,10,1,96261,84758,25712,65028,50170,2197.32,996,2368,1552,5901,21294,12562,41861
2003,10,2,74002,29939,81146,69010,44016,2197.32,1443,4894,4095,8914,36184,12742,2586
2003,10,3,89334,77692,24484,14972,76692,2197.32,3089,4303,2404,5152,54331,43926,42648
2003,10,4,33365,56680,36295,36269,62581,2197.32,4402,2933,3879,6899,21942,47894,23942
2003,10,5,5837,74739,4142,84933,39191,2197.32,2868,3523,4368,7351,59847,11059,40326
2003,10,6,36352,59289,16715,80108,84441,2197.32,4033,4156,4076,5398,70424,23008,37398
2003,10,7,622,76179,92294,4501,63079,2197.32,2394,3914,1334,6535,70198,44516,30589
2003,10,8,13213,23067,89393,47581,16771,2197.32,4991,3121,4879,8058,33228,25671,15592
2003,10,9,95456,23615,59828,39533,50295,2197.32,3892,1840,1430,9558,55415,35860,30252
2003,10,10,1775,24162,71127,7101,97050,2197.32,2968,1613,2095,7360,90546,13865,7678
2003,10,11,22952,65538,83339,64183,89948,2197.32,1205,1642,1533,6032,41287,13664,32920
2003,10,12,12637,20180,74095,35419,7718,2197.32,1278,4491,1014,8756,32943,33423,45862
2003,10,13,66434,17265,10038,79882,74625,2197.32,3746,3928,2472,6884,94462,22420,1178
2003,10,14,26357,669,74176,99242,66701,2197.32,2420,1386,1292,6514,31106,19432,15463
2003,10,15,58728,68737,85555,28750,93846,2197.32,2173,1630,2114,8562,56511,26738,18499
2003,10,16,39146,66611,57019,37970,60048,2197.32,788,2755,3501,9138,18348,12494,1482
2003,10,17,16379,40769,47243,68373,53635,2197.32,3083,2361,4789,7284,57462,23634,44701
2003,10,18,48488,85988,50265,602,24550,2197.32,3692,1782,4738,7062,18016,49785,6777
2003,10,19,68544,44758,68893,53397,45675,2197.32,4950,2052,4360,8798,30424,14346,37241
2003,10,20,46893,58508,43060,26682,88498,2197.32,1667,1984,2861,6932,53938,27410,1054
2003,10,21,90061,97631,23810,79799,31045,2197.32,935,1890,2934,9664,69336,48608,41826
2003,10,22,2068,74287,10662,62780,26479,2197.32,2125,4723,1900,6198,32756,17798,41086
2003,10,23,37058,65777,57779,39919,49061,2197.32,3681,1918,1406,7490,35270,13496,11717
2003,10,24,65668,97558,72684,68602,28737,2197.32,2210,2155,1306,8456,19878,18282,42020
2003,10,25,1661,87060,65212,17606,23596,2197.32,2047,1314,1686,6178,16923,29156,14321
2003,10,26,7895,605,84629,33594,24447,2197.32,1688,1465,1342,9371,91418,28895,36251
2003,10,27,37743,24981,26051,70401,69204,2197.32,4537,1738,4395,8870,19314,12990,35985
2003,10,28,25421,26870,39995,21869,39400,2197.32,1024,2293,3873,8046,97238,14671,6918
2003,10,29,4607,20279,21137,54766,99650,2197.32,3660,3744,3887,6062,24144,39443,28908
2003,10,30,12047,70034,10308,67794,81135,2197.32,2135,2906,3349,7130,44775,47748,15129
2003,10,31,60400,12152,61395,34274,64157,2197.32,3944,3762,1082,6433,39880,11264,24985
2003,11,1,89893,65009,85580,65956,89154,2046.33,4353,4186,1681,8618,56672,33162,25023
2003,11,2,25635,79580,57864,12765,40707,2046.33,3164,2857,3358,7588,17013,16694,5613
2003,11,3,89086,2129,3606,91871,58361,2046.33,3562,3252,1230,9142,14207,13950,31223
2003,11,4,50517,24914,77275,2199,3413,2046.33,730,4046,4877,6456,41811,20583,33947
2003,11,5,15188,31328,23442,64898,71469,2046.33,4592,1116,1174,6404,68776,33646,6807
2003,11,6,24420,92339,98252,37003,17833,2046.33,3737,3349,3723,6011,86899,14280,28811
2003,11,7,66311,72260,2535,96188,31835,2046.33,1771,3374,2024,6564,44623,13492,44346
2003,11,8,63371,34216,40398,38658,43766,2046.33,3655,4536,2864,6526,21538,35696,9174
2003,11,9,32070,76629,4046,2145,92640,2046.33,4280,3949,4555,7286,71489,27742,7297
2003,11,10,22512,38261,7469,30888,44825,2046.33,731,4546,1307,9094,79555,46424,2092
2003,11,11,76655,84564,30961,94519,87822,2046.33,1566,4890,1946,6964,22035,38118,18852
2003,11,12,74261,97668,13421,70169,75834,2046.33,4262,4696,4521,6950,45583,11302,1262
2003,11,13,90174,56315,41596,92833,23795,2046.33,4256,1800,1438,6569,27670,43535,21152
2003,11,14,55421,74238,29779,900,57554,2046.33,748,1813,2184,8789,18333,16044,18166
2003,11,15,70051,32596,72714,25924,70678,2046.33,2972,1712,2314,9146,70035,47460,34649
2003,11,16,22072,25645,64262,27786,12214,2046.33,2672,2633,3872,7614,68532,12860,8284
2003,11,17,51968,23902,4592,34152,9044,2046.33,3520,1810,1872,7585,37721,42549,22925
2003,11,18,32234,80694,19753,55900,81614,2046.33,3360,3684,1784,7956,47821,43997,39789
2003,11,19,92257,1847,11631,91130,85649,2046.33,3906,3968,1767,9708,17914,12162,46515
2003,11,20,7775,12993,73961,79647,10578,2046.33,3547,4163,3726,8300,31414,13394,11682
2003,11,21,64441,34775,10377,96225,18748,2046.33,914,2356,1396,8203,34837,28396,24551
2003,11,22,81070,15096,32365,34189,99946,2046.33,1351,2719,1180,5126,14898,43109,36837
2003,11,23,98345,58617,68625,7071,16917,2046.33,982,2708,4813,8006,93932,19913,1590
2003,11,24,31394,50506,13622,7790,35061,2046.33,1185,2481,4905,9814,66670,29850,48459
2003,11,25,88091,63022,3922,54271,49685,2046.33,2379,3028,2607,6004,71450,49523,23991
2003,11,26,16044,1566,13585,67209,58409,2046.33,2121,1153,4374,7094,13942,25786,7517
2003,11,27,31905,16480,58269,11811,67734,2046.33,1660,1656,4311,7766,10093,16010,24939
2003,11,28,35925,73826,18376,18532,6182,2046.33,4407,2224,4094,7991,11578,48854,6178
2003,11,29,71860,42907,5008,62586,26353,2046.33,3372,3257,3133,6640,70067,35866,35302
2003,11,30,87931,78080,8043,92242,90014,2046.33,2588,2290,3312,7315,60821,14493,18136
2003,12,1,95229,53070,43940,59572,58855,1807.16,1431,3112,2801,8042,44464,33102,42794
2003,12,2,82389,2722,67588,45381,89141,1807.16,3310,3572,1496,7642,89937,45983,3455
2003,12,3,20844,32228,70649,18159,93050,1807.16,1651,4629,3211,5590,64201,47065,35142
2003,12,4,24736,11985,15178,72537,6001,1807.16,1991,4741,3715,9578,66473,34207,25994
2003,12,5,59385,16137,84132,70881,74392,1807.16,3216,1950,1296,7738,13393,15697,24070
2003,12,6,5358,51397,36680,43569,33339,1807.16,1985,3074,4216,8514,46962,12614,17233
2003,12,7,64509,18954,72662,59576,58533,1807.16,3782,4268,1623,8542,10308,46014,39136
2003,12,8,18336,54718,41250,40984,74934,1807.16,3033,1190,2391,9712,40211,11470,20996
2003,12,9,26945,97197,30157,72513,85712,1807.16,4080,1822,1072,6742,19598,20956,27119
2003,12,10,52230,69929,5225,23853,14195,1807.16,1218,3881,2794,7468,89865,22727,26726
2003,12,11,98464,62899,53019,37207,88963,1807.16,4288,1822,1777,9444,19110,42488,43230
2003,12,12,16564,28851,59060,28988,41945,1807.16,1295,1060,1486,7871,34377,16326,35206
2003,12,13,80950,36949,50915,78744,64417,1807.16,1471,4231,1381,6798,32789,25343,7132
2003,12,14,14071,42079,57602,20848,81523,1807.16,4688,4437,2573,8747,59776,49518,12372
2003,12,15,90306,92424,76396,61792,30296,1807.16,730,1244,4073,8782,12688,44841,10774
2003,12,16,4573,57811,24073,40954,78652,1807.16,1296,4073,1194,8278,46273,13166,23214
2003,12,17,18973,75962,27604,26547,81061,1807.16,2416,1365,1155,8811,49508,42802,3733
2003,12,18,95937,29685,70399,60010,77126,1807.16,4850,1698,1810,5274,22651,45904,26739
2003,12,19,18489,5301,54978,33780,45550,1807.16,3297,4522,2211,7253,14850,24624,1251
2003,12,20,10986,99837,45990,7141,85000,1807.16,1295,1882,1534,6693,40945,18659,45499
2003,12,21,13432,62149,358,64333,7423,1807.16,1588,2262,4661,6290,76042,13134,39362
2003,12,22,99169,55692,87437,92732,62945,1807.16,2355,3929,4692,6700,97422,29692,44857
2003,12,23,25196,63718,76981,83082,411,1807.16,1740,1622,1425,8450,10878,20200,34278
2003,12,24,57812,37467,62463,2473,35384,1807.16,782,4551,1106,5656,27283,23492,4857
2003,12,25,7680,10991,47423,18725,24336,1807.16,4768,1774,4913,7022,48963,41675,11197
2003,12,26,26026,67057,71870,38804,85507,1807.16,4003,3317,1774,5890,62141,11204,32748
2003,12,27,76323,87528,6501,86871,351,1807.16,734,3030,1126,8282,43106,14574,1158
2003,12,28,85333,57875,67697,26598,49623,1807.16,3273,1999,1222,9718,30802,35573,33012
2003,12,29,22891,89806,45243,59456,27624,1807.16,1404,3945,4911,7905,14344,45261,7384
2003,12,30,88041,67530,19644,65519,8019,1807.16,2332,4702,1256,5028,36300,36597,12750
2003,12,31,84392,4574,94950,812,44716,1807.16,2736,3957,3261,7979,43413,25884,42104
2004,1,1,91170,79830,66626,29075,3349,2313.35,3467,2229,4234,8985,95247,43336,28240
2004,1,2,66318,4951,30312,17698,41251,2313.35,3441,2175,3210,9252,13790,20313,33262
2004,1,3,21989,90849,18575,86320,50614,2313.35,3034,1782,1991,8158,87209,10339,10811
2004,1,4,35603,20677,97570,66190,36014,2313.35,4525,3683,4118,9836,52732,21720,42817
2004,1,5,23098,71174,33896,67660,6778,2313.35,4325,1014,2986,9251,31437,48599,40787
2004,1,6,63,5824,56734,7054,46836,2313.35,3745,3789,1950,5286,64978,33336,43943
2004,1,7,40483,24504,52020,54602,30693,2313.35,2673,1198,2277,6569,37801,49054,4752
2004,1,8,33708,8479,44173,98046,97730,2313.35,2996,4143,2785,9729,37549,10972,41963
2004,1,9,30025,71295,59763,10995,2609,2313.35,4330,3090,1948,5412,14043,12640,41093
2004,1,10,17454,73070,99134,26083,49639,2313.35,574,4697,1764,5661,14094,25846,3287
2004,1,11,77624,27091,89990,75409,13172,2313.35,1381,3195,3832,5000,70542,17792,27539
2004,1,12,53588,14873,60884,35536,27575,2313.35,4527,1379,4347,7332,87461,30337,41279
2004,1,13,16948,28950,46387,95065,14611,2313.35,910,2233,3922,7262,83994,17094,10481
2004,1,14,4791,20376,60290,3623,32871,2313.35,2767,1457,2056,8650,38345,11974,30832
2004,1,15,6281,2873,67362,86981,66534,2313.35,3669,4833,1475,6408,94897,31086,21175
2004,1,16,56889,82160,39672,60812,59411,2313.35,4257,4200,1598,9102,84175,43262,23666
2004,1,17,85379,21943,96073,47435,36945,2313.35,4768,4576,3641,7129,46556,20175,34418
2004,1,18,24656,96579,36361,57483,92987,2313.35,3568,1226,3416,9194,43389,22826,31258
2004,1,19,84610,37647,53380,45003,92194,2313.35,4616,3923,1706,5574,57709,12792,37555
2004,1,20,1458,27478,72369,55100,80959,2313.35,1626,1965,3207,7986,79447,41193,35278
2004,1,21,75596,84369,23772,5364,28961,2313.35,4541,3569,4807,7920,74923,13352,17162
2004,1,22,1827,29541,23628,77675,96581,2313.35,1818,3038,1390,5539,69489,22475,31337
2004,1,23,47169,61116,44441,95376,5454,2313.35,2920,2400,4608,6691,11082,19920,40241
2004,1,24,43853,97305,99842,65013,61578,2313.35,4716,3403,4305,8344,57430,14310,24766
2004,1,25,16033,80601,15276,57551,92492,2313.35,550,4659,2231,8942,51386,34036,34765
2004,1,26,64707,4307,81437,5667,97351,2313.35,586,2554,2856,5427,22566,18876,34200
2004,1,27,50193,33636,39189,70850,51980,2313.35,1735,4363,3571,7010,41913,19382,12971
2004,1,28,88128,21940,58427,66711,62758,2313.35,747,3815,1914,8762,49481,44173,9813
2004,1,29,32736,41420,1728,30592,33199,2313.35,1376,3391,4281,5564,70592,42612,40647
2004,1,30,58536,58680,26976,68459,62043,2313.35,2224,1422,2180,5650,16879,19937,18890
2004,1,31,71816,83979,30105,18639,16163,2313.35,2811,1026,2356,9086,95840,20554,29586
2004,2,1,18569,70298,95818,64133,40891,1432.48,4019,4569,1650,7668,61611,10486,38430
2004,2,2,11055,28133,57827,73057,45013,1432.48,4871,3990,4219,7028,61504,20156,44116
2004,2,3,42673,43106,7513,7212,38946,1432.48,3747,3865,3364,7406,37998,39254,28067
2004,2,4,79347,93370,5176,61104,33552,1432.48,1749,4605,4919,5927,17661,12576,16788
2004,2,5,30043,62534,1627,4262,42395,1432.48,4417,1222,1236,8281,17270,11533,13131
2004,2,6,76349,53730,51752,24713,94647,1432.48,646,1410,4470,5493,51448,33021,6102
2004,2,7,2281,79551,93979,13553,65478,1432.48,4835,1050,1060,5874,16133,49271,11641
2004,2,8,50945,6904,50691,73533,5185,1432.48,1417,1532,4402,6346,22596,40400,9321
2004,2,9,9270,52915,30746,25093,88409,1432.48,3113,2040,3096,8444,20592,43573,48547
2004,2,10,80085,6781,55446,86962,94594,1432.48,2584,1084,3482,6560,35421,33666,21580
2004,2,11,78948,86840,81552,24702,6360,1432.48,886,1981,2062,8826,57073,11822,4148
2004,2,12,27098,31539,68863,5194,99983,1432.48,506,1418,3939,6916,99731,23532,5808
2004,2,13,8496,52317,85423,3330,55592,1432.48,1996,1790,4034,9808,75592,30394,20844
2004,2,14,89047,40695,62376,46109,69246,1432.48,4282,1343,3690,9497,17888,33673,35801
2004,2,15,15305,99360,96444,60596,36277,1432.48,4127,4771,3491,9549,64453,20434,46176
2004,2,16,90394,67802,71325,30780,52701,1432.48,1173,1746,3962,9900,16858,39560,13269
2004,2,17,92053,28490,2256,75744,37987,1432.48,768,4642,4503,8874,30237,22131,20144
2004,2,18,84739,30718,33255,49582,267,1432.48,790,2011,1026,7692,54143,18208,47708
2004,2,19,20961,15317,59956,41276,71570,1432.48,2187,4973,4003,9442,55716,46990,14163
2004,2,20,69586,31485,32985,5441,20049,1432.48,2571,4786,1194,7178,54368,26909,13223
2004,2,21,24886,24384,50274,90395,98428,1432.48,3602,1490,4732,9828,93367,15316,4417
2004,2,22,65424,40555,87628,74428,89997,1432.48,2769,1876,2532,6094,97726,27580,9696
2004,2,23,50328,91650,32367,76971,18828,1432.48,3880,3713,2470,8316,50459,42249,36735
2004,2,24,58570,75414,77990,94654,60324,1432.48,3659,2098,3262,5286,32877,34610,37709
2004,2,25,82334,70647,10545,89866,57753,1432.48,3797,4431,1271,6164,17754,35099,24623
2004,2,26,69251,21635,95165,13073,75788,1432.48,654,1426,1036,9663,45361,47711,45624
2004,2,27,37373,64021,39811,81987,86659,1432.48,1597,1406,4686,6996,75209,33790,22688
2004,2,28,68116,25360,74574,84387,91524,1432.48,837,2125,3961,7353,90198,12210,42328
2004,2,29,92977,61873,56809,30366,27888,1432.48,3076,1066,3894,8486,63598,15310,18523
2004,3,1,80196,87250,32965,40041,78811,1836.32,3155,4169,2679,8893,12044,16359,33107
2004,3,2,61084,89171,80321,8437,95721,1836.32,2765,2592,1876,8130,85479,44455,2774
2004,3,3,92559,67092,9703,76798,30690,1836.32,670,2236,3856,9391,83628,27666,11608
2004,3,4,82498,91784,98189,40177,17029,1836.32,1535,4463,4402,6426,19252,45122,10233
2004,3,5,22334,53370,69067,98267,17852,1836.32,4074,1666,2989,5128,14262,18678,4547
2004,3,6,46736,69986,12267,45592,69377,1836.32,4609,1873,4029,7797,16814,37409,45895
2004,3,7,48031,31290,31874,63785,50850,1836.32,528,3182,1702,8660,87801,38697,17478
2004,3,8,15224,13228,49107,53213,48356,1836.32,3242,1442,4002,8278,73385,16768,19018
2004,3,9,62755,12995,76605,66784,67145,1836.32,545,1526,2648,9702,11662,33497,35007
2004,3,10,19896,86922,73033,57094,47600,1836.32,790,2822,1678,9802,16035,10248,10834
2004,3,11,30266,70630,66562,69269,21139,1836.32,2647,1006,4292,8512,83380,36436,39947
2004,3,12,55611,3926,84315,88259,72696,1836.32,1755,3942,4250,9584,66035,46849,45978
2004,3,13,21973,61826,9673,28737,23074,1836.32,3855,3339,2688,6768,22607,12022,42060
2004,3,14,6715,16607,66776,76008,70858,1836.32,3795,1467,1758,9462,31077,43127,1318
2004,3,15,41792,2834,52070,41042,63973,1836.32,2891,2297,1281,7840,31033,35706,34457
2004,3,16,72327,31242,89046,1367,98010,1836.32,2897,1076,4610,9354,13435,31820,28005
2004,3,17,84828,42231,74640,55260,88045,1836.32,4738,4835,4902,6328,87229,10462,22070
2004,3,18,17616,91473,23876,30249,5388,1836.32,954,4065,2502,5438,95431,16662,4910
2004,3,19,99357,63329,21588,60320,98001,1836.32,3491,4179,3605,9482,70790,48001,35023
2004,3,20,21552,85529,27838,62806,68688,1836.32,3032,2654,1538,7658,32902,28277,15067
2004,3,21,63169,98858,38695,65671,70210,1836.32,2534,1844,3806,7718,62588,28158,34126
2004,3,22,71849,87432,43691,65454,86915,1836.32,4806,4817,1361,7643,87623,11270,14481
2004,3,23,39062,72008,4056,61952,80267,1836.32,1580,4787,2166,5274,41809,38727,3310
2004,3,24,95753,24344,40998,9559,61170,1836.32,4068,3017,2369,7758,14822,10635,19938
2004,3,25,28592,94629,51805,61305,18625,1836.32,4056,4037,2786,9463,35989,16116,39428
2004,3,26,52774,58922,84193,21292,20549,1836.32,1371,1300,1410,7368,42210,27866,26002
2004,3,27,53658,96279,60884,77379,10390,1836.32,3013,1358,1362,9818,16636,10628,25706
2004,3,28,95598,95693,79348,39737,95157,1836.32,4141,2929,1228,8333,85572,11157,31689
2004,3,29,74335,61944,43810,41032,95664,1836.32,3897,4321,3650,9780,43051,25391,36020
2004,3,30,21838,47418,80724,8524,3588,1836.32,3832,4184,4403,9531,55272,20911,13712
2004,3,31,41220,19414,85193,48182,67747,1836.32,690,2081,2708,9500,99464,44724,20766
2004,4,1,84715,10398,36874,30847,53449,1458.4,2684,1740,4339,7559,17838,23050,12265
2004,4,2,91392,19990,98807,924,75262,1458.4,3494,4675,4910,6675,78773,25675,19718
2004,4,3,82367,37207,24736,18219,36672,1458.4,782,2737,1208,6640,68583,16009,35812
2004,4,4,71932,21268,83227,31272,15179,1458.4,673,1570,4020,9479,23845,15633,37680
2004,4,5,55550,98692,26661,60460,5368,1458.4,2486,4085,3992,7221,22303,12015,5435
2004,4,6,79386,78745,49753,75594,88412,1458.4,2954,1402,1920,9518,15942,21134,18337
2004,4,7,28861,44992,94057,69233,64472,1458.4,4865,1910,2944,7878,96831,18682,34254
2004,4,8,49665,49318,58749,8657,42891,1458.4,672,2275,2500,6934,14221,30911,47404
2004,4,9,5113,72176,57607,61069,13357,1458.4,3554,3568,1916,5230,44152,15488,31925
2004,4,10,76864,45371,44112,26160,73249,1458.4,823,2912,1066,5923,47920,49501,40943
2004,4,11,69680,68593,88130,62180,55370,1458.4,4442,1833,1764,7049,54253,16966,2351
2004,4,12,15326,2808,79155,42242,61770,1458.4,4980,4984,3677,8192,81144,16564,23308
2004,4,13,35034,78320,81190,41645,34243,1458.4,2498,3921,4054,5627,66100,35775,45462
2004,4,14,97978,41896,62609,5207,75297,1458.4,4440,1252,1021,9904,32863,47791,16863
2004,4,15,28255,99196,69128,13284,9640,1458.4,2912,1024,3590,5453,19021,12833,1118
2004,4,16,30915,26520,83107,44969,22147,1458.4,2095,1475,2454,6056,41681,49102,15560
2004,4,17,42919,67475,89724,95292,72422,1458.4,4434,2027,4486,8562,46662,14125,38939
2004,4,18,28834,34575,25150,73777,20028,1458.4,2961,1892,2041,6067,12262,18384,44171
2004,4,19,1627,75710,62015,25433,1766,1458.4,4534,1035,2522,9910,56327,26295,3697
2004,4,20,69549,65762,93323,24035,44324,1458.4,4511,4509,1830,9661,63285,27289,6337
2004,4,21,90184,16247,94583,77226,68666,1458.4,2764,1198,3906,9568,12076,10886,23197
2004,4,22,84828,36612,78060,72350,67222,1458.4,4996,3121,1246,8318,93508,10823,34387
2004,4,23,31007,98020,50333,38269,27681,1458.4,557,4216,1215,6491,11441,14880,13618
2004,4,24,99689,14206,1525,14947,95337,1458.4,1969,1374,1564,9718,68864,18806,13602
2004,4,25,60767,33861,3259,60915,8531,1458.4,3089,4536,4786,8421,77804,38818,46767
2004,4,26,18391,59714,73035,64606,36206,1458.4,837,2245,1366,7362,83543,10369,34476
2004,4,27,10964,15513,6886,93880,41894,1458.4,4016,2659,2314,7262,79925,13654,42102
2004,4,28,60394,18015,6734,71532,22788,1458.4,708,1177,1216,9736,22134,13160,1790
2004,4,29,564,17973,81758,15597,15335,1458.4,2318,2649,2164,5555,52880,39057,15301
2004,4,30,74009,96897,58070,16323,60523,1458.4,3519,2267,2361,8374,25150,45148,37995
2004,5,1,51853,36327,68097,51589,74813,2940.03,2151,2784,4365,8210,24470,44665,47609
2004,5,2,42771,83472,41831,24678,52704,2940.03,3685,1912,1262,5470,42826,43303,47240
2004,5,3,14880,80094,65665,5132,21597,2940.03,2624,3448,3490,7073,41388,18650,27165
2004,5,4,94682,9892,13792,74048,93992,2940.03,3712,3113,4437,6894,94142,14292,4615
2004,5,5,74135,92829,73093,29443,24189,2940.03,4097,1706,2364,8974,60550,33960,15919
2004,5,6,98279,89527,7409,28121,2952,2940.03,2775,2633,3687,6567,88032,19031,48797
2004,5,7,17534,23097,38497,71971,99992,2940.03,4111,1938,1819,8556,36271,32359,32640
2004,5,8,84475,75370,37779,96839,96483,2940.03,2150,1112,1126,9126,39233,23510,14681
2004,5,9,19707,88361,21144,94747,51280,2940.03,546,3812,3623,9964,40783,48614,25528
2004,5,10,67617,36247,55444,25788,4803,2940.03,3146,1268,2084,5924,18819,29918,41716
2004,5,11,76957,65971,7384,97516,36881,2940.03,1025,2939,4976,8520,67685,36256,46617
2004,5,12,84048,64167,71421,32671,99144,2940.03,2637,3112,4802,6170,17808,35956,12204
2004,5,13,44796,17047,91586,28232,79323,2940.03,4502,1279,2727,7570,53794,29607,10406
2004,5,14,78502,91172,2547,29830,49692,2940.03,2437,3738,2101,7726,66408,16245,36584
2004,5,15,32414,64046,49358,97216,33479,2940.03,3172,3273,1654,8942,13020,37329,8257
2004,5,16,17867,31008,59961,10594,79245,2940.03,1553,4097,1277,5451,15734,20968,30107
2004,5,17,62036,36365,21059,45489,56575,2940.03,1733,3987,2864,7442,86203,17694,37467
2004,5,18,52052,85728,95968,43706,76837,2940.03,2386,4703,1183,7346,21648,45427,18825
2004,5,19,37453,78202,19525,58730,70006,2940.03,1049,2040,2519,7107,77528,49093,39804
2004,5,20,70927,5615,38081,38791,83057,2940.03,2836,1862,1362,8803,95165,19551,40636
2004,5,21,87629,42552,30607,70164,66251,2940.03,591,3702,1808,5898,78784,16813,2255
2004,5,22,7623,24834,65206,142,91942,2940.03,4234,2867,1051,7344,18009,14108,9086
2004,5,23,44303,90846,15568,87018,76001,2940.03,1568,4980,4636,7174,50144,35886,10733
2004,5,24,5781,82088,55941,68941,49907,2940.03,753,2529,1830,7310,57670,17851,34725
2004,5,25,42749,23258,47071,23800,26925,2940.03,4259,2578,2276,9827,74595,48276,15080
2004,5,26,46912,81164,28258,32900,34690,2940.03,578,1910,1982,8694,18830,26746,28402
2004,5,27,92155,11517,84276,68065,78827,2940.03,2267,1574,1555,9337,45374,24831,41947
2004,5,28,80769,65986,12410,53045,85813,2940.03,1321,4076,4520,9578,81975,19210,37006
2004,5,29,24332,67114,59681,1172,24544,2940.03,2917,1697,1958,8802,17974,25785,35443
2004,5,30,70492,53382,13712,52047,69072,2940.03,1877,4839,1423,5638,11566,43587,25438
2004,5,31,8996,20558,92664,93517,50136,2940.03,2726,4466,1752,8758,75637,16295,24640
2004,6,1,3555,99345,71160,32100,459,2473.33,2590,1606,3359,7974,39263,35149,13297
2004,6,2,64218,5455,26573,69857,8339,2473.33,3851,3895,4175,9498,95382,15286,20160
2004,6,3,1446,86201,11919,90204,78190,2473.33,4404,1744,3909,7690,30195,10720,44566
2004,6,4,31564,32787,80913,24923,3775,2473.33,638,4344,1981,6000,54200,16672,36528
2004,6,5,39508,49404,11920,18683,21772,2473.33,3848,4568,4854,6198,29772,38044,23655
2004,6,6,95332,10529,86141,5593,78796,2473.33,1312,1462,1922,7162,51632,35600,16336
2004,6,7,66456,78057,69945,24790,31052,2473.33,1461,1126,3547,9732,11194,11670,24145
2004,6,8,43387,94441,51240,69594,95207,2473.33,3989,1889,4243,6481,12482,12182,47364
2004,6,9,92817,45147,29749,74643,58724,2473.33,998,1530,4436,6538,66319,13690,31381
2004,6,10,87035,74133,77399,76934,93866,2473.33,3604,3603,3783,6195,39548,38990,32992
2004,6,11,69911,13538,12232,94154,90019,2473.33,2191,4187,4860,6939,90181,44935,24714
2004,6,12,24672,50424,2818,84109,13314,2473.33,948,1418,3269,9406,77280,13974,19138
2004,6,13,84042,82237,23443,77826,54784,2473.33,3167,4693,2880,5398,35198,49250,12991
2004,6,14,36465,48742,14790,22677,92033,2473.33,2611,1704,1745,6998,17164,35058,4971
2004,6,15,55918,24465,85406,15540,25515,2473.33,764,4556,2626,8819,14962,32410,29039
2004,6,16,88163,3253,73456,97395,15003,2473.33,1644,1466,3747,5766,74142,15780,8655
2004,6,17,32757,58106,82485,4503,44887,2473.33,4560,1616,1886,5302,32694,15978,49649
2004,6,18,70357,18073,75535,64335,43244,2473.33,1744,1405,3871,6552,45151,30226,45620
2004,6,19,11559,41797,81693,85306,69583,2473.33,1085,2338,1198,9921,13690,25178,5836
2004,6,20,65922,12754,92335,6386,4072,2473.33,2364,1568,4452,8510,55113,10814,41381
2004,6,21,59871,68211,50454,75094,71115,2473.33,648,2672,3753,6738,84329,23335,45606
2004,6,22,75552,35416,42026,5844,1689,2473.33,2374,2610,4323,6060,73995,48394,15219
2004,6,23,47441,46360,5526,6894,26963,2473.33,4589,3184,1552,6646,94629,32666,26991
2004,6,24,72000,16302,31691,25753,19666,2473.33,888,1798,4139,7465,17411,35827,32373
2004,6,25,89036,14786,53438,83359,20846,2473.33,3104,4638,1222,9981,91531,33458,27434
2004,6,26,96972,17473,36643,74877,93867,2473.33,3894,1742,2573,7778,91618,33590,31273
2004,6,27,4310,57059,95159,88449,80876,2473.33,4275,4910,3707,8140,69620,30904,12570
2004,6,28,71499,67725,65543,77995,87706,2473.33,1453,1028,1804,8904,92256,18006,23426
2004,6,29,95720,16152,66983,59645,88089,2473.33,4586,3749,3362,9498,97197,45589,24953
2004,6,30,83667,87825,31852,27374,31890,2473.33,3277,4739,1104,7650,97734,23252,1472
2004,7,1,25540,90634,54496,89987,82890,2051.52,2058,1598,1218,8054,13950,30249,21964
2004,7,2,53994,12230,94965,8738,25779,2051.52,2403,3603,3757,6128,45492,40228,40554
2004,7,3,44407,65233,75777,34579,79319,2051.52,3175,4857,2365,9022,11195,10520,15381
2004,7,4,40986,29606,70648,96283,24013,2051.52,2884,3005,4061,8410,86742,44840,40481
2004,7,5,11106,95499,58444,99863,31627,2051.52,798,2384,1048,8906,26962,31189,20288
2004,7,6,47600,25139,2399,19966,10513,2051.52,1572,1498,4551,8571,64132,33563,13595
2004,7,7,69052,23369,61569,4466,77569,2051.52,4305,3674,1358,8210,88536,16288,14664
2004,7,8,44388,94980,525,46260,77199,2051.52,2448,4798,3976,9847,61115,45841,27487
2004,7,9,59794,69040,47340,35697,47611,2051.52,4260,3014,1192,7180,37479,28760,27824
2004,7,10,61844,86785,33787,38357,10885,2051.52,1496,1623,3654,7020,17882,10853,22324
2004,7,11,90859,61684,52004,76188,7883,2051.52,2028,4027,3509,9367,19723,12471,29471
2004,7,12,63543,55336,95486,14735,52517,2051.52,4847,4359,2452,9985,52716,29688,49317
2004,7,13,48661,15565,51313,82316,78937,2051.52,3168,4794,2229,6122,45981,10232,35547
2004,7,14,90994,18010,39139,89503,53729,2051.52,1973,2271,1108,7632,48357,33065,25215
2004,7,15,13128,24557,13778,65581,34543,2051.52,546,3202,3409,5874,81869,27345,32846
2004,7,16,98480,75038,47140,45709,36561,2051.52,2172,2553,2482,5334,33407,47563,9474
2004,7,17,47877,85382,14835,78427,65545,2051.52,1491,3671,4100,5268,60603,20006,29544
2004,7,18,58114,22225,54549,72875,35157,2051.52,906,4987,1455,7432,12048,14368,36419
2004,7,19,39537,29221,8274,67019,1883,2051.52,4581,4759,3414,5767,44537,17926,41682
2004,7,20,91664,6029,3982,12116,97650,2051.52,2109,2114,3161,8009,44989,38317,14586
2004,7,21,74428,11561,4658,2236,25272,2051.52,2955,4807,2277,9894,48178,14159,16706
2004,7,22,49262,29112,30271,92676,41232,2051.52,2985,2894,2188,8319,61361,11189,41160
2004,7,23,2905,28471,83304,22418,66480,2051.52,734,2259,4853,7002,59494,31476,28293
2004,7,24,98449,42450,62637,60726,50030,2051.52,1237,4291,1277,7859,16646,47508,10815
2004,7,25,79020,42657,46755,92560,80976,2051.52,3748,1918,2937,7051,22648,35769,8116
2004,7,26,31697,99735,93029,87902,81479,2051.52,4377,1278,1323,8082,57004,27704,18875
2004,7,27,59180,14594,76996,31810,18805,2051.52,669,4175,2970,9726,13478,17900,35315
2004,7,28,16892,26835,25529,86182,30239,2051.52,3302,1934,2910,7682,49835,29388,48177
2004,7,29,16557,35565,25668,44232,83931,2051.52,1935,3109,4968,8931,91270,48772,49024
2004,7,30,598,36941,79301,44920,45717,2051.52,894,2607,4221,5744,65140,25811,2387
2004,7,31,43921,3443,54098,91831,51125,2051.52,2571,4032,1706,9590,28263,39778,20285
2004,8,1,66552,99241,24934,81835,90511,2535.9,2431,3802,4357,7350,89518,21744,40058
2004,8,2,13919,52127,17318,9663,33619,2535.9,3582,2061,3577,7086,18178,33861,9481
2004,8,3,99336,88571,56062,78926,33186,2535.9,3890,4736,1432,8823,97922,18294,12193
2004,8,4,88882,80354,62098,74591,24056,2535.9,2686,2973,1638,6646,63987,14878,1616
2004,8,5,89484,17570,7126,69413,79335,2535.9,3273,1974,2936,5687,90299,32474,28015
2004,8,6,37880,64190,82211,49312,79366,2535.9,3957,4598,3190,9654,59188,17246,46486
2004,8,7,30375,21876,71572,50468,18231,2535.9,531,4066,4480,8026,93478,15166,1912
2004,8,8,88376,63105,76541,21312,88792,2535.9,3785,1670,2380,9422,92333,26745,16840
2004,8,9,98834,92643,11344,92024,55050,2535.9,621,1722,3759,7100,52242,43341,36885
2004,8,10,65457,72775,67408,51289,33135,2535.9,1455,1509,1694,6000,59173,11837,27239
2004,8,11,76187,62959,88508,23567,81659,2535.9,634,1994,4834,8007,88867,11235,47193
2004,8,12,64892,14489,46659,90003,44386,2535.9,3344,4841,3027,7103,61130,37513,48902
2004,8,13,10694,93938,59024,83740,3285,2535.9,576,4470,2506,8176,12174,29165,18197
2004,8,14,47628,69701,76009,53815,47709,2535.9,934,2599,1442,6862,18954,12916,14876
2004,8,15,76962,52299,82648,81341,85754,2535.9,3853,2799,4066,8466,96538,23702,10130
2004,8,16,28777,42116,53173,42636,92551,2535.9,1800,1494,2261,8330,10344,39969,22561
2004,8,17,95389,25394,18921,7457,3454,2535.9,3909,1766,1524,6556,78106,17270,37875
2004,8,18,6686,13313,21430,77104,23893,2535.9,805,4021,1434,5414,11656,35337,34320
2004,8,19,92891,49809,41868,51504,63969,2535.9,2824,1426,2604,6744,83164,31058,2212
2004,8,20,30972,47075,94177,53848,9983,2535.9,2477,1668,1947,8566,10123,42191,38636
2004,8,21,34579,60930,11213,27365,97611,2535.9,2701,1852,4028,9146,58355,12018,22869
2004,8,22,6780,32532,28706,737,25629,2535.9,3146,1599,1214,9318,10446,35278,28223
2004,8,23,80958,89277,18299,99257,89535,2535.9,1448,4112,1416,9012,67829,13282,28423
2004,8,24,8234,80531,10167,97262,51452,2535.9,1610,3230,3757,5316,75318,18780,34874
2004,8,25,23539,73465,15985,15187,82140,2535.9,1816,4448,2058,5115,78705,37945,42783
2004,8,26,63538,36506,78410,69241,5518,2535.9,3905,3750,1769,5423,11012,28220,46239
2004,8,27,16650,93975,52803,50407,89291,2535.9,4791,4180,2937,8538,60718,16428,28122
2004,8,28,1262,77536,95878,49673,29003,2535.9,2617,2539,2439,6026,78131,49308,24583
2004,8,29,12266,83389,63060,55387,98813,2535.9,4958,1874,4397,9112,82219,40040,40424
2004,8,30,63586,92011,35573,81524,50490,2535.9,4303,1750,1494,6070,11446,35532,12644
2004,8,31,1115,89040,28072,28554,71419,2535.9,2862,1430,1894,7273,71773,19046,22555
2004,9,1,21732,36568,64798,40844,18787,2134.93,4429,2148,3114,9246,93989,35757,21190
2004,9,2,16608,62093,42288,43141,63515,2134.93,4254,3906,2242,9160,56676,44796,27820
2004,9,3,67023,56712,67091,40648,28485,2134.93,1047,1567,4764,8814,23762,19816,21846
2004,9,4,89739,44544,3404,12853,46848,2134.93,4961,4807,4485,7210,22947,39351,47394
2004,9,5,17772,67202,8258,40014,56362,2134.93,1161,4735,2996,8251,96734,32832,31286
2004,9,6,56449,34134,65752,81214,36331,2134.93,2468,1068,4057,7038,55272,47257,39515
2004,9,7,74617,20234,77065,50454,60186,2134.93,4805,2956,4916,8838,17969,22630,16364
2004,9,8,95701,35483,12366,50049,3734,2134.93,4233,1534,4585,9978,74099,12267,25453
2004,9,9,20851,31568,54688,54909,8791,2134.93,3517,3407,2896,5581,33860,23081,26312
2004,9,10,78297,40018,1038,78213,54433,2134.93,842,1484,1690,9560,16532,40926,35359
2004,9,11,21365,82118,67461,97302,97103,2134.93,4569,4304,4478,9878,89212,48268,41560
2004,9,12,6921,57730,98028,86169,19663,2134.93,4250,4310,1905,6639,92523,42689,31889
2004,9,13,61999,59718,9174,49191,39278,2134.93,998,1292,4175,7866,74295,37629,42059
2004,9,14,81840,83865,71935,71318,80825,2134.93,4586,4096,1894,7613,90265,21242,11147
2004,9,15,15854,15868,85554,4112,42507,2134.93,1800,4504,4145,5974,53695,19560,44429
2004,9,16,98033,10164,86769,38560,34093,2134.93,1189,1872,1279,8123,14434,42104,11064
2004,9,17,25622,89540,62553,60850,57153,2134.93,3444,4358,3684,8004,93469,11191,2818
2004,9,18,28426,56622,32048,82571,28948,2134.93,3697,3331,2258,5466,81891,12702,2095
2004,9,19,56530,58081,94986,17810,6204,2134.93,1265,1824,3125,8817,18062,11630,48587
2004,9,20,7988,57471,67341,93024,7820,2134.93,566,1244,3782,5238,35166,29082,27162
2004,9,21,71061,43865,22414,99671,55683,2134.93,2372,2211,1558,7430,30020,17643,20657
2004,9,22,88649,22638,49469,76775,61456,2134.93,4756,1598,3668,8448,78817,12984,24847
2004,9,23,15610,15737,9084,65744,84703,2134.93,4825,1534,1644,7192,55433,26499,10602
2004,9,24,4248,34158,5064,15689,7868,2134.93,3331,1516,4073,9151,89642,15110,1436
2004,9,25,73998,60751,37675,39018,99199,2134.93,1856,1159,3579,7582,96902,33281,32844
2004,9,26,97894,58081,89045,35063,58024,2134.93,2914,3622,4986,5964,94310,11446,10830
2004,9,27,765,27643,15723,74838,26794,2134.93,1717,2143,2466,6014,56160,48016,21717
2004,9,28,29940,68018,29176,78519,5309,2134.93,3152,4553,1028,7106,54616,17074,26078
2004,9,29,94378,98883,37156,89364,48212,2134.93,3569,3975,1866,5214,23813,18094,47818
2004,9,30,62360,66883,19397,44826,63979,2134.93,4193,3917,4925,8368,88787,31586,41909
2004,10,1,16940,1140,31308,50488,72108,1987.29,4864,1988,4699,9430,19200,15042,6193
2004,10,2,75502,84529,82977,16146,8342,1987.29,3504,1575,2329,9682,55553,29237,1582
2004,10,3,98876,65823,5516,3597,54611,1987.29,4394,1549,1898,8242,22037,43052,3454
2004,10,4,88246,83254,80394,47945,50186,1987.29,1813,1384,1926,9588,41832,25167,15947
2004,10,5,72723,36689,16743,10052,92723,1987.29,640,1598,4470,7507,95194,18170,38649
2004,10,6,80961,45941,96983,18258,27994,1987.29,1309,1239,4976,8054,80535,35162,35372
2004,10,7,40353,52349,10850,40827,23490,1987.29,2345,1211,1452,5440,22614,48444,19034
2004,10,8,4089,94608,6395,74911,88467,1987.29,3991,1568,3880,7325,16174,41873,17941
2004,10,9,32697,15346,24465,67673,39752,1987.29,2834,1814,3700,7376,37282,13542,5001
2004,10,10,32717,35981,9754,54791,51421,1987.29,4586,1026,4679,5980,30418,48145,48721
2004,10,11,93921,30762,33925,74153,28087,1987.29,1025,1574,4657,6842,44807,25761,37961
2004,10,12,11843,97642,5866,1895,77678,1987.29,882,1745,1946,6198,97887,46899,9500
2004,10,13,6615,67474,18760,66294,43454,1987.29,790,3725,1291,9440,27877,40730,15531
2004,10,14,19028,10256,17865,88686,17098,1987.29,798,1194,1665,6663,47185,20694,12672
2004,10,15,12515,78975,13792,7995,20517,1987.29,1245,2130,4152,6357,19560,38958,11680
2004,10,16,71888,40566,92684,84531,21633,1987.29,1612,1330,2168,9477,45697,30617,36914
2004,10,17,38501,76496,25909,31518,29511,1987.29,2211,3376,4771,6003,66370,10584,39446
2004,10,18,27683,53969,48770,23187,76678,1987.29,2144,3564,1814,9510,49446,13814,24897
2004,10,19,8094,7412,10459,71614,66889,1987.29,2230,1740,1446,8990,53258,44864,22508
2004,10,20,288,71822,53242,85060,87825,1987.29,1698,1858,1283,5468,55045,32960,35964
2004,10,21,46717,33542,47877,78531,4722,1987.29,3329,2814,1086,8787,84427,17334,13676
2004,10,22,31296,53010,42419,13002,63852,1987.29,4218,4139,3850,7459,49198,21674,45677
2004,10,23,29775,55897,19886,52411,27717,1987.29,1722,4433,4823,9599,69315,29545,41283
2004,10,24,29627,17645,58712,50713,92785,1987.29,1390,4079,2500,7626,53432,26352,9492
2004,10,25,25838,77651,56844,9688,71462,1987.29,2713,1236,3289,7598,69998,12022,6042
2004,10,26,8881,21721,96792,33705,21320,1987.29,4601,2297,1798,8312,18009,42887,16107
2004,10,27,97804,5752,33319,26657,35913,1987.29,4360,1749,4401,6203,87788,35862,36751
2004,10,28,82245,85502,53451,60534,19453,1987.29,2891,4684,1422,9682,78388,32840,23449
2004,10,29,62142,74342,50139,78597,12655,1987.29,1483,1809,1034,9294,53465,42515,34500
2004,10,30,7904,72826,4265,88657,49029,1987.29,871,2624,3905,5454,24510,13357,42053
2004,10,31,34123,7402,58043,95644,3437,1987.29,4835,1929,2124,5330,60525,12270,2783
2004,11,1,32009,82940,52429,69514,52758,1527.5,3768,1174,1128,9730,90963,23963,44944
2004,11,2,39649,54940,17869,50322,79450,1527.5,795,1851,1250,6438,13288,24754,47579
2004,11,3,7627,88569,18231,68952,49094,1527.5,1128,2453,2300,7122,66966,26409,24361
2004,11,4,94852,77087,51992,26763,75864,1527.5,725,1032,4246,8594,65833,10047,9307
2004,11,5,16173,82981,13251,38145,95772,1527.5,2898,3397,3457,7481,72348,23902,19890
2004,11,6,21842,3478,71356,95494,3386,1527.5,1902,4589,1760,8182,41351,15256,4674
2004,11,7,49553,92078,39488,80151,77024,1527.5,822,4547,4652,6906,47691,13846,21673
2004,11,8,39691,76942,3821,64500,24423,1527.5,3402,2616,2350,6109,58109,15735,42522
2004,11,9,80784,96365,46677,28896,86611,1527.5,2870,2514,1457,9458,49017,23480,38029
2004,11,10,30382,55568,83028,35035,75368,1527.5,1809,1062,1482,7958,79557,14786,47071
2004,11,11,80856,17960,43755,93206,44069,1527.5,594,1203,4579,7906,86450,17541,18216
2004,11,12,76350,39322,70057,72807,48031,1527.5,2638,3412,1994,8098,29798,16359,35426
2004,11,13,9088,97960,97770,49451,69942,1527.5,588,1602,2989,8694,60353,22057,43679
2004,11,14,8911,85647,29614,23490,73968,1527.5,1031,1294,1736,7439,39474,19767,16064
2004,11,15,62865,2113,14532,70209,64130,1527.5,1567,4568,2288,5574,55370,28582,44330
2004,11,16,44367,85960,95731,72356,76654,1527.5,765,1136,3082,6730,25405,48401,22437
2004,11,17,22794,66437,98718,94531,93876,1527.5,649,3091,3007,5180,43299,13982,4544
2004,11,18,5862,96219,43057,64502,46908,1527.5,3083,2625,1484,5166,79981,43743,48427
2004,11,19,77603,57099,79307,52037,63829,1527.5,884,1621,2499,5506,97503,47726,4712
2004,11,20,70050,28153,70818,43057,89685,1527.5,1544,1100,1687,5952,60047,39946,30469
2004,11,21,54379,69483,97572,71469,91001,1527.5,874,3602,1002,7022,36990,14830,43905
2004,11,22,81934,37428,17805,69433,69286,1527.5,3511,4334,4812,8666,98742,15848,15308
2004,11,23,1150,11639,61395,27837,67591,1527.5,2782,3321,2275,6850,19588,48276,21442
2004,11,24,25611,91353,83231,76613,52222,1527.5,1443,4154,4000,5599,19939,43286,20222
2004,11,25,57259,3451,98973,17071,74131,1527.5,2919,1146,1420,5390,19467,43296,47716
2004,11,26,98459,53602,31618,5734,85308,1527.5,732,1844,4110,9944,15554,17683,7759
2004,11,27,56518,11677,68191,30518,37276,1527.5,650,4534,2931,5480,27956,48413,4482
2004,11,28,19548,27228,90046,45253,87893,1527.5,3548,2702,4466,6517,24788,14773,25865
2004,11,29,60628,45150,92043,26090,65094,1527.5,3773,1610,2600,8315,68480,11227,45924
2004,11,30,32797,74988,55762,57080,80468,1527.5,994,1526,2297,7586,45267,31542,1286
2004,12,1,168,34245,67221,3038,59033,2830.77,3664,1078,1578,6106,15902,10678,48346
2004,12,2,66232,39943,76615,94547,8423,2830.77,2342,3409,4955,6254,80229,10025,37843
2004,12,3,72618,80244,53676,34508,41863,2830.77,3613,2030,1636,8770,61419,11198,35218
2004,12,4,70531,41436,31733,27270,47542,2830.77,4931,3772,1910,6546,24670,48427,1174
2004,12,5,94389,68365,98190,4344,69138,2830.77,721,1755,1462,8802,92614,16876,28419
2004,12,6,69614,31228,75259,5427,53413,2830.77,2976,1206,4464,8550,67563,42006,3030
2004,12,7,31125,63847,72131,21130,20393,2830.77,909,1132,1517,8206,35476,10630,46802
2004,12,8,28869,66198,8763,3882,50594,2830.77,2109,1558,3955,8719,58336,18719,17729
2004,12,9,81749,91314,75366,76214,72374,2830.77,4571,3497,1774,6116,40979,43519,42929
2004,12,10,19855,76889,74652,17725,10987,2830.77,3379,1206,4028,6996,76439,19252,26480
2004,12,11,11222,13550,12532,76529,58621,2830.77,1599,1506,3533,6964,32934,17258,20869
2004,12,12,46245,83858,87109,69371,6911,2830.77,2889,3117,4975,7796,60841,32313,28088
2004,12,13,30373,45573,88520,39402,55418,2830.77,758,1638,1211,7906,59518,19832,31311
2004,12,14,15127,71118,26554,10012,74434,2830.77,2269,2029,4696,5902,12808,16606,9488
2004,12,15,8817,35642,9724,13792,39535,2830.77,2456,1258,3840,7327,25659,17058,36917
2004,12,16,48639,57387,70896,59850,1645,2830.77,1033,3122,2882,5182,43133,17344,46766
2004,12,17,48426,36755,45697,8122,17485,2830.77,4728,1300,4089,6494,56444,43623,2097
2004,12,18,4073,35253,46234,52913,18933,2830.77,2170,2570,4279,8844,43771,30923,21894
2004,12,19,91184,89806,64046,25418,62392,2830.77,4085,1644,1636,6133,35290,44120,23531
2004,12,20,64582,10019,36774,68671,27175,2830.77,3645,1246,4821,9768,16630,13753,9570
2004,12,21,63125,57681,47676,8756,18451,2830.77,1030,4633,2604,6427,51402,26347,7800
2004,12,22,59958,85488,3517,36594,81622,2830.77,2066,1202,1486,7688,31225,17416,38808
2004,12,23,9761,59871,56302,54582,51102,2830.77,4687,4225,1698,8714,22980,49294,6813
2004,12,24,6514,79011,75280,20470,15438,2830.77,3169,1746,3521,6685,28340,26494,26683
2004,12,25,71845,91759,89050,53375,75598,2830.77,2077,1458,1496,8379,56290,47598,20275
2004,12,26,91544,7330,61824,22388,6045,2830.77,3034,3909,1398,6636,49379,11956,1157
2004,12,27,6348,62549,3703,34870,95586,2830.77,1363,3782,1286,6742,37156,32101,48395
2004,12,28,70687,99234,33811,83536,33965,2830.77,1133,1859,3782,9308,80599,36178,6454
2004,12,29,10465,68634,65089,6984,48299,2830.77,3939,4646,4719,8993,11744,21656,30820
2004,12,30,3741,67231,5439,43893,33996,2830.77,2346,1033,3180,5026,18302,17002,42595
2004,12,31,48962,35702,66709,79097,61363,2830.77,558,1826,2292,6714,78809,46942,47308
2005,1,1,14101,67941,53605,69447,73808,1776.65,3186,2390,1408,7078,91385,39646,25262
2005,1,2,25777,12419,97827,68286,33340,1776.65,2246,4040,4382,6342,30402,12194,22675
2005,1,3,27970,18582,85334,24684,13743,1776.65,3569,4195,1798,8722,13641,40376,32277
2005,1,4,97435,86828,97767,78135,20258,1776.65,4132,1034,2921,8310,30671,10150,5504
2005,1,5,70985,47918,36654,76720,60613,1776.65,4760,3581,3340,5094,29616,32083,33408
2005,1,6,13723,98186,76279,80291,20360,1776.65,666,4145,1746,9578,28631,13355,39920
2005,1,7,40288,62764,59390,74562,11074,1776.65,2173,3410,4330,5178,75129,31294,40061
2005,1,8,94939,4890,36228,13279,36336,1776.65,732,1062,1554,7991,46700,17092,15844
2005,1,9,44263,83719,51238,37361,18504,1776.65,716,1206,3984,7350,49703,36410,46222
2005,1,10,16519,8230,84821,87201,3408,1776.65,4846,3345,1190,8654,11624,17526,9950
2005,1,11,53269,73338,83936,33650,27682,1776.65,2093,1943,4354,8331,18618,49209,30636
2005,1,12,30905,60021,24352,89889,86478,1776.65,1298,4347,2284,9014,13104,16414,24056
2005,1,13,37420,41394,390,18611,28819,1776.65,2488,2087,3054,6423,32088,45735,28366
2005,1,14,83412,99183,17680,97766,33866,1776.65,3326,4769,2003,7677,54657,39832,26984
2005,1,15,61733,47309,9181,60369,24779,1776.65,2412,3550,3473,9153,97160,18398,15728
2005,1,16,7519,66001,731,41925,2424,1776.65,2660,2186,2001,5339,16303,32218,32820
2005,1,17,48675,79630,46988,52030,67308,1776.65,1861,1594,1246,8398,11530,12880,17997
2005,1,18,83122,84525,84986,56595,80030,1776.65,978,3899,4497,5968,45823,33272,48498
2005,1,19,8788,33484,1812,57141,55175,1776.65,4358,3848,2744,6345,55877,15051,18115
2005,1,20,20694,14092,26795,85999,65133,1776.65,3785,3253,3430,8438,21199,13459,48907
2005,1,21,8620,12790,17359,89469,88758,1776.65,4092,3896,3017,7294,87388,18192,13183
2005,1,22,9019,26747,88393,23115,29444,1776.65,3165,1158,3361,5274,52486,39845,44271
2005,1,23,80219,61272,4452,13649,87746,1776.65,3460,1364,4791,7170,17542,19810,42003
2005,1,24,56705,91278,90149,69723,98533,1776.65,4266,3902,4282,5326,47016,33725,27537
2005,1,25,3281,51534,215,77994,82846,1776.65,2839,3063,1326,8642,93063,18069,2701
2005,1,26,80645,36524,30787,51789,30047,1776.65,1688,1750,1208,8189,72824,10978,32971
2005,1,27,95726,27091,79387,16361,69750,1776.65,1437,4381,2936,6651,67375,10781,26404
2005,1,28,35705,1567,23845,66029,40209,1776.65,908,2204,4783,9950,10698,49829,16909
2005,1,29,80559,33386,86581,37510,51575,1776.65,2993,2299,2847,9550,63659,38948,9405
2005,1,30,98784,30098,78330,76720,13101,1776.65,3853,3804,3622,8108,31184,20182,12057
2005,1,31,10958,31635,73740,97094,79222,1776.65,1922,1131,2468,9854,13641,30394,29084
2005,2,1,22987,27695,78459,95367,7706,2700.39,501,4154,2087,7156,83607,24144,33759
2005,2,2,57427,32412,4119,51476,79949,2700.39,3785,2934,4392,8950,14320,19664,40654
2005,2,3,89153,83288,38649,5360,13281,2700.39,970,1266,3088,5780,47985,20794,19043
2005,2,4,59539,58487,41301,37978,62060,2700.39,3473,1684,3671,5194,14690,14506,24908
2005,2,5,23246,98803,81554,53990,91033,2700.39,3816,1536,4699,8816,15230,17979,5061
2005,2,6,37860,99218,70599,948,91350,2700.39,3093,1784,3421,9394,10444,21833,18584
2005,2,7,70654,83691,24023,44325,66283,2700.39,4295,1768,2841,8830,76220,33873,27688
2005,2,8,33614,40038,30411,38313,58854,2700.39,2644,3064,2875,9594,14012,39224,32306
2005,2,9,94530,2106,6465,87951,47852,2700.39,4783,3505,1514,5366,79181,28006,11682
2005,2,10,27846,93478,238,70688,22030,2700.39,912,1294,1495,5318,93955,41700,26459
2005,2,11,99981,82952,4766,64208,42546,2700.39,3431,2074,2234,6247,25024,35086,35130
2005,2,12,37929,1161,19944,49653,1319,2700.39,4010,1040,3953,8504,32554,30983,49125
2005,2,13,20706,53468,86626,53553,21142,2700.39,1605,2473,4883,5454,13510,38780,46933
2005,2,14,17852,21465,75855,71438,47712,2700.39,2875,1992,4743,5646,67996,19374,17232
2005,2,15,91944,12007,97929,897,72606,2700.39,3231,3311,1654,9724,46863,16618,46836
2005,2,16,48142,8469,91622,28026,7543,2700.39,1805,1602,1117,9012,96831,45181,9654
2005,2,17,76244,69707,13526,10987,78878,2700.39,3399,2172,4879,7679,17710,32484,31522
2005,2,18,40867,52653,92148,73873,3862,2700.39,3020,2002,1534,5993,96379,37726,5364
2005,2,19,45647,63186,13120,93117,38550,2700.39,4649,4792,2361,8174,42130,41238,26303
2005,2,20,16048,21882,94763,42279,15913,2700.39,1114,1779,1834,9614,30651,11400,49183
2005,2,21,4978,75024,24051,85161,11017,2700.39,4238,1663,4966,8710,66131,38515,20430
2005,2,22,45013,70781,53308,73726,5307,2700.39,1315,2705,3670,6077,79983,15935,11790
2005,2,23,75261,37450,22715,43447,87064,2700.39,998,2040,4741,9544,93553,11524,19718
2005,2,24,59974,99144,28773,59941,17854,2700.39,3455,2866,2035,8115,36591,14802,44904
2005,2,25,96257,17908,41399,46280,10337,2700.39,2214,1202,1535,5150,29043,28598,37734
2005,2,26,20998,44538,86992,82091,434,2700.39,2848,1654,1039,5954,36698,13893,46897
2005,2,27,94229,51507,93112,92616,35974,2700.39,1309,2229,1282,8128,78508,40650,46055
2005,2,28,91794,90723,92599,83329,42003,2700.39,3278,4352,2530,6514,61442,32963,21642
2005,3,1,15643,59723,90910,98616,96421,2532.81,4195,4278,4265,7270,16694,10319,4803
2005,3,2,98120,32482,56986,52180,27342,2532.81,658,4416,1934,7158,92770,28227,47636
2005,3,3,38283,72123,77110,19905,49918,2532.81,4773,1128,1147,5682,80526,48919,10074
2005,3,4,26837,89722,13199,57454,7885,2532.81,2773,1003,3634,8950,74534,11962,29802
2005,3,5,55098,34859,56745,95331,94863,2532.81,4909,4497,1637,7019,85753,21554,49515
2005,3,6,43445,527,53466,79592,22562,2532.81,4862,4397,1417,8060,13712,14301,1410
2005,3,7,4215,40977,86658,82849,48439,2532.81,734,3535,2402,7710,98865,23616,11192
2005,3,8,11436,5128,73114,49425,72147,2532.81,978,1190,1500,6430,11533,48306,8867
2005,3,9,41140,56396,64056,97558,30809,2532.81,3210,1014,3234,9744,34222,26672,37259
2005,3,10,26060,39400,96560,54814,1320,2532.81,3429,4106,1904,6202,78530,39050,45426
2005,3,11,26762,15861,20993,18859,6657,2532.81,2164,4147,1118,7572,61704,36080,32526
2005,3,12,84831,56268,87455,29418,21135,2532.81,2441,3545,2428,9001,18358,45099,21678
2005,3,13,30779,96789,24207,47683,64684,2532.81,1732,2796,4949,8162,26655,41605,2737
2005,3,14,6602,60172,22105,28226,57744,2532.81,658,2574,1428,8112,88343,27562,1366
2005,3,15,6142,10785,41109,83570,29786,2532.81,3669,1915,1254,9227,24597,37289,9467
2005,3,16,21964,77682,45087,56913,51758,2532.81,4869,4710,3264,6974,11774,22360,38094
2005,3,17,37136,83595,81287,93564,68059,2532.81,1125,1114,1682,8585,74121,26551,19630
2005,3,18,88053,69143,3467,60659,88370,2532.81,2948,1685,2097,9386,99949,23855,44417
2005,3,19,47480,31172,64918,12096,68146,2532.81,4455,1632,2799,8402,31547,17750,34206
2005,3,20,1723,19025,42763,98489,47611,2532.81,1391,2014,2378,9742,12672,14208,33236
2005,3,21,5626,26973,33785,27724,2711,2532.81,2930,1541,1257,5704,78637,15754,1542
2005,3,22,67054,29445,3739,51205,61539,2532.81,4766,4612,4309,5066,94452,18271,35286
2005,3,23,95765,35844,70286,14495,97054,2532.81,2945,2678,2634,8082,46753,45345,49311
2005,3,24,38169,64684,11887,35778,63884,2532.81,1531,1882,1320,5269,98492,14210,6876
2005,3,25,56907,18260,10175,27568,97140,2532.81,2191,4255,1822,9934,23749,20227,4628
2005,3,26,48139,61696,72907,90774,49778,2532.81,1118,4297,1400,8004,40074,14578,19660
2005,3,27,54881,57958,11867,7553,79579,2532.81,3114,1484,3617,8288,80403,42109,10359
2005,3,28,69268,42595,51365,26091,91424,2532.81,1317,4561,3161,5575,30334,19290,25115
2005,3,29,21588,66453,39940,22283,30810,2532.81,3212,2041,4322,5078,19196,33900,30014
2005,3,30,41789,47708,70385,70407,95996,2532.81,3867,1615,4734,7702,15420,18662,17140
2005,3,31,71698,20375,40719,24859,5951,2532.81,500,2537,3857,7174,66171,16438,37406
2005,4,1,85736,3060,51127,814,12653,3226.8,2601,1711,1762,9359,89059,10518,35027
2005,4,2,58227,70675,64989,38459,94732,3226.8,650,1830,3215,5494,37407,10620,16146
2005,4,3,28219,81297,80831,45011,47468,3226.8,3166,3202,1260,9293,50367,30264,31849
2005,4,4,10672,9322,6977,98787,38681,3226.8,4040,3259,3061,5380,68069,27792,46036
2005,4,5,17878,94577,9250,41093,45943,3226.8,3065,1036,2953,8895,35523,41773,46658
2005,4,6,47096,10042,41328,48356,19335,3226.8,3620,1358,2368,7822,45144,22400,8048
2005,4,7,14336,15537,85660,97397,50917,3226.8,1540,3793,3305,6382,26237,10599,3729
2005,4,8,63799,94303,17465,91753,59550,3226.8,4877,1645,4381,9702,71352,48715,19340
2005,4,9,49252,66325,61426,82972,84625,3226.8,754,3959,3457,8318,12707,39373,22922
2005,4,10,11113,20600,74519,75770,21390,3226.8,2720,1539,1078,6230,19296,18462,1524
2005,4,11,89525,9521,77606,68906,67078,3226.8,3973,1328,2986,7030,99300,32610,15310
2005,4,12,84673,71025,47923,23130,12056,3226.8,3855,4519,1229,6756,31640,18970,10630
2005,4,13,4130,34362,20510,99189,70899,3226.8,622,1774,1025,8220,62032,23102,30154
2005,4,14,29415,62358,55784,93753,24108,3226.8,1363,3779,2459,8580,31909,20866,5084
2005,4,15,51267,60765,10387,32496,80490,3226.8,2817,4619,2739,9368,10806,29989,8379
2005,4,16,51185,70308,56765,7210,34413,3226.8,634,1494,2505,6095,73931,21612,35149
2005,4,17,57531,16647,30393,99990,90932,3226.8,855,2197,1548,7593,91045,36258,28654
2005,4,18,55973,75215,20878,65064,79894,3226.8,1405,1077,2695,8169,54639,16928,21037
2005,4,19,53318,1304,38639,67175,3751,3226.8,3786,2632,1144,9178,77621,36498,28922
2005,4,20,14184,64829,95048,69953,78775,3226.8,2563,1098,2659,6890,32513,23904,2445
2005,4,21,80830,93919,21335,4877,28440,3226.8,3336,1756,2276,8326,65282,47378,25974
2005,4,22,47248,54070,75011,92815,89600,3226.8,664,3783,1374,7063,90087,28937,18984
2005,4,23,75861,12651,80036,69872,72444,3226.8,3775,3272,2819,5109,74500,10142,12550
2005,4,24,57435,37837,49368,51063,72515,3226.8,3440,4761,3719,6910,28927,16646,14651
2005,4,25,92434,90944,78454,42598,64360,3226.8,2886,1822,1191,8558,10090,14566,18542
2005,4,26,13176,53866,23259,35995,35328,3226.8,2253,4113,3299,6621,60176,40814,14112
2005,4,27,51272,24969,76928,36343,64772,3226.8,1012,2204,3150,9466,16153,27509,22208
2005,4,28,74360,20393,17729,55551,4667,3226.8,537,4193,4388,5147,70187,16067,44171
2005,4,29,79259,73794,75181,47559,26767,3226.8,4724,3037,1677,6634,30731,41448,1709
2005,4,30,3859,41744,15005,17010,31210,3226.8,870,1146,2902,9912,77471,38920,47511
2005,5,1,19361,23114,19862,84508,9653,2874.87,502,3445,1109,7676,10211,29169,35929
2005,5,2,48753,4601,5847,30404,35332,2874.87,614,3427,1654,7623,40988,42513,13647
2005,5,3,94846,46558,26768,56149,40381,2874.87,550,4740,1286,5131,60599,31156,15688
2005,5,4,51061,40718,64603,28522,84746,2874.87,2690,3497,2118,9889,80253,13801,41166
2005,5,5,43536,30868,57229,38539,14843,2874.87,2403,4687,1126,8350,65836,12118,48218
2005,5,6,56210,27459,77599,27714,8942,2874.87,3870,1353,1619,9824,21226,46364,4550
2005,5,7,80990,78918,46215,9460,75159,2874.87,3261,1750,3686,7974,89936,38528,42820
2005,5,8,45059,87340,14568,6185,27863,2874.87,4042,1722,1140,7992,28137,15859,46756
2005,5,9,72543,53360,42213,84162,43184,2874.87,1877,1058,3708,9443,49984,14582,13440
2005,5,10,2263,39598,85264,92301,70087,2874.87,2180,1497,3891,8100,37681,23105,25200
2005,5,11,41208,78077,23529,81774,96069,2874.87,2632,3610,1376,6196,69123,30911,18018
2005,5,12,85988,66002,37789,44696,41797,2874.87,1265,4059,3721,6529,52711,30159,37773
2005,5,13,88081,49893,61657,83324,77993,2874.87,2780,4199,2414,6309,17324,39834,49339
2005,5,14,30679,81309,58446,68408,87506,2874.87,670,3492,4921,6926,34540,18070,43921
2005,5,15,7583,62158,28482,51304,58687,2874.87,1463,3119,1084,6248,62794,25428,31193
2005,5,16,58810,85576,60981,52576,48237,2874.87,2410,3914,1940,7207,63673,29822,28305
2005,5,17,61128,29345,69667,87402,32803,2874.87,952,1570,2716,7914,16090,15518,20559
2005,5,18,81497,89504,20874,28934,48976,2874.87,4361,2784,1200,6802,76712,33831,1974
2005,5,19,26351,19123,29098,2316,36330,2874.87,2137,2456,3467,7242,19494,21269,42772
2005,5,20,72363,56681,28007,71431,56985,2874.87,4184,3481,1902,8694,67414,40877,36048
2005,5,21,66431,38128,15015,52026,69822,2874.87,856,2523,2200,5250,14838,29881,41727
2005,5,22,24077,13328,93690,62544,81483,2874.87,690,1638,1579,9056,41626,17138,44900
2005,5,23,30571,70812,63398,72474,37222,2874.87,4702,3651,1190,8614,55676,21463,30812
2005,5,24,19147,57885,83987,46347,89190,2874.87,1227,4618,3503,6269,17036,19982,15177
2005,5,25,31169,58679,80183,99100,53203,2874.87,2663,1062,3972,7412,88949,46193,38162
2005,5,26,34576,85005,66197,19867,96073,2874.87,1329,1822,1108,5316,77917,35297,21873
2005,5,27,90493,20498,31268,35349,56767,2874.87,1686,2934,4811,8220,13570,34365,39782
2005,5,28,96382,27402,843,5354,14814,2874.87,2898,4389,4795,8198,69255,37220,39792
2005,5,29,72319,76937,18792,68427,52253,2874.87,678,4097,2205,5402,10797,40323,46709
2005,5,30,57477,72484,94610,72289,47056,2874.87,1653,3437,1614,7495,65142,40209,47996
2005,5,31,63640,49394,5951,54787,99840,2874.87,2006,3510,2142,7149,73288,20746,25206
2005,6,1,43365,96196,7416,61061,23345,2461.93,3536,2179,3700,6662,59235,13400,47740
2005,6,2,63831,19025,48444,37678,519,2461.93,2668,4911,4603,9850,66103,36161,38654
2005,6,3,30814,54614,54656,7964,27902,2461.93,3173,1266,4301,7790,48678,27645,41754
2005,6,4,36032,67215,39826,44733,74392,2461.93,2779,4573,4436,6223,17214,34954,15413
2005,6,5,21229,26272,1219,32184,15079,2461.93,3344,2243,1934,9351,86558,49835,17322
2005,6,6,97458,84732,37454,1759,23025,2461.93,755,4055,4698,7758,15178,44089,36132
2005,6,7,17345,71568,15015,68133,87791,2461.93,3087,1510,4887,8620,57553,31317,23617
2005,6,8,87979,92251,43562,9913,81602,2461.93,1099,4058,1203,7116,97168,16938,30120
2005,6,9,16037,42925,13283,85735,44857,2461.93,1175,2201,4989,9582,46685,18272,33423
2005,6,10,84807,49773,50854,51046,70430,2461.93,2363,3407,1322,9134,84671,32258,8407
2005,6,11,22396,60772,77669,69951,90677,2461.93,4177,1712,2761,7634,17608,28969,24838
2005,6,12,87235,54975,57523,8576,16165,2461.93,4058,1950,1358,9832,68367,14238,4209
2005,6,13,93318,731,15522,93975,93007,2461.93,2584,1754,3668,8374,13702,34344,16546
2005,6,14,61442,42235,7409,95555,96047,2461.93,4524,4632,1182,8214,16424,14822,16208
2005,6,15,52607,58618,21021,22940,43529,2461.93,998,3197,1470,7734,63523,15828,39388
2005,6,16,28472,56108,47583,38492,42713,2461.93,2835,1020,2873,6596,16060,20271,15640
2005,6,17,79156,6937,19904,66690,38983,2461.93,784,1589,1727,5658,30880,46607,28111
2005,6,18,97148,10934,99805,3618,22860,2461.93,797,2683,2139,9732,12358,11203,29681
2005,6,19,65372,45363,31710,73245,91959,2461.93,4867,1113,1057,9770,37803,10039,14122
2005,6,20,57881,24543,17981,60960,32303,2461.93,3918,4449,4793,5366,49418,49005,48861
2005,6,21,19755,1568,83041,71895,1300,2461.93,4449,1670,4576,9334,56266,42886,39215
2005,6,22,95280,66134,30353,66337,95904,2461.93,2728,1150,4049,5734,47446,15416,34508
2005,6,23,75922,87717,3505,52067,27792,2461.93,1071,3897,4490,7558,52143,11588,2923
2005,6,24,39679,51594,38813,90607,82752,2461.93,4845,4383,2564,6614,60719,39819,11431
2005,6,25,64705,53448,76308,90106,80509,2461.93,2809,2781,1470,5282,24847,11236,23754
2005,6,26,20589,92272,19511,91431,42735,2461.93,3571,3764,3247,8735,89371,22350,21655
2005,6,27,30167,39217,16734,7731,35766,2461.93,3901,1906,2252,6966,13862,44112,27454
2005,6,28,13963,71088,16894,41785,38754,2461.93,2397,1396,1486,6528,67123,18910,8094
2005,6,29,4914,47047,8216,28161,65783,2461.93,511,1906,3154,7202,20030,38919,13939
2005,6,30,61050,33932,5741,24655,24141,2461.93,502,4454,1458,8078,96238,10432,29019
2005,7,1,9988,30905,26822,43247,14380,2466.35,4512,1425,2190,9024,43559,41128,2624
2005,7,2,59536,39508,60635,59485,75890,2466.35,533,4821,2997,6186,50313,17016,15906
2005,7,3,46659,4768,33475,65023,17358,2466.35,1479,3696,1892,9314,86942,10550,5038
2005,7,4,37276,51455,28098,14467,60480,2466.35,1946,1366,2516,5172,95850,13654,21658
2005,7,5,48487,32737,29580,36485,10628,2466.35,3500,2285,4659,6662,38659,18368,29893
2005,7,6,8364,80139,62065,60657,81143,2466.35,2328,4770,3165,5425,65588,20002,15359
2005,7,7,43435,87535,62715,70952,70116,2466.35,709,4954,4005,9526,71438,34632,24918
2005,7,8,181,41291,8271,1192,60969,2466.35,4559,4331,3420,7975,46339,40914,13282
2005,7,9,79686,73668,75685,29203,45445,2466.35,4198,3879,1342,8265,76182,31626,7625
2005,7,10,93183,66892,66581,33540,87180,2466.35,4523,3711,1330,5596,19638,13266,38019
2005,7,11,72428,40814,42312,15848,55141,2466.35,3113,4825,2317,5150,80380,15534,38651
2005,7,12,22775,19579,12994,67934,54196,2466.35,912,3729,2418,9998,97268,25949,39176
2005,7,13,36864,81793,79661,32524,90938,2466.35,4152,3364,3079,5882,95563,13219,1840
2005,7,14,36467,68678,64397,98784,33828,2466.35,1545,2953,1424,5890,40887,34902,44777
2005,7,15,25066,56800,98633,97484,55644,2466.35,3432,2506,4044,9444,41382,10742,12253
2005,7,16,70359,46887,81051,28438,78350,2466.35,1656,4815,1643,9650,29951,11822,26615
2005,7,17,83534,52849,84776,64241,88740,2466.35,1000,1318,1390,7814,27640,20809,42015
2005,7,18,42732,17425,79668,53129,86870,2466.35,4462,3579,2935,5512,16206,12637,21050
2005,7,19,28479,60026,93805,90122,82431,2466.35,3295,2316,2956,6152,46556,31695,23756
2005,7,20,61438,78404,11852,76604,8883,2466.35,2412,1614,3268,7079,18998,26489,5844
2005,7,21,64482,75557,50069,32417,11069,2466.35,998,1808,3463,8858,62372,27245,18438
2005,7,22,28966,80669,9562,21922,92,2466.35,4968,1528,1756,7310,38131,19522,22471
2005,7,23,4016,1896,11371,93636,45328,2466.35,526,4808,3020,6545,58576,35440,32465
2005,7,24,4983,53631,7692,49798,58841,2466.35,3395,4157,1474,5922,26079,13318,20065
2005,7,25,91779,62400,12352,42653,10572,2466.35,3760,4587,3730,6482,16454,14057,16836
2005,7,26,78947,94700,40218,3319,47597,2466.35,950,3930,3776,5614,18728,27616,48795
2005,7,27,49219,28476,31774,99951,47784,2466.35,773,4562,1604,9476,98566,47175,24205
2005,7,28,46312,17327,78115,31395,63809,2466.35,912,4106,2388,8114,78776,11336,36338
2005,7,29,816,50239,30267,69592,29393,2466.35,3559,3610,3821,6766,78560,41605,15347
2005,7,30,35890,45686,97520,88846,41515,2466.35,1020,2825,3411,8280,19219,43571,46086
2005,7,31,16825,81024,69030,30565,83045,2466.35,1900,1758,1504,8518,86154,10140,14158
2005,8,1,99714,38751,14039,61398,33664,1999.68,3638,1410,4514,9962,37214,15599,21996
2005,8,2,54857,41393,95363,68992,76964,1999.68,2167,2986,1342,9083,57382,19322,5286
2005,8,3,57336,73946,1924,95854,60100,1999.68,1070,4812,2165,6461,37562,13398,12064
2005,8,4,18457,51201,62882,4324,53685,1999.68,1274,3540,2839,6578,93883,34803,1686
2005,8,5,3275,12403,9142,93942,77838,1999.68,998,1446,1821,7039,31025,16921,32877
2005,8,6,45455,63449,93086,62621,9910,1999.68,4800,4717,3200,5372,49040,18236,30648
2005,8,7,9130,35316,76777,83321,33305,1999.68,3123,2930,1540,7244,46871,43602,37012
2005,8,8,26494,28341,28775,83315,11732,1999.68,970,2186,1912,9673,36158,15860,26152
2005,8,9,56673,65959,26931,54873,74993,1999.68,3108,1922,3989,6236,83793,27293,42323
2005,8,10,19600,18270,30225,35365,61887,1999.68,3966,3379,3139,8194,88045,49871,43448
2005,8,11,66597,4634,7058,22548,14307,1999.68,4760,1966,1060,6790,42203,16854,43216
2005,8,12,24013,65312,17343,68003,81549,1999.68,1647,2499,1524,8223,52864,13995,17489
2005,8,13,1672,98183,18727,56163,72276,1999.68,1033,3871,1404,9442,61418,25710,6772
2005,8,14,72658,66179,13042,14536,14221,1999.68,1404,4585,1907,8747,38939,34807,5245
2005,8,15,66236,587,52308,18345,25163,1999.68,2339,3185,3353,7417,99347,41980,5172
2005,8,16,74189,5382,47204,1946,34824,1999.68,4007,3833,2504,7048,38368,21725,24975
2005,8,17,28645,69773,92663,65553,18520,1999.68,728,1106,2187,5342,19450,23701,31602
2005,8,18,74190,68142,16887,93896,51911,1999.68,875,1099,1615,9431,28044,22790,16235
2005,8,19,74406,88404,96624,98262,61805,1999.68,1338,1822,1116,9000,56000,39635,34992
2005,8,20,60602,72713,57095,9142,41731,1999.68,2842,1850,2390,6081,19640,29300,42897
2005,8,21,32316,12043,55400,70283,77826,1999.68,3072,3582,4551,9696,66844,16355,49796
2005,8,22,91040,19535,56804,12156,48536,1999.68,3143,1982,3220,5237,50981,19910,29157
2005,8,23,34486,50177,75871,11876,66258,1999.68,1176,4924,1758,5864,85206,16524,2038
2005,8,24,29076,44631,76841,33627,84327,1999.68,4981,1718,4570,6784,15522,44457,10037
2005,8,25,2293,88369,69947,20513,29958,1999.68,936,4443,3807,5380,92670,36416,37280
2005,8,26,91076,33847,1341,21508,46775,1999.68,1116,2201,2529,5922,25827,31855,2899
2005,8,27,99345,25809,39926,78916,98945,1999.68,3372,1237,3519,9670,38101,28477,10152
2005,8,28,46951,18565,59273,67110,7603,1999.68,3526,3677,2141,9742,36536,15267,1943
2005,8,29,57766,82653,57469,5295,21962,1999.68,3501,1305,1850,9779,16572,24399,33296
2005,8,30,69931,39946,41989,18450,65968,1999.68,3278,2917,1014,5110,96379,38960,30091
2005,8,31,40846,49906,53990,42987,4772,1999.68,3253,3888,4530,5721,17398,27843,40526
2005,9,1,70389,65501,90824,80168,82074,1633.87,846,3370,4915,8546,17378,36357,31575
2005,9,2,98178,33608,17716,70728,29987,1633.87,1572,1243,1340,9126,16374,17543,6677
2005,9,3,62812,96256,7074,44885,13142,1633.87,514,3529,3120,8670,63696,31545,1269
2005,9,4,32651,30146,69916,38918,15045,1633.87,558,3221,1138,5988,83948,36902,40606
2005,9,5,99666,11874,83146,26684,82784,1633.87,4226,1200,1766,7651,13672,19826,1034
2005,9,6,18920,17085,9790,68392,18160,1633.87,4937,2161,4983,9852,12166,35027,39839
2005,9,7,76810,47705,48249,17374,90695,1633.87,627,1711,1774,7554,33394,19124,48550
2005,9,8,4285,93973,21505,17403,61624,1633.87,3662,1894,1710,6914,65286,29931,28337
2005,9,9,43291,65224,47094,79626,51428,1633.87,4653,4589,2228,9253,78314,24274,19524
2005,9,10,44155,98943,30986,20929,2715,1633.87,982,3350,4704,7990,40753,10750,30733
2005,9,11,46679,84416,49575,92099,37868,1633.87,3382,2509,1435,7338,77135,14215,14861
2005,9,12,21351,8141,8805,54931,87394,1633.87,4204,1548,1060,6542,68828,10264,37119
2005,9,13,23627,49315,28478,98331,67658,1633.87,1010,1384,4998,6937,39138,24217,19231
2005,9,14,48150,27521,21728,60938,79348,1633.87,638,2049,2002,7922,71980,10747,48863
2005,9,15,37427,67537,58648,39840,10431,1633.87,4966,4056,3142,9795,48739,27151,27477
2005,9,16,75379,16102,7840,45377,49391,1633.87,4593,2540,1708,7672,58477,20196,46978
2005,9,17,22887,83630,87246,46241,33938,1633.87,1988,2715,3114,7978,27554,14206,25578
2005,9,18,75816,88873,3954,68959,95021,1633.87,2461,1750,1230,9910,32126,34536,19045
2005,9,19,33630,18072,48429,24479,42097,1633.87,1026,4982,1886,8272,11223,14360,6906
2005,9,20,73850,84564,44891,33316,32903,1633.87,3212,3718,4021,7165,94028,10796,38798
2005,9,21,92562,56490,92144,94059,26791,1633.87,3594,1771,3693,6758,17602,17141,40622
2005,9,22,16632,28629,82124,23518,26901,1633.87,2044,2102,1236,8287,50417,19746,9699
2005,9,23,47085,53630,68587,57458,77147,1633.87,2851,4707,4103,5414,63766,12245,12615
2005,9,24,11969,8713,55370,87014,2088,1633.87,4154,3718,1599,5268,58588,44852,22972
2005,9,25,28681,71985,61955,39294,30272,1633.87,4161,3707,2353,8208,51165,19008,12372
2005,9,26,63066,30369,45560,82170,1715,1633.87,766,3682,4389,6135,11270,11342,9326
2005,9,27,89107,21202,87900,90707,23832,1633.87,558,2511,4823,7738,16322,15095,46488
2005,9,28,42588,23671,58803,24941,7770,1633.87,792,1680,3039,5416,69356,41106,26320
2005,9,29,72029,30123,21141,22770,62611,1633.87,598,1716,4389,7004,58774,33220,38189
2005,9,30,26337,10685,52084,61160,24549,1633.87,1254,2136,3910,5666,16866,16072,10241
2005,10,1,9221,78867,17121,71924,64575,1789.23,616,4697,4366,6156,73659,33906,8227
2005,10,2,75024,25376,43297,38521,503,1789.23,4856,1186,4952,6015,35735,21544,42869
2005,10,3,52271,19224,55455,70032,27652,1789.23,4111,1872,3704,9918,25147,23278,13486
2005,10,4,55810,1804,34328,1529,1229,1789.23,878,1251,4714,8730,14771,14454,7987
2005,10,5,87952,79628,61403,82904,21995,1789.23,4447,1242,2712,6253,60647,10364,13490
2005,10,6,6091,74760,13589,64795,5991,1789.23,3073,1800,1890,8752,79680,16246,38736
2005,10,7,46740,65115,34370,96454,10198,1789.23,3021,3148,1022,8856,97403,17114,49141
2005,10,8,54266,68203,57731,86978,94456,1789.23,3693,1100,4489,7281,81692,31831,34731
2005,10,9,32370,86118,9984,89260,24870,1789.23,3730,1608,4778,8099,84413,14975,39664
2005,10,10,63593,47435,79476,8712,88211,1789.23,2177,2475,1430,6260,45804,11784,26879
2005,10,11,991,25851,72785,10480,3132,1789.23,3662,1852,1196,8646,57464,15463,4477
2005,10,12,58310,21195,53424,29440,19294,1789.23,4414,2885,1623,7788,15908,39833,37838
2005,10,13,67120,127,48661,12200,66387,1789.23,4438,3728,1667,7223,94207,12310,10818
2005,10,14,11700,69223,8004,52294,37869,1789.23,4108,1177,3013,7531,41969,38658,15468
2005,10,15,41721,36384,21545,43345,26626,1789.23,4529,3744,2323,9094,22296,28710,45846
2005,10,16,25360,6735,28791,62027,63958,1789.23,4528,2009,2220,5072,60654,46440,22999
2005,10,17,24351,94763,58970,43716,98646,1789.23,2374,1718,3674,8950,16414,30299,1888
2005,10,18,66116,65944,90396,28439,80486,1789.23,3500,2196,1566,9194,18678,16087,29044
2005,10,19,41642,35104,8097,50214,93987,1789.23,1653,4689,1216,7926,78404,44862,35103
2005,10,20,72914,60779,51581,26588,81049,1789.23,3238,3515,1186,7276,16622,47127,34347
2005,10,21,42678,81807,85676,94808,450,1789.23,894,2090,2705,5343,17320,31691,36251
2005,10,22,36798,5309,66381,33015,93636,1789.23,2876,1548,3267,5808,93135,35668,11138
2005,10,23,80155,16374,99184,46796,46359,1789.23,558,4035,1306,5950,13046,12204,7490
2005,10,24,82201,27442,64541,19906,79137,1789.23,2948,1876,4856,5518,48947,38491,23196
2005,10,25,11819,93176,71392,50086,88984,1789.23,753,1986,2251,5186,48637,43609,14527
2005,10,26,25131,58912,48998,30779,54862,1789.23,3228,3413,1632,8250,89670,11546,49192
2005,10,27,23668,57620,88055,34876,8301,1789.23,3366,1470,1486,8942,86555,35512,37002
2005,10,28,75636,88662,37355,89239,89951,1789.23,4200,1432,4902,8197,78563,16116,35992
2005,10,29,63741,48144,69530,56726,82264,1789.23,3845,1870,3171,6899,57158,15656,25553
2005,10,30,53902,80525,94294,431,7987,1789.23,2294,4973,1732,9648,89212,42163,30849
2005,10,31,91992,38413,23597,53247,52962,1789.23,4362,3053,1238,5243,89778,48917,2160
2005,11,1,18625,71200,80319,35524,28358,2053.33,776,1942,2434,6206,33220,29635,38142
2005,11,2,74854,33194,15497,64502,22406,2053.33,2845,2169,1256,6091,46482,49767,7661
2005,11,3,11806,79537,16422,67049,69315,2053.33,4196,4290,1537,9038,39814,14895,15339
2005,11,4,49009,45591,90130,81443,68150,2053.33,1077,3002,2894,5862,23855,11652,39702
2005,11,5,50587,13053,88822,98195,39144,2053.33,2961,1906,1192,8774,34349,16502,1657
2005,11,6,29721,64898,21150,82610,75764,2053.33,2504,4771,2905,7980,22566,14822,10964
2005,11,7,93687,49996,66761,66582,92922,2053.33,4585,3507,1910,6822,41701,25516,6969
2005,11,8,35063,89663,26465,82607,70397,2053.33,4465,1468,3414,9974,99078,34178,27166
2005,11,9,81578,62935,75302,20835,16921,2053.33,3241,1958,2863,5442,93539,40784,47868
2005,11,10,18322,88125,645,54695,87884,2053.33,870,4297,3360,6062,38256,18756,42346
2005,11,11,50193,37722,51578,24959,58336,2053.33,4136,1264,3589,6390,93450,46861,1322
2005,11,12,65010,38044,73821,12873,49398,2053.33,598,4070,3188,5294,38764,42423,33712
2005,11,13,29351,68975,31721,77711,42002,2053.33,2819,3545,4049,8802,33503,48736,36329
2005,11,14,31404,8993,71353,44993,76135,2053.33,1854,1143,2846,8134,54016,18595,14804
2005,11,15,65738,40378,52667,53926,27383,2053.33,1348,1732,1757,8852,50795,35110,7783
2005,11,16,80750,79967,60008,21152,60715,2053.33,4887,2117,3854,9990,53461,44988,43511
2005,11,17,56044,61668,36133,75242,43694,2053.33,3837,1576,3229,5720,79708,40611,6501
2005,11,18,20638,42410,47344,13747,53183,2053.33,862,1162,4456,5215,71434,10350,14491
2005,11,19,18727,7675,63640,53933,98915,2053.33,3921,1309,1030,5650,62902,38814,17102
2005,11,20,7906,6740,64598,71135,35947,2053.33,3097,2936,4418,7198,86682,22600,10658
2005,11,21,56284,51892,22885,67092,77107,2053.33,3614,2184,3344,9042,66117,33610,10671
2005,11,22,35707,31391,4920,30828,32796,2053.33,993,2052,1836,9590,28186,43212,17823
2005,11,23,27600,6284,16149,47019,48076,2053.33,4618,1430,1073,8854,87802,14532,19183
2005,11,24,69526,42769,93069,4222,45022,2053.33,2832,2080,1927,5512,27907,12158,25538
2005,11,25,26926,30253,13127,34192,80843,2053.33,2403,3441,1226,7112,55459,44727,7665
2005,11,26,12734,91431,81790,160,50285,2053.33,1043,1161,2359,7558,40383,23733,19592
2005,11,27,66002,78216,87166,89281,37319,2053.33,1707,4244,1676,9676,14787,42518,31425
2005,11,28,48851,92191,67312,29150,2094,2053.33,942,4826,1905,8102,31337,13541,39124
2005,11,29,57962,28733,66056,86674,19197,2053.33,1758,1549,1005,7856,90829,18730,6439
2005,11,30,95348,68889,18920,57024,43723,2053.33,893,3924,2248,9556,54425,44341,1094
2005,12,1,44655,75521,1937,33025,23210,1775.19,985,1942,1533,7658,71138,17322,15479
2005,12,2,70769,72688,21681,34692,79869,1775.19,758,3757,1627,6836,17672,11685,26356
2005,12,3,35659,17756,3935,35216,88533,1775.19,502,4538,1246,8535,82562,13357,14628
2005,12,4,40366,89901,31652,38251,67559,1775.19,2573,3327,1828,8516,89370,38048,2790
2005,12,5,40609,35762,36806,68588,39175,1775.19,556,1185,1095,8424,26400,34628,11989
2005,12,6,15187,32999,34167,55335,57886,1775.19,838,3250,2981,6694,36500,13792,33082
2005,12,7,85836,95426,61571,77664,59679,1775.19,711,1639,1702,8869,12694,42228,1894
2005,12,8,80858,31852,33414,76954,82411,1775.19,2933,2597,1042,8451,69283,33401,26166
2005,12,9,61533,20679,81653,84514,3725,1775.19,1405,4559,4930,5960,83574,11930,34505
2005,12,10,20269,65638,38952,6971,84507,1775.19,551,1716,2381,8964,75021,19198,40531
2005,12,11,91483,52955,68742,16999,81406,1775.19,808,2938,1014,8403,43803,28778,4377
2005,12,12,32909,51561,68338,62839,4537,1775.19,630,4804,3900,8214,48127,34759,18264
2005,12,13,64633,13679,16476,53366,28995,1775.19,4509,1934,1614,6510,37474,17128,41497
2005,12,14,47627,54227,17850,39033,52630,1775.19,2810,1084,3213,5008,64727,34101,11654
2005,12,15,70763,49879,75259,4664,90333,1775.19,774,1316,3415,9026,24681,32409,23386
2005,12,16,80098,49192,19239,57252,58794,1775.19,810,2772,2290,7330,61804,29920,23065
2005,12,17,11666,95968,81810,24879,98467,1775.19,674,4229,2767,9590,90244,12426,46538
2005,12,18,90328,62371,74416,43743,34620,1775.19,2503,1068,1992,6994,88319,39785,15449
2005,12,19,34807,20482,78910,62097,54142,1775.19,3368,1622,3032,6006,14084,12062,7066
2005,12,20,3068,82370,37081,15835,49312,1775.19,580,4638,1046,6052,83380,14044,43677
2005,12,21,41501,42236,4438,22493,3978,1775.19,3629,1150,4589,7538,33583,33731,42757
2005,12,22,30956,91953,65890,83989,32131,1775.19,1839,1549,2999,5271,83735,14678,39279
2005,12,23,65300,19021,93301,71346,45073,1775.19,4714,2924,1102,5503,25416,39245,43033
2005,12,24,74612,4046,10733,4201,77936,1775.19,4283,3891,1267,6525,18472,34749,44316
2005,12,25,75804,61071,36299,80156,66342,1775.19,3817,1640,1650,6950,19337,16829,36386
2005,12,26,36503,80404,19755,71771,45907,1775.19,2367,1044,1146,8099,24717,19720,45171
2005,12,27,98768,45354,85099,35035,31879,1775.19,1136,4033,1751,8786,16782,17806,44330
2005,12,28,25173,54359,2437,80578,97829,1775.19,3759,1374,3528,7036,22453,30786,38126
2005,12,29,95036,66173,17656,76956,20625,1775.19,1811,4391,4078,8261,70777,35956,8726
2005,12,30,32592,6914,59990,20695,95701,1775.19,586,1754,4888,7575,17801,49068,30531
2005,12,31,15702,31561,99751,50582,81426,1775.19,2720,1461,4728,5375,53416,25352,22204
2006,1,1,90228,44744,44531,44842,31873,1555.16,2432,3786,1828,8126,50838,37358,30487
2006,1,2,89618,71711,72247,67194,5864,1555.16,4246,3776,2416,6179,35201,25972,37667
2006,1,3,13900,11663,80701,95628,65080,1555.16,1079,1658,3499,9910,16499,15371,22405
2006,1,4,77449,10284,54158,34277,24763,1555.16,1634,4379,3057,7734,97924,15273,4996
2006,1,5,97899,13523,69050,51668,79703,1555.16,2639,3601,2265,9392,89228,13696,4251
2006,1,6,47096,25309,85355,46947,22271,1555.16,2317,4718,4841,5664,33995,19603,18207
2006,1,7,54175,21982,336,63585,98567,1555.16,3857,2816,3134,8526,64483,15682,48260
2006,1,8,68509,8475,1438,17126,33166,1555.16,821,1612,3678,5066,43558,20948,7019
2006,1,9,50735,5877,87019,95576,55056,1555.16,1531,4229,4347,7494,72813,15836,37366
2006,1,10,96478,51671,70730,24612,32281,1555.16,3799,2141,1558,6589,34266,43205,1566
2006,1,11,73608,65089,89818,38638,97617,1555.16,937,4702,1218,5920,76629,10659,33377
2006,1,12,50322,58161,19889,26021,56379,1555.16,580,4208,2076,7366,10171,18724,9055
2006,1,13,38932,58972,26499,98972,25561,1555.16,3528,1048,2204,9404,54156,12354,27117
2006,1,14,64426,96446,37227,20030,25753,1555.16,2040,2425,4720,6572,18445,11099,30209
2006,1,15,92336,18731,46660,85764,22450,1555.16,510,1380,2153,7970,76703,15436,6831
2006,1,16,15088,1584,89585,57292,16282,1555.16,4816,1422,1537,6798,17088,32290,43741
2006,1,17,13603,80481,74716,18324,63762,1555.16,774,2448,4595,9762,58212,17044,9514
2006,1,18,15616,53333,44778,47770,91304,1555.16,1834,2742,4416,5706,96385,11404,37833
2006,1,19,71512,26202,52756,44402,9597,1555.16,1691,4550,1676,7758,57873,46789,36196
2006,1,20,43624,53648,19239,88220,12433,1555.16,1615,3048,2134,6392,92169,19186,27451
2006,1,21,54226,14004,77532,9994,41775,1555.16,2042,4638,1470,9604,74039,42418,23918
2006,1,22,37346,17083,81970,4022,34841,1555.16,810,3464,4842,6400,83035,22274,6195
2006,1,23,63851,54651,66675,27338,87396,1555.16,2126,2972,1112,6010,67965,47325,25196
2006,1,24,66280,50008,93316,82750,1157,1555.16,1520,3501,4436,6988,58874,19277,17355
2006,1,25,79684,26038,14094,5878,12438,1555.16,4504,2640,3130,7530,36329,11060,47129
2006,1,26,2727,34808,13498,8278,10818,1555.16,602,2096,2821,8918,76198,48978,31463
2006,1,27,32625,17719,3832,17062,57560,1555.16,2690,2242,1670,6280,59472,33884,29059
2006,1,28,80264,3977,42877,64746,47859,1555.16,552,1178,4013,8310,58861,24830,29206
2006,1,29,31584,30817,18280,95757,96087,1555.16,1086,3710,3547,9846,62123,36106,10830
2006,1,30,43977,31166,39701,65424,14301,1555.16,4307,1840,1714,8766,75661,33711,15525
2006,1,31,21390,12285,34296,51755,62405,1555.16,1585,1386,1330,9798,12202,36411,43158
2006,2,1,67183,81474,66945,48453,59950,1575,2428,1114,4102,8416,21767,24627,3051
2006,2,2,73512,32683,60480,32048,24696,1575,4788,1979,4838,6202,15736,17418,44191
2006,2,3,14481,26076,44673,25697,48524,1575,4093,2058,1070,8366,80510,10428,47436
2006,2,4,440,89292,62677,25894,63495,1575,520,3357,3477,7352,85404,16356,34444
2006,2,5,87895,71546,11505,82733,93089,1575,3431,2568,4668,8103,49616,18191,27241
2006,2,6,61891,30062,50250,73504,77451,1575,582,2889,1403,7740,15158,16249,47113
2006,2,7,8536,70656,69608,58366,14360,1575,2890,2253,2908,8798,10774,35996,21364
2006,2,8,87988,21122,59917,57656,69226,1575,2198,2467,2297,8800,20970,49747,25885
2006,2,9,5913,66036,27637,42316,90128,1575,3564,1590,4778,8171,73380,49137,47772
2006,2,10,15888,6271,67743,58796,67017,1575,1144,1654,1554,7412,29010,42131,35433
2006,2,11,29650,37562,55951,1947,96362,1575,1694,2273,4308,5682,44588,15787,26922
2006,2,12,59806,19505,80803,94584,64029,1575,646,4915,1804,8344,55062,43821,4183
2006,2,13,29600,66207,15177,52506,69972,1575,4636,4620,3100,9542,12598,44461,10540
2006,2,14,93861,69613,13087,69521,65296,1575,624,1452,3530,6110,36036,23910,24027
2006,2,15,86645,12461,53826,63450,56628,1575,3622,2579,1446,8798,55084,27769,25241
2006,2,16,99338,16074,77390,97438,16661,1575,3250,1872,4920,5374,96392,46567,45309
2006,2,17,95363,31700,88021,5246,64162,1575,4155,2158,2868,9333,30607,25848,40409
2006,2,18,74574,54230,28428,82372,9380,1575,594,3717,1882,7530,22506,48948,33512
2006,2,19,49191,47110,75821,14112,84798,1575,2030,1350,1616,5638,14126,12582,38565
2006,2,20,21811,80913,67936,91032,30246,1575,1879,1170,1930,6662,14198,44855,14895
2006,2,21,61522,63684,19925,77459,17566,1575,1406,1756,2243,8579,97219,14092,8783
2006,2,22,7144,74250,87202,43760,55653,1575,889,3814,1222,8824,19302,32820,38959
2006,2,23,60072,34429,53991,61899,96087,1575,1753,3960,2567,6068,51418,10276,7533
2006,2,24,68165,94177,21890,90408,12756,1575,2448,4899,4709,8078,63658,31713,19109
2006,2,25,6312,24548,75529,92535,69725,1575,1706,1147,2506,5696,16100,23592,26726
2006,2,26,53230,81152,97553,90797,90533,1575,2281,3696,4499,8350,65456,22254,15323
2006,2,27,19631,62905,8506,29341,63907,1575,2405,1569,3063,5876,79103,49139,38517
2006,2,28,96012,37162,61639,23518,32859,1575,3461,2439,2187,7366,19184,15448,19685
2006,3,1,71870,32769,18540,72392,98225,1377.03,2022,2480,1312,7714,57738,16698,40795
2006,3,2,65120,44309,33584,84406,39764,1377.03,1768,1925,1436,6637,19576,46749,49075
2006,3,3,99,28575,63937,93817,38162,1377.03,1505,1382,1560,5614,98774,18999,21656
2006,3,4,78543,7149,46481,94195,61215,1377.03,3361,2685,4878,8296,27090,18598,4219
2006,3,5,97372,40211,81568,8085,76848,1377.03,1185,3298,1276,5121,87114,24437,7703
2006,3,6,23129,39972,821,93905,11369,1377.03,4255,4910,4446,8378,14902,10710,15947
2006,3,7,46307,15171,43346,11185,63467,1377.03,2178,1684,1998,7500,85273,15414,36789
2006,3,8,21448,6459,13497,74076,7932,1377.03,3513,1060,1934,5685,41316,34654,16963
2006,3,9,97984,20572,90917,37430,62660,1377.03,3089,1298,2895,7786,52853,36361,7726
2006,3,10,84575,85033,63552,11574,15130,1377.03,1771,2929,1635,6506,27004,29566,15177
2006,3,11,78582,91870,26979,51868,57555,1377.03,2873,1889,3866,7590,18646,17877,18295
2006,3,12,67868,63760,93195,90763,61547,1377.03,3475,2472,3783,7026,74045,28913,12400
2006,3,13,22204,22169,31843,10191,83788,1377.03,1108,2369,2068,6184,14236,24622,8847
2006,3,14,1382,83463,12865,6600,27253,1377.03,828,1022,2294,6134,17934,30192,38535
2006,3,15,62775,95709,42665,26558,69088,1377.03,1822,1290,1910,7338,17832,39018,16711
2006,3,16,28864,23941,17740,95932,73380,1377.03,1905,1113,1778,6121,97712,18092,31976
2006,3,17,4657,4894,70513,6951,5268,1377.03,2142,3041,4806,6158,10951,15602,39098
2006,3,18,79221,32774,61536,34452,2791,1377.03,3469,3005,4659,7560,60288,43039,29368
2006,3,19,39536,13546,84153,71326,79668,1377.03,1718,4323,3109,7176,15260,24729,48217
2006,3,20,39033,11120,92771,23839,57278,1377.03,4083,1498,4199,7910,87301,21989,20074
2006,3,21,67690,60771,36347,87350,68331,1377.03,1740,4217,1502,7244,11894,12406,46635
2006,3,22,95461,74966,90522,14923,24901,1377.03,4651,3932,4265,8773,16522,16543,48147
2006,3,23,85200,98207,19394,54399,70178,1377.03,1387,2866,3816,5476,41567,18498,6695
2006,3,24,75720,38308,9068,2251,35552,1377.03,3449,2364,2279,8970,78638,14154,37315
2006,3,25,13470,34642,17464,22735,99767,1377.03,629,4965,1145,5526,39363,22674,37939
2006,3,26,48069,82103,76893,48237,61188,1377.03,1734,3258,4471,5802,55509,41375,34813
2006,3,27,79469,63959,88740,91748,79281,1377.03,1630,2749,4722,5445,31836,34488,33730
2006,3,28,33385,53818,35807,85882,95193,1377.03,4907,4612,3624,7226,15708,34811,41522
2006,3,29,52964,40936,88071,42436,83090,1377.03,3810,2557,1998,8901,70656,19521,9932
2006,3,30,88983,32287,28624,23705,27733,1377.03,4544,2468,1266,5750,63349,42172,26812
2006,3,31,1873,88257,18138,91849,6408,1377.03,3011,4371,3273,7433,14518,16363,42339
2006,4,1,85617,45273,47606,90870,15930,1966.07,4851,3215,2102,9907,92299,38913,33480
2006,4,2,94452,69768,35894,21155,49469,1966.07,4378,2724,2555,9878,44132,19602,44419
2006,4,3,90590,3504,54519,38024,21662,1966.07,784,3629,1154,9345,14498,48435,20882
2006,4,4,92825,94350,63003,21279,14257,1966.07,794,1094,1421,9774,46213,40890,5303
2006,4,5,56855,85592,28615,85762,33170,1966.07,654,3759,2601,6130,61782,14262,39099
2006,4,6,48759,23522,37892,14913,49219,1966.07,4699,2042,3090,5414,63320,43698,18742
2006,4,7,64357,89864,18759,5778,68653,1966.07,3019,1858,3267,7986,27620,16436,31324
2006,4,8,47085,84627,56548,56039,96152,1966.07,1652,4910,4555,9098,76174,23773,34682
2006,4,9,9638,5875,82169,72729,14929,1966.07,2778,4284,3056,7888,11374,36708,11841
2006,4,10,15565,14434,94919,98832,88772,1966.07,1619,1720,3517,9048,91893,19668,22539
2006,4,11,39201,78547,80931,13756,19443,1966.07,3881,4079,4331,6049,18159,10611,23458
2006,4,12,14242,17291,89896,82298,35179,1966.07,724,1494,3445,9142,65925,27216,7661
2006,4,13,52815,97546,79425,92684,2065,1966.07,2352,2616,1215,9634,87724,16142,21318
2006,4,14,83092,41606,47442,78775,94007,1966.07,4385,4599,4242,5632,13804,12518,15601
2006,4,15,19646,42255,17868,58091,88883,1966.07,1659,3049,2690,8734,50732,16106,33794
2006,4,16,68753,79437,73723,51321,89072,1966.07,3329,3514,4403,7122,67289,29761,11447
2006,4,17,99076,73027,54362,98318,85012,1966.07,4090,4656,4864,6958,79098,25099,11259
2006,4,18,50752,80758,83149,64794,78193,1966.07,899,1945,4669,9252,98265,18740,33881
2006,4,19,32421,67947,23607,51824,85070,1966.07,2937,4144,1126,9222,98813,15285,40896
2006,4,20,29909,47905,86294,66125,14863,1966.07,1223,1965,2501,5854,63110,40693,15392
2006,4,21,24605,44010,3991,54274,98631,1966.07,4365,2402,2906,9323,15578,17338,18608
2006,4,22,20220,13516,88472,16846,82166,1966.07,3482,2073,1540,9560,94549,32754,3637
2006,4,23,66519,2126,81072,45372,92849,1966.07,2417,3804,3190,6407,88077,12722,44182
2006,4,24,41368,93795,66928,44274,23119,1966.07,3600,4689,1020,6856,92886,44537,32506
2006,4,25,57060,91369,22963,8601,92496,1966.07,2706,1490,4637,8778,37089,12485,17513
2006,4,26,49312,39507,46291,37503,62266,1966.07,2027,3632,1742,7918,64257,11062,1450
2006,4,27,22813,12858,76378,35185,82633,1966.07,4722,4692,1983,5378,64644,35830,19264
2006,4,28,70197,72351,61196,6186,77481,1966.07,518,3144,4142,7665,96998,16408,14637
2006,4,29,64737,54026,36393,41955,94332,1966.07,2290,2143,4859,5019,52328,12492,1312
2006,4,30,20635,82051,52185,13970,34735,1966.07,4799,1283,1882,7347,43820,49363,33181
2006,5,1,78844,42508,62479,92861,39506,2967.19,2597,4882,1630,9551,20565,32280,28887
2006,5,2,58195,37710,78493,9566,6390,2967.19,1552,3439,4520,8486,39525,42700,40985
2006,5,3,60322,77161,14583,54021,37334,2967.19,2355,1176,4156,9676,25389,45013,30298
2006,5,4,20072,99339,71248,51703,15242,2967.19,678,4787,1758,8826,99353,18174,41814
2006,5,5,69811,45906,40703,29331,6427,2967.19,3382,3099,1622,5940,53471,27425,46580
2006,5,6,99615,15828,59954,5124,40661,2967.19,574,1474,4680,7736,28786,49922,35343
2006,5,7,29550,29121,89710,75424,24300,2967.19,2686,4109,2671,9490,39792,24098,5415
2006,5,8,97672,94527,73550,87764,63844,2967.19,1540,3458,1114,6006,68581,16212,43374
2006,5,9,93189,35070,93297,77870,72806,2967.19,4143,3706,2555,6838,94129,41854,38435
2006,5,10,21972,38168,2316,89643,22908,2967.19,806,1931,2986,9994,24694,16829,8460
2006,5,11,13368,56236,96640,88920,64082,2967.19,1483,2269,1642,9126,51490,11608,31573
2006,5,12,69567,45634,24507,53474,62191,2967.19,664,4161,3155,8000,90155,12414,34988
2006,5,13,38807,70249,49346,91793,40243,2967.19,4974,4961,1627,6482,58880,10708,24041
2006,5,14,3187,96716,67978,36181,27848,2967.19,3331,2414,1453,5684,50887,20000,19469
2006,5,15,17826,12568,60509,7333,92915,2967.19,4746,1720,1834,5444,23513,11154,1340
2006,5,16,59485,48488,47468,22464,86453,2967.19,4523,1990,3062,7500,42170,47262,6348
2006,5,17,53321,503,44677,34775,99692,2967.19,1121,3868,1678,6550,41200,33748,11916
2006,5,18,22295,77300,65470,43207,62744,2967.19,712,3579,1454,8179,61042,22977,5335
2006,5,19,90879,10566,78969,10293,44418,2967.19,2554,4090,2992,8582,48864,37684,21139
2006,5,20,30499,76338,71553,87685,47968,2967.19,1433,1074,1404,6518,13467,35499,29106
2006,5,21,8589,50532,24079,95114,35063,2967.19,3090,1890,3389,7058,52585,39158,1473
2006,5,22,84550,10140,3249,22542,45075,2967.19,930,1924,4802,8130,79608,42769,18465
2006,5,23,77236,17394,63032,83640,20648,2967.19,990,1184,4734,9568,40700,44796,42851
2006,5,24,27393,25144,37090,55782,88554,2967.19,1291,3102,1165,9090,95644,27591,39675
2006,5,25,33005,72222,69516,77807,20352,2967.19,1928,2586,2869,9959,97577,14098,15477
2006,5,26,59162,83068,49105,18896,8988,2967.19,854,1379,2652,6980,17034,36205,6158
2006,5,27,89512,69805,25661,5677,50697,2967.19,4620,1974,4877,9135,77859,30229,21305
2006,5,28,34612,81140,44168,17482,47451,2967.19,2350,1611,1164,5622,41859,16504,8098
2006,5,29,25316,71904,19236,72968,71741,2967.19,525,1251,3904,9550,66927,30952,27749
2006,5,30,88842,82900,81005,98719,52036,2967.19,3947,2998,1354,9467,36831,15246,25216
2006,5,31,47565,74182,26769,5081,93341,2967.19,1584,3655,1882,6630,15960,28622,18628
2006,6,1,33501,89874,65177,84686,73153,2328.33,4878,2404,2132,8596,24439,18854,46129
2006,6,2,33897,43790,58703,23364,80622,2328.33,2279,1154,1264,9466,64494,40606,28860
2006,6,3,63945,83151,63841,71117,7478,2328.33,1036,1964,1558,9766,42014,38191,8815
2006,6,4,33693,31893,60596,60825,36841,2328.33,3172,1482,1528,8227,10451,17012,1387
2006,6,5,33439,14083,29656,39066,6443,2328.33,1023,1738,1782,9863,57854,17481,10503
2006,6,6,18678,80243,58459,33717,67807,2328.33,3259,1498,1238,5207,62322,15334,16825
2006,6,7,32946,41848,88998,94474,96427,2328.33,2974,4864,4883,8982,85281,36325,15801
2006,6,8,25837,31305,23064,35841,57520,2328.33,4673,1196,2511,8131,26264,11669,47270
2006,6,9,61308,64524,63168,26376,96083,2328.33,4635,4028,3688,7274,39853,30114,25490
2006,6,10,49434,9181,26331,95669,24515,2328.33,1993,1430,4267,5662,10198,16786,11612
2006,6,11,85030,72216,9335,78893,16699,2328.33,561,3005,1474,7466,20732,28908,35599
2006,6,12,45570,65368,74289,29259,15353,2328.33,724,4785,4674,8407,76805,30540,14143
2006,6,13,80019,8799,30891,55639,96559,2328.33,2424,1587,1999,7066,60479,38697,49785
2006,6,14,33710,1041,33055,66536,21121,2328.33,898,1689,1020,9732,12299,13862,3787
2006,6,15,227,54377,31995,39901,22784,2328.33,890,4153,2597,7682,74791,30507,8800
2006,6,16,17467,47217,28447,39466,45328,2328.33,4514,1582,1317,7850,61924,27437,38926
2006,6,17,97707,73721,10480,49565,43453,2328.33,852,3679,2154,9694,99931,16289,22779
2006,6,18,41216,36725,35444,75166,20759,2328.33,2024,3225,2450,7686,94042,19129,10235
2006,6,19,55749,4910,14519,62067,48830,2328.33,855,2888,1514,6334,12452,26318,42795
2006,6,20,55466,12874,69998,48972,61642,2328.33,532,4209,4357,5702,94374,10115,36282
2006,6,21,27291,16399,14693,1094,66870,2328.33,918,3970,1348,8806,16726,11529,25088
2006,6,22,43887,23244,74418,26753,39579,2328.33,3071,1395,2447,9420,60366,44088,3222
2006,6,23,42054,41980,13298,81411,59036,2328.33,2878,1326,1774,8922,87419,39995,24024
2006,6,24,30362,23994,78966,93062,75087,2328.33,4591,1326,4597,5360,78429,18360,30002
2006,6,25,98583,31501,86923,47382,87273,2328.33,1469,4326,1250,9022,27088,31007,13641
2006,6,26,11495,1319,67334,68269,6594,2328.33,3264,1954,1718,7229,46368,36536,21105
2006,6,27,83584,50960,38213,3181,62672,2328.33,3707,2605,4493,5629,24986,14198,16642
2006,6,28,45622,66457,81093,51242,53928,2328.33,3601,1714,1712,5934,33690,32444,8181
2006,6,29,87040,58307,69399,82138,45536,2328.33,550,1910,3077,6484,65002,12101,32119
2006,6,30,39880,43710,39707,4373,25691,2328.33,2490,1312,2501,7174,38905,11494,14694
2006,7,1,87507,83202,3967,19794,33244,2519.84,1832,1549,2160,5321,53437,17146,36411
2006,7,2,6699,98908,53709,29936,80263,2519.84,1166,3971,1042,6891,66014,36561,15810
2006,7,3,79382,53679,84063,49317,8936,2519.84,2431,1442,1686,7749,32587,18287,35491
2006,7,4,512,55772,9837,22672,77445,2519.84,3302,4142,4885,6736,14077,25147,29626
2006,7,5,79173,245,15471,51041,7136,2519.84,2601,2868,1366,8015,52184,44098,31485
2006,7,6,89858,79616,56893,74902,43717,2519.84,3188,4227,1602,9376,83251,39046,5832
2006,7,7,15355,92906,23189,10240,56269,2519.84,1738,1793,3861,7208,11362,27348,3618
2006,7,8,98694,6788,80218,50208,94803,2519.84,657,4660,3369,7549,59561,22085,32402
2006,7,9,89733,69102,32666,51335,4830,2519.84,1732,1534,1454,9920,46774,31442,15917
2006,7,10,99891,48513,33236,70104,65722,2519.84,2452,4414,4207,8052,30973,20362,2421
2006,7,11,92775,41632,55023,21144,25533,2519.84,4581,1090,1388,8598,82951,21217,30936
2006,7,12,90867,89685,57754,16040,35957,2519.84,2481,1702,3040,5798,11910,18761,4528
2006,7,13,99490,69755,99528,58697,13776,2519.84,4058,2901,3483,7062,60397,30368,46853
2006,7,14,47720,69979,45634,64108,44929,2519.84,1677,1598,4620,5782,51833,20577,44937
2006,7,15,80310,65668,22776,49702,12736,2519.84,4814,2224,4831,8692,70921,28606,28726
2006,7,16,47547,16332,67861,36030,33117,2519.84,2749,2187,3235,9478,61295,43163,28258
2006,7,17,89672,79325,95310,24292,55107,2519.84,1220,1767,2809,8002,11822,25545,47143
2006,7,18,79074,86284,37770,93906,86978,2519.84,3863,4523,2726,6723,86904,40842,25043
2006,7,19,34981,69655,88030,49568,14389,2519.84,4082,4059,1352,8792,44703,32810,15677
2006,7,20,67887,55924,84579,97048,6272,2519.84,3944,1410,2330,6142,79250,25659,36048
2006,7,21,18109,34466,10183,92187,41190,2519.84,4380,1169,3093,7410,42089,13833,13440
2006,7,22,69439,51172,34246,47144,71916,2519.84,4953,4801,2575,9072,36848,23847,45301
2006,7,23,66931,92146,75545,55614,85212,2519.84,1272,4671,1232,7807,11858,13152,21147
2006,7,24,71247,11239,55675,70692,15001,2519.84,4524,1592,3934,5121,47934,37201,47764
2006,7,25,30422,44240,77003,97998,8772,2519.84,3196,2053,2348,7490,64018,15128,30204
2006,7,26,51239,95292,27231,56850,53099,2519.84,758,1402,1679,8142,11387,31679,5441
2006,7,27,89792,12264,82471,55078,63738,2519.84,2279,4158,2002,5633,17024,16119,46757
2006,7,28,15837,13056,24525,54537,93148,2519.84,2095,4385,3834,5678,17587,13166,38544
2006,7,29,61119,53942,93981,44150,45970,2519.84,2181,1530,1366,8094,14388,14071,21720
2006,7,30,87761,99469,24583,95109,1455,2519.84,1227,2290,2497,5751,71827,11298,49442
2006,7,31,24295,50275,16383,24481,72305,2519.84,4116,4775,4262,8906,93924,15414,1318
2006,8,1,36106,2344,76503,93462,25885,1688.52,1221,1442,1507,5372,26807,30949,6926
2006,8,2,3909,60450,43447,56012,48629,1688.52,1658,1050,3176,9174,15674,48497,15443
2006,8,3,15256,53687,2760,19704,63964,1688.52,2223,1420,3037,8725,19772,13922,19343
2006,8,4,62003,7455,55628,93511,136,1688.52,4459,1610,1184,8524,76407,24216,48787
2006,8,5,49700,73066,55824,97877,94204,1688.52,1373,1630,3421,5485,45514,27384,9735
2006,8,6,1180,24090,10157,89218,62815,1688.52,4491,4816,2492,5118,34678,27628,20039
2006,8,7,90257,9138,64376,65844,59747,1688.52,1411,4446,1662,8966,23674,40755,40783
2006,8,8,38322,36400,66566,68095,68237,1688.52,966,4416,2520,7974,74985,31686,28432
2006,8,9,92025,94477,72856,35870,69595,1688.52,3497,1202,3023,8458,42045,42769,7534
2006,8,10,85008,48458,18568,15207,27044,1688.52,961,1486,4993,5064,33458,13229,42242
2006,8,11,67311,95289,48998,19832,67276,1688.52,2869,1312,3458,5862,11520,17646,23983
2006,8,12,64611,91370,80607,97634,35595,1688.52,814,1212,3813,5322,52159,30856,39005
2006,8,13,83916,8122,12574,78909,47001,1688.52,3490,1334,4024,7688,66845,41299,12384
2006,8,14,47823,34716,33303,82633,75440,1688.52,2037,1878,1192,8000,54034,38138,44824
2006,8,15,23000,60790,8740,26813,86112,1688.52,4021,1142,1724,6594,65287,48724,27252
2006,8,16,65330,40130,95739,39354,63969,1688.52,2004,1790,2299,5062,10775,39090,12585
2006,8,17,75131,97813,45493,27675,98160,1688.52,813,2511,1667,7302,64323,12778,49527
2006,8,18,34508,54697,49158,36232,57643,1688.52,1307,2972,4573,7046,62325,34893,14445
2006,8,19,59631,75683,46685,56930,5990,1688.52,2371,2471,1623,7863,41497,36134,7460
2006,8,20,23743,73663,23646,410,30920,1688.52,3188,1734,4017,8697,13334,16660,4322
2006,8,21,43142,2966,55985,14067,12,1688.52,3959,1996,1402,8010,49274,16332,34662
2006,8,22,85807,11647,30156,73782,19510,1688.52,4916,3251,1290,7132,43661,42586,21654
2006,8,23,87883,23202,58014,63253,51899,1688.52,1264,1391,3988,9022,41809,45352,9672
2006,8,24,86910,7121,71346,13606,35469,1688.52,1289,1274,3618,6445,11408,18127,36973
2006,8,25,64451,87677,27732,26118,71238,1688.52,3704,1918,2297,6717,55076,45547,37745
2006,8,26,52741,51341,6939,31729,19941,1688.52,3432,3201,2219,9110,36806,24039,15100
2006,8,27,68103,83097,45315,16721,75894,1688.52,1199,1402,1510,5282,82812,48339,23075
2006,8,28,33027,1517,40164,60324,94586,1688.52,870,2325,2931,9160,95406,32871,45240
2006,8,29,60612,38839,6074,32832,69969,1688.52,1870,3070,2327,8536,71142,18220,42880
2006,8,30,7963,72343,74916,68713,17625,1688.52,2052,2003,4244,7215,43678,15350,7729
2006,8,31,68808,99550,17508,31739,95062,1688.52,4610,1356,3104,5534,19454,17726,12914
2006,9,1,78079,8848,22243,12968,79990,2663.8,929,3683,1730,9642,10670,39458,6815
2006,9,2,23047,69664,65055,96614,29694,2663.8,850,4242,4096,7159,40656,48361,35237
2006,9,3,28122,12682,66466,48805,17538,2663.8,630,1240,1089,7312,17174,26078,20891
2006,9,4,40480,29513,11115,72210,35507,2663.8,3019,3552,4789,9425,55165,29482,13775
2006,9,5,94663,36939,75078,80111,34098,2663.8,3471,2218,4766,9884,27374,12303,32086
2006,9,6,82180,88797,74271,44621,72462,2663.8,698,2940,1254,8164,85149,30575,49206
2006,9,7,28291,79521,55480,44432,38946,2663.8,542,4959,2582,5343,30069,48031,10645
2006,9,8,13781,8542,76602,58547,69831,2663.8,2201,3361,4124,7823,12981,31585,20328
2006,9,9,27029,32,94526,72098,98197,2663.8,4024,2838,1898,9016,87270,30843,46027
2006,9,10,51501,77537,97156,15435,59232,2663.8,4818,3011,2117,6419,47909,38299,27225
2006,9,11,43100,1463,6661,52224,29286,2663.8,670,2666,1025,8366,61115,34221,19642
2006,9,12,73416,30141,77060,65314,70996,2663.8,2508,3847,3217,9663,54282,17448,30682
2006,9,13,53241,453,6812,21710,6872,2663.8,598,1322,2534,6052,34897,14630,4721
2006,9,14,2664,85058,74487,55041,46095,2663.8,4261,1732,2093,5354,17526,19441,35602
2006,9,15,79707,30036,8289,37924,56051,2663.8,1724,1294,4374,9784,47352,10422,28923
2006,9,16,65961,23714,68921,38495,6735,2663.8,638,1508,3875,9286,80789,10646,3819
2006,9,17,83107,86403,3536,81552,85428,2663.8,992,1134,2449,9281,19408,23499,21063
2006,9,18,38204,7485,65495,33931,2373,2663.8,1528,3332,2911,5448,13662,25997,12847
2006,9,19,25619,63494,18100,14495,10998,2663.8,2168,4103,1643,5703,75655,13718,48889
2006,9,20,23118,43000,68556,90567,18633,2663.8,4066,3188,1822,9560,14246,14172,37964
2006,9,21,8759,43647,82505,78022,65447,2663.8,4018,1065,1064,8498,21911,46525,5683
2006,9,22,87359,4080,6981,5354,6135,2663.8,3775,1218,1987,7330,36170,10619,48988
2006,9,23,81646,66589,50160,93446,62501,2663.8,3969,2610,2275,6473,65631,32722,7278
2006,9,24,28509,36003,90140,30388,24472,2663.8,1912,1829,2481,7796,17182,19898,12051
2006,9,25,49233,42310,572,91220,35992,2663.8,3191,2637,4682,8350,27434,32183,3095
2006,9,26,91981,51405,69794,9256,74230,2663.8,3329,4089,2779,8468,49477,12250,1778
2006,9,27,26871,76390,40433,75704,26635,2663.8,671,1744,1276,7594,83438,18206,23967
2006,9,28,689,67982,86257,20372,2685,2663.8,3906,4664,1447,5051,20271,22028,30044
2006,9,29,56829,28602,91119,60960,43422,2663.8,3210,1198,4688,7294,45995,26323,6948
2006,9,30,87609,93019,68543,20237,40614,2663.8,2504,2653,1314,5112,78024,38998,18333
2006,10,1,13283,50015,2955,18335,70286,1332.58,1514,1974,2453,9926,58660,39400,24984
2006,10,2,25685,45305,89089,55679,7652,1332.58,4638,1350,1657,9875,57635,10806,31764
2006,10,3,68732,15289,4009,60196,9666,1332.58,712,2947,4372,8305,57633,46009,9359
2006,10,4,59641,49149,11249,58446,17975,1332.58,4197,1270,1564,9638,32040,39215,19909
2006,10,5,17754,91679,39886,764,87906,1332.58,2105,2988,4161,6113,33184,38826,13873
2006,10,6,31824,98536,78126,41196,83193,1332.58,2204,4185,1259,9618,33982,35585,35760
2006,10,7,34713,48181,95596,66277,84171,1332.58,1844,1923,1340,8081,19038,39923,27636
2006,10,8,91955,71144,12912,21116,43609,1332.58,1293,1754,1974,6230,32978,10527,46096
2006,10,9,6530,86536,19713,24141,51340,1332.58,1077,2404,4578,8024,85032,18748,20047
2006,10,10,32012,6877,37025,67678,84959,1332.58,2600,3264,3558,8326,30731,37166,6063
2006,10,11,82960,7025,78951,43942,77795,1332.58,4468,1362,4815,8662,41168,16155,11929
2006,10,12,10580,33599,84912,61510,21623,1332.58,526,3634,3172,7278,37663,44482,19944
2006,10,13,89697,45264,87747,33255,82127,1332.58,1773,1437,3205,5723,25379,35999,34830
2006,10,14,44004,46200,53028,58820,3085,1332.58,1326,1590,4146,6237,91524,15768,10549
2006,10,15,12533,71783,35755,22057,21769,1332.58,1538,1465,1334,5158,61071,17159,23418
2006,10,16,55466,97845,98597,13671,13568,1332.58,1022,2571,1527,5401,32742,11936,40328
2006,10,17,62302,74069,35979,6448,306,1332.58,3568,4189,1284,8654,51246,37405,27503
2006,10,18,14093,84137,65223,49125,4774,1332.58,1283,1590,1990,9926,13236,16262,26295
2006,10,19,21560,88988,27982,24439,40741,1332.58,1753,3042,1143,5472,18988,17800,27076
2006,10,20,26587,14410,96990,42224,55085,1332.58,980,4176,3724,9694,34652,19849,48236
2006,10,21,87498,17289,46440,27988,98521,1332.58,3397,1431,4743,5470,77222,15484,19405
2006,10,22,19806,23976,18527,87301,23060,1332.58,870,4645,3777,8442,16450,30213,44368
2006,10,23,33030,4201,15742,81754,65404,1332.58,1602,4252,2681,8798,13592,16201,1606
2006,10,24,83799,28342,18986,58543,87425,1332.58,766,3581,1534,8904,10882,19196,12560
2006,10,25,69624,82335,25591,44753,50777,1332.58,4965,3806,3011,5718,65559,19766,33811
2006,10,26,41101,17163,89020,25134,31557,1332.58,1335,1706,3656,6672,13210,17430,18964
2006,10,27,39232,96979,74663,92118,22235,1332.58,1711,1858,4230,7316,36610,10942,1897
2006,10,28,27465,27929,35166,65476,18635,1332.58,994,1086,1190,9942,19670,32146,17077
2006,10,29,25928,8908,30206,89585,51932,1332.58,2016,1162,1158,8030,83279,22370,36806
2006,10,30,49927,51343,80581,50510,44997,1332.58,3220,2460,1471,6780,54287,46457,33544
2006,10,31,86814,55881,72545,37405,62846,1332.58,902,3772,4023,6107,94708,17306,40117
2006,11,1,51726,58469,69402,16108,58100,2569.67,2386,1598,1046,5800,87142,38599,8124
2006,11,2,51116,75955,50071,20853,30242,2569.67,4017,1121,1722,5714,48966,25539,46528
2006,11,3,97325,54092,40915,79784,48800,2569.67,4048,1876,3040,9612,32984,14994,8221
2006,11,4,59278,15371,83287,14334,64618,2569.67,2932,2084,1382,9354,69288,42975,20429
2006,11,5,32234,93306,79097,67658,71080,2569.67,4548,3403,4858,6815,64538,30009,44416
2006,11,6,91388,79940,96887,90781,81093,2569.67,3272,1506,2944,6262,54702,42561,46223
2006,11,7,18339,73987,90998,64721,43341,2569.67,2695,1158,4942,6296,59583,41021,26638
2006,11,8,13911,85484,25777,28769,52299,2569.67,3778,1526,1606,8094,50818,17698,6668
2006,11,9,84591,99091,24421,62535,30649,2569.67,1447,1382,4461,8796,30058,29153,45475
2006,11,10,5434,4106,4728,91728,57249,2569.67,4101,2511,1146,9902,16279,18444,30663
2006,11,11,97897,41410,94835,855,79778,2569.67,4905,4367,4742,9325,43253,41742,45653
2006,11,12,4800,64701,57081,90613,93497,2569.67,4766,1154,2595,6830,14028,31196,3491
2006,11,13,21509,56111,68708,87655,47340,2569.67,2450,1588,2748,7284,62442,38877,1339
2006,11,14,79290,47348,3246,40385,73025,2569.67,2126,4176,2551,5559,84788,21047,46499
2006,11,15,9050,20907,52682,32998,61753,2569.67,4193,4612,2152,5810,14502,45843,9691
2006,11,16,591,42421,57432,43339,76058,2569.67,2216,1418,3573,7282,95731,22950,36227
2006,11,17,64664,44210,67127,92215,49769,2569.67,4614,1430,1060,9210,16344,17277,18267
2006,11,18,58338,38713,83242,90490,37965,2569.67,1332,3554,4279,8054,98245,10684,36860
2006,11,19,96343,80462,60685,96268,98627,2569.67,4217,3289,1976,5400,55504,33097,22768
2006,11,20,37315,1471,58268,42840,83766,2569.67,1468,2102,1498,9709,48943,25814,32787
2006,11,21,96569,35276,14369,42200,95392,2569.67,2536,3085,4426,9154,17442,16114,12614
2006,11,22,97340,89923,71343,30669,58971,2569.67,3765,1284,4668,8384,39123,44785,43199
2006,11,23,87523,81944,86888,25373,91653,2569.67,1186,4572,2457,5554,46771,49201,35831
2006,11,24,44521,94309,7287,53947,35233,2569.67,1999,2572,4266,9693,79592,43236,27992
2006,11,25,9244,9710,89521,70264,98094,2569.67,918,1240,1938,8287,10987,18590,44996
2006,11,26,54118,12174,23163,57927,44080,2569.67,3479,3599,1196,7118,42546,15826,36286
2006,11,27,25110,20898,64751,59376,86943,2569.67,3963,1185,4051,9680,82800,18496,44343
2006,11,28,19831,97849,70464,63121,16136,2569.67,3062,1604,4975,7576,44530,20406,31451
2006,11,29,23863,18011,59007,4456,15129,2569.67,1633,1589,1294,7735,32317,42095,17905
2006,11,30,78430,1281,54633,48833,76117,2569.67,2328,2298,1150,7791,75419,11390,37433
2006,12,1,73482,54372,11921,27411,98902,2761.06,1272,3263,1333,8346,64743,25589,32328
2006,12,2,25066,37686,30743,42801,70003,2761.06,1230,2634,3821,9206,63750,31253,22838
2006,12,3,3744,92402,32886,91535,67821,2761.06,2128,2653,1046,5400,85063,20276,1316
2006,12,4,87728,52688,19893,45413,24768,2761.06,1001,4832,3672,8095,92632,17358,34636
2006,12,5,57285,30215,96310,1106,278,2761.06,2358,1518,3812,6410,11906,11966,26412
2006,12,6,32248,5387,26991,87271,10788,2761.06,3899,4866,1093,7592,60279,11730,28406
2006,12,7,94779,97633,72045,33452,65729,2761.06,2125,3012,1243,9582,24118,27872,14677
2006,12,8,47551,22829,48245,16363,54425,2761.06,699,3023,1889,5388,90294,18066,10151
2006,12,9,41095,64194,23895,22188,74337,2761.06,4399,4114,1806,6443,10290,13886,34174
2006,12,10,97473,61044,86899,8716,15830,2761.06,2939,3379,1549,9534,96094,37325,27369
2006,12,11,77686,98146,40349,75927,27187,2761.06,4954,4632,2539,8849,23172,15070,46995
2006,12,12,9375,67572,70991,7533,368,2761.06,1418,2839,1910,9348,22906,33132,39908
2006,12,13,18390,75846,62864,1291,93381,2761.06,3615,1065,3454,8964,46992,10390,25310
2006,12,14,42311,48299,85274,69851,73500,2761.06,1725,2874,2368,9067,13526,42735,24798
2006,12,15,48976,78178,6927,16278,69199,2761.06,4409,3939,2029,9122,10470,15409,29833
2006,12,16,37583,43846,2828,27390,39162,2761.06,4381,1472,4469,6006,51322,37969,16172
2006,12,17,70804,39400,87196,63173,98468,2761.06,2259,3794,3482,5538,80071,15370,43954
2006,12,18,41723,79482,77973,63753,58107,2761.06,513,1386,2047,9394,39429,32561,33203
2006,12,19,80864,83812,64034,11686,29818,2761.06,1006,1252,1106,6412,80145,35925,31708
2006,12,20,13507,68757,49720,1990,64295,2761.06,1021,1017,1258,7996,69769,33730,29792
2006,12,21,37196,81635,95771,80596,96328,2761.06,3156,3542,4011,7092,21579,48828,35201
2006,12,22,75249,37586,65802,62707,57139,2761.06,3632,1300,1055,9416,88986,45349,45947
2006,12,23,60847,65008,1367,86471,35354,2761.06,1552,3900,1926,9322,69495,31801,37488
2006,12,24,17524,49004,91696,36535,92545,2761.06,1714,2792,2212,7746,30499,40703,29628
2006,12,25,46167,95484,27701,77222,10187,2761.06,2571,1033,3045,9558,73855,49750,16687
2006,12,26,77778,60409,38652,63252,42732,2761.06,1404,1606,3502,9451,29492,16046,24499
2006,12,27,99079,31207,50192,82644,31427,2761.06,4698,2593,2525,7398,54814,10874,30691
2006,12,28,437,43738,90097,14834,34028,2761.06,4584,1804,1434,9587,91407,49795,30305
2006,12,29,60438,69164,76402,33940,38615,2761.06,1338,2693,3451,6529,36688,34878,5894
2006,12,30,47220,76387,62472,39745,60137,2761.06,3807,1154,2375,5256,91757,27754,33638
2006,12,31,45561,72694,55911,2625,92281,2761.06,3771,2718,1480,5172,12066,21446,47318
2007,1,1,19348,25492,87221,85877,62180,2248.32,4447,4917,2273,9191,15053,14726,38451
2007,1,2,64352,91978,94639,45960,83736,2248.32,1519,1428,3302,8070,65061,41971,22393
2007,1,3,29267,17780,74804,40791,37141,2248.32,4559,1488,3093,7146,42364,16624,12602
2007,1,4,50231,91813,21543,17504,97356,2248.32,4766,3058,3573,5756,24017,28660,36596
2007,1,5,84501,31889,85089,62803,42384,2248.32,1125,1649,4280,9150,12439,21421,1270
2007,1,6,74883,3351,77910,79328,65131,2248.32,951,1712,3437,7493,65567,42145,36626
2007,1,7,20442,16687,36556,65367,62443,2248.32,4026,1943,2461,9114,26097,34845,10574
2007,1,8,45617,63576,22847,29897,75856,2248.32,1317,2089,4988,5578,46416,36470,1639
2007,1,9,82205,92369,68183,26994,76214,2248.32,990,3006,1788,8214,94724,45582,1798
2007,1,10,82620,88751,92526,91433,84218,2248.32,1277,4833,3550,5476,76081,40757,34976
2007,1,11,17115,43752,57848,88455,89330,2248.32,4925,2885,4335,9459,14879,21901,20616
2007,1,12,59562,16722,34908,42702,38768,2248.32,3284,1386,4734,7161,12819,35303,45985
2007,1,13,48489,55449,81489,63391,37277,2248.32,4148,1494,2673,8347,59197,14014,7571
2007,1,14,48963,84123,11241,94651,9934,2248.32,1551,1704,2840,7810,44900,47960,26120
2007,1,15,13795,49537,19347,64882,46699,2248.32,1536,1538,1302,8025,74929,23946,48518
2007,1,16,71948,29078,44690,89621,73777,2248.32,2974,4090,4360,8438,33740,14293,3887
2007,1,17,66686,66644,16493,25879,34455,2248.32,3838,4600,1868,9536,45833,23979,11394
2007,1,18,24407,62371,85519,44725,60396,2248.32,502,3694,1762,9711,38314,29652,10448
2007,1,19,83598,67641,18743,4310,91856,2248.32,4955,3540,1942,5818,84418,36284,18836
2007,1,20,29193,8257,67238,40123,67794,2248.32,916,3551,1790,5971,69627,17566,13071
2007,1,21,92771,4650,17234,14999,84362,2248.32,4650,4310,4540,9745,88620,31395,21900
2007,1,22,98581,39928,6288,50411,7727,2248.32,1695,1919,1286,7874,93393,49459,40707
2007,1,23,33355,23847,8011,25148,56171,2248.32,3686,1198,3639,7430,80291,33000,27638
2007,1,24,82820,91294,67311,22360,37391,2248.32,918,2322,3561,6394,10962,36288,22283
2007,1,25,83453,55781,73208,15119,76065,2248.32,930,4418,3150,5292,50917,29320,32953
2007,1,26,32931,44605,60966,31570,55525,2248.32,921,4695,3901,9176,93407,36292,7609
2007,1,27,3219,63514,54967,31780,56260,2248.32,3067,4711,4831,7626,71182,11800,7700
2007,1,28,40579,2113,31667,63730,57405,2248.32,4401,1686,3539,6006,54607,15415,32584
2007,1,29,77975,85529,70112,43229,113,2248.32,872,3330,3383,6774,51461,49643,13519
2007,1,30,74891,19530,55707,4722,77156,2248.32,1969,4086,1438,8635,14167,11058,26889
2007,1,31,57571,73569,9444,1111,10288,2248.32,1525,4613,1872,5986,47841,32395,30404
2007,2,1,10066,2078,42595,10905,53540,2959.21,2146,3068,4295,6448,66575,15082,8590
2007,2,2,50189,17014,19241,25176,31181,2959.21,4098,4749,2793,6966,31388,28196,21998
2007,2,3,33086,36002,10480,52427,196,2959.21,1636,1070,4952,8470,37516,14843,42876
2007,2,4,52820,39663,37912,83468,62883,2959.21,1003,4422,2852,8086,54598,19033,20840
2007,2,5,98594,70049,90135,62739,70257,2959.21,934,4693,3875,7765,88471,24070,21523
2007,2,6,10641,40109,84332,21946,34339,2959.21,1788,2158,2862,8486,70625,14202,38200
2007,2,7,78244,27981,86519,16096,4576,2959.21,1480,3168,2516,7966,65906,14124,7469
2007,2,8,45841,73193,50171,19717,90959,2959.21,3786,2950,3749,8948,39895,29440,38642
2007,2,9,32670,43037,32951,26884,441,2959.21,3979,3683,2907,6849,94778,19926,3576
2007,2,10,60671,12612,72004,4539,20578,2959.21,3663,1418,3806,5185,86134,34764,4262
2007,2,11,23827,96273,69067,18929,7095,2959.21,3368,1115,3350,5302,82998,18790,8963
2007,2,12,1246,83330,47474,65505,86531,2959.21,4338,2200,1214,6341,51739,41792,8604
2007,2,13,76956,86755,74563,20762,71940,2959.21,1877,1540,3320,7614,31045,46766,10697
2007,2,14,66258,95766,52882,50960,77084,2959.21,4749,4680,1130,7158,76536,22091,35880
2007,2,15,42179,10876,69292,29745,33569,2959.21,1536,1056,4136,6098,47636,46075,37383
2007,2,16,73147,19514,8194,62820,76810,2959.21,4585,4418,1782,9898,10378,28439,39239
2007,2,17,64699,46480,39473,16612,30055,2959.21,3702,3584,1883,8700,18328,10452,16009
2007,2,18,78081,56218,87328,2217,68668,2959.21,4644,1814,1668,5684,20985,13990,34965
2007,2,19,78428,80571,23410,13432,9390,2959.21,3223,1790,2970,7695,14112,43024,1190
2007,2,20,13704,62106,47961,56940,2803,2959.21,3743,1774,2506,8630,99451,41173,16290
2007,2,21,72387,14096,49340,59569,36933,2959.21,3558,1466,2247,6648,45143,42988,20325
2007,2,22,29811,3367,99781,42782,17414,2959.21,2157,2468,1640,8182,17658,17802,23184
2007,2,23,16408,54503,1678,38914,91926,2959.21,1438,4311,1854,5778,23879,18507,1129
2007,2,24,82455,63791,220,66054,43462,2959.21,798,3272,1430,6134,32405,32493,45363
2007,2,25,14711,34563,29962,16351,84681,2959.21,2145,2439,1854,8823,56352,47148,1454
2007,2,26,39952,19144,77813,71528,31274,2959.21,1386,1414,3185,6605,12485,41647,18044
2007,2,27,18320,87880,31272,83400,95758,2959.21,2244,1898,4590,8854,26818,49271,13677
2007,2,28,79280,80316,16711,855,19139,2959.21,4355,1798,3558,8519,46969,12376,39416
2007,3,1,19708,86263,41101,76314,98748,1714,4632,2978,1510,8778,98736,10398,32748
2007,3,2,76629,25556,24989,5187,68726,1714,4465,4041,2322,6718,68179,13089,24260
2007,3,3,32380,59974,88000,40899,23295,1714,2460,3002,1796,9834,19315,45544,44183
2007,3,4,7660,30300,64875,54382,24684,1714,4779,2664,1046,9768,22850,40595,29963
2007,3,5,30380,23669,39637,4054,25341,1714,2142,2719,4141,5141,14969,14882,24169
2007,3,6,99324,98782,66791,46121,23695,1714,3016,2705,2756,9242,16766,23792,36106
2007,3,7,69206,66867,91457,91076,72987,1714,1670,4718,4326,7659,23771,46018,30659
2007,3,8,61828,90915,70090,62321,46056,1714,4756,1546,3840,6546,15712,15078,35059
2007,3,9,39004,32220,55240,88113,21462,1714,1904,2018,1100,9712,98093,29883,23679
2007,3,10,371,96117,49602,71050,33776,1714,2067,1954,4287,7157,74274,26694,23374
2007,3,11,22216,60384,88426,22408,13282,1714,4941,3637,3495,6162,56749,16309,46277
2007,3,12,75212,35006,73328,32109,4718,1714,3344,1439,3889,7945,92488,34016,37774
2007,3,13,17671,59557,62323,98310,13066,1714,886,1632,1979,6868,74040,26613,36597
2007,3,14,26059,20334,95251,70906,38219,1714,2214,3430,3356,6894,61890,16156,2000
2007,3,15,14668,40235,45865,14909,84533,1714,562,2202,2909,7598,16864,10974,38354
2007,3,16,64195,41869,78959,77527,71650,1714,4139,2707,4684,5741,84965,27902,2999
2007,3,17,84093,22180,41333,87449,49074,1714,1873,1622,1161,7737,95000,10693,19576
2007,3,18,96091,60277,79249,10352,87875,1714,2677,3421,4332,6636,62299,42333,46113
2007,3,19,85987,82791,56394,75671,98532,1714,3573,3975,4889,5058,86423,45315,41359
2007,3,20,80833,14649,25408,73347,72386,1714,4039,4828,3388,9639,11531,17615,36761
2007,3,21,42104,65562,86037,96436,82198,1714,3769,4535,2477,5162,60206,12360,14688
2007,3,22,52873,80132,61336,32762,41389,1714,3076,3573,3758,9836,11919,17495,47759
2007,3,23,56597,62311,52324,86337,91951,1714,3951,4053,1546,6339,46841,44317,30208
2007,3,24,71027,1963,28853,18504,13477,1714,863,1348,1092,8822,15461,26930,5411
2007,3,25,6309,9891,81856,1419,29727,1714,3914,2674,2436,7589,89010,14386,43775
2007,3,26,17797,92963,14793,79917,99302,1714,4233,1680,4947,6182,10376,19560,27986
2007,3,27,58497,2400,76124,60391,44598,1714,2320,2258,2826,5527,68676,47552,7937
2007,3,28,79302,37591,66579,68090,75181,1714,2476,4328,4903,7250,89245,30556,5590
2007,3,29,41606,13479,67237,21553,82917,1714,1327,2765,1171,7614,18155,17030,38773
2007,3,30,48091,21828,19379,65918,7355,1714,4821,3007,1997,6400,71096,33529,4408
2007,3,31,68342,19925,59211,49597,83545,1714,1504,1501,3285,6582,79405,11202,48456
2007,4,1,27085,35320,10037,50887,53475,2516.33,3977,1653,2887,5014,99007,18422,12157
2007,4,2,11068,18367,60644,23820,5815,2516.33,3512,1488,4735,8108,25635,18190,10526
2007,4,3,4614,67138,96476,34707,46543,2516.33,4923,3627,4348,9959,40865,29174,24030
2007,4,4,58468,56195,70828,72707,37441,2516.33,1352,4860,4552,8014,88679,10367,36187
2007,4,5,62522,13545,52459,48609,71653,2516.33,1798,2617,1910,9625,43675,16260,28094
2007,4,6,70008,13599,81753,95708,9910,2516.33,4882,4729,1382,8274,57435,32604,22618
2007,4,7,48249,48789,13817,69153,17137,2516.33,871,1009,2392,8329,44617,16206,18849
2007,4,8,42776,27768,13015,88006,23745,2516.33,1130,1798,1640,8478,11632,46549,6690
2007,4,9,33205,97046,97631,28369,59107,2516.33,2324,3706,1558,9198,92859,14806,21419
2007,4,10,9990,5083,66056,58734,53413,2516.33,2777,1187,4791,8602,17718,44887,27025
2007,4,11,48834,13028,4992,51826,7262,2516.33,4726,1817,2847,9458,85185,33305,10803
2007,4,12,33776,78863,7013,86686,86356,2516.33,1731,1344,1305,5582,71429,24717,16224
2007,4,13,49811,34207,87257,20954,42703,2516.33,840,1535,2180,6718,43360,40793,4154
2007,4,14,47986,24439,97612,55833,86796,2516.33,4138,1922,3010,5014,23607,14365,49149
2007,4,15,78726,80339,77062,31,19477,2516.33,1100,4286,4049,9426,90239,41751,48491
2007,4,16,98862,22433,49639,16042,43264,2516.33,3187,1249,3788,6454,63433,36936,9351
2007,4,17,69947,18924,73859,64310,81426,2516.33,566,1502,4156,8440,76533,29985,13819
2007,4,18,86931,83986,99272,2332,78694,2516.33,878,3907,3295,5238,26300,21558,5864
2007,4,19,35775,99488,79160,69564,70286,2516.33,1499,1584,2868,6709,37245,25646,8946
2007,4,20,10528,82272,52149,21037,20712,2516.33,1021,3994,4018,9654,42677,24064,45034
2007,4,21,72508,3113,17972,803,29537,2516.33,3713,1274,1926,8458,51226,46748,10624
2007,4,22,43170,74078,19685,21039,70787,2516.33,1684,2666,1116,5184,18702,42616,6930
2007,4,23,10219,69724,32963,39237,36368,2516.33,4652,3875,1814,7960,26029,24640,25641
2007,4,24,74600,31095,6304,34711,31672,2516.33,2810,4840,1606,7495,12230,18745,7530
2007,4,25,90777,25267,16412,46330,90452,2516.33,606,1348,1188,8260,39905,23907,35114
2007,4,26,80253,35911,99135,75357,49886,2516.33,1349,1682,2610,5314,75546,17154,25165
2007,4,27,96535,89710,79123,44493,7205,2516.33,3237,2980,2971,6000,60662,23422,7705
2007,4,28,47466,15961,24092,68654,20573,2516.33,2561,1660,2610,6810,92533,32496,30349
2007,4,29,83212,8883,23333,72175,47888,2516.33,1455,4421,4940,7746,10540,28496,15232
2007,4,30,79635,68504,26477,28958,80856,2516.33,2379,3321,4450,5654,13326,40023,37139
2007,5,1,72240,57201,22134,13936,66086,2887.81,3498,1320,4313,5672,39207,25896,4630
2007,5,2,78481,99981,97189,50410,5246,2887.81,1395,1750,3513,5352,70956,22003,25685
2007,5,3,44084,15630,91455,36906,28956,2887.81,1428,1195,1381,8561,31482,37466,47830
2007,5,4,69543,61333,78787,30208,47006,2887.81,2456,1837,4325,9644,92246,11856,34346
2007,5,5,61682,54995,46024,30195,30347,2887.81,2197,1574,2608,6646,27687,27916,16980
2007,5,6,74185,70468,79112,95566,35381,2887.81,3032,1274,3277,8170,51482,13142,26946
2007,5,7,12517,90291,93472,63194,9935,2887.81,4116,1615,2064,5998,18161,15078,35719
2007,5,8,98472,36712,94545,47433,46715,2887.81,706,1808,4051,6558,32816,44432,22233
2007,5,9,47757,15849,65707,52386,10372,2887.81,4020,4239,3830,7491,18784,16246,33541
2007,5,10,99562,37902,38085,56626,19394,2887.81,786,4216,2957,9874,98000,12056,6247
2007,5,11,93517,39701,93275,2569,60512,2887.81,3352,4619,3291,5410,93357,18662,26092
2007,5,12,78952,97378,24254,19134,11221,2887.81,4250,1574,2291,7335,83759,33036,43039
2007,5,13,79934,60500,83605,89243,15433,2887.81,1617,1230,1305,9794,44220,48169,31606
2007,5,14,80984,7573,39141,39275,52984,2887.81,4289,3286,1226,9798,67419,14904,32498
2007,5,15,7933,36671,84582,21576,60358,2887.81,4611,1642,3840,8216,45884,10624,18341
2007,5,16,19822,23854,85925,57479,78746,2887.81,1999,1080,4069,9190,31707,23404,46498
2007,5,17,59990,55997,71691,22569,37243,2887.81,790,1470,3484,9202,66750,18841,5463
2007,5,18,49289,37715,41836,78129,75931,2887.81,902,2103,2924,8302,69581,13350,4072
2007,5,19,3879,57934,99103,74300,69074,2887.81,2704,1686,3157,5746,67982,40400,30810
2007,5,20,41209,64350,1928,49693,45298,2887.81,4885,4586,2743,6720,89066,48673,18678
2007,5,21,80792,44172,27129,25069,1553,2887.81,1738,1750,2000,7192,79729,12850,46711
2007,5,22,78003,93786,1835,81160,79533,2887.81,2911,2092,1046,9838,12578,12168,36170
2007,5,23,24869,54375,6755,47612,47448,2887.81,1285,4590,1343,6836,69658,15800,12173
2007,5,24,86476,17749,79678,57471,64942,2887.81,3890,2943,4544,8338,40454,15428,25760
2007,5,25,34599,78367,18874,1469,18205,2887.81,3636,4424,2736,6742,14082,13080,22011
2007,5,26,48916,53322,1127,5259,43087,2887.81,4506,1838,4885,5535,19736,19826,20785
2007,5,27,51295,49980,29122,20840,82057,2887.81,2619,1654,1300,5998,34474,15202,35928
2007,5,28,59855,48112,74627,68944,84854,2887.81,966,1030,1335,6604,71731,44422,31663
2007,5,29,13742,67590,56689,18627,43125,2887.81,4804,1552,1403,9174,47962,24811,26425
2007,5,30,36205,50582,57818,16851,72075,2887.81,3404,3280,1642,6070,17223,41608,42293
2007,5,31,4694,42703,91730,72381,69307,2887.81,3154,4399,1049,9842,18025,24173,13461
2007,6,1,39182,1297,59023,89459,49259,2169.93,663,4840,3003,8865,88266,19510,33835
2007,6,2,7270,36547,7051,46652,70123,2169.93,1344,2824,1582,7460,98482,20200,48660
2007,6,3,6880,97883,51250,63075,32260,2169.93,693,1441,4423,9440,60899,17372,41775
2007,6,4,54902,2915,8522,29258,78132,2169.93,4552,1630,1038,6603,48404,36160,13140
2007,6,5,51615,99749,65337,8355,39826,2169.93,3554,3057,1700,6155,42483,10312,13819
2007,6,6,54282,38177,81754,13705,9244,2169.93,2386,1004,1919,7259,19518,40050,42653
2007,6,7,60400,5659,41804,26438,92262,2169.93,3949,3875,1307,8580,68581,12485,40208
2007,6,8,8104,97136,41895,86157,9643,2169.93,1468,3924,3905,9156,93980,48148,34378
2007,6,9,53578,32719,28646,15497,79979,2169.93,1899,1729,1670,7414,99518,19023,4752
2007,6,10,20262,78468,29252,26569,22753,2169.93,4053,2207,4968,7646,49715,20962,47833
2007,6,11,31677,62536,1239,70582,57109,2169.93,726,2038,2937,7464,58886,24267,45220
2007,6,12,34832,30786,80997,95242,60840,2169.93,4264,1100,1362,7040,15348,14437,30515
2007,6,13,7701,13075,77998,2669,60375,2169.93,4982,2050,1600,9838,78984,30060,27713
2007,6,14,52793,14067,7099,80730,94146,2169.93,4997,3976,3122,9410,40569,23962,15986
2007,6,15,99213,21187,55063,74546,31054,2169.93,680,3753,3510,6674,57773,18884,29084
2007,6,16,27397,97757,77287,33997,38978,2169.93,4057,3121,1688,7507,88850,30834,22623
2007,6,17,3493,10200,26163,16616,28898,2169.93,1929,3109,4270,8343,19006,35323,33085
2007,6,18,57428,24342,74078,65938,24026,2169.93,1173,1422,1926,8459,85418,10366,31851
2007,6,19,1083,15828,9409,4123,53336,2169.93,1308,3179,4810,7656,12302,20059,14612
2007,6,20,26908,13076,98169,31178,91420,2169.93,2852,1654,4220,6929,31135,48246,33528
2007,6,21,5133,82309,66021,67443,27120,2169.93,3730,4553,3618,8138,48676,36953,17791
2007,6,22,92750,66337,26485,33913,10160,2169.93,3971,2066,1422,8492,84595,13938,32632
2007,6,23,68372,67449,18676,42592,40730,2169.93,2189,2213,3470,9561,29656,41942,16163
2007,6,24,7353,14739,52848,7323,92877,2169.93,627,1978,4212,7111,52242,44371,17876
2007,6,25,19743,56214,47791,81802,91058,2169.93,566,4428,1185,7918,18372,23267,32386
2007,6,26,36469,91914,35481,1292,31476,2169.93,3233,3827,1226,6080,46149,10920,31489
2007,6,27,63957,6777,7434,64521,10240,2169.93,3891,4982,2240,6076,11783,23298,9676
2007,6,28,71772,63414,99079,87957,33720,2169.93,1223,1574,1442,6122,71479,14392,17451
2007,6,29,94545,64713,12371,90772,27145,2169.93,1226,2452,1647,5366,71972,16486,24872
2007,6,30,96039,47217,38221,28279,70250,2169.93,2928,3372,4769,7007,46329,13488,16356
2007,7,1,23905,33677,26526,36961,5156,1690.52,2857,1219,2438,8628,29716,37309,1254
2007,7,2,51207,37169,85309,87570,25494,1690.52,3607,2709,3119,8237,59310,14475,43548
2007,7,3,96167,17684,44245,79526,80365,1690.52,678,4268,4113,6434,57581,45620,24085
2007,7,4,23281,5439,98193,35720,60419,1690.52,4380,2976,1428,9388,15545,13852,27909
2007,7,5,18237,99153,95983,66356,43742,1690.52,2182,4907,1370,7778,19432,36044,21646
2007,7,6,81864,16120,6665,55977,39332,1690.52,2948,3963,4683,6140,14682,30101,14246
2007,7,7,94049,70416,58078,91830,95105,1690.52,3750,4692,1942,8750,12399,49220,39975
2007,7,8,82731,9583,89128,4763,67361,1690.52,806,1160,1031,7470,37903,46714,24913
2007,7,9,61717,5853,75678,47752,71993,1690.52,4205,2393,3479,8634,90574,38583,6713
2007,7,10,58610,5677,18276,80440,16762,1690.52,4659,1696,1608,5139,20605,40321,47027
2007,7,11,76404,27764,5897,33787,25235,1690.52,500,3302,1004,5068,67405,17422,43801
2007,7,12,45594,61611,53094,39073,46598,1690.52,4007,1558,4344,8634,16046,32457,43668
2007,7,13,25662,48010,98302,98622,99501,1690.52,3942,1816,3022,9598,19388,38256,35259
2007,7,14,21344,56542,7911,87348,95423,1690.52,3047,2368,3278,9198,12792,16227,25316
2007,7,15,54809,56801,37786,4153,35435,1690.52,1610,2447,4143,5082,76069,14602,39783
2007,7,16,36522,31364,79547,99544,92555,1690.52,4151,1026,3480,8413,17596,23903,5588
2007,7,17,20082,75645,47624,89712,3138,1690.52,938,2945,2215,7456,78450,19002,10416
2007,7,18,99858,81413,46450,4002,82676,1690.52,3996,1106,1942,9895,51444,29140,38871
2007,7,19,25483,55596,9391,20316,362,1690.52,4218,1798,1366,8193,10153,38471,43339
2007,7,20,18609,16092,12770,35825,76167,1690.52,1178,1023,2631,7627,96376,21658,41220
2007,7,21,22851,20374,7207,93085,56621,1690.52,3576,2102,1206,8646,18769,30959,8651
2007,7,22,74010,29340,51402,9344,87533,1690.52,4167,1141,3997,6936,58317,20163,27907
2007,7,23,84508,79496,62539,57139,63475,1690.52,622,1324,1290,9446,95760,18150,8916
2007,7,24,27358,84338,50715,74308,15008,1690.52,542,4016,3823,6048,98360,36356,19485
2007,7,25,50926,78880,92498,44923,55816,1690.52,1437,1674,1661,7960,13812,10135,1640
2007,7,26,69243,75313,96461,64883,44019,1690.52,2142,1375,2909,8428,62034,15844,42221
2007,7,27,53694,67301,13286,52517,40320,1690.52,926,2596,1876,8156,52518,29043,27998
2007,7,28,14888,308,35718,77901,94284,1690.52,3036,3525,1193,6854,44760,12582,15882
2007,7,29,93069,78255,89292,2331,62464,1690.52,1599,1156,3626,9884,85025,25298,1327
2007,7,30,67883,40250,82895,91111,4324,1690.52,646,1134,2072,8922,13463,12707,1766
2007,7,31,88106,17852,42586,45651,18700,1690.52,2214,3119,1208,6506,30449,28063,37346
2007,8,1,73401,44220,22811,29638,45597,2833.29,3871,2198,2355,9972,13052,15472,14461
2007,8,2,91488,58436,33897,13712,88251,2833.29,3168,2453,4189,5750,41152,26534,46605
2007,8,3,43738,69273,8486,96596,16074,2833.29,779,1662,2120,7188,35463,42716,36549
2007,8,4,54403,49335,44915,68110,70668,2833.29,3581,2155,2575,7477,92218,47177,17788
2007,8,5,80434,26739,69632,19623,6909,2833.29,2508,1997,1407,8022,63592,28833,10784
2007,8,6,23895,64372,34660,21015,4314,2833.29,734,3715,1626,5426,26824,12960,20123
2007,8,7,9138,60406,84983,68065,44235,2833.29,994,4668,1190,9754,60642,43551,43553
2007,8,8,12009,39504,10549,8416,10498,2833.29,2248,4391,4864,7658,71758,18364,24142
2007,8,9,58382,51842,17893,10542,93191,2833.29,2017,3679,1473,8351,86743,15708,44717
2007,8,10,11905,18338,6729,48547,19562,2833.29,2097,1569,1873,8998,39985,33722,17371
2007,8,11,93140,93586,84467,48004,81846,2833.29,2181,1578,4417,5073,67120,17607,6225
2007,8,12,86143,490,52640,7616,18841,2833.29,3323,1498,4071,6403,79291,19980,5735
2007,8,13,63775,87741,41555,87000,6739,2833.29,2074,1229,2829,6190,64233,39674,47892
2007,8,14,94117,87767,46253,18534,29192,2833.29,1140,1685,3861,5131,39301,49054,13373
2007,8,15,60867,28977,96151,51290,25381,2833.29,1274,1022,4534,9181,17724,10526,41794
2007,8,16,17073,45932,18855,24902,83824,2833.29,927,2939,3557,7180,96472,32748,49440
2007,8,17,6905,48966,80787,37119,54097,2833.29,1172,1314,4063,8674,82604,40795,20088
2007,8,18,90469,60231,96302,86355,79412,2833.29,3978,1484,2442,7832,37737,10198,21512
2007,8,19,23624,68666,45558,27181,62198,2833.29,1281,1842,2000,7067,22571,45091,42031
2007,8,20,77155,25096,76407,42570,23771,2833.29,3365,1190,1194,6018,16944,15004,25363
2007,8,21,67530,5923,27841,51325,30108,2833.29,3942,3730,1198,9008,97263,29143,31930
2007,8,22,6530,73545,14598,13877,46964,2833.29,650,1906,3616,8078,83038,19158,37169
2007,8,23,59793,32756,49329,95385,95127,2833.29,1740,4007,3546,7526,46683,18653,16273
2007,8,24,52863,65626,88737,19809,46478,2833.29,3952,4358,1800,7108,83235,22858,36000
2007,8,25,17070,74908,79680,95686,42986,2833.29,4423,2777,1825,7512,14513,23303,29070
2007,8,26,30024,57607,2311,34923,28539,2833.29,3575,1400,1952,8663,19494,27448,48995
2007,8,27,44663,50162,46808,36910,30063,2833.29,1119,2131,1301,5798,42817,30638,46395
2007,8,28,34869,73593,99768,63046,37345,2833.29,1348,3719,3238,5010,18641,16777,14281
2007,8,29,70357,88570,98178,17681,47233,2833.29,542,3247,2251,8287,61508,12313,15739
2007,8,30,21034,37629,75798,58687,9779,2833.29,4324,4646,3558,5443,24043,12254,18615
2007,8,31,86077,26744,45975,74315,48107,2833.29,1091,4814,1786,5621,52494,33121,30968
2007,9,1,63976,57721,19964,22263,19229,2514.4,4648,3208,4425,8334,82987,43039,48629
2007,9,2,57660,43986,67951,29455,84382,2514.4,530,1124,2530,9845,59230,23498,30205
2007,9,3,80937,10398,59387,2910,62892,2514.4,621,1866,2931,9494,65481,17350,8860
2007,9,4,9213,25130,91721,33639,59816,2514.4,3029,3826,1750,7331,63281,19426,24708
2007,9,5,7537,78812,46903,67,68657,2514.4,4916,1900,2882,5655,68854,45773,22486
2007,9,6,74515,25828,22641,73799,2764,2514.4,2310,3328,1918,8070,78318,11548,4474
2007,9,7,75091,71348,39597,10136,65032,2514.4,913,2567,1688,5640,72633,16697,2878
2007,9,8,15301,78903,48995,48183,44558,2514.4,3956,1722,1206,5906,18452,12791,34201
2007,9,9,3774,1532,91120,49728,85563,2514.4,1002,1314,2137,5092,87139,38520,19438
2007,9,10,14322,33053,11088,12363,42220,2514.4,4059,2520,3974,8053,11414,23531,1318
2007,9,11,62254,66011,58956,38634,65311,2514.4,2777,4083,1060,5248,18810,37974,34529
2007,9,12,11039,90660,64979,84528,85752,2514.4,3047,1425,1521,8278,28787,43740,2118
2007,9,13,50559,7847,17613,29534,52252,2514.4,4416,1722,1364,9456,85842,37340,39668
2007,9,14,29253,3620,56424,31665,28868,2514.4,4638,4905,1796,9242,24432,17996,25235
2007,9,15,53086,63832,84422,70959,14318,2514.4,1050,4876,2406,8663,10761,12028,13209
2007,9,16,4683,80178,36867,26712,24902,2514.4,4051,1020,2679,7750,17422,21546,22709
2007,9,17,62062,21808,27805,44307,22776,2514.4,2302,1730,2420,6162,63170,46737,18589
2007,9,18,42637,94221,27966,96396,59236,2514.4,2404,3917,3904,5622,90629,10157,38727
2007,9,19,94683,4681,30663,37362,91508,2514.4,3908,3568,1990,6138,14226,43765,32832
2007,9,20,21653,42882,69626,70425,55958,2514.4,2162,4945,3367,5127,11340,10442,32796
2007,9,21,207,30098,66521,19111,85720,2514.4,4267,1638,4534,6281,17763,36041,23502
2007,9,22,59113,43024,55963,30103,96088,2514.4,906,4092,3069,9844,18094,35378,20189
2007,9,23,58992,38031,325,18711,99511,2514.4,1313,4716,4465,8382,18826,26537,28017
2007,9,24,77688,14446,56940,88574,40727,2514.4,967,1190,1750,6929,62644,46517,41055
2007,9,25,33470,2864,80610,62892,29060,2514.4,3269,4402,4508,9900,23112,39018,1479
2007,9,26,9315,44427,38735,83780,64965,2514.4,642,4003,3357,7224,47577,45435,23913
2007,9,27,41015,38545,61626,91445,1826,2514.4,4313,1206,3484,5130,98185,22543,24270
2007,9,28,52754,62808,76946,92262,27753,2514.4,2632,3418,1682,5446,37198,42152,16411
2007,9,29,76632,13867,1156,81341,63827,2514.4,1776,4840,4980,9516,12636,21805,15085
2007,9,30,45376,83302,73453,88860,34577,2514.4,2755,3681,1602,8486,12295,44901,37990
2007,10,1,59928,48320,64651,62646,1870,2821.35,628,2088,4310,6969,95914,39394,6803
2007,10,2,80098,17107,9376,84851,46095,2821.35,930,4395,1978,5437,80324,17958,47533
2007,10,3,13193,84006,76123,597,12653,2821.35,3059,2579,1400,5428,51577,37564,21024
2007,10,4,59513,7206,86005,175,60527,2821.35,4568,1256,1534,8943,25474,27822,31919
2007,10,5,62829,72052,7219,83813,23841,2821.35,4138,2032,4251,5261,53981,16904,3895
2007,10,6,72637,42041,5836,8332,94750,2821.35,2248,1236,1950,8252,70787,15706,23765
2007,10,7,46524,76709,98473,61900,92004,2821.35,4722,4831,2349,6594,38644,36190,40299
2007,10,8,83539,64135,89575,87790,49396,2821.35,1045,2032,1947,6881,46715,46697,43556
2007,10,9,646,8964,83663,97968,57217,2821.35,816,1606,2510,5190,81990,39513,4451
2007,10,10,10939,38065,94346,23288,17709,2821.35,829,2598,2123,7054,10786,12871,32990
2007,10,11,41664,42786,1256,43612,69667,2821.35,626,1664,3286,5302,15878,46854,47971
2007,10,12,11125,56800,66946,58635,43792,2821.35,3148,4729,4704,10002,94369,37412,15288
2007,10,13,41835,86551,71364,38958,68307,2821.35,3180,4970,4536,9435,53581,11120,26752
2007,10,14,83759,10242,92220,57045,50564,2821.35,3898,1688,2706,6814,20322,26497,9555
2007,10,15,36131,18471,81228,55835,10964,2821.35,4599,4149,3498,7766,24459,13157,41949
2007,10,16,74066,42640,73128,9954,78428,2821.35,1860,2185,4653,7046,19229,20216,43061
2007,10,17,49987,39480,98257,32693,26675,2821.35,4189,2804,3401,6768,34991,30717,18580
2007,10,18,65069,44591,49867,43568,41905,2821.35,3076,2321,1965,5120,42274,11744,24326
2007,10,19,55616,74136,73930,25269,14567,2821.35,1836,4552,1394,6582,13596,42015,9511
2007,10,20,95025,72787,54820,64778,45907,2821.35,998,1960,2104,6882,70894,18026,6163
2007,10,21,86039,93971,57682,19356,6526,2821.35,1099,3492,1802,5550,20112,21361,49957
2007,10,22,47243,81949,85915,12584,58394,2821.35,4598,4769,3648,5770,34547,34555,49511
2007,10,23,81933,80042,45531,49038,91755,2821.35,4397,4145,1746,8346,13500,33271,16425
2007,10,24,48388,60953,11764,38831,82333,2821.35,794,1864,1470,9858,58510,19714,31876
2007,10,25,78321,63110,74691,83321,38880,2821.35,2875,2163,1272,9757,86200,47385,9238
2007,10,26,12534,76951,7883,39280,9030,2821.35,2550,3768,3687,5390,12598,47371,37736
2007,10,27,48893,89142,43299,95421,67952,2821.35,692,1271,1270,5031,29591,36501,1810
2007,10,28,84270,63820,73665,89901,43577,2821.35,3637,2462,3167,7872,11741,12196,9866
2007,10,29,65608,645,52317,80647,17662,2821.35,3017,1554,1658,7668,78326,38358,31267
2007,10,30,55830,78668,982,37100,53699,2821.35,3600,4319,1498,7264,60571,20672,46926
2007,10,31,23482,80562,43135,76649,8434,2821.35,814,4040,1872,7512,54686,11780,21229
2007,11,1,49056,88792,75539,86724,67118,2959.27,3904,1578,1230,6003,99483,28155,13897
2007,11,2,85956,70155,88900,33221,30727,2959.27,3053,1287,4058,9702,19720,40286,9572
2007,11,3,21251,10113,78511,28764,81151,2959.27,3893,1557,4539,9431,33281,13322,34396
2007,11,4,39681,92186,2442,70911,4542,2959.27,844,1002,3430,8642,40068,35508,18277
2007,11,5,30240,13123,46796,65650,79177,2959.27,935,1734,4331,6446,29189,40481,32868
2007,11,6,51546,79436,37040,41085,5219,2959.27,2740,4898,1742,6533,32160,16102,36673
2007,11,7,34810,97578,6600,39593,68246,2959.27,870,4837,1141,7614,80486,10644,46668
2007,11,8,21116,52775,55745,30448,3572,2959.27,2280,1468,1450,5438,12552,35939,1286
2007,11,9,93696,10294,47190,88906,43179,2959.27,534,2988,3279,7958,17580,27877,45703
2007,11,10,90979,9033,92715,67120,47281,2959.27,3789,3396,2326,9076,15195,12250,39553
2007,11,11,12171,68828,33719,92892,59500,2959.27,758,4546,4268,9514,58451,32446,12624
2007,11,12,38074,79812,10435,47706,24122,2959.27,1934,1451,3399,9306,14923,11014,44367
2007,11,13,40553,53713,85428,82880,64598,2959.27,1481,1767,1614,6234,69658,45301,1256
2007,11,14,74175,81193,14848,63443,39917,2959.27,889,4341,1638,5360,58398,26287,39652
2007,11,15,67043,333,57740,20442,51333,2959.27,2472,1885,1374,5810,91116,40971,22663
2007,11,16,39875,52598,84091,25677,64149,2959.27,2329,4675,1293,8529,18117,41209,20102
2007,11,17,8181,30359,1904,10347,53035,2959.27,2985,1366,1278,5862,56869,11966,10302
2007,11,18,99739,94342,3852,26113,33594,2959.27,3435,3468,3916,7766,15496,44417,44968
2007,11,19,3980,2827,99093,55273,21356,2959.27,2834,1784,3920,9484,72585,16954,33562
2007,11,20,25039,25571,53383,2025,36296,2959.27,3991,1033,1898,8398,78498,18182,10252
2007,11,21,29163,28286,44359,9431,62164,2959.27,3847,1142,2680,9291,37767,12694,9855
2007,11,22,2854,602,46275,66774,81691,2959.27,702,1728,4430,6932,25105,47077,18860
2007,11,23,63713,39097,49463,1009,73291,2959.27,1898,3804,2598,6256,44587,34761,27961
2007,11,24,92464,14787,17257,71496,84079,2959.27,1883,3283,1976,9028,86408,14694,5024
2007,11,25,53370,86488,76747,14152,39949,2959.27,2580,1398,1904,7042,21020,30590,1852
2007,11,26,21356,92920,65747,93954,25528,2959.27,598,2990,1030,8674,89486,25550,10334
2007,11,27,33698,77722,28834,5674,12231,2959.27,691,1951,1728,9782,12454,16066,15242
2007,11,28,70642,40035,94393,11590,33430,2959.27,3531,4784,4683,8564,65089,16563,15413
2007,11,29,50964,10156,84554,92436,88831,2959.27,2985,3879,4464,6818,60905,46695,40392
2007,11,30,62060,36597,94999,80140,5387,2959.27,3167,1028,2487,5128,15906,47268,7454
2007,12,1,62501,52053,5360,3130,17142,2074.94,898,3649,2827,5768,32479,29571,21923
2007,12,2,80865,87711,64036,27683,48616,2074.94,1093,1564,2081,6232,13910,45886,27083
2007,12,3,40752,82979,59726,89663,3300,2074.94,686,1608,4046,5697,85281,42540,6995
2007,12,4,63972,55726,86190,53151,34958,2074.94,4073,1652,2730,9461,59856,21346,35021
2007,12,5,6544,65950,72911,94977,68535,2074.94,862,1284,4191,9558,15300,32490,46213
2007,12,6,7583,85639,64643,32981,77688,2074.94,520,3010,3352,8061,27512,23309,16276
2007,12,7,13082,76587,89132,35813,22400,2074.94,3510,3942,1288,5554,40271,16174,15340
2007,12,8,8985,47486,41813,4528,98074,2074.94,3370,2007,4102,8738,71340,12594,7113
2007,12,9,50640,46861,11152,5344,41275,2074.94,3653,4355,1601,8282,13048,16030,38664
2007,12,10,49476,46382,99296,97116,59154,2074.94,3290,4490,3403,5102,89017,17829,5919
2007,12,11,28567,8740,39837,4021,93104,2074.94,2161,1654,1492,9338,65438,32015,27529
2007,12,12,39680,60444,2723,71282,44580,2074.94,1633,1654,1256,7494,15052,31129,9243
2007,12,13,96847,20812,31972,16603,92266,2074.94,4431,2183,1080,5022,41203,11080,20989
2007,12,14,18149,14717,15631,8890,99381,2074.94,2256,1678,4215,9978,26693,35146,47421
2007,12,15,85573,84679,45553,57549,25608,2074.94,3677,3805,1966,5254,71759,48854,3074
2007,12,16,57989,6191,36039,20421,13163,2074.94,956,2662,4662,7938,56551,40394,43594
2007,12,17,21711,30160,95807,95926,90138,2074.94,1071,2062,3530,6623,49610,15489,38852
2007,12,18,46049,54640,4295,36286,91640,2074.94,590,1968,3596,7530,86400,28110,42407
2007,12,19,97476,62357,75773,22138,86647,2074.94,2532,3356,3834,9390,17154,35324,48676
2007,12,20,13543,51705,77387,37073,44680,2074.94,2561,1464,2987,6424,43365,39626,26997
2007,12,21,15614,94858,55606,30563,82388,2074.94,3672,4862,1436,8900,18352,14728,42006
2007,12,22,99473,97237,15716,78308,71927,2074.94,4983,1902,4404,7452,38892,49083,36349
2007,12,23,718,41454,39812,15057,64662,2074.94,4682,1626,4385,9494,27188,26772,49529
2007,12,24,18646,2214,72987,39359,53011,2074.94,3070,2482,4926,5137,47141,43205,7691
2007,12,25,31487,43477,95026,52243,17198,2074.94,1326,4266,1723,7489,49322,22736,33919
2007,12,26,57018,54005,69364,51403,30645,2074.94,4526,1292,2006,7738,21351,18126,12904
2007,12,27,41556,84422,36962,62834,79560,2074.94,1038,2397,3931,8582,79639,11128,1850
2007,12,28,84983,97318,95396,76706,54807,2074.94,794,3175,3722,5157,79577,45718,44718
2007,12,29,48061,40456,11360,79530,74321,2074.94,4007,1760,2132,7814,95060,13043,32711
2007,12,30,1424,51100,56793,61707,2164,2074.94,2834,3497,1766,8229,96554,21259,2784
2007,12,31,62948,62349,65788,78022,13858,2074.94,798,1918,2172,5830,57799,26492,45365
2008,1,1,21807,8720,17645,22776,3780,2714.84,550,1230,1534,9054,89745,22967,47040
2008,1,2,41443,93243,39421,59673,6150,2714.84,3971,4849,2818,6698,98707,18170,27032
2008,1,3,73436,76978,6708,24886,34777,2714.84,804,1582,4622,9394,95709,44753,49552
2008,1,4,22786,52612,15985,42970,71220,2714.84,936,2662,1326,6862,72334,37825,5730
2008,1,5,48740,27658,22675,7911,61002,2714.84,2445,4436,4710,5504,75673,15838,37734
2008,1,6,51408,17423,38774,76030,76817,2714.84,2134,4602,3446,6246,58923,24665,34483
2008,1,7,75201,74860,87328,6877,62920,2714.84,4701,3010,3670,7375,35920,31023,26014
2008,1,8,5110,64718,15460,36172,222,2714.84,2010,1628,4907,6334,44009,13854,41133
2008,1,9,91618,81145,17678,11416,34263,2714.84,1081,1638,2811,9760,32690,30730,26601
2008,1,10,82127,77392,75094,2149,61120,2714.84,3172,2580,2083,9976,18751,42304,11014
2008,1,11,22469,37114,60286,47376,94249,2714.84,4098,2218,1782,6266,13633,36053,4295
2008,1,12,59729,16067,61868,43893,22180,2714.84,974,4305,4653,6067,12916,15772,10911
2008,1,13,93434,5978,48353,85517,20962,2714.84,4172,3429,1921,8924,90804,47522,33457
2008,1,14,58753,56255,49741,60543,39383,2714.84,1595,1882,2144,9640,59355,34323,29726
2008,1,15,2078,66682,38629,6731,49102,2714.84,2503,2534,2411,7207,44402,18926,11434
2008,1,16,37016,38575,48154,73938,93033,2714.84,1459,3136,1758,7551,28678,15286,38958
2008,1,17,83629,25275,66410,95773,16442,2714.84,1447,3518,1262,5738,25248,24250,42117
2008,1,18,62862,14104,33137,46625,51312,2714.84,1348,3326,1113,5853,62263,25497,27539
2008,1,19,71163,75,93634,66374,3978,2714.84,3671,3958,3937,6432,16082,46730,38664
2008,1,20,74901,62531,15249,51,63958,2714.84,652,3170,1914,7588,12302,22263,6850
2008,1,21,17680,57495,26943,50145,89700,2714.84,641,1732,1984,5626,43587,42313,5558
2008,1,22,24291,77259,46272,4580,10044,2714.84,1310,4943,1236,5830,10830,10396,28707
2008,1,23,6112,91999,64717,77065,32140,2714.84,679,4818,4709,8973,99963,34408,20863
2008,1,24,64532,75605,95271,86516,77584,2714.84,750,3225,2467,5838,22804,42510,38858
2008,1,25,70159,40467,43807,27747,89730,2714.84,4291,1690,3501,8024,89256,35640,45152
2008,1,26,84871,21289,35460,29580,96614,2714.84,688,1144,2378,5609,64011,21313,35423
2008,1,27,30819,9193,39539,79639,16997,2714.84,3500,3506,4161,9254,31252,17790,12344
2008,1,28,43811,96896,21084,97312,10904,2714.84,4304,2125,4331,9536,58056,10945,26692
2008,1,29,86538,38396,38442,30268,30358,2714.84,1581,2527,2997,7471,73517,11345,2454
2008,1,30,69815,12019,64852,5329,10677,2714.84,570,1686,1414,6642,68150,36605,12456
2008,1,31,94698,83807,65083,59029,18570,2714.84,1325,1458,2886,9544,68077,16496,23139
2008,2,1,19659,2123,21570,27131,75641,3226.62,3296,2658,1906,9962,14686,18562,49267
2008,2,2,65548,85526,34979,33553,70028,3226.62,3249,3833,3018,7270,88754,26157,37937
2008,2,3,39956,10213,54044,14723,78290,3226.62,4646,4300,1530,5144,57782,12810,28639
2008,2,4,61834,87431,44059,42303,22408,3226.62,2930,2954,1254,5828,21506,30649,25098
2008,2,5,90846,66109,84483,43864,69739,3226.62,1372,1045,4800,6790,57120,44441,23237
2008,2,6,69054,81767,25094,66167,44335,3226.62,2566,2519,1658,5964,64822,18140,32876
2008,2,7,58075,49105,97020,18697,52014,3226.62,697,4210,1980,6038,12326,20723,34878
2008,2,8,39768,39447,96770,55920,46215,3226.62,1712,1619,2007,7254,97785,46341,20242
2008,2,9,91034,36705,18862,77692,19682,3226.62,1756,4107,1994,8758,12803,17505,1462
2008,2,10,35006,94853,76716,35991,61384,3226.62,3066,1150,1940,6187,73421,14506,46142
2008,2,11,6429,40134,46126,58436,48292,3226.62,1129,4325,1967,6342,33368,33000,10264
2008,2,12,22730,36478,27108,88221,36605,3226.62,725,1609,1114,8793,23952,12497,6263
2008,2,13,94935,47019,30000,63227,83206,3226.62,2732,4633,4905,7030,64420,16404,3421
2008,2,14,16826,35550,63875,13793,41892,3226.62,3144,1954,1286,8342,69193,12142,13595
2008,2,15,62866,74919,90990,13980,90064,3226.62,2828,1350,3311,5664,64576,11516,14942
2008,2,16,92600,58662,67502,68857,15224,3226.62,2053,2048,3823,7279,45840,42067,31923
2008,2,17,70875,8985,23040,37298,15588,3226.62,660,3452,3503,5290,17576,39918,42233
2008,2,18,62609,51612,91269,40921,40791,3226.62,3788,4741,2210,6290,18597,12433,22198
2008,2,19,34565,95652,94482,34740,69283,3226.62,1806,1508,2009,6198,93806,47596,6674
2008,2,20,24783,50484,92401,24638,98151,3226.62,4556,1528,2794,8734,13502,19882,1184
2008,2,21,94374,20468,59678,57936,23110,3226.62,746,4025,1138,9708,17540,19130,28275
2008,2,22,71523,1924,32421,53532,18122,3226.62,2479,4256,3062,9879,83893,41212,26227
2008,2,23,61063,98450,51972,30209,20627,3226.62,1496,1351,1910,6173,89287,29931,20003
2008,2,24,10801,9656,3958,1078,40858,3226.62,1989,3731,2004,9410,82263,15471,29075
2008,2,25,51989,66095,41080,45051,42327,3226.62,2615,3388,4774,9182,49949,10400,24973
2008,2,26,90942,22798,8104,81412,38972,3226.62,2694,4771,3398,8003,67200,14255,47391
2008,2,27,77078,44191,92987,24428,53601,3226.62,1250,1940,4048,7329,83343,16374,41602
2008,2,28,88654,35959,36115,28428,56897,3226.62,3827,2837,1774,6931,45600,14184,36064
2008,2,29,10674,73296,30308,34072,21299,3226.62,4678,4728,3049,7665,39155,28001,47508
2008,3,1,61758,49943,89667,9087,33286,2016.19,2739,4243,2155,6167,26139,44570,6041
2008,3,2,31347,73978,69784,44630,35930,2016.19,1655,4224,1978,5726,46875,10838,1310
2008,3,3,36758,77956,68888,44423,17111,2016.19,1392,1822,1831,9674,17250,30116,46890
2008,3,4,4804,18397,65712,46959,60916,2016.19,2881,2262,3531,8042,53243,34461,8203
2008,3,5,60689,24899,60038,57667,46978,2016.19,3504,3734,4867,7392,44508,18329,6913
2008,3,6,50634,20901,13549,97465,19664,2016.19,3932,4467,2602,5995,87777,29869,34206
2008,3,7,84198,95659,38484,82730,6028,2016.19,3542,1715,2977,7168,24381,29954,41728
2008,3,8,16845,9239,80041,1712,46631,2016.19,1393,3615,1801,6293,27431,31464,24549
2008,3,9,500,37716,22284,69454,13711,2016.19,4322,4259,2071,8326,13340,28098,10062
2008,3,10,62238,46883,94814,95215,40463,2016.19,1521,2306,4785,6274,75369,15544,35548
2008,3,11,96111,28115,21383,74264,94409,2016.19,2079,1259,1528,8736,80712,16590,48814
2008,3,12,20777,96387,30850,42848,50545,2016.19,946,2781,2424,8474,24348,14238,10543
2008,3,13,17659,15870,37897,62444,87431,2016.19,870,4892,1380,6398,90507,17190,13267
2008,3,14,56758,62588,63400,59638,73303,2016.19,1227,4078,1850,6868,36925,23746,44112
2008,3,15,83972,24224,36529,7748,6336,2016.19,1986,3993,3097,9882,11186,46879,10877
2008,3,16,39501,73000,96773,97234,80945,2016.19,4373,2701,1218,5556,97339,11754,3632
2008,3,17,73237,89919,49951,46439,13348,2016.19,770,3670,2451,6140,21418,33786,3229
2008,3,18,294,9757,74133,93391,19639,2016.19,548,1994,4920,6796,72724,47216,26922
2008,3,19,7026,22098,84919,89596,51223,2016.19,946,1632,3527,5418,14434,18227,48610
2008,3,20,98647,73787,48250,26099,13204,2016.19,1236,3496,1560,6720,23238,31766,19668
2008,3,21,43642,13509,7258,9915,33254,2016.19,2130,1142,3430,8400,29874,36005,29982
2008,3,22,73362,75343,26817,61890,87113,2016.19,1468,2111,1122,9444,44561,33759,30418
2008,3,23,30738,20798,63609,42865,87519,2016.19,4630,2511,1706,7578,73777,49960,36847
2008,3,24,61869,30909,90239,96652,5661,2016.19,2656,4022,3158,5824,57263,15271,36465
2008,3,25,72594,53732,17383,93150,14801,2016.19,3261,1889,4092,6869,19046,11878,11944
2008,3,26,10068,79385,66827,26775,61273,2016.19,1734,4492,1511,6658,36143,43524,40604
2008,3,27,19790,35152,72547,64300,60976,2016.19,4570,3569,4892,6618,43070,14692,29810
2008,3,28,91600,2684,92935,7045,25905,2016.19,502,1954,2072,6832,62746,18814,47689
2008,3,29,33789,55833,10542,21652,39157,2016.19,730,1218,3188,8156,39597,25515,13037
2008,3,30,33883,35520,25437,50127,65177,2016.19,1171,3127,2542,8220,80171,13447,18508
2008,3,31,71794,6531,65772,65218,99715,2016.19,1266,3502,1412,6807,55154,12428,44870
2008,4,1,70330,47860,8032,74404,3809,2627.13,4637,4327,3983,9538,20855,43842,33548
2008,4,2,72288,93984,97738,46393,90507,2627.13,4537,2036,3307,9754,96751,38176,27537
2008,4,3,36021,30254,55230,99180,1760,2627.13,4023,3441,4297,6822,79196,13105,11439
2008,4,4,16954,3834,18786,42290,94950,2627.13,2483,2236,1327,7350,29980,13678,5993
2008,4,5,77757,64518,53871,71064,80625,2627.13,591,2996,3579,6630,32176,15338,16974
2008,4,6,8612,41200,3780,84261,74606,2627.13,3718,2911,3161,5016,66552,14462,49328
2008,4,7,54848,19036,98052,21176,85609,2627.13,3009,3364,2549,8231,50780,23173,28032
2008,4,8,15206,92724,6170,28785,89897,2627.13,958,3507,1802,9846,82767,36854,38346
2008,4,9,79934,62838,94766,99447,45341,2627.13,3909,1574,1704,7870,37715,32312,11318
2008,4,10,56344,15725,62030,48893,63956,2627.13,3417,1034,1884,7582,40648,11780,29162
2008,4,11,15637,1124,26640,11534,81730,2627.13,3387,3014,3596,9504,77461,19126,25760
2008,4,12,87174,7723,50478,83878,36035,2627.13,2542,2377,1102,9152,57622,18710,38193
2008,4,13,73733,12392,96089,95617,73331,2627.13,3749,3967,4211,6358,16310,18406,36737
2008,4,14,92500,15240,30308,81097,24744,2627.13,1385,1916,1842,8214,12145,34228,24121
2008,4,15,2759,94688,92958,23027,55611,2627.13,3601,4342,4323,6041,41311,10642,1170
2008,4,16,72779,81413,41621,26990,48153,2627.13,4282,1314,1158,5941,21748,31158,8473
2008,4,17,50062,53134,59427,98256,67700,2627.13,2483,1858,2611,5440,19680,38222,21573
2008,4,18,42373,49789,83917,21696,85831,2627.13,700,4960,2991,9314,18301,21144,25228
2008,4,19,7146,13936,11797,13562,39877,2627.13,4719,1289,3029,8302,18206,20728,33545
2008,4,20,75719,3380,41186,58330,95173,2627.13,2903,2544,1626,6820,75591,11990,1021
2008,4,21,38400,66292,77951,61392,14965,2627.13,3887,3462,1539,5534,52023,32768,12605
2008,4,22,10580,96743,5410,13609,889,2627.13,4336,2958,4685,7522,67640,24857,9955
2008,4,23,9246,80544,78754,26406,93716,2627.13,4396,3467,1988,7406,19726,15686,4345
2008,4,24,52655,58746,90415,79195,35781,2627.13,3314,1359,1074,7456,59967,12850,42438
2008,4,25,10030,60656,65732,39716,18881,2627.13,924,3125,1094,9678,54530,23982,33372
2008,4,26,30375,279,72450,67363,40330,2627.13,667,2983,3756,6081,88529,19082,48660
2008,4,27,84872,66844,72248,56756,66920,2627.13,4527,1948,4221,5258,33015,28101,32215
2008,4,28,28630,13941,72579,75249,73619,2627.13,582,1406,3739,8776,87707,13750,27109
2008,4,29,3043,39727,93404,93151,82160,2627.13,4038,3382,1094,5170,40137,48399,48286
2008,4,30,39852,69666,25349,49073,64924,2627.13,3525,4905,2303,6103,85153,12273,8364
2008,5,1,17088,82619,69655,21471,86678,2470.13,864,2755,4830,8038,24914,28115,20075
2008,5,2,53053,8298,59596,60690,48435,2470.13,1892,4451,3343,9294,99375,16126,7996
2008,5,3,75842,25633,96715,58297,27138,2470.13,2859,4224,2957,7514,82046,10986,8988
2008,5,4,23941,22911,3742,3771,56925,2470.13,1885,1328,3305,5954,13506,18091,45009
2008,5,5,65829,20262,68896,15524,2578,2470.13,3581,3418,1046,9750,36714,15002,34623
2008,5,6,95636,20926,14320,69945,74792,2470.13,2283,3732,4275,7376,10038,26199,46366
2008,5,7,12385,741,18880,82042,58574,2470.13,1485,4401,2509,5380,39924,45086,22249
2008,5,8,70003,79858,39857,80257,16506,2470.13,712,3492,3847,9350,98436,38639,42923
2008,5,9,61036,62072,87372,80311,29449,2470.13,2861,1832,1965,6990,23874,15538,6226
2008,5,10,30341,40360,6292,89202,42092,2470.13,639,2093,2425,8070,92349,17870,12568
2008,5,11,99770,42701,3775,13617,23723,2470.13,3607,4757,1278,9350,65067,10082,18563
2008,5,12,28557,54281,68267,51874,62373,2470.13,3764,2712,1694,8310,81913,14598,8493
2008,5,13,2624,48905,19388,45049,39400,2470.13,670,1050,2140,8218,69136,10862,28089
2008,5,14,42667,4097,95620,39653,26427,2470.13,4734,1334,1318,8001,39560,43690,27039
2008,5,15,26494,73325,2755,91698,13380,2470.13,3991,1002,4923,9472,77402,11358,1020
2008,5,16,62820,14085,61195,49961,54541,2470.13,822,3559,1568,5598,53211,43557,46684
2008,5,17,66185,19299,81245,97504,37300,2470.13,2545,1222,4128,6652,88193,23859,20805
2008,5,18,27672,3538,56215,93948,38269,2470.13,4621,2439,4053,6598,83751,18593,33617
2008,5,19,7500,60927,48505,74631,33721,2470.13,4539,4904,2366,5783,13759,41017,18069
2008,5,20,2940,37658,87514,97068,64310,2470.13,927,1980,1202,7141,18302,14454,25708
2008,5,21,27110,1902,67656,91163,79070,2470.13,1108,2920,2333,7782,77550,12405,1408
2008,5,22,9033,78442,78662,46399,44226,2470.13,3767,2164,1398,5154,60584,10739,42422
2008,5,23,33341,97864,19072,28937,91357,2470.13,4152,3465,3252,6328,25980,18638,21352
2008,5,24,14567,68441,5242,43252,59405,2470.13,656,4789,2584,5430,47539,38161,49144
2008,5,25,93092,1308,1679,39522,58941,2470.13,530,2280,1477,9331,37568,17833,12263
2008,5,26,7035,16721,2651,30287,96232,2470.13,3959,2150,3422,8982,70401,39179,44983
2008,5,27,69696,92411,90321,63633,93081,2470.13,1793,2523,1046,9823,42044,14458,37860
2008,5,28,82086,8657,23091,74915,94340,2470.13,2747,1374,3730,7030,48012,39962,10659
2008,5,29,6733,13325,17113,20156,83877,2470.13,686,3572,1275,6006,17204,11424,3866
2008,5,30,70218,35350,24583,25737,55174,2470.13,1546,3610,1634,9637,28525,18678,32979
2008,5,31,40296,87625,20053,50379,49375,2470.13,690,1107,2740,7618,92614,31617,34417
2008,6,1,34653,35190,90298,50659,68746,2588.97,875,1814,1939,5936,75619,19917,12357
2008,6,2,19511,29231,27905,15500,74108,2588.97,2146,3083,1634,5058,27458,17402,46583
2008,6,3,79217,99918,65144,69373,8884,2588.97,2042,3535,3301,7392,10545,33398,46761
2008,6,4,82400,47773,3845,35691,10737,2588.97,1960,1598,1398,9864,62097,15505,45817
2008,6,5,62799,34244,9941,45785,73121,2588.97,3186,2336,3667,8329,21709,28902,3751
2008,6,6,41442,85104,38790,56095,55147,2588.97,844,3897,2107,9689,89588,24195,49335
2008,6,7,71858,61549,70794,13256,77765,2588.97,966,1134,4837,5052,86346,22957,49243
2008,6,8,8804,99533,41647,78823,94215,2588.97,2725,2007,1162,6514,24454,10670,29708
2008,6,9,62202,80299,6558,59309,56340,2588.97,3503,3196,4045,5254,57803,14542,46146
2008,6,10,19891,2916,92372,36080,57969,2588.97,4037,3123,4602,7035,61945,10346,28718
2008,6,11,46743,36023,73528,44257,48890,2588.97,1916,1090,4632,6956,70398,17323,47982
2008,6,12,15972,70254,95521,90017,57254,2588.97,1826,3495,2591,8934,29574,46911,19676
2008,6,13,45620,54964,30035,40222,21999,2588.97,1741,1622,4354,6510,29348,43243,41980
2008,6,14,49603,42617,4334,60587,62443,2588.97,2909,3413,2688,9781,84781,34941,41084
2008,6,15,9458,42960,44789,98401,93510,2588.97,632,4128,4326,5345,95701,10662,24363
2008,6,16,83677,73795,52770,28031,25415,2588.97,1273,1368,1086,7862,51954,14142,32118
2008,6,17,33042,96217,98294,27082,52350,2588.97,3374,3158,2386,6334,76558,18046,49427
2008,6,18,97526,21870,7728,43204,13567,2588.97,4527,2243,3574,7296,41625,18988,3429
2008,6,19,45767,79252,10358,3205,21210,2588.97,1732,1216,1231,5538,97684,43581,28664
2008,6,20,20804,76060,21740,79542,99222,2588.97,1788,3098,1519,9515,56301,16438,48299
2008,6,21,59296,67182,63682,52870,30830,2588.97,1858,2947,1828,8567,96151,22119,21659
2008,6,22,93583,2884,92723,84815,24261,2588.97,4747,1416,2817,5686,40957,48391,6759
2008,6,23,97489,72747,27842,34009,12262,2588.97,902,2909,1324,7814,40778,48505,34144
2008,6,24,2138,12637,91454,3048,27556,2588.97,1518,2490,1840,8490,22304,31100,37605
2008,6,25,40999,83404,8869,40169,66242,2588.97,4911,3730,2572,5514,14090,19110,49827
2008,6,26,83248,14537,39095,34572,11368,2588.97,4429,3504,3861,7126,32903,11106,29874
2008,6,27,28487,74422,90260,35327,25014,2588.97,2779,1012,2318,6618,22532,28559,28916
2008,6,28,57826,77444,58642,96750,76548,2588.97,2935,4795,2267,6772,10718,14986,22732
2008,6,29,99607,60148,44844,24821,1030,2588.97,2589,1746,3520,8410,97546,43533,27747
2008,6,30,13116,96678,75898,41786,4678,2588.97,698,2502,2224,5338,59252,18772,48430
2008,7,1,23540,28568,71690,43273,39286,2195.77,2879,4433,1518,8112,16814,25617,36676
2008,7,2,77993,62683,94138,62193,76582,2195.77,624,3258,4920,7092,77935,44701,37671
2008,7,3,53789,56791,86927,49127,16043,2195.77,3548,1876,1244,5237,99205,12518,22051
2008,7,4,91913,58437,55688,39784,58840,2195.77,810,1831,2888,5889,99023,44469,38855
2008,7,5,79912,90683,34081,59832,24127,2195.77,4533,4267,1326,7811,59745,17551,12016
2008,7,6,29862,93294,73485,46831,98531,2195.77,3084,1795,3830,5124,62930,22670,39043
2008,7,7,63979,44683,59502,31867,20572,2195.77,2688,1958,1128,6768,76666,12086,24878
2008,7,8,55136,47552,306,40294,5363,2195.77,2844,1575,4696,7681,98405,34578,10051
2008,7,9,36724,1490,91374,554,76614,2195.77,4575,1192,1378,9077,88810,35908,20656
2008,7,10,73955,81499,52744,55866,24619,2195.77,1903,4753,3312,8862,20046,15026,45762
2008,7,11,38612,94244,66602,8308,41925,2195.77,2885,3647,1495,9926,95552,43109,15007
2008,7,12,71267,35129,53,86605,50558,2195.77,3864,4511,3064,7959,80376,27682,5215
2008,7,13,53721,42281,23789,63385,20841,2195.77,3410,1616,4429,5011,84110,46353,10187
2008,7,14,10018,93349,91353,92866,10312,2195.77,2326,2929,4737,8730,14310,10598,3258
2008,7,15,73946,39751,29806,77010,64062,2195.77,1044,2782,1390,9542,81166,12022,26534
2008,7,16,21371,75930,81810,75801,20941,2195.77,3505,2310,1972,9858,40175,18635,32273
2008,7,17,99468,8854,16565,54205,77584,2195.77,4498,1528,3552,5655,44890,37613,17451
2008,7,18,32189,82287,55396,17355,43471,2195.77,3360,4840,3843,6114,56992,16135,2915
2008,7,19,20146,45499,13446,12118,41709,2195.77,752,1175,3825,7348,95379,12828,19973
2008,7,20,81120,71230,24290,54672,76885,2195.77,2284,4072,2817,8074,42778,27639,35532
2008,7,21,16947,82491,92481,62142,4013,2195.77,3276,4157,1322,8074,52627,12150,15825
2008,7,22,28047,99732,10558,6873,63401,2195.77,4633,4519,2165,7854,15542,20401,5937
2008,7,23,89455,24180,79475,73624,88212,2195.77,2615,1509,1095,6710,12278,41459,38605
2008,7,24,92272,28279,81969,3595,86353,2195.77,2976,4399,1368,7078,37623,14079,34596
2008,7,25,5823,17257,74952,99341,37531,2195.77,1093,3336,1024,7706,33312,35587,6846
2008,7,26,20525,50928,57097,41620,77375,2195.77,3078,4645,1729,5046,89591,38081,7099
2008,7,27,15995,78921,18833,66674,62455,2195.77,2104,4628,1415,8407,10550,43946,22808
2008,7,28,95254,86415,3635,26278,68334,2195.77,3217,3857,4225,5313,46828,31599,36947
2008,7,29,8765,29907,67598,10494,11306,2195.77,4926,2299,1108,7734,10324,14914,7189
2008,7,30,22919,7429,15896,29335,95837,2195.77,4632,2441,3981,9618,50070,37315,16216
2008,7,31,62918,28288,92525,67143,79954,2195.77,822,3717,1232,5392,15562,46916,39354
2008,8,1,46841,40568,58693,13304,50892,1610.26,1222,4672,1716,7662,86860,22069,23607
2008,8,2,87893,94302,57403,97511,44372,1610.26,864,2659,3594,7854,52612,18608,11070
2008,8,3,25369,57682,94911,58060,89596,1610.26,642,2787,1718,9334,66091,15990,8180
2008,8,4,29294,18666,7015,35147,574,1610.26,3567,3465,3175,7830,18686,32546,43875
2008,8,5,92040,79108,21558,61986,39382,1610.26,1284,4749,4554,5104,22808,20501,40522
2008,8,6,7079,19803,23290,72177,59138,1610.26,4518,4782,3045,6158,39928,24970,39381
2008,8,7,5407,29849,29788,9934,77171,1610.26,2480,1132,2573,6374,47547,16954,32115
2008,8,8,87264,35184,31704,51818,34083,1610.26,2319,1160,1342,7870,13337,49803,20864
2008,8,9,51341,34208,54586,75738,45741,1610.26,2059,2498,1436,6846,77432,17883,10866
2008,8,10,95313,36265,19798,22887,16654,1610.26,1192,3916,3879,7896,72086,11878,17345
2008,8,11,8760,94406,94123,15778,56366,1610.26,580,4057,3019,6517,16146,20111,23812
2008,8,12,63736,33206,87610,20801,96404,1610.26,726,3067,2657,9676,47305,34311,15042
2008,8,13,42178,53499,54580,61057,91395,1610.26,750,1505,2422,8996,32283,10139,26666
2008,8,14,64657,14216,50549,22676,67086,1610.26,2786,2172,1251,6748,67972,29006,16695
2008,8,15,28142,23009,37075,45800,97842,1610.26,950,1370,4229,8398,33779,11975,34380
2008,8,16,94060,64150,78482,31482,4995,1610.26,2973,4651,2683,8521,17366,41120,27117
2008,8,17,91569,51466,88293,24172,14566,1610.26,3178,2706,4273,6604,88505,43467,6266
2008,8,18,7336,84968,49838,61566,36010,1610.26,3540,1420,4118,8373,77901,19112,33617
2008,8,19,61842,35875,55116,19526,60749,1610.26,1997,2316,1611,5290,76487,46176,13795
2008,8,20,21556,46018,88883,17181,52622,1610.26,647,1309,3707,7910,37874,31068,43741
2008,8,21,60454,77767,77489,24572,12493,1610.26,726,4333,3968,5151,10210,34716,21743
2008,8,22,28946,87209,53385,60557,52499,1610.26,3084,1650,2241,8319,15180,11215,29873
2008,8,23,22060,18234,37525,767,95071,1610.26,3187,1875,4516,5675,12799,32008,41751
2008,8,24,13770,22836,72695,37739,4339,1610.26,3806,4636,1464,8794,26544,38962,32905
2008,8,25,38416,49630,45720,30657,77949,1610.26,3223,1078,2890,5747,17125,49312,3306
2008,8,26,37498,65313,71188,23367,7341,1610.26,1726,2461,4525,8850,75199,43864,1386
2008,8,27,93678,30359,93501,80142,22550,1610.26,922,2316,1025,9470,24324,30325,36397
2008,8,28,50833,32549,96685,38723,78296,1610.26,4386,2145,1926,5574,55511,19166,13811
2008,8,29,42265,93590,56629,81791,88011,1610.26,654,1687,3537,5506,61828,17438,48180
2008,8,30,71903,97285,94755,74281,94813,1610.26,957,1298,2979,7642,84367,46274,19080
2008,8,31,97805,55106,94772,9631,80680,1610.26,3797,2944,1862,7138,21086,48234,16635
2008,9,1,46741,46274,61199,98599,24454,2210.27,1852,1738,4743,7484,32902,25174,44989
2008,9,2,48443,78547,93154,16085,79266,2210.27,990,4371,1112,9870,31402,33537,5780
2008,9,3,85020,70699,93762,86797,91785,2210.27,4457,4876,4620,7007,69826,29074,8348
2008,9,4,41996,56680,67165,31739,50516,2210.27,3264,3957,4964,5548,31393,24230,1222
2008,9,5,54902,61634,8602,21805,1505,2210.27,692,1523,2054,9103,89672,35190,6356
2008,9,6,23803,75482,90068,44776,22489,2210.27,3849,4483,2924,7365,12574,33440,9894
2008,9,7,73784,2191,98750,68748,84961,2210.27,2977,4861,4480,7930,61665,42336,46496
2008,9,8,24287,17007,45213,67693,82462,2210.27,2882,2616,1717,5908,67391,49205,34885
2008,9,9,69196,57593,30041,2120,14958,2210.27,1911,3740,4805,7013,73839,46117,42615
2008,9,10,63509,16818,85979,87989,1100,2210.27,660,1570,2353,7586,18868,46167,13996
2008,9,11,43126,12313,18784,69843,21614,2210.27,4047,1626,1014,5439,18570,41427,2527
2008,9,12,8055,11192,80168,69212,44557,2210.27,666,3064,2175,7658,12405,38275,20359
2008,9,13,98006,59083,30013,95359,50972,2210.27,1525,4096,3106,6660,63938,39719,5795
2008,9,14,29187,99338,80529,5657,81129,2210.27,2083,4182,2351,7214,74745,11908,39809
2008,9,15,63962,90074,86325,67489,24084,2210.27,2115,2088,4163,8480,33799,41486,15082
2008,9,16,74275,41677,51935,42381,68338,2210.27,2099,3875,2913,8979,19532,29042,32225
2008,9,17,35140,16616,18225,68844,26571,2210.27,751,1072,1504,6864,58019,39831,9323
2008,9,18,48510,30136,78272,39025,48616,2210.27,1863,2889,3747,8797,81621,22084,12071
2008,9,19,81023,30073,52312,28936,59053,2210.27,2977,4191,4811,5118,63034,31381,21844
2008,9,20,1877,10138,38265,17624,59918,2210.27,3806,3426,2770,8342,63802,15484,46284
2008,9,21,64149,60666,46979,34248,9464,2210.27,2683,1837,3672,10000,52124,34076,28600
2008,9,22,13191,26455,44620,18002,19009,2210.27,734,2236,1000,8006,71211,10412,24007
2008,9,23,16635,61371,35191,75757,13449,2210.27,4846,3948,1010,6824,44548,14670,48994
2008,9,24,91777,17232,8663,66801,42227,2210.27,876,1698,2241,7418,89770,22601,10788
2008,9,25,85854,71858,76190,36350,92208,2210.27,1761,1614,1046,8304,15350,19718,13753
2008,9,26,97298,797,65224,73308,63973,2210.27,1485,2100,3354,5014,38900,35581,9772
2008,9,27,77287,56129,57351,80880,34329,2210.27,4832,1518,1346,6021,72882,27537,13473
2008,9,28,76127,35997,52731,17601,34301,2210.27,2523,1597,2180,8206,21256,17505,20033
2008,9,29,80222,12742,39606,23576,29242,2210.27,508,2879,2338,5726,15066,13398,44859
2008,9,30,46332,23592,21849,98013,35966,2210.27,1901,2091,2078,7942,29691,31378,11083
2008,10,1,18567,29328,84550,89017,66937,2613.42,4237,1029,1659,9165,25270,11506,2055
2008,10,2,34674,48151,70209,17533,68262,2613.42,890,3204,1334,9168,44169,21157,21875
2008,10,3,36482,72613,68236,47466,18657,2613.42,4833,3574,1202,9382,58943,12229,15967
2008,10,4,81437,28181,74612,89449,37346,2613.42,3669,2019,4383,8877,11816,48996,49882
2008,10,5,50753,2471,57202,60827,97050,2613.42,3335,4882,1687,6571,97347,41695,17723
2008,10,6,48890,58534,95270,44183,87916,2613.42,2764,1418,3745,7375,91504,19606,4213
2008,10,7,13609,174,40814,94345,79052,2613.42,3340,1155,1086,6893,23333,28940,13069
2008,10,8,34617,21670,28823,41304,4593,2613.42,4350,3481,1055,7838,14015,10654,42523
2008,10,9,81537,36780,91027,80282,50507,2613.42,4075,1898,2704,9889,74811,28107,32531
2008,10,10,52958,34504,24263,34849,51398,2613.42,3788,1013,1242,8962,43668,40208,47596
2008,10,11,17837,43019,60042,35244,53990,2613.42,1918,1060,1682,7944,32158,27695,24058
2008,10,12,46828,81235,58163,45884,71124,2613.42,3990,1758,3828,8252,75280,35225,49326
2008,10,13,12200,5421,21239,14169,80736,2613.42,728,3571,4276,6230,50167,44618,31259
2008,10,14,54828,7086,46496,82016,55030,2613.42,4710,3208,4888,8458,64091,47363,28655
2008,10,15,83550,88082,4148,67379,52686,2613.42,3955,1237,4848,6518,95405,15583,29429
2008,10,16,37805,32486,80508,62082,13256,2613.42,3051,4434,2759,9546,66450,18290,30675
2008,10,17,98201,42513,27350,74441,93090,2613.42,3155,1638,1758,9242,60368,14911,7793
2008,10,18,38084,95677,46149,39284,52223,2613.42,4867,1142,1594,6934,68459,19998,7906
2008,10,19,48753,41511,4434,2864,61058,2613.42,2003,1228,4747,5704,66402,22836,37236
2008,10,20,63498,20910,15828,75724,63213,2613.42,634,2647,3223,6280,56931,40445,42548
2008,10,21,77393,78151,46825,84136,79877,2613.42,4134,3628,1794,9848,31491,34203,15284
2008,10,22,12155,59847,9813,41902,31904,2613.42,1090,1752,3476,6548,87475,26688,42567
2008,10,23,22169,44462,10689,10393,47597,2613.42,2189,1341,1548,8036,25476,41997,17620
2008,10,24,45650,29611,86978,2444,70882,2613.42,1646,3035,1018,5630,41289,42921,34821
2008,10,25,55378,22380,54674,68854,52001,2613.42,1893,4168,2962,5172,14742,16910,8501
2008,10,26,40201,84455,8252,2322,14820,2613.42,670,1902,4690,7647,62911,18614,33729
2008,10,27,98820,15910,33608,9839,78721,2613.42,2759,4097,4979,7580,11830,31979,41249
2008,10,28,82286,64844,56149,85248,53778,2613.42,2158,1346,2866,6761,12651,22686,23413
2008,10,29,26842,89674,33155,6533,53674,2613.42,3456,2492,3327,6840,62330,14104,12419
2008,10,30,14665,31443,57497,44644,55228,2613.42,1623,2512,1642,9123,22760,45419,10447
2008,10,31,72536,91271,22101,30403,84384,2613.42,4440,1225,1564,5198,17757,44450,1104
2008,11,1,7566,63295,9693,30981,25626,2712.13,644,2067,1186,6640,12294,17386,33092
2008,11,2,33264,66159,9029,48739,5271,2712.13,1273,1540,4252,8027,97276,10355,20800
2008,11,3,3820,8502,51133,72767,42611,2712.13,4130,1470,1902,5878,97507,17206,11935
2008,11,4,13267,43153,40626,20207,66145,2712.13,2592,1528,1746,5956,64497,40700,19272
2008,11,5,50125,2123,53593,9377,86503,2712.13,4732,1314,1452,7216,63087,18331,1748
2008,11,6,65504,33571,68507,90733,13745,2712.13,4290,2010,1046,9840,47216,41662,16015
2008,11,7,84187,51162,7422,35968,64135,2712.13,3019,4258,1598,6612,23635,43246,38271
2008,11,8,13833,59720,83569,89555,63288,2712.13,2885,3790,1577,5498,35874,10322,13008
2008,11,9,75111,10165,53685,16981,25080,2712.13,3642,1244,3414,9690,77937,32548,17254
2008,11,10,37038,70957,63159,43782,33921,2712.13,2028,2753,2864,6948,37307,26152,36794
2008,11,11,99956,61545,54943,12886,54289,2712.13,4559,1510,2333,6496,62730,42413,40818
2008,11,12,10497,87725,84383,78911,20140,2712.13,2810,3528,4628,7822,17310,33548,28672
2008,11,13,94115,54339,31302,56980,7639,2712.13,4483,3945,1505,8860,36830,17145,34961
2008,11,14,61595,92742,79249,78929,85986,2712.13,2693,2833,4703,8427,16202,16194,41979
2008,11,15,17100,35907,39724,66728,26876,2712.13,1627,2342,2723,7929,94321,35361,7034
2008,11,16,99242,10157,75659,62099,64582,2712.13,596,2528,1582,9698,21456,15144,12490
2008,11,17,16823,75502,20402,46526,13929,2712.13,2720,1027,1520,9802,14106,23983,44850
2008,11,18,25829,80735,61326,53552,95016,2712.13,538,4256,2154,7446,72707,13087,21999
2008,11,19,9764,68304,21968,31347,43148,2712.13,540,1321,1134,8102,22847,49205,43424
2008,11,20,36868,51920,96585,17624,20715,2712.13,2958,1542,2777,9283,16445,19144,27044
2008,11,21,7634,38062,29753,6140,18984,2712.13,4226,1734,2114,9622,76445,30261,2460
2008,11,22,50970,31711,22936,86247,40082,2712.13,1803,1948,4053,9488,10923,18054,12135
2008,11,23,91783,68882,14014,15912,4517,2712.13,510,3501,4871,9626,34640,15446,46811
2008,11,24,83620,20220,65306,70735,11414,2712.13,2347,3734,4813,9334,81332,29894,41751
2008,11,25,2417,49488,23195,32822,14228,2712.13,594,1009,4351,8620,21921,23868,34119
2008,11,26,61116,73329,52370,62339,38137,2712.13,2545,3108,2229,7850,17694,34994,37011
2008,11,27,5954,26190,30081,95767,66473,2712.13,2012,1990,2252,6262,34414,41479,27766
2008,11,28,15677,34707,13842,35029,65365,2712.13,506,1479,1798,7617,10350,29931,2115
2008,11,29,30980,87716,34392,54561,35566,2712.13,906,1518,4422,9386,53636,18038,43234
2008,11,30,80105,12001,53840,57357,93560,2712.13,782,1184,4311,5381,60615,18730,38254
2008,12,1,35864,47508,89290,79834,52678,1532.1,2164,1598,4963,8077,92309,29548,35573
2008,12,2,20336,33829,65324,72675,3817,1532.1,2778,1644,2760,6487,18762,42365,17570
2008,12,3,8028,34964,31678,3409,11932,1532.1,2255,4146,1758,5802,60331,19240,2705
2008,12,4,74822,3849,9633,94785,1926,1532.1,685,2260,2122,6008,11287,11886,1943
2008,12,5,73578,80418,71756,77691,6905,1532.1,510,1283,3799,8084,51043,27082,47484
2008,12,6,87142,18299,57581,87353,7548,1532.1,1593,2368,1760,5164,93504,40037,17913
2008,12,7,872,84190,78650,52994,40198,1532.1,578,1086,1446,6792,24169,43610,39937
2008,12,8,27228,10577,24895,76027,28662,1532.1,4460,1614,1940,7040,19506,34487,42290
2008,12,9,61305,92452,16856,83065,75030,1532.1,4453,2252,1812,8103,45246,17450,26712
2008,12,10,8040,86883,97578,94746,274,1532.1,3356,2500,3675,9602,19878,27336,38099
2008,12,11,21892,89339,9491,48832,16380,1532.1,3318,2683,2800,6525,77100,29181,45349
2008,12,12,59590,16554,21434,86843,34657,1532.1,4292,4048,4913,8222,53793,36539,33032
2008,12,13,6321,58502,14040,54996,88104,1532.1,3683,4995,3256,9060,75178,11984,33919
2008,12,14,36227,74850,50024,74027,7727,1532.1,4559,2315,1380,7344,54157,11037,43476
2008,12,15,40377,24803,86438,26642,9377,1532.1,3180,2048,3732,7154,87044,12778,40231
2008,12,16,77491,52080,29535,17099,42958,1532.1,4438,4183,1838,9461,69561,14590,4714
2008,12,17,99289,89121,87309,75669,46465,1532.1,1705,3192,3971,9494,46186,16704,7818
2008,12,18,46078,59367,40397,61162,2939,1532.1,4348,1780,2223,7776,13879,10370,43793
2008,12,19,14949,3318,34364,10863,59131,1532.1,854,3418,4396,8162,34086,11732,3925
2008,12,20,92333,37145,75406,91304,26639,1532.1,4651,4067,2310,6399,50228,16502,21592
2008,12,21,192,14578,13382,12415,8461,1532.1,2595,4760,1929,8310,66974,22411,43613
2008,12,22,38588,97829,80830,47984,32344,1532.1,814,4675,3411,5602,15978,11402,31268
2008,12,23,17194,31982,470,14504,88381,1532.1,1104,4923,1627,8980,17338,12888,1408
2008,12,24,88098,1286,46200,51379,35948,1532.1,3789,4534,2353,7830,22518,19402,13174
2008,12,25,2238,42715,724,87002,54669,1532.1,4755,1862,1430,6334,86365,19768,16703
2008,12,26,98627,33822,74692,80254,78307,1532.1,1692,2755,1018,9243,34133,11966,8382
2008,12,27,62417,24275,52853,89771,11597,1532.1,818,3834,4437,6542,17187,39105,25371
2008,12,28,99597,31943,77320,64632,63519,1532.1,751,2145,2506,5443,58750,42165,13686
2008,12,29,50177,45444,91273,76196,94687,1532.1,4513,3455,1032,7365,63225,27629,25407
2008,12,30,99089,45396,7816,49878,11938,1532.1,678,1533,3296,5318,92517,36814,25003
2008,12,31,12692,43269,15312,10198,68712,1532.1,3714,1990,1724,9987,11435,30543,24063
2009,1,1,82301,20351,34130,89666,83576,1669.19,3753,3971,4573,8630,57260,10927,11759
2009,1,2,93966,68795,34224,26620,61312,1669.19,4310,4579,2701,5859,89643,43115,37391
2009,1,3,927,24884,28973,10914,52671,1669.19,4010,4970,1218,6288,24635,46146,25869
2009,1,4,24899,29742,41470,60824,68372,1669.19,3103,3688,3875,9334,21659,45186,48730
2009,1,5,76069,60970,66119,78771,43182,1669.19,3237,4107,1996,7134,71372,16018,5762
2009,1,6,9431,50383,989,22001,63522,1669.19,3146,4771,3068,5967,81947,12890,41976
2009,1,7,91050,20051,51481,74925,8729,1669.19,1463,4797,1874,5172,79919,19998,23141
2009,1,8,58343,84509,54102,71691,18071,1669.19,2708,3852,3559,5048,65853,22081,41826
2009,1,9,13376,352,93205,1445,76320,1669.19,4236,2368,2905,5716,58644,36634,41504
2009,1,10,15209,95108,37784,65671,97689,1669.19,664,2382,3562,6118,44072,11970,34055
2009,1,11,4296,98133,96838,12856,53181,1669.19,1288,1556,4394,8994,68000,22065,29043
2009,1,12,85997,58589,55786,13902,84305,1669.19,1887,4513,4537,8246,81535,23577,14430
2009,1,13,71429,73552,95961,6344,36022,1669.19,4328,1298,1748,5044,53172,24049,6385
2009,1,14,51561,54461,6958,30955,65305,1669.19,3019,2652,4897,8804,97906,18038,41310
2009,1,15,89586,81146,66420,15475,2169,1669.19,4052,4948,1505,5486,96291,23879,47955
2009,1,16,24101,71972,14197,94970,44490,1669.19,752,1049,3180,8680,43355,19836,33721
2009,1,17,49991,62727,87490,16240,37883,1669.19,1793,2467,1540,6434,42942,35060,35396
2009,1,18,97519,98347,75010,35377,66063,1669.19,4255,1366,3272,6912,11942,16482,21301
2009,1,19,7172,53208,16515,61704,11888,1669.19,1539,3229,2595,5380,94469,26829,9870
2009,1,20,87128,77615,4297,53669,10828,1669.19,710,4697,3288,6326,60073,44350,13591
2009,1,21,17743,69329,50866,77367,9132,1669.19,1479,2654,1908,7993,94357,33795,18702
2009,1,22,74215,92250,12026,13162,93982,1669.19,4990,1109,1870,5174,51129,27639,22847
2009,1,23,90582,6210,52338,68870,52652,1669.19,4572,1602,3091,6789,64111,14454,12411
2009,1,24,65491,61943,39878,3751,59936,1669.19,2545,1012,4187,5922,63662,12706,1184
2009,1,25,88769,53653,34279,5582,80643,1669.19,3220,1223,1616,7666,56445,10619,35408
2009,1,26,14321,86018,31013,28764,99159,1669.19,985,1000,3417,8886,84750,49704,11476
2009,1,27,42802,38648,206,1989,4571,1669.19,1509,4690,3871,8586,31623,30866,13868
2009,1,28,7547,81197,2090,15516,83106,1669.19,1134,3777,1816,7008,42540,26413,8535
2009,1,29,34975,78527,57414,24745,87093,1669.19,4448,4893,2163,9318,48234,18085,8516
2009,1,30,54874,36096,44128,5098,58236,1669.19,963,1572,1947,8818,97648,12818,25752
2009,1,31,29292,90136,70183,90195,29987,1669.19,2960,1312,2600,6118,12122,44693,12723
2009,2,1,80506,40939,12405,71512,89173,3531.75,2736,1620,4616,8380,99855,16719,30490
2009,2,2,16501,81989,40019,70906,79638,3531.75,814,1124,1605,6742,16110,45679,46424
2009,2,3,89703,97423,3281,46429,3480,3531.75,644,1374,1082,8156,88199,10788,14326
2009,2,4,4563,47288,2409,95531,11474,3531.75,2250,2973,4251,9102,98878,30240,2264
2009,2,5,98692,15427,66365,81649,22170,3531.75,2328,3223,1249,6960,74651,16080,48827
2009,2,6,11286,36321,32769,66549,10394,3531.75,2336,4955,3254,6096,26838,46079,20968
2009,2,7,48360,89089,24054,48964,7709,3531.75,555,2752,4710,8272,17630,43231,39284
2009,2,8,43451,98081,21455,39700,95041,3531.75,2131,1325,3778,9808,72874,18354,12459
2009,2,9,42219,16563,90480,10474,62660,3531.75,1552,2370,2757,6957,92685,30466,17318
2009,2,10,86242,54594,69571,57304,99218,3531.75,1886,2667,3403,9394,82367,33443,23971
2009,2,11,17151,70851,89770,82282,75751,3531.75,2805,2968,1909,9282,44793,24568,28996
2009,2,12,81955,67699,18292,21064,14656,3531.75,2881,2248,1921,7451,74551,31138,27329
2009,2,13,27775,57790,23807,16178,62483,3531.75,4620,1978,3375,5741,78265,35477,22526
2009,2,14,1089,52423,19799,12999,17060,3531.75,3918,1490,3641,8866,36428,13297,30944
2009,2,15,49539,4311,96898,47812,58114,3531.75,3950,1784,1190,9108,16582,24424,37802
2009,2,16,91634,18038,20410,1361,40131,3531.75,3190,1219,2449,5986,54217,13910,15027
2009,2,17,3932,58136,16226,68926,96698,3531.75,2222,2587,4667,5471,10398,47781,19006
2009,2,18,33273,39349,33669,78864,24809,3531.75,3287,2793,1474,7414,34154,26604,2086
2009,2,19,55076,53697,84176,38877,76685,3531.75,4736,1967,4232,9282,65892,25929,4745
2009,2,20,41319,14467,88517,30987,59939,3531.75,3767,4562,4615,8787,88425,45775,15267
2009,2,21,97225,8066,28570,83699,48114,3531.75,1655,3188,2771,6710,58416,25807,12724
2009,2,22,81928,98153,22775,11160,70466,3531.75,2088,1784,1684,7854,59122,12127,5020
2009,2,23,57223,37890,21691,28190,83029,3531.75,3965,1042,4532,5078,80303,32646,26468
2009,2,24,31610,6959,2187,64381,34142,3531.75,778,1068,1862,9313,27227,11925,10604
2009,2,25,50685,80668,90062,2875,22624,3531.75,1353,1197,3424,9395,40739,36452,49184
2009,2,26,95864,81057,83058,30396,33591,3531.75,4393,1551,1306,6350,62283,20812,13362
2009,2,27,8536,68823,36881,99995,14488,3531.75,1919,1524,1126,7950,84398,14198,30460
2009,2,28,17516,32104,12652,20940,1500,3531.75,3744,2362,4446,6801,44109,34388,3391
2009,3,1,73504,82292,56835,21436,44575,2263.29,4970,4748,1768,9964,60587,11338,27647
2009,3,2,8237,42112,88818,76569,42862,2263.29,4084,4965,1569,5530,92816,19866,38919
2009,3,3,55120,90179,5758,78274,50640,2263.29,4787,4142,2436,6514,61929,33362,40146
2009,3,4,15621,8252,79463,62852,54569,2263.29,4189,2804,3513,6022,39372,15464,40051
2009,3,5,68278,33457,32693,69847,81185,2263.29,1158,1303,2038,6915,14576,49029,41861
2009,3,6,53414,79365,23173,42202,17338,2263.29,1916,4309,4705,5542,12160,14273,1454
2009,3,7,27781,86351,27078,26295,65709,2263.29,4021,3985,2610,6140,20184,13794,32802
2009,3,8,74926,61343,50098,23316,24610,2263.29,2344,3022,1742,7502,20224,10431,31027
2009,3,9,79675,12141,59742,89380,99871,2263.29,3652,2651,1920,7081,70297,13338,38254
2009,3,10,79883,70671,7002,28845,3736,2263.29,2638,1398,3527,9088,34679,29489,27186
2009,3,11,6467,73376,7512,83209,51597,2263.29,4991,1270,2579,9732,20649,22450,44088
2009,3,12,74339,90654,16454,65294,87735,2263.29,3309,3968,2420,5311,12813,27507,36751
2009,3,13,72497,71804,72520,77377,80892,2263.29,1865,2357,1156,5894,86917,32169,7199
2009,3,14,74817,96910,79792,63748,82994,2263.29,1197,2331,2445,5310,22625,45179,1794
2009,3,15,55753,60935,95501,13173,22598,2263.29,679,1446,1468,9550,10358,43712,24666
2009,3,16,86749,28392,81070,83675,59120,2263.29,2195,1178,1248,7978,14035,14241,17988
2009,3,17,28780,50233,21574,36226,19236,2263.29,2756,4987,2836,9608,18078,26786,10551
2009,3,18,84274,95192,88233,97095,91095,2263.29,806,4194,1797,7530,77868,47268,43407
2009,3,19,56215,26417,47557,37463,54756,2263.29,1704,4886,3175,9629,52463,13762,11592
2009,3,20,16532,221,38751,54368,76181,2263.29,1153,1846,1157,5737,57548,12251,9615
2009,3,21,45496,48355,56447,67293,36582,2263.29,4561,2796,3434,8469,46610,48189,1344
2009,3,22,90061,48315,64429,34588,4296,2263.29,3350,1662,3463,6914,91546,19298,16892
2009,3,23,13067,39052,86451,84224,74790,2263.29,1475,1166,3704,9273,15746,11637,10351
2009,3,24,69940,84843,70786,63375,13312,2263.29,2915,4723,2062,9402,54310,10870,17397
2009,3,25,25588,69013,23537,75403,22465,2263.29,886,1882,1974,7848,36106,11627,31435
2009,3,26,48199,98934,98264,73255,18207,2263.29,4892,4497,3386,8146,67871,16697,2193
2009,3,27,55778,95788,36421,37841,4483,2263.29,550,1421,1095,7158,21824,14912,7084
2009,3,28,11874,23223,66795,98712,11072,2263.29,1690,4269,4537,9916,32524,19095,19253
2009,3,29,93499,83769,73594,96885,5798,2263.29,3582,1575,3603,6354,15767,24438,41465
2009,3,30,73438,72670,20860,49534,53108,2263.29,797,1332,1822,7591,96395,43329,42684
2009,3,31,83197,73086,52599,17734,48040,2263.29,1829,2889,3890,6902,54773,24688,35123
2009,4,1,84708,52616,71843,67415,68383,2432.73,851,1051,3491,6736,10510,42527,12633
2009,4,2,87534,91844,24786,51478,4591,2432.73,4673,2676,2064,8758,42067,22187,18115
2009,4,3,55588,99957,57430,32362,71082,2432.73,600,2141,1084,8794,55907,19466,48470
2009,4,4,1427,13111,26870,1270,36200,2432.73,622,3732,1160,5170,91561,11190,37381
2009,4,5,19400,42587,44194,6465,11346,2432.73,822,3284,2568,9758,15646,40002,36261
2009,4,6,17255,82599,78496,18339,21393,2432.73,4157,4170,2512,8278,56791,33711,34403
2009,4,7,68407,16941,23797,30334,18226,2432.73,1008,3977,4296,9394,76793,16014,31710
2009,4,8,27306,88149,85278,46226,56933,2432.73,2579,4186,4873,8662,92525,21265,17276
2009,4,9,81829,13035,76788,45694,44061,2432.73,756,3819,1871,5904,59152,11654,33580
2009,4,10,17615,56004,71778,8263,97049,2432.73,1607,4353,3070,8236,86930,10003,14923
2009,4,11,45513,39511,84190,45386,70585,2432.73,3003,3765,1100,6142,14458,16513,43067
2009,4,12,9722,60215,95333,92945,62472,2432.73,4393,1510,1840,5054,18826,23888,20837
2009,4,13,47446,31307,64594,516,75895,2432.73,1870,1406,1033,7412,83144,27970,1524
2009,4,14,20479,66148,63088,42932,42290,2432.73,4444,3363,4111,9562,77659,16582,27546
2009,4,15,75613,88405,13020,18805,70928,2432.73,2692,3372,1728,7284,35239,15256,34071
2009,4,16,75162,62111,79030,82547,5875,2432.73,1868,1352,4672,9955,69283,36962,12174
2009,4,17,33853,95080,71678,87965,16208,2432.73,898,3172,2741,7846,26976,17346,49337
2009,4,18,67989,86022,43393,49718,9659,2432.73,3692,1171,3445,5452,10230,29319,44984
2009,4,19,64896,76939,5673,25920,33247,2432.73,2881,3450,2739,7350,87766,18946,41308
2009,4,20,50248,8666,27119,4341,58936,2432.73,4360,3275,2006,9104,18698,16126,4096
2009,4,21,84088,33037,67299,57534,35759,2432.73,1852,2005,1326,8876,42924,43904,17369
2009,4,22,66537,72159,93708,69276,89421,2432.73,3221,1019,1174,5340,60359,15425,31474
2009,4,23,85788,6072,8702,42256,95176,2432.73,3381,4263,1082,5679,53148,12798,18046
2009,4,24,43048,90001,36550,20059,48878,2432.73,638,1765,4335,8052,16790,23756,45826
2009,4,25,5496,89262,29776,11986,20954,2432.73,2411,1740,2558,6112,48995,15478,6488
2009,4,26,20510,57378,3350,87944,49409,2432.73,2487,3808,1497,8082,28866,11726,6498
2009,4,27,56215,59181,43492,40550,83203,2432.73,4305,1878,1497,7078,17034,37450,10884
2009,4,28,66921,94446,10544,95831,96910,2432.73,3564,3771,4619,6913,21714,49028,25891
2009,4,29,79763,29203,7837,42613,89591,2432.73,4338,1618,2234,8374,10854,11788,3055
2009,4,30,91418,33364,33190,57915,93797,2432.73,740,2068,1021,9070,72899,24283,1870
2009,5,1,76464,8055,97771,99730,29769,1553.23,843,1318,1982,8455,81265,40392,13151
2009,5,2,9147,27070,2627,39681,46128,1553.23,1097,4491,3956,9012,89639,30532,30768
2009,5,3,50730,66709,91555,22990,39608,1553.23,1139,2422,1002,5261,48503,36363,32190
2009,5,4,98412,60700,28039,35750,99155,1553.23,1141,3300,2724,5120,64332,48852,9304
2009,5,5,75888,95431,78344,56196,795,1553.23,1728,1523,1042,9278,74512,14012,34335
2009,5,6,76824,62004,55777,83419,47266,1553.23,4781,2028,4978,8352,97778,30485,4280
2009,5,7,73475,23920,5138,26200,85392,1553.23,1403,1278,1252,6098,33826,32046,19471
2009,5,8,20433,20555,33570,71476,31541,1553.23,4828,4715,1436,9814,16276,33701,24434
2009,5,9,71237,44267,95731,52567,8439,1553.23,3051,3264,1118,8189,24463,35523,9861
2009,5,10,24012,65867,13154,5264,1965,1553.23,2309,3749,3885,7230,10224,15425,46980
2009,5,11,61664,21405,40141,48100,72010,1553.23,3153,3245,3892,7830,95811,33682,14626
2009,5,12,20096,28864,31947,70227,83405,1553.23,749,2415,4980,8903,29030,23297,22763
2009,5,13,82235,32692,12047,66121,69922,1553.23,2897,1584,1142,8790,96035,32035,38623
2009,5,14,19016,10541,75281,44260,20776,1553.23,4293,1750,2659,5194,27449,16063,37445
2009,5,15,15355,33199,39831,70335,68454,1553.23,4983,1386,2903,8146,33160,37824,35213
2009,5,16,10652,31058,35761,70679,1800,1553.23,4065,1640,3688,8702,81426,29463,48148
2009,5,17,98143,75721,36687,30802,18313,1553.23,3216,1782,3685,6102,36704,48491,14136
2009,5,18,88259,96689,65532,22514,68718,1553.23,684,1452,1100,9826,66399,14252,15044
2009,5,19,26949,1817,85068,85637,12515,1553.23,1452,1322,4917,8990,41457,19172,32846
2009,5,20,14978,21026,59600,28663,24072,1553.23,3505,3681,4344,5388,51194,44413,12657
2009,5,21,40432,77884,6487,86533,56685,1553.23,2136,3633,1054,8842,85621,14302,39238
2009,5,22,51401,83426,14226,26319,17916,1553.23,2251,2892,3060,8203,77907,33483,22035
2009,5,23,40860,37765,78518,66556,63154,1553.23,2320,3584,1226,7624,12946,13335,46064
2009,5,24,73045,73605,96969,64099,42160,1553.23,2667,3560,2367,8244,36230,16635,48943
2009,5,25,70279,88482,49528,79691,33037,1553.23,4526,3895,1551,8043,56802,44704,43787
2009,5,26,54107,34124,48289,10758,34283,1553.23,4093,2326,4713,7413,87777,36873,4758
2009,5,27,36356,71797,80434,35076,86393,1553.23,1710,3022,1496,7589,52713,20885,33016
2009,5,28,61377,82240,44781,42928,6635,1553.23,3983,1490,2058,8623,71498,10798,17936
2009,5,29,23381,11944,26371,68095,49357,1553.23,1319,1434,2295,7038,37139,38687,14148
2009,5,30,84768,88850,61711,22616,22791,1553.23,4852,4166,4366,9276,43445,36000,30776
2009,5,31,72569,47429,96741,40979,16053,1553.23,3670,1578,1533,6390,40230,12242,34591
2009,6,1,11550,64307,19188,79654,1446,2346.33,772,1646,2289,9740,29436,33064,24228
2009,6,2,29593,29956,62431,578,73401,2346.33,3145,2181,1522,7750,69585,12465,48431
2009,6,3,90498,41722,25351,76891,81953,2346.33,2430,4853,1898,5948,89507,19695,37593
2009,6,4,37197,86632,76342,39486,6372,2346.33,3901,2316,1476,7683,52893,25485,5779
2009,6,5,82466,42392,62667,10341,72867,2346.33,2805,3364,1330,9024,40254,38629,48604
2009,6,6,68453,34037,98483,36703,63358,2346.33,1398,1118,1956,9091,56391,13696,4342
2009,6,7,21222,45294,66013,56955,12977,2346.33,3792,1794,1297,7810,22134,16790,18907
2009,6,8,26415,61292,30232,33092,25799,2346.33,1720,1214,1756,6554,47305,34231,36838
2009,6,9,40897,70056,1138,48222,69147,2346.33,3269,1502,4173,5142,63674,48502,7529
2009,6,10,79541,62467,60297,57190,56630,2346.33,4056,3043,3721,8586,16134,35871,32431
2009,6,11,41126,54207,96475,78352,90761,2346.33,3934,3008,1538,5174,12581,15684,10132
2009,6,12,37600,90852,22405,73126,51486,2346.33,1627,2377,1249,7722,20918,37878,2432
2009,6,13,64354,44975,37274,24427,15615,2346.33,604,1740,3965,6256,35091,14726,3408
2009,6,14,99607,30378,62735,46145,10449,2346.33,1829,4399,2519,9510,37524,11702,25317
2009,6,15,3017,59152,97734,84267,41075,2346.33,2144,1779,1329,9418,62557,11944,35004
2009,6,16,29178,72856,85037,53144,12331,2346.33,4221,1937,1856,6955,58081,27304,36480
2009,6,17,38624,36263,58056,21143,36849,2346.33,2850,1216,1083,5583,56834,28510,45581
2009,6,18,36939,78980,66642,33269,54750,2346.33,1564,1142,2054,6600,69773,30736,29200
2009,6,19,99432,53995,42674,66288,17303,2346.33,4943,1860,3369,7998,93420,13148,17108
2009,6,20,29931,81271,62787,1015,83207,2346.33,4524,1496,4951,6165,86116,36052,35973
2009,6,21,25365,47681,2684,43771,10633,2346.33,4507,1158,1451,7074,92702,43753,22457
2009,6,22,50640,52646,16031,4010,70645,2346.33,1930,1926,3425,6068,17940,13272,25803
2009,6,23,42042,63817,59480,73345,76335,2346.33,4397,1698,3276,8350,61821,20261,45597
2009,6,24,50889,52681,46677,77340,86213,2346.33,2444,3204,2024,9827,57213,29020,39380
2009,6,25,95630,496,95948,19055,6565,2346.33,2037,4957,4056,7869,38301,20390,30240
2009,6,26,63466,14051,88441,73094,92483,2346.33,3354,3371,4293,6383,37062,21858,16614
2009,6,27,95763,74508,75063,4139,60687,2346.33,4511,1315,4122,7270,91722,22038,48628
2009,6,28,42050,50112,36996,52458,84333,2346.33,2847,2797,1408,7640,20891,48182,25298
2009,6,29,94254,30598,57906,13548,3333,2346.33,1757,4094,1662,6819,12962,46512,44968
2009,6,30,75447,19097,19181,40921,30907,2346.33,4311,4307,2365,6306,41765,28050,27255
2009,7,1,64613,25848,63656,8605,63091,1869.52,2858,1590,1094,5524,13372,31061,28190
2009,7,2,84515,12468,16889,27686,32053,1869.52,4483,2500,3932,6598,98406,26186,29753
2009,7,3,89715,87714,19905,72374,29479,1869.52,666,1802,1294,5510,19047,13006,47955
2009,7,4,4877,38258,13285,40971,71015,1869.52,3384,1066,1827,6526,83213,20231,43009
2009,7,5,1377,2697,87732,16662,79453,1869.52,2847,1046,1694,9103,57891,36033,2490
2009,7,6,77058,4573,62829,17212,14908,1869.52,1807,4784,1485,6443,77106,15010,48229
2009,7,7,9452,81843,79381,97632,3467,1869.52,2862,1195,1642,5594,37856,27446,12595
2009,7,8,24436,97056,62966,14639,76160,1869.52,2024,4568,1742,6204,86779,13386,20857
2009,7,9,44433,39939,92825,80919,6382,1869.52,3418,2185,3125,7798,29816,37943,36283
2009,7,10,46745,47679,25491,44740,69625,1869.52,2185,4060,1754,6038,25050,11682,13347
2009,7,11,38712,8427,38834,80492,54632,1869.52,2179,4063,1903,6355,79981,38285,25614
2009,7,12,48991,68400,20471,17116,52551,1869.52,1410,1302,2964,6901,60385,33941,1178
2009,7,13,26600,98924,78002,19706,426,1869.52,3970,4136,2830,7804,19628,32461,19404
2009,7,14,69770,73160,81525,51673,35868,1869.52,4957,4857,1257,6779,18324,48807,11507
2009,7,15,27066,39735,14455,41383,2988,1869.52,1675,1888,1974,9676,65644,13794,41192
2009,7,16,39080,54616,46029,66910,82420,1869.52,4370,3540,1520,7247,20212,14784,32009
2009,7,17,8754,76523,92245,71363,53302,1869.52,1522,1719,1654,7878,38101,35994,10569
2009,7,18,8520,79777,31934,14987,15805,1869.52,1878,1235,4896,8526,54497,33667,13930
2009,7,19,66268,3868,52208,37788,67467,1869.52,1526,1219,1206,7550,47582,18595,22421
2009,7,20,80691,34105,15315,63697,51433,1869.52,4690,1303,1800,7975,91289,48051,19768
2009,7,21,11906,13168,69288,96802,97427,1869.52,948,1750,4003,5362,34184,27822,40137
2009,7,22,21449,95711,4042,86743,65833,1869.52,1690,1522,3431,6722,26570,36215,17976
2009,7,23,23125,76262,62520,5372,74237,1869.52,4775,2493,1976,5414,99295,30754,3809
2009,7,24,45551,96117,60800,5906,28793,1869.52,3727,1593,2045,7769,53335,22877,44984
2009,7,25,22097,75026,35752,40529,28383,1869.52,1743,2858,4934,5614,89581,45523,12322
2009,7,26,59424,9357,48017,42752,14771,1869.52,3505,1310,3427,5318,66226,38572,47312
2009,7,27,11992,16306,55166,19037,54075,1869.52,3265,2523,1230,8042,33051,10964,24853
2009,7,28,22690,76147,28823,77625,81762,1869.52,4499,2536,4112,7515,18998,25234,34756
2009,7,29,51180,40145,51908,10959,40801,1869.52,4530,4143,1590,8446,18154,19490,34486
2009,7,30,95901,12797,13741,28483,73165,1869.52,4446,1716,4289,8268,89829,37402,13144
2009,7,31,69376,29329,11291,13488,33197,1869.52,662,4375,3073,6981,95333,25225,11578
2009,8,1,11217,94369,42257,82264,98900,2950.52,4515,3047,2213,6004,19526,40356,13474
2009,8,2,28796,13418,95999,63416,3247,2950.52,2791,3927,1043,6278,82123,38972,49753
2009,8,3,67705,66499,73399,24686,78184,2950.52,1151,4399,4344,9530,88015,16496,48624
2009,8,4,38234,98883,36292,31800,38233,2950.52,2155,2027,2271,9020,30443,20518,3855
2009,8,5,50611,63235,35798,28006,25865,2950.52,3329,3569,2122,6727,18254,45305,34273
2009,8,6,5352,50759,1058,14696,25519,2950.52,4290,3751,4306,7762,95550,42538,5425
2009,8,7,45789,84059,9567,13060,84916,2950.52,4929,1877,4595,8342,79882,45459,6362
2009,8,8,86351,13213,55381,3473,36292,2950.52,3778,1642,1500,6187,72689,16263,39988
2009,8,9,21612,28333,46367,25918,20266,2950.52,4808,2405,3679,8758,95465,19902,8270
2009,8,10,67088,11747,11825,86683,63826,2950.52,3493,1470,2622,7542,70000,23914,8059
2009,8,11,10214,68779,31909,50959,84966,2950.52,3573,2928,4282,9939,48845,19547,4599
2009,8,12,54561,33654,68306,29592,44380,2950.52,4538,1466,1868,5478,14500,22045,13771
2009,8,13,9421,79347,22222,47044,99573,2950.52,2309,4785,2351,9217,60743,28668,42222
2009,8,14,90168,10669,1597,39450,6960,2950.52,708,1520,1818,7318,91111,11178,16794
2009,8,15,73777,97002,88998,81997,98364,2950.52,4042,4136,2843,5240,87531,48767,3498
2009,8,16,84837,24841,8553,78540,10410,2950.52,3559,1164,1315,6058,56378,13130,35648
2009,8,17,58301,98080,81148,75100,91734,2950.52,2630,1861,4260,6538,63858,33975,22259
2009,8,18,61477,17901,24464,60673,10516,2950.52,4439,1703,4538,7992,13198,29948,28347
2009,8,19,53640,80154,96878,66308,88013,2950.52,4582,1312,1335,5902,37764,18850,3256
2009,8,20,39340,90395,57635,24952,32022,2950.52,3927,4849,1498,9742,70521,16259,21493
2009,8,21,78090,29962,94315,47628,14306,2950.52,3927,4296,2413,6502,50603,35425,1828
2009,8,22,10413,36538,48090,78100,3619,2950.52,3871,2958,2599,6050,84261,40972,2206
2009,8,23,49350,9541,50823,5094,59284,2950.52,2704,3724,2656,8370,10878,48313,37696
2009,8,24,15631,61632,98963,13044,18788,2950.52,4820,4199,2455,9262,23650,12156,15918
2009,8,25,81468,77523,65384,90420,5380,2950.52,1391,4729,4185,8565,76174,34820,49646
2009,8,26,36262,80232,88545,20270,78602,2950.52,3583,4232,2879,7545,23627,36666,6249
2009,8,27,83463,54801,32219,2270,50415,2950.52,4695,3233,4742,6430,38652,10254,5869
2009,8,28,72428,70045,26204,47966,68610,2950.52,2785,4870,3960,5350,41492,43914,18730
2009,8,29,77579,60076,4499,61810,93973,2950.52,4827,3786,1268,7045,96056,16043,44478
2009,8,30,69267,20752,14278,19009,43534,2950.52,974,1932,4325,6084,63926,24287,2930
2009,8,31,51768,46712,45510,67080,34394,2950.52,2345,3323,3428,7402,90132,14810,37002
2009,9,1,54961,51188,41951,68358,63596,1755.07,2623,1406,3623,5978,44231,15818,24347
2009,9,2,63467,60193,63583,96505,40471,1755.07,4623,2182,3378,8054,37927,36732,37870
2009,9,3,25401,66252,161,23596,72736,1755.07,1268,4047,1750,9152,12405,38695,7562
2009,9,4,48918,66381,89394,3893,39365,1755.07,3148,4183,1422,6950,15687,10374,33625
2009,9,5,79600,96663,54174,29331,44717,1755.07,1062,1468,3352,5158,10064,47439,42102
2009,9,6,40136,76333,91488,65236,904,1755.07,3930,1172,1624,9675,70064,42341,20245
2009,9,7,93301,98214,61525,19822,6296,1755.07,930,1800,1870,9278,31577,10414,43564
2009,9,8,16736,13992,37763,91440,96566,1755.07,3878,3053,1030,6717,34640,15542,14179
2009,9,9,83314,4924,23939,69939,64599,1755.07,3631,4250,3568,5270,94071,14863,10356
2009,9,10,83719,64533,17111,90296,89167,1755.07,1588,2253,4030,5702,13692,41948,15040
2009,9,11,59881,68923,45002,16744,31993,1755.07,861,1250,4564,9608,12830,15515,29642
2009,9,12,41507,30227,39766,50075,20382,1755.07,1290,1834,3369,9514,27098,15578,33838
2009,9,13,79793,85040,42493,75175,80742,1755.07,3474,1974,1458,9664,90069,39802,22537
2009,9,14,24470,80931,5109,25386,12082,1755.07,900,3588,3282,7018,20014,23663,6704
2009,9,15,80856,17657,10468,95577,32410,1755.07,815,3553,2604,8307,20079,19698,37566
2009,9,16,30844,3555,93025,88654,48382,1755.07,3456,4202,1530,9916,30940,17626,49446
2009,9,17,6620,38193,62397,59902,85211,1755.07,4917,2417,1419,6736,94345,15180,48764
2009,9,18,30654,10161,93734,69611,84820,1755.07,660,2014,1286,8684,37020,14804,30166
2009,9,19,98130,15477,20360,94857,31745,1755.07,3664,4715,1696,9682,30969,14822,1300
2009,9,20,97529,97239,6176,13948,73975,1755.07,4128,1968,2033,9213,90589,11853,1054
2009,9,21,35731,96250,43868,85802,11286,1755.07,606,1542,2715,7790,20622,44459,30888
2009,9,22,88617,40640,15528,10812,39405,1755.07,3217,1932,3734,8796,67231,17708,46497
2009,9,23,41267,46360,55040,68300,51926,1755.07,638,4007,3230,6102,89809,19516,45630
2009,9,24,37612,6768,11635,50328,44085,1755.07,1138,2700,4248,6665,59863,45004,48610
2009,9,25,73162,78082,81937,16896,18827,1755.07,955,1444,1879,5995,44743,30156,49168
2009,9,26,67977,41249,84164,42559,97973,1755.07,3426,1176,2091,9078,85910,41175,23973
2009,9,27,88671,97050,90228,94271,40067,1755.07,4274,4580,4524,9750,46475,13350,1622
2009,9,28,86730,13784,56147,98609,36131,1755.07,998,1862,3489,9280,63016,12932,1790
2009,9,29,69605,91444,92046,66697,31505,1755.07,2871,1526,2708,8912,30796,47775,44308
2009,9,30,64543,70071,77356,9067,91281,1755.07,3768,4361,1298,9838,92970,22799,40183
2009,10,1,4439,43258,36998,83719,6275,2005,3323,4069,1855,6371,61925,46163,43459
2009,10,2,60595,98452,3872,75046,29248,2005,4587,4317,1705,5005,13908,15174,17999
2009,10,3,70126,17663,72206,15040,26985,2005,3547,1423,4614,6896,15141,27240,11358
2009,10,4,56707,84817,7662,58563,21188,2005,1077,1782,3037,5230,73179,13636,19587
2009,10,5,59300,12768,29306,21005,94125,2005,4244,4250,3917,7802,95641,30901,36255
2009,10,6,39160,5541,12325,93774,52437,2005,2366,4143,3634,5027,67705,49822,43819
2009,10,7,64615,55135,47957,49004,46435,2005,2640,1476,1046,7810,43090,44379,21136
2009,10,8,44553,82335,24982,14822,10137,2005,2074,1304,1163,6078,59421,44951,20623
2009,10,9,84570,63140,4095,29556,58167,2005,729,4132,1933,7380,88136,39720,21800
2009,10,10,81174,67129,95454,31428,59074,2005,2158,4977,3582,6992,34798,13718,4896
2009,10,11,54115,46874,29367,96630,3977,2005,1580,3545,4630,5675,18100,18306,5140
2009,10,12,83827,30183,98282,27113,73868,2005,1832,1392,4897,8637,19172,45322,2770
2009,10,13,99886,11331,81653,53468,44823,2005,3537,1182,4675,5816,28269,33651,16451
2009,10,14,84395,19850,88549,69025,31877,2005,4525,2055,3183,5622,59167,43402,23002
2009,10,15,61928,92352,14796,48177,37341,2005,4850,2225,1649,6038,14098,22823,33968
2009,10,16,24306,40583,38112,3981,19838,2005,3984,1178,2582,8884,11930,34458,16381
2009,10,17,31886,50486,82866,1421,93292,2005,4823,1570,2087,5970,19746,17742,8385
2009,10,18,9938,45950,58006,87939,37452,2005,762,1756,1984,5225,82089,41821,31403
2009,10,19,47959,86074,62406,50541,94958,2005,1350,3195,3851,8442,44615,28495,18367
2009,10,20,58953,5791,16418,26041,81761,2005,946,3049,2113,9660,95988,35916,36165
2009,10,21,86228,23103,14026,8212,88328,2005,1385,2637,3539,5142,12738,19706,46115
2009,10,22,29861,20881,53044,48713,21449,2005,3559,1630,4801,9976,12890,12566,14012
2009,10,23,62493,53261,25964,60958,58087,2005,3226,1340,1405,7251,85229,16085,38304
2009,10,24,23366,51615,18723,21905,13109,2005,3104,2969,4132,9254,16076,46932,38253
2009,10,25,31512,1593,77333,51313,27921,2005,4226,1765,3385,5190,67722,27823,1078
2009,10,26,33494,80949,88490,94900,24552,2005,2336,2916,1684,6058,86172,19198,23719
2009,10,27,50663,34278,14114,26147,51778,2005,3078,3288,1590,6763,50952,18011,22147
2009,10,28,16889,20180,74777,70274,15370,2005,3097,3862,1151,5886,60113,30702,8851
2009,10,29,76657,53802,44972,34693,66213,2005,836,1874,1772,9950,59373,49901,31144
2009,10,30,58449,82452,33190,98540,15567,2005,1550,2454,1356,7678,19080,19222,1000
2009,10,31,32881,33530,1257,5384,36468,2005,1086,4475,2875,7409,80519,14087,27723
2009,11,1,86356,30963,76678,22658,6688,3163.47,1106,4138,1120,9645,21057,26614,26579
2009,11,2,62548,69864,13640,36578,88944,3163.47,4457,3824,3641,9692,91643,27715,16034
2009,11,3,77280,21119,25592,24689,1638,3163.47,4592,4345,1992,5252,43354,43679,39679
2009,11,4,55553,24461,99171,48025,20458,3163.47,990,3004,1590,9268,19581,45386,20228
2009,11,5,20663,5392,34211,20656,80233,3163.47,3371,3863,3324,7934,98551,31314,25855
2009,11,6,79993,34496,2012,66986,47118,3163.47,2016,4021,1178,6186,67045,13280,45366
2009,11,7,12766,8036,5993,19209,79017,3163.47,4594,1030,2316,5156,36685,43900,41926
2009,11,8,7363,51409,17764,70688,75371,3163.47,3353,1715,3514,5974,55052,30631,32667
2009,11,9,32082,32069,66005,18260,24608,3163.47,4895,2372,2436,7239,56580,36452,33050
2009,11,10,89165,87527,52483,36482,69036,3163.47,1733,1397,1928,6862,63436,48650,5520
2009,11,11,63516,31790,20366,47030,18506,3163.47,4012,1184,3838,6368,68846,48445,25418
2009,11,12,9418,10094,85818,66854,73685,3163.47,4657,2849,2628,8491,15682,31663,8751
2009,11,13,94012,12416,24414,50940,43265,3163.47,941,3132,1992,6307,86513,20848,37850
2009,11,14,28077,96879,21436,51915,73247,3163.47,728,4016,3079,5068,82221,13538,6635
2009,11,15,77632,1880,85966,56612,90371,3163.47,3275,4381,1686,9040,51672,40031,1648
2009,11,16,33242,67615,13164,85585,20274,3163.47,1433,3349,4258,8450,16616,10050,16029
2009,11,17,17207,33328,17874,66639,52209,3163.47,4754,4839,3325,5719,86451,17402,1670
2009,11,18,93719,91079,9430,24133,36471,3163.47,4163,4711,1420,7366,55296,31693,27455
2009,11,19,76060,28082,46395,5318,22302,3163.47,4174,4508,2690,8218,12302,14898,13011
2009,11,20,58495,12253,94739,76820,87972,3163.47,1867,1689,4971,5218,22173,15596,47542
2009,11,21,88752,36338,27505,50172,96368,3163.47,3216,2426,2233,7766,94096,49535,49153
2009,11,22,90326,18271,5396,3016,76671,3163.47,2913,1382,1230,9003,28335,28116,27894
2009,11,23,92897,30204,26158,14220,57853,3163.47,2012,2955,1019,9517,29478,13739,48331
2009,11,24,98670,77695,2518,42256,88657,3163.47,1790,3981,1236,7084,98348,15822,46614
2009,11,25,41431,66263,59423,81576,61618,3163.47,1043,4514,4312,8552,68733,42164,37758
2009,11,26,33235,57099,55120,50607,56616,3163.47,4345,1636,3643,6438,13891,33652,1910
2009,11,27,79829,22034,78986,27417,35571,3163.47,654,3352,4948,8838,91279,21565,27335
2009,11,28,15206,17323,92432,49519,2227,3163.47,3034,1813,3263,9506,19422,41230,11166
2009,11,29,30456,83117,79219,25452,66331,3163.47,4103,2510,1495,8890,89926,33418,9463
2009,11,30,81775,41601,76771,58075,69049,3163.47,4640,4254,1724,8314,50124,20303,18051
2009,12,1,8159,72117,84204,37665,74536,1599.61,4472,4003,1004,9923,56685,30466,41786
2009,12,2,35379,35549,28314,39819,41827,1599.61,2945,3427,4854,9514,52475,39256,28084
2009,12,3,92012,53082,90981,80436,3206,1599.61,518,1364,4751,9414,65380,40638,27636
2009,12,4,22365,49853,80994,9721,76128,1599.61,1538,2857,3227,9714,84028,15053,37680
2009,12,5,62936,21974,14833,84142,50697,1599.61,3397,2708,1741,5910,39495,39947,33661
2009,12,6,8366,69519,67664,24470,16450,1599.61,926,3814,1210,6101,64886,16168,49396
2009,12,7,50133,71426,35938,39712,6278,1599.61,4764,1138,3290,5949,69706,17982,19966
2009,12,8,69610,59456,51695,22703,40186,1599.61,4001,4903,2060,6042,89372,19732,41190
2009,12,9,12413,20832,65028,28013,33285,1599.61,1091,4768,1339,8380,39479,23968,29915
2009,12,10,8346,94245,25885,66636,96546,1599.61,622,2506,1398,7346,10426,27935,11943
2009,12,11,51211,84211,9191,28271,47227,1599.61,3131,1990,2098,6328,20354,35382,14915
2009,12,12,49426,72799,85152,50765,61179,1599.61,1084,4524,1878,6968,36159,48123,24631
2009,12,13,28912,28134,30630,16662,71803,1599.61,948,3012,1400,9526,67634,49978,35839
2009,12,14,85054,22118,75970,37152,41629,1599.61,3886,1053,4121,6374,58169,46652,46324
2009,12,15,81372,49254,16177,32951,82575,1599.61,1073,2837,3173,6842,44498,34975,18688
2009,12,16,63894,5447,24340,16646,91938,1599.61,1623,1991,1798,5194,30494,22071,41974
2009,12,17,5269,85733,63125,90742,26122,1599.61,2393,3845,1899,9921,56795,19473,21295
2009,12,18,54962,54221,97311,68135,82276,1599.61,3109,1168,3607,7610,62813,11098,41809
2009,12,19,2126,79438,48888,32568,88382,1599.61,4638,1398,1466,8240,12038,23940,45735
2009,12,20,5410,54489,47786,92309,40763,1599.61,3134,1456,1286,5444,63857,14866,20933
2009,12,21,33606,33319,19949,97213,27119,1599.61,4108,4243,4903,7996,78162,33284,49115
2009,12,22,13731,82802,9639,11549,66917,1599.61,986,3677,1221,9625,97337,21983,26734
2009,12,23,20558,75472,34059,12063,67269,1599.61,842,1756,2585,5790,14437,24703,47916
2009,12,24,4905,99898,20299,99808,17894,1599.61,4444,2975,2614,9082,59524,30882,48462
2009,12,25,35816,11365,69560,33389,10991,1599.61,1724,2899,3720,8566,76313,25988,16897
2009,12,26,20051,62156,43214,83988,67947,1599.61,3691,4202,3899,5341,10734,41793,24003
2009,12,27,10155,4807,56121,24121,30241,1599.61,758,2407,3361,9132,32147,20703,31997
2009,12,28,57811,3872,34955,32883,26007,1599.61,918,2408,3423,8435,46395,15452,11269
2009,12,29,92438,21439,63277,66337,33133,1599.61,4481,4638,4796,9782,83759,20036,18639
2009,12,30,78951,88762,18796,38664,79676,1599.61,4366,2485,4814,5454,70367,47172,1896
2009,12,31,71942,61942,75933,61717,80377,1599.61,790,4165,1014,5418,55501,43250,22328
2010,1,1,46336,69241,90205,93290,53000,2711.48,2239,1761,1578,7294,21436,46329,26593
2010,1,2,36622,75274,67496,97295,61993,2711.48,587,3933,1951,7304,17266,45631,31020
2010,1,3,99447,93475,72102,14865,65328,2711.48,554,1662,1896,7342,19834,15802,31704
2010,1,4,48421,93544,45705,93808,4447,2711.48,1488,1067,3765,7978,54714,20757,33493
2010,1,5,71356,40302,44691,28308,3958,2711.48,590,4755,1486,9594,50971,40504,15352
2010,1,6,94095,66244,68520,45038,4424,2711.48,3980,2843,2013,8358,63002,37811,23471
2010,1,7,94529,69492,45232,53294,59828,2711.48,4050,1182,1598,5092,75841,10556,49946
2010,1,8,444,16132,80312,75621,44875,2711.48,2477,3968,3878,8038,84006,18302,31284
2010,1,9,90819,49339,87498,74185,60376,2711.48,1995,4903,1343,7226,16404,12522,16853
2010,1,10,23524,98600,60057,80123,33693,2711.48,678,1978,4733,7341,26108,29608,2251
2010,1,11,68625,58586,68577,98856,75934,2711.48,3509,1751,3273,8118,40935,28648,18935
2010,1,12,87859,2932,33552,40554,26510,2711.48,4427,1385,1422,5836,46507,40392,41749
2010,1,13,98087,3538,40880,99172,40879,2711.48,3779,1720,1924,7356,41062,34209,16988
2010,1,14,66291,74572,962,916,11930,2711.48,4563,1140,1179,6240,73045,16194,41897
2010,1,15,54864,42474,70427,11564,4662,2711.48,1955,2747,1822,5680,18270,44052,16934
2010,1,16,26175,47051,36260,84452,60759,2711.48,3660,3400,3244,9621,44316,30174,27322
2010,1,17,77871,23880,96315,55402,36995,2711.48,4442,3210,3184,9868,19773,32845,19360
2010,1,18,63154,38082,51945,99976,97269,2711.48,770,3442,2265,6639,24245,44375,20216
2010,1,19,23962,42907,37776,92206,78880,2711.48,3731,3101,2323,5618,28503,18644,32092
2010,1,20,70758,87946,83880,15294,34167,2711.48,3139,3671,3086,6435,29999,21706,20006
2010,1,21,86651,40380,95149,20268,87019,2711.48,4642,2331,3652,8770,19537,23883,19395
2010,1,22,67214,24621,46986,89537,26019,2711.48,854,1775,1137,5437,28420,30303,41841
2010,1,23,85443,76560,60328,59881,92996,2711.48,1586,2004,1420,6184,16265,34075,40327
2010,1,24,62482,47260,61408,57486,16030,2711.48,1368,4595,1916,9420,89131,47934,47297
2010,1,25,86546,70690,61062,99036,36128,2711.48,690,1569,2393,6017,97802,41740,39483
2010,1,26,96344,29389,87739,43401,72476,2711.48,2476,1308,3966,8883,25145,16348,20356
2010,1,27,36180,56515,15944,74448,67572,2711.48,2382,1906,2116,9795,69504,44595,21427
2010,1,28,89278,15195,82517,88024,21213,2711.48,4763,3907,4707,7716,77308,48534,30319
2010,1,29,4209,54785,66196,4528,10020,2711.48,875,2550,4206,6818,36997,31778,41341
2010,1,30,58245,75732,2248,66713,75528,2711.48,1307,1156,3297,7658,69179,24509,38104
2010,1,31,90495,65296,74770,16554,49149,2711.48,774,4709,3213,7635,74236,49584,2078
2010,2,1,11464,12135,53183,48282,65484,3177.68,2877,1215,4911,5942,33094,16038,1313
2010,2,2,33602,14251,27664,27426,99783,3177.68,2920,1382,1942,6670,30577,45371,2174
2010,2,3,65914,287,18585,63549,90875,3177.68,3876,2337,1654,8410,66970,12137,18169
2010,2,4,56075,6201,19705,75986,12143,3177.68,712,1496,2049,8014,89521,33183,2799
2010,2,5,96540,23794,48261,39834,74619,3177.68,846,1884,1934,9590,36784,10838,28838
2010,2,6,54661,5661,21393,51315,60423,3177.68,4804,1496,4562,9508,17676,13418,38363
2010,2,7,18660,9185,68801,2061,53552,3177.68,1002,1590,2114,9855,89924,23084,8322
2010,2,8,45045,41481,29969,40521,27974,3177.68,4575,3985,3765,7806,50300,49188,16754
2010,2,9,69330,96457,82037,63893,62317,3177.68,1948,1960,1014,5748,83035,19957,40871
2010,2,10,30422,84631,20049,28888,34486,3177.68,1972,4530,4156,7790,36402,12129,26325
2010,2,11,15046,95978,11116,3812,76945,3177.68,4351,2626,1160,7739,26518,11594,27768
2010,2,12,58610,29819,50220,75017,1920,3177.68,4973,2340,4237,5522,61228,18722,49607
2010,2,13,7698,79553,64605,8207,11493,3177.68,1687,2890,1984,8318,63053,40281,1008
2010,2,14,58274,48757,52908,48849,16496,3177.68,3092,1830,1947,8311,50121,43866,45778
2010,2,15,17918,11447,92560,68507,92821,3177.68,3581,1869,4691,8185,25075,27535,20140
2010,2,16,35545,61764,20426,48882,42270,3177.68,4162,1096,2234,8306,49391,48730,33479
2010,2,17,4199,67484,40188,46146,52147,3177.68,694,1416,3106,8923,54922,27278,6661
2010,2,18,69063,8504,44149,18754,43042,3177.68,1288,3585,3690,6142,27466,11930,35576
2010,2,19,16545,66629,6504,65132,75050,3177.68,882,1208,1082,6752,41745,16466,22247
2010,2,20,93413,48110,10997,27871,47033,3177.68,626,1094,1558,5649,51199,33815,15920
2010,2,21,17577,47488,12402,81268,80554,3177.68,2227,3450,2848,5878,94933,14249,39868
2010,2,22,82329,25147,9850,38411,28251,3177.68,2991,1662,1055,7984,49532,29439,17947
2010,2,23,56259,21034,95534,47034,53035,3177.68,848,1232,1152,9601,51878,14964,46733
2010,2,24,65822,55458,20928,5022,65540,3177.68,4270,4219,2358,5471,18982,35608,15861
2010,2,25,13418,98326,23623,45825,88665,3177.68,536,4923,1892,6438,16626,29926,39507
2010,2,26,83881,5509,50538,94453,15111,3177.68,1929,2283,1162,9208,18502,12240,18768
2010,2,27,71421,37927,36688,28779,83399,3177.68,738,1815,3994,8730,42640,42658,5670
2010,2,28,43867,67904,3934,87111,5053,3177.68,2037,1166,2750,7862,16088,49212,12242
2010,3,1,18018,46496,59623,73578,65152,2227.29,4997,3077,3777,8758,86475,40798,32091
2010,3,2,20866,99644,94793,91578,58636,2227.29,1796,1538,4088,8906,47942,36329,3803
2010,3,3,5944,53228,20432,56223,69316,2227.29,546,3685,3842,10006,93614,13993,35996
2010,3,4,33333,38613,17072,18462,28740,2227.29,4259,1924,4541,6598,73886,28176,19899
2010,3,5,40559,25683,21068,14647,64590,2227.29,2327,1884,3588,7759,59458,24256,19010
2010,3,6,40107,1079,27942,88950,2322,2227.29,2942,2005,1519,5878,70467,21611,21556
2010,3,7,56265,29727,87569,75806,16483,2227.29,3982,2040,3489,5634,71686,34430,11455
2010,3,8,60411,89014,87667,15352,43125,2227.29,4607,3231,3203,7548,72180,16876,47126
2010,3,9,5456,75123,18883,81976,11489,2227.29,3586,2752,1738,7506,59909,15342,39350
2010,3,10,85313,30244,8950,88802,21645,2227.29,4583,2055,1001,7250,97406,29125,30636
2010,3,11,24376,53366,28709,88931,20914,2227.29,2159,2720,2363,8398,24695,20203,1788
2010,3,12,96743,44634,4308,48522,52140,2227.29,872,3804,1634,5732,42605,32456,14217
2010,3,13,22721,32190,30864,8722,25792,2227.29,4198,1518,2986,5824,71800,18899,44622
2010,3,14,148,43960,77973,92511,35001,2227.29,4065,3094,3653,6754,96616,32144,2668
2010,3,15,13942,13400,85949,24754,39132,2227.29,2209,1851,3447,8073,86924,19238,44907
2010,3,16,32695,41124,85757,47034,24031,2227.29,2284,4177,1516,8502,33040,11502,7557
2010,3,17,62925,62106,17316,26578,11831,2227.29,654,1552,2330,8246,50524,16461,13932
2010,3,18,5929,7734,44666,15728,12159,2227.29,4965,1205,2712,7073,16486,13094,31590
2010,3,19,10982,90523,53625,28850,50780,2227.29,1718,1030,1038,5385,72984,26951,3017
2010,3,20,29317,48058,2723,72999,25432,2227.29,811,1359,3684,7766,63438,11694,19599
2010,3,21,48419,98404,83400,21131,51829,2227.29,577,2810,3512,8998,91659,15643,41638
2010,3,22,23570,89730,95699,5043,5115,2227.29,1994,1574,4443,8614,23780,24875,35035
2010,3,23,87020,95945,22587,80704,12773,2227.29,2897,1190,1570,6297,98673,10466,36026
2010,3,24,94287,49251,15420,92799,86156,2227.29,3441,4724,1808,8006,14766,18274,7079
2010,3,25,71878,13113,69058,21322,14182,2227.29,1196,2552,1134,5134,98255,17906,9190
2010,3,26,21160,1153,95449,21941,87450,2227.29,4549,3088,4723,6320,90886,45878,44122
2010,3,27,13399,65681,71955,26559,52524,2227.29,4833,4401,4833,8054,45722,30366,36722
2010,3,28,39432,58271,47919,44566,93405,2227.29,3823,1842,3678,5054,52856,17479,46174
2010,3,29,1098,43758,65568,60821,50078,2227.29,3051,3475,3486,5005,12782,14732,22807
2010,3,30,81727,51220,31763,97913,81462,2227.29,3278,2244,3458,5108,98161,28215,43837
2010,3,31,55075,93337,9132,18753,83961,2227.29,2584,1062,1498,8151,62229,11652,11988
2010,4,1,85281,35649,12148,96639,58387,1910.3,3364,4605,2623,5266,14846,27812,19510
2010,4,2,20908,61016,46271,29809,59177,1910.3,4882,2513,3616,7280,36473,11955,24486
2010,4,3,22572,37883,34052,7075,112,1910.3,4384,1598,1873,6531,82030,17206,6225
2010,4,4,12393,76747,26218,80017,69376,1910.3,2828,1634,1002,7350,36442,36531,49988
2010,4,5,61289,37677,39045,94905,41312,1910.3,3212,1942,4751,7263,87309,29862,41870
2010,4,6,63489,51694,31607,21714,44577,1910.3,3324,1969,1735,9092,36985,42462,13637
2010,4,7,30882,11166,99097,58236,31616,1910.3,4766,2903,4566,5494,16670,47230,1891
2010,4,8,8384,27373,27465,38135,988,1910.3,4349,4475,2818,5955,86188,27395,14774
2010,4,9,45945,40866,84365,69032,5407,1910.3,1493,2639,3866,6941,27227,46833,37702
2010,4,10,45184,71994,89738,34750,88509,1910.3,3331,1891,3973,8622,51378,19870,10250
2010,4,11,73274,35728,35789,56093,68035,1910.3,3487,1350,4193,8416,99361,15382,38329
2010,4,12,21905,77207,53592,70771,70500,1910.3,2603,1374,4164,7394,66784,24024,30819
2010,4,13,294,65116,87268,54267,23616,1910.3,579,1889,1458,5498,52981,25111,38646
2010,4,14,16048,52821,5442,95242,53376,1910.3,2545,1146,4713,6136,62401,35213,21156
2010,4,15,63308,46357,896,48824,36402,1910.3,4199,1694,4147,6466,90961,22762,17680
2010,4,16,65113,32893,86004,72189,10612,1910.3,2299,1658,3156,9093,21899,27883,5337
2010,4,17,6601,34445,53163,21314,16934,1910.3,1526,1592,3272,7558,61767,14673,31916
2010,4,18,7806,17319,51368,56953,43785,1910.3,1067,1022,2924,8310,97437,18535,8681
2010,4,19,87408,61089,45195,11916,30182,1910.3,1151,1781,4242,9313,74447,17527,33446
2010,4,20,91230,97326,80472,85854,21100,1910.3,526,3905,4556,8245,17742,19692,42239
2010,4,21,43279,64629,44942,51203,13052,1910.3,4738,1810,4818,5166,45077,10230,8731
2010,4,22,14730,51229,3134,48972,10543,1910.3,2850,3123,1258,6652,20328,12357,27581
2010,4,23,71912,37207,57615,47820,21804,1910.3,2512,1446,1618,8805,32636,15450,26177
2010,4,24,87536,2375,70666,23706,50011,1910.3,526,4739,3323,6392,30063,43865,32096
2010,4,25,87124,62914,28341,78382,92588,1910.3,2091,1710,2226,9420,28670,24030,15021
2010,4,26,40882,12535,5464,98039,57692,1910.3,3245,1878,1825,5263,68931,13680,38100
2010,4,27,87359,58990,71576,70682,68533,1910.3,899,2007,2255,9239,66741,39842,17991
2010,4,28,74261,73833,70694,92839,54890,1910.3,1868,1552,4601,9358,10161,18406,15716
2010,4,29,60432,78407,63871,17258,33670,1910.3,4092,1027,3142,8106,91709,43026,32802
2010,4,30,46362,72609,65035,43618,98200,1910.3,4811,3811,1959,6856,81650,26848,31776
2010,5,1,98519,88972,97173,37203,99133,1695.84,3986,2539,4686,7595,27560,28840,15817
2010,5,2,88040,48589,53335,60,56650,1695.84,1420,4257,2747,6389,43808,25874,46362
2010,5,3,56202,32621,97834,93058,14271,1695.84,1981,4140,1910,5505,82695,45489,41034
2010,5,4,91323,96682,89381,71009,44277,1695.84,4848,2315,1068,9535,48726,22178,16942
2010,5,5,15897,11500,67788,59996,17889,1695.84,869,1794,1144,8182,83499,24837,11596
2010,5,6,41088,45481,20331,37445,37338,1695.84,2934,3659,1058,9286,16020,26686,3026
2010,5,7,39256,15869,9002,21137,85404,1695.84,4666,2651,1168,7453,77646,19819,24081
2010,5,8,55402,29868,10262,15969,79922,1695.84,2158,2361,1944,7690,91157,18572,10113
2010,5,9,63218,24092,37942,79276,62759,1695.84,961,3365,1181,5286,39502,37937,3962
2010,5,10,55395,15521,21941,57326,59327,1695.84,3497,4727,1622,7526,47047,42080,49588
2010,5,11,13871,70558,95794,85815,14398,1695.84,830,2614,1042,9388,73241,23800,36951
2010,5,12,3350,29203,8518,5884,26870,1695.84,3820,3615,3540,8478,72293,22866,48020
2010,5,13,48052,65791,53946,93859,69549,1695.84,938,4770,2902,8083,85584,18462,17345
2010,5,14,35034,97032,96267,46076,62773,1695.84,1227,1121,1142,9500,88356,41931,19508
2010,5,15,9117,98529,56899,89009,30642,1695.84,3226,3692,4981,8523,72550,30881,29192
2010,5,16,15869,24841,80652,20123,72924,1695.84,2421,4309,1952,5039,70384,17496,32588
2010,5,17,4548,22965,41217,19610,84062,1695.84,2892,4529,3101,9206,98538,25094,29574
2010,5,18,80335,43117,53788,91668,41641,1695.84,2549,3860,3882,6410,93982,13620,42690
2010,5,19,52141,32756,81115,48112,67796,1695.84,1854,2342,2167,8070,16616,15170,17852
2010,5,20,93996,2548,17110,38450,53690,1695.84,3543,4023,1468,7330,25691,33108,32000
2010,5,21,10021,14593,23321,93903,84145,1695.84,2059,1284,1062,9062,12102,17852,17303
2010,5,22,48730,7602,6547,72249,72025,1695.84,4828,2371,2396,6588,20820,21086,14850
2010,5,23,45290,34365,21462,53110,1695,1695.84,1217,3066,3096,9537,38320,28593,13505
2010,5,24,43192,5381,14878,93249,86259,1695.84,2453,4987,1870,8008,14480,44306,31978
2010,5,25,48850,3416,26679,82598,16705,1695.84,710,3345,1862,6018,31454,49909,47499
2010,5,26,55002,34024,27976,49451,59913,1695.84,3043,3103,4380,9272,96352,40638,32649
2010,5,27,91250,23806,41978,63533,74157,1695.84,2838,3005,3979,9042,21955,35683,15565
2010,5,28,82016,91991,80382,80230,83488,1695.84,582,4841,1728,8942,20643,22123,11836
2010,5,29,7115,48687,25228,11495,24311,1695.84,3484,1912,3088,7526,95444,18022,37932
2010,5,30,26026,3283,91603,95005,37800,1695.84,2039,1166,1104,7420,16395,10784,13558
2010,5,31,5609,96535,60229,67820,21001,1695.84,4942,4466,1828,5169,55960,36571,47224
2010,6,1,74445,34836,31189,51258,30280,1770,2282,4914,1387,8638,16290,21296,49786
2010,6,2,85678,40232,26844,79451,72979,1770,534,4512,3810,9229,13738,12076,32231
2010,6,3,59172,67683,68295,74342,39995,1770,3793,4438,1053,5366,82047,10770,21219
2010,6,4,91120,59330,2600,98859,64320,1770,646,1349,3247,6708,45799,10338,23017
2010,6,5,95581,47210,22091,20743,16439,1770,3128,1961,2989,5718,66302,11962,45307
2010,6,6,98993,26449,83775,5047,34135,1770,2731,1042,2855,6682,40463,22174,32174
2010,6,7,99699,60618,88524,79298,23967,1770,1874,1806,2883,5206,72993,30673,1360
2010,6,8,31976,16122,22636,61317,43896,1770,651,2888,1737,6286,64286,15871,5290
2010,6,9,12952,22018,7477,70807,15052,1770,2980,1101,4908,7856,26750,15227,47940
2010,6,10,48531,74977,17478,62767,45294,1770,3439,3620,1591,6074,54936,15894,40471
2010,6,11,37717,1940,9728,85806,32718,1770,1677,1346,2382,5505,32826,43785,24014
2010,6,12,39798,25807,74887,81058,23663,1770,1284,3545,1612,7534,51311,38257,1637
2010,6,13,70585,44751,48230,77177,77178,1770,4015,1245,1830,6646,17050,37822,3166
2010,6,14,44108,85080,99843,72842,60586,1770,1626,1734,4826,7864,97791,14841,32669
2010,6,15,9501,60429,3387,2465,40543,1770,2074,1126,1608,5303,18646,18666,21050
2010,6,16,24822,65022,56926,46279,35116,1770,4100,1158,4055,9718,68415,35992,23977
2010,6,17,49315,1394,52727,24141,9258,1770,3981,1894,2298,8719,53926,17840,1048
2010,6,18,29769,11001,78967,61921,32656,1770,2600,2476,3642,9062,15046,15350,33622
2010,6,19,18503,4207,95685,93910,20853,1770,4902,1398,3197,8980,94307,14920,30453
2010,6,20,65851,49641,58917,93149,8361,1770,988,4480,1622,6307,16400,22850,12843
2010,6,21,39929,4002,46679,4923,64880,1770,1384,4733,1992,6852,93642,41844,1766
2010,6,22,30226,39897,78363,28423,38878,1770,2229,1079,3662,9238,14228,13374,22670
2010,6,23,23989,91569,17855,64184,47876,1770,3385,4155,1930,9334,25430,35839,1226
2010,6,24,66849,46815,35573,54193,80236,1770,1036,1870,1882,8806,38883,40692,45567
2010,6,25,13421,91113,61772,68435,2259,1770,1808,2599,3920,9662,23134,48147,42352
2010,6,26,16622,76520,52304,87582,92935,1770,3420,1135,1808,5344,30327,21135,27734
2010,6,27,20912,92716,31596,22727,17114,1770,4770,1885,4295,6194,15319,12905,36831
2010,6,28,50246,47128,55505,50518,13143,1770,3664,1115,2861,7319,33697,30796,44991
2010,6,29,61405,73470,73284,2305,65167,1770,4791,2429,1325,7738,25155,29790,3611
2010,6,30,74570,4926,93029,85217,62819,1770,3121,3063,1827,9978,79932,10638,8348
2010,7,1,78598,47437,69183,62269,97486,2095.74,3673,1920,3261,9346,52473,43223,49979
2010,7,2,82121,54903,39549,69859,80058,2095.74,779,1334,3718,5995,80504,13702,35691
2010,7,3,60470,9921,75246,30448,89853,2095.74,1767,4801,1446,7662,47070,16798,42919
2010,7,4,47280,87096,25148,86893,45777,2095.74,990,4248,3874,6015,30458,45283,43973
2010,7,5,88059,91239,46618,66777,53586,2095.74,1546,1654,3393,7194,60853,43246,43474
2010,7,6,71062,88974,28048,11417,69923,2095.74,608,3554,3564,7107,20446,40692,41470
2010,7,7,17432,66915,84941,66306,69282,2095.74,1588,2339,2989,9124,40468,26574,15400
2010,7,8,18031,27015,6982,87777,5159,2095.74,1022,1219,4511,5421,15978,25786,34187
2010,7,9,66892,85948,9341,61808,93055,2095.74,2500,1970,3052,7440,93142,48686,46139
2010,7,10,19192,4731,56026,42181,95640,2095.74,3755,1014,4860,8382,17798,45018,12846
2010,7,11,42627,48821,37590,32139,40594,2095.74,2924,2484,2524,7242,85644,36931,41578
2010,7,12,79755,4497,63769,9160,91937,2095.74,2845,2480,2993,7414,69660,39985,6912
2010,7,13,93069,4768,20008,49281,46856,2095.74,650,1678,2977,8239,54324,43570,37806
2010,7,14,89817,78601,67408,17342,12217,2095.74,624,3322,3899,8794,33833,32187,19404
2010,7,15,7656,58031,9668,2002,38254,2095.74,1986,2673,4095,8002,96953,47303,29329
2010,7,16,66151,7604,69490,69128,55843,2095.74,4049,2011,3765,5626,95704,30981,23814
2010,7,17,82212,66329,55656,56111,17073,2095.74,3298,4728,3871,8644,26729,17062,5842
2010,7,18,43646,18716,66150,44094,47061,2095.74,1396,3210,2057,7237,98689,18514,13103
2010,7,19,1051,27739,21264,19816,56900,2095.74,2148,4110,4647,9155,95221,16719,16968
2010,7,20,44997,49872,57800,8869,14189,2095.74,2344,4186,4595,6998,18279,33007,1772
2010,7,21,72949,26028,96218,60007,3265,2095.74,4258,1342,1426,6873,56833,12248,11259
2010,7,22,90193,40334,51359,6192,79489,2095.74,2910,4485,4154,7062,49705,19400,12932
2010,7,23,97943,77050,33882,33891,86896,2095.74,1897,4844,4539,9467,36202,14155,18513
2010,7,24,40726,55461,34822,96075,28686,2095.74,3322,3877,3339,6033,41420,27827,8007
2010,7,25,38965,80683,68665,84472,77745,2095.74,4166,2039,1771,8047,25929,48666,18370
2010,7,26,46560,59179,74863,57451,88646,2095.74,1605,1456,2876,5566,41797,11561,11065
2010,7,27,30785,66473,46791,79124,58858,2095.74,1950,4173,3893,7898,98644,12989,38211
2010,7,28,26689,42811,55029,38460,37210,2095.74,3478,3768,1158,8340,57570,45133,30958
2010,7,29,39406,29176,90857,38634,51954,2095.74,810,4089,1942,6684,78212,40687,49007
2010,7,30,17901,1516,4861,3146,93483,2095.74,1134,1522,2667,7515,74982,49877,3506
2010,7,31,34825,28461,99998,74961,73153,2095.74,1446,3909,1743,7302,67543,10108,7569
2010,8,1,34091,54139,8139,63780,48704,2461.55,1679,1570,3686,9478,76404,23543,48826
2010,8,2,67312,12927,86211,21179,87909,2461.55,1002,2720,2437,7315,22225,10005,2440
2010,8,3,83762,51135,63101,27416,35030,2461.55,678,4119,4992,8214,49251,14810,34502
2010,8,4,43393,30931,36618,63431,32108,2461.55,3325,1550,1904,9535,53300,30208,13022
2010,8,5,91976,9303,79281,94413,56618,2461.55,769,1730,3992,7748,84146,16114,1506
2010,8,6,84724,4223,89494,89716,48789,2461.55,4762,2180,1026,6379,71962,18133,38745
2010,8,7,25753,75288,50256,51700,81176,2461.55,3259,3150,4210,7540,83914,35827,3556
2010,8,8,95398,71036,58911,64390,4905,2461.55,4763,1968,2278,8522,95694,12418,43057
2010,8,9,29353,55457,4600,15379,68188,2461.55,4864,3939,3201,6471,61991,49376,42914
2010,8,10,20028,60251,38879,65590,54143,2461.55,1416,1794,1502,5366,46633,31435,39145
2010,8,11,69735,47749,37416,33365,22005,2461.55,783,2708,4918,6734,83087,39457,33110
2010,8,12,59648,32952,83398,44201,49423,2461.55,4928,1612,3342,8806,51390,42485,11741
2010,8,13,87951,19160,74730,98130,45838,2461.55,4565,1154,1882,6674,65288,23819,37715
2010,8,14,16442,11072,91529,37712,77806,2461.55,2169,3805,3918,6918,98005,39692,40968
2010,8,15,88659,24287,91847,27001,73093,2461.55,837,2395,1734,9206,91876,14588,9589
2010,8,16,64634,37794,89214,50097,21126,2461.55,3915,3919,1156,5443,91630,19470,4502
2010,8,17,56411,35152,13536,96681,62070,2461.55,2725,1464,2179,7454,94080,41623,27894
2010,8,18,86864,29918,19019,81964,56837,2461.55,604,1469,1590,9644,87917,36166,27248
2010,8,19,99319,61833,40086,64892,43629,2461.55,974,1390,3219,9028,29423,11640,48068
2010,8,20,98755,48501,28721,50934,75776,2461.55,3909,2638,4069,8568,60953,25905,22801
2010,8,21,71527,16558,63727,36568,61375,2461.55,4085,1396,4828,5522,41936,39808,1644
2010,8,22,59942,82911,22551,59513,53773,2461.55,1153,2526,1825,9873,19812,42600,1974
2010,8,23,72674,28722,55240,58095,73001,2461.55,714,1768,4102,8166,13798,10476,16193
2010,8,24,32075,52884,87522,78255,64758,2461.55,4414,1050,3720,6964,18326,32492,29459
2010,8,25,58939,21717,35020,92116,87942,2461.55,4716,1966,1256,6307,35060,39256,21184
2010,8,26,88852,35413,66488,37954,15844,2461.55,4782,4269,4520,9242,42523,14277,30286
2010,8,27,81762,26938,71681,26835,33902,2461.55,4326,4191,3959,5646,17659,48252,22244
2010,8,28,31881,2376,75219,48137,58683,2461.55,3745,3885,1392,6584,14782,27886,10279
2010,8,29,16871,66622,42156,66391,35277,2461.55,2020,3390,2967,8700,60224,28220,34679
2010,8,30,57296,69551,3765,67607,46601,2461.55,858,4832,1270,8678,59321,15184,21424
2010,8,31,51355,29419,79070,13398,66003,2461.55,1283,2872,1934,9790,65615,15510,47261
2010,9,1,62636,48901,78788,47688,9125,1694,4982,1142,3476,5186,41626,31251,23361
2010,9,2,38447,36460,71402,95875,95781,1694,3580,1654,3358,6978,91200,45619,2938
2010,9,3,84614,90426,75853,34405,56041,1694,926,1174,1614,5974,82714,15738,41363
2010,9,4,70077,4049,77118,63553,92989,1694,1155,1434,1554,8908,43660,33686,18744
2010,9,5,1846,7241,25237,204,571,1694,822,1542,3214,8027,35940,45606,32790
2010,9,6,79390,37517,30634,36005,34233,1694,3094,4308,1734,5211,84212,43087,29700
2010,9,7,30308,11720,90874,1862,10628,1694,1900,2472,1773,7136,29028,42344,34534
2010,9,8,59926,24851,43881,99492,29230,1694,846,3619,3688,8358,60975,34273,29821
2010,9,9,71782,95422,4934,21881,90634,1694,4967,2292,2217,5840,39153,27845,5499
2010,9,10,6726,57406,40318,48500,84543,1694,843,1648,1106,8670,60311,39777,19346
2010,9,11,47248,55409,64749,80936,97492,1694,862,1258,2497,6494,15020,44482,42076
2010,9,12,91993,88825,81775,9210,61018,1694,2054,2742,4685,7458,16241,45579,37280
2010,9,13,79422,23437,56399,6322,74512,1694,1099,3110,3470,7199,35398,18574,16710
2010,9,14,85628,16959,87938,23125,3453,1694,3958,1806,1248,5732,18646,27988,11795
2010,9,15,19364,41709,45731,14049,51785,1694,979,1206,3112,9542,37527,42624,28325
2010,9,16,99088,99979,47087,3910,43531,1694,1222,4157,4443,8342,68633,11610,32485
2010,9,17,22307,52592,98341,39278,34676,1694,2265,1590,1054,9348,12806,29191,19347
2010,9,18,57673,26771,60398,75785,9149,1694,4760,4588,4255,7418,28497,15580,14277
2010,9,19,14332,51073,3295,30127,61585,1694,3022,3890,1750,7714,39520,41897,21928
2010,9,20,67061,56786,62288,44467,52486,1694,3657,1326,1201,8118,18422,31701,29431
2010,9,21,48332,87055,56290,78939,35254,1694,1723,1884,3563,6369,96063,30147,1140
2010,9,22,28297,45438,30390,85519,93152,1694,3767,1758,3047,9654,18742,45532,19910
2010,9,23,51838,78336,22043,74391,28743,1694,1091,3425,2742,8733,72363,12996,24337
2010,9,24,96225,25439,45286,64788,81808,1694,1286,1455,3138,6730,28325,12641,7701
2010,9,25,27938,22093,89206,87337,94499,1694,2868,2687,3570,5078,37077,33664,43884
2010,9,26,45599,43170,27090,89694,38255,1694,4041,4478,4890,8662,99265,23049,49453
2010,9,27,88379,10552,49505,91517,68579,1694,510,1515,4921,9715,13622,10772,27830
2010,9,28,3599,83073,73460,8521,20687,1694,2185,2637,1078,5626,72330,16634,10538
2010,9,29,85080,41372,59143,26322,72050,1694,4371,1779,1270,8875,84648,20240,24760
2010,9,30,93058,5159,83109,92979,14874,1694,886,4823,2735,7134,59695,13718,33312
2010,10,1,1881,86060,6862,3860,74742,1319.74,3938,2464,1344,6474,20865,15426,15174
2010,10,2,80983,97645,67089,96211,82293,1319.74,619,2450,1788,9908,18675,20100,37329
2010,10,3,35053,53499,19188,28615,13195,1319.74,844,1426,1910,9142,35285,16113,22610
2010,10,4,3804,40576,48578,94471,88540,1319.74,4896,1756,4791,6682,98435,32083,35795
2010,10,5,80665,4055,85887,17454,19005,1319.74,3905,4056,4412,6194,99022,37606,4562
2010,10,6,12055,64440,35385,53427,53070,1319.74,4540,1872,3949,8948,67694,32488,37023
2010,10,7,36617,43943,18363,36408,87279,1319.74,3490,4294,2204,5894,18099,12426,16798
2010,10,8,25291,72005,10265,16055,61450,1319.74,694,3503,1382,5396,26929,19006,25639
2010,10,9,58771,12822,16371,2721,47292,1319.74,862,3907,4358,9922,20314,31636,1698
2010,10,10,3073,55157,15931,40277,75886,1319.74,1484,2527,2386,6210,33581,33835,34031
2010,10,11,48739,53594,73691,55168,25342,1319.74,4665,4112,4793,7387,86832,43436,1252
2010,10,12,47804,38393,93696,92162,24668,1319.74,626,2739,1046,6079,84367,27755,14010
2010,10,13,6462,80852,95283,28849,20304,1319.74,4035,4041,1350,5462,40560,40501,45216
2010,10,14,19699,55226,40966,49492,2613,1319.74,2928,1767,2542,6623,58928,23561,44150
2010,10,15,66986,99078,51301,68856,71509,1319.74,1610,2970,2870,8244,23170,19525,35668
2010,10,16,19812,52206,38567,34972,54932,1319.74,1824,4629,1416,5590,40473,19667,29127
2010,10,17,76940,83402,36435,75834,36377,1319.74,4394,3361,1592,7046,72216,48651,45363
2010,10,18,19066,35179,92974,68288,93423,1319.74,2812,3233,4701,5470,64556,39632,16144
2010,10,19,88209,56382,30615,38912,5524,1319.74,3578,3814,1690,5012,91000,14442,21088
2010,10,20,56727,6747,10579,83870,73794,1319.74,2521,4210,4325,7414,77498,44099,49147
2010,10,21,7991,31663,57334,9044,24394,1319.74,582,2601,1958,5641,51513,16497,38242
2010,10,22,83081,76444,31665,53921,37809,1319.74,2489,4534,1534,8067,94756,19555,22665
2010,10,23,3566,93630,45119,37891,85476,1319.74,1990,4817,4278,5675,18860,45023,22617
2010,10,24,93917,83889,7626,4892,95882,1319.74,2740,3962,1933,9404,49234,39741,25491
2010,10,25,8421,26724,629,54184,31143,1319.74,790,4708,1490,5208,88950,40840,45385
2010,10,26,74177,87293,659,44808,42968,1319.74,4830,3236,1110,7624,74479,31992,35871
2010,10,27,39298,12220,27307,7584,97977,1319.74,2324,2748,1946,8618,93283,17110,42893
2010,10,28,26041,99727,18171,31406,51287,1319.74,2246,1882,1540,9256,86622,20085,23474
2010,10,29,91479,26453,23322,27590,90261,1319.74,933,1828,1371,6488,53492,40699,14153
2010,10,30,12484,67170,63449,48452,97826,1319.74,1914,3866,2809,6006,55271,24096,23084
2010,10,31,89910,93870,49560,676,49478,1319.74,760,2308,3985,7078,84897,35597,2534
2010,11,1,60831,47860,67309,80422,1352,1639.33,2904,4872,2808,5454,82698,10891,8009
2010,11,2,73271,6565,33702,39707,78188,1639.33,4616,3409,1110,6643,54238,42593,24150
2010,11,3,33756,11547,87931,44189,96444,1639.33,530,3625,2739,9762,54046,10894,39881
2010,11,4,76794,63304,40316,80954,4660,1639.33,1845,4281,1868,7622,50339,40468,23014
2010,11,5,66048,96308,28878,22460,42951,1639.33,982,3057,4662,5974,37245,14926,33117
2010,11,6,92863,22371,81084,46954,91157,1639.33,2396,2949,4785,5432,48903,35796,1483
2010,11,7,82077,7101,46430,28006,15351,1639.33,3473,2749,4428,7416,20208,18730,13121
2010,11,8,96820,51613,61789,7834,54595,1639.33,592,3809,4108,6375,10762,45264,15386
2010,11,9,64210,13159,29566,78995,72222,1639.33,4790,4297,3272,7571,98654,33622,44821
2010,11,10,90692,67129,47724,120,80832,1639.33,838,4002,1800,6990,14750,40490,34284
2010,11,11,62376,17128,70652,16484,29855,1639.33,3099,4063,1858,7665,89409,33145,31414
2010,11,12,18838,4200,53796,37111,81771,1639.33,2084,2461,1868,9626,88933,33112,2450
2010,11,13,19092,74136,27115,71340,37478,1639.33,1829,4852,2429,8832,32688,17280,45303
2010,11,14,46598,10788,19051,57522,34805,1639.33,2019,3642,4010,6582,14218,10780,8460
2010,11,15,79616,94189,99594,15546,45349,1639.33,3657,1594,4013,8526,52131,32842,4879
2010,11,16,37427,30313,32696,16208,79145,1639.33,4842,1492,3874,8118,99615,43679,31736
2010,11,17,68704,56635,13674,97714,83801,1639.33,4845,4767,1317,6390,95312,26666,20778
2010,11,18,45670,60323,57459,41035,52447,1639.33,3877,1224,4901,5858,22431,35397,9590
2010,11,19,21012,63626,77491,29886,23870,1639.33,4916,3924,1606,9941,22989,33891,27106
2010,11,20,40719,47835,13660,72037,4977,1639.33,502,1300,1997,5034,16074,17802,25324
2010,11,21,48454,98262,77020,88355,37538,1639.33,894,4900,4427,7593,19170,19648,15803
2010,11,22,94700,11055,44925,44791,30996,1639.33,694,1714,2099,5045,60102,37076,17914
2010,11,23,66721,25157,4074,68719,64021,1639.33,4513,2473,1718,6533,17179,30607,12106
2010,11,24,32336,57283,55508,28116,74876,1639.33,4115,1862,2699,9040,47069,18694,26646
2010,11,25,93306,58456,6761,25406,83501,1639.33,2481,1572,3370,6554,35290,22390,16863
2010,11,26,95013,91157,84864,38083,24042,1639.33,3690,1376,1362,8934,13638,16904,2043
2010,11,27,67195,81312,52831,54894,6704,1639.33,3588,1142,4706,6700,25413,16422,49900
2010,11,28,63564,4247,41132,88286,70802,1639.33,676,2165,3929,7594,20247,15950,26422
2010,11,29,80287,55290,80700,55963,45840,1639.33,2866,3033,4205,8226,67927,35908,31543
2010,11,30,8301,57868,85918,83008,54568,1639.33,2565,4482,1929,8696,22768,19082,27683
2010,12,1,99797,1248,75400,78040,37847,2950.65,3325,3136,4069,5190,55327,11963,33371
2010,12,2,69859,68361,41170,78260,52640,2950.65,1560,1858,4346,5919,97778,14068,27078
2010,12,3,43485,32261,5311,58534,71381,2950.65,822,2528,1991,7046,65568,46189,24393
2010,12,4,41477,40246,89326,5546,87238,2950.65,3861,3448,4365,5030,51707,48356,44653
2010,12,5,68460,54620,25216,97807,40539,2950.65,1187,1530,1605,6497,75260,18686,22994
2010,12,6,17242,41616,63219,75585,83370,2950.65,1773,4846,1566,7451,46743,38973,45139
2010,12,7,38456,30605,62422,84173,55635,2950.65,2529,4094,1750,7744,38252,25639,14130
2010,12,8,47090,9440,42367,35047,2289,2950.65,736,4529,4241,7920,11465,42610,17627
2010,12,9,19094,83239,83809,20830,77042,2950.65,4803,1004,1156,8576,99669,33143,30553
2010,12,10,19058,82199,73590,4159,6295,2950.65,1149,4735,2632,8515,21134,39920,11842
2010,12,11,6142,31871,75802,81735,22178,2950.65,696,1271,1856,9020,78452,13898,37267
2010,12,12,71410,4608,95748,48918,93185,2950.65,2060,3593,3967,8034,32751,16613,45417
2010,12,13,83843,78901,2702,21475,83768,2950.65,2746,1260,2057,7104,87994,10587,40188
2010,12,14,57166,28692,51859,44023,69549,2950.65,2920,1924,1270,7414,12462,10806,46663
2010,12,15,31788,88288,5752,25755,76641,2950.65,3720,1962,3755,7773,98309,33875,38504
2010,12,16,17961,76057,40136,90018,45956,2950.65,604,3121,3173,8814,47143,42721,28131
2010,12,17,31830,71416,31,99452,91435,2950.65,524,4573,1800,6008,65328,37536,6257
2010,12,18,20864,40401,64372,70972,18174,2950.65,4846,1133,1558,5362,42502,16854,12681
2010,12,19,5816,59460,20518,78989,44626,2950.65,3061,1454,1738,8091,75905,13213,17661
2010,12,20,44349,52515,2787,71596,34876,2950.65,4131,2090,1218,7014,43061,18792,34467
2010,12,21,2536,64260,11877,57624,25594,2950.65,918,1408,1542,5536,26749,41167,20732
2010,12,22,63197,64811,83975,34976,19255,2950.65,4540,4954,1718,7368,51549,29973,26232
2010,12,23,18146,10682,52064,59365,50536,2950.65,926,3070,2088,6984,27046,17681,11478
2010,12,24,34068,2066,65443,80610,97603,2950.65,3128,2150,3353,8438,12126,17928,8544
2010,12,25,64687,43019,88914,9785,76698,2950.65,1109,4843,2496,8172,70559,34383,40464
2010,12,26,86002,5667,87455,78091,69003,2950.65,2123,3069,2917,7844,10230,30519,30853
2010,12,27,2461,88160,7671,92167,60262,2950.65,1125,1299,4166,6262,51083,11738,36149
2010,12,28,46855,57193,67060,14351,31718,2950.65,3733,4070,4636,5088,12160,44991,3971
2010,12,29,83392,40637,64413,32662,34554,2950.65,3180,2014,2602,7202,45532,29215,14444
2010,12,30,39703,46658,70516,35222,53049,2950.65,1085,4902,1495,9002,30604,19138,37951
2010,12,31,28467,79339,93635,4455,48230,2950.65,4445,2973,2783,7726,80634,47336,22148
2011,1,1,60167,50703,47256,47370,96235,3053.32,3423,2892,3337,8644,12292,10374,26471
2011,1,2,29730,12196,12784,20578,42800,3053.32,800,3489,2333,9850,12314,17950,38700
2011,1,3,35648,51045,67264,65858,48031,3053.32,510,3196,1654,8244,71917,27889,14601
2011,1,4,16941,75342,87134,80278,13986,3053.32,2917,1222,2972,7052,96996,20772,49426
2011,1,5,15752,62393,25614,98086,48595,3053.32,3917,1196,1080,6181,66451,44110,28685
2011,1,6,67134,43314,68660,98788,83784,3053.32,3028,1456,2269,5462,81000,46255,40577
2011,1,7,29588,78919,22675,57560,5971,3053.32,4683,1722,2062,6649,36159,30656,19671
2011,1,8,15334,55077,31251,27767,57610,3053.32,3228,4742,3718,6887,39882,15012,14054
2011,1,9,13817,82911,58225,46086,13073,3053.32,3692,4011,1704,5494,32922,23169,5578
2011,1,10,51038,93959,11244,49452,80608,3053.32,934,1890,2479,7710,40058,10088,47403
2011,1,11,58116,28288,1184,48186,85175,3053.32,687,1398,1338,8726,61428,13626,41066
2011,1,12,52193,86473,28763,3040,17840,3053.32,1209,1894,1296,7452,34679,36250,11686
2011,1,13,51208,31140,48543,70039,58850,3053.32,1478,3316,1888,7661,81502,18414,38602
2011,1,14,5079,87190,33758,45407,83805,3053.32,658,2004,3009,7850,55388,15848,11538
2011,1,15,5606,31598,17429,77601,35403,3053.32,3850,1609,3247,9598,56647,16908,2109
2011,1,16,67346,3126,91766,84234,67140,3053.32,4000,2217,1808,5524,33975,26965,23268
2011,1,17,64295,49134,12963,62304,93054,3053.32,4504,3658,1300,7758,76258,18054,18351
2011,1,18,80393,6461,54664,63641,85205,3053.32,2089,2550,2139,7718,53135,14278,27663
2011,1,19,3475,72136,86497,80283,24893,3053.32,2247,1086,4604,6561,67842,29009,20472
2011,1,20,71265,78699,77668,3917,6983,3053.32,1970,2375,3089,5980,51015,28294,20278
2011,1,21,70648,89457,30845,17787,19663,3053.32,2065,3136,2467,9836,19771,47359,33980
2011,1,22,71737,93371,2899,57694,79933,3053.32,1702,2548,2142,5846,71464,10962,37093
2011,1,23,17352,43435,92852,10442,86420,3053.32,3735,3418,1026,5931,91204,35689,10219
2011,1,24,36263,39622,8826,8730,90887,3053.32,2441,3975,1967,6794,36668,18251,28597
2011,1,25,45136,89723,85800,43630,36797,3053.32,4105,4148,3401,8309,80941,36172,23616
2011,1,26,34880,86029,9591,907,38312,3053.32,1595,4573,3120,5420,99655,14006,17147
2011,1,27,40370,38449,42982,78689,96492,3053.32,1939,2978,2076,9090,12926,38872,46002
2011,1,28,72706,67065,9373,6107,25374,3053.32,3630,1605,2693,8220,77511,31004,40314
2011,1,29,1719,80459,21931,74839,92231,3053.32,818,2599,1385,9070,11287,39228,37938
2011,1,30,10533,24579,47207,28961,23669,3053.32,2832,2725,2229,7205,35183,23955,15166
2011,1,31,83871,93814,50561,76565,78386,3053.32,3920,1814,3529,5850,71294,12294,28072
2011,2,1,26492,49712,76525,41023,77351,2992.39,2906,3281,2958,6866,58301,28123,15753
2011,2,2,81051,71028,10354,74608,22563,2992.39,4830,1376,1220,7746,11113,45643,1332
2011,2,3,91667,91218,20525,37518,78865,2992.39,2656,1450,2346,8372,62729,14697,21284
2011,2,4,79934,46988,99331,9245,60206,2992.39,2367,1256,3658,8154,32215,19686,7632
2011,2,5,14733,7046,83950,82305,74792,2992.39,2947,2810,3984,8471,20327,47848,11415
2011,2,6,36108,57984,19556,39806,88517,2992.39,854,3450,1258,6198,77694,11670,32286
2011,2,7,77817,81414,63439,6475,11839,2992.39,4047,2922,4051,8706,25227,10194,12006
2011,2,8,85764,19527,93005,21100,17999,2992.39,3947,1858,4019,8502,10262,42535,29684
2011,2,9,37140,31118,77338,82765,51302,2992.39,4946,4117,2797,9482,51944,30987,21384
2011,2,10,96742,42344,23910,32145,16693,2992.39,2339,3807,3663,6810,39906,12082,49137
2011,2,11,81380,75206,73471,1751,13708,2992.39,4285,1704,1201,6522,49963,48855,1510
2011,2,12,43007,71262,27973,12156,55998,2992.39,3142,2738,3612,6818,84883,21656,46269
2011,2,13,98893,43575,6816,83908,95270,2992.39,1920,3000,3278,6742,94750,15950,13074
2011,2,14,76828,5389,19185,24381,93364,2992.39,3235,1369,1760,7560,64877,12757,35500
2011,2,15,63829,74372,81849,2441,7776,2992.39,4096,3020,1657,7358,13864,38278,33084
2011,2,16,43985,93849,47632,98615,86943,2992.39,1952,1038,4121,6136,18038,14978,8734
2011,2,17,87989,44090,10207,44749,11650,2992.39,3858,1942,1622,8262,94270,39934,41436
2011,2,18,55142,84720,12955,98151,81983,2992.39,2780,2319,1433,6763,40933,33376,36234
2011,2,19,75498,7886,29850,55971,10375,2992.39,3455,3362,4793,5878,59462,22794,1418
2011,2,20,31449,49673,14625,13607,21731,2992.39,4892,3223,3614,9198,91373,25596,8896
2011,2,21,85433,60507,17916,31866,77270,2992.39,994,4118,3086,5802,25089,43460,8850
2011,2,22,62147,38545,91823,56940,78558,2992.39,4734,1357,2309,8726,39963,39040,1286
2011,2,23,19606,59857,32264,13220,25407,2992.39,702,1686,1000,9435,42704,44116,39990
2011,2,24,14637,24298,63236,97724,35741,2992.39,1183,2887,1868,9358,71178,21777,38325
2011,2,25,66996,67265,48135,84305,77976,2992.39,3344,2580,1324,7870,27152,12138,4450
2011,2,26,11950,48673,33255,28797,88108,2992.39,2912,4096,1608,6147,16819,18700,25959
2011,2,27,90824,24355,66588,34044,23713,2992.39,820,1424,1382,5046,75012,15709,4119
2011,2,28,41109,14709,13291,38118,86669,2992.39,533,4969,1894,7586,43765,19860,6795
2011,3,1,83031,29022,2707,85530,62193,2777.35,1353,1547,4346,6486,26611,16938,21408
2011,3,2,82570,17320,46200,19228,8684,2777.35,1687,3391,1550,9620,26412,14696,11909
2011,3,3,75339,41382,86515,69127,1500,2777.35,930,4529,3165,8576,86410,20358,12793
2011,3,4,62043,79116,23258,16390,5865,2777.35,1205,4785,2187,7522,24012,42222,49869
2011,3,5,82018,17053,15615,89920,31858,2777.35,4616,3547,3407,9110,18062,10134,42027
2011,3,6,53923,80604,2140,12089,54887,2777.35,3798,1929,4017,8250,49670,39881,38551
2011,3,7,38276,90876,94667,21816,94633,2777.35,4037,3001,2083,9651,82920,19318,35032
2011,3,8,88030,37537,23840,87790,95020,2777.35,4047,3941,3468,9566,77381,18355,32866
2011,3,9,96090,42532,1637,80107,30939,2777.35,1340,4214,3533,8118,91029,12690,1307
2011,3,10,32390,21419,62519,825,51071,2777.35,1116,1834,2975,9922,43240,44346,45440
2011,3,11,74174,32289,59641,87643,39828,2777.35,2349,1842,1820,5542,32374,26843,37022
2011,3,12,41644,18715,96058,16529,16074,2777.35,1046,4814,4857,8564,65639,42279,3439
2011,3,13,94004,66756,47731,93332,8064,2777.35,2677,3589,3259,7317,10362,29438,40972
2011,3,14,692,91285,15355,96597,81622,2777.35,3439,4616,4147,9497,56144,15220,14081
2011,3,15,39288,42191,96387,64145,90756,2777.35,1423,1110,1134,8318,94441,19548,12026
2011,3,16,11478,82120,68138,51089,45789,2777.35,526,1479,3356,8958,43075,19964,37073
2011,3,17,26313,66516,15946,41812,2365,2777.35,3383,1651,1274,9770,22148,37739,22091
2011,3,18,31796,78572,38851,93281,99078,2777.35,4181,1906,1762,7318,77994,27551,33292
2011,3,19,34392,8521,24031,29100,87105,2777.35,4077,4769,1325,5526,71580,18689,33459
2011,3,20,93465,44965,26693,40450,14735,2777.35,3188,2881,3764,7038,72514,18396,48841
2011,3,21,66683,51696,86101,98445,15366,2777.35,2347,1108,3967,6378,95208,42423,14095
2011,3,22,16189,638,22193,82514,22012,2777.35,1202,1828,1574,7894,72277,36175,10126
2011,3,23,43088,50466,65409,86852,83857,2777.35,1044,1086,1948,8606,48982,37687,4275
2011,3,24,12592,41331,3796,17911,74061,2777.35,676,1022,4640,5062,72761,38004,49004
2011,3,25,59004,40316,69833,30445,34562,2777.35,2971,4000,2574,8379,80851,42782,42110
2011,3,26,69007,43249,43321,74976,91745,2777.35,4014,4335,4985,5630,22245,40397,8656
2011,3,27,48166,48932,46998,64159,97810,2777.35,2162,1812,2777,8006,87256,27338,36111
2011,3,28,14104,20228,21340,23030,34959,2777.35,812,3964,3142,9132,95292,19887,18543
2011,3,29,67788,24307,90575,34125,73469,2777.35,873,1634,3103,7870,85792,25912,29173
2011,3,30,73981,4307,32725,66758,76301,2777.35,906,1755,2911,8139,29784,15748,36333
2011,3,31,66682,61949,28187,61177,37434,2777.35,1063,1572,4136,6578,55697,15858,23479
2011,4,1,46571,75592,45265,794,77736,1693.63,1125,2041,1038,7883,74693,22936,21177
2011,4,2,84684,81449,95848,32823,11233,1693.63,855,3181,3255,7031,26966,38085,20070
2011,4,3,24447,48539,52222,46085,4236,1693.63,3245,2158,3121,8510,84303,42208,6179
2011,4,4,96039,75429,74250,82644,33312,1693.63,579,2994,1742,7779,67168,15960,15295
2011,4,5,37849,83025,47509,86104,76408,1693.63,4188,1718,3012,5532,63290,43600,24475
2011,4,6,65293,76536,27111,79766,51398,1693.63,1974,3788,1841,5160,46431,36505,11414
2011,4,7,27871,68363,70852,74613,2494,1693.63,3939,1394,2396,6447,42796,30155,38021
2011,4,8,87274,33337,31010,26639,76099,1693.63,1590,2742,2187,7410,37507,19774,10652
2011,4,9,41466,9482,18725,28307,72058,1693.63,1163,4927,1222,8090,90891,18715,31508
2011,4,10,6388,39832,25410,60136,36279,1693.63,1642,4904,2894,7652,66542,10344,18206
2011,4,11,64656,53133,68087,51843,83185,1693.63,3131,4649,1427,7450,69307,19836,5594
2011,4,12,39716,50472,36116,22290,18839,1693.63,1004,1577,1837,5540,13766,19468,27007
2011,4,13,17324,8355,59373,35218,62359,1693.63,561,2014,1622,9999,95208,28582,42267
2011,4,14,51945,18340,19584,83372,76548,1693.63,4559,2614,4361,5674,54903,24551,38891
2011,4,15,82682,62260,16129,49519,11378,1693.63,3986,3700,3899,9430,80269,21257,34193
2011,4,16,86977,25831,64624,98727,72182,1693.63,3660,4125,1760,6496,23849,15126,26185
2011,4,17,2135,43409,36389,57848,99084,1693.63,3751,3116,1255,9768,47634,47632,7644
2011,4,18,99073,32974,26333,57972,94036,1693.63,580,1012,3783,6556,79738,20964,6602
2011,4,19,52741,73400,45090,79968,2995,1693.63,3742,1480,3699,6482,95680,27782,18939
2011,4,20,60479,44432,25899,46734,25663,1693.63,4365,4734,4209,7049,99057,33245,39885
2011,4,21,10003,10991,30610,58786,87547,1693.63,1101,1638,1450,9590,36605,19445,26700
2011,4,22,26482,36700,57278,55181,73183,1693.63,4314,1398,3740,6286,96745,39403,2958
2011,4,23,31449,57463,80490,70659,44512,1693.63,520,4513,1084,6982,29650,44435,29548
2011,4,24,93916,25752,51074,10367,83294,1693.63,4811,1126,1470,7088,97658,30264,37679
2011,4,25,56399,96973,80277,70139,38537,1693.63,4541,1337,4483,5238,73347,45346,27022
2011,4,26,85931,93603,66212,76468,60819,1693.63,902,4733,2964,8327,81451,21257,45862
2011,4,27,42358,11263,47385,83088,14704,1693.63,3351,2453,3367,9979,57591,13255,11395
2011,4,28,3353,83486,99593,37836,89869,1693.63,4533,1606,2893,5744,68617,43711,22940
2011,4,29,27958,55872,14798,65922,94199,1693.63,2179,2907,3863,7390,35995,19702,46249
2011,4,30,12310,65699,42372,87029,75679,1693.63,578,4030,1151,9876,33218,12048,16315
2011,5,1,99104,81818,72062,14849,66787,2876.39,2805,4009,3274,8727,33207,19054,32126
2011,5,2,12259,2468,99738,79526,38463,2876.39,1834,1034,3378,8863,12542,46045,4656
2011,5,3,95500,7926,62197,11728,57496,2876.39,895,1598,1385,9309,87798,49524,18217
2011,5,4,21435,46957,88534,84709,55684,2876.39,582,4293,1130,6672,63818,29022,38094
2011,5,5,47680,72005,15887,77411,50868,2876.39,3455,2718,2706,5651,74446,10201,44782
2011,5,6,70220,75342,83152,36606,81003,2876.39,1129,2436,2906,9334,14014,39941,20951
2011,5,7,12756,80432,90587,69668,73456,2876.39,806,1134,1408,7494,98544,43628,4405
2011,5,8,25710,22000,56347,94768,24004,2876.39,1320,4222,3838,8952,47179,19840,47145
2011,5,9,91774,33309,38630,26032,24324,2876.39,972,3430,3908,5830,23098,12363,8478
2011,5,10,93667,88140,49851,36428,85420,2876.39,510,1128,1746,5516,22247,27101,48395
2011,5,11,66251,43568,21324,5089,48040,2876.39,4928,4812,3163,7124,82196,17686,18504
2011,5,12,22036,14521,12270,77296,37432,2876.39,1011,1097,1210,8882,67524,41630,1720
2011,5,13,36960,13932,69111,23706,33038,2876.39,806,1288,4925,8482,20727,49316,41359
2011,5,14,73338,62008,55482,91501,41918,2876.39,688,3952,2197,8960,57599,11970,37678
2011,5,15,47032,79963,37079,3242,52176,2876.39,4871,4135,1238,5494,29192,10182,20955
2011,5,16,38045,96352,16267,72970,1186,2876.39,3638,4522,1438,8248,66022,14548,36994
2011,5,17,98149,32714,37574,66698,28026,2876.39,2678,1046,1487,6108,78298,10015,45174
2011,5,18,63415,39522,65503,14653,86208,2876.39,1631,4251,2397,7897,13573,17174,11047
2011,5,19,1243,2212,83105,16596,62683,2876.39,3864,2182,4544,5782,43879,42570,15480
2011,5,20,22964,32910,17627,14451,59018,2876.39,817,3784,3150,6319,69788,17458,12277
2011,5,21,67367,1421,78610,91116,65670,2876.39,1050,1912,1500,9154,99859,39779,8535
2011,5,22,80986,90076,66962,95531,1514,2876.39,3100,1666,3750,8342,71631,19119,10841
2011,5,23,84356,62449,57904,68858,35121,2876.39,3214,2486,1886,8175,93601,11133,44045
2011,5,24,43062,9652,94398,53807,25159,2876.39,3585,2495,1378,6898,18025,18549,10609
2011,5,25,37740,72478,59379,97842,44557,2876.39,3312,1082,4809,7568,14120,44929,31010
2011,5,26,51613,53687,47416,13429,88215,2876.39,913,1275,3372,5311,11542,24882,7370
2011,5,27,62272,61372,47379,62956,88271,2876.39,1505,1009,4233,7134,40202,48789,15404
2011,5,28,88245,89867,60405,98054,97435,2876.39,2983,1622,1838,6750,78826,49128,40877
2011,5,29,80472,19741,96757,63845,71404,2876.39,3726,3674,1836,6104,12982,14183,48191
2011,5,30,17861,94488,6545,72094,51723,2876.39,2234,4966,2965,7990,54371,13078,46747
2011,5,31,54867,13707,15799,15781,20458,2876.39,1261,2280,2068,8748,81124,18471,10977
2011,6,1,86204,68499,84825,38660,81481,2378.6,1519,2319,1114,9938,44041,18651,49009
2011,6,2,48551,360,71617,28893,54731,2378.6,3758,4789,1044,5891,21598,31494,38368
2011,6,3,13505,38879,28563,7874,20004,2378.6,1784,2558,3236,6462,61217,46068,13387
2011,6,4,50617,17738,38388,22522,79054,2378.6,2524,3956,4139,9140,72848,20221,48781
2011,6,5,83860,72960,71363,54378,88851,2378.6,2223,2354,1839,7137,10227,18194,42961
2011,6,6,76876,43364,90753,25112,44972,2378.6,1179,1940,1058,5918,34461,15112,1970
2011,6,7,24699,91986,25421,40190,37478,2378.6,1763,2688,1227,8125,92065,26429,48269
2011,6,8,91087,60641,78784,39278,57779,2378.6,2471,4653,1382,8223,76117,10049,5363
2011,6,9,66545,47297,21990,52604,89568,2378.6,4067,4265,1139,9487,70807,34968,22803
2011,6,10,57756,97571,72657,45336,12048,2378.6,1764,3133,1714,6900,58762,15844,31075
2011,6,11,38615,66234,50499,3693,80809,2378.6,814,2353,1082,8358,99956,29830,26616
2011,6,12,41237,50376,10449,38728,9863,2378.6,3695,3969,1486,5416,45656,14458,31256
2011,6,13,43778,67422,26711,85493,674,2378.6,1336,4287,3058,8186,59331,48866,35473
2011,6,14,11154,89425,12572,1418,57859,2378.6,2599,4094,4254,8047,54173,10946,28880
2011,6,15,5655,27869,89439,832,90573,2378.6,4408,1412,3867,9014,36193,35892,35095
2011,6,16,52943,53883,91533,21001,22069,2378.6,1219,4574,1182,8790,50991,48146,1738
2011,6,17,44023,64943,13594,23277,89343,2378.6,3745,1348,1987,9080,12180,18911,34119
2011,6,18,85982,52941,69613,21202,4059,2378.6,2093,2000,2392,8625,94353,30812,22159
2011,6,19,15842,80573,80387,56130,95715,2378.6,627,4736,2672,9302,63013,18366,47730
2011,6,20,84692,8111,29715,13031,58998,2378.6,3293,4978,1186,8524,82531,15244,8247
2011,6,21,72768,55978,88598,65160,20955,2378.6,972,1795,4874,5430,18562,25588,32951
2011,6,22,40441,96257,15326,69465,96829,2378.6,4182,2871,4152,7802,10901,44501,44691
2011,6,23,92144,75547,39480,19682,9805,2378.6,1278,2571,4340,9875,47731,15294,38364
2011,6,24,39178,60056,52091,19052,52766,2378.6,991,4557,3974,5346,95373,20803,27719
2011,6,25,53711,99556,85027,72863,49805,2378.6,2363,3299,1474,6400,77980,47630,45929
2011,6,26,77911,29259,80203,72251,85486,2378.6,3896,4662,1394,9382,60065,23457,44286
2011,6,27,50058,71058,99368,24032,13726,2378.6,1186,2436,2000,6213,56650,26804,11093
2011,6,28,92142,40367,35104,79968,79914,2378.6,3950,2823,3694,8314,30073,44179,29436
2011,6,29,34790,50322,85195,55482,22661,2378.6,590,2717,2668,9324,96748,46394,45260
2011,6,30,72103,7936,30183,99103,4149,2378.6,906,2641,3550,7361,17930,39815,3185
2011,7,1,2911,97639,31843,93415,44064,1832.13,3203,4385,2568,7378,17045,22827,42375
2011,7,2,28976,6115,71849,89985,2863,1832.13,2086,2149,4776,7540,47649,34312,34595
2011,7,3,69799,76643,44216,97160,85604,1832.13,626,4865,1669,8502,98280,25732,34031
2011,7,4,10877,42836,36470,4797,26521,1832.13,3976,1847,4628,5824,78183,28843,3515
2011,7,5,50419,56623,22345,31547,34163,1832.13,858,3961,1636,6425,17472,32239,19995
2011,7,6,60457,4133,53458,58478,22636,1832.13,4209,4863,4572,7031,54660,37444,1738
2011,7,7,6898,14989,25644,66527,30813,1832.13,1721,1230,1826,8140,29128,44611,3828
2011,7,8,54060,61339,14925,17049,37765,1832.13,639,3220,2881,9096,56697,41868,48750
2011,7,9,70834,57259,58085,81759,10642,1832.13,554,2539,4084,9654,13654,24896,29097
2011,7,10,65026,62139,72479,25475,46204,1832.13,1437,1615,2944,5478,33663,11478,1607
2011,7,11,112,99303,15281,69345,34752,1832.13,2565,1178,1940,5649,14806,22581,38330
2011,7,12,64746,39250,90121,8830,16800,1832.13,3725,1824,2675,6203,23650,15231,40538
2011,7,13,74162,60088,48199,37106,27802,1832.13,2814,4264,3867,9446,29961,48618,48214
2011,7,14,57777,7527,70556,19717,43176,1832.13,2297,2920,4850,8770,33101,46649,24250
2011,7,15,89308,16827,44826,58336,89382,1832.13,4918,3542,4915,8116,16999,39068,18476
2011,7,16,52682,71166,49686,66549,40613,1832.13,698,4740,2172,5722,34456,46699,29647
2011,7,17,76324,43106,70972,22527,41876,1832.13,527,2535,2250,5798,22222,26631,4073
2011,7,18,15181,12141,6526,76448,66609,1832.13,1868,4289,1042,6242,17582,18006,39877
2011,7,19,11200,33709,82747,14724,19431,1832.13,1422,2106,1659,8745,50984,34887,17203
2011,7,20,52818,36512,82423,90068,83217,1832.13,3050,4749,3136,5927,91196,49744,4645
2011,7,21,95804,73065,35386,23198,20970,1832.13,1203,2168,1283,7908,63243,14140,37575
2011,7,22,7504,41018,35524,84164,89763,1832.13,4050,2579,3019,7824,48998,22587,36508
2011,7,23,38821,82049,37337,71957,54328,1832.13,1700,1118,4301,6884,73328,10552,44886
2011,7,24,61012,80885,3792,48647,54834,1832.13,2064,3689,4404,7587,62852,14167,17036
2011,7,25,94096,98255,73099,33467,32431,1832.13,1053,1250,1004,9742,43206,24825,22098
2011,7,26,54628,31259,41309,88929,54696,1832.13,4199,2058,1872,8696,80705,33058,30989
2011,7,27,47731,52770,61748,72135,60357,1832.13,1301,1616,4205,5752,20621,21635,24600
2011,7,28,97850,76676,59238,18347,2770,1832.13,4523,2396,2006,6718,62676,19022,2444
2011,7,29,98173,23229,36807,10045,87572,1832.13,3102,1234,1632,9708,14880,13341,33864
2011,7,30,95801,10090,50497,35006,85842,1832.13,2992,1654,4145,8946,34740,16914,21119
2011,7,31,1025,44265,40663,51078,11448,1832.13,2177,4619,1566,8984,36016,14137,3339
2011,8,1,29119,65791,62185,321,73227,1909.65,1120,4667,2373,7478,85508,29843,41878
2011,8,2,86823,85551,43989,85405,36643,1909.65,1428,1822,2916,7726,17422,21255,27255
2011,8,3,26036,34678,97822,51372,70694,1909.65,571,1164,4101,5520,16484,33679,28312
2011,8,4,14633,28957,83347,23358,92787,1909.65,3201,4609,2108,7092,65013,23751,35207
2011,8,5,7149,67794,4658,75065,21652,1909.65,2671,2687,4393,6845,99058,11574,29716
2011,8,6,5157,9630,67603,15610,98737,1909.65,4289,3368,4395,5280,53078,22181,1786
2011,8,7,84195,56280,18143,71303,36173,1909.65,998,4672,2301,6063,51089,38952,49508
2011,8,8,45779,13761,36640,26524,6958,1909.65,2962,3465,1679,5564,44075,10416,35699
2011,8,9,46004,59717,90137,91751,42352,1909.65,576,1545,1700,8426,97848,18370,43215
2011,8,10,47934,9254,28043,15235,25317,1909.65,539,1095,4244,7178,13970,16201,29132
2011,8,11,9229,91933,44668,87261,37498,1909.65,2676,4852,4810,8338,91602,23513,5095
2011,8,12,97380,21886,66412,29577,86664,1909.65,2946,1908,4864,9394,66183,15181,30612
2011,8,13,21473,3075,2629,47069,60254,1909.65,4622,1676,4883,8588,73093,28732,16599
2011,8,14,45736,20770,78585,10546,74935,1909.65,4058,3665,4775,6821,18241,11439,36539
2011,8,15,97433,32541,62389,87298,74882,1909.65,3830,2705,2998,5862,76126,24603,44924
2011,8,16,54409,55749,10437,79292,96390,1909.65,3023,2124,1312,5928,69021,11937,33531
2011,8,17,39498,3080,16955,64274,36254,1909.65,2064,3685,4088,6502,20982,25321,1549
2011,8,18,32080,39813,4379,96430,77623,1909.65,1032,2031,2604,7821,27674,48993,30505
2011,8,19,47704,2051,91118,84707,55010,1909.65,1644,4507,4570,7206,75132,15823,10139
2011,8,20,81499,83549,65861,81939,54353,1909.65,2259,2783,3007,7990,99213,20630,36844
2011,8,21,74847,36598,52662,27452,84419,1909.65,2796,3473,3737,7838,33180,15018,46688
2011,8,22,60405,46177,64607,56327,76127,1909.65,3501,2625,3286,8734,39563,43990,39739
2011,8,23,57558,13176,96774,565,91166,1909.65,1194,1011,3936,6934,19638,49706,12339
2011,8,24,86896,2612,98181,85633,2878,1909.65,731,4633,3888,5542,52312,20014,47713
2011,8,25,76428,57166,27640,99714,11528,1909.65,510,1774,1730,6372,86001,37895,33556
2011,8,26,35520,23548,70259,84456,13756,1909.65,514,2002,1582,5046,18986,18265,46426
2011,8,27,12759,74719,97899,6647,95056,1909.65,1660,1483,3728,5286,87548,12926,16563
2011,8,28,4208,13957,37045,17290,37138,1909.65,766,2656,2944,7206,73464,43051,39398
2011,8,29,4572,23979,10054,19960,89025,1909.65,3224,3134,1910,9930,24780,15165,29041
2011,8,30,19038,17793,3001,59118,54797,1909.65,725,1450,1724,7769,92644,15998,40550
2011,8,31,3519,14181,47003,66463,22328,1909.65,866,1898,1602,5919,46858,16172,20467
2011,9,1,1435,84307,51422,70262,25439,2087.73,651,4583,1888,9546,14379,42840,32940
2011,9,2,75494,6088,13698,39615,98732,2087.73,3132,2912,1782,5947,35239,21864,21692
2011,9,3,1814,78490,32662,4085,25348,2087.73,802,3134,1698,6348,13395,15278,15186
2011,9,4,86109,19047,17218,88401,168,2087.73,1240,2012,4036,9886,31627,11098,47950
2011,9,5,82982,91112,82032,18028,33411,2087.73,4892,1854,2112,8905,55660,15274,33623
2011,9,6,70443,7409,13298,86287,10578,2087.73,556,3038,2091,7490,11574,12258,26694
2011,9,7,41792,99031,54272,95828,10321,2087.73,4947,3302,4713,6978,27681,43124,2251
2011,9,8,96954,33926,78348,25418,72831,2087.73,4228,3273,2767,5062,45911,18345,1470
2011,9,9,35572,22537,97736,14015,28,2087.73,1273,3170,4555,6896,53998,24876,15526
2011,9,10,65499,18946,34531,75212,82276,2087.73,3335,4228,1137,6080,18610,35319,12212
2011,9,11,63395,227,44945,21163,9105,2087.73,859,4675,4744,7198,75041,46123,7209
2011,9,12,19120,67667,4295,50027,14563,2087.73,4902,1412,3589,5784,71624,42216,8293
2011,9,13,4349,6312,71446,486,35699,2087.73,2156,1810,4020,7101,52959,18124,42443
2011,9,14,54310,75171,79152,84054,95117,2087.73,738,1184,1859,8952,80613,11126,4194
2011,9,15,9116,71869,65539,19057,97653,2087.73,1272,2000,4826,9069,18837,11876,3515
2011,9,16,91513,20995,43674,16885,84448,2087.73,1361,3756,3154,8342,39161,33270,12985
2011,9,17,1058,85691,13858,39270,36514,2087.73,3395,1266,2691,7876,81036,30343,44472
2011,9,18,27449,92310,98697,3627,91379,2087.73,1854,4242,4879,5528,16127,39326,17534
2011,9,19,88513,67489,94435,76668,14353,2087.73,1289,1762,4286,5014,71031,11610,33597
2011,9,20,971,79427,17781,83662,53360,2087.73,722,2159,1126,9052,12710,48856,48818
2011,9,21,12939,32641,14452,67818,24521,2087.73,3496,3032,1550,7930,12112,45122,46931
2011,9,22,51527,82342,76885,87166,88841,2087.73,4317,1162,1750,7097,89823,29757,14268
2011,9,23,92267,86532,26917,99745,81937,2087.73,3601,1226,1694,6114,95395,19574,27703
2011,9,24,59983,18892,30599,90753,36823,2087.73,2226,4700,1402,5463,16444,24183,36651
2011,9,25,26083,67535,46698,86129,44633,2087.73,885,1898,4403,5612,52995,37691,36521
2011,9,26,86856,51597,48918,79902,81001,2087.73,2467,2334,4556,8066,64438,32730,44314
2011,9,27,81069,16665,53784,32764,78480,2087.73,3298,4562,4535,9995,90690,40519,12001
2011,9,28,72868,22928,43770,12271,65729,2087.73,4962,3936,3360,5231,48837,45712,46765
2011,9,29,59545,62658,3047,55454,90724,2087.73,3183,3143,1012,7894,20906,45332,17485
2011,9,30,3968,94205,99895,49855,14200,2087.73,756,2066,4863,8294,15688,11944,6937
2011,10,1,65651,97233,45620,97235,62422,2609.9,3130,1398,4378,8583,15801,28215,41333
2011,10,2,33120,20297,95069,75086,41203,2609.9,818,1654,1647,5258,49605,13583,40401
2011,10,3,85632,53024,59800,69775,68713,2609.9,2033,1438,1338,5314,47948,47748,38096
2011,10,4,20337,21080,72828,31068,66015,2609.9,4282,4133,1138,5686,74219,32831,4981
2011,10,5,11103,85976,18239,17750,31235,2609.9,2685,1865,3571,7682,11994,22283,34196
2011,10,6,11932,86377,72998,97259,99030,2609.9,1358,1444,4729,8742,66784,14200,37299
2011,10,7,55519,92419,56230,97148,13121,2609.9,4978,4223,2775,9146,58324,14009,46801
2011,10,8,15117,22362,97228,68688,46198,2609.9,2322,3128,2947,6671,55386,15878,16571
2011,10,9,33970,33098,37694,25051,83635,2609.9,2146,4152,3248,8375,52651,26369,20831
2011,10,10,1528,48983,66945,34303,79903,2609.9,4664,1782,2630,7594,80057,43827,25269
2011,10,11,28462,87380,68309,47761,84052,2609.9,4736,3020,3143,7574,59423,13566,23695
2011,10,12,40965,41570,12283,54213,96297,2609.9,581,2823,1102,7764,32125,10170,14935
2011,10,13,89147,63142,21542,53129,75033,2609.9,3307,4846,1350,6490,67606,39381,1599
2011,10,14,71663,33696,23754,44806,53830,2609.9,1583,4793,4745,7286,65357,21041,33177
2011,10,15,95153,45940,18865,41773,26169,2609.9,3294,1286,1962,9835,84794,21868,17343
2011,10,16,7787,64455,58067,13117,12422,2609.9,3849,1770,2071,5214,45241,12252,42025
2011,10,17,25780,63177,57046,66877,93395,2609.9,4270,4898,4694,9486,63022,10862,38756
2011,10,18,23181,31318,42530,53665,21153,2609.9,1884,1190,4481,9950,74758,36903,43676
2011,10,19,8327,93608,37339,399,36211,2609.9,2650,3341,3460,6048,45217,38206,48932
2011,10,20,74804,65840,93106,75850,5327,2609.9,3063,3506,2444,7806,98522,24949,6128
2011,10,21,21973,90407,86592,46454,56709,2609.9,3356,1430,4957,7047,81785,41167,11351
2011,10,22,35979,44436,69509,14439,96836,2609.9,2645,1638,3269,8438,63839,34947,31079
2011,10,23,84582,66904,79807,88379,28848,2609.9,4679,1648,1542,6270,13625,16304,28329
2011,10,24,77621,96982,23183,32579,34029,2609.9,846,1359,1520,5958,17149,28942,21320
2011,10,25,73389,36147,50582,86658,48249,2609.9,1605,4182,2675,5674,37560,42875,14421
2011,10,26,96092,67240,93695,97531,83510,2609.9,678,1130,1316,5212,10060,21033,23672
2011,10,27,16533,50158,73745,98640,92468,2609.9,2581,1720,2040,8162,52513,41641,40895
2011,10,28,58936,90471,40824,56611,8234,2609.9,4485,4324,1254,9532,14910,45483,28384
2011,10,29,33204,57534,22966,70209,69098,2609.9,2594,1268,4535,7690,84268,16718,49378
2011,10,30,38585,61851,74211,81978,6365,2609.9,3618,1651,3545,8892,38262,41778,26724
2011,10,31,9177,54100,62455,71151,79984,2609.9,1633,3187,3194,5951,99747,14594,14310
2011,11,1,73694,9274,21216,21385,9895,1423.13,1320,1744,3780,8297,94460,46855,29571
2011,11,2,31916,76113,96753,62709,30727,1423.13,3236,4825,1978,9386,81161,31646,38531
2011,11,3,92373,94349,36193,48324,10448,1423.13,822,4141,4110,7571,21877,29004,43485
2011,11,4,37142,98198,67101,57274,56496,1423.13,970,4762,4024,7232,83823,34750,11561
2011,11,5,72115,72060,85929,89451,47799,1423.13,1096,1430,2789,7289,19410,18382,17090
2011,11,6,67126,74849,5082,36236,98772,1423.13,986,1834,1318,8691,19084,48003,26959
2011,11,7,60253,46370,19118,30629,63602,1423.13,768,2067,1352,7659,41518,39150,19293
2011,11,8,1101,12615,95673,95242,36256,1423.13,4829,3381,1717,9832,55968,40489,1046
2011,11,9,48222,71209,42754,73378,86252,1423.13,2732,1503,1398,6414,77132,28614,2292
2011,11,10,42495,8864,47034,33847,42875,1423.13,4348,3974,2518,5020,39215,15122,38552
2011,11,11,1890,55397,57155,9960,60308,1423.13,906,3529,1376,9553,98258,36934,13124
2011,11,12,28197,2344,49791,43210,25546,1423.13,3175,3039,3489,5208,18238,11363,43275
2011,11,13,73761,23939,71690,91279,8960,1423.13,1403,2200,2652,8558,37159,42960,27257
2011,11,14,48034,53960,67842,65069,29866,1423.13,2002,3061,4794,8144,17622,10339,32452
2011,11,15,77771,55798,94732,46260,41007,1423.13,3974,1118,1907,5663,38748,12218,12970
2011,11,16,72920,152,5772,55573,35062,1423.13,4884,3094,3242,9077,48162,43107,9283
2011,11,17,81529,16518,17521,66324,51014,1423.13,3014,3784,1890,8204,75043,48298,35144
2011,11,18,17067,49019,95769,70327,11034,1423.13,3896,3953,1020,9344,55877,36081,34517
2011,11,19,13951,70762,69177,43545,86191,1423.13,3003,2718,1726,8518,50393,17573,33691
2011,11,20,72019,59761,46358,79312,63858,1423.13,2609,2276,1770,9730,83954,47804,21401
2011,11,21,74247,32851,81758,41619,87519,1423.13,2700,2820,1099,6466,61364,27289,3987
2011,11,22,46919,80720,11360,13479,1243,1423.13,1051,4613,2865,7408,68924,18074,28106
2011,11,23,15161,96534,15351,1932,36264,1423.13,1087,1862,3507,8402,68480,19086,15657
2011,11,24,68183,12533,70198,9282,25761,1423.13,2922,4031,3632,8572,10066,46226,47914
2011,11,25,42387,49913,35840,80252,43673,1423.13,4678,1542,2649,6380,93467,20264,4764
2011,11,26,62038,9555,97127,10545,23751,1423.13,2921,1932,4491,9470,17565,36604,31960
2011,11,27,97384,70488,25636,26016,34770,1423.13,2241,2155,1530,8876,73759,17758,44497
2011,11,28,29197,4790,29617,46846,51170,1423.13,2110,3206,3990,9558,40102,22741,23085
2011,11,29,28900,19376,81026,39744,68846,1423.13,1347,2580,4078,8334,17200,15418,48592
2011,11,30,62831,97190,97356,73591,21623,1423.13,4374,2170,3607,5622,14016,19562,37467
2011,12,1,47479,89336,78770,78067,29438,1921.48,3318,3813,2535,6132,34010,31126,1511
2011,12,2,55761,16592,16558,74095,41539,1921.48,1924,3727,1882,6866,76701,17154,36757
2011,12,3,87593,43873,62889,77935,74241,1921.48,2713,1718,3352,6482,16136,15588,22666
2011,12,4,54345,55807,22955,3232,18868,1921.48,710,1968,3556,7267,65073,15094,6966
2011,12,5,4024,18350,70175,70840,45216,1921.48,510,2807,3451,8009,27094,47691,13228
2011,12,6,27027,34808,35762,55379,37642,1921.48,4519,3337,1662,9926,11568,25628,18251
2011,12,7,25792,62279,66608,99348,45898,1921.48,793,1273,1270,7319,37112,11598,31682
2011,12,8,80548,62233,60758,20351,66594,1921.48,4394,3619,2658,6507,65349,26651,37852
2011,12,9,54758,94870,84989,11519,47344,1921.48,2146,4486,1566,7516,10380,21085,12910
2011,12,10,85435,35979,3711,51818,69651,1921.48,4767,1646,4406,8534,86899,36000,40823
2011,12,11,28377,21294,79620,67387,7802,1921.48,4038,3910,1190,5378,90428,19885,44970
2011,12,12,58288,77575,9372,49828,31329,1921.48,2264,3114,1886,7862,10334,36536,14557
2011,12,13,31797,81051,3086,51203,37928,1921.48,3554,1303,2630,9526,50041,35431,39986
2011,12,14,10848,94080,14343,67038,55811,1921.48,1922,1826,2345,6293,80276,30025,4771
2011,12,15,27202,67541,79492,10440,58515,1921.48,3328,1662,4529,6413,74217,32456,47128
2011,12,16,72751,27772,98760,382,77298,1921.48,2164,3144,4232,6506,71533,31394,48802
2011,12,17,71278,58456,61845,69975,71101,1921.48,1351,4653,1013,5842,25093,14214,42121
2011,12,18,9322,88422,23895,3852,71187,1921.48,1307,1186,2234,5067,77022,35884,48112
2011,12,19,221,29187,40381,75805,95694,1921.48,2199,1970,1506,9043,53296,15654,11915
2011,12,20,27516,69648,72476,53529,81842,1921.48,760,1163,1988,9318,95014,23528,47569
2011,12,21,92766,31322,33818,51352,82741,1921.48,2235,2960,1110,7616,58765,35718,10840
2011,12,22,39531,65965,19041,26252,51360,1921.48,4073,3874,3335,6549,48755,40177,22337
2011,12,23,70470,19516,31341,72812,14170,1921.48,1339,3286,2675,5302,74637,40416,26355
2011,12,24,7348,61874,23377,47373,5842,1921.48,4443,1514,1628,9680,87974,32168,48494
2011,12,25,23525,72049,27396,81860,44950,1921.48,2036,1702,2017,6762,88229,42538,42503
2011,12,26,79731,50921,82177,53759,47429,1921.48,4174,4775,1526,7814,18500,40879,6814
2011,12,27,48749,34296,2603,29558,69131,1921.48,3078,2654,3977,5473,74514,23926,40578
2011,12,28,97976,12903,39345,26345,66280,1921.48,966,2361,4846,7410,16119,42275,43927
2011,12,29,24224,26646,13403,75615,76901,1921.48,2845,1306,1197,7230,55205,35328,31903
2011,12,30,42378,33284,44335,21355,55109,1921.48,1632,4435,3103,7878,12131,30734,35201
2011,12,31,61255,97366,93096,72454,64776,1921.48,4728,1434,2212,8130,97317,45464,25568
2012,1,1,30163,71113,42583,81963,26319,2464.03,691,1916,3597,8397,47414,40149,44263
2012,1,2,40030,16850,38253,57359,45334,2464.03,3612,2698,3434,8590,14958,20353,35339
2012,1,3,22146,29178,88918,66629,26495,2464.03,3013,1656,2006,7818,54971,48164,34383
2012,1,4,96211,95663,40471,51160,74061,2464.03,1308,4089,1085,5913,87799,16418,37885
2012,1,5,81252,6413,25470,76038,13830,2464.03,2742,2327,3472,6670,18955,19894,49296
2012,1,6,52395,78321,77975,74241,96620,2464.03,2405,4181,4960,9227,60340,35372,49298
2012,1,7,83464,18002,65814,20901,30267,2464.03,3671,1517,1377,9140,15658,40206,3614
2012,1,8,78436,16650,58886,56908,34662,2464.03,3225,2055,2512,5112,77648,19132,27841
2012,1,9,21850,54,78314,66810,95633,2464.03,3533,4095,4359,5654,16347,19625,5007
2012,1,10,54312,20019,47495,47041,49159,2464.03,2247,3945,4403,9966,17204,35416,17754
2012,1,11,90326,95430,38825,79190,67982,2464.03,4673,4830,2877,9339,72991,28509,16473
2012,1,12,14346,7877,23957,3705,8575,2464.03,4681,2886,1674,7175,19862,25832,40304
2012,1,13,71282,63526,86131,72037,76011,2464.03,2452,2687,3764,6276,78228,33097,3335
2012,1,14,79101,42903,89280,11978,2242,2464.03,1838,2938,1498,7146,52994,45072,12271
2012,1,15,37451,92676,74311,14125,96203,2464.03,1308,2483,1894,8790,39519,22828,1190
2012,1,16,62126,63325,71868,77242,25953,2464.03,686,2006,4350,9617,33382,11591,1702
2012,1,17,28240,6574,60882,31090,3720,2464.03,1161,1169,2902,7702,71645,35456,13876
2012,1,18,1062,44307,19293,97880,19449,2464.03,708,1573,3487,5160,58814,30792,25164
2012,1,19,92672,35505,85846,2022,85122,2464.03,4964,4712,2152,7197,60801,45872,35580
2012,1,20,21073,3316,3394,60327,20140,2464.03,2135,2552,2049,5738,35431,21497,41392
2012,1,21,6591,6140,53072,61431,48716,2464.03,2222,2738,3742,8848,76112,15215,28238
2012,1,22,96351,22429,11281,38504,29627,2464.03,727,2050,1748,7702,27377,11887,38434
2012,1,23,11864,39513,49440,80265,87292,2464.03,1762,1934,2362,9550,71663,12164,34872
2012,1,24,49423,30238,13817,29517,91009,2464.03,4732,3711,3708,9486,58566,16678,39929
2012,1,25,10798,59294,25386,2547,79766,2464.03,785,2981,4978,6577,88245,12269,19115
2012,1,26,97801,56360,22503,5163,77545,2464.03,1240,3319,2107,5662,72835,14468,10519
2012,1,27,97689,83920,68180,26397,6284,2464.03,4731,2081,2390,6468,35979,48507,26746
2012,1,28,95583,83117,6489,36913,79694,2464.03,4181,3845,2445,8035,99008,44990,11087
2012,1,29,14906,76601,4662,72014,68009,2464.03,1481,2048,2768,8166,16898,13206,27497
2012,1,30,64110,9528,17485,66500,52348,2464.03,502,2929,4284,7847,19238,15329,19816
2012,1,31,98934,50375,59176,66379,54763,2464.03,2720,4667,4783,9554,41680,19143,8184
2012,2,1,94514,1192,3999,31878,25988,1809.31,986,1867,3238,8837,16886,24405,4402
2012,2,2,43845,68497,93690,31692,69690,1809.31,624,1174,4546,6718,91178,42729,25372
2012,2,3,41076,60846,43865,73457,2527,1809.31,4686,3391,1110,5878,45269,22889,29360
2012,2,4,40791,57608,74757,95381,36446,1809.31,4785,1641,2467,9827,44684,17156,28972
2012,2,5,5199,91661,53573,56097,5015,1809.31,738,1089,1948,9041,35898,40826,44751
2012,2,6,4753,35585,54218,85303,71974,1809.31,4543,2763,4798,9300,24495,26243,15839
2012,2,7,94624,60633,39237,58443,90460,1809.31,1950,2009,1170,5523,84457,30594,33921
2012,2,8,6626,49635,43037,44926,75028,1809.31,751,4779,1750,9969,81433,11402,28935
2012,2,9,72160,5978,31959,61958,21630,1809.31,4552,1252,2086,7586,74694,23897,6454
2012,2,10,44061,66645,52260,19641,28520,1809.31,1587,1497,1351,9623,96422,27730,36717
2012,2,11,38558,82175,57511,69428,38496,1809.31,3623,2006,2624,9446,10642,49253,5296
2012,2,12,77036,9869,31858,10474,70010,1809.31,4370,4069,4548,5972,33710,34419,6552
2012,2,13,39699,66650,2269,42402,26273,1809.31,554,4829,2217,7996,50608,16582,48692
2012,2,14,49290,39232,95423,26914,59814,1809.31,2519,3200,1959,8762,63673,46968,1488
2012,2,15,97281,14396,27390,3181,17378,1809.31,2599,3427,4100,9868,15828,20372,27452
2012,2,16,54912,52312,51554,68481,46306,1809.31,1896,1946,1393,9302,55211,17558,2163
2012,2,17,33058,97731,70759,76369,72108,1809.31,4688,1488,1531,7077,88919,15260,1578
2012,2,18,10882,42871,5040,54982,99091,1809.31,1706,1442,4530,6528,38833,35835,37220
2012,2,19,11774,92082,64134,69520,24401,1809.31,2077,3809,2075,8386,50177,11078,19346
2012,2,20,41324,39866,91274,39207,73295,1809.31,4466,4175,4415,5857,39157,19458,46545
2012,2,21,13077,97216,25212,2608,90475,1809.31,4794,3600,2478,8928,88119,13230,30397
2012,2,22,38274,75197,3392,71701,65737,1809.31,3587,2060,1137,9730,46266,49431,19921
2012,2,23,97758,17086,99960,53525,92943,1809.31,3381,1019,2683,9944,24978,19028,5469
2012,2,24,46694,79773,78110,19172,15053,1809.31,3753,4677,2777,8606,41378,23513,16229
2012,2,25,38417,34966,46926,64554,36178,1809.31,3984,3934,1629,7896,15270,19571,43193
2012,2,26,19412,28545,41943,88447,78489,1809.31,2956,1518,1693,6065,60704,11745,16921
2012,2,27,8647,25810,31424,66424,94306,1809.31,1288,2721,4118,6438,97274,26647,39154
2012,2,28,62759,77612,26935,89388,57907,1809.31,630,3670,4288,7253,82116,16546,30745
2012,2,29,50526,30073,79311,97219,72491,1809.31,642,2488,2176,6192,80263,26482,6368
2012,3,1,86552,9204,52715,56118,22831,1580.84,938,1794,2647,9238,58347,19744,45714
2012,3,2,66278,68370,79033,49883,50487,1580.84,824,1910,3824,7966,85752,35191,33162
2012,3,3,89295,83241,67368,12386,63504,1580.84,981,1030,4405,7286,22524,42235,10202
2012,3,4,55761,57753,9029,28409,98719,1580.84,3152,4995,2097,7082,14877,18935,33728
2012,3,5,93051,31638,15846,38227,45616,1580.84,3417,4909,1190,7136,63646,14694,17951
2012,3,6,67339,20980,31102,53096,31027,1580.84,670,3138,2729,5750,31546,42800,19978
2012,3,7,54438,96051,24148,6535,55940,1580.84,1821,1394,2014,7667,14298,32629,39026
2012,3,8,75618,26985,83891,93160,50473,1580.84,4205,2810,4867,5306,87257,32245,47537
2012,3,9,91637,48940,35384,19366,19650,1580.84,3517,4087,4332,5340,96973,13054,33283
2012,3,10,58043,38796,16965,45057,12815,1580.84,2685,4783,3867,6330,97942,14340,20532
2012,3,11,25464,72149,48503,26683,93807,1580.84,3927,1798,4699,8630,21160,17426,35761
2012,3,12,77593,99678,94789,73278,2343,1580.84,4900,1736,1908,7490,21792,19454,41762
2012,3,13,78749,99478,80858,42617,77405,1580.84,1956,4219,2300,7270,45901,27458,28801
2012,3,14,73923,21181,79254,58623,15492,1580.84,4323,4435,1442,7558,82712,35137,1686
2012,3,15,98577,7614,11874,45486,65831,1580.84,1559,4578,1704,9698,14214,43252,1846
2012,3,16,97570,76855,78824,64870,98666,1580.84,3679,2587,2257,7932,47561,44100,41078
2012,3,17,54698,43237,3537,87493,33700,1580.84,2629,2276,1774,6902,94113,42395,36249
2012,3,18,873,15673,53327,66721,34442,1580.84,1324,2010,3727,6026,13231,48744,6873
2012,3,19,62577,88264,21332,41187,26196,1580.84,582,1796,4833,8822,84737,28533,35246
2012,3,20,41424,7367,27162,67989,74573,1580.84,1736,1797,3298,9206,74869,16398,21275
2012,3,21,3287,1194,36103,37014,39045,1580.84,757,1621,3949,6892,42807,46496,15687
2012,3,22,25039,94446,93742,69872,33269,1580.84,4756,1043,2196,7698,75383,26769,28479
2012,3,23,29544,52120,68567,99195,98534,1580.84,3286,1820,2332,9388,55185,16376,9788
2012,3,24,21427,57296,34350,91728,97089,1580.84,3224,2126,2954,7890,16708,37574,27157
2012,3,25,60445,89459,28618,62641,81376,1580.84,761,2271,2472,5502,26465,37357,20353
2012,3,26,467,29752,89178,77799,85492,1580.84,4175,1918,3010,8524,98645,15098,10716
2012,3,27,22034,3222,53577,26340,85188,1580.84,3913,1272,2735,5070,24623,15463,28278
2012,3,28,12883,80386,92735,1707,21065,1580.84,4064,1531,1238,9196,15681,12838,19200
2012,3,29,55309,9857,74064,73319,54734,1580.84,4768,3118,2282,9402,19457,27469,39062
2012,3,30,52975,83371,39453,37062,92253,1580.84,2524,1486,1636,6470,23193,48229,30429
2012,3,31,30810,28610,36113,12464,23203,1580.84,3257,3511,3002,7354,68181,49087,1795
2012,4,1,89303,42206,35017,63999,78015,1424.43,3324,2736,4642,6326,69988,15070,28838
2012,4,2,89263,7828,42236,874,31021,1424.43,3034,1972,1577,8118,99183,44723,40465
2012,4,3,40108,94047,22726,93780,78581,1424.43,1513,2882,1510,7881,48232,16780,21814
2012,4,4,16719,81558,86122,1361,68296,1424.43,2782,3909,1186,5017,74782,27661,22463
2012,4,5,65483,39170,19995,58412,16020,1424.43,3134,1126,4576,5859,66257,24508,35530
2012,4,6,14025,19123,92391,44396,23356,1424.43,2780,1426,3531,5253,57786,23178,6975
2012,4,7,44068,56922,97089,40709,81939,1424.43,4721,3772,3743,9440,22183,19534,38223
2012,4,8,40246,41670,32241,86174,83882,1424.43,681,2905,3972,9423,58652,23680,14851
2012,4,9,76398,27785,30107,31282,83039,1424.43,811,3457,1165,8512,84166,43104,4245
2012,4,10,88827,85240,6877,32570,89956,1424.43,3684,1552,2081,7462,32725,20962,45413
2012,4,11,72127,59759,85221,22452,95534,1424.43,1131,3282,1657,6237,35915,21047,43873
2012,4,12,30482,6728,30857,91648,7331,1424.43,1103,1156,1614,8672,45078,13148,15023
2012,4,13,19744,53763,53122,23178,11039,1424.43,992,3165,3308,5711,11242,23841,2199
2012,4,14,55937,18100,62124,43946,44337,1424.43,1344,1169,1118,8830,99168,44800,14392
2012,4,15,93576,66624,40958,10190,40956,1424.43,1758,1406,1149,6231,15158,17187,36036
2012,4,16,4782,10720,66705,83090,22783,1424.43,3282,1270,1706,7058,39015,17862,22321
2012,4,17,66149,70360,58630,3619,32561,1424.43,3419,1135,4421,5728,36324,15376,7798
2012,4,18,8116,69435,42427,64265,72018,1424.43,2803,1798,4725,9026,76239,17728,42655
2012,4,19,3181,49522,3931,9953,17631,1424.43,2411,3779,3305,6040,15026,12217,42946
2012,4,20,93839,52169,88353,34612,74249,1424.43,4987,3715,1878,8765,79331,48831,41029
2012,4,21,17772,27136,75630,3849,57996,1424.43,2708,2527,4093,6638,87479,13854,18221
2012,4,22,59584,64892,51855,89241,932,1424.43,2809,1121,4124,6161,45732,48373,5605
2012,4,23,13542,62072,97089,40356,37190,1424.43,4186,1312,4907,9406,75161,44254,26421
2012,4,24,99388,87870,71782,33481,4508,1424.43,846,1798,1018,7058,86035,15584,9262
2012,4,25,9015,53845,85262,33140,10007,1424.43,2864,4899,1548,5246,96607,12958,47346
2012,4,26,54077,35794,34271,73984,83314,1424.43,3237,2700,3652,6371,32533,34511,25784
2012,4,27,15633,34090,14955,72489,87500,1424.43,1627,1514,4833,7582,29653,31191,1990
2012,4,28,79235,93870,37444,5004,55174,1424.43,4313,4250,1195,9880,83233,19508,34051
2012,4,29,60720,67824,68562,90724,24195,1424.43,970,1178,1535,6541,45018,39034,1095
2012,4,30,73883,91646,51901,45068,39887,1424.43,2611,4120,1774,8182,40475,46948,31554
2012,5,1,41141,56199,16652,76076,55784,1965.23,3146,4958,1073,7750,80504,38519,2513
2012,5,2,85458,53035,40055,58351,98053,1965.23,2232,1050,1988,7312,45936,28894,29089
2012,5,3,36263,81409,20670,32669,21884,1965.23,4476,4375,1406,6128,55450,45950,17618
2012,5,4,14993,24950,52262,86066,68820,1965.23,4584,1266,1610,9286,28978,13686,32766
2012,5,5,10079,77563,6255,41068,71214,1965.23,1314,3828,3598,6680,72848,21833,2191
2012,5,6,90953,52326,51209,47472,64806,1965.23,4773,4797,2960,8166,82214,33131,23012
2012,5,7,61153,56799,3760,46953,87789,1965.23,3508,2866,1651,9763,55286,14216,49090
2012,5,8,38306,41601,54397,71905,64936,1965.23,782,2239,2274,7650,36062,27079,43598
2012,5,9,50662,95836,73229,98622,7871,1965.23,1752,4022,3592,7482,32326,32732,21795
2012,5,10,953,95835,30599,27604,81950,1965.23,3171,1050,3836,5146,17032,25123,35885
2012,5,11,56166,68601,13715,68440,96251,1965.23,1870,3263,1234,5830,78236,19834,49777
2012,5,12,23245,9989,55209,68189,78204,1965.23,920,4155,4720,7870,13526,31670,3887
2012,5,13,50108,81283,18278,93944,93851,1965.23,848,1367,1740,9133,34806,24343,26789
2012,5,14,98911,13029,87607,60875,64479,1965.23,2060,4074,2183,9102,72262,20387,15844
2012,5,15,6155,73183,49543,22227,21053,1965.23,506,2511,1178,8525,97807,14137,22654
2012,5,16,81666,33227,30505,93407,98712,1965.23,4101,3973,4690,6858,74847,25520,31663
2012,5,17,3903,21908,79595,12439,40528,1965.23,2825,1681,1390,8719,85260,28794,1857
2012,5,18,37725,5509,66307,8012,44035,1965.23,3500,1408,2339,5356,35457,46050,14114
2012,5,19,17019,69559,10025,28061,7619,1965.23,3580,1520,4483,6358,40310,30010,1224
2012,5,20,35031,39488,43045,92773,4560,1965.23,1567,2283,3812,8460,66647,44198,28305
2012,5,21,18339,71500,19899,32030,6857,1965.23,4431,3874,1266,6526,68287,48884,21708
2012,5,22,88384,71868,76757,27867,55043,1965.23,4228,1424,1554,7272,99197,11113,17068
2012,5,23,95577,87117,19750,45742,41342,1965.23,4939,1031,4247,6189,24412,31103,2749
2012,5,24,47898,68844,21331,5516,56004,1965.23,751,4386,2836,7507,72252,32878,39618
2012,5,25,80927,96481,55656,53834,80106,1965.23,1298,2033,4672,8446,37774,16013,21205
2012,5,26,70148,94067,8397,44396,70256,1965.23,1850,4504,1651,9532,56371,24006,32809
2012,5,27,85502,27123,18393,63339,90983,1965.23,2568,3260,3477,9160,42093,33582,40645
2012,5,28,55780,73393,75616,46804,40792,1965.23,2816,1888,3808,7564,71686,10415,29743
2012,5,29,20373,29889,61273,38377,25774,1965.23,2382,2626,4766,6270,14642,16870,17644
2012,5,30,37772,36238,40361,57601,20813,1965.23,2534,2944,2198,9502,39747,29341,48807
2012,5,31,79245,18917,56633,3053,6481,1965.23,4819,3205,1832,8798,81581,16684,44671
2012,6,1,10316,60663,69854,57443,67980,2331.67,1566,4216,3665,9166,41380,43823,38306
2012,6,2,26702,34325,82374,76204,74073,2331.67,1799,4340,4699,9694,15820,29370,11716
2012,6,3,21023,59026,20282,12115,56959,2331.67,2201,3626,1354,6822,41068,48310,3318
2012,6,4,61712,52635,18879,56729,21802,2331.67,552,4854,1880,5860,57409,35007,10260
2012,6,5,60993,29209,94348,45693,20412,2331.67,1414,1433,1897,8047,69899,17722,26521
2012,6,6,97717,23453,58835,28048,46859,2331.67,2710,3569,3889,7940,65298,14094,49903
2012,6,7,38200,32203,71897,49136,65128,2331.67,998,2472,3513,9622,88164,45276,29306
2012,6,8,4067,79579,53062,5964,7626,2331.67,1171,1394,1413,7670,49740,43272,22962
2012,6,9,56261,92451,18194,25150,70392,2331.67,2191,4942,2045,7174,90429,13525,49844
2012,6,10,66097,40925,55998,40962,18471,2331.67,1237,2536,1606,9298,44851,14068,10514
2012,6,11,12260,26024,85762,75026,82381,2331.67,4649,3640,2952,5694,80141,14695,35502
2012,6,12,2687,12333,39638,51084,49124,2331.67,4608,1822,3695,6957,56180,22165,46420
2012,6,13,97471,92418,61054,53914,98069,2331.67,2981,1679,3279,7494,13702,30660,5905
2012,6,14,55597,86354,85653,99901,5549,2331.67,4595,4586,4478,9494,92021,19918,15795
2012,6,15,17004,72983,75174,20699,9940,2331.67,4215,3762,1054,8886,77675,38191,31355
2012,6,16,42526,12010,64872,7157,15752,2331.67,4168,1347,4281,6173,87599,41181,32928
2012,6,17,38320,2195,32120,32798,89132,2331.67,2751,1134,2122,8564,43185,14134,24141
2012,6,18,15632,2401,30825,72107,39022,2331.67,606,2898,1860,5169,21406,18964,24852
2012,6,19,58097,75576,56664,43730,31749,2331.67,1262,1222,1457,6772,19216,15590,44264
2012,6,20,7523,28321,74428,4645,12598,2331.67,3058,4580,1364,5234,16686,41737,17613
2012,6,21,87,26985,89636,53299,18506,2331.67,2262,2954,2969,8926,53035,17254,27395
2012,6,22,23190,4299,21137,85999,87680,2331.67,2939,1553,1078,9494,32550,13973,6705
2012,6,23,46331,60609,58554,82695,52196,2331.67,784,3633,3576,6854,21931,13766,25241
2012,6,24,24166,44195,46389,27135,23121,2331.67,3203,2661,3721,5691,48659,15516,49424
2012,6,25,72397,2951,35659,73773,31669,2331.67,2746,2998,1422,5312,77045,13716,18209
2012,6,26,54244,67830,82350,72821,64601,2331.67,2606,3766,4826,8994,32252,17222,4281
2012,6,27,4770,10457,66960,24844,42500,2331.67,2596,1247,1273,9222,10050,32942,31972
2012,6,28,69168,9119,77293,30689,71770,2331.67,4404,2365,3518,6220,31537,12506,20690
2012,6,29,63738,74144,8238,28565,63138,2331.67,2862,2906,2297,6174,92749,19604,40490
2012,6,30,48146,41698,41045,99419,42657,2331.67,3712,1823,1534,9458,42511,19322,12417
2012,7,1,3268,2022,1566,46373,33559,2033.74,1461,4053,1260,5025,87190,36114,21037
2012,7,2,87889,71449,53413,4063,80551,2033.74,3559,3599,1957,8668,81255,49374,29562
2012,7,3,83043,93079,87261,75400,51942,2033.74,4797,1560,1186,6362,34284,15199,46917
2012,7,4,93751,60747,39253,39376,15772,2033.74,990,1334,1200,5254,40425,11145,42795
2012,7,5,91168,25337,49745,28125,9667,2033.74,3850,4060,1782,8958,84459,17458,47353
2012,7,6,94380,55609,96637,76022,11972,2033.74,1220,1452,3019,6825,61449,40142,30922
2012,7,7,89620,86940,60155,20215,98546,2033.74,2711,4712,2268,7456,17836,15542,16932
2012,7,8,44809,61688,60995,1591,9151,2033.74,1666,3529,2413,9655,79550,45736,11806
2012,7,9,86929,87124,67811,94948,33949,2033.74,782,4919,2550,6410,60134,31095,29260
2012,7,10,44880,7846,37160,3500,21654,2033.74,876,2813,4386,5568,12246,17082,21348
2012,7,11,10937,27423,78419,44702,67078,2033.74,1790,1458,1443,9210,65304,45391,7969
2012,7,12,20212,16747,35312,52762,44694,2033.74,862,4572,1998,7367,93071,15306,11798
2012,7,13,8715,64857,56814,58102,13988,2033.74,1637,1275,1344,5055,18702,34773,7570
2012,7,14,69377,9120,55132,30820,72,2033.74,2563,1158,3533,7874,73043,48227,20436
2012,7,15,6024,89604,4152,42018,26971,2033.74,1017,2036,4783,5672,10137,17552,13576
2012,7,16,46753,43128,66399,48097,54535,2033.74,2870,1078,2846,8001,71082,27917,18728
2012,7,17,24789,29998,14552,78323,24224,2033.74,2901,1014,3549,6818,88615,20519,3947
2012,7,18,26980,4634,72557,38116,93817,2033.74,3238,1146,3524,9636,10044,13059,49046
2012,7,19,98365,37888,53322,92563,25889,2033.74,1832,2028,1514,5562,61702,11327,40756
2012,7,20,5331,54604,41574,98880,84361,2033.74,751,2691,1174,9328,65806,11342,30190
2012,7,21,40057,29045,18263,98582,58682,2033.74,2992,3397,1166,7665,82311,13654,23280
2012,7,22,38422,69144,86788,25526,86880,2033.74,1853,2209,4445,9566,14890,15250,48490
2012,7,23,41320,59544,31497,8846,84203,2033.74,778,4259,2699,8450,39192,17732,47304
2012,7,24,11730,67185,7482,89249,64850,2033.74,4006,4622,1182,5793,61500,12167,39794
2012,7,25,44284,98354,70729,80081,9484,2033.74,3885,1616,2712,6962,59648,38267,28170
2012,7,26,45389,46189,78879,88089,34639,2033.74,2172,2719,1046,9654,68319,14454,18071
2012,7,27,19448,77327,86079,11088,73120,2033.74,3255,3754,2283,7976,13834,21766,47579
2012,7,28,38505,14072,38922,92570,45806,2033.74,836,1193,1110,6066,95633,12100,14923
2012,7,29,44137,17807,91172,45743,47461,2033.74,2197,3259,3169,8275,94346,42640,9492
2012,7,30,45854,83954,92748,8137,44290,2033.74,1255,2793,1316,6142,75362,32810,6582
2012,7,31,66451,22551,74004,43913,64969,2033.74,2364,4104,3795,9888,71198,10110,19638
2012,8,1,83397,50867,8901,98024,45213,1797.77,946,1046,1288,9444,89807,17221,17893
2012,8,2,80973,72601,4227,32502,64316,1797.77,616,3217,2391,5568,84538,13380,37037
2012,8,3,47933,9995,67176,27821,81194,1797.77,4903,1892,1306,8803,78964,47213,18431
2012,8,4,76697,39194,92732,53688,23912,1797.77,908,1235,1490,5974,70088,17326,32539
2012,8,5,44875,85393,71728,22267,60961,1797.77,646,1006,1259,5654,69417,47452,6266
2012,8,6,87605,69321,44746,73254,78125,1797.77,942,1172,4255,9549,24859,19518,23711
2012,8,7,28440,62121,57107,99930,19959,1797.77,2087,4833,2586,5622,87099,39898,27195
2012,8,8,96432,89098,15144,62691,58272,1797.77,1495,2228,3880,9990,35481,48356,34561
2012,8,9,11303,72300,35881,6911,18201,1797.77,2780,1639,1138,9886,46568,25522,27093
2012,8,10,27082,15008,56708,56020,55174,1797.77,918,2956,4256,7413,30647,15064,10159
2012,8,11,78326,73495,86108,48558,61087,1797.77,3266,3741,1982,5498,95651,44791,37941
2012,8,12,42591,38432,91431,14507,54671,1797.77,1381,1751,1430,6186,37770,40884,4352
2012,8,13,23248,41,25193,72504,93806,1797.77,1382,2130,1380,9990,37040,23124,22192
2012,8,14,20431,50307,11866,47023,15805,1797.77,1813,4747,3651,9596,89253,33321,23869
2012,8,15,53948,95635,31425,39658,75076,1797.77,1893,3322,1939,8374,70825,45745,35548
2012,8,16,10630,83560,84228,56316,82402,1797.77,791,2832,2925,8026,66206,14950,21268
2012,8,17,47877,74372,94830,42880,73968,1797.77,1201,4266,2421,7964,18294,37496,1770
2012,8,18,9525,13522,85819,27817,51960,1797.77,3561,2589,2906,8290,35256,10626,22996
2012,8,19,45409,31048,74493,33334,55056,1797.77,3415,4283,1421,9202,62162,21741,7051
2012,8,20,65032,54716,82360,93805,78694,1797.77,1300,4569,2509,6950,32385,14468,32636
2012,8,21,72818,72299,43410,45724,96440,1797.77,2383,3199,1064,7530,15778,31119,28666
2012,8,22,48926,77653,403,96700,42249,1797.77,4792,3631,3632,7151,17435,28677,28918
2012,8,23,16140,15088,49600,28649,14910,1797.77,4468,4078,1280,5766,49802,33426,48337
2012,8,24,31544,67186,41626,57609,75414,1797.77,702,1390,2161,7366,37389,19410,49510
2012,8,25,67104,72182,9394,17088,5686,1797.77,765,1824,4620,6894,66824,11774,43182
2012,8,26,10053,76293,9961,97040,45523,1797.77,940,2066,3300,8390,51026,35065,26115
2012,8,27,87953,22458,75756,15114,10644,1797.77,875,2746,3030,6621,94834,23715,29498
2012,8,28,69803,56952,61892,44423,68668,1797.77,1656,1286,1142,6617,16936,17270,28716
2012,8,29,52732,88929,43949,12384,27372,1797.77,3800,1322,1158,9556,46788,10779,11327
2012,8,30,85406,47665,38527,3436,74286,1797.77,3503,1786,1663,5394,21213,41682,49713
2012,8,31,34111,87871,3106,55471,64488,1797.77,2352,3570,1004,5316,45954,44220,11569
2012,9,1,9755,59544,60468,65663,6332,1378.47,2419,1418,2477,7207,44632,42189,37600
2012,9,2,30711,21424,48853,52457,42638,1378.47,1566,1024,4991,8388,11346,37912,6887
2012,9,3,97094,44917,4762,96099,7223,1378.47,2781,3329,3524,6508,15343,31207,48982
2012,9,4,37201,82764,17908,29678,69971,1378.47,1866,1370,1290,7070,53136,42952,28892
2012,9,5,10309,56056,73460,70300,30796,1378.47,4563,4240,1073,9324,56690,13214,34806
2012,9,6,28306,79473,86626,53182,79074,1378.47,741,1273,1083,8648,45950,37405,18321
2012,9,7,97540,34169,88086,97855,71239,1378.47,806,1546,4981,5006,68197,27128,7575
2012,9,8,31775,42762,37722,77849,22086,1378.47,2496,1743,1950,7718,19924,19308,44412
2012,9,9,68794,20666,1934,69878,39314,1378.47,2282,1853,3403,6910,51059,35993,14236
2012,9,10,35647,91867,83892,81980,38836,1378.47,928,1230,1202,6370,48458,49639,2090
2012,9,11,23945,95955,16383,14180,62780,1378.47,4840,1572,3324,8125,17801,28990,36308
2012,9,12,82362,91437,65844,97117,69509,1378.47,3110,1506,1030,7001,13970,13956,33255
2012,9,13,35443,95297,50919,46645,8478,1378.47,2636,3773,1682,9018,62952,40813,49377
2012,9,14,81678,79145,22386,55003,97271,1378.47,3992,1976,2975,6187,93099,33835,6540
2012,9,15,99442,76210,55342,40915,59564,1378.47,1222,1910,1926,8590,58002,28951,25179
2012,9,16,87869,70639,27725,15903,16009,1378.47,1715,2686,2525,5452,52688,49795,7030
2012,9,17,1992,53033,95779,66319,35572,1378.47,642,1398,1439,5494,92278,14718,38879
2012,9,18,30673,29853,68713,1148,1993,1378.47,1450,1212,3704,8582,22114,29712,26715
2012,9,19,63909,45182,43751,66434,90635,1378.47,1229,2625,1654,8359,58944,11214,46439
2012,9,20,83590,59098,52759,81382,30945,1378.47,3735,1616,4889,7447,79115,43233,45037
2012,9,21,50514,75567,99447,80570,32446,1378.47,1634,1353,3094,6294,62786,23728,37913
2012,9,22,83176,45368,82706,48998,23728,1378.47,1743,3668,2099,9501,10108,48043,41650
2012,9,23,80890,43786,9660,72131,67585,1378.47,1716,4450,1396,7514,15019,13138,5128
2012,9,24,35427,41654,9492,34873,28391,1378.47,3600,1565,3997,5254,76914,24076,38630
2012,9,25,49308,43658,97745,82759,79511,1378.47,801,1752,2931,6813,48882,46867,2795
2012,9,26,61941,30599,81318,58986,44465,1378.47,2123,4891,4342,7966,14763,49084,12690
2012,9,27,86596,39717,10650,20593,47375,1378.47,1020,3033,3925,8765,95792,43436,3917
2012,9,28,27912,26594,36541,7195,83407,1378.47,4061,1698,2373,5379,20683,26837,35423
2012,9,29,64421,92807,73081,35115,7125,1378.47,4199,3720,1086,9670,30664,15286,4197
2012,9,30,65117,41686,20672,29043,66803,1378.47,3830,4713,4409,5370,15326,18344,32816
2012,10,1,55969,37219,75870,7700,57902,1751.55,3471,2060,2139,7182,74184,12687,19060
2012,10,2,57786,84257,22952,18986,31274,1751.55,4102,4310,3965,9496,56112,16780,46942
2012,10,3,34679,67178,92542,76401,69085,1751.55,3544,1404,1146,5766,65456,13180,1710
2012,10,4,64826,53928,30241,23317,77514,1751.55,1004,1650,1385,5307,70636,10662,20778
2012,10,5,72250,71091,41969,56215,587,1751.55,2994,1616,1609,5536,28016,17045,14433
2012,10,6,33598,47913,24803,38877,43679,1751.55,3408,3503,1084,5001,31820,17642,40259
2012,10,7,85779,34177,6054,7164,59484,1751.55,1174,1732,2779,8998,17222,14717,26690
2012,10,8,48928,77294,32686,46889,59182,1751.55,3934,4130,3614,8736,64358,18406,10702
2012,10,9,45347,82767,77149,22236,47768,1751.55,1638,4897,4496,5394,57061,18979,8969
2012,10,10,75734,33236,67065,39866,67730,1751.55,934,3008,1078,7250,79897,40540,21363
2012,10,11,30674,10184,49671,39288,65272,1751.55,2932,1969,3147,5080,49204,27266,14029
2012,10,12,94049,25844,27165,69897,24888,1751.55,3875,1972,3812,9194,56837,17893,1166
2012,10,13,60007,94125,50903,25014,47745,1751.55,554,3417,2334,6334,34057,38957,47152
2012,10,14,61958,41990,65927,75105,27070,1751.55,3722,2469,2325,5886,14740,32212,15131
2012,10,15,96464,12593,15538,46628,84885,1751.55,873,4890,2850,7130,86255,30594,22375
2012,10,16,95279,51810,25365,52613,83387,1751.55,2921,1695,2762,7704,36799,44831,9422
2012,10,17,88978,21874,82301,62656,17761,1751.55,4867,1160,3609,6756,93555,19845,6018
2012,10,18,49132,74429,64736,31982,22556,1751.55,3928,2833,4152,5222,86797,18890,1994
2012,10,19,80066,94719,80586,14180,68566,1751.55,4010,3894,1230,7662,36549,39722,33737
2012,10,20,63680,97770,36650,98641,74526,1751.55,3486,1142,1978,9573,88342,19792,46557
2012,10,21,66917,83623,77725,86070,4267,1751.55,1311,1376,1943,7618,14862,26860,30874
2012,10,22,51986,73873,50756,23948,47887,1751.55,982,2917,2777,6671,26557,42303,3657
2012,10,23,13228,61396,48664,50565,77322,1751.55,920,4237,1264,9074,46658,41245,37006
2012,10,24,85406,67971,41929,93702,86220,1751.55,561,4556,2014,7668,78504,44900,6791
2012,10,25,41326,8526,22818,75455,91549,1751.55,2757,4776,3474,5556,71692,20795,15728
2012,10,26,86131,82148,65034,23111,3032,1751.55,4355,4789,1013,6284,98490,32232,11692
2012,10,27,63075,69052,36790,10090,6721,1751.55,1341,4397,1430,8326,39851,48071,31646
2012,10,28,26239,23962,69200,86065,56735,1751.55,1860,4216,4390,8245,82326,42422,40892
2012,10,29,16289,46683,47212,28655,52967,1751.55,886,2392,1104,8064,58833,16734,12054
2012,10,30,12025,80176,18574,68548,40687,1751.55,1618,3276,3738,5817,85692,21824,24778
2012,10,31,26709,8905,31041,82451,97150,1751.55,4872,4790,1401,8435,58444,29367,13368
2012,11,1,85683,78112,97946,66063,36946,1682.93,3086,3472,2047,6633,90510,11824,2122
2012,11,2,79604,73787,76915,65421,59479,1682.93,3480,3383,4778,7518,81884,19004,48739
2012,11,3,32156,28027,85899,36944,86471,1682.93,3783,2153,4729,6942,54567,13026,31618
2012,11,4,70203,32654,96499,57250,95640,1682.93,860,2006,2146,9386,57015,11934,37009
2012,11,5,61078,81848,37712,57208,89131,1682.93,3057,2638,3974,5307,74581,14550,35949
2012,11,6,16926,94717,38951,43007,12798,1682.93,1032,2999,2522,8882,56600,18082,43518
2012,11,7,22243,8378,46109,15741,20717,1682.93,3716,3145,1322,5570,71704,40453,19476
2012,11,8,58729,71114,44444,22703,56422,1682.93,4499,3346,1622,9612,32704,42889,35377
2012,11,9,54671,55089,42241,97194,73971,1682.93,3058,2564,3569,8342,28304,10637,15193
2012,11,10,33642,13373,75135,51317,36153,1682.93,3121,4880,4304,5138,33935,40725,13192
2012,11,11,37941,39787,80424,84385,84589,1682.93,3626,4258,3215,5866,52803,17084,13128
2012,11,12,17412,20863,71102,57333,51381,1682.93,2970,1374,4130,9456,52690,31634,15758
2012,11,13,72648,27164,92868,6953,29728,1682.93,2677,4019,1588,8101,68403,17528,26803
2012,11,14,7581,12030,6788,75797,14249,1682.93,685,3011,1804,8139,10696,14537,9591
2012,11,15,53897,23314,65912,99379,32771,1682.93,2365,1769,2116,7734,28721,16400,34954
2012,11,16,33387,42752,8567,16327,20853,1682.93,3855,4784,1434,5206,20580,35951,43322
2012,11,17,66585,71267,83963,63390,25758,1682.93,2926,4653,3971,6358,95384,28093,39306
2012,11,18,61495,92750,99863,39963,99334,1682.93,4509,2719,2687,6160,49045,24891,44937
2012,11,19,66397,32901,69676,88100,39895,1682.93,4050,1479,4226,8738,86220,19983,6609
2012,11,20,30023,30499,15989,58994,57040,1682.93,3438,3533,1922,9652,58495,19806,11373
2012,11,21,14589,23005,68878,2276,12432,1682.93,3518,3827,2175,6398,66927,14150,17924
2012,11,22,36155,7330,29902,30381,31695,1682.93,736,1716,2971,5416,37061,36362,32474
2012,11,23,94077,90500,54896,30902,60152,1682.93,708,1092,4098,9585,19448,31529,29743
2012,11,24,53861,53239,60357,21037,82785,1682.93,4458,1190,1940,5758,65670,32659,43636
2012,11,25,23185,32386,60728,2508,15089,1682.93,3869,1042,4639,8054,56418,31142,47789
2012,11,26,56211,23479,88587,25309,59416,1682.93,1837,3276,2896,7100,50664,17032,48307
2012,11,27,27182,11475,2323,78147,2186,1682.93,2157,1721,3081,8482,60580,48169,34345
2012,11,28,68377,15802,90039,73016,42270,1682.93,509,3479,1286,9096,23787,12053,12809
2012,11,29,57403,46977,75330,41651,30522,1682.93,3682,4054,3819,8102,68552,22356,42346
2012,11,30,11701,45710,30430,44782,16298,1682.93,4302,4673,1810,9340,57688,49079,41010
2012,12,1,44551,63911,81139,3647,87698,2532.26,1048,4673,4873,5406,81547,27219,43193
2012,12,2,27733,55602,47391,55089,24155,2532.26,1788,1215,1528,7921,18865,23890,36100
2012,12,3,37224,3539,97053,52917,77580,2532.26,1416,2129,1394,5120,25775,14092,46133
2012,12,4,72100,3176,65118,6973,22226,2532.26,543,4957,3618,8582,21397,18258,13017
2012,12,5,386,88186,61692,83266,16107,2532.26,2155,4681,1818,8426,22597,28026,30557
2012,12,6,16693,70367,16508,43087,99274,2532.26,3530,1372,1809,5000,94696,34034,42283
2012,12,7,18017,11593,50344,52987,75879,2532.26,3462,2615,4925,5238,92232,42383,21741
2012,12,8,87063,65741,62065,87510,36301,2532.26,1887,2992,1380,8394,12430,20653,1015
2012,12,9,40677,2314,58378,2486,57314,2532.26,2871,1681,1017,6438,44668,23247,3074
2012,12,10,24955,73131,65863,1232,79637,2532.26,4966,1699,1566,8383,70560,26487,24448
2012,12,11,89398,52449,45832,77130,50843,2532.26,4134,2871,1926,5032,10356,19222,24614
2012,12,12,91937,29581,42274,72955,82795,2532.26,1201,4101,1286,8416,25332,12130,36942
2012,12,13,2864,35300,22760,59403,23683,2532.26,2241,4431,2119,8072,13130,12962,43320
2012,12,14,72686,87047,20834,65965,9558,2532.26,1555,1493,2121,8828,90799,19842,47542
2012,12,15,45770,53354,84018,22194,81770,2532.26,3253,1978,2352,7364,76738,17386,25702
2012,12,16,27036,28980,46818,89156,27052,2532.26,3469,1088,1775,9302,82052,32684,19730
2012,12,17,3196,98609,531,80318,57437,2532.26,1585,4558,4682,9782,58103,42803,41330
2012,12,18,82656,52709,60140,60009,86425,2532.26,2394,3459,1722,9174,18966,18528,36878
2012,12,19,10294,53788,25349,83422,9442,2532.26,1105,2637,2360,6635,92954,46149,23753
2012,12,20,74318,65892,32060,35352,22846,2532.26,4507,1010,2870,9302,65508,45646,40163
2012,12,21,7877,59256,59106,90085,99820,2532.26,4344,1942,4563,8422,19780,24005,44425
2012,12,22,64797,75992,86643,3510,58979,2532.26,1010,3295,1839,8069,84999,34684,45949
2012,12,23,38232,79507,6537,97454,34153,2532.26,3099,2028,2652,8556,32113,47471,22046
2012,12,24,29333,47810,73936,93897,5206,2532.26,4253,1353,1164,7230,89862,35142,33822
2012,12,25,83196,5873,84791,45035,70294,2532.26,1070,4876,4295,5222,22329,49799,19790
2012,12,26,41004,81781,58181,5008,16690,2532.26,2478,2373,4454,6414,56269,19328,6646
2012,12,27,26588,40523,46013,2752,27770,2532.26,4245,1938,4451,5387,72350,44745,2228
2012,12,28,41529,34773,69622,7176,3732,2532.26,1975,1086,1435,5155,66094,23124,8304
2012,12,29,88153,18573,85499,42607,61339,2532.26,3617,2925,4994,7918,14066,42763,8120
2012,12,30,49561,77627,70081,24013,49366,2532.26,942,1798,3555,9470,14421,47286,8783
2012,12,31,79386,37749,58373,85822,19256,2532.26,604,2407,4391,7147,50013,20729,24467
2013,1,1,84983,25008,16614,65965,48388,2750.55,524,1013,1626,5888,91731,18394,25729
2013,1,2,40998,98978,14499,12081,13399,2750.55,2817,1147,1318,7286,70402,10975,11785
2013,1,3,35289,94163,70367,62436,44176,2750.55,4054,1030,1102,5406,11474,30842,41096
2013,1,4,56397,43351,23208,18557,15592,2750.55,4499,2940,3915,8004,85020,43666,14939
2013,1,5,65782,92839,11166,52291,2829,2750.55,3265,3116,2081,9983,16904,10466,47920
2013,1,6,41079,80959,98120,73534,77979,2750.55,4375,1462,1304,7582,69282,19958,25946
2013,1,7,8874,8783,74180,39141,79132,2750.55,4158,4913,4741,5318,13555,37570,25552
2013,1,8,24596,76821,42039,16677,26804,2750.55,4285,4233,1253,7522,74118,34231,25295
2013,1,9,9702,44846,1310,95350,38781,2750.55,2939,2653,1460,6950,86793,24857,20592
2013,1,10,79023,85953,36123,63764,12628,2750.55,2685,2222,2849,6076,53899,36004,49678
2013,1,11,1371,39537,70238,57624,39646,2750.55,3206,4346,1116,9515,61047,44333,10709
2013,1,12,96460,90340,91987,92185,93810,2750.55,3393,4183,2436,9515,69299,10063,45133
2013,1,13,69193,36985,47287,12042,79413,2750.55,3045,1576,3425,9280,54758,13070,17538
2013,1,14,45344,79318,78770,50897,5185,2750.55,950,1643,1507,7146,10180,40317,39817
2013,1,15,98701,93574,45853,96137,13090,2750.55,2552,3633,3488,6190,10675,47900,15152
2013,1,16,3728,25073,28684,93505,9708,2750.55,1575,1402,4111,5344,22299,34295,33443
2013,1,17,41513,33882,2292,88021,53802,2750.55,4689,2502,2396,8806,64990,14766,12472
2013,1,18,5694,87543,50472,90534,90085,2750.55,3433,3811,3922,7117,87316,44982,27499
2013,1,19,66912,10244,16385,46023,11940,2750.55,1669,3451,3916,8960,57823,42718,5036
2013,1,20,61432,18865,11573,181,9407,2750.55,2017,1451,1809,8840,21984,36893,42915
2013,1,21,96339,76770,97058,15262,60239,2750.55,1002,2149,1946,5968,89523,39259,1462
2013,1,22,48016,36194,92711,53284,1506,2750.55,2353,4289,1510,7860,79469,11508,16887
2013,1,23,33193,47839,59312,30002,66680,2750.55,3246,4369,4417,10006,10982,34655,47648
2013,1,24,31029,87578,78158,58349,80558,2750.55,2607,3572,1870,6670,98207,38083,34033
2013,1,25,73557,10562,17373,75659,50839,2750.55,3519,4030,4679,5670,30383,27710,46842
2013,1,26,76831,63631,7081,51248,10286,2750.55,2254,2666,1290,6763,16014,36197,18063
2013,1,27,80797,29975,31122,17374,36645,2750.55,922,1552,1241,5666,18562,14170,29329
2013,1,28,86022,22082,7463,30702,1265,2750.55,3411,3094,2828,7402,45693,44465,37847
2013,1,29,99907,64300,2132,21899,77416,2750.55,4447,3211,4472,5568,91936,17468,18147
2013,1,30,1249,47394,44021,57491,36574,2750.55,922,2595,2368,8384,69648,18632,28935
2013,1,31,42583,44412,13079,60411,42608,2750.55,4876,2513,1558,7007,64411,33189,25124
2013,2,1,5211,7753,22330,60779,99690,1482.32,3378,3434,1422,5868,17398,29104,39798
2013,2,2,33143,38955,96473,21528,24955,1482.32,4109,1446,4534,7046,28325,36009,31457
2013,2,3,62101,87191,91784,85460,67954,1482.32,3317,3163,4077,5646,33941,48766,24974
2013,2,4,5445,28672,12201,5614,80893,1482.32,4717,4034,3866,7541,35561,25173,28561
2013,2,5,28998,16024,10892,89884,56896,1482.32,892,3995,2758,7676,17846,10711,5569
2013,2,6,59002,47772,227,24431,29771,1482.32,3197,1782,4190,7026,57179,10082,1050
2013,2,7,46662,58250,74118,46881,55791,1482.32,2053,4788,2053,9296,91023,15300,26031
2013,2,8,54865,16917,50648,13975,50945,1482.32,1037,1297,4225,5082,50727,48995,5103
2013,2,9,91783,23925,562,87325,42027,1482.32,2407,3687,1990,7876,35567,21780,7742
2013,2,10,80259,23973,72921,38665,23269,1482.32,3964,4484,2212,9234,24810,48156,13945
2013,2,11,76067,65848,90806,11644,23463,1482.32,1991,1596,1809,7552,18921,23835,41533
2013,2,12,35294,82681,28875,67636,36909,1482.32,768,2166,4766,5040,55830,44387,30795
2013,2,13,8985,26148,55224,22549,30760,1482.32,2056,3177,2233,7861,34820,16454,46387
2013,2,14,19395,11812,49997,17556,5717,1482.32,1390,2361,2949,6616,24997,21209,18918
2013,2,15,83763,80766,38377,4882,25806,1482.32,620,1142,1705,6814,90042,33816,10559
2013,2,16,17230,77100,6994,95816,54961,1482.32,4215,4354,1329,8432,16532,16804,8167
2013,2,17,49482,66004,65760,17431,52621,1482.32,4992,1382,2873,6746,57615,30030,40757
2013,2,18,20279,23236,97525,56985,60432,1482.32,2152,2660,4666,8118,89827,19626,37568
2013,2,19,38665,20395,10334,41346,84607,1482.32,4743,4087,1910,7446,67869,14310,34947
2013,2,20,22611,22862,6305,26836,32582,1482.32,1865,2860,3507,8790,26196,13938,30273
2013,2,21,41958,83349,57952,22976,63847,1482.32,3953,3862,4525,5638,76560,19131,47779
2013,2,22,20586,42656,19571,21536,74510,1482.32,1457,3471,3005,8236,40306,41938,3792
2013,2,23,94386,97172,44799,97894,67914,1482.32,1831,4870,1400,9782,49197,14438,37347
2013,2,24,83914,8152,86109,68439,93790,1482.32,3921,4374,1675,9843,52261,46184,12669
2013,2,25,93635,43719,9656,36640,57833,1482.32,3578,2217,3484,9728,50110,31398,49962
2013,2,26,77076,28295,57621,64123,64429,1482.32,1367,4693,4969,7475,49483,25110,6819
2013,2,27,96496,3405,55838,18171,9600,1482.32,706,3234,3169,5926,56225,26001,8099
2013,2,28,6675,84804,94571,70160,90885,1482.32,1557,4311,4327,9177,64785,20107,11034
2013,3,1,96153,34802,97317,29981,637,2128.87,1475,1602,4616,8054,29992,19066,38780
2013,3,2,91705,33227,3588,32067,5805,2128.87,3740,1224,1032,5251,97843,12422,29589
2013,3,3,26809,82155,7224,2339,46940,2128.87,4685,4444,3483,8038,89424,45472,43683
2013,3,4,37134,15900,65866,48102,76898,2128.87,3519,4954,1788,7107,17020,17592,12210
2013,3,5,33048,72113,58200,73559,97365,2128.87,1454,1058,1812,8677,42862,17841,22396
2013,3,6,92361,27549,77286,37196,25903,2128.87,4019,3035,3960,9778,27488,42210,33062
2013,3,7,77095,11008,77165,38883,98115,2128.87,1474,1162,4000,8270,21072,12716,10537
2013,3,8,69773,12528,53242,40675,11205,2128.87,4867,4916,1355,8504,73464,48609,12456
2013,3,9,51566,72484,77997,66878,53721,2128.87,888,1638,1492,8955,86048,14606,5485
2013,3,10,79492,8875,62121,94845,6252,2128.87,2560,2376,1450,7153,33050,23276,33194
2013,3,11,5962,7918,59546,62317,76422,2128.87,2278,4338,1998,6534,11215,18434,33010
2013,3,12,77112,86656,6379,9956,55611,2128.87,913,1454,4004,6078,46298,13226,8779
2013,3,13,2580,70211,48985,98300,47365,2128.87,2927,3325,1303,7472,31993,49076,48387
2013,3,14,46834,9272,43415,52327,80899,2128.87,2890,4361,3988,5038,84316,45951,20982
2013,3,15,59400,41582,97406,9757,60968,2128.87,1364,3546,1617,6830,78197,43981,10056
2013,3,16,30087,16126,63659,52742,29950,2128.87,1817,1783,1275,6362,45461,18525,45653
2013,3,17,98917,73352,9239,72906,23973,2128.87,3856,4724,1488,5236,25832,12455,9907
2013,3,18,9021,8549,76003,55638,40249,2128.87,971,1686,1676,9629,39427,32978,20552
2013,3,19,25282,7597,9762,62910,35532,2128.87,2786,4447,4925,7025,14714,18898,5223
2013,3,20,16932,26209,84975,84772,58822,2128.87,2227,4193,1422,9581,39831,25954,10807
2013,3,21,60133,5803,62641,63162,35432,2128.87,1139,2065,1015,9038,56326,11546,18420
2013,3,22,77475,54113,95994,38752,77490,2128.87,4001,1556,1822,8975,95544,21080,19699
2013,3,23,36134,9124,5274,71840,15057,2128.87,4145,1541,2258,6284,71054,19042,11457
2013,3,24,61557,67194,12460,3924,5798,2128.87,1821,3271,4249,8344,38374,33091,18786
2013,3,25,13866,62377,43865,76124,71352,2128.87,3555,3837,1236,5181,12028,46292,5761
2013,3,26,96638,76175,4186,80249,35664,2128.87,642,2220,3784,8101,17495,14581,25240
2013,3,27,13239,15670,64205,68840,9837,2128.87,1930,2006,4955,8614,16176,10662,2580
2013,3,28,34260,29733,92848,15496,64914,2128.87,3139,2902,2402,9330,58150,33065,4877
2013,3,29,7565,90145,46638,82702,34598,2128.87,2282,2835,1154,5978,33027,11990,14134
2013,3,30,30419,51310,62396,95374,13457,2128.87,4383,2715,4655,7231,79562,11850,28572
2013,3,31,62108,7702,176,59510,40027,2128.87,3926,3943,4822,5564,62996,49419,24678
2013,4,1,10279,63608,32204,38118,96635,2403.6,3535,2943,1940,8630,77751,11863,4546
2013,4,2,60997,41819,52872,18228,21381,2403.6,1686,4082,1302,5104,85460,49996,25144
2013,4,3,81474,65756,31171,37038,45104,2403.6,4438,1558,1106,6594,19712,14374,30590
2013,4,4,92539,94740,71479,25831,91352,2403.6,4046,2347,2400,6917,70574,45132,15582
2013,4,5,82061,67261,90567,73732,39808,2403.6,702,2633,4486,5026,74670,19590,42380
2013,4,6,18191,80462,91325,28740,18455,2403.6,2273,1996,2266,7222,53175,14502,1176
2013,4,7,5686,7222,55966,29438,14139,2403.6,4569,2551,1286,5136,10566,16312,42893
2013,4,8,57516,42714,3946,48354,30315,2403.6,2943,3504,1780,9267,93595,10235,44968
2013,4,9,60444,45870,37581,72710,2325,2403.6,2679,3009,2977,8645,37446,12115,40756
2013,4,10,91538,12017,41019,18042,93505,2403.6,705,2371,2717,8086,15724,33031,43653
2013,4,11,32323,83669,97889,24103,59288,2403.6,4337,1082,1046,7698,25144,22381,7836
2013,4,12,79026,17824,80391,77003,66469,2403.6,948,4357,2557,6488,17512,12132,34190
2013,4,13,6493,9457,39785,9211,46812,2403.6,3593,4133,1066,6481,19587,14816,5509
2013,4,14,64318,53926,67251,50726,42195,2403.6,3106,1219,1814,7004,14573,43038,42395
2013,4,15,54039,20044,83749,16596,82884,2403.6,2656,4375,3307,8792,14937,15118,42500
2013,4,16,653,73532,44252,56182,46365,2403.6,2349,2033,1902,9208,77759,42662,30192
2013,4,17,63347,866,30235,73565,20715,2403.6,2954,4752,1202,6702,91347,14085,11160
2013,4,18,59202,80356,69814,77510,9148,2403.6,3979,1152,3281,9583,82333,18614,34751
2013,4,19,99775,86035,48032,50243,56986,2403.6,4256,1354,3008,9490,10247,30074,25791
2013,4,20,50651,93203,54828,48205,59905,2403.6,2290,1862,4234,8442,29319,34733,12527
2013,4,21,83206,88299,10886,41488,7882,2403.6,2485,2655,1218,8406,57897,18942,9571
2013,4,22,52660,17155,5626,12020,22997,2403.6,2093,4998,1738,6554,38203,13534,15874
2013,4,23,25800,66846,53494,1386,65301,2403.6,1118,3505,1111,6722,12698,28992,32813
2013,4,24,22927,85182,3001,34884,12051,2403.6,3825,4709,4403,5802,93080,17400,10898
2013,4,25,41676,85174,23751,83455,48447,2403.6,582,4245,1270,8631,91982,26802,28306
2013,4,26,37797,78101,75309,8908,7809,2403.6,4251,1480,3186,7251,65618,45236,48005
2013,4,27,84502,85796,76298,78905,11598,2403.6,2656,4625,1814,5528,53079,19348,19378
2013,4,28,31065,54570,9946,76216,9554,2403.6,4369,2349,1380,8302,72608,16782,1928
2013,4,29,9035,76860,51276,8573,464,2403.6,670,1316,4040,6457,96572,46990,16894
2013,4,30,82187,9230,32968,53089,78341,2403.6,3789,4404,1968,8734,15838,32873,2399
2013,5,1,21342,30223,13395,32371,2831,1387.03,2756,1041,3858,6328,12856,16894,17583
2013,5,2,86489,14173,37497,99298,10746,1387.03,1483,1326,3805,7462,14666,36203,1688
2013,5,3,39714,24071,9524,38448,42395,1387.03,932,3735,2618,5207,12457,41800,42397
2013,5,4,2791,70215,54195,88001,36543,1387.03,1455,4383,1223,7912,38680,41968,17051
2013,5,5,44790,36517,44647,94947,87441,1387.03,1150,3505,4734,5454,98304,42128,9313
2013,5,6,33071,70119,22216,72041,55326,1387.03,802,4467,4887,8784,62467,15572,34674
2013,5,7,67790,85276,97165,65365,45579,1387.03,3684,1720,3713,8330,13398,42505,35846
2013,5,8,77643,49169,36011,93730,89843,1387.03,2209,4264,1578,8860,27656,42462,1344
2013,5,9,25451,74202,66930,30338,74941,1387.03,4470,2730,1024,6570,16198,26602,45750
2013,5,10,53833,81780,83323,58898,110,1387.03,1402,4104,4157,7412,16770,40351,34990
2013,5,11,54431,56395,95968,75216,47172,1387.03,2677,2621,4177,7734,11862,39118,39977
2013,5,12,96708,23782,31849,27732,41769,1387.03,686,1210,3073,8026,54497,18170,6295
2013,5,13,5350,22252,64992,55860,9664,1387.03,2562,1810,1922,8530,55660,39094,19177
2013,5,14,48507,39690,61716,79036,90649,1387.03,3153,3707,4807,6353,31439,46575,14675
2013,5,15,72649,68478,58528,27074,72486,1387.03,2960,4187,1627,5912,50046,27642,13025
2013,5,16,48480,62609,58088,90403,87491,1387.03,4496,2348,4789,9758,31384,26789,30101
2013,5,17,22238,99538,80498,27045,32244,1387.03,3619,1243,1765,8614,48316,35602,28289
2013,5,18,61523,62630,79790,13150,25581,1387.03,791,4060,3796,8879,80814,12638,46188
2013,5,19,95332,60311,64988,65121,1522,1387.03,3262,1926,2260,8759,67155,44503,46372
2013,5,20,83400,57128,65747,96517,5626,1387.03,2118,2148,3044,8260,96649,34976,30416
2013,5,21,24448,3794,25389,49596,69025,1387.03,2234,4355,1512,7221,45827,34386,6203
2013,5,22,39945,4090,40850,52205,59201,1387.03,3060,2599,1483,5158,39115,37109,8005
2013,5,23,25574,37587,70610,34970,15847,1387.03,1298,1645,2403,6774,12492,22779,33611
2013,5,24,17890,84828,37135,754,28401,1387.03,1491,3344,3403,9390,36900,12604,32963
2013,5,25,66698,49961,21556,48181,45120,1387.03,1641,2044,4609,9030,38366,46807,27024
2013,5,26,5862,24665,3453,9617,36351,1387.03,2396,1192,1754,9530,87697,39272,26046
2013,5,27,18845,89189,7617,22249,47882,1387.03,1204,4578,1668,5528,79110,22300,44518
2013,5,28,99783,30753,75698,30744,53003,1387.03,2550,1790,3727,7355,84832,41429,14064
2013,5,29,23401,67229,78374,34274,3111,1387.03,4897,1955,1610,7514,44203,19491,16071
2013,5,30,58384,61760,50422,85565,84519,1387.03,2865,4301,1166,7134,31396,29638,29533
2013,5,31,63978,25300,4855,19057,22655,1387.03,1837,2406,1914,5210,13031,10024,39687
2013,6,1,2930,98332,75596,16796,58887,2921.07,1530,1300,1860,7094,10338,15498,11439
2013,6,2,51312,5818,68029,84874,37214,2921.07,838,2512,3872,8526,12214,17126,47667
2013,6,3,27449,63926,81825,32659,76957,2921.07,1643,4885,1532,8982,13032,15419,8202
2013,6,4,23677,4563,52417,1889,81658,2921.07,4632,2968,4749,7660,34194,33315,7581
2013,6,5,91680,15749,95828,10552,8,2921.07,934,2455,2623,7286,76465,20931,13699
2013,6,6,75488,13109,67170,48373,41699,2921.07,3791,1530,4764,6207,83615,32773,30202
2013,6,7,90141,93249,15742,69890,87261,2921.07,3204,3939,2036,5384,11696,48395,16288
2013,6,8,29083,57658,42203,23058,74944,2921.07,690,1783,3128,7509,15155,12366,35020
2013,6,9,57712,95299,87906,58828,27858,2921.07,1600,2997,4769,7396,16986,16302,21522
2013,6,10,39982,23796,47322,38370,55532,2921.07,1764,1940,2173,5318,24022,18468,19517
2013,6,11,30338,34364,85252,94818,28225,2921.07,996,1880,2056,8901,61114,12542,16759
2013,6,12,76775,2715,90616,41544,76409,2921.07,4925,2741,1526,7206,71110,40533,11207
2013,6,13,43115,24227,91500,86640,19545,2921.07,1459,4881,2588,6136,44699,10813,31874
2013,6,14,39822,62048,13101,68231,67301,2921.07,4496,4075,3281,5882,85618,19689,24216
2013,6,15,42671,11896,18783,77673,85494,2921.07,4557,4959,1910,9662,31598,16366,6245
2013,6,16,40635,69411,16249,39575,92474,2921.07,784,2294,1406,9840,16876,22998,27300
2013,6,17,70408,57725,67074,63689,89189,2921.07,4730,1858,1888,8512,25882,16433,19045
2013,6,18,74758,26792,27745,21580,35553,2921.07,2946,1186,1830,8886,15760,37578,25696
2013,6,19,14198,82501,69873,69896,78693,2921.07,2893,4099,1660,9967,12787,16365,3102
2013,6,20,29012,62518,14576,9951,47383,2921.07,2735,2139,3601,7830,60070,19153,40458
2013,6,21,96176,48017,11692,41281,84915,2921.07,870,4111,2655,5766,69006,21347,43804
2013,6,22,84536,61901,70447,45362,21868,2921.07,3078,2230,3455,5318,93532,25837,49587
2013,6,23,83112,2621,64329,83065,23101,2921.07,3569,1264,3767,8630,93259,23682,24400
2013,6,24,74065,88470,72794,33072,86256,2921.07,4419,1592,1974,9806,32504,16552,41801
2013,6,25,57156,60583,25502,35612,3237,2921.07,2800,2700,1653,8546,85764,11105,19034
2013,6,26,82881,4335,13085,71648,50947,2921.07,1681,1362,2516,8960,74434,13772,22696
2013,6,27,92628,45206,84564,12680,86423,2921.07,950,4930,4001,5616,95541,47238,33420
2013,6,28,48189,73342,16291,69843,31823,2921.07,2299,4702,2740,6736,86350,23687,2055
2013,6,29,99432,48032,15050,43301,98859,2921.07,2072,1485,1040,7987,20516,15290,5836
2013,6,30,91407,7819,13746,85408,20622,2921.07,3997,3810,3979,5287,55004,30802,9287
2013,7,1,18656,45505,56435,95392,48207,2174.13,1175,2590,2875,8960,27800,18422,46474
2013,7,2,27900,19287,51104,85887,56155,2174.13,2292,1330,1590,9051,15286,10653,21271
2013,7,3,78050,86109,75985,9689,57465,2174.13,3382,1120,3643,6169,87863,33201,6787
2013,7,4,78995,15391,45792,56870,69866,2174.13,3284,2764,4230,8784,12278,31736,23593
2013,7,5,45658,77295,62062,97025,56347,2174.13,2677,1504,1902,7332,60435,22933,13009
2013,7,6,56801,20171,15406,25444,36340,2174.13,3644,1362,3659,6374,88555,19534,3269
2013,7,7,94381,61840,18994,19963,2579,2174.13,1698,3235,1290,7798,61611,18988,18996
2013,7,8,43121,19289,19736,24941,69302,2174.13,2873,1101,1692,9630,67896,12154,46523
2013,7,9,82900,26542,84718,17911,63682,2174.13,2786,4413,1463,7146,94375,20393,39625
2013,7,10,60776,12426,34981,73418,92538,2174.13,3757,2009,1768,9698,76950,35180,46592
2013,7,11,91367,41176,27635,8060,20807,2174.13,2442,1062,3423,8511,37967,16902,45531
2013,7,12,68136,77106,76518,35951,35238,2174.13,1343,1012,4670,5322,85781,42207,20893
2013,7,13,37915,44539,60570,70146,39383,2174.13,1678,2100,1782,9312,71511,32204,37520
2013,7,14,94843,48955,52262,33267,43818,2174.13,1722,1953,3686,8240,64255,18923,6581
2013,7,15,15485,86952,31288,15155,28275,2174.13,3714,2541,2958,8576,69038,33692,33421
2013,7,16,38155,40717,80793,33201,56381,2174.13,1757,1223,2610,8046,13606,27779,2305
2013,7,17,56952,52564,6085,40638,97156,2174.13,912,2640,2291,7112,27794,15406,20341
2013,7,18,56972,67861,811,34930,52144,2174.13,4973,1218,1140,8498,39850,16946,19850
2013,7,19,50774,37960,34522,68384,88330,2174.13,2515,1150,1268,8599,18222,17785,1715
2013,7,20,38940,78182,46778,12583,1733,2174.13,4500,3703,3784,6678,19978,27279,40924
2013,7,21,1512,11310,33930,28430,93428,2174.13,1727,4200,3090,5210,28936,16419,40132
2013,7,22,14315,91452,61701,51296,60051,2174.13,874,1398,3503,8866,27924,26587,30322
2013,7,23,39486,58777,51644,98270,90440,2174.13,548,3302,4289,5829,36731,49068,27980
2013,7,24,65961,48459,59621,94051,11059,2174.13,1822,1724,2711,8522,93020,39114,4909
2013,7,25,85196,94805,4457,43699,27015,2174.13,1638,1499,3861,8281,81120,14300,48733
2013,7,26,82613,23021,38955,88254,98851,2174.13,2321,1162,1002,6598,75213,12510,25687
2013,7,27,68203,2036,9632,97267,6910,2174.13,1380,2104,3808,7188,52155,40822,19004
2013,7,28,55921,5146,23674,79782,9779,2174.13,876,2390,1044,9388,80644,18744,21146
2013,7,29,41427,84318,56883,81923,63964,2174.13,4829,2166,1958,5813,29432,23743,32096
2013,7,30,94817,32165,82200,8625,39353,2174.13,798,1118,4499,5823,91406,49277,34355
2013,7,31,26969,18192,58021,87487,83932,2174.13,3205,1709,4333,6198,23632,13218,5017
2013,8,1,89814,51816,35369,65627,97600,2210.77,896,4763,1311,5419,85467,42017,9112
2013,8,2,51219,97092,97870,57042,88498,2210.77,734,3041,1518,7848,23324,26534,13499
2013,8,3,67406,65035,32221,3846,5019,2210.77,2379,4831,1462,8210,76810,33987,1870
2013,8,4,33212,53606,80103,24523,39025,2210.77,2892,2006,2660,6158,63636,17510,15570
2013,8,5,44260,63999,90552,65779,68199,2210.77,3664,1216,1074,7236,55800,18486,13876
2013,8,6,59106,44533,95112,95494,68633,2210.77,4480,1843,1062,9582,42718,30902,21922
2013,8,7,75152,25611,71146,37813,6372,2210.77,654,1982,3779,8930,32760,33329,34782
2013,8,8,42453,7778,18933,37715,15014,2210.77,2993,1914,1244,9456,85964,17026,24734
2013,8,9,37730,15446,22445,79608,25028,2210.77,510,1502,2124,8007,54343,13495,15163
2013,8,10,99141,76018,96831,14272,4595,2210.77,2600,2046,3719,6532,17942,18733,29591
2013,8,11,7618,55459,59205,59587,21267,2210.77,3835,3996,1965,6280,54955,16014,45169
2013,8,12,51443,31818,18525,74920,79825,2210.77,4766,3964,1958,6414,93235,19830,39220
2013,8,13,31188,7188,33229,1259,23721,2210.77,4991,2689,1151,5547,14562,27417,1398
2013,8,14,7069,87464,2766,84034,73744,2210.77,2378,1538,1790,7286,16457,35715,24074
2013,8,15,10122,21224,81032,91710,22821,2210.77,1539,1466,2806,9030,71617,37878,40620
2013,8,16,61814,57962,1921,84317,19861,2210.77,1733,1928,3011,6878,27314,12458,25549
2013,8,17,4925,29693,60998,27167,66948,2210.77,2881,3420,1381,8790,85130,20553,43807
2013,8,18,885,63022,40913,98691,90494,2210.77,2921,2306,3195,9692,36622,23055,28883
2013,8,19,80390,64709,49985,93401,11912,2210.77,2859,3187,3342,7722,60353,13292,43651
2013,8,20,67663,89588,63,99045,99853,2210.77,4597,2088,1844,6862,32130,21411,1545
2013,8,21,72097,85052,40070,75292,39893,2210.77,4698,1633,2752,8342,46386,36015,43045
2013,8,22,74685,59246,19203,14380,33103,2210.77,1020,2116,2006,8726,32512,13654,45908
2013,8,23,38979,18463,35139,19897,61677,2210.77,2659,3772,2320,7728,25415,17140,17270
2013,8,24,40773,56466,45199,14877,37501,2210.77,891,2184,2182,6445,42915,18806,41585
2013,8,25,32354,63937,33753,34200,1371,2210.77,898,1426,1079,8358,76597,12755,32618
2013,8,26,54658,84257,12880,23331,48337,2210.77,1895,4109,4759,6900,15970,48611,38295
2013,8,27,1383,21230,77149,68565,57675,2210.77,830,1174,3999,8952,40579,35370,20064
2013,8,28,1570,76478,42072,19001,63866,2210.77,3107,4875,4276,7958,58205,33964,35021
2013,8,29,49281,6453,73074,60393,99898,2210.77,4003,1279,1994,6151,69843,38666,43412
2013,8,30,22568,55044,95047,6567,90349,2210.77,3288,3269,3454,6711,43622,17352,35626
2013,8,31,1732,41730,43547,37360,52717,2210.77,1324,3348,3203,6062,78740,24453,1752
2013,9,1,4097,25733,51505,6600,11929,1367.8,518,3323,1569,8370,90023,14214,40172
2013,9,2,76726,98294,32001,43438,41916,1367.8,1520,3644,4218,5232,52712,18638,40672
2013,9,3,36557,71062,10526,63658,66154,1367.8,4170,1601,2062,8134,19116,10694,1331
2013,9,4,92198,55072,88667,60119,7157,1367.8,3664,1942,3334,8094,60023,12878,45042
2013,9,5,52689,21544,51599,53259,36776,1367.8,579,4683,1723,9854,69693,15764,4311
2013,9,6,33787,70216,44479,27202,22242,1367.8,3895,1592,1850,7836,90909,48963,20384
2013,9,7,48956,70927,49198,58642,82943,1367.8,1002,1270,2116,8193,10490,16182,9221
2013,9,8,98856,60821,6280,90580,59629,1367.8,4808,3415,2539,9286,36968,34780,25973
2013,9,9,79671,85864,15572,21478,39778,1367.8,890,3732,2407,9638,47373,26701,6482
2013,9,10,45211,73969,12333,8679,52162,1367.8,558,2369,4744,6242,57948,17522,17573
2013,9,11,23878,22757,64141,86417,48395,1367.8,1196,4416,3323,6250,65893,43100,17461
2013,9,12,9602,36335,48185,3361,72325,1367.8,558,3886,1766,8745,58917,17598,45559
2013,9,13,42671,84192,21762,53767,32097,1367.8,4491,1956,3817,8631,58741,17211,29710
2013,9,14,6092,46290,11629,25768,49410,1367.8,906,1478,1559,6818,95074,35235,43874
2013,9,15,45315,91489,85475,31193,16586,1367.8,584,4255,4934,7404,29374,27030,44392
2013,9,16,3407,53866,49356,22224,58850,1367.8,787,1292,1484,7544,14128,36499,24449
2013,9,17,27641,92280,28214,90553,42036,1367.8,787,2349,1128,5074,34893,47713,23289
2013,9,18,72005,20479,23322,16939,44176,1367.8,3968,3934,2912,6656,10066,31761,2696
2013,9,19,84124,8297,63055,54862,42064,1367.8,2712,1056,3744,5925,76608,20779,36466
2013,9,20,59214,2396,24481,90342,30010,1367.8,4407,2013,1204,7728,35304,13472,9375
2013,9,21,46776,29273,20666,69688,88949,1367.8,1449,3071,2823,6910,44284,12488,39528
2013,9,22,17321,51997,92296,12418,87923,1367.8,4548,3487,4002,8068,70181,34011,35256
2013,9,23,49756,24589,52378,45960,2317,1367.8,2690,1802,3305,9708,35130,38605,4034
2013,9,24,79236,86580,28030,43411,33787,1367.8,1001,1107,1334,8296,79876,44936,38666
2013,9,25,59904,45777,8424,63907,36158,1367.8,4269,1834,4544,6646,48223,38212,44957
2013,9,26,87032,67267,3656,20338,6975,1367.8,598,2561,1717,9675,62323,25504,38787
2013,9,27,8342,28326,42964,49004,2974,1367.8,592,2877,4967,5066,26783,21125,39192
2013,9,28,30024,41053,7038,49568,24052,1367.8,4132,1082,3879,8288,47771,12205,5262
2013,9,29,62926,39419,64767,20996,59094,1367.8,2851,2434,3118,8694,32789,41092,43442
2013,9,30,11358,43081,70322,96325,78148,1367.8,3801,3170,4508,6782,74089,44911,47105
2013,10,1,94574,22347,51332,18714,86470,1607.68,2990,1784,4654,8985,10734,17818,13537
2013,10,2,48189,85120,42567,20355,17910,1607.68,1711,2341,3979,8786,71840,17435,33659
2013,10,3,78190,96363,88296,35381,86805,1607.68,4184,1377,1905,7498,16442,16758,33208
2013,10,4,61756,14434,50615,72762,49771,1607.68,2209,2959,2066,9775,18313,21327,1948
2013,10,5,19786,66378,65022,40117,10766,1607.68,3903,1254,4576,8822,40687,36380,36862
2013,10,6,61758,4872,34110,15,36740,1607.68,3389,3494,1337,5355,71256,31107,1116
2013,10,7,27303,14818,29067,80721,945,1607.68,3400,1468,1461,9773,77197,14462,13733
2013,10,8,2987,67453,62533,52563,46003,1607.68,598,2760,4443,9404,24126,27534,19572
2013,10,9,6309,48868,92381,87646,24223,1607.68,3752,2876,4805,8352,64949,45749,29989
2013,10,10,44256,33350,32831,90717,99475,1607.68,4294,2460,3831,6366,71375,39834,26380
2013,10,11,62751,76670,63947,87194,32426,1607.68,1079,1510,1940,6928,42730,11162,38073
2013,10,12,53449,77836,45392,48254,58359,1607.68,4003,2613,1622,6380,19372,19040,10341
2013,10,13,19566,73976,61976,13397,17154,1607.68,3230,4903,1372,7176,83448,25149,49703
2013,10,14,21602,64528,30236,58542,37988,1607.68,1055,1435,2152,5814,56040,41862,39318
2013,10,15,91787,16396,60828,51828,9582,1607.68,2694,4146,1680,6022,58894,27989,20509
2013,10,16,55725,28478,74245,98449,45654,1607.68,3598,3606,3572,6230,58499,42911,24046
2013,10,17,9503,94556,699,93008,92354,1607.68,1221,4140,4486,8226,52319,49067,6740
2013,10,18,82558,96367,44566,43394,2389,1607.68,2734,3112,1937,8330,72913,43942,3461
2013,10,19,2376,46512,93902,40949,83049,1607.68,874,3902,1955,7350,18261,39309,2401
2013,10,20,7650,69484,39802,97136,97885,1607.68,2555,1794,4838,6954,40186,23578,8473
2013,10,21,76933,94273,81692,25222,22604,1607.68,516,1330,2467,9417,82278,16867,4605
2013,10,22,81818,32491,25770,45126,99753,1607.68,786,3753,4866,6939,37240,27750,10384
2013,10,23,81764,49796,24544,86603,23269,1607.68,750,1552,1706,8223,58126,30661,31083
2013,10,24,79180,9995,71993,12999,55764,1607.68,4865,3932,3112,7978,99057,19216,20623
2013,10,25,32371,16196,42970,78589,89487,1607.68,2690,1250,1910,7180,74204,19625,30211
2013,10,26,44668,84385,2531,52727,8961,1607.68,3387,4491,2002,6954,17490,42765,10657
2013,10,27,42355,63708,96698,61819,35695,1607.68,1035,3064,4654,8018,63004,34141,12108
2013,10,28,4215,85695,5392,50573,49281,1607.68,1549,1226,1354,9079,63025,11296,29596
2013,10,29,16088,62766,10136,3090,34497,1607.68,2206,1850,1332,8904,38669,43379,27626
2013,10,30,87364,36057,27796,32018,60061,1607.68,1158,1264,1494,6226,31199,25774,40801
2013,10,31,67497,67749,52427,47829,23181,1607.68,3471,4267,4568,9958,58709,45417,15452
2013,11,1,20916,38620,31621,79820,77289,1596,3534,4696,2794,5552,89757,43594,25000
2013,11,2,98063,70385,86442,69613,17936,1596,3460,2035,1996,7640,25215,12797,28568
2013,11,3,87465,64484,23718,67423,23193,1596,1358,1866,2754,5966,56631,11222,19135
2013,11,4,14330,40166,31092,33476,55718,1596,2070,3780,2584,9863,39744,41871,37201
2013,11,5,58431,9557,43907,55777,27198,1596,3573,4661,4957,9190,98435,39501,19123
2013,11,6,77778,89794,49961,85532,29124,1596,1925,3452,3109,8746,76928,18826,6592
2013,11,7,71569,20351,88959,95505,66566,1596,2375,1347,4611,7634,97123,31808,45055
2013,11,8,83109,82049,12822,33066,74340,1596,3918,3468,2402,5230,53999,46525,11257
2013,11,9,28175,57277,6331,91284,91646,1596,1461,4565,1312,5420,75070,11538,49611
2013,11,10,60475,28798,44225,15086,42784,1596,3245,1792,3396,6066,75308,14087,41349
2013,11,11,53676,30579,82556,71078,35810,1596,2602,3983,1535,9398,55266,18180,2907
2013,11,12,39895,81728,14098,76207,13500,1596,880,1334,4317,9660,21763,27100,5520
2013,11,13,97361,35010,19345,37109,77428,1596,1196,1102,1918,7222,17502,27392,44653
2013,11,14,19363,36135,41376,45898,76419,1596,868,1313,1072,9062,17752,40924,12994
2013,11,15,47,4308,31251,50716,60320,1596,4167,2679,3022,7032,94787,15450,3014
2013,11,16,74517,62336,12905,16100,28792,1596,3491,3153,1218,9742,10402,43988,15085
2013,11,17,64212,90832,76654,91636,1710,1596,2559,3107,1184,7628,85174,16503,35526
2013,11,18,16824,29343,40535,21198,9206,1596,2999,3721,4009,5904,99820,42800,35322
2013,11,19,47341,93312,7306,14911,44530,1596,3898,1622,4890,5552,16728,42951,17708
2013,11,20,37430,49288,77412,43614,29450,1596,1468,2624,3279,7002,11702,17485,12586
2013,11,21,18676,3174,17559,32685,35430,1596,978,4121,3394,9141,14031,37924,33732
2013,11,22,16849,89282,13017,58091,24834,1596,1042,3614,1736,8453,38579,41185,46097
2013,11,23,57391,65048,3810,65671,48402,1596,3155,2077,4859,7065,99761,25288,20335
2013,11,24,50797,91599,90762,94192,7092,1596,3467,1198,1734,7835,98382,12958,21145
2013,11,25,73933,15777,30227,85669,10582,1596,3205,2972,1710,6742,49994,48606,18806
2013,11,26,83701,49502,82036,23561,66567,1596,830,2363,4747,5962,27906,13190,48150
2013,11,27,43459,26374,53483,53885,54209,1596,1848,4492,3993,8426,30160,10927,1866
2013,11,28,53584,89718,95252,3789,53084,1596,3747,1784,4746,6326,76696,27664,45246
2013,11,29,98932,91897,11380,5031,14211,1596,3221,4021,1326,8055,27905,36219,39286
2013,11,30,56273,66106,80712,40267,34532,1596,1193,4467,1941,5602,24607,20025,27225
2013,12,1,59707,23162,19140,60490,99858,2077.35,772,3105,3183,7155,38668,47468,46804
2013,12,2,31729,12690,29480,19784,56947,2077.35,1056,3052,2761,5358,73935,12684,32051
2013,12,3,220,94755,23280,63016,19363,2077.35,2408,4068,2817,6547,55909,49026,9657
2013,12,4,19703,48035,57132,27886,61542,2077.35,1706,3269,4840,7537,29404,31787,45800
2013,12,5,19588,21813,21192,98701,54487,2077.35,758,1057,4881,9348,34072,25595,45127
2013,12,6,54326,21481,4664,3495,44380,2077.35,2520,4082,4959,6003,91967,36500,26926
2013,12,7,38156,26,96122,62996,37563,2077.35,4782,3501,3690,5973,88554,34528,41878
2013,12,8,77453,93593,5587,83686,38262,2077.35,4280,3938,2491,9750,12432,38222,6011
2013,12,9,23573,64953,2305,64884,90956,2077.35,1383,1878,1308,7722,16926,14564,10625
2013,12,10,5735,69593,54418,85777,35567,2077.35,618,4370,2915,5890,13055,15066,42972
2013,12,11,98254,38688,16467,75745,85335,2077.35,3966,3907,1686,5256,73790,17510,28899
2013,12,12,43248,41527,62973,70249,21735,2077.35,1164,3820,1023,5582,29596,42941,21431
2013,12,13,64906,66254,22312,17822,92144,2077.35,708,1748,1757,8168,82492,42091,1719
2013,12,14,87067,12812,17351,13622,61787,2077.35,1131,1366,4019,8216,91633,37105,7494
2013,12,15,65535,42799,30927,22910,48381,2077.35,850,4637,1775,9036,47458,35271,10523
2013,12,16,6232,89161,42020,29341,47329,2077.35,1431,1502,1174,5134,64367,31813,40865
2013,12,17,62628,95499,53199,11647,89603,2077.35,3751,1488,3981,6029,94397,18713,44832
2013,12,18,6553,26600,98352,49680,97465,2077.35,4950,1814,1321,6654,49387,48649,45810
2013,12,19,539,70819,49397,70566,42305,2077.35,3730,4931,1238,7742,16577,15216,13764
2013,12,20,33112,31682,3057,37094,77711,2077.35,806,1238,1756,8294,50294,16910,13806
2013,12,21,82672,51597,74268,33993,11271,2077.35,3994,1808,1658,8390,82373,12546,23655
2013,12,22,28506,17456,58061,54120,5736,2077.35,687,3847,4023,5095,92292,16733,40991
2013,12,23,18901,14451,33701,75657,34961,2077.35,4876,2631,1942,8296,67975,13213,1418
2013,12,24,44150,16970,91374,54975,31712,2077.35,3103,1569,2554,5040,47040,13290,23748
2013,12,25,73506,49081,52138,12529,54176,2077.35,614,3076,1583,9314,65084,42895,10782
2013,12,26,79661,94962,76879,47955,15457,2077.35,2519,1926,3175,8893,30932,19784,44855
2013,12,27,8993,55388,86457,16547,37903,2077.35,4836,2760,3928,8325,40288,12446,49849
2013,12,28,59107,2255,42533,50691,81569,2077.35,3585,2580,3929,7574,41887,11958,7617
2013,12,29,31671,69407,26697,9846,88300,2077.35,1084,2291,4367,8892,13838,33621,23981
2013,12,30,88742,43675,11382,87670,42001,2077.35,2125,2458,1134,9657,84500,14830,1671
2013,12,31,23627,94439,45778,58908,81255,2077.35,4645,4276,2071,5396,39121,11722,37665
2014,1,1,75207,59015,72393,14099,89205,1721.16,2839,2878,3747,6861,91230,35417,6015
2014,1,2,80339,25042,22047,79997,25894,1721.16,4974,1354,1020,8881,17937,23685,23892
2014,1,3,4880,47214,97109,57573,86336,1721.16,598,2893,4196,5990,91991,23400,8831
2014,1,4,45357,11184,72632,29105,34397,1721.16,873,4734,1046,5848,11082,31148,13862
2014,1,5,93163,31057,51480,29184,26291,1721.16,4220,1169,2982,5370,10196,19317,35770
2014,1,6,57863,5692,13563,92060,95035,1721.16,928,1742,4441,8894,17654,33837,21907
2014,1,7,68305,83073,14924,89911,2344,1721.16,1058,1022,3414,8890,41041,16056,26007
2014,1,8,74660,26614,47226,7642,25646,1721.16,3311,3507,1438,6460,91918,16870,18672
2014,1,9,95132,7379,58844,44573,28173,1721.16,4761,1476,1890,9685,10986,12809,11042
2014,1,10,2044,23798,74668,91810,12688,1721.16,2866,3698,1110,5802,27692,10870,32061
2014,1,11,40115,71004,84178,30830,44229,1721.16,2929,1434,4826,8124,18806,27998,26097
2014,1,12,85519,45047,40828,45984,4732,1721.16,606,3126,3715,6163,14935,12755,43567
2014,1,13,48224,22802,32806,39601,94246,1721.16,550,4359,2852,6470,81540,16876,10498
2014,1,14,33249,30823,64146,33075,38947,1721.16,2424,4464,1664,9216,86800,46910,14430
2014,1,15,94522,11945,70037,78238,44461,1721.16,2344,4035,2773,5078,48636,18370,34973
2014,1,16,648,88907,52731,48500,29707,1721.16,1932,4306,1444,7429,12380,36743,1256
2014,1,17,1860,6158,77560,27687,40761,1721.16,4597,1634,4008,7950,29871,13902,30712
2014,1,18,45958,53568,62504,53732,93717,1721.16,3453,1440,1398,7535,59215,12456,11140
2014,1,19,8159,32500,41764,5955,69930,1721.16,4049,3140,1652,6609,32178,33765,20496
2014,1,20,17321,23128,85400,26329,84114,1721.16,1148,1422,1582,8652,16505,45257,31623
2014,1,21,86144,4960,5974,2542,62495,1721.16,1350,1314,4039,6236,92959,10550,31541
2014,1,22,93609,52009,4813,86614,4970,1721.16,766,3642,1470,8546,81322,26935,3344
2014,1,23,53752,77472,23359,55293,36124,1721.16,549,2266,4822,6522,41160,14644,39864
2014,1,24,54415,22511,94322,84807,61976,1721.16,534,1176,4289,6291,58548,10610,37281
2014,1,25,59635,95279,99253,52457,17408,1721.16,4392,2510,3046,9102,59154,10521,30576
2014,1,26,8966,9705,49140,70141,82579,1721.16,2457,1993,4161,8130,38151,41136,40300
2014,1,27,75412,23278,63073,31053,45921,1721.16,1662,1118,3251,7390,74363,10678,21621
2014,1,28,87843,3756,54522,45889,72858,1721.16,1409,3174,4731,5548,68314,38662,13676
2014,1,29,12201,62124,92008,41362,50255,1721.16,3850,2017,4787,7718,73069,15708,30159
2014,1,30,49895,81084,37615,83146,71999,1721.16,654,4840,2084,8302,22080,21293,11978
2014,1,31,34705,78490,19469,90789,391,1721.16,4450,2590,1258,7809,70303,32864,4135
2014,2,1,19154,74882,37755,47428,64303,2427.39,2322,1570,2429,7622,33736,35758,19815
2014,2,2,46976,93577,67844,68005,32010,2427.39,4061,1006,4956,9849,27240,45443,5489
2014,2,3,55652,56183,28054,93461,26487,2427.39,2779,1991,2150,5533,25771,16452,10918
2014,2,4,85349,23094,61838,9130,19913,2427.39,4887,1888,1014,9082,51244,37511,11926
2014,2,5,34572,70306,64362,75880,96507,2427.39,2674,2157,4136,5727,61969,13958,7955
2014,2,6,42997,39749,85319,11499,55283,2427.39,4302,1982,1078,6140,66111,20446,11090
2014,2,7,18066,27351,53687,39920,72786,2427.39,3782,3708,1588,9002,15939,38095,4932
2014,2,8,98803,53615,40253,79291,35694,2427.39,1265,3690,3322,7935,90188,29956,18575
2014,2,9,99025,34492,86939,65911,56984,2427.39,1356,1400,3104,6395,47672,35889,19402
2014,2,10,27679,57807,25950,19267,48655,2427.39,2361,2456,1014,7942,26747,31196,41889
2014,2,11,82541,29365,26239,57215,17300,2427.39,2171,2675,2269,7526,98585,40604,16427
2014,2,12,59864,51294,48358,89320,74041,2427.39,1560,3070,1539,7509,37337,35194,12382
2014,2,13,59398,61051,99003,54901,41369,2427.39,2448,3908,1465,8686,81123,10242,25750
2014,2,14,61465,84647,54144,45087,75108,2427.39,2042,1322,1526,6534,56993,10766,2729
2014,2,15,79133,48554,28838,65673,66063,2427.39,866,1870,3576,6220,96712,34945,32527
2014,2,16,58323,15513,25206,29788,44199,2427.39,4904,1334,2326,5399,50748,48786,22681
2014,2,17,58129,52792,66461,94855,19543,2427.39,620,1174,2007,6542,80699,17718,23455
2014,2,18,33336,97918,96235,76913,14138,2427.39,3209,2459,3458,9766,18599,19008,42947
2014,2,19,42448,69856,74671,66126,75255,2427.39,1263,4734,1838,7724,44588,46808,41772
2014,2,20,71179,66562,61836,59538,17371,2427.39,3959,1422,1803,6486,43970,20941,8887
2014,2,21,19492,38532,59753,44302,58298,2427.39,3309,2096,4558,8674,83222,12340,44704
2014,2,22,62456,80838,5900,73370,28562,2427.39,1529,1091,3401,8365,75629,17123,16841
2014,2,23,73604,89589,34182,30408,99783,2427.39,2700,4273,3034,7618,63575,41332,44504
2014,2,24,88509,93237,8429,53067,97569,2427.39,583,1046,3840,5962,49744,33753,8003
2014,2,25,98324,86275,49846,48077,992,2427.39,1551,4594,1414,5733,21353,47548,25475
2014,2,26,60237,39054,83175,9624,32859,2427.39,955,2718,1337,5735,90784,15654,13102
2014,2,27,33739,32721,30282,38931,64204,2427.39,2683,3878,2652,5066,26954,49995,30027
2014,2,28,64355,74858,90942,95770,56943,2427.39,4669,2179,1348,5696,43154,18166,12296
2014,3,1,44110,38277,62283,86197,45414,1536.19,1286,3133,2821,5216,58688,18408,32541
2014,3,2,64253,37567,41852,86781,80873,1536.19,2487,1468,2788,9608,12672,11435,41847
2014,3,3,39278,46204,29136,82122,89358,1536.19,3065,4818,4322,6699,36014,29735,29695
2014,3,4,99240,88654,24221,78414,63870,1536.19,2612,3121,1826,9464,31254,17698,32909
2014,3,5,37663,15094,73429,86803,94702,1536.19,3237,3978,1078,7373,32451,17486,2453
2014,3,6,23420,36870,20535,7742,19921,1536.19,3829,4160,1553,8049,13925,41775,22901
2014,3,7,77311,51538,69897,14137,47354,1536.19,1835,1654,2595,6490,88170,27296,17503
2014,3,8,40420,52761,77628,5427,30134,1536.19,1142,4904,4651,6066,77645,49572,26431
2014,3,9,85929,47827,35085,63835,25877,1536.19,609,4538,1102,7458,33674,47900,49010
2014,3,10,9361,81862,49269,41956,19829,1536.19,604,1018,1550,6472,82025,12170,3791
2014,3,11,6014,58168,22940,85666,71196,1536.19,978,3476,4763,5286,37310,13992,16938
2014,3,12,85683,59272,26530,86229,51129,1536.19,970,1982,3417,6100,19622,44598,26557
2014,3,13,86244,4401,54846,92794,83984,1536.19,2181,4996,1390,5120,75661,48938,36872
2014,3,14,18410,77251,88767,83174,13924,1536.19,1516,4605,1418,6102,17558,36475,26077
2014,3,15,25955,69019,13317,84372,1472,1536.19,3969,2714,1512,5654,96859,20495,32113
2014,3,16,3391,59041,10492,31133,44162,1536.19,630,3922,1107,5188,62095,10031,2506
2014,3,17,61265,68613,25989,62964,18011,1536.19,791,3964,3545,5459,44687,31368,44527
2014,3,18,77572,40010,19083,14084,6529,1536.19,930,4918,1334,7773,41050,14846,15942
2014,3,19,96631,87474,30770,92739,22662,1536.19,4121,1142,2829,5109,79593,12191,42866
2014,3,20,89637,11737,56156,19534,57196,1536.19,2253,1118,2203,5384,81553,13731,17195
2014,3,21,18629,32484,90002,26315,26610,1536.19,3161,3239,4877,8931,15977,23890,47405
2014,3,22,18149,35099,90521,12330,96561,1536.19,4520,2548,4554,7027,38433,21750,36467
2014,3,23,14222,5687,39221,71426,8374,1536.19,1508,3353,4609,6070,69668,46218,20775
2014,3,24,5267,47830,19459,56496,73113,1536.19,780,1260,1886,7258,14386,49798,1788
2014,3,25,40077,28110,2347,54631,25137,1536.19,2732,4358,1465,7842,27135,19382,40780
2014,3,26,2728,94996,98192,88689,52858,1536.19,1259,3123,2041,7069,14618,21505,34212
2014,3,27,88857,61357,12767,92095,14967,1536.19,1892,1654,1644,8486,19354,18510,16356
2014,3,28,35018,52406,58016,81483,34359,1536.19,2672,3437,1498,7216,58477,49355,1503
2014,3,29,51428,59737,23832,99821,96806,1536.19,1326,2014,1157,8194,94108,31123,4802
2014,3,30,66800,86002,2518,43969,96592,1536.19,1274,1609,1904,5198,29443,31657,12191
2014,3,31,22145,98469,85095,18643,65685,1536.19,4349,2111,4660,9074,33284,32817,9924
2014,4,1,54611,34832,95492,5055,45293,2644.47,3205,1293,1836,8726,27884,24026,42968
2014,4,2,94801,75846,54974,15442,21642,2644.47,2585,1894,3076,5168,85793,48000,36631
2014,4,3,73282,19257,84013,97814,52541,2644.47,2147,3502,3013,8991,28556,13305,33182
2014,4,4,48311,33115,60951,10147,81641,2644.47,525,1440,2384,7430,16476,19025,5187
2014,4,5,74834,62172,39135,79262,51103,2644.47,3613,4383,1080,7625,22197,29428,41280
2014,4,6,60808,15697,52931,45173,21040,2644.47,4829,1412,1916,5779,95848,28945,47840
2014,4,7,57318,12726,5386,54702,84576,2644.47,694,1530,3493,9212,55022,19202,29971
2014,4,8,86844,98636,83980,63732,42614,2644.47,3159,4772,4577,9794,64944,25616,22529
2014,4,9,60281,56126,61319,7586,8257,2644.47,1530,1156,1243,8267,36627,37170,23519
2014,4,10,4591,26706,62932,13084,72271,2644.47,2679,1890,2940,6032,39196,25553,17954
2014,4,11,95540,32356,95326,66469,94798,2644.47,2085,1429,4098,9755,79015,14718,26622
2014,4,12,9626,15546,39281,12221,90166,2644.47,4390,4755,3964,9314,15686,15182,42260
2014,4,13,96627,80519,99405,29568,69882,2644.47,510,1710,1922,6798,31889,32105,38601
2014,4,14,93420,90327,53535,58871,26434,2644.47,1224,1058,1608,5504,48278,20964,48902
2014,4,15,64116,47669,65720,99433,26343,2644.47,2018,2968,1779,6422,68887,13330,39910
2014,4,16,61376,90361,38434,32332,7159,2644.47,788,1929,2000,5462,75799,13762,20323
2014,4,17,49577,8377,55844,30376,63881,2644.47,1339,2996,3141,6830,27428,10835,4122
2014,4,18,89672,50799,50157,76452,73574,2644.47,4463,4948,4403,7896,83631,32913,19044
2014,4,19,74571,30772,49844,51571,31446,2644.47,1355,1021,1510,7198,11396,30603,41995
2014,4,20,47672,29088,74952,32166,28850,2644.47,3000,3521,1772,9508,11324,18918,18732
2014,4,21,28553,60788,10755,54308,65037,2644.47,3573,4606,1508,9768,91177,22954,10738
2014,4,22,11763,78885,53976,78486,6084,2644.47,4088,1846,1632,8088,18238,12036,31725
2014,4,23,19123,61625,90887,5004,71133,2644.47,810,1036,1412,6286,86696,10737,18563
2014,4,24,2303,90270,345,43811,60038,2644.47,3116,3151,3109,7092,66636,25544,7874
2014,4,25,85169,75725,95652,12332,76116,2644.47,3344,1966,1806,5582,16593,13383,14275
2014,4,26,94145,97404,79420,89847,88968,2644.47,1935,2621,1384,7272,67784,32773,16116
2014,4,27,91505,901,20926,10967,4345,2644.47,1510,4512,4638,8674,14822,22105,3914
2014,4,28,46437,70189,83696,38687,45772,2644.47,2069,1267,2691,5986,62465,12070,1186
2014,4,29,63957,29402,10633,36694,13033,2644.47,818,1788,4316,6743,31855,33661,28417
2014,4,30,10658,68366,73174,6648,16880,2644.47,902,4667,1558,5151,18353,23681,25018
2014,5,1,36776,79949,93131,34617,42415,3078.68,3572,3167,3125,6498,19334,12398,46142
2014,5,2,37437,38441,97210,60532,70296,3078.68,2540,1462,1614,8774,71892,11765,47223
2014,5,3,5645,51560,39676,796,86265,3078.68,2587,3039,4657,8306,74007,18423,13357
2014,5,4,34563,88933,6591,57688,40550,3078.68,580,2985,2582,5590,38517,49229,24142
2014,5,5,70013,42410,4243,56761,52950,3078.68,3526,4945,2693,8201,75740,30310,26135
2014,5,6,37911,4680,53350,97568,26750,3078.68,2342,1311,2641,5284,18999,23190,43710
2014,5,7,79426,94580,67529,58360,83722,3078.68,2589,3734,4806,7354,10494,17755,22398
2014,5,8,4319,45373,92701,48364,19927,3078.68,3673,2836,4472,8375,71755,16221,34794
2014,5,9,92085,4098,77534,24726,59382,3078.68,2915,1334,3815,7210,13518,15084,12885
2014,5,10,4193,21108,61272,69000,49291,3078.68,3106,3608,3490,8666,15846,13694,38118
2014,5,11,96953,80646,27605,86425,45373,3078.68,3998,2456,3456,5776,78533,29189,49360
2014,5,12,42120,92802,34348,65935,74597,3078.68,3471,3789,1676,8822,64140,15622,14218
2014,5,13,39213,83599,20928,89055,95758,3078.68,3822,2709,4897,6426,95486,31621,22900
2014,5,14,85786,30837,19079,5594,43720,3078.68,1134,1686,1764,5481,68124,31361,47612
2014,5,15,16052,57949,76503,17728,9043,3078.68,3694,4606,1194,9622,70012,36350,6995
2014,5,16,28874,28835,29060,65123,15261,3078.68,1744,1045,1733,8726,22990,31804,40898
2014,5,17,96138,24125,33995,2903,59607,3078.68,615,1324,1222,7117,19482,35461,2120
2014,5,18,34112,78432,66421,74704,84406,3078.68,1053,4630,1098,6465,11105,30527,36433
2014,5,19,97363,74202,97926,85449,56376,3078.68,2252,2512,1590,5018,71766,20998,20916
2014,5,20,69719,72382,13008,29786,65851,3078.68,1598,4961,2526,8018,91017,18283,22744
2014,5,21,34452,18423,47915,99719,74888,3078.68,1597,3602,4572,9054,74050,11904,25372
2014,5,22,15439,91303,74812,60479,58902,3078.68,1476,3619,1274,8976,74756,17514,12931
2014,5,23,17227,6356,17476,34754,4374,3078.68,4388,3824,3267,7318,54894,18154,24845
2014,5,24,9026,51493,6757,58598,46015,3078.68,896,1452,3461,8270,38282,47362,30807
2014,5,25,51343,19759,92335,3006,30594,3078.68,519,4172,3445,7995,15277,27819,17091
2014,5,26,62840,84666,32996,6107,18321,3078.68,613,2345,1478,7369,18430,18100,37891
2014,5,27,44529,99544,95906,49342,87956,3078.68,3055,4297,1222,5389,42303,14406,34188
2014,5,28,72481,62823,65064,45926,17170,3078.68,838,1361,1358,6194,18819,49678,30341
2014,5,29,77335,59433,43376,49421,23155,3078.68,2520,4034,1566,6860,33375,15873,12023
2014,5,30,97614,46431,5172,67912,51821,3078.68,646,1314,3000,7286,86577,26522,13827
2014,5,31,46911,43027,72884,28269,16119,3078.68,2946,4804,2487,7674,59224,13996,8055
2014,6,1,26745,91028,27615,6523,40755,1656.53,4135,2184,1334,8398,55356,45189,43489
2014,6,2,73553,96009,38190,40123,98939,1656.53,2033,1964,3946,6642,74434,12001,14712
2014,6,3,75953,84239,95841,63627,59815,1656.53,4674,2910,1766,7289,18874,15606,2834
2014,6,4,50778,29920,54503,82141,18318,1656.53,2329,3222,2219,7510,48344,21157,9860
2014,6,5,62935,51730,79474,66881,99736,1656.53,962,1384,4497,8654,55665,14311,3908
2014,6,6,10259,85340,17223,20471,42629,1656.53,2788,4757,2926,9194,16508,15200,43007
2014,6,7,68503,85579,15818,90722,17450,1656.53,3231,1562,3595,7704,63615,48330,30515
2014,6,8,77965,58850,40370,32462,66275,1656.53,1773,1533,2726,5702,13355,13422,12387
2014,6,9,23354,1145,82817,96280,43436,1656.53,3875,1937,2996,6044,19010,26797,41066
2014,6,10,16559,63594,23533,81507,87651,1656.53,1188,1238,2348,6558,98075,28623,37148
2014,6,11,15297,61201,21509,13023,57900,1656.53,1081,1253,1007,5249,93884,29442,34864
2014,6,12,92667,14112,7732,85663,50157,1656.53,2459,3066,1687,5991,80924,44337,43095
2014,6,13,39492,27114,59952,1840,30024,1656.53,934,1306,1931,7910,74694,19672,24380
2014,6,14,3187,60776,91085,39194,62377,1656.53,4988,1654,1758,5448,57057,31940,1321
2014,6,15,85814,69517,81359,8854,21861,1656.53,3190,1351,4396,9494,79542,19419,12284
2014,6,16,70226,10006,81091,22157,78328,1656.53,1987,2865,2911,9423,37059,45287,5785
2014,6,17,40745,72048,66683,72529,31119,1656.53,4468,3284,3255,5826,42137,31467,23740
2014,6,18,14462,61680,92819,20210,57526,1656.53,980,2750,3718,7071,49907,43397,22362
2014,6,19,92856,98247,91264,25768,54023,1656.53,2406,4766,3073,8186,83646,14191,44675
2014,6,20,27828,38115,13828,37436,90293,1656.53,3902,1106,1422,8073,41315,15756,22317
2014,6,21,66787,97297,35625,81857,34368,1656.53,1605,3574,1102,9220,69341,16634,1884
2014,6,22,43895,6749,65270,76968,27189,1656.53,2511,1654,4733,7690,92451,26378,15268
2014,6,23,60008,61354,47485,26708,55779,1656.53,4580,2564,2447,6556,17710,12694,5152
2014,6,24,88440,12379,13094,4922,11599,1656.53,858,2002,1078,7046,48812,32723,32435
2014,6,25,22314,6324,4092,42048,10367,1656.53,3425,1725,4247,9074,13432,30026,46543
2014,6,26,37413,48013,68943,56213,34570,1656.53,4378,4360,2093,9914,44281,13691,39716
2014,6,27,21259,19707,85537,43145,76753,1656.53,2219,4065,2024,6310,57464,17390,34350
2014,6,28,9205,42242,54116,83453,74503,1656.53,4830,1915,1912,5124,68127,32833,33900
2014,6,29,4840,93858,22194,6933,32682,1656.53,1976,1194,2533,5034,29787,29285,16476
2014,6,30,73214,22008,94703,30239,34670,1656.53,3980,1878,1530,8906,60030,35263,2168
2014,7,1,89861,13531,16612,4985,98010,2204.74,1176,3218,2990,9460,40899,17890,49445
2014,7,2,86437,27543,6999,25302,57331,2204.74,4866,1388,2337,5854,46710,15856,2636
2014,7,3,75438,6937,76618,59886,66967,2204.74,4584,3178,1762,9638,78163,39771,28233
2014,7,4,60641,4340,14342,98631,70152,2204.74,4447,1588,4135,5604,98241,12940,5242
2014,7,5,45433,13108,68507,59123,74565,2204.74,4978,1353,2153,7947,26238,10954,15218
2014,7,6,96180,87175,78651,4294,48371,2204.74,842,1482,3856,9526,40345,14008,23166
2014,7,7,96352,76146,36949,95487,18943,2204.74,1952,1464,4648,7478,39849,39212,35190
2014,7,8,52028,81180,5566,74182,15480,2204.74,1005,3010,1350,9320,32304,15862,48156
2014,7,9,64174,59073,41768,58030,83831,2204.74,3389,1518,4610,5337,92020,43552,32114
2014,7,10,26879,60325,90632,91528,80783,2204.74,739,4162,4364,5324,23343,19696,46833
2014,7,11,813,35701,4206,52495,26708,2204.74,2547,1770,1934,5398,65262,12116,2862
2014,7,12,92780,3652,8651,67390,95342,2204.74,2294,2219,1998,8564,30098,16266,1352
2014,7,13,31111,77191,7291,75475,29848,2204.74,1669,2011,2685,8934,99506,25745,46986
2014,7,14,25089,68406,16626,37023,79072,2204.74,990,3203,1891,8290,71944,13584,48240
2014,7,15,91163,65591,52156,52157,49869,2204.74,1637,2330,1602,7864,89156,11296,32255
2014,7,16,97266,40826,69007,96303,29404,2204.74,2047,4491,3269,5025,15740,48693,18513
2014,7,17,53265,73357,53249,71508,63849,2204.74,798,1334,1576,7208,14344,14016,25193
2014,7,18,52206,50157,54334,28002,437,2204.74,4996,2701,1342,9002,10355,30069,43490
2014,7,19,3868,32404,84562,73489,87429,2204.74,2181,2044,2134,5429,28552,45983,42427
2014,7,20,16975,29996,995,24110,83595,2204.74,1112,2151,4670,5445,80152,25106,24514
2014,7,21,95287,46501,89160,95953,65504,2204.74,1021,1454,3269,6934,59210,16462,49515
2014,7,22,35714,97745,9095,17848,89526,2204.74,758,1499,2641,7528,30608,17588,37647
2014,7,23,22043,28073,19740,96713,63518,2204.74,3170,1310,2744,7329,71107,44599,16245
2014,7,24,76844,13482,30322,41466,40416,2204.74,3514,1128,3628,5226,10328,19020,5885
2014,7,25,56607,6863,16006,40601,4392,2204.74,3188,1433,2390,8568,39497,20907,12966
2014,7,26,60524,27668,62416,39621,21349,2204.74,571,4543,2003,7214,56008,15114,33523
2014,7,27,53130,49524,96252,73110,52132,2204.74,2614,1590,3442,9952,65690,17833,6580
2014,7,28,94290,90231,60619,1680,34510,2204.74,3938,1385,4134,5442,67357,15482,2006
2014,7,29,84877,67929,80026,48232,15174,2204.74,3354,3302,1909,9222,41411,20392,36035
2014,7,30,87538,24027,95483,17332,55350,2204.74,1516,4638,2754,8566,51317,18182,11173
2014,7,31,28602,40257,30002,72736,91610,2204.74,4569,2837,1638,7646,57421,46812,13711
2014,8,1,25776,81467,5243,90382,22879,1725.1,2919,3256,2469,5250,18605,14993,25635
2014,8,2,46768,68245,32749,75254,19562,1725.1,3855,1169,1365,5894,67779,45075,1365
2014,8,3,47513,76969,93066,14812,34390,1725.1,3144,1390,2696,9738,66898,10574,39878
2014,8,4,31725,61170,73831,19194,56421,1725.1,539,4539,3383,6584,94792,12945,8788
2014,8,5,84652,15000,5467,82369,7943,1725.1,2443,1806,1566,6860,11906,17307,39598
2014,8,6,93091,21114,93825,80787,77204,1725.1,1360,3927,3244,6198,44473,11016,10724
2014,8,7,6682,45013,30556,66,94652,1725.1,4362,4302,1699,9666,61670,30993,41701
2014,8,8,24427,55466,69152,7345,58678,1725.1,4651,1767,4585,9666,32553,36788,22121
2014,8,9,11904,40266,12069,50148,38160,1725.1,1164,4841,4257,8071,44906,45260,22894
2014,8,10,49772,74269,24563,22824,25449,1725.1,702,4874,4401,9320,73570,33078,2585
2014,8,11,77793,14575,1199,87379,49403,1725.1,518,1305,1506,8938,11452,28528,33752
2014,8,12,8184,88969,89722,42441,97041,1725.1,4052,1811,1018,8614,85986,11286,34628
2014,8,13,47551,6156,16923,38304,11828,1725.1,1382,4619,1419,8932,76997,20821,6846
2014,8,14,22684,83869,48479,29405,2807,1725.1,2933,1990,3899,7654,69782,45939,9931
2014,8,15,98635,73836,9103,40234,18802,1725.1,929,2704,2596,8418,21007,29423,45090
2014,8,16,31050,92390,19043,68821,81322,1725.1,4641,1458,1260,8119,49761,49066,12393
2014,8,17,64402,24047,26409,29653,88054,1725.1,1943,3039,1378,8438,43272,21531,12544
2014,8,18,12488,50555,4236,46436,91111,1725.1,858,2159,3984,5038,14672,31658,25244
2014,8,19,23645,46973,68368,36257,51444,1725.1,1675,2196,4879,8083,61849,12932,34481
2014,8,20,6979,53793,65972,93357,71191,1725.1,1240,1238,1149,5475,46464,17259,25596
2014,8,21,77071,38675,5771,11056,49928,1725.1,4065,4923,1425,7432,26180,44220,13102
2014,8,22,61913,77856,76418,53144,72291,1725.1,1075,4269,3410,8398,88977,29601,38267
2014,8,23,23995,20218,79631,16496,72046,1725.1,3755,1898,1121,5877,76522,47400,42448
2014,8,24,18980,51940,37325,11757,79372,1725.1,977,2636,4063,8746,10779,12705,29857
2014,8,25,3365,43208,58327,11775,41606,1725.1,2727,1951,3873,7358,98447,22270,47305
2014,8,26,46158,98555,37739,27279,4432,1725.1,1031,4762,2552,9424,67871,28275,30613
2014,8,27,24564,23849,52264,14979,88947,1725.1,2683,2310,2602,6010,16366,30559,13044
2014,8,28,99667,11813,62512,99892,15523,1725.1,3514,1679,2216,6252,10628,46647,27311
2014,8,29,73217,96341,52763,55769,41048,1725.1,4044,1962,1676,6307,96940,49779,20634
2014,8,30,65703,90977,42090,88305,43339,1725.1,894,4356,1388,8168,75599,12432,12526
2014,8,31,41390,64114,84243,33606,90366,1725.1,1604,3582,3596,5718,35702,25996,5905
2014,9,1,86099,57959,13537,88759,71252,1756.77,4460,3579,3108,9117,38269,10294,29668
2014,9,2,44334,97626,91324,8413,73225,1756.77,1153,3690,4481,6110,44055,20385,13888
2014,9,3,79067,23990,38983,94786,76045,1756.77,3840,2142,4288,7468,50900,26891,14979
2014,9,4,73397,21714,71823,27858,80831,1756.77,4843,1515,4068,5046,66279,47293,10092
2014,9,5,66406,48785,67336,80888,64895,1756.77,2624,3960,1732,5926,55097,27776,11391
2014,9,6,4289,18939,89919,93578,12668,1756.77,1820,2415,3884,8643,30272,19438,7172
2014,9,7,68735,91468,17582,92804,43987,1756.77,1448,1743,3996,7576,23982,30242,1774
2014,9,8,1526,41608,90555,69610,14566,1756.77,2385,3854,1894,7322,28783,19932,12005
2014,9,9,60828,15604,28729,39712,74247,1756.77,777,4333,1820,9710,68488,10806,25354
2014,9,10,49923,74937,37551,15271,65072,1756.77,512,1596,4491,9702,36206,13398,27885
2014,9,11,14423,49944,85616,11717,69952,1756.77,1677,1566,1353,6758,86841,36952,14399
2014,9,12,42112,2619,96286,8932,52329,1756.77,1090,3602,1061,9992,33872,37484,14774
2014,9,13,67877,95737,4081,3721,48156,1756.77,4129,2577,2934,9744,74294,42885,6639
2014,9,14,70495,12324,40017,33200,79082,1756.77,634,1192,4476,5586,46476,48156,26858
2014,9,15,63914,82567,16760,19975,88911,1756.77,2458,1786,2720,7891,60506,27227,16984
2014,9,16,50882,30988,89805,90168,87084,1756.77,3053,3929,4126,6148,14268,38207,30451
2014,9,17,66279,77281,25753,95755,76422,1756.77,536,1366,1146,6758,76661,10056,22229
2014,9,18,26710,50472,33195,89430,44715,1756.77,3008,1202,1040,9165,16990,44476,10054
2014,9,19,19616,85169,18406,28742,24590,1756.77,3301,1746,4167,9053,11926,11940,25535
2014,9,20,47634,29590,52275,35132,72964,1756.77,778,4673,1528,8381,10918,40473,45288
2014,9,21,38435,38464,52422,95828,77629,1756.77,616,3595,1057,5060,58689,46999,4538
2014,9,22,596,91991,4220,36115,67396,1756.77,3054,1206,3135,6680,50159,42450,7194
2014,9,23,61969,61699,42124,57728,6432,1756.77,4552,1218,3745,6662,57045,12725,13931
2014,9,24,37864,13701,26321,10273,88761,1756.77,2271,1424,3351,5990,58173,10746,35010
2014,9,25,35037,6228,92127,4524,22909,1756.77,1973,4876,1370,5449,58955,43119,8638
2014,9,26,69380,73508,4338,4477,73186,1756.77,2201,1048,1434,7052,37673,46546,27735
2014,9,27,44884,44945,18607,54587,72788,1756.77,676,4175,3007,7632,28698,22267,26780
2014,9,28,82450,75672,23496,19137,81121,1756.77,2255,1851,2309,6592,71327,45495,32451
2014,9,29,44327,88529,72896,52113,48403,1756.77,662,3285,1865,7244,47871,44652,10569
2014,9,30,60397,79557,68828,43404,3369,1756.77,670,2169,4548,5517,21305,20669,47526
2014,10,1,83562,37521,76630,66506,8849,2837.65,2184,3728,1371,5648,62130,21940,22125
2014,10,2,60660,71768,93806,44277,35992,2837.65,4673,1104,3636,8866,35267,37513,4810
2014,10,3,46452,53789,43414,51969,75095,2837.65,1288,1078,2955,5844,57864,43155,14083
2014,10,4,71394,85049,6884,82765,97050,2837.65,1056,2708,1572,9774,18337,26772,19015
2014,10,5,86023,39363,8673,26011,3791,2837.65,4875,1593,4080,6588,34914,11062,10292
2014,10,6,53724,91203,96886,21679,40472,2837.65,1185,3216,1150,8069,27332,12826,4750
2014,10,7,23436,48390,27260,80569,95955,2837.65,3693,1977,4958,8717,24339,10212,45597
2014,10,8,59009,4216,71695,89441,27505,2837.65,4966,1227,4162,7434,19258,20985,22961
2014,10,9,62954,50444,99202,19104,88513,2837.65,3654,3299,1275,5913,17746,14354,42887
2014,10,10,61511,82562,85559,62821,81279,2837.65,2921,1638,4113,5968,46079,15948,9899
2014,10,11,78929,57398,39197,9444,65602,2837.65,866,3554,1030,5982,64009,30114,8455
2014,10,12,38869,52664,58415,46496,84929,2837.65,678,1438,2547,7978,18528,13825,33635
2014,10,13,78238,93533,36816,92351,49501,2837.65,1671,3429,1644,5867,37872,22245,49247
2014,10,14,80675,34653,50800,22277,30635,2837.65,2390,1718,3823,6502,48701,18751,14809
2014,10,15,94439,98779,31543,76986,67118,2837.65,2162,1446,1380,5430,54056,12534,7154
2014,10,16,9577,20728,44968,66221,42947,2837.65,3465,4972,3843,5616,62248,30830,32840
2014,10,17,86777,14640,66685,86952,41796,2837.65,703,1234,1042,7204,29571,47633,15387
2014,10,18,60751,3087,42988,27788,29769,2837.65,4325,4344,2770,9292,21917,27068,47044
2014,10,19,88484,26735,17042,22328,82352,2837.65,3157,1946,3928,6193,72431,35724,29290
2014,10,20,1580,44487,88311,48448,48084,2837.65,1080,1550,3671,5419,69324,49791,34234
2014,10,21,18815,13651,39137,52937,19295,2837.65,950,2778,2787,7046,30105,36490,11054
2014,10,22,42688,49615,88323,52969,35808,2837.65,854,3739,1591,9706,17558,19674,10754
2014,10,23,43940,64620,11212,13964,86391,2837.65,3754,1710,1084,9242,58141,29832,46888
2014,10,24,46648,88147,53963,50788,51545,2837.65,2277,4232,1366,7834,47200,17606,1710
2014,10,25,2705,52245,55932,24296,61951,2837.65,652,2241,1794,7884,52556,41831,24471
2014,10,26,34773,66312,47037,61662,51906,2837.65,1493,3553,3324,7258,49340,11221,5179
2014,10,27,62227,2970,55454,28612,44922,2837.65,804,3977,1249,6184,88273,33199,2654
2014,10,28,93910,14947,71793,49351,69184,2837.65,1182,3955,2012,9150,65616,17844,24350
2014,10,29,59749,73463,57471,69426,35270,2837.65,646,3848,1132,9834,58811,37405,23163
2014,10,30,21457,5968,51383,92706,25408,2837.65,2256,4316,2306,8106,85019,12988,6008
2014,10,31,38398,76202,60445,61762,47124,2837.65,679,3224,1758,9012,92649,17496,42413
2014,11,1,39648,97697,76501,42099,56508,2268.07,3554,2475,1178,5232,87882,37647,13906
2014,11,2,14868,7199,74954,28916,92218,2268.07,3665,4770,3238,7142,48246,10550,31443
2014,11,3,98810,71471,82878,93312,80472,2268.07,3679,1014,3069,6038,78568,18334,1526
2014,11,4,84085,58475,83404,15724,47438,2268.07,3370,2304,4836,9360,15152,13650,21286
2014,11,5,42470,7589,4529,50708,69368,2268.07,2710,3176,1202,9542,77839,21067,19127
2014,11,6,67313,21519,57538,15382,41698,2268.07,1309,1572,2283,6065,57857,24720,2458
2014,11,7,23703,61228,53377,34891,72256,2268.07,3296,4724,3536,9176,81784,17050,10948
2014,11,8,28303,99495,22432,85251,82,2268.07,2669,3745,1789,6558,99126,29839,1118
2014,11,9,49016,51788,5621,92651,87853,2268.07,2370,1555,2409,7098,46445,29664,29830
2014,11,10,98046,1094,60741,82934,76622,2268.07,2188,1275,2018,9620,13060,16912,42525
2014,11,11,76244,45547,42197,98033,42105,2268.07,4223,1119,1638,6196,16758,30018,7675
2014,11,12,96026,67492,41574,53435,4590,2268.07,3098,3987,1816,6422,15430,14790,4372
2014,11,13,2716,39110,36066,61087,15082,2268.07,889,1324,4489,8886,11426,46594,8944
2014,11,14,52113,99933,54066,94279,16129,2268.07,4297,2153,3030,8918,81940,17954,4188
2014,11,15,2946,81391,77960,24763,41582,2268.07,904,4297,1692,7906,21735,16773,46232
2014,11,16,67265,57625,74450,71755,52063,2268.07,4700,1064,1590,8765,14805,12570,30159
2014,11,17,42953,55455,41076,97336,37678,2268.07,1307,1254,1526,5014,81736,12339,23016
2014,11,18,46850,37641,22989,98543,45963,2268.07,1667,3226,3700,6117,10726,20762,44724
2014,11,19,36276,36033,91290,32718,24799,2268.07,1639,4102,2901,5438,81437,15578,22448
2014,11,20,42083,37745,72554,79193,88363,2268.07,1531,1564,3282,7046,50106,17006,4290
2014,11,21,25596,48126,67471,44296,4243,2268.07,1410,1044,1187,9051,89586,45985,18804
2014,11,22,61499,51226,30089,55753,70293,2268.07,2682,3726,1254,7830,15846,20336,27878
2014,11,23,30878,65802,21901,39160,46674,2268.07,4755,3621,1484,7164,49268,40726,38359
2014,11,24,62381,80679,97597,83569,19731,2268.07,905,2580,1112,9410,53332,15522,3535
2014,11,25,20224,41016,86483,2198,17603,2268.07,3885,3479,1553,6358,15990,23227,10753
2014,11,26,15497,13746,28201,51981,7324,2268.07,4059,1055,3147,6024,85975,27877,27469
2014,11,27,26542,48234,91810,14006,40579,2268.07,1761,2153,2509,8243,95702,36463,45143
2014,11,28,85348,84589,1296,61902,11727,2268.07,1480,2222,1562,9680,95555,18126,5286
2014,11,29,7149,20967,61466,65296,43974,2268.07,4524,1866,2026,7686,14102,18956,47442
2014,11,30,12829,72634,46111,31690,47230,2268.07,3152,2576,2752,9447,10829,20830,8165
2014,12,1,12310,98054,26469,58342,9961,2938.23,1842,1862,1991,6988,74899,10784,35527
2014,12,2,23015,78118,22811,7053,78990,2938.23,4880,1623,4229,7921,15204,28745,41768
2014,12,3,36074,47781,71499,21874,74963,2938.23,2958,3623,3085,5778,61965,33045,8681
2014,12,4,57657,43808,30324,21000,7297,2938.23,1784,1662,4692,7638,53714,28681,21575
2014,12,5,79066,89947,46657,49647,74220,2938.23,3392,1645,1996,6242,48518,15430,11861
2014,12,6,24923,77829,4579,98009,33607,2938.23,1053,2614,1702,7729,28613,11542,16544
2014,12,7,49304,76750,13366,48996,47697,2938.23,2677,3113,4730,8676,18234,13950,33433
2014,12,8,52547,87505,90596,78540,53747,2938.23,4494,1910,3293,8154,93028,33251,5466
2014,12,9,66969,90435,90866,10023,18164,2938.23,1725,2466,1228,6454,16462,10276,19479
2014,12,10,89876,60492,19742,95958,51177,2938.23,4907,3722,2709,6854,82261,36455,28854
2014,12,11,22320,61756,97829,71965,62181,2938.23,1567,1010,2642,8784,55522,15805,40857
2014,12,12,14616,32249,99625,27196,38692,2938.23,2471,4918,4281,7138,40875,10457,32439
2014,12,13,52419,784,80533,85128,83990,2938.23,2935,2661,1812,5763,94625,19433,12794
2014,12,14,92972,82546,64934,6967,61330,2938.23,2771,1898,4055,8747,12586,24098,36808
2014,12,15,87538,6963,69017,96819,30528,2938.23,2276,4297,2027,8330,84424,11016,9893
2014,12,16,33306,88712,33678,74207,90827,2938.23,4991,3798,3552,5134,14242,19554,44656
2014,12,17,28085,46240,97179,97140,84988,2938.23,2590,2524,3632,6606,69343,20511,16670
2014,12,18,32851,42972,86161,59878,97132,2938.23,2246,1774,1306,7275,20995,16474,20585
2014,12,19,81931,30987,66625,41835,38616,2938.23,1716,1699,4980,8182,63838,21319,23741
2014,12,20,76916,17781,93844,16900,24388,2938.23,2410,2237,3861,7150,17115,35992,29539
2014,12,21,60508,20714,82782,52508,57989,2938.23,676,1271,2466,7862,98105,12172,20129
2014,12,22,92051,61174,72781,28383,21420,2938.23,4701,4687,1512,9897,31586,45138,2972
2014,12,23,55788,35350,68729,94650,25272,2938.23,1993,2130,2908,9774,70989,30896,2196
2014,12,24,49903,6324,37168,17370,24634,2938.23,4802,1683,2798,5176,61418,18550,1626
2014,12,25,65555,11120,65258,36306,87369,2938.23,2796,3156,4896,6524,54157,40168,13196
2014,12,26,35072,1151,8651,57980,47278,2938.23,938,2179,1936,8747,30900,10596,29641
2014,12,27,60373,70704,43632,89523,99639,2938.23,1444,1606,2521,6834,17849,36241,5050
2014,12,28,51250,65646,79398,16146,98522,2938.23,2665,3592,1057,7668,15856,48334,49907
2014,12,29,27309,79504,11866,29624,88251,2938.23,1571,4974,1173,6554,70848,45811,9119
2014,12,30,37957,27294,11004,86830,65347,2938.23,3070,1595,1710,8820,49093,25723,28853
2014,12,31,68727,71759,59317,19784,19427,2938.23,4469,3086,3094,6335,92709,17696,33592
2015,1,1,65633,32671,67979,82188,19872,1407.1,602,2164,1144,6972,12510,36348,13790
2015,1,2,30043,29107,13551,65215,78200,1407.1,3941,1309,3590,7458,16774,48533,39275
2015,1,3,4547,65175,61629,50882,74237,1407.1,2686,4868,4699,7016,22055,14570,45677
2015,1,4,70806,58551,61735,28302,65523,1407.1,1001,1917,4702,9114,77131,14253,24245
2015,1,5,83827,11073,96916,98769,81150,1407.1,2301,1400,1068,5281,52928,19090,49004
2015,1,6,37311,41967,10987,32010,98983,1407.1,1579,1139,2944,9340,30792,39818,49394
2015,1,7,15262,61794,1736,51317,6346,1407.1,1921,1523,1291,8836,10592,15198,28868
2015,1,8,94192,18946,5840,74722,10579,1407.1,838,2888,3437,6824,79897,32419,25120
2015,1,9,6219,42829,34911,14163,67494,1407.1,3980,4107,3848,8302,50423,12982,15703
2015,1,10,17288,32345,56718,39931,11182,1407.1,3723,1724,2305,5914,96445,15778,28361
2015,1,11,41035,42285,72125,74472,15461,1407.1,3243,1678,1202,9020,52192,45048,18375
2015,1,12,56561,72526,10508,409,94594,1407.1,1953,3232,4626,7350,68162,37159,10931
2015,1,13,18384,28238,58885,15689,94153,1407.1,4924,1538,3965,8401,42361,45778,5330
2015,1,14,96776,81957,83809,7978,56463,1407.1,4377,3022,4878,9884,29782,35823,2354
2015,1,15,7167,96736,80408,16794,20407,1407.1,3952,1198,1807,5682,70829,37311,48570
2015,1,16,84519,27107,38850,14836,55508,1407.1,1965,2282,3167,6262,76611,35981,31211
2015,1,17,13128,12342,65356,54358,42226,1407.1,750,1498,1872,9542,82537,28630,45138
2015,1,18,35509,36490,83772,28668,65679,1407.1,978,1548,4411,9664,97735,19918,20954
2015,1,19,52391,74702,38553,31910,35476,1407.1,4242,4954,3856,9597,19311,19542,31516
2015,1,20,44735,25844,68179,52959,96431,1407.1,1589,3290,4908,6878,76958,35586,17068
2015,1,21,52666,92937,68487,67077,64117,1407.1,3346,2858,2275,8250,64767,18214,32575
2015,1,22,39767,49010,74057,99975,14959,1407.1,3760,4692,4210,6938,29002,31992,43368
2015,1,23,70358,10592,80283,90267,92305,1407.1,2204,1321,1529,5598,44750,30645,7241
2015,1,24,43266,14449,63504,16893,22700,1407.1,994,3817,4983,6402,95143,24941,44623
2015,1,25,9770,13905,986,45332,17195,1407.1,2323,2552,1931,7924,77818,15587,29988
2015,1,26,31199,70023,26909,14080,47066,1407.1,4724,1682,2459,9168,23574,41510,38011
2015,1,27,85554,65921,20328,95537,82323,1407.1,964,2091,4374,7814,37422,46569,15471
2015,1,28,67802,31098,50474,24733,5056,1407.1,648,2605,3313,7170,66684,11731,28292
2015,1,29,37943,27761,68414,40402,68692,1407.1,1911,4244,4260,8590,49780,13176,41989
2015,1,30,50414,86610,65027,96140,24424,1407.1,4060,3576,4898,9533,49661,21305,18802
2015,1,31,37825,56333,23911,52491,6265,1407.1,4221,4207,1058,5278,15510,19749,6947
2015,2,1,82873,73994,65236,17815,40126,3249.07,3227,3086,3196,8744,83861,21997,21819
2015,2,2,23428,92439,88249,49314,58452,3249.07,2137,4783,4816,5979,37400,13534,9554
2015,2,3,86553,81608,57822,69188,82568,3249.07,1513,1791,2916,7022,99606,24393,27571
2015,2,4,79919,84186,67481,83116,64905,3249.07,1464,4684,1118,9712,53997,18582,1342
2015,2,5,85619,57487,49719,85435,29819,3249.07,2196,1370,1382,6369,85557,17644,37119
2015,2,6,60293,78424,65789,44561,20172,3249.07,3953,1442,1872,6433,15909,47188,31747
2015,2,7,4128,37374,51873,80611,63439,3249.07,545,4056,1059,5263,34490,25877,22222
2015,2,8,68734,43039,42249,70163,25761,3249.07,2806,1052,2580,7198,30612,18218,44158
2015,2,9,85341,15918,75547,67625,68704,3249.07,4812,4182,1510,6082,69792,17246,41456
2015,2,10,5258,85338,57675,1317,66953,3249.07,3546,1380,1555,5794,11704,27315,8517
2015,2,11,29952,60007,79720,68885,79953,3249.07,2988,1645,2600,7078,49269,27655,26684
2015,2,12,11342,80434,16838,72874,63470,3249.07,1492,1398,1967,5518,11014,38920,36631
2015,2,13,64036,46293,90958,31943,48439,3249.07,4257,3390,4515,5328,47274,19467,13158
2015,2,14,32012,91615,67465,90964,95149,3249.07,3619,2841,3518,5456,95714,43339,33086
2015,2,15,38439,93559,94770,26759,49078,3249.07,2030,3112,1350,9339,45054,17208,13869
2015,2,16,2497,70664,3342,92012,92344,3249.07,2831,4354,3581,5295,31669,20081,16968
2015,2,17,78382,50289,92923,8252,2098,3249.07,2943,1887,4899,5434,83645,13976,4989
2015,2,18,26581,65676,93441,3094,55016,3249.07,3044,3863,1861,5570,82227,34204,4847
2015,2,19,98353,60059,74911,73286,21706,3249.07,3366,1438,1868,5290,41042,25317,6580
2015,2,20,57629,58986,32205,72528,71698,3249.07,2855,4630,2877,5304,17723,19244,15851
2015,2,21,17494,45768,43109,75707,93505,3249.07,4910,3208,1745,9650,81493,39802,41688
2015,2,22,91401,24860,72594,64621,77500,3249.07,4937,1479,2620,8493,40359,10669,13636
2015,2,23,20696,93215,75300,18574,72215,3249.07,4169,4707,1198,7277,65414,48645,9375
2015,2,24,88965,91677,56854,7062,76498,3249.07,3216,4249,4557,8674,48869,14122,38347
2015,2,25,65797,88807,24889,54769,93652,3249.07,1789,4347,4813,7089,32920,47027,15248
2015,2,26,16464,37090,53088,87958,720,3249.07,2954,1035,1529,6160,29449,12134,18502
2015,2,27,80859,92666,3628,60417,44827,3249.07,3824,1974,2654,8712,98094,10518,2497
2015,2,28,23960,29884,65654,98774,53325,3249.07,2152,1140,3366,5239,74097,19085,14926
2015,3,1,43404,91474,76623,69564,20923,1615.87,854,4939,4628,7190,91117,17062,46001
2015,3,2,61015,34444,26132,19728,32538,1615.87,758,3772,4442,5163,32097,24367,27438
2015,3,3,37317,18238,59086,68908,8687,1615.87,4000,3441,2002,7926,38005,23270,44524
2015,3,4,7975,4780,3210,23955,48322,1615.87,2431,4335,1038,8562,45414,27658,10679
2015,3,5,12352,5454,56431,71794,96969,1615.87,2512,4284,4468,6418,12798,48154,4880
2015,3,6,66121,38545,32949,18469,50519,1615.87,1738,4844,3436,5226,98799,13524,37306
2015,3,7,21978,91231,82445,67099,26145,1615.87,1108,3495,4664,7792,26640,46632,27860
2015,3,8,38771,89153,80918,78240,27102,1615.87,2745,4574,4005,5693,28042,11760,1878
2015,3,9,79351,36134,80720,87787,47433,1615.87,4543,4410,2100,6988,52860,13244,29519
2015,3,10,71200,30322,68092,20864,64213,1615.87,2495,4334,3883,9538,13925,27337,44732
2015,3,11,81578,56672,36912,36935,48717,1615.87,2809,3067,1086,9881,32205,14871,14954
2015,3,12,35752,76750,50634,22853,20090,1615.87,2448,1288,1398,8790,12151,14378,19846
2015,3,13,15272,95999,50066,15508,77116,1615.87,2844,3692,1332,6107,11979,35730,13991
2015,3,14,61061,54789,30150,78500,94670,1615.87,4722,1714,4103,5830,69625,25544,12355
2015,3,15,30201,22074,66833,96720,58966,1615.87,2449,4237,1334,7514,12202,18449,28984
2015,3,16,41506,65293,43494,78519,61400,1615.87,600,3811,1613,6062,33662,21282,5473
2015,3,17,73105,93385,68056,28560,20092,1615.87,4104,1644,1106,7288,63363,35071,37681
2015,3,18,82625,90813,25661,73959,84680,1615.87,3759,1184,3400,8604,21054,24799,31757
2015,3,19,74078,1656,13612,691,28757,1615.87,3324,3212,2010,5474,63124,27101,47274
2015,3,20,76765,67229,43746,69223,70869,1615.87,4294,3492,4273,6306,43802,48952,7109
2015,3,21,94416,2562,41489,7816,21167,1615.87,3967,1595,1108,8930,28637,18622,28895
2015,3,22,76204,83314,27519,33214,6046,1615.87,1667,4162,4222,6742,68384,11443,40643
2015,3,23,93874,89031,14936,8147,51690,1615.87,3450,1104,1299,5190,70271,48817,8739
2015,3,24,60185,69239,10413,57087,98169,1615.87,1392,1458,3715,8694,40289,11112,5402
2015,3,25,17258,66957,60275,7832,53722,1615.87,4274,2594,1602,9142,72092,16726,45012
2015,3,26,59301,95543,64539,36952,93185,1615.87,2121,3368,1630,5076,10454,34921,34811
2015,3,27,34288,93199,25646,73003,19814,1615.87,4114,3422,4243,5998,77605,11886,32287
2015,3,28,72105,63233,66911,22498,63795,1615.87,932,4446,1802,7318,92749,44080,39003
2015,3,29,72985,44871,13801,93386,23757,1615.87,3306,3043,3805,10006,31045,19970,40608
2015,3,30,68942,81512,39745,18185,8605,1615.87,2500,2060,1934,6166,35910,27080,17351
2015,3,31,59765,76843,16527,10661,98665,1615.87,1092,1649,4146,9796,81386,27902,9276
2015,4,1,26045,52298,75658,12700,83343,1700.33,1640,1205,3076,6177,12334,14294,11981
2015,4,2,70030,3223,48713,90793,39133,1700.33,556,1958,2318,7569,30991,17946,25793
2015,4,3,48662,18993,38445,49907,16731,1700.33,1758,4126,4995,7546,71825,18337,16347
2015,4,4,45749,69818,65895,63825,85995,1700.33,603,1024,1631,5406,63168,30763,22057
2015,4,5,6461,13725,63091,65131,7646,1700.33,4428,2659,1564,7872,22565,12507,10434
2015,4,6,20571,30677,21634,5566,14445,1700.33,518,1544,4627,6149,56720,31974,9811
2015,4,7,44558,88676,37999,36189,69344,1700.33,3304,2155,1242,6394,57285,10490,1167
2015,4,8,56828,23067,27900,2605,10939,1700.33,1463,1509,2492,9448,53426,28288,16817
2015,4,9,29259,43682,4833,25238,16183,1700.33,2211,2091,1580,6274,13280,35923,27906
2015,4,10,62728,12937,28079,10323,59331,1700.33,562,2509,4782,9813,51465,16646,1717
2015,4,11,76630,32929,83582,90475,52377,1700.33,982,2986,2041,6299,23223,13223,37009
2015,4,12,34205,30436,90315,785,91997,1700.33,1708,1076,2882,9174,97750,17138,19947
2015,4,13,99207,79665,41074,23989,89478,1700.33,1061,2458,1818,5994,72932,10546,42539
2015,4,14,29355,8048,8533,26396,64347,1700.33,4618,4902,4895,9933,15686,13002,48109
2015,4,15,66232,68747,74320,99115,49886,1700.33,4030,4091,3085,5104,89432,15134,38422
2015,4,16,73995,81846,56374,32166,57840,1700.33,2711,2194,3704,7596,29941,34402,29306
2015,4,17,32057,69561,49305,26952,15846,1700.33,806,3428,1574,6998,97542,16326,31344
2015,4,18,25640,37926,81771,93726,3030,1700.33,2639,3375,4399,8034,25540,43590,37555
2015,4,19,69671,84605,47137,39727,68553,1700.33,4129,1226,2990,9785,43911,45187,27079
2015,4,20,37481,74106,93616,87571,11324,1700.33,506,1963,1770,8370,47040,14816,7511
2015,4,21,5925,31032,58192,91676,71397,1700.33,542,1066,1040,8754,80792,19592,1510
2015,4,22,75833,71274,86553,55175,27412,1700.33,732,4891,1850,5414,68813,48596,30464
2015,4,23,67840,89063,1912,13275,23785,1700.33,4442,4709,4982,8985,21384,11094,48952
2015,4,24,69070,73003,8797,86462,71758,1700.33,2405,3941,3566,8957,19116,20977,5942
2015,4,25,5773,85830,2222,26694,46159,1700.33,588,3997,1448,7200,43623,15542,21035
2015,4,26,42504,38066,46295,38838,7052,1700.33,1568,2472,3385,5364,78934,45142,34031
2015,4,27,37658,51340,25436,31225,26650,1700.33,3553,2421,1733,6262,75466,42891,10904
2015,4,28,58162,50756,23242,50962,44308,1700.33,2546,3162,1282,7690,42000,44685,16865
2015,4,29,14224,48569,37158,87609,80285,1700.33,4102,2942,1150,7182,49166,26784,32444
2015,4,30,51794,34072,75558,98527,4847,1700.33,1417,4359,3131,8150,30320,12439,1025
2015,5,1,97868,65602,35510,28060,23954,1836.71,3634,2521,3703,5198,69158,16147,30195
2015,5,2,11697,87101,82635,18939,52619,1836.71,731,1689,1327,9257,15784,18878,25771
2015,5,3,77027,87247,70484,8038,17568,1836.71,2264,1786,1227,8260,76197,10372,49275
2015,5,4,70672,34833,44055,4375,13779,1836.71,1873,1827,1664,9507,60765,19282,13213
2015,5,5,95278,31497,55973,12958,754,1836.71,1660,4131,2458,8602,17414,35025,13860
2015,5,6,17770,40785,33164,48998,31262,1836.71,530,1932,1098,9178,22659,40675,25713
2015,5,7,94150,9533,32503,10814,95393,1836.71,838,2021,4763,9710,19978,41868,43268
2015,5,8,32632,1640,36000,90,70135,1836.71,1466,4256,1656,9268,69605,42918,4521
2015,5,9,60343,90136,44851,37239,71072,1836.71,2913,1830,3394,6767,76034,10286,33862
2015,5,10,70035,72483,12160,11150,24903,1836.71,3017,3885,1102,5369,73975,36615,48491
2015,5,11,59890,75442,40872,71546,26424,1836.71,4463,3117,1232,5666,56707,21683,10477
2015,5,12,59528,974,53256,69274,77741,1836.71,4411,4127,3123,5856,75276,18764,45642
2015,5,13,51414,44647,33264,1543,50016,1836.71,3157,4904,4031,5381,97801,41806,7239
2015,5,14,5858,12266,61276,6470,4284,1836.71,4504,1366,1262,8232,49436,29400,17984
2015,5,15,9754,40200,93528,27877,43123,1836.71,2254,4535,4802,6869,12429,46169,35157
2015,5,16,44108,66940,6074,59491,62321,1836.71,2649,3177,2491,8924,90998,36774,3875
2015,5,17,96908,85503,16938,48568,49615,1836.71,2968,1448,2924,7847,14410,32399,32726
2015,5,18,73004,7202,93287,19158,44071,1836.71,662,4529,4007,5626,80372,10686,5717
2015,5,19,41627,98022,35857,90470,76946,1836.71,3596,1710,3709,6885,38772,44675,26856
2015,5,20,59611,16741,70395,98887,20941,1836.71,1285,3943,2543,9154,13101,15942,40343
2015,5,21,96641,28428,78848,85648,66180,1836.71,3326,4157,3592,9182,14626,17526,9220
2015,5,22,16038,58223,57096,61100,51460,1836.71,774,1069,3960,5052,26308,49900,45868
2015,5,23,32864,7594,60196,46759,98518,1836.71,1076,1509,3076,9924,97156,19734,23297
2015,5,24,75496,66835,41117,49089,56018,1836.71,978,3406,1669,6156,49505,48128,22095
2015,5,25,68941,21633,9199,14253,64154,1836.71,504,3368,4451,5670,76478,24321,35507
2015,5,26,30349,97556,85831,64777,97480,1836.71,776,4326,1173,5712,38414,22190,49340
2015,5,27,94947,54393,26950,41616,27466,1836.71,4743,2758,4438,5293,43362,44943,42807
2015,5,28,17152,23868,24664,92956,64568,1836.71,2276,4915,3697,6222,59692,12528,1143
2015,5,29,68798,41428,1855,34972,64280,1836.71,3513,1164,1013,7542,33544,19354,6622
2015,5,30,93270,89640,83942,24060,54934,1836.71,4003,3436,1170,7342,81391,15737,27304
2015,5,31,44809,48668,27006,59858,18127,1836.71,2385,1923,4476,9622,38246,25107,3050
2015,6,1,11761,17037,58227,28575,50581,1573.77,1843,1830,3350,9050,11505,14022,29410
2015,6,2,97611,16294,8177,41277,97686,1573.77,2437,2704,3623,8646,97182,36672,40267
2015,6,3,51033,84107,31149,41625,22353,1573.77,3837,1886,4644,6840,79039,13164,22609
2015,6,4,92826,17235,96798,22528,79490,1573.77,4533,2099,1904,8134,34728,38632,24655
2015,6,5,60681,53518,17690,44304,32164,1573.77,975,3195,3977,8475,41171,37682,14872
2015,6,6,67436,46361,88147,73433,9777,1573.77,598,3953,1554,6806,57832,30261,17186
2015,6,7,51461,53719,73714,8760,74133,1573.77,2392,4812,1958,5762,95467,10473,8442
2015,6,8,96305,42795,10022,11635,37622,1573.77,4316,1062,3905,7638,78489,40033,1193
2015,6,9,21001,24851,58987,21773,51657,1573.77,3385,4468,1888,8422,28227,11020,33171
2015,6,10,16892,91972,12185,95202,73405,1573.77,675,1061,1797,5696,97695,17706,7652
2015,6,11,83241,47012,25829,97146,826,1573.77,2178,3177,1048,5042,76301,13527,20670
2015,6,12,45688,11040,49348,48928,3138,1573.77,1300,1381,1806,8484,31582,25654,43927
2015,6,13,62489,37258,61716,29286,69306,1573.77,518,2546,4125,5884,49691,12616,25763
2015,6,14,12906,86871,94481,58425,99387,1573.77,1951,1425,3173,5222,10353,17662,37135
2015,6,15,31578,36654,70396,17476,91490,1573.77,4481,1346,1184,7549,99615,24893,1979
2015,6,16,63312,66024,77440,18790,41909,1573.77,806,1165,1438,5924,29590,46091,27131
2015,6,17,73059,17894,7517,87584,55545,1573.77,1598,2121,2226,8002,20948,28716,34222
2015,6,18,10324,30430,49046,65912,34331,1573.77,804,3994,1036,9200,32783,39296,15013
2015,6,19,11726,7876,60462,58431,10152,1573.77,4521,3210,4297,8389,87145,46193,6404
2015,6,20,62612,25096,83315,49838,33442,1573.77,4905,3764,1043,10006,26027,13878,4263
2015,6,21,75316,16832,15721,22704,1427,1573.77,3351,4504,4082,5165,87934,49233,14856
2015,6,22,11569,8808,98796,52218,37197,1573.77,3410,1159,2388,6926,65997,10829,35942
2015,6,23,52339,27255,20947,19735,37558,1573.77,1460,4225,1326,7180,51928,31583,46974
2015,6,24,2036,96633,27440,7470,1798,1573.77,1702,4717,1074,5498,81935,27729,31726
2015,6,25,7792,46698,93889,35180,78423,1573.77,2361,2112,3492,6624,66846,14812,26238
2015,6,26,96633,88307,86627,76790,41839,1573.77,4725,1870,1539,8686,67694,19688,4908
2015,6,27,33891,74398,99406,74423,96248,1573.77,3503,4038,4390,9598,55569,39164,47693
2015,6,28,54982,67931,86277,74826,17590,1573.77,2227,4222,2781,5205,91011,15972,19476
2015,6,29,90113,65737,76198,58004,84254,1573.77,4043,3143,4641,6908,17844,30888,43893
2015,6,30,57494,77422,34927,1884,56166,1573.77,2399,1146,4778,7362,85972,42367,40496
2015,7,1,34552,22942,87285,69757,30306,1903.74,4869,1041,1622,8458,80294,12110,19609
2015,7,2,78269,14790,90692,38070,40060,1903.74,562,2480,2857,7446,73645,13352,21580
2015,7,3,71198,1144,54483,31226,3468,1903.74,728,3018,1143,8740,15560,16448,13203
2015,7,4,83974,83997,28843,79780,18221,1903.74,829,1488,1630,6520,50909,46689,25489
2015,7,5,64452,46473,14170,37309,60271,1903.74,2013,1467,1661,6010,62693,25129,4167
2015,7,6,51050,23422,63148,37194,87787,1903.74,4993,3112,4918,5187,67891,39491,20923
2015,7,7,40677,20074,2332,13659,62946,1903.74,704,2397,4713,7014,64705,19976,3242
2015,7,8,45035,98071,7803,83048,85919,1903.74,3176,1967,3917,5326,90512,48055,20496
2015,7,9,58599,60507,86168,29870,92046,1903.74,4360,2721,1966,8043,62731,19781,20412
2015,7,10,91285,73079,97179,90998,13947,1903.74,2332,1358,2658,5135,58380,28576,28237
2015,7,11,61983,66557,15545,72252,54233,1903.74,1659,4183,2914,5662,59052,24960,6057
2015,7,12,59590,94765,24034,66426,32808,1903.74,1207,4092,4843,9737,31441,40142,36766
2015,7,13,44326,15127,65475,36985,6614,1903.74,560,3595,3115,8902,57199,27347,40207
2015,7,14,53514,43859,22883,36428,33037,1903.74,2739,2626,3050,7122,59051,25858,31935
2015,7,15,54891,11611,66303,31086,61349,1903.74,1227,1356,4221,6118,42657,35834,14096
2015,7,16,43261,74571,20783,82728,5675,1903.74,1427,4187,3191,9309,11967,21227,27982
2015,7,17,81245,39707,63854,90647,7832,1903.74,1504,2721,2219,5622,10159,44919,39258
2015,7,18,96903,47739,50594,42476,50793,1903.74,4662,1650,4172,7214,93132,12408,9603
2015,7,19,9778,69560,81739,47969,85222,1903.74,547,2817,4764,5753,73463,23947,10058
2015,7,20,71363,89969,53022,38582,89127,1903.74,3501,2380,1846,7286,44856,28063,13181
2015,7,21,76401,55871,4821,76926,87667,1903.74,3124,3795,3864,9782,78115,19085,47953
2015,7,22,91273,13663,51903,57389,29416,1903.74,2687,1564,1685,5734,39359,37164,41718
2015,7,23,80241,39213,39545,7512,6011,1903.74,1926,2410,1622,6746,59335,44288,1516
2015,7,24,21051,58812,58084,21267,56379,1903.74,1703,2650,1213,9924,21390,45628,36199
2015,7,25,16676,69078,96407,64713,86139,1903.74,1876,2730,2681,5714,13196,13691,2118
2015,7,26,58526,8520,96102,15149,31618,1903.74,788,4020,1210,7478,90286,13350,21790
2015,7,27,2775,13343,67333,68988,88300,1903.74,4616,1326,4152,7374,86039,26642,38723
2015,7,28,29492,87916,75725,37173,45689,1903.74,863,4214,2189,6642,35714,10328,32319
2015,7,29,35106,11503,24180,82059,78079,1903.74,786,1716,4159,5452,49840,48811,30818
2015,7,30,57796,14457,70138,31948,8183,1903.74,4941,2673,4092,5398,91197,39780,6177
2015,7,31,99337,58413,10347,6526,38082,1903.74,3036,3186,3915,8890,71596,16014,46061
2015,8,1,56986,49199,93545,26059,99040,2131.48,3853,4847,2493,8642,38030,35021,42356
2015,8,2,57095,92056,29114,74113,83254,2131.48,4800,3017,1944,6326,96098,24357,35247
2015,8,3,74363,85638,98273,92931,57234,2131.48,2315,1150,1642,5859,56628,31207,16618
2015,8,4,94568,56835,61055,23413,88988,2131.48,3433,2433,1140,7808,52898,40745,49085
2015,8,5,5498,42699,65115,67442,55377,2131.48,1798,1091,3202,6422,39021,36787,27566
2015,8,6,89393,97689,83711,21561,33548,2131.48,4119,3114,3524,5846,51526,18863,40339
2015,8,7,45611,76313,97650,53103,30212,2131.48,826,1426,4597,5313,19501,31326,1106
2015,8,8,2879,27653,27418,82433,50427,2131.48,572,4818,1942,9282,77730,30377,32791
2015,8,9,75973,46850,74845,89498,93376,2131.48,3360,3985,4034,9474,16888,49245,42723
2015,8,10,89261,68639,1306,98859,10304,2131.48,766,4534,4811,7916,28318,15237,37160
2015,8,11,6744,63891,71409,3574,83173,2131.48,3950,4145,2340,8794,64994,22067,15491
2015,8,12,51518,89707,61053,86904,12069,2131.48,1149,1328,4481,7622,16538,31136,35844
2015,8,13,90966,13075,10671,55777,37028,2131.48,2366,1046,4231,8774,80047,19302,38990
2015,8,14,40617,30351,77902,52957,39145,2131.48,518,2013,2601,9738,93917,44669,42896
2015,8,15,38271,46419,62351,9104,16577,2131.48,990,2542,3315,7262,79670,11694,28889
2015,8,16,72604,83389,38170,91836,58515,2131.48,591,4131,3566,8492,52087,16282,18217
2015,8,17,47740,43464,27429,96693,12243,2131.48,1362,1865,4115,9462,75968,11222,21346
2015,8,18,15305,82561,24587,23620,16176,2131.48,638,3778,3997,6976,96965,12511,20609
2015,8,19,58052,23909,61643,6619,28753,2131.48,2033,1491,4897,8932,73184,17182,30083
2015,8,20,92160,30899,69005,76275,67315,2131.48,3318,2618,3885,7904,12486,10060,11326
2015,8,21,54866,7905,65192,58863,47740,2131.48,2725,1590,2417,9368,28760,31169,28509
2015,8,22,45803,55794,7662,35700,10256,2131.48,4190,3766,4447,9547,95040,11761,47198
2015,8,23,873,4712,94380,61110,38968,2131.48,1170,3832,1225,5436,52694,38964,16970
2015,8,24,81222,6773,11108,99991,6141,2131.48,1160,3294,1332,5173,20345,22268,39868
2015,8,25,68723,74536,57387,13170,14083,2131.48,4930,1306,3489,5661,92416,12457,18779
2015,8,26,52632,29939,22642,10209,49004,2131.48,4173,1862,3460,9270,30215,20952,41689
2015,8,27,50148,77728,89247,62161,32901,2131.48,780,1622,1942,8166,31143,30913,9592
2015,8,28,26946,56074,62220,16787,8087,2131.48,595,2069,1860,8237,87278,49928,20988
2015,8,29,59926,86452,96506,58386,13084,2131.48,4337,4582,2151,9880,58095,20051,43073
2015,8,30,94527,75228,88026,11357,33395,2131.48,2269,1691,2945,6798,19668,16031,35521
2015,8,31,91829,55426,93102,9107,23663,2131.48,782,3587,3182,8243,58324,46265,30380
2015,9,1,54014,75848,84819,38949,50295,2088,3474,1054,4246,9526,75268,11118,21222
2015,9,2,3453,51960,19064,40646,61789,2088,3825,3565,3196,7931,57227,24927,35096
2015,9,3,49671,57167,8110,37914,15491,2088,581,4503,1573,6534,16912,46868,4375
2015,9,4,41622,58278,72391,17220,35813,2088,3338,4264,1948,7401,96261,44109,47659
2015,9,5,98849,45087,27676,27045,3019,2088,1971,2688,3421,6432,13916,23911,1255
2015,9,6,80807,92535,59768,93733,79287,2088,600,1824,2848,9342,38126,45012,34571
2015,9,7,77001,82817,34277,9322,46571,2088,3430,1702,1975,7457,88815,11345,46890
2015,9,8,48713,57139,80386,7134,33572,2088,2396,1468,1225,7040,24461,25511,37340
2015,9,9,58087,81414,96419,17287,10756,2088,2298,4107,1190,5862,29780,46635,1806
2015,9,10,9816,33212,58407,1791,97021,2088,3136,1474,1432,7052,69217,17158,47222
2015,9,11,97213,66615,1365,93439,40130,2088,3949,4567,3591,6910,31853,11318,42178
2015,9,12,48970,44152,71159,99035,7078,2088,2022,1892,1012,6998,35035,47522,1888
2015,9,13,34002,64524,93255,54713,74397,2088,704,1609,1782,6136,81399,15422,12473
2015,9,14,85241,66701,16488,25184,48421,2088,882,3741,3844,6794,12776,32273,48341
2015,9,15,64331,41151,49167,14833,11579,2088,3706,1931,1366,7870,16643,11658,1118
2015,9,16,50785,58343,43786,12575,1406,2088,846,2998,1885,7333,28181,13324,25185
2015,9,17,12026,20416,86752,20870,83808,2088,3143,4490,2029,8661,79322,18607,49528
2015,9,18,35567,58029,30539,16995,46341,2088,2818,3477,3228,6604,42403,39633,13534
2015,9,19,58141,73250,42632,50026,20583,2088,3035,3960,2580,9786,86181,41388,37166
2015,9,20,25666,39325,55879,82695,74338,2088,2653,4903,1874,9096,43249,38624,1553
2015,9,21,94429,16069,2102,32657,49025,2088,3642,2164,4106,5122,57190,21041,10858
2015,9,22,34791,96578,20002,42372,22716,2088,958,4732,1859,5989,47426,36196,6183
2015,9,23,73894,31432,62453,16178,62327,2088,4801,1754,3121,6520,89411,37145,5702
2015,9,24,84113,94406,94311,18219,25679,2088,4259,1821,4429,9260,19192,14014,17853
2015,9,25,31796,69304,68229,93655,91645,2088,1202,1889,3437,8654,98066,42115,32007
2015,9,26,30709,2868,98870,85182,26123,2088,2327,1942,4037,6637,44805,41068,4633
2015,9,27,34490,34065,17890,15271,59678,2088,3766,2824,2736,6702,11894,30732,3434
2015,9,28,35353,47681,12622,15142,72688,2088,2256,4747,3554,9938,19742,12068,10688
2015,9,29,93463,77256,82616,8852,60245,2088,4919,1085,2837,8330,26355,15494,27421
2015,9,30,53946,61474,61691,76682,81172,2088,3765,1523,2200,6386,48016,16239,13169
2015,10,1,21625,35987,93333,94103,57268,2045.97,3916,1758,3328,5544,11119,25749,49362
2015,10,2,79040,22205,69939,63200,64913,2045.97,2145,2737,2006,6006,23909,15014,23805
2015,10,3,50297,56785,92215,86683,4802,2045.97,1460,1425,1594,9792,36879,34411,24807
2015,10,4,25506,40796,85287,73834,53564,2045.97,934,2602,4961,5872,12153,16225,46406
2015,10,5,76029,45651,75316,61523,72182,2045.97,1536,2477,2360,5103,25511,43513,49225
2015,10,6,76262,8324,19940,37054,68116,2045.97,2817,4972,3966,6216,10742,33881,23171
2015,10,7,85861,66093,32836,37174,18318,2045.97,3399,4345,3343,8714,72220,45524,11341
2015,10,8,44291,15109,34354,33003,66564,2045.97,1516,2824,4540,5624,96230,19007,26217
2015,10,9,35978,84048,78981,66296,73503,2045.97,734,4362,2934,9363,96535,46251,45491
2015,10,10,60705,66287,6950,84048,95001,2045.97,923,1294,1268,6628,88645,43545,45522
2015,10,11,22845,15162,36370,23737,77969,2045.97,2744,3945,2998,8076,80241,22852,48952
2015,10,12,83567,46770,82215,77853,46134,2045.97,4104,1837,1388,7405,14482,22741,45103
2015,10,13,92927,3160,44736,19908,49788,2045.97,3452,3983,4893,6174,12720,42861,33381
2015,10,14,15126,21817,73160,64477,9893,2045.97,2328,4810,2873,5895,87662,29006,19753
2015,10,15,80998,78119,2196,58738,91876,2045.97,2830,4801,3942,5142,21061,45081,9432
2015,10,16,25947,50866,84066,7193,33392,2045.97,998,3517,4953,9564,29345,44845,46786
2015,10,17,9317,16674,71008,58543,18921,2045.97,2548,1269,4492,6096,75007,11367,25022
2015,10,18,81880,39190,62522,10823,31756,2045.97,2255,4054,1608,6320,81246,34191,49935
2015,10,19,19458,47652,49061,54411,87217,2045.97,607,2884,1430,5942,71426,30351,28406
2015,10,20,94341,25328,46621,63833,81424,2045.97,1551,3302,2169,8154,90476,25276,37980
2015,10,21,4007,29085,15683,71159,35405,2045.97,708,1214,4580,6158,41976,48148,46929
2015,10,22,99167,57585,77385,26949,76903,2045.97,2299,1242,1990,9014,35074,21913,48812
2015,10,23,74604,76627,51568,68125,97051,2045.97,3401,2409,2480,9083,88567,39236,8397
2015,10,24,22365,60269,10451,83297,81030,2045.97,1444,1630,1363,8828,23495,13090,2428
2015,10,25,73992,97148,90861,64482,17420,2045.97,2746,3374,1086,5398,76499,32315,42287
2015,10,26,79063,86253,49725,82895,95336,2045.97,3482,4051,3559,8933,17347,45940,38292
2015,10,27,17713,65144,92488,60428,90325,2045.97,854,1344,3129,7302,45149,46900,15983
2015,10,28,13192,14248,55276,48456,34914,2045.97,2122,1338,4378,6846,29573,46065,48127
2015,10,29,1490,68057,80118,16401,33342,2045.97,2340,1053,3960,9664,27832,35636,13817
2015,10,30,20811,7877,66304,50292,95134,2045.97,2192,3324,2052,8819,73131,43317,27805
2015,10,31,16946,70255,39998,67676,33453,2045.97,806,1294,3978,6561,67694,37319,19571
2015,11,1,96388,54725,35691,17567,82557,1345.93,4728,1762,3981,5020,15414,31786,21327
2015,11,2,18565,10243,90191,87384,99726,1345.93,680,1331,4856,9424,36136,25779,49860
2015,11,3,34800,87431,79758,61362,71477,1345.93,3091,2863,1801,9142,85430,20710,17078
2015,11,4,91460,40159,27496,11793,61531,1345.93,3578,1654,1007,8310,83829,22084,29414
2015,11,5,49981,4510,58417,89837,25569,1345.93,1967,1720,1982,6930,38081,19810,44553
2015,11,6,95155,72525,37675,33308,42658,1345.93,4017,1902,1942,7864,62260,15004,39457
2015,11,7,27278,22192,37592,83285,72312,1345.93,748,3643,3634,9398,44832,34203,37774
2015,11,8,24690,76800,60924,23024,4877,1345.93,2833,1382,2880,6859,49690,46889,15357
2015,11,9,2668,20060,13710,98635,17925,1345.93,1131,1678,4512,5366,44838,12734,42322
2015,11,10,64200,16560,58172,22835,63049,1345.93,2037,4089,1155,8634,27112,16646,3004
2015,11,11,99669,36298,17415,3901,99510,1345.93,2141,2176,3515,6870,17162,21439,33457
2015,11,12,73172,89646,82994,4037,16073,1345.93,3564,1114,2094,6970,12450,40142,44184
2015,11,13,84740,26495,44232,80895,10807,1345.93,3277,1826,1406,5691,47078,12420,37696
2015,11,14,99148,14220,74735,19016,11422,1345.93,1806,1900,1542,6151,19954,47614,41897
2015,11,15,16687,44898,94238,93781,26633,1345.93,558,1371,3837,6926,17244,16086,47344
2015,11,16,14905,6896,77823,55250,38939,1345.93,2806,4438,1918,5090,73453,16894,24902
2015,11,17,10790,30260,67840,8684,2764,1345.93,1297,4449,4069,8694,13230,10701,39173
2015,11,18,14230,79857,88426,38068,90715,1345.93,840,1246,1186,6484,77219,25580,13395
2015,11,19,24491,21379,30019,79964,23919,1345.93,3209,1059,1462,8454,59742,11410,3472
2015,11,20,36573,66040,72296,70642,82927,1345.93,2694,3507,3085,9914,67926,38799,1878
2015,11,21,65867,73342,10771,2508,56580,1345.93,3087,1069,1448,8105,77384,15990,4342
2015,11,22,27929,40594,17050,78012,71642,1345.93,2208,4565,4183,5855,11558,42109,26793
2015,11,23,54085,59254,71970,52171,28077,1345.93,2321,3942,3237,8091,12802,19816,39896
2015,11,24,88786,90890,67238,14505,98996,1345.93,998,1923,1790,7544,21286,23209,44623
2015,11,25,90689,84848,97775,49872,20703,1345.93,3333,4787,1290,9974,26957,29366,25686
2015,11,26,20198,84279,39662,33435,68723,1345.93,4602,2507,3352,6840,72011,17408,2464
2015,11,27,31463,68859,1976,33030,82755,1345.93,2590,3442,3108,6717,39665,45163,23262
2015,11,28,62403,47999,19951,63693,28301,1345.93,3058,3498,2537,5448,98284,32611,13260
2015,11,29,85183,17888,90119,44888,21080,1345.93,3586,3893,3692,5561,15446,46446,28483
2015,11,30,45176,24514,36241,69636,77583,1345.93,4798,4984,3904,8870,14734,18556,25906
2015,12,1,13087,33407,61898,62159,31692,1853.74,2340,1870,1968,8579,87009,29461,44509
2015,12,2,12167,55903,43154,34080,74177,1853.74,4254,1622,2191,5242,92623,34448,5952
2015,12,3,80041,32608,58353,31142,52636,1853.74,500,1454,1667,7508,27880,16726,43262
2015,12,4,34611,91573,90641,51942,16505,1853.74,2754,3670,4903,7326,79101,40432,44002
2015,12,5,13211,74709,71826,71754,39951,1853.74,1201,1342,3408,7318,67483,32396,14450
2015,12,6,24168,29337,64471,17187,69438,1853.74,1897,1626,1126,5084,72340,33130,42351
2015,12,7,26540,20095,61801,92795,27354,1853.74,4578,1915,1962,5646,28668,21912,7255
2015,12,8,85854,51223,8255,15614,48481,1853.74,3009,3999,2778,9946,12380,23567,42091
2015,12,9,71182,64435,60320,87809,96973,1853.74,938,4863,4106,9091,49009,12811,49012
2015,12,10,56346,98589,86080,4660,19993,1853.74,2923,2197,2321,7529,54162,47153,31100
2015,12,11,25972,52173,52505,80102,31004,1853.74,3669,3537,4476,5590,22697,11230,25043
2015,12,12,29352,59988,9016,14810,59079,1853.74,2621,1775,1613,7410,52786,42957,8026
2015,12,13,61152,45710,15155,59826,63240,1853.74,1978,4210,2840,5835,69312,35196,19317
2015,12,14,50878,89334,20086,90354,69674,1853.74,4506,4024,2769,8521,13834,28200,42783
2015,12,15,26547,57808,26328,99512,87860,1853.74,2468,4010,4823,7958,17680,38062,29115
2015,12,16,9644,32167,93626,47484,8002,1853.74,4031,3878,2270,9116,65583,38295,12938
2015,12,17,28251,25090,37320,47373,9964,1853.74,1924,1509,3960,8251,52373,46819,1154
2015,12,18,47366,44842,62183,88542,85169,1853.74,2955,4811,3183,6580,58646,11184,21018
2015,12,19,65870,7679,86415,34492,93147,1853.74,2786,2749,3439,7414,85121,13638,1999
2015,12,20,77612,27046,56265,86573,95297,1853.74,4743,4014,4830,7730,63907,21350,8638
2015,12,21,49296,56863,66162,52479,43444,1853.74,790,1338,3838,5572,60156,16682,24809
2015,12,22,34780,32943,96086,44572,59401,1853.74,4325,2012,4603,9574,39936,36252,31207
2015,12,23,45579,39680,95267,31762,17958,1853.74,3111,3604,2387,5625,52434,25830,9174
2015,12,24,26786,32450,17848,75624,15232,1853.74,3959,1362,1900,7030,27285,36698,28004
2015,12,25,27604,91612,23711,52208,12201,1853.74,3459,4131,4677,5558,22244,15974,13647
2015,12,26,75603,25356,37591,7990,27333,1853.74,718,4117,3826,8019,29740,20409,40026
2015,12,27,96023,80053,36773,23320,26450,1853.74,1369,4052,2020,5686,22611,34221,14058
2015,12,28,30078,27423,74705,49756,27500,1853.74,814,4453,3655,7684,27443,15988,46949
2015,12,29,64062,43968,36458,2888,61987,1853.74,3297,4360,2602,6421,14031,39051,16199
2015,12,30,6831,40402,59456,78852,6833,1853.74,4424,1910,4489,8266,12098,13394,32068
2015,12,31,67429,23111,72795,22436,80795,1853.74,4775,4855,1122,9934,64095,38894,16590
2016,1,1,53745,13255,86386,80166,43639,1534.71,3347,1594,1243,8822,14456,49662,41789
2016,1,2,61623,44134,59153,32103,47151,1534.71,882,1074,1639,8318,67407,34581,28846
2016,1,3,43094,28616,95138,84327,9063,1534.71,3109,2806,3638,6838,59323,14562,34033
2016,1,4,2635,62671,7668,53879,44870,1534.71,3540,2843,1534,9044,71298,38879,31244
2016,1,5,7890,87181,25493,25882,25499,1534.71,1814,3592,2866,7834,69270,46928,9252
2016,1,6,22336,77381,26087,85975,4579,1534.71,4602,2213,3080,7254,61091,42949,35410
2016,1,7,64866,80984,32145,56594,76381,1534.71,1824,4269,1256,7316,26502,32473,3443
2016,1,8,62921,3317,1066,787,91621,1534.71,4067,1258,4068,6505,16281,18646,20337
2016,1,9,91916,42237,92212,39996,92211,1534.71,4296,3427,1286,7792,46372,27018,19655
2016,1,10,1236,58198,27640,8211,11866,1534.71,683,4785,1366,8101,91924,31782,20495
2016,1,11,28438,72344,28443,8858,78849,1534.71,3855,1536,3311,6067,27110,11873,11076
2016,1,12,55722,92759,85301,22712,90552,1534.71,1081,3138,4870,7452,32700,18087,31674
2016,1,13,80568,73384,92874,70730,31485,1534.71,3864,1273,3492,7306,11926,18790,34798
2016,1,14,58382,95339,39457,78046,97758,1534.71,4918,4830,1364,6314,92542,32580,32919
2016,1,15,23245,58624,7071,29467,68697,1534.71,3905,1240,4505,6778,52697,27342,39771
2016,1,16,57928,21562,53616,31420,35220,1534.71,966,4952,1788,9568,17426,30897,21451
2016,1,17,22487,10621,50728,14516,2192,1534.71,3447,1787,3245,6869,87605,13202,43270
2016,1,18,92992,51511,68910,22498,24642,1534.71,4839,2568,4519,9806,30340,11090,21607
2016,1,19,41257,30453,21043,24397,86373,1534.71,596,1750,2364,9522,56078,20907,41745
2016,1,20,15643,69526,29047,50240,22748,1534.71,3533,1486,4513,9798,54587,25506,33004
2016,1,21,60401,70779,8076,19920,56938,1534.71,1009,3193,1822,8403,38942,21591,4768
2016,1,22,10148,60588,13154,78864,32961,1534.71,1122,4955,1894,6110,15194,27856,19232
2016,1,23,44524,85080,9947,45390,23874,1534.71,895,4273,1664,5322,16798,17212,14535
2016,1,24,50090,35202,23148,51661,19958,1534.71,4603,1814,4028,5524,25320,21989,12090
2016,1,25,21989,7795,36945,77098,19316,1534.71,1305,3838,3570,5038,25579,27443,18491
2016,1,26,62139,12828,61718,13803,8150,1534.71,3756,4591,3815,7642,26251,15118,32262
2016,1,27,40345,82208,229,95725,34965,1534.71,2713,3304,3343,8142,66754,19010,25549
2016,1,28,89501,38060,49201,59423,35664,1534.71,3217,2801,2607,5174,27956,12108,24781
2016,1,29,13549,66713,86700,63716,44968,1534.71,2487,1663,1510,7715,97387,12826,29304
2016,1,30,59617,81454,36131,9312,2463,1534.71,3321,3314,2296,7521,67736,42959,19237
2016,1,31,18654,37307,7114,6261,68593,1534.71,3369,3492,1781,5710,62207,13100,35070
2016,2,1,96047,64764,62234,30115,78503,1749.07,4730,4955,2542,5393,62418,46778,25060
2016,2,2,93715,70733,70427,37588,54822,1749.07,1241,2127,1851,8853,77071,38272,29739
2016,2,3,13575,91917,40054,51348,70476,1749.07,2070,2874,4268,5318,12988,29122,19506
2016,2,4,22068,19071,39079,99610,34464,1749.07,2740,4529,3580,9518,98468,43401,1497
2016,2,5,79257,71062,51881,82460,66268,1749.07,731,1193,2220,7136,47540,24047,45305
2016,2,6,96642,65964,6922,97262,46620,1749.07,1384,3686,1354,7286,84648,12302,36262
2016,2,7,33311,13741,67028,21891,13259,1749.07,1644,3867,1557,9876,91326,19176,15497
2016,2,8,95181,28411,15371,48753,21899,1749.07,4152,4892,3873,6073,32153,41844,12911
2016,2,9,48688,24890,60532,4019,56704,1749.07,1517,1365,1114,7098,44608,19554,11532
2016,2,10,59041,26253,13749,11951,92481,1749.07,1126,2661,1189,6496,52765,38087,21428
2016,2,11,25760,41918,22980,54633,54344,1749.07,2829,4382,2726,6730,23400,35782,21486
2016,2,12,1244,49918,8500,92867,59815,1749.07,2747,3854,1432,7848,47156,38192,3108
2016,2,13,65628,78284,92206,48169,41132,1749.07,2607,1890,3240,5587,37875,23935,44971
2016,2,14,63425,705,93318,92503,40417,1749.07,4636,3011,4339,6282,50877,18316,33070
2016,2,15,56244,64977,94360,51956,9177,1749.07,618,1155,1151,8704,39323,27282,41517
2016,2,16,10027,91932,60526,29619,83871,1749.07,3553,3646,1808,6454,56148,38576,14753
2016,2,17,62645,50786,46588,61984,53922,1749.07,1136,1516,3792,7418,78471,17314,13817
2016,2,18,73364,34971,95477,9515,83675,1749.07,3149,2006,3083,9206,39671,43305,34801
2016,2,19,94779,43226,6952,42939,72800,1749.07,1514,1802,1958,8916,13778,16598,13100
2016,2,20,8270,51267,27027,3414,83115,1749.07,2734,2829,1820,6432,98696,13702,21850
2016,2,21,54364,1846,66900,13799,98224,1749.07,2103,3001,1148,8118,52291,38947,6572
2016,2,22,43506,83806,90744,90095,78259,1749.07,603,2879,1586,7972,12594,38902,4522
2016,2,23,55832,14028,28084,12652,33591,1749.07,849,4305,3624,5508,18103,26847,26780
2016,2,24,75673,91559,36201,58173,55613,1749.07,3471,1906,3648,8438,21915,33258,38492
2016,2,25,25089,12520,86138,80877,62853,1749.07,1130,3683,2809,8436,47686,12808,42431
2016,2,26,90994,33537,60705,35970,2638,1749.07,4169,4661,1717,6914,52833,17372,45160
2016,2,27,36566,66305,90503,25214,70520,1749.07,3472,1959,1289,7758,92835,16594,12419
2016,2,28,3392,45318,39178,26201,25883,1749.07,3951,3227,1751,6007,85549,39388,36864
2016,2,29,71167,64719,50402,74236,96440,1749.07,4268,3004,4539,9771,74570,12830,3235
2016,3,1,99395,68370,26183,10356,77557,2211,862,4225,4500,5312,65107,22716,30324
2016,3,2,71604,14688,9468,47611,237,2211,546,4954,1228,5716,77745,18844,15209
2016,3,3,74986,27103,4736,31109,1673,2211,1001,2418,1742,8762,44125,23422,11146
2016,3,4,88859,74225,79000,74712,63229,2211,2427,4831,1230,6502,98793,25381,44107
2016,3,5,38455,50275,56688,54065,75992,2211,4260,2328,2887,8000,14788,45911,34434
2016,3,6,55141,30790,13330,17359,89325,2211,780,3182,3031,9779,52893,27611,23807
2016,3,7,80238,16673,62443,71736,89920,2211,2116,3373,4214,5302,98789,20205,27588
2016,3,8,70942,88050,3886,48829,82045,2211,4739,3536,1638,8850,70894,10286,18674
2016,3,9,48227,28027,33321,12610,64158,2211,910,1504,1190,9014,32482,41861,2567
2016,3,10,12955,95951,86588,57169,16107,2211,3725,3399,4778,7610,52227,38174,35377
2016,3,11,16284,13319,58064,82098,87739,2211,3587,2317,3336,6907,64926,15410,45310
2016,3,12,5826,21500,30945,57769,40514,2211,4629,3467,1468,6216,10635,16384,29779
2016,3,13,71594,20713,11588,77724,18323,2211,897,1924,3485,7930,49406,31223,30167
2016,3,14,69271,2994,33541,58959,6254,2211,4155,2078,1318,7030,86198,43183,14820
2016,3,15,39879,85829,46652,31960,72045,2211,618,4989,4351,8086,37712,29025,23639
2016,3,16,48253,3611,79984,41738,27571,2211,4313,3192,3735,9205,72150,19982,29390
2016,3,17,20377,1307,83419,56695,77759,2211,1230,2636,1810,9233,65948,43841,19618
2016,3,18,19224,6096,3832,29927,90534,2211,3952,1166,1294,5287,13227,39076,41544
2016,3,19,1029,52541,2269,49764,58098,2211,1103,3474,2077,9054,51520,36187,40772
2016,3,20,90492,17751,3824,62289,46984,2211,1129,1207,2218,9960,96133,49103,19772
2016,3,21,51505,71438,54242,13010,26725,2211,2085,2753,1360,8718,93868,44457,17469
2016,3,22,11478,14973,89284,3555,35847,2211,1093,1337,4906,9916,88625,38242,7157
2016,3,23,96041,94755,20802,4611,4716,2211,3714,2571,1076,8624,85580,47800,33287
2016,3,24,58128,87667,91906,94488,8373,2211,602,4849,2098,9170,39755,11806,2127
2016,3,25,68089,45849,79282,42995,72117,2211,2588,4508,4012,9492,89119,11382,34259
2016,3,26,84381,9186,72651,5457,83493,2211,4608,1619,2249,6086,52458,20621,8232
2016,3,27,63641,57755,6823,97091,68687,2211,1386,1774,3777,5667,96121,30893,46578
2016,3,28,46278,10062,65403,25290,44804,2211,1721,4183,1078,8752,50991,29902,20874
2016,3,29,88955,20600,37874,51204,98466,2211,3176,3457,4437,10006,75547,33124,40332
2016,3,30,7928,41934,69899,16705,3953,2211,3950,1902,2433,5704,91871,14382,32372
2016,3,31,66578,33593,99124,62988,64316,2211,4241,3270,1436,7114,17922,35531,1990
2016,4,1,59003,63989,68235,4001,55889,2914.83,3280,2821,2609,5374,18126,19980,1359
2016,4,2,75287,84708,78766,87343,76579,2914.83,3919,1522,1476,6526,90838,47942,32354
2016,4,3,92500,44109,85009,89614,64934,2914.83,3410,3935,4527,6610,44288,40415,20540
2016,4,4,79356,72569,4590,83317,33905,2914.83,4649,1096,3774,8414,12885,11606,39068
2016,4,5,97121,83158,43228,44949,16416,2914.83,2891,3915,3173,7899,14880,18928,34066
2016,4,6,14791,24644,83395,65670,2641,2914.83,1085,3347,1602,7026,81664,16534,27683
2016,4,7,16094,51314,92403,39868,16080,2914.83,1572,3199,3444,6152,58148,19470,5288
2016,4,8,50218,17392,30128,44744,61643,2914.83,4202,1432,2354,7906,42101,20006,11360
2016,4,9,47984,14539,19695,64586,7917,2914.83,1444,4009,4023,7702,80229,35102,1359
2016,4,10,29135,53154,98303,17579,69306,2914.83,3790,1760,1545,5269,80618,34539,22803
2016,4,11,46630,1173,77324,65336,5121,2914.83,670,3103,1290,6376,34041,24583,35777
2016,4,12,7735,65486,14946,76758,89333,2914.83,3211,4818,4679,6513,68748,11094,45175
2016,4,13,65668,7540,86213,88565,9161,2914.83,3103,2141,4354,6966,37477,11662,33183
2016,4,14,86204,7808,75283,36519,30536,2914.83,2453,3269,4808,9622,31378,30492,9324
2016,4,15,53925,9590,15311,18605,2456,2914.83,596,4474,4302,7857,73039,33462,1678
2016,4,16,71040,46143,5605,71746,96570,2914.83,3923,2772,2240,9205,35642,47775,43082
2016,4,17,78529,63096,52397,53338,5495,2914.83,754,4418,4715,7406,94374,28522,1086
2016,4,18,82256,79668,12998,6558,67525,2914.83,1371,4915,2178,8327,43012,28747,36037
2016,4,19,21409,36937,27872,5001,6142,2914.83,4127,1022,2961,6122,70711,48455,13514
2016,4,20,71650,20893,24226,97718,2737,2914.83,1239,1343,4619,9236,24252,32144,18601
2016,4,21,41625,80625,53412,73804,58952,2914.83,3902,1712,4712,6774,13766,22205,12777
2016,4,22,26640,20841,73228,69601,8716,2914.83,3055,1490,1183,8633,94434,17974,43939
2016,4,23,77234,37026,1616,91853,76263,2914.83,706,4238,2843,7798,16092,31795,25868
2016,4,24,72889,43297,94860,38953,90071,2914.83,1157,1709,3763,5966,86310,42479,46572
2016,4,25,61028,20718,39197,42211,79351,2914.83,2482,2935,1320,7334,81140,13269,33631
2016,4,26,86317,71489,97509,9161,47953,2914.83,2307,1690,1646,8694,59792,21619,21902
2016,4,27,15090,87303,4682,48854,4392,2914.83,2684,1702,3060,6880,23981,23763,7344
2016,4,28,96863,82816,96699,83870,43265,2914.83,3491,4580,1368,7351,55092,29983,44191
2016,4,29,15605,62400,50825,97155,80918,2914.83,3773,1007,4270,6918,61212,18661,26969
2016,4,30,97150,68897,433,41563,32129,2914.83,660,1398,3580,8375,29211,16844,24414
2016,5,1,92703,12777,54598,86406,84222,2340.84,2010,2972,1756,9164,43890,45077,34581
2016,5,2,67938,56250,25700,57745,17462,2340.84,1245,2709,1145,5624,34837,15350,10714
2016,5,3,78133,80180,25491,72861,25743,2340.84,862,3445,2814,6375,21202,22035,8687
2016,5,4,17308,23213,85009,69065,22377,2340.84,4141,1666,1499,9840,80762,18960,45251
2016,5,5,50554,52008,21670,28051,81168,2340.84,1312,4299,3037,7238,48511,28779,22859
2016,5,6,96841,10290,13577,34656,26665,2340.84,1690,3972,4343,8050,29388,13072,1132
2016,5,7,3301,9882,36091,4800,16074,2340.84,958,1627,1563,8132,11029,32730,33205
2016,5,8,50991,57343,58383,20380,45497,2340.84,511,2337,2183,5439,93344,10199,6894
2016,5,9,96571,50035,20524,70915,24438,2340.84,686,2737,4792,6428,32537,25866,49912
2016,5,10,69633,89001,58846,87548,67134,2340.84,566,3123,3568,8660,54855,10844,36227
2016,5,11,51906,70367,64107,69089,15806,2340.84,640,2376,3836,6163,99642,48273,7451
2016,5,12,16076,99981,76012,92220,52761,2340.84,3085,2392,3900,6574,19888,47385,24901
2016,5,13,29510,96570,15510,89430,25230,2340.84,4846,2135,2082,5304,62575,39239,36717
2016,5,14,32755,8216,1616,72944,74380,2340.84,2568,1806,2589,9931,99025,20349,17610
2016,5,15,54832,83464,9094,85085,26746,2340.84,2469,1254,1954,8670,62036,23536,35386
2016,5,16,1047,73235,67024,74481,48540,2340.84,3720,2645,4166,6778,70588,44897,45951
2016,5,17,99298,24510,51704,33239,54441,2340.84,4940,1258,1096,5385,10708,27289,17081
2016,5,18,80771,9530,49896,29078,40213,2340.84,3965,1258,1518,5988,32091,16409,28284
2016,5,19,48291,95812,64055,2457,93851,2340.84,3705,4499,1018,7070,42738,29944,2002
2016,5,20,98842,79031,71921,49385,24416,2340.84,3025,1538,3510,9273,66967,48722,32629
2016,5,21,37557,85933,6333,55427,88273,2340.84,1835,1562,4234,5890,55371,44437,38424
2016,5,22,53238,19077,53937,28742,67190,2340.84,742,1030,2056,6958,31766,32824,13027
2016,5,23,45939,74793,54363,70801,418,2340.84,4522,4325,3613,5855,19514,11885,21330
2016,5,24,64279,31588,64800,14866,33830,2340.84,4302,2066,1208,9590,15807,22788,20171
2016,5,25,42618,7198,5171,51026,70508,2340.84,3849,2797,3080,8211,14422,28497,36937
2016,5,26,75893,23121,99176,99506,65328,2340.84,2742,1926,1038,8894,60823,24344,8928
2016,5,27,29065,36478,61411,1016,82420,2340.84,650,1462,2119,5325,92414,37626,43571
2016,5,28,98615,76264,20424,26695,30828,2340.84,1544,1719,3494,5822,22577,28821,24022
2016,5,29,79647,66672,74780,36513,75566,2340.84,2208,1974,4783,9952,21997,37203,1955
2016,5,30,14894,78506,28592,32013,23831,2340.84,990,2444,2269,5540,65491,44448,21006
2016,5,31,96788,37036,51168,76634,24107,2340.84,918,1814,1768,6586,72968,32333,40097
2016,6,1,178,53316,53325,21501,91666,1618,1393,1430,1910,9524,10352,12962,6880
2016,6,2,20748,49150,20098,93513,14641,1618,1651,3027,2064,6578,16980,22161,14546
2016,6,3,5092,28590,95282,1678,1558,1618,1569,3086,2282,6245,39586,10608,43967
2016,6,4,93125,75980,91822,94948,77089,1618,1423,2835,2674,7872,15410,48666,18526
2016,6,5,2418,14352,83046,34482,13989,1618,2994,4079,1471,8275,37108,17554,7883
2016,6,6,12243,20030,88820,25877,72628,1618,2527,1512,1484,5700,77050,47826,28407
2016,6,7,74226,94826,12014,58253,32698,1618,3270,1466,4065,6316,18470,48053,19714
2016,6,8,64199,75295,83485,17023,59923,1618,2755,3516,1973,5862,30744,29600,20593
2016,6,9,37685,78272,11705,58423,50324,1618,2600,4548,3580,7790,82800,32629,38755
2016,6,10,20680,56072,84097,71097,28740,1618,501,4289,3042,8985,42663,37964,36397
2016,6,11,55930,46771,42833,12903,39698,1618,3855,2381,3199,9094,52155,18522,23577
2016,6,12,75666,41108,59424,75598,42074,1618,3227,4104,2006,9322,50200,26089,8576
2016,6,13,95072,85702,85380,73114,21039,1618,2430,1967,1165,8694,12452,47214,44395
2016,6,14,60192,65077,24596,28391,51988,1618,3265,2653,4210,9040,13030,42635,43104
2016,6,15,97616,27830,71740,28615,20153,1618,4703,1575,1406,6434,18786,11382,38292
2016,6,16,50830,48472,54702,58347,18734,1618,560,1134,3703,6507,40019,10691,27276
2016,6,17,39611,3285,54697,90174,58677,1618,4160,1291,2128,7270,10126,38632,24299
2016,6,18,9192,22314,70209,65889,28748,1618,2270,1866,4720,7918,70626,24805,41250
2016,6,19,59248,92539,70083,34303,39047,1618,4993,1142,4737,6041,12334,38413,10102
2016,6,20,90341,695,61057,92469,71595,1618,2452,2137,4627,7660,63025,29726,12315
2016,6,21,25262,6649,42008,64982,4973,1618,4787,1152,1524,6221,14873,10570,28986
2016,6,22,36323,76220,71931,82412,92261,1618,824,2600,4158,7550,91420,12104,23465
2016,6,23,10547,38874,59242,11526,72886,1618,1252,3147,1619,9611,79480,16591,38620
2016,6,24,28597,35620,47163,50121,61841,1618,2042,4514,3254,5325,96925,30515,12036
2016,6,25,88790,84102,29468,79300,32335,1618,1403,2880,1113,6996,54406,15350,37241
2016,6,26,71968,12011,63498,33587,27974,1618,738,1569,4949,7339,23042,13590,9331
2016,6,27,25728,66437,71305,80334,81762,1618,2200,1902,3683,6668,66201,17369,34583
2016,6,28,10261,7605,76603,2726,40954,1618,3075,2920,4370,7925,46507,37343,31009
2016,6,29,7256,63037,60265,2205,26729,1618,3994,2455,1095,6651,49140,14208,33307
2016,6,30,47586,76342,51112,32621,49362,1618,4990,4621,2621,6592,62346,48574,33665
2016,7,1,46774,11495,33323,94699,74354,2385.55,1953,3742,2281,8310,80470,46940,37018
2016,7,2,95857,49278,63036,42508,98418,2385.55,806,1110,3354,9065,40471,12019,27244
2016,7,3,89056,16445,69641,15648,78791,2385.55,951,1916,2412,9273,36614,12502,34567
2016,7,4,92643,54921,56861,89924,75431,2385.55,1863,1286,1607,9898,30146,11078,37331
2016,7,5,93495,36591,92488,88201,75656,2385.55,1571,1062,1520,5136,13061,10897,32959
2016,7,6,87130,19013,2814,99543,74638,2385.55,2660,2279,1410,9520,57203,36130,39429
2016,7,7,13203,60419,73769,16162,10318,2385.55,2537,1374,3209,6376,16736,48864,20267
2016,7,8,75688,24936,29928,41443,27499,2385.55,2339,4628,3353,5153,30522,11990,42989
2016,7,9,60934,49535,20271,71634,25407,2385.55,4115,3608,4243,8480,71121,30912,43826
2016,7,10,855,88659,1076,74064,15036,2385.55,4279,1454,1462,9206,48516,28224,9440
2016,7,11,28548,50856,9205,6901,72361,2385.55,1242,3293,1234,6512,21278,31018,39727
2016,7,12,90338,11746,85979,44582,75982,2385.55,1845,1835,2110,5852,67250,43497,23452
2016,7,13,68713,6530,572,19439,92089,2385.55,2662,1280,1294,6448,43887,38655,49088
2016,7,14,79298,36482,38301,84911,32995,2385.55,2280,4683,2676,9232,10006,30009,25932
2016,7,15,8063,42463,73197,86525,85384,2385.55,1373,1818,1976,6944,89885,39064,40447
2016,7,16,62384,3900,76052,95031,27119,2385.55,3685,1416,2771,8337,91326,22117,36291
2016,7,17,14269,39959,78154,18298,74570,2385.55,3306,2632,1231,6042,69156,22966,28770
2016,7,18,28302,65531,93414,91630,78827,2385.55,693,2562,3550,6202,52592,30668,49651
2016,7,19,75739,52630,53437,64863,7319,2385.55,3331,1587,1073,5966,39884,25642,11115
2016,7,20,60255,54543,74627,97838,42398,2385.55,2156,1408,1340,6921,62328,20843,43784
2016,7,21,46573,9375,78406,66475,48823,2385.55,3494,4561,1330,6931,11560,23649,47350
2016,7,22,28046,9107,61589,29119,90592,2385.55,1113,1700,2366,5739,65034,14764,17825
2016,7,23,55875,2191,85464,97892,65465,2385.55,3735,2036,3517,6994,94862,22340,14144
2016,7,24,77195,8357,63254,93525,75288,2385.55,2173,4685,3134,5113,65155,35077,19029
2016,7,25,12938,86269,52275,85305,98361,2385.55,1420,4234,1712,8235,52126,10590,17310
2016,7,26,82379,87214,29704,72249,706,2385.55,940,2899,4274,8396,71424,24561,24566
2016,7,27,59574,4950,60599,54060,64,2385.55,4137,4352,3374,5674,14656,26734,25755
2016,7,28,8721,47429,80970,60925,65664,2385.55,2239,4394,1660,8295,36642,37365,49448
2016,7,29,32861,47583,31618,82135,38128,2385.55,3048,2700,1398,9998,68111,40757,19394
2016,7,30,25753,7249,86463,70480,98661,2385.55,2213,3732,4899,9078,16278,46914,17471
2016,7,31,60334,63249,11309,96994,87896,2385.55,711,1520,3236,9342,19242,16363,14303
2016,8,1,58643,80416,58768,74993,48528,2332.97,745,2127,2339,7576,70787,19809,49526
2016,8,2,84790,10873,84709,95677,11881,2332.97,1009,1480,4283,9355,79375,23586,31624
2016,8,3,20067,16484,51823,18747,52078,2332.97,1819,2071,4953,5586,16574,29832,34539
2016,8,4,11464,19161,51961,13803,6737,2332.97,3612,2878,1323,9354,14246,28204,39100
2016,8,5,82648,75916,69685,41932,45271,2332.97,517,1374,1895,7392,84082,10678,15413
2016,8,6,68230,20902,77396,99536,32841,2332.97,4367,4303,3619,7679,58106,10720,29459
2016,8,7,3132,8071,13234,69455,42743,2332.97,2658,1590,4055,7400,83673,20677,33140
2016,8,8,15460,49191,36015,97355,99234,2332.97,4030,2463,3702,5730,66998,13094,36449
2016,8,9,20884,62718,67198,19503,26750,2332.97,1210,4880,4725,6430,99334,17650,25304
2016,8,10,3936,63346,50563,29343,13393,2332.97,918,3851,4777,9570,26205,49010,34236
2016,8,11,88835,6588,66474,78889,48013,2332.97,870,3895,3893,5264,19030,11294,49824
2016,8,12,94284,62313,1875,60361,33108,2332.97,4180,2042,1820,9742,82736,44297,1209
2016,8,13,53978,82757,23149,53755,35142,2332.97,4117,1338,2292,7798,19215,20304,15706
2016,8,14,18119,20998,5553,47012,73626,2332.97,4005,4260,3966,7102,44620,22073,26655
2016,8,15,38440,13802,75469,19346,33544,2332.97,3642,3873,2312,6296,73979,17622,24557
2016,8,16,18849,43097,49134,91142,95040,2332.97,2797,3157,1406,6708,76520,45675,34702
2016,8,17,76356,95526,79936,65322,16405,2332.97,3747,1195,4709,5567,90540,18446,40909
2016,8,18,70124,20536,24830,43789,73679,2332.97,3946,2526,3257,8079,14838,19648,48810
2016,8,19,19133,44170,99158,24832,93871,2332.97,506,1878,2554,6794,51899,20310,25678
2016,8,20,57703,71999,91507,28764,67566,2332.97,4719,4041,3933,9108,14181,17936,48399
2016,8,21,89711,83128,17843,64320,17559,2332.97,3968,1691,3382,9477,61522,22253,34214
2016,8,22,41508,98381,42480,29062,15175,2332.97,724,2876,2729,7174,17991,16646,10731
2016,8,23,71981,67712,20688,7267,58613,2332.97,2581,3322,2995,6918,12641,35554,34869
2016,8,24,84638,62962,88598,79372,28792,2332.97,1624,1222,4851,7430,15711,30026,1030
2016,8,25,21187,81436,69255,20268,55018,2332.97,1913,3350,1309,7916,50616,29921,37247
2016,8,26,75174,83198,94596,9522,49974,2332.97,670,1934,1550,8694,30333,15341,23589
2016,8,27,16496,81959,1992,81347,8766,2332.97,2724,1303,4138,6672,66570,20507,17703
2016,8,28,66930,69837,13858,38239,93790,2332.97,3159,3962,1530,9106,78483,30348,30826
2016,8,29,2695,39911,97663,5597,89935,2332.97,2289,2781,1305,9280,16542,35071,27996
2016,8,30,56984,81853,97727,72474,45184,2332.97,4332,3464,1970,9542,66702,44274,14298
2016,8,31,70368,51214,29589,67095,30320,2332.97,3794,3014,1382,5854,54962,36973,24425
2016,9,1,92253,9755,82110,31533,30235,2630.47,4867,3439,1259,7394,73622,11908,33533
2016,9,2,53026,18440,62394,42568,85142,2630.47,4286,1355,2607,6381,83026,43383,23020
2016,9,3,10176,32393,74071,37985,87356,2630.47,3788,4607,2149,5897,11139,17384,27396
2016,9,4,9431,32360,45824,57042,26052,2630.47,3949,4076,4236,5398,21643,11470,35798
2016,9,5,54362,50931,8438,23321,63664,2630.47,3056,3838,3856,6966,11822,11211,41464
2016,9,6,874,5611,90819,4375,97861,2630.47,1758,2290,1346,7876,64331,26720,18310
2016,9,7,36084,49633,72149,6672,80975,2630.47,3753,1687,1074,7190,91359,41089,10145
2016,9,8,78655,24416,14928,2511,47894,2630.47,654,3766,1174,7198,53141,12924,43103
2016,9,9,55553,91252,86567,22574,91538,2630.47,645,3972,1881,7793,66995,14207,17250
2016,9,10,97938,45750,82247,75364,32940,2630.47,1452,2945,4373,7732,46807,12267,23607
2016,9,11,7187,76881,27386,72251,14124,2630.47,1527,4676,4482,8093,92249,12371,46879
2016,9,12,5344,24247,72696,38577,12040,2630.47,2784,1329,1791,5030,13606,17478,39691
2016,9,13,24989,34498,79029,39363,98582,2630.47,1629,1544,2716,5366,78017,33192,25837
2016,9,14,58598,29545,2869,63080,83991,2630.47,1802,4333,1440,9004,27909,14106,11470
2016,9,15,4188,97046,90436,22332,32077,2630.47,3414,2064,2977,9798,96426,41558,8481
2016,9,16,94631,14408,47326,97348,76127,2630.47,1891,4723,2591,9759,14154,21581,41695
2016,9,17,77581,5957,77267,29648,86806,2630.47,3753,2344,3573,8806,29675,10534,5176
2016,9,18,9022,3090,24066,68351,55533,2630.47,4908,1366,1251,7180,63861,43729,20493
2016,9,19,31632,10753,78453,19223,76864,2630.47,2155,1600,4914,8852,16794,13822,8959
2016,9,20,5950,26901,9065,24523,27442,2630.47,714,1462,3181,9236,19278,30065,5092
2016,9,21,36081,31073,96580,3685,21010,2630.47,2413,2640,2545,8902,88215,30761,10442
2016,9,22,51177,95371,67909,82444,79793,2630.47,514,1492,1603,5930,10263,10802,34704
2016,9,23,81023,1787,8211,39204,17375,2630.47,620,4807,1814,8826,89843,47807,13023
2016,9,24,58993,37257,50448,62891,95827,2630.47,822,2003,1570,7911,29446,46529,5015
2016,9,25,28967,46313,48623,40570,72244,2630.47,2317,3265,2023,8582,17650,10749,25238
2016,9,26,49902,94441,80557,10348,92992,2630.47,4506,1984,4008,9918,14874,36186,36752
2016,9,27,46321,74878,83190,96706,19141,2630.47,4586,3107,1230,8208,10066,47543,28988
2016,9,28,83446,17347,17161,76821,37874,2630.47,2570,2775,1772,8966,14474,29763,25981
2016,9,29,71231,38982,81748,11591,30288,2630.47,2776,1607,4202,7318,89665,23343,12974
2016,9,30,76306,49252,71451,51606,73813,2630.47,500,2257,3824,5330,34078,48050,26479
2016,10,1,38001,35826,11765,22479,66652,2419.1,550,1274,4627,8002,52271,10434,41529
2016,10,2,85780,45232,56804,49450,34897,2419.1,754,1008,2948,7434,90663,44427,30147
2016,10,3,9213,47922,54604,41874,98352,2419.1,1865,2703,1182,9974,75181,37834,19006
2016,10,4,86511,1595,59819,42490,39597,2419.1,790,1727,3673,8246,91176,24921,28443
2016,10,5,64745,16932,25421,32694,26996,2419.1,3472,1207,1458,8864,94432,45060,16085
2016,10,6,83434,27651,47764,54616,72633,2419.1,3801,2006,1790,9954,17983,46839,39297
2016,10,7,13415,29427,38567,87088,97673,2419.1,2008,2416,3026,7570,11461,12756,46096
2016,10,8,86217,4934,42581,82926,69362,2419.1,2985,4146,1015,5748,40113,19999,3366
2016,10,9,81398,48916,45494,22288,50240,2419.1,4126,3653,4254,8100,67092,23278,29829
2016,10,10,20141,95453,2048,99519,49233,2419.1,891,1801,4794,9656,34726,16650,13509
2016,10,11,18189,12713,89654,99204,54813,2419.1,554,1209,1366,7399,74849,45272,29767
2016,10,12,27229,10328,25278,52835,84373,2419.1,2465,1738,2821,9034,20382,13654,42370
2016,10,13,24373,42626,5208,59167,7450,2419.1,4673,1284,2645,9326,41193,23810,39934
2016,10,14,15446,26748,60020,10479,90500,2419.1,751,2727,1548,8294,86913,45920,34869
2016,10,15,89751,79379,66786,93924,73891,2419.1,2329,4615,2497,5082,90133,19946,3520
2016,10,16,92471,69808,11936,61468,55486,2419.1,564,1870,2580,6626,97761,12346,19481
2016,10,17,12870,53513,37159,74418,50893,2419.1,1690,1994,3450,9827,50918,43692,24072
2016,10,18,23347,98248,8308,2196,67137,2419.1,2141,4606,4600,7014,37425,40085,48442
2016,10,19,69910,39056,27369,98842,705,2419.1,1920,4925,4993,9078,17402,12237,25130
2016,10,20,63151,41034,19233,82953,60861,2419.1,1644,1126,1101,9914,11046,18237,36503
2016,10,21,99746,91248,44196,84346,8029,2419.1,782,2938,1362,9014,93131,37732,31622
2016,10,22,9632,95053,67658,20977,50483,2419.1,3214,4984,4385,8798,12936,13204,22001
2016,10,23,21653,5934,23509,22754,7238,2419.1,991,1982,3861,6182,15368,41890,26263
2016,10,24,33160,64814,36181,70188,49317,2419.1,2919,1226,1440,5577,96276,15110,29312
2016,10,25,63930,95843,37535,9668,30993,2419.1,1264,2644,2756,9772,91749,29993,16824
2016,10,26,82387,99093,3328,32601,50632,2419.1,842,3790,2171,7022,70330,41487,27359
2016,10,27,72686,78250,16788,29754,70179,2419.1,2303,4108,1058,9582,60127,12508,29416
2016,10,28,74365,76392,25246,63473,32517,2419.1,4817,1254,2439,6298,63854,33070,33347
2016,10,29,90503,54697,83213,82675,98071,2419.1,513,2108,3144,7300,16861,18322,3543
2016,10,30,86716,70517,68783,28325,78058,2419.1,925,2422,1653,5054,15894,20521,28910
2016,10,31,75870,75713,1776,8309,55209,2419.1,2730,2063,3030,7294,44737,17453,31983
2016,11,1,1603,54562,25334,58904,71423,2572.97,1970,1938,3790,6647,19995,24051,10008
2016,11,2,7573,88770,12057,50096,21017,2572.97,964,1728,1420,5062,68288,32687,32578
2016,11,3,74707,30352,52070,82001,91441,2572.97,541,3043,4083,7062,68298,11857,19523
2016,11,4,60883,30269,3796,6025,36916,2572.97,670,1690,1086,8484,27287,16280,40144
2016,11,5,91062,69604,79361,91767,20228,2572.97,805,1285,3000,9227,93285,19441,47650
2016,11,6,78750,85180,78837,52834,86054,2572.97,1042,3287,2402,9686,69311,30670,47135
2016,11,7,91334,65740,7863,36598,74224,2572.97,4230,1636,4752,8590,89755,41331,35150
2016,11,8,46240,80561,52617,40593,39788,2572.97,1385,4889,2432,5221,16326,33486,12254
2016,11,9,52356,35117,13126,29758,86307,2572.97,1779,3991,1770,8014,30589,10216,48790
2016,11,10,36143,49820,53092,40895,64762,2572.97,2225,1001,4759,9614,51593,45898,42847
2016,11,11,13448,77979,30788,60880,83200,2572.97,717,1906,1330,7696,98015,22636,34862
2016,11,12,22633,74796,66629,3513,75789,2572.97,4967,3283,4740,8058,85529,44501,13570
2016,11,13,87258,84108,55503,27017,35301,2572.97,2914,3747,2777,7414,25979,17328,23448
2016,11,14,4916,36697,69235,91246,60540,2572.97,966,4523,3397,6862,19387,17494,17251
2016,11,15,76784,10707,78821,56524,55118,2572.97,2376,2374,3457,9231,69390,15222,14351
2016,11,16,12679,92305,65210,46809,62359,2572.97,4136,2274,2884,9723,74871,19134,41189
2016,11,17,16974,55106,20652,91723,18320,2572.97,2259,1454,2097,8710,67977,22214,6392
2016,11,18,1783,1707,64589,66592,90938,2572.97,1700,4967,2635,7666,83127,20002,1354
2016,11,19,39450,47265,88620,67335,13340,2572.97,2110,1664,3596,9113,38386,13102,13492
2016,11,20,65505,80646,64723,32603,18078,2572.97,1168,4859,1526,8466,11238,16104,49053
2016,11,21,2440,85856,78015,45075,34117,2572.97,1420,3566,4758,5039,40900,17826,11143
2016,11,22,18531,29363,1114,53480,54828,2572.97,1747,1358,1496,7821,69286,18326,39500
2016,11,23,36874,40455,90786,3984,92564,2572.97,2030,1654,1600,6397,56429,29911,43589
2016,11,24,33892,39202,3478,58650,94242,2572.97,4450,2771,1443,9158,82602,11271,10730
2016,11,25,70063,5702,97956,22911,93524,2572.97,2484,1748,4047,9254,50732,16611,17242
2016,11,26,94563,12763,27967,90358,85512,2572.97,1620,4402,4949,6450,94403,34190,1506
2016,11,27,17180,23854,63314,39976,70769,2572.97,2598,2182,2969,5553,80093,11492,45917
2016,11,28,99147,57578,8242,23194,58552,2572.97,1156,3113,3087,8254,43470,39951,8974
2016,11,29,84871,96444,9354,41172,52894,2572.97,732,1302,1286,5026,26399,31083,20110
2016,11,30,17295,43998,88266,85265,75903,2572.97,1756,1400,2288,5426,14594,13574,18359
2016,12,1,70751,53954,51115,71226,13776,1505.61,2447,1814,1770,7246,63111,36879,41066
2016,12,2,5332,49537,47195,60358,92288,1505.61,4004,2637,1542,9268,28539,34901,28278
2016,12,3,42377,19941,93542,13727,50887,1505.61,810,1636,4685,6086,18436,44813,44381
2016,12,4,68932,81661,5032,35703,95279,1505.61,2581,1961,1562,6127,93671,42670,34496
2016,12,5,64405,87676,95308,47300,66944,1505.61,3552,1352,1491,8402,39397,27377,40200
2016,12,6,86474,16151,65366,51160,44017,1505.61,972,2948,2591,7355,48650,34222,24580
2016,12,7,68203,87584,1184,18586,73712,1505.61,2608,3115,2529,9267,85414,15824,44855
2016,12,8,29467,83967,91497,5958,92412,1505.61,4686,3885,3395,5052,46396,14834,47246
2016,12,9,5984,8721,36713,78575,92428,1505.61,2796,1270,2945,7970,95567,46656,35363
2016,12,10,75187,89528,1125,57717,78796,1505.61,4892,3261,3209,5582,30571,45620,2891
2016,12,11,78635,80258,90858,58382,95310,1505.61,2145,2644,1956,8857,96219,19042,37254
2016,12,12,4220,59016,15384,93518,39348,1505.61,1525,4534,1830,7649,88602,11977,27303
2016,12,13,76893,28495,36591,80102,76236,1505.61,721,4869,2419,5872,29602,18170,17162
2016,12,14,20185,11749,76726,82511,30606,1505.61,2263,1177,3311,8998,44694,37659,39297
2016,12,15,96301,17572,18546,29483,75222,1505.61,1459,3465,1993,8050,48566,28228,7148
2016,12,16,61564,40640,99450,25335,23571,1505.61,4415,1862,2152,7492,42617,37757,29053
2016,12,17,66789,79881,55287,31452,65231,1505.61,934,1530,3904,8024,14740,25477,16333
2016,12,18,77507,48825,93943,29501,43227,1505.61,4080,4790,4499,7070,46476,39422,42509
2016,12,19,18935,30892,99530,76087,24736,1505.61,810,2875,3378,5482,39327,14462,42147
2016,12,20,51815,74790,81491,85719,45150,1505.61,2547,4007,4032,5986,68507,13610,38856
2016,12,21,80350,58941,34753,96202,32471,1505.61,623,2756,3472,5152,43842,12862,31230
2016,12,22,93651,24038,61084,32029,75872,1505.61,1988,2686,2904,6966,29756,12242,16763
2016,12,23,38687,73657,8413,9071,95146,1505.61,2680,1847,1730,7580,88048,34682,26921
2016,12,24,55015,23672,52439,83487,58824,1505.61,3046,2473,1669,7862,13798,12541,12633
2016,12,25,63597,52842,56580,71501,2672,1505.61,905,2709,1343,9318,66779,37841,2688
2016,12,26,42591,5813,79689,94803,79598,1505.61,4484,1936,2759,8274,50801,16582,17737
2016,12,27,60907,3849,35408,13928,50683,1505.61,2820,4278,1842,9399,17118,24476,2613
2016,12,28,18440,43037,82187,94783,8707,1505.61,3975,1296,2481,8663,62450,17078,15318
2016,12,29,62752,41935,34394,70511,6561,1505.61,3444,2466,1610,5203,81394,12164,35196
2016,12,30,57816,24215,86708,79621,39967,1505.61,4097,4757,3227,5280,85891,23285,38839
2016,12,31,84305,84868,24583,71787,63531,1505.61,894,1282,1306,9610,13144,15102,3385
2017,1,1,66590,35699,80201,71793,33445,2413.06,960,2658,4336,5580,13976,44527,2630
2017,1,2,46030,5086,92755,65017,90978,2413.06,4321,1698,1973,7459,55726,10358,16040
2017,1,3,92676,98361,72030,82286,11506,2413.06,2090,4446,1926,7294,82590,18814,40261
2017,1,4,6272,44903,83414,61961,70484,2413.06,1487,2864,1502,5593,97881,26156,13742
2017,1,5,97985,63555,18353,4959,1014,2413.06,1668,3688,3791,7542,92326,16648,24079
2017,1,6,60310,49417,11095,52621,19412,2413.06,3374,1374,4939,8139,16006,41774,10037
2017,1,7,8234,10482,74639,43413,26075,2413.06,4568,1674,2425,8554,45369,19790,38872
2017,1,8,94703,93390,79832,83494,29791,2413.06,594,1451,2925,7587,59071,14682,22158
2017,1,9,37625,53799,99372,8916,31938,2413.06,689,1522,1662,6746,99934,12556,3366
2017,1,10,30552,85855,13037,99329,90127,2413.06,952,4829,3146,5302,84674,47936,24758
2017,1,11,37460,84817,4389,75385,12404,2413.06,4073,1379,4961,9602,91646,48251,29812
2017,1,12,68162,42336,54774,98361,368,2413.06,986,2270,1914,8054,46598,13393,4709
2017,1,13,58781,32070,48223,43279,13724,2413.06,2567,1182,4064,8307,42919,12820,49249
2017,1,14,74471,8345,45552,24433,73141,2413.06,2683,1301,1780,7456,56014,46252,37199
2017,1,15,48517,43353,43523,21784,27375,2413.06,734,2506,3542,9750,62137,18618,6474
2017,1,16,98999,19705,19801,33064,98012,2413.06,2235,2481,2415,7786,13265,10555,29072
2017,1,17,94985,35949,18210,7223,29758,2413.06,3474,3273,3927,6708,16408,27653,40576
2017,1,18,69823,1585,80161,24717,51335,2413.06,3334,1685,3353,9487,16100,42716,42298
2017,1,19,8559,28336,81550,12327,2474,2413.06,4233,3810,1536,7598,21032,26872,44816
2017,1,20,14370,40859,71499,48297,4208,2413.06,2302,4029,4491,9878,15098,14364,37907
2017,1,21,81112,8433,40215,75817,37920,2413.06,3532,2830,1001,5814,75156,13930,6315
2017,1,22,44897,80742,17286,92013,4537,2413.06,974,3905,4175,6734,83554,49735,38318
2017,1,23,44642,25857,73765,50485,48319,2413.06,4013,1572,3647,8466,21597,17918,5215
2017,1,24,20543,6482,30749,37897,56563,2413.06,1371,2811,2998,5008,26175,15078,22257
2017,1,25,13326,27764,26440,8853,84499,2413.06,3587,1994,2201,8704,95975,16918,9994
2017,1,26,3919,36341,62653,33918,569,2413.06,1836,2463,3434,8936,75359,46349,1214
2017,1,27,71194,33083,30513,90544,8091,2413.06,4429,2767,1614,7014,62971,35300,6688
2017,1,28,67215,71560,47144,19416,86616,2413.06,1287,1885,1632,5291,40803,46379,43119
2017,1,29,32246,58992,50195,55680,7928,2413.06,2028,1918,4987,5090,19006,49429,41906
2017,1,30,55580,16797,37197,56383,74018,2413.06,3034,2583,3079,5178,76998,41046,1422
2017,1,31,64649,29638,97932,60460,61282,2413.06,3191,3526,4077,6780,49205,38357,5087
2017,2,1,17587,50182,56631,127,52550,2915.82,706,1404,4608,8440,59714,26128,22413
2017,2,2,86475,17298,14208,91653,10649,2915.82,2653,1637,4537,6234,17918,40975,5254
2017,2,3,6304,27797,5054,46042,93355,2915.82,2684,1890,1295,5398,27418,45196,9763
2017,2,4,73079,83125,80895,99040,27917,2915.82,698,1496,4258,5727,38747,10134,6961
2017,2,5,60981,11401,57896,96870,44514,2915.82,2845,2168,4962,9250,13209,13316,42167
2017,2,6,85365,57246,40609,11660,57913,2915.82,3208,2342,2503,7414,46381,45420,18028
2017,2,7,77415,87902,26164,68025,43629,2915.82,4282,1930,2663,7070,17830,37176,14911
2017,2,8,35697,22028,4345,72011,31278,2915.82,1679,2993,1151,9178,61004,15415,33907
2017,2,9,26667,84213,12759,94171,4667,2915.82,942,3433,4744,8457,66457,23372,25492
2017,2,10,29720,35741,44334,22383,95623,2915.82,4558,1318,1894,8470,19680,14523,28516
2017,2,11,14162,21360,97517,21665,80000,2915.82,2080,1665,4085,6190,17187,30103,8521
2017,2,12,8034,23130,78537,87779,71587,2915.82,1150,1306,2086,7370,23688,42708,44995
2017,2,13,66703,99600,40379,83597,96207,2915.82,3119,1719,2770,5635,48383,27769,10059
2017,2,14,20509,51816,787,79594,68006,2915.82,4696,1039,2455,9180,63817,29042,17975
2017,2,15,99580,91320,46701,13018,63156,2915.82,2077,1209,2691,9850,29806,48897,36741
2017,2,16,38866,94278,25617,36636,39914,2915.82,756,1773,2167,7895,72718,26525,40353
2017,2,17,65870,32415,2565,23325,87000,2915.82,3718,2930,1646,7110,32299,19911,32734
2017,2,18,18512,54377,16122,37555,33184,2915.82,1452,3401,1556,8420,41388,12821,12280
2017,2,19,68773,88498,89595,10941,36393,2915.82,2465,3613,1079,6381,58289,14430,12313
2017,2,20,39115,27009,33714,45871,75131,2915.82,782,3641,1741,7642,31196,36276,32365
2017,2,21,10535,84001,91030,67091,62421,2915.82,4912,1193,2267,5858,42133,23659,32419
2017,2,22,64524,95951,92273,75603,52332,2915.82,1384,2797,3921,6838,53667,19052,1134
2017,2,23,22463,85802,79046,75556,34057,2915.82,3183,4590,1196,9213,11681,39366,26594
2017,2,24,17984,7946,20560,55251,93804,2915.82,532,3326,1346,7533,50280,43677,29045
2017,2,25,4447,56666,67827,98369,13115,2915.82,3772,1162,3647,5644,27483,24055,37846
2017,2,26,89412,22020,18647,16357,91233,2915.82,722,1144,4624,5276,97169,14779,46680
2017,2,27,21678,42431,39459,13024,79964,2915.82,3052,1532,1403,7230,99129,25870,39739
2017,2,28,95077,99254,27799,35076,62072,2915.82,4130,2834,2301,7776,17654,34885,5283
2017,3,1,6266,26805,45432,65251,23974,2929.26,3280,2755,1021,5320,79070,11528,26564
2017,3,2,5709,79832,18516,79291,95314,2929.26,4366,4566,2183,9441,72989,43817,44386
2017,3,3,34925,40824,87471,79053,41367,2929.26,4860,3983,1863,6602,45585,11682,38708
2017,3,4,58207,48866,38592,24228,81522,2929.26,1339,3581,3845,9718,82871,18326,34014
2017,3,5,25592,73591,20077,64127,99384,2929.26,2944,4307,3889,7094,13360,41607,43067
2017,3,6,50475,99573,71943,82338,31216,2929.26,4526,4422,2745,9469,13649,14266,17529
2017,3,7,43484,9989,84200,73681,41195,2929.26,2838,1785,2013,5838,30912,12802,17072
2017,3,8,12333,5209,7057,62575,83327,2929.26,4181,3800,4988,9934,32490,17555,20417
2017,3,9,76357,3369,56978,59102,29190,2929.26,3368,2672,1967,7848,46352,38162,20628
2017,3,10,90991,45543,21300,64356,64810,2929.26,752,2141,1054,7808,56067,23450,18564
2017,3,11,64577,26602,7251,917,69078,2929.26,3471,1762,1634,7234,20886,10014,6093
2017,3,12,28781,60607,94027,25748,84527,2929.26,532,1868,2273,7913,56224,33434,6732
2017,3,13,86477,93329,76929,76601,21137,2929.26,950,2064,4596,7314,19332,45025,32996
2017,3,14,46098,4156,6811,21910,45957,2929.26,3263,4736,3303,7290,16836,39181,27698
2017,3,15,94022,97098,81051,12647,15011,2929.26,1081,2839,1214,9361,94439,18090,37275
2017,3,16,22357,60842,86507,98306,50846,2929.26,3330,1942,4993,6493,35204,22302,5839
2017,3,17,94191,78468,47039,98846,15758,2929.26,4379,1130,2324,5429,38777,17382,13875
2017,3,18,39056,51211,26526,86010,56924,2929.26,4099,1272,3157,6957,93936,49003,37317
2017,3,19,62796,53620,62298,89141,20113,2929.26,1442,1318,1948,9676,45851,16166,47502
2017,3,20,5060,50231,50562,82384,52012,2929.26,1070,1066,3252,7595,77075,30175,5691
2017,3,21,54913,47527,25807,69422,4484,2929.26,4776,2278,4714,7074,72771,26178,36096
2017,3,22,94576,50566,73185,86897,75399,2929.26,1327,1862,1246,7582,79193,37629,19036
2017,3,23,67579,70264,28697,40831,4212,2929.26,1005,4123,4650,6336,44896,24133,22124
2017,3,24,49259,79674,57765,55325,76748,2929.26,1502,2674,1100,8374,74571,22851,30536
2017,3,25,6427,85899,69662,92045,47787,2929.26,1025,1716,4118,8654,72546,23329,48855
2017,3,26,13198,59904,98805,82848,73067,2929.26,1980,3677,4725,9498,94001,32824,10053
2017,3,27,61632,75505,20500,42733,46543,2929.26,1935,4320,2320,6414,61364,45106,45071
2017,3,28,50451,7391,93175,85921,14816,2929.26,601,3012,1975,8820,10859,31393,15721
2017,3,29,811,84193,70071,40536,15289,2929.26,4712,1920,1866,7062,36004,18822,14073
2017,3,30,21634,67940,88144,18954,85888,2929.26,4059,1337,4601,7233,22258,17698,15860
2017,3,31,39306,47860,32430,97633,88618,2929.26,4025,1568,1550,9096,46314,25473,9642
2017,4,1,52379,68746,35449,62590,21102,2105.6,4222,4040,3765,6360,74927,24625,4271
2017,4,2,83587,27618,14227,57172,66228,2105.6,2828,1782,2425,7510,19055,27066,18644
2017,4,3,39487,41187,87252,54935,87502,2105.6,4454,1231,4174,9902,18821,35275,29077
2017,4,4,40525,19396,74317,99291,22572,2105.6,3915,2509,4564,8996,96033,25791,15596
2017,4,5,73138,8862,6231,56915,19323,2105.6,674,1350,2824,7880,30094,36677,41638
2017,4,6,83012,64549,42909,47186,34451,2105.6,2461,4974,2477,6268,74264,36400,28082
2017,4,7,5077,14532,75262,14642,69026,2105.6,1784,3514,1318,9366,31780,15830,21295
2017,4,8,87357,32113,90991,86533,36048,2105.6,4561,1670,1274,9906,82596,36434,21085
2017,4,9,26904,31410,27761,40733,70891,2105.6,2132,1942,2908,9602,13928,18285,18378
2017,4,10,23689,30097,93152,20197,59463,2105.6,1026,3170,2043,6746,49702,18894,24932
2017,4,11,80805,39264,44854,66437,88086,2105.6,4222,4988,1750,6982,55720,12452,43802
2017,4,12,65360,49205,54771,14621,1598,2105.6,4257,1637,3178,9666,78185,33992,11731
2017,4,13,67341,30564,47164,40737,73932,2105.6,742,4735,2481,5031,37523,40566,46866
2017,4,14,55185,56746,71907,30395,20081,2105.6,4198,1791,3182,7948,16411,11131,27627
2017,4,15,42052,65670,52770,50230,24431,2105.6,4221,1770,2870,7736,48858,14478,47307
2017,4,16,10955,99038,22890,63436,10421,2105.6,716,1220,3510,9066,12351,19942,10413
2017,4,17,36238,21551,71734,29420,1872,2105.6,550,3922,1518,9671,94151,10948,4498
2017,4,18,56979,44725,19071,51201,42462,2105.6,3001,4767,3318,8998,33202,10090,17930
2017,4,19,2656,53556,75696,52518,62167,2105.6,2459,3403,2301,8854,44174,44172,4400
2017,4,20,15042,84725,88095,17912,10749,2105.6,3859,4078,4673,7930,35278,18486,48598
2017,4,21,32212,38280,88254,15530,96875,2105.6,1971,1772,1362,7667,68398,14142,21456
2017,4,22,38419,7210,68284,97072,34106,2105.6,1243,1008,2182,5689,83410,24282,12458
2017,4,23,60639,12271,8361,20312,76553,2105.6,3798,3763,3269,7051,40644,45143,43639
2017,4,24,64860,82616,11025,56222,16635,2105.6,1102,1404,2983,8780,68475,13794,45775
2017,4,25,6844,9719,18941,20378,71760,2105.6,4659,2397,1954,6048,52709,15058,2351
2017,4,26,96658,91508,32640,94927,34911,2105.6,1422,4769,2251,7446,72343,10484,23284
2017,4,27,29574,98446,76643,48909,9183,2105.6,2349,1025,1188,5186,52754,18608,45118
2017,4,28,23641,97414,91698,70965,66785,2105.6,3489,4793,2265,7480,74720,14138,10759
2017,4,29,17117,97495,19650,89368,31293,2105.6,4604,1740,1789,7598,19558,32323,41993
2017,4,30,49069,12124,64702,20257,33414,2105.6,907,3405,1221,7604,60721,48005,17456
2017,5,1,39211,77800,16980,66692,68872,1560.06,3807,1365,1508,9526,97657,14852,36860
2017,5,2,483,58524,87994,88082,84650,1560.06,2149,1772,1369,7524,46537,18825,20317
2017,5,3,69665,36295,66399,73622,97017,1560.06,1983,1226,3554,5315,19269,27425,14404
2017,5,4,92175,19429,10143,48683,25307,1560.06,4886,1588,4027,7879,30222,33676,24153
2017,5,5,54548,83724,80449,55918,73833,1560.06,1094,3496,4632,7492,33469,26648,26987
2017,5,6,21896,71806,29228,80451,27121,1560.06,4227,4294,4277,5846,84328,19176,14849
2017,5,7,74875,14215,51725,73902,48446,1560.06,2577,2992,2021,8025,75261,11716,31947
2017,5,8,81364,66356,99351,60997,23848,1560.06,3996,2095,1962,6456,58897,48096,49172
2017,5,9,48073,99477,83743,48702,50199,1560.06,4636,1302,4988,6361,98973,13433,34423
2017,5,10,24660,72903,82779,6682,10929,1560.06,2534,3643,1504,8236,85991,30946,8040
2017,5,11,27409,39989,43042,48385,39564,1560.06,2833,2635,2767,5864,36336,17965,18291
2017,5,12,97351,27326,9391,12339,53687,1560.06,772,4697,2618,9814,11094,17102,24716
2017,5,13,32942,80266,33542,90041,74854,1560.06,987,3613,1756,6230,83350,15436,35886
2017,5,14,48672,96184,19425,82791,9111,1560.06,2107,1460,4437,6497,18799,19475,22113
2017,5,15,1214,10924,64174,98832,85826,1560.06,3729,1014,3520,7254,25159,13526,31904
2017,5,16,9508,12499,71988,85381,42879,1560.06,2169,2901,2872,6593,90691,26983,5338
2017,5,17,25058,57800,99796,24496,50649,1560.06,3970,1861,1748,9000,67044,48046,34947
2017,5,18,56400,90774,99518,51272,64397,1560.06,4645,3903,3526,5980,75636,12756,24677
2017,5,19,48323,9158,20659,16196,45751,1560.06,4530,1624,1852,9325,11654,10034,27702
2017,5,20,44273,21978,20715,6494,96473,1560.06,892,4223,3532,6694,20495,18570,37760
2017,5,21,11438,41493,49537,64964,34478,1560.06,2719,4152,1372,9468,15347,12783,41525
2017,5,22,42432,41230,99943,44284,50555,1560.06,3136,1178,3574,7712,34024,46398,11598
2017,5,23,21611,4917,31975,16495,91678,1560.06,2127,3114,1282,8015,84429,44791,2470
2017,5,24,99540,78501,43944,66573,93231,1560.06,4355,2013,1871,9297,12648,33777,25643
2017,5,25,7247,25786,94957,57173,75989,1560.06,4923,2598,1600,7618,30444,16564,45333
2017,5,26,4367,22572,77744,31032,80587,1560.06,822,1477,1354,6117,63049,16886,12173
2017,5,27,11760,42405,2268,28631,38055,1560.06,2408,1652,2053,7442,18825,33041,31269
2017,5,28,69049,38749,46992,35649,90646,1560.06,564,1363,1359,8020,42394,13297,43788
2017,5,29,66545,34570,26128,7217,70687,1560.06,3823,2446,2933,6090,11076,18782,39177
2017,5,30,7359,39837,63992,80764,63553,1560.06,654,3952,2916,7008,15382,44913,32817
2017,5,31,87288,27582,56277,19999,15602,1560.06,4647,2145,4592,5774,11438,20278,15024
2017,6,1,79538,19077,45589,71980,46506,2710.1,690,1341,1918,5620,66246,44735,47928
2017,6,2,39315,31551,49004,32814,32504,2710.1,1452,1494,1545,6450,92038,31568,43918
2017,6,3,22451,90536,47513,14577,96250,2710.1,879,2138,3219,5898,64118,49724,34144
2017,6,4,89395,59809,52419,17666,52614,2710.1,3752,1927,1782,7755,41093,49069,18665
2017,6,5,71673,77546,75507,54571,50349,2710.1,1138,4150,3079,6646,14934,17346,17545
2017,6,6,84147,15959,46468,87366,57426,2710.1,2090,3172,1745,9508,80837,11432,26938
2017,6,7,24525,9590,63991,91091,3697,2710.1,670,1721,3981,5666,46291,15681,21436
2017,6,8,49563,98782,54832,7642,98785,2710.1,3322,2930,1744,9206,70296,14645,24910
2017,6,9,68080,23739,44170,71178,29599,2710.1,3240,1926,1904,7174,61564,20995,25007
2017,6,10,45019,68077,62717,44000,50095,2710.1,1032,4656,4141,7215,14606,22925,25360
2017,6,11,72125,1973,5857,62993,43115,2710.1,2637,2546,2594,7254,15075,12192,42505
2017,6,12,13165,58316,32667,80464,81898,2710.1,2810,1915,3659,8582,87266,28753,10583
2017,6,13,55887,13299,44763,96380,10514,2710.1,4305,3990,1566,6082,61982,29851,2061
2017,6,14,34018,5972,57398,66612,94130,2710.1,650,2293,2139,8356,16462,29036,22473
2017,6,15,4756,71919,72305,99767,18798,2710.1,4872,1036,4221,9634,87415,16086,9571
2017,6,16,58047,6721,15077,28431,48234,2710.1,3281,3602,4381,8150,81565,43510,43411
2017,6,17,4503,26721,17156,51642,37246,2710.1,2030,2001,4534,5686,58119,44683,37616
2017,6,18,45257,2992,35720,50830,92626,2710.1,3268,1352,1207,9402,79102,44441,23136
2017,6,19,8108,53736,9396,23841,85767,2710.1,3703,1620,4033,6934,74614,37631,7314
2017,6,20,4827,87997,45985,14361,73683,2710.1,800,3938,2095,8990,86120,16072,4104
2017,6,21,34251,69389,66745,80458,437,2710.1,1250,3543,2285,6998,48736,18051,12199
2017,6,22,24312,82440,41025,74697,49650,2710.1,2327,4475,3634,8311,85187,27316,15639
2017,6,23,12416,60584,12607,35863,71699,2710.1,1934,2300,1646,8678,19109,10110,15079
2017,6,24,97229,10361,26151,29515,43711,2710.1,3917,3021,2325,9892,42717,13960,24887
2017,6,25,20580,5046,61451,40566,29709,2710.1,4233,3475,3573,6840,94337,45271,12991
2017,6,26,61919,46273,33924,79090,81303,2710.1,698,4883,4744,6494,24397,23454,3033
2017,6,27,81382,4667,91476,55059,9609,2710.1,3385,1539,1190,9836,87105,13270,1102
2017,6,28,19179,21339,60127,42752,84531,2710.1,4374,2801,2087,8297,41890,14742,4464
2017,6,29,41330,22235,9626,37427,45081,2710.1,880,2813,1590,9454,97872,31000,1530
2017,6,30,2902,76258,27541,74844,32446,2710.1,1493,1623,3687,5952,10726,12902,30998
2017,7,1,65101,16020,40875,69750,74262,1534.97,2431,2847,1998,9724,57927,31967,5617
2017,7,2,25738,17094,87009,94446,31318,1534.97,2346,2574,1900,8541,56372,42897,18009
2017,7,3,81388,24348,11586,34359,35075,1534.97,3145,1526,2174,5372,86276,37787,31156
2017,7,4,70989,13708,635,52583,78565,1534.97,901,1316,2006,7909,15099,23323,24914
2017,7,5,72271,28798,47251,84171,17340,1534.97,3420,1398,4321,5005,65788,29395,19975
2017,7,6,36161,40287,95923,49687,55659,1534.97,3825,2998,2257,8928,11932,14356,48551
2017,7,7,45725,12835,27827,37732,17096,1534.97,2406,4365,3075,8134,89888,10838,42926
2017,7,8,60983,49661,36845,5305,21018,1534.97,1051,3529,2918,6660,23215,14928,2633
2017,7,9,11876,77041,57928,40485,47852,1534.97,4009,3575,4045,7374,47658,16141,19860
2017,7,10,51114,41418,21859,39189,98778,1534.97,954,4760,1406,7798,81416,32423,11747
2017,7,11,16784,98820,55953,76054,12146,1534.97,982,1518,3911,5261,97209,12486,45520
2017,7,12,35121,61219,63043,50519,53055,1534.97,1659,1050,3469,8517,59708,17247,10701
2017,7,13,16617,20664,43360,78023,34814,1534.97,1798,1596,3594,9102,44002,16798,24776
2017,7,14,60975,34985,92465,66238,246,1534.97,4352,1717,2243,9606,17950,36650,6026
2017,7,15,9447,68895,57171,94269,73765,1534.97,2867,1550,1010,9878,84754,10128,33231
2017,7,16,46002,77905,73008,85948,27008,1534.97,3039,4333,3345,6855,86922,18590,17010
2017,7,17,52881,6275,36661,36476,5021,1534.97,3125,1648,4142,6647,41439,47906,38896
2017,7,18,79879,19307,88287,66476,40533,1534.97,2886,2885,1900,7246,88832,44304,23041
2017,7,19,10608,26872,14990,78954,73727,1534.97,3895,1606,3186,9030,79434,29558,1912
2017,7,20,55804,52560,76730,79946,15560,1534.97,2851,1789,2474,6137,78264,44358,18169
2017,7,21,55530,66152,97244,22827,43398,1534.97,2130,1454,2947,8506,49309,12134,36077
2017,7,22,34032,13206,45985,58570,30113,1534.97,4479,1840,4330,9742,65860,19788,25419
2017,7,23,15730,60064,21679,53205,42553,1534.97,3914,3082,3797,9334,20908,17102,16295
2017,7,24,63587,54392,28904,92886,86511,1534.97,911,1893,2769,8248,95462,37882,28213
2017,7,25,83667,16295,23798,94349,97504,1534.97,4237,3232,1073,9098,82788,17262,6011
2017,7,26,58563,46704,23061,73712,24214,1534.97,2258,2799,4711,9358,97036,19702,43969
2017,7,27,55726,92949,54468,63496,51197,1534.97,2729,1214,2576,7878,45563,30079,16283
2017,7,28,63889,66153,9664,46315,8421,1534.97,1292,3334,1024,8714,57045,46072,8805
2017,7,29,54673,5656,224,69385,66817,1534.97,1958,2542,1559,5730,19182,24107,47260
2017,7,30,7708,20119,25323,90284,77997,1534.97,1714,1885,4741,6378,18234,44513,37238
2017,7,31,21535,75844,77848,77042,70196,1534.97,4465,4867,3252,9688,10603,40069,1246
2017,8,1,97562,78964,9860,38988,81353,1707.55,1694,1470,1290,6670,79466,12877,33967
2017,8,2,40045,37704,98972,52775,42255,1707.55,4308,3097,2684,7701,18606,10572,43485
2017,8,3,73519,45865,28534,63207,56468,1707.55,2858,4029,3917,5444,93016,45269,18603
2017,8,4,93036,56063,63092,18677,9393,1707.55,2905,1588,1613,6876,34915,10450,42559
2017,8,5,40362,9225,89670,28046,93278,1707.55,4678,1796,1530,8211,46354,12997,44315
2017,8,6,13167,29213,67027,77084,21930,1707.55,2353,4965,3809,5444,49993,24553,26395
2017,8,7,44355,97899,40343,57321,61128,1707.55,2540,1488,1678,8561,45885,44111,25259
2017,8,8,29228,45564,60908,85758,73775,1707.55,926,3292,2826,8485,80376,41108,23615
2017,8,9,91233,2730,22426,40042,4526,1707.55,4594,1926,1668,5186,22552,47795,22419
2017,8,10,62900,51445,49284,80086,70006,1707.55,4196,1180,3435,5854,10806,13562,11521
2017,8,11,75071,32802,66855,27897,31288,1707.55,722,2519,1311,7781,62560,20837,47231
2017,8,12,30200,93507,36070,16869,81148,1707.55,1015,4046,1417,9878,24131,12774,24974
2017,8,13,58172,14681,44712,31608,82489,1707.55,1521,2558,1726,8375,14518,26494,12407
2017,8,14,25607,53516,49014,8270,11297,1707.55,4106,2848,2784,6138,91068,18931,27926
2017,8,15,22853,72084,79331,65622,18735,1707.55,3396,1906,1700,6224,24865,33333,19814
2017,8,16,1866,36387,7244,97074,31114,1707.55,3567,1719,3917,8933,64989,40213,25403
2017,8,17,33211,60448,64414,70995,8328,1707.55,1278,1179,2565,7870,13153,46299,5482
2017,8,18,21774,7902,39558,72620,47361,1707.55,2304,4226,2160,9548,46299,48274,14423
2017,8,19,71303,86219,21346,50220,75152,1707.55,1784,3362,4486,9654,95708,37813,2687
2017,8,20,93032,1987,35345,20597,3947,1707.55,1896,2072,2750,5620,31043,20111,48498
2017,8,21,87229,69700,69338,4389,15600,1707.55,4014,1901,1854,5910,53472,43358,15637
2017,8,22,93047,26610,1721,88885,64160,1707.55,1697,2190,2119,8394,77787,19406,13781
2017,8,23,93244,61036,94490,65995,83841,1707.55,1105,2420,1584,7206,16332,27183,41885
2017,8,24,87431,77176,14086,5637,83888,1707.55,3994,3286,1046,7066,82170,24677,33910
2017,8,25,30848,75221,31869,62967,3615,1707.55,1735,3209,3394,6225,95555,37234,26008
2017,8,26,84462,98013,91008,96046,69807,1707.55,3229,3588,2695,7342,79225,26583,49169
2017,8,27,37576,78220,86222,64447,11639,1707.55,4123,2485,3611,7343,21803,13577,18392
2017,8,28,13351,53539,93140,16745,96116,1707.55,672,1164,1707,7690,92974,22865,38695
2017,8,29,26859,32556,46455,35906,86222,1707.55,2488,1262,1030,5061,20947,31888,25680
2017,8,30,83454,60071,90726,43417,63767,1707.55,1994,2116,3771,6485,10213,44886,28881
2017,8,31,5180,46897,91816,8239,74587,1707.55,1104,2796,3697,7558,53701,36271,34791
2017,9,1,82543,92773,89840,97604,13720,2319.63,2408,3789,2453,6670,37555,41334,21729
2017,9,2,64172,31025,40106,80657,57590,2319.63,2187,4485,4511,6966,95423,10653,1344
2017,9,3,7883,13220,94351,35441,83273,2319.63,614,1638,3393,9746,63418,37112,30622
2017,9,4,32949,60827,27255,61755,18004,2319.63,4440,2174,3537,9545,79182,36126,31162
2017,9,5,27241,81371,6964,86752,91797,2319.63,3756,4678,1957,8107,51470,15230,2387
2017,9,6,5081,56500,81045,28475,67720,2319.63,1938,2020,2993,9192,78774,12002,10815
2017,9,7,6707,98215,54524,35244,74112,2319.63,1370,2703,1350,8333,20807,23223,33706
2017,9,8,47073,84564,22902,79030,42671,2319.63,4259,2751,3574,6654,92577,47646,40724
2017,9,9,52471,74516,64667,6816,61,2319.63,2812,3118,3006,7335,58361,48469,43441
2017,9,10,51041,79732,66173,82469,24418,2319.63,691,2841,1543,9900,66870,30565,36980
2017,9,11,35669,77483,94669,99244,69139,2319.63,1889,2960,4465,7907,44776,44525,3598
2017,9,12,87700,23941,17644,45706,57628,2319.63,4174,1846,3440,6698,14984,12857,42357
2017,9,13,63679,29532,17051,51574,74477,2319.63,2138,1496,2754,6807,25739,13244,33921
2017,9,14,96757,88981,17558,91222,16888,2319.63,746,4586,2625,9741,66643,10252,12334
2017,9,15,28451,77170,85272,16891,53869,2319.63,1099,2546,3642,6308,85471,13118,9112
2017,9,16,63422,67610,39615,41177,60769,2319.63,4420,2525,2038,8329,48746,15734,31707
2017,9,17,663,50846,24865,19640,86939,2319.63,4891,1582,1238,6090,32278,10508,7861
2017,9,18,90627,94730,89148,29269,57879,2319.63,3738,1300,2228,8352,62476,19348,24619
2017,9,19,96411,83249,76874,83450,21579,2319.63,3727,3592,2817,8591,74584,46107,41973
2017,9,20,52804,54476,27849,37834,35991,2319.63,4434,2968,1208,8582,72236,29086,10127
2017,9,21,73201,30975,50387,31781,45680,2319.63,1129,3441,3815,8718,41890,16745,29215
2017,9,22,86327,45618,21690,95496,90562,2319.63,2955,3364,2101,5803,97549,19443,46274
2017,9,23,12282,6985,62413,83490,21919,2319.63,2576,1470,3327,9314,43251,10358,1001
2017,9,24,24882,10733,18800,70049,55087,2319.63,1793,2765,2659,9678,69612,13220,10691
2017,9,25,87461,77568,72938,54562,29723,2319.63,4004,2004,1462,5546,41845,32092,36839
2017,9,26,3770,70774,43564,18449,50089,2319.63,3806,1321,3898,7605,61369,35336,3167
2017,9,27,74648,14515,43102,13660,89349,2319.63,1879,1808,2985,6168,47721,10862,29067
2017,9,28,3008,21727,11065,29534,90847,2319.63,2978,1944,3683,6194,29415,40123,2910
2017,9,29,41060,8222,81445,71310,22180,2319.63,1645,3178,2327,6099,26837,13027,42814
2017,9,30,45166,70070,39837,84503,86238,2319.63,2210,1202,1280,8274,35130,16482,37558
2017,10,1,13109,27450,41220,51002,73218,2464.71,3412,1438,2786,9721,19969,11208,31343
2017,10,2,36367,33149,29279,52466,59986,2464.71,3982,1014,3493,8485,16292,36051,42306
2017,10,3,52048,38241,78039,323,89723,2464.71,2858,4182,4674,9077,86535,27891,10873
2017,10,4,6772,94948,25682,19558,74669,2464.71,1508,2387,3799,6358,96204,38784,45652
2017,10,5,29444,10188,85192,77938,25025,2464.71,690,2071,1075,8378,93745,12150,17836
2017,10,6,19252,27956,81333,73926,3385,2464.71,3168,1310,4167,7708,29712,20188,34221
2017,10,7,89501,37573,97576,84652,74711,2464.71,4788,4154,1302,9968,98443,45342,43780
2017,10,8,42815,28784,38767,15242,53514,2464.71,2391,4116,1819,5076,79393,46555,48864
2017,10,9,59297,97562,6712,54816,41412,2464.71,822,2263,1422,5166,31915,31410,2776
2017,10,10,32711,71704,1917,53029,96683,2464.71,4723,1706,2006,6988,71089,49008,1470
2017,10,11,18705,64834,88125,11876,39910,2464.71,3431,1124,1431,5142,70372,22842,17519
2017,10,12,84270,11729,70107,90970,34307,2464.71,2380,2016,1366,8602,36397,36758,2022
2017,10,13,91009,51121,42607,36503,20962,2464.71,1862,4665,4880,6339,67893,18406,30048
2017,10,14,40210,76325,66699,21641,7819,2464.71,4483,3439,1278,7598,99409,15809,3424
2017,10,15,49315,88142,82827,39391,78790,2464.71,2500,4797,1695,5862,22652,24008,35576
2017,10,16,31506,74515,80026,42739,47206,2464.71,3879,2414,1198,9398,18120,14764,47919
2017,10,17,14002,69891,73205,79153,832,2464.71,4961,1497,2106,8288,11784,11800,38966
2017,10,18,46067,48388,42046,32762,66198,2464.71,1769,4054,1136,6304,56792,11106,14698
2017,10,19,1066,50673,6536,41661,27603,2464.71,2776,1603,1832,5980,37107,10682,15591
2017,10,20,1298,48421,85513,78404,58913,2464.71,651,4978,1138,5402,54092,38687,41400
2017,10,21,73746,27214,52743,45661,80361,2464.71,3429,1426,1718,5298,39438,16670,9535
2017,10,22,86908,78567,62116,88741,74548,2464.71,2755,2196,3995,9620,70600,39259,49223
2017,10,23,1020,37604,44238,73511,46652,2464.71,2197,1614,1895,9888,66056,22255,48330
2017,10,24,90827,30839,20034,51033,2156,2464.71,1545,1686,4390,7330,10506,45289,25824
2017,10,25,49236,34615,37486,13231,44235,2464.71,2489,1605,2040,6166,35115,17392,8086
2017,10,26,27761,63666,29088,69656,44957,2464.71,1910,1574,3686,8296,12698,27193,11497
2017,10,27,4120,74713,82608,58510,8373,2464.71,3798,2607,4080,5166,87189,18694,9467
2017,10,28,65722,56031,66272,27763,69110,2464.71,1453,3221,2756,7602,82876,42712,17740
2017,10,29,9742,91139,78496,68428,19435,2464.71,620,3554,1374,8227,98415,31098,31663
2017,10,30,54046,2215,38707,14478,59851,2464.71,4143,1152,3278,7098,69685,33739,42248
2017,10,31,35859,6140,96961,33615,4385,2464.71,1326,4125,2326,9454,82552,23113,46189
2017,11,1,28173,46668,25562,72752,61435,1761.17,1797,3648,1718,7626,23498,15890,6661
2017,11,2,76771,65423,18596,94890,35108,1761.17,747,1246,1302,8732,61982,11834,2335
2017,11,3,57040,76108,15514,28214,75012,1761.17,2400,3183,1645,5934,92287,13079,38627
2017,11,4,29623,35437,26729,7693,93063,1761.17,1657,1184,2000,8406,81073,17108,16579
2017,11,5,48940,11821,24707,64587,92534,1761.17,2772,1860,4148,8285,94138,16670,36690
2017,11,6,46912,7891,73696,48557,30853,1761.17,1636,1826,2770,9442,84518,27185,32335
2017,11,7,37647,12529,13370,69648,42782,1761.17,3107,3072,2615,8340,89010,31501,44444
2017,11,8,97207,81784,97427,76356,90069,1761.17,1867,1980,1622,9142,15174,13011,7917
2017,11,9,2898,29877,56190,37020,84593,1761.17,4204,2239,4588,7862,16486,28721,40709
2017,11,10,4722,77698,36794,27337,71863,1761.17,786,4069,2587,5240,45424,14007,25805
2017,11,11,96884,8644,67340,29043,29206,1761.17,2053,3454,1854,9198,85474,15094,19229
2017,11,12,21655,66031,38641,91243,59957,1761.17,4963,4677,1864,6757,16742,12789,13231
2017,11,13,98914,83556,98211,22853,56172,1761.17,1859,4406,3629,8408,98448,14187,43635
2017,11,14,89780,6854,62642,5236,71449,1761.17,1636,3102,1006,6628,84345,13622,14468
2017,11,15,39859,4309,71485,97138,77418,1761.17,1279,1330,4757,8988,15534,18310,29851
2017,11,16,84477,52395,21688,53106,72946,1761.17,2292,4076,3341,6286,10758,14789,20136
2017,11,17,10754,22301,24244,57604,15281,1761.17,4410,1491,4249,9014,68628,23018,8589
2017,11,18,48449,94908,15702,28206,35750,1761.17,982,1870,4981,8525,73330,39278,31236
2017,11,19,55013,56976,68355,98354,3262,1761.17,4494,1494,2670,7486,87970,39302,35371
2017,11,20,62327,68733,10794,7928,20979,1761.17,946,1566,2033,6008,13983,42782,45775
2017,11,21,94235,10822,63008,94217,29347,1761.17,4846,1432,4665,8201,99064,12926,2691
2017,11,22,53572,28560,43293,77594,82298,1761.17,1895,1960,1346,8092,85255,14734,47615
2017,11,23,39816,32554,39455,46849,95553,1761.17,4631,4786,1963,8990,11638,42662,19791
2017,11,24,21681,202,43374,31346,84755,1761.17,623,4677,2348,8886,48622,35997,8790
2017,11,25,67883,81870,63326,582,25911,1761.17,609,1460,2485,6416,28926,43037,14933
2017,11,26,96207,18558,99176,9522,87548,1761.17,2183,1170,1083,7662,56925,17189,15883
2017,11,27,70699,33902,88219,74399,70522,1761.17,1748,4755,3709,5302,55336,44620,36841
2017,11,28,21358,25947,26698,18843,68715,1761.17,3231,4920,1074,7406,74441,44432,5624
2017,11,29,43289,42978,20013,75724,54886,1761.17,2912,1176,3542,9110,99982,14063,43290
2017,11,30,34323,76731,68820,53033,33156,1761.17,4004,4512,1453,5678,89706,35167,24156
2017,12,1,17938,16440,19562,45344,7234,1636.71,4984,1750,1458,5726,21447,43647,13994
2017,12,2,89973,47032,87190,71103,63366,1636.71,1777,1447,1424,9628,11918,26931,17606
2017,12,3,88814,76819,9738,45867,66525,1636.71,4895,4461,2696,8924,46156,10318,11257
2017,12,4,24803,51141,67844,75161,31849,1636.71,3807,1820,2673,9422,18558,32390,39291
2017,12,5,39954,47404,5190,42730,22213,1636.71,4661,2377,2961,9398,89596,17970,11144
2017,12,6,40655,64492,55299,34703,75301,1636.71,983,1798,2595,7662,75263,12870,1456
2017,12,7,9470,10423,38968,62143,49123,1636.71,885,1742,1997,6074,48157,18294,14595
2017,12,8,27219,17819,77940,31532,97217,1636.71,2369,4223,3379,7667,88925,23679,17536
2017,12,9,75475,24910,40135,28071,45088,1636.71,898,4556,2171,8380,33051,41294,15398
2017,12,10,65132,43937,96723,77129,60011,1636.71,2690,3580,4050,7958,35112,26266,44880
2017,12,11,5870,53834,46842,54249,11501,1636.71,4280,1975,1362,8838,31397,11536,35768
2017,12,12,49813,76615,76673,8336,77152,1636.71,4629,2282,3659,5416,35763,30021,9724
2017,12,13,57584,63454,33603,52986,1788,1636.71,4251,2657,3899,6093,61905,16751,35067
2017,12,14,28213,56186,53727,88889,6953,1636.71,1003,3116,3090,7675,81451,10492,1476
2017,12,15,97399,81082,13877,67410,93785,1636.71,2431,2719,4444,7385,20704,31232,49640
2017,12,16,32452,66309,38890,71351,58754,1636.71,4453,1965,4684,8180,92205,46636,17147
2017,12,17,9656,19561,69753,4098,7237,1636.71,691,1982,3636,9567,88396,17556,17556
2017,12,18,55559,2180,42845,1355,49565,1636.71,2586,2015,2561,7827,69717,37666,29902
2017,12,19,21327,24171,40984,11011,48703,1636.71,3998,4710,4100,7158,78807,26336,33189
2017,12,20,77658,70851,13676,42647,76770,1636.71,1419,2327,1214,9990,33682,36518,18424
2017,12,21,56869,82621,84886,19430,86801,1636.71,2095,3126,1062,8870,35488,10179,20955
2017,12,22,63971,59487,34890,33072,69589,1636.71,759,3597,1808,9434,12496,44020,30049
2017,12,23,74210,24015,26349,94812,84631,1636.71,2681,1498,1446,5142,77280,12154,26383
2017,12,24,53521,50728,70281,64998,65159,1636.71,734,4128,1606,6417,62199,17546,22121
2017,12,25,22818,4312,31145,40069,43746,1636.71,4089,2955,1402,6789,29118,12384,37388
2017,12,26,69524,26801,20235,44878,9367,1636.71,3384,4239,4594,6646,44236,29752,47515
2017,12,27,32138,85765,75233,30096,78534,1636.71,2642,2702,3095,8786,57771,14790,3785
2017,12,28,82526,8213,36148,60280,1354,1636.71,2663,2228,4770,9250,48457,15926,31619
2017,12,29,56765,71842,29728,37711,98211,1636.71,3814,1418,1079,9047,60442,20964,40316
2017,12,30,12832,74437,88668,87279,19575,1636.71,950,3452,2354,6502,78731,10128,12791
2017,12,31,39589,17748,92288,64359,76998,1636.71,4846,1958,3938,9158,87824,27148,40745
2018,1,1,71639,57496,27322,30686,34290,1652.94,4868,1398,4656,7146,44652,48798,14638
2018,1,2,68970,63105,2505,26940,58189,1652.94,1527,1880,4850,7150,52932,13904,7564
2018,1,3,45732,3046,85886,6658,90870,1652.94,2899,3860,1880,6318,25897,21169,13034
2018,1,4,32562,85767,62600,52219,49265,1652.94,2368,4585,1708,9873,61524,44896,7253
2018,1,5,77437,28052,20832,93640,58937,1652.94,586,1020,3161,5656,44029,12534,40116
2018,1,6,65857,18281,79243,52737,36205,1652.94,524,3766,2258,5724,37336,22874,5141
2018,1,7,76462,4705,7461,79522,74578,1652.94,770,3366,3388,6434,78357,38676,18985
2018,1,8,51718,45296,26049,61231,98119,1652.94,1612,1334,3358,7207,33062,40915,20079
2018,1,9,78700,39672,9682,2310,8881,1652.94,762,1693,3073,8995,97567,42651,47018
2018,1,10,84333,38338,27370,97721,99939,1652.94,1396,3007,2373,9810,45589,15491,5727
2018,1,11,98876,23555,45818,3586,97114,1652.94,4500,1634,1254,8372,78121,26487,45232
2018,1,12,17551,69657,94533,85625,68653,1652.94,4627,4336,1774,8014,67056,46727,42100
2018,1,13,94075,69805,31087,77800,82250,1652.94,3290,1124,1910,5459,17142,47343,26677
2018,1,14,17043,45563,89508,84649,16097,1652.94,2487,3646,3636,8110,19270,38640,17629
2018,1,15,64120,80250,7977,94557,68598,1652.94,1283,4023,1189,9506,56822,43438,25033
2018,1,16,65398,16465,40916,65628,38276,1652.94,4322,1298,3891,5181,56318,19987,41978
2018,1,17,69162,33806,53635,22799,5826,1652.94,1438,1297,4506,5767,80853,38103,39257
2018,1,18,77152,38489,17128,38341,10858,1652.94,3131,1255,1766,9046,58234,45041,40302
2018,1,19,97376,53910,16712,1267,55443,1652.94,1254,4604,3186,9990,47402,45364,39382
2018,1,20,80497,25193,31662,66355,10960,1652.94,810,3111,2354,8588,26451,28211,12515
2018,1,21,44591,24583,70819,51357,79981,1652.94,2750,3707,1342,9461,94974,21108,45406
2018,1,22,18843,32581,95713,58381,40173,1652.94,3744,2020,4659,5405,13530,45618,9467
2018,1,23,64272,24186,82,31626,78475,1652.94,1189,4416,2467,6728,90773,13800,42886
2018,1,24,58765,3524,57508,74431,49337,1652.94,539,4530,1413,7603,42910,41585,2482
2018,1,25,17071,46656,78607,1730,98413,1652.94,3699,4036,3870,7572,27013,33696,48334
2018,1,26,56667,69555,73113,40486,82915,1652.94,4285,1678,3760,7202,32461,49448,30238
2018,1,27,30627,94353,33979,48393,51956,1652.94,1329,4025,4896,5178,87106,18670,26890
2018,1,28,99621,17159,50049,54843,30940,1652.94,3538,3957,1616,6634,60794,29530,27063
2018,1,29,41889,81433,87562,42002,59578,1652.94,2801,1694,1462,7150,54947,49033,36375
2018,1,30,35022,61278,68060,91270,62565,1652.94,929,3537,3675,9350,33379,35966,21518
2018,1,31,89393,38271,56276,52361,16274,1652.94,3243,3161,4854,8654,16514,24431,17071
2018,2,1,24317,80987,85609,82449,35935,2752.5,2469,3563,4052,8738,92479,40570,34642
2018,2,2,71020,71017,29246,83350,20749,2752.5,4093,1510,2839,7806,91643,21261,31565
2018,2,3,72402,66157,86116,74558,82672,2752.5,4439,3339,1533,5047,11584,43819,10547
2018,2,4,16041,39609,7383,85094,48347,2752.5,2015,1444,3582,5070,35419,24330,16214
2018,2,5,52825,40865,16053,7017,98671,2752.5,3277,2423,3851,8796,61980,22874,7696
2018,2,6,41292,7772,96214,82825,39171,2752.5,2995,1758,2960,6729,56656,12622,2001
2018,2,7,32944,98672,58377,36526,86284,2752.5,2207,1870,1011,6528,62476,16034,43796
2018,2,8,17307,40754,53458,91158,5147,2752.5,4032,1438,4561,6597,45614,28732,15439
2018,2,9,94951,54963,33944,52911,88044,2752.5,569,1982,1254,7900,73863,41905,6952
2018,2,10,44093,67423,47366,95104,77034,2752.5,1137,4339,1947,9200,85497,38445,26194
2018,2,11,46386,65882,51236,2299,42479,2752.5,1030,3780,3164,5330,13392,12424,13203
2018,2,12,38277,82261,93547,60251,32558,2752.5,2156,1649,1184,5873,88104,28217,33762
2018,2,13,42068,65595,22558,25367,96542,2752.5,682,4278,1178,5626,61576,49117,24407
2018,2,14,94602,42608,19251,79118,90285,2752.5,1676,4913,4553,6326,10336,14230,25942
2018,2,15,45337,73672,50112,96521,5898,2752.5,1089,4316,1513,7302,89682,33054,4568
2018,2,16,4405,19846,92333,11044,17597,2752.5,674,2197,4220,5763,15342,19504,20262
2018,2,17,21705,75696,80770,62610,37270,2752.5,1071,2605,4604,5078,95477,31853,35934
2018,2,18,57102,36568,46170,93616,16566,2752.5,3021,1950,2049,6854,32013,39645,35852
2018,2,19,21968,8527,18196,67540,4290,2752.5,3395,2345,1556,8340,19846,10366,25862
2018,2,20,70099,41026,54136,46055,43560,2752.5,2908,2013,2532,8164,26980,19097,49614
2018,2,21,26282,70002,56420,98331,38060,2752.5,2975,1378,3311,6170,43917,17601,38434
2018,2,22,48385,47314,59947,66293,31479,2752.5,1470,2928,3630,5606,80334,32190,31254
2018,2,23,41572,24595,15556,60456,98673,2752.5,904,1305,3888,9326,55987,16948,42536
2018,2,24,57110,60315,59679,70421,66486,2752.5,3021,1221,1828,8650,97513,48739,3597
2018,2,25,61926,35337,33020,556,27295,2752.5,4097,1806,2948,9314,45672,11918,13354
2018,2,26,73540,57929,94278,18781,10253,2752.5,728,2361,1166,5406,37782,43415,1090
2018,2,27,65355,42156,40989,32616,22828,2752.5,1354,4752,1590,8756,85308,33836,4855
2018,2,28,94080,758,35406,32028,15411,2752.5,4999,1234,4005,5628,24081,15610,31078
2018,3,1,26162,49324,89175,87921,3458,2007.87,3274,1236,4930,5890,84792,44784,32591
2018,3,2,33597,69546,1327,14323,71206,2007.87,3401,1962,1919,6998,14926,34348,1515
2018,3,3,41780,25379,39707,37408,49460,2007.87,1003,1252,4639,5177,63541,16204,5317
2018,3,4,4120,16816,20063,44051,19058,2007.87,774,2654,1512,6513,66976,28308,4855
2018,3,5,8028,75378,50272,11300,32158,2007.87,647,3936,1460,5353,27695,11537,20348
2018,3,6,40670,43699,37159,11662,65228,2007.87,4758,4347,1814,6172,29749,19276,17052
2018,3,7,11027,84936,21931,18131,57801,2007.87,1438,2180,1280,6132,93479,29144,5259
2018,3,8,49762,89127,3081,45487,24481,2007.87,3375,1501,2177,8678,93162,22404,47128
2018,3,9,93937,79273,58104,44156,85445,2007.87,3431,2823,4140,6882,47305,13292,4205
2018,3,10,56972,43744,45473,53959,23158,2007.87,3102,2918,4430,5078,34756,35262,38952
2018,3,11,66014,58133,66764,73191,35018,2007.87,1946,3954,1902,6402,73109,23699,26279
2018,3,12,40607,2893,86523,46099,70958,2007.87,4391,4280,3922,9736,14590,17079,33828
2018,3,13,10168,97693,89998,54598,16579,2007.87,4859,2591,4238,5958,72133,34255,41107
2018,3,14,15605,50432,79562,87508,86834,2007.87,1206,3792,1914,8170,89890,18456,19023
2018,3,15,14260,15634,3504,8182,86850,2007.87,532,2016,2137,6470,67965,48715,18094
2018,3,16,72717,24177,47659,88307,63503,2007.87,2562,4107,1854,8522,66614,23408,19792
2018,3,17,87499,44173,17201,59413,8253,2007.87,4988,2511,4076,9696,47044,25925,23444
2018,3,18,72938,88658,39294,21427,20269,2007.87,1494,4336,2786,8314,97643,27641,23611
2018,3,19,70297,36558,6749,56872,55033,2007.87,568,2530,3886,7674,18295,16990,39715
2018,3,20,87276,53284,97354,42704,8127,2007.87,4981,2415,3055,5078,18842,19675,44398
2018,3,21,64238,5337,79012,28376,55841,2007.87,1016,1136,4563,9116,83007,34596,43007
2018,3,22,85183,29640,27127,19069,93472,2007.87,3910,2098,1046,5082,56153,23183,45422
2018,3,23,35662,57487,20599,85069,98114,2007.87,4743,3702,1128,7518,23429,33321,5793
2018,3,24,26762,95799,59458,72677,74915,2007.87,2272,1702,3456,6078,95517,48279,8818
2018,3,25,62525,89429,11730,77582,97044,2007.87,2116,4056,1721,8142,34124,12382,34235
2018,3,26,9860,88868,51241,87340,38975,2007.87,660,2087,1898,6470,71115,45382,24670
2018,3,27,55288,28389,21832,60096,45492,2007.87,4726,3015,3128,5624,15654,36524,17349
2018,3,28,3394,19065,85581,61467,89484,2007.87,4004,4342,1276,5244,12162,30250,36058
2018,3,29,59915,40047,78690,46734,36517,2007.87,3467,3155,4545,9846,84602,12786,49806
2018,3,30,64000,75681,64404,3480,94840,2007.87,822,3232,3120,7774,59699,15216,32705
2018,3,31,77994,93704,23298,19270,95301,2007.87,872,1566,2729,9132,18299,35597,42684
2018,4,1,26768,43753,55264,73418,44707,2023.93,3768,1574,2407,7248,31577,41463,11652
2018,4,2,13604,29810,9584,55540,5861,2023.93,3532,1842,3188,5614,27568,15871,33540
2018,4,3,68675,99135,98601,79588,17434,2023.93,622,1114,4301,7714,33970,39007,34198
2018,4,4,39926,4091,75746,48685,61339,2023.93,618,4942,4836,6082,30481,25696,23675
2018,4,5,15974,80367,7965,89163,33169,2023.93,678,3194,1018,9986,14133,34804,35533
2018,4,6,54184,54440,45357,48486,82714,2023.93,3844,3990,4769,5942,87674,11107,45679
2018,4,7,19617,27822,52402,89453,10256,2023.93,1501,1229,4601,5817,15391,29121,49236
2018,4,8,57703,36777,47316,8721,56763,2023.93,3524,1902,3592,8881,75783,31305,27801
2018,4,9,50912,95980,70296,50681,8274,2023.93,3140,2890,2142,6893,33694,28749,7970
2018,4,10,96129,15196,54979,92082,37366,2023.93,1202,1222,3498,9748,15178,30260,36722
2018,4,11,62671,13665,91207,11263,52546,2023.93,3919,4808,1356,9214,86841,15814,33342
2018,4,12,3536,31334,31837,22030,28227,2023.93,778,1424,3430,8466,32788,12870,31884
2018,4,13,8831,53992,45863,32329,55213,2023.93,2589,2882,4666,5014,45496,48563,16003
2018,4,14,19842,4416,84724,15515,49982,2023.93,4460,4868,2897,7649,16508,47476,21565
2018,4,15,49533,59029,88184,62963,97490,2023.93,950,1319,1314,9326,55000,46527,20972
2018,4,16,58327,67590,80762,54345,4089,2023.93,2907,3929,1356,7631,55795,47007,26259
2018,4,17,75548,75257,66876,78446,59258,2023.93,921,3789,1020,7446,88103,47994,25126
2018,4,18,51428,18214,70666,59095,10539,2023.93,621,1798,4606,6382,39561,13695,25666
2018,4,19,12641,58821,53977,59667,62804,2023.93,3025,3351,1380,6252,33148,10637,9773
2018,4,20,31378,75422,85779,98235,5878,2023.93,2580,2304,3447,6502,16398,18985,23882
2018,4,21,58912,38372,20554,68519,24755,2023.93,3565,3746,1178,5092,29764,48090,10115
2018,4,22,78666,19142,36442,80046,75395,2023.93,2034,3123,1362,5634,21358,17239,35942
2018,4,23,33047,83939,40897,41494,33537,2023.93,1830,2448,2018,7383,77318,12526,23647
2018,4,24,73851,75884,23223,9138,28425,2023.93,2227,3442,3480,7926,13978,13874,19340
2018,4,25,62315,76875,3351,23678,19687,2023.93,916,4084,4998,8164,10577,17080,24709
2018,4,26,21812,3760,67336,33830,17496,2023.93,3305,1345,1082,6527,16834,15312,44654
2018,4,27,95867,24062,88755,700,435,2023.93,925,2749,1902,8560,86426,21506,8595
2018,4,28,25336,93695,90592,50335,41860,2023.93,914,3670,1280,5122,13851,38775,17521
2018,4,29,37210,17157,46473,74098,60036,2023.93,761,2254,3719,9042,72953,20506,13307
2018,4,30,69463,70231,83256,54931,54507,2023.93,2788,1193,1079,6768,46527,17190,36034
2018,5,1,71749,34313,38533,80657,48164,2227.03,2865,1671,1483,8314,41707,19789,43660
2018,5,2,64077,30314,39861,24945,19619,2227.03,4406,4848,4973,5688,60706,12358,10367
2018,5,3,58477,56901,58439,58209,19780,2227.03,930,2880,3393,5654,88536,11556,12729
2018,5,4,40356,22755,9581,96839,31069,2227.03,2979,1496,2952,5688,36440,17570,17640
2018,5,5,49559,47199,23771,9532,12887,2227.03,1890,2715,2729,6680,45923,43860,1670
2018,5,6,75761,37736,1741,39154,68080,2227.03,2062,3434,3031,6642,21624,10451,40278
2018,5,7,44282,54604,88301,58586,43795,2227.03,2507,3352,3291,6277,19236,17529,24741
2018,5,8,33459,7479,5245,91188,54159,2227.03,918,1270,1046,6290,85424,39685,17520
2018,5,9,93418,52487,14472,22801,45481,2227.03,3252,4761,2050,6238,48346,13670,36096
2018,5,10,12645,40854,60550,17288,73483,2227.03,4817,1941,3615,6413,14480,24125,46138
2018,5,11,40286,15881,20397,61892,19022,2227.03,1577,3790,4658,9630,51591,20138,22173
2018,5,12,18497,51196,26252,25547,39100,2227.03,2743,3095,3154,9645,13950,37988,40950
2018,5,13,65783,52905,44930,85751,25670,2227.03,4875,1918,2994,6623,27846,43367,25763
2018,5,14,18796,95776,72159,9806,78176,2227.03,4943,3023,2648,5102,38570,46747,40102
2018,5,15,63496,47666,31195,11650,17311,2227.03,4638,4445,1676,7422,85195,11503,32930
2018,5,16,3034,61423,93810,11029,58047,2227.03,4395,1841,1142,6553,86647,28310,38008
2018,5,17,83007,32943,57686,90655,5490,2227.03,2401,1374,1122,9906,96986,43935,12608
2018,5,18,34230,62977,93381,20064,90248,2227.03,2918,3281,4998,8079,17266,14396,28576
2018,5,19,96088,58705,91238,46222,1611,2227.03,883,4616,2179,8569,75271,49020,44237
2018,5,20,61177,29025,34357,37802,13973,2227.03,1737,3202,2022,5906,84617,17270,47695
2018,5,21,36398,48888,10552,76396,6967,2227.03,2143,4405,1268,8380,65627,15766,31213
2018,5,22,8970,72863,8848,52501,21432,2227.03,1520,3960,4494,8942,36761,19648,34119
2018,5,23,16276,84851,24374,59650,26321,2227.03,1919,2717,4229,7654,55464,47547,8991
2018,5,24,51387,62608,16954,57656,77340,2227.03,1885,1308,1794,5926,55160,43226,32581
2018,5,25,91203,73033,8539,37050,25262,2227.03,1868,2888,2854,9998,17537,39174,11652
2018,5,26,46584,10810,68244,20813,30984,2227.03,3359,3722,4018,6686,56377,12709,40060
2018,5,27,50597,54615,15371,22392,61700,2227.03,1969,2901,3563,8262,12614,35176,20531
2018,5,28,18511,3171,43065,81365,40764,2227.03,1890,2346,4114,5970,24510,11670,26954
2018,5,29,11545,59223,50173,46915,10887,2227.03,4624,1483,2515,9998,15094,39214,22902
2018,5,30,45525,32196,8469,5440,72703,2227.03,615,1212,4293,5238,88929,25056,14771
2018,5,31,43338,75820,78756,47452,47306,2227.03,516,1678,3839,5425,22116,12166,3266
2018,6,1,81741,83914,82195,73087,84140,2944.2,3610,1334,1228,8110,10786,10999,21409
2018,6,2,31018,12953,95293,81050,1882,2944.2,738,4053,4103,9092,41358,18721,20349
2018,6,3,19796,16560,63913,1573,38676,2944.2,1251,1767,3903,8445,19716,38042,19991
2018,6,4,9854,44817,70729,56083,85219,2944.2,3433,1235,1714,5077,13636,14614,26117
2018,6,5,15426,54375,1356,80882,58917,2944.2,954,1158,1260,9866,96635,30652,9066
2018,6,6,16210,2887,83773,70113,91332,2944.2,4507,2537,4793,6378,89971,40011,9978
2018,6,7,87705,39757,72600,9478,84834,2944.2,1779,1610,3314,8984,13843,48582,2588
2018,6,8,93553,79798,43646,85530,26017,2944.2,2534,2225,4519,6306,28689,17202,6633
2018,6,9,26284,69549,1092,97430,81137,2944.2,3792,1606,2170,6391,94669,48355,7415
2018,6,10,45332,11449,64967,18646,62288,2944.2,3579,1690,4959,7224,57721,17327,28810
2018,6,11,209,90256,59553,76080,22914,2944.2,3282,1108,4142,5870,62978,10566,38242
2018,6,12,84493,16771,40471,48015,59515,2944.2,1370,4845,2939,5374,39842,25227,35140
2018,6,13,56498,23422,81068,47809,66998,2944.2,570,2205,1614,9384,59637,18309,38789
2018,6,14,29282,19272,33859,3424,79997,2944.2,998,4488,4959,5523,12503,39473,46837
2018,6,15,50663,25226,10671,13602,2914,2944.2,750,4410,1637,6247,23571,39986,16865
2018,6,16,91389,88707,73544,36785,29747,2944.2,814,1546,2451,5304,95154,48800,33181
2018,6,17,52141,70208,13289,98452,85731,2944.2,4276,2744,3720,9902,82697,36633,42144
2018,6,18,98163,37879,62397,4800,90478,2944.2,1137,1865,4673,9372,35001,17706,35968
2018,6,19,17862,56448,96151,70314,11752,2944.2,940,1002,1511,8753,78695,13593,41305
2018,6,20,7250,82972,32690,90970,14271,2944.2,3955,3784,4617,6351,49936,26446,15388
2018,6,21,42319,61074,74665,33344,45755,2944.2,4115,4968,2464,8790,66633,44215,9666
2018,6,22,41571,2099,90812,19434,67204,2944.2,4379,1618,1518,8302,98126,49451,35859
2018,6,23,63808,92082,44589,49777,48433,2944.2,1223,1510,1204,7166,40445,17704,44525
2018,6,24,10553,94561,97673,93018,44827,2944.2,3584,2748,2755,6046,22181,49958,14306
2018,6,25,96606,21561,40764,81788,69982,2944.2,2590,3788,2322,8742,99917,45754,38890
2018,6,26,36703,26141,2857,8653,27028,2944.2,1356,3931,2862,6230,63300,49040,43302
2018,6,27,21038,83238,1789,3793,93985,2944.2,886,1190,1882,6990,72377,48215,23970
2018,6,28,66107,69968,98356,13429,28499,2944.2,534,1670,4412,8390,73852,17791,48273
2018,6,29,88045,16561,21724,42259,56941,2944.2,1298,2977,4612,6182,81769,28597,1376
2018,6,30,83408,68225,85540,61642,95442,2944.2,4856,1548,4235,8212,91328,22733,7917
2018,7,1,33216,54287,47250,77958,44491,1675.55,1001,1051,3115,9232,17991,20843,15041
2018,7,2,82262,12322,55456,25348,10443,1675.55,926,3666,1896,6748,74108,10211,1650
2018,7,3,12958,52009,70800,21170,59689,1675.55,4005,2903,4170,5046,87213,17332,9885
2018,7,4,22648,69567,36065,92115,94179,1675.55,2957,1439,2728,9540,18139,43171,20408
2018,7,5,85170,43247,71838,37466,46347,1675.55,4028,1320,4305,9502,13176,40346,12298
2018,7,6,11065,57183,99602,41587,64789,1675.55,504,3787,1381,5336,95902,18198,36815
2018,7,7,23072,75212,43351,5800,9977,1675.55,654,1498,1087,7034,65315,33786,11490
2018,7,8,65810,29344,59442,96468,80524,1675.55,3165,1587,1152,5542,33173,10940,22619
2018,7,9,89582,49774,14729,45963,18789,1675.55,2873,1859,2193,6223,64011,12170,26983
2018,7,10,34066,95686,40021,55153,99198,1675.55,590,1359,4678,9474,94178,31553,5336
2018,7,11,3703,97344,39493,49855,110,1675.55,2146,4690,1214,8226,52004,23931,39019
2018,7,12,35209,64878,15792,53755,21102,1675.55,2276,1398,1839,9214,26670,14788,46155
2018,7,13,27632,81962,88749,62310,13046,1675.55,890,3099,1106,9707,99305,46730,32927
2018,7,14,38726,76452,86422,93869,1031,1675.55,2800,2590,4655,9943,12698,14226,4778
2018,7,15,12450,88621,28627,4289,27269,1675.55,1677,4899,3609,6777,33561,33006,5297
2018,7,16,99704,43777,16106,96325,93484,1675.55,3055,2209,3214,5828,42429,18498,15411
2018,7,17,50606,10230,78187,70261,26525,1675.55,2368,3973,4503,5994,43262,33124,1778
2018,7,18,27644,71292,88024,97605,88070,1675.55,611,4124,1470,6716,14678,25196,21585
2018,7,19,28480,9857,7406,36694,5685,1675.55,2289,1289,1416,7750,42902,11790,49835
2018,7,20,41359,86623,58267,47215,58970,1675.55,686,2964,4171,9436,18486,43592,1529
2018,7,21,6299,81180,97718,88011,94249,1675.55,3206,2727,4374,6963,75772,30058,14519
2018,7,22,53151,54414,2700,45919,11241,1675.55,870,2599,4928,6962,16165,23897,11954
2018,7,23,41357,12856,43214,30529,13921,1675.55,954,1570,4961,8189,24581,35561,43782
2018,7,24,69060,4140,58289,93434,7456,1675.55,4843,1220,4825,8895,22875,16065,1682
2018,7,25,37201,88086,85017,2129,11563,1675.55,2377,2918,1740,5590,99798,10661,17534
2018,7,26,29373,40272,97232,70686,94813,1675.55,1246,3872,2304,7158,57305,49759,38165
2018,7,27,31299,13502,26717,52476,72397,1675.55,3540,4596,4028,7124,28077,15590,15944
2018,7,28,71091,70455,34862,34184,72398,1675.55,4844,1769,1282,8330,88806,36095,34660
2018,7,29,46593,11405,66320,88897,8643,1675.55,534,1292,3477,8075,17544,25873,23625
2018,7,30,64019,77308,51823,34399,47217,1675.55,1341,4659,1705,7554,68842,39102,46252
2018,7,31,18566,63687,57224,9849,72114,1675.55,2295,3705,3785,8614,23953,32427,12382
2018,8,1,95313,38720,72069,9740,47487,2399.68,942,1146,2467,9026,88362,28718,14294
2018,8,2,57202,23022,45425,24756,91864,2399.68,3320,1108,4454,6346,44015,36835,1768
2018,8,3,81816,62721,10622,60430,3027,2399.68,754,3338,4472,7440,16166,28310,9401
2018,8,4,98086,98188,69457,80554,39048,2399.68,623,1248,2192,7399,21003,39056,7820
2018,8,5,38279,80677,60958,12733,33845,2399.68,4567,2012,1618,6540,92441,13722,21325
2018,8,6,85942,4166,1762,66766,87958,2399.68,670,1043,1472,9074,82948,46130,26192
2018,8,7,38704,58572,92380,35896,95972,2399.68,1303,1212,1670,8613,63333,10607,29735
2018,8,8,39938,29253,92620,40335,5794,2399.68,3757,3086,1166,7514,74851,43535,1413
2018,8,9,4415,69927,95931,61498,50811,2399.68,2628,4513,3802,6359,41761,49773,28879
2018,8,10,96094,99417,16727,6505,18030,2399.68,3463,4319,1336,6082,14653,47808,30060
2018,8,11,93847,74764,55895,15777,52987,2399.68,664,3752,3376,6406,35250,17526,47098
2018,8,12,16826,92879,90053,70628,59238,2399.68,1752,1682,2581,6966,94538,15611,48166
2018,8,13,49890,78002,39931,75553,70436,2399.68,4713,4282,2050,7866,96410,15036,20936
2018,8,14,59058,22075,88790,8786,43670,2399.68,4323,1846,4621,5727,47473,25210,40392
2018,8,15,63893,578,96893,27827,70408,2399.68,3437,1214,1578,9719,12200,22572,7784
2018,8,16,37007,51914,53207,99058,63874,2399.68,900,4282,1691,5586,48067,31712,49617
2018,8,17,75978,73743,8559,41951,89471,2399.68,2160,4714,2960,6630,97540,43367,22384
2018,8,18,88189,7330,80016,90325,73401,2399.68,2896,1658,1954,6102,25816,24354,42216
2018,8,19,82072,56262,79989,53763,8201,2399.68,1826,4177,3149,6294,42480,23971,44408
2018,8,20,82768,9641,10039,55728,90046,2399.68,902,3233,1260,5461,68558,18670,7579
2018,8,21,4029,47807,31420,64510,80262,2399.68,890,2332,4849,5203,32446,38049,7236
2018,8,22,29611,34273,38579,64113,61009,2399.68,3083,3775,1408,8956,15854,47096,31059
2018,8,23,22053,47653,91683,69665,43114,2399.68,676,2141,4398,8414,28003,18666,10241
2018,8,24,95684,33219,66992,25533,18423,2399.68,4933,3032,1126,8512,28496,11069,15790
2018,8,25,99571,16581,71197,6622,31054,2399.68,3718,4457,1054,5400,55473,10519,3403
2018,8,26,71993,46151,57662,96391,68247,2399.68,2402,3929,3882,6030,11638,14654,35665
2018,8,27,16536,85748,18042,82949,20612,2399.68,750,1526,4469,6294,43155,10523,46538
2018,8,28,1322,46874,96333,52376,58626,2399.68,2895,1969,2956,6908,59712,32554,1807
2018,8,29,38925,77115,62836,74159,77860,2399.68,2815,4394,1508,5856,93695,41360,18650
2018,8,30,8746,4066,27895,88216,1984,2399.68,3738,3304,4275,5718,55680,42901,21051
2018,8,31,63229,34928,39871,77537,71836,2399.68,790,2111,3048,9278,10222,20908,49583
2018,9,1,45437,81655,95029,91293,75350,1618.93,758,1542,1280,8253,97750,18037,2742
2018,9,2,3344,1055,52314,31118,73087,1618.93,698,4365,2788,8234,12552,33723,11567
2018,9,3,64678,39664,26772,3956,40934,1618.93,4586,1369,1382,9615,94014,37387,14032
2018,9,4,58709,10405,83155,5696,15010,1618.93,3733,4704,4662,9622,65821,37749,47257
2018,9,5,70317,76520,28467,88105,81107,1618.93,1827,2135,1374,8599,82442,21615,41020
2018,9,6,62631,27029,24338,74669,82996,1618.93,3408,1703,1862,7914,47399,10116,34704
2018,9,7,75171,87485,11173,89833,79883,1618.93,3933,1654,4865,9630,54654,15686,26994
2018,9,8,63420,76483,29459,60454,41434,1618.93,3421,1690,3928,5526,95084,21924,11901
2018,9,9,57462,73493,79980,18921,51407,1618.93,786,2928,4862,6560,49112,11096,27379
2018,9,10,99906,59399,77647,69771,98151,1618.93,2093,1569,1150,6551,38374,16568,32302
2018,9,11,78452,36796,86984,33733,59554,1618.93,2008,3366,3263,7978,68638,12052,48420
2018,9,12,95719,64027,98950,26933,86939,1618.93,4381,1844,3812,8138,72966,21962,14415
2018,9,13,64329,10061,99884,5816,76612,1618.93,2383,1415,2006,5719,21499,15478,38258
2018,9,14,74139,93508,678,62403,61847,1618.93,3423,3916,4694,7373,17201,36632,19316
2018,9,15,98140,71583,39829,21952,3610,1618.93,3913,4290,2855,5046,90105,15818,12796
2018,9,16,98406,78842,87234,73459,54561,1618.93,769,3698,3591,5814,91100,46790,8733
2018,9,17,10762,25877,70707,76808,59602,1618.93,4792,2740,1692,9620,79691,45803,4260
2018,9,18,82416,39957,80094,21623,105,1618.93,2441,3509,1594,8278,88320,19951,36551
2018,9,19,66112,45442,48651,84703,86888,1618.93,2844,4000,1978,9816,90808,41579,6103
2018,9,20,89163,20601,99320,65005,6573,1618.93,807,1390,1302,7252,26962,35422,45363
2018,9,21,43803,80756,50285,9195,38135,1618.93,1004,4245,1618,8304,10608,14574,4957
2018,9,22,66603,3145,17637,64933,88048,1618.93,2864,2209,1748,8762,42213,18321,24797
2018,9,23,33899,19373,73662,69217,76625,1618.93,991,1738,4083,7627,45973,17806,16976
2018,9,24,58936,91471,72815,59333,1971,1618.93,2968,3572,1257,6956,49856,19304,28114
2018,9,25,21754,72721,62867,83502,11257,1618.93,1822,1302,1618,7370,30722,17428,21432
2018,9,26,75164,68066,54208,89247,55693,1618.93,2815,4627,1651,5102,90311,19956,1518
2018,9,27,8743,69632,94898,90001,66589,1618.93,656,3341,2474,8522,71842,45082,44754
2018,9,28,76307,40018,90237,17111,81853,1618.93,890,2015,1534,5098,62613,27420,37311
2018,9,29,21631,20429,8401,13282,51058,1618.93,4606,4800,3343,9016,66152,34931,48712
2018,9,30,79258,58161,39625,13084,13036,1618.93,3165,4341,1483,8401,12912,49688,11467
2018,10,1,73694,23056,7440,78792,85670,2139.55,1774,2449,4612,8310,73507,16656,34861
2018,10,2,69663,49660,93019,20518,15812,2139.55,4774,1322,3925,5724,13462,45392,44302
2018,10,3,71023,92700,63228,35776,15503,2139.55,2839,4196,3675,5278,84339,20696,29268
2018,10,4,46491,1114,93146,56103,47522,2139.55,778,3535,2663,7602,54052,14826,33005
2018,10,5,34451,53828,55151,18376,83037,2139.55,506,4059,2560,9699,12382,33062,8509
2018,10,6,38967,44026,88611,7642,5657,2139.55,3337,2146,1690,7835,24601,37936,22951
2018,10,7,70840,21732,87824,19856,11880,2139.55,4681,1329,2055,6183,64705,45091,41877
2018,10,8,31045,94825,65503,98605,4524,2139.55,3018,4842,1438,5972,83835,21370,21690
2018,10,9,92284,78526,89870,82699,66361,2139.55,1987,2199,2553,9630,57054,14432,30823
2018,10,10,83039,58089,10763,11446,14272,2139.55,1537,1667,2995,8391,76623,23871,41820
2018,10,11,60081,74643,83714,92148,93976,2139.55,4869,1258,1073,6090,85308,28785,17549
2018,10,12,66913,22296,65986,35818,63459,2139.55,510,2848,2479,7364,74294,28103,39392
2018,10,13,35536,97184,6123,38531,85575,2139.55,2401,2007,3740,9894,54154,17715,32747
2018,10,14,46368,84024,53974,92441,20115,2139.55,2578,3378,2929,7136,39196,15488,39282
2018,10,15,59307,55799,20588,73139,99515,2139.55,1241,1878,2064,7440,89931,43991,44882
2018,10,16,6462,52334,55999,80202,14800,2139.55,4268,1166,1064,9196,69959,46993,10153
2018,10,17,90228,7538,66725,68157,27453,2139.55,895,1758,3070,5678,59896,43936,22273
2018,10,18,57717,77490,45338,66133,1206,2139.55,522,4018,2601,9922,16910,18753,35269
2018,10,19,42626,84841,96272,69506,19435,2139.55,1498,4661,1022,6454,94169,33923,32583
2018,10,20,5495,36417,37035,99917,99251,2139.55,846,3318,1554,5541,39451,16668,13283
2018,10,21,7163,15927,32348,94764,48401,2139.55,4868,2377,2760,6140,93234,23546,2920
2018,10,22,8723,9734,99560,15195,9308,2139.55,948,1154,1496,5016,47422,45746,43729
2018,10,23,15787,73980,19066,22911,45873,2139.55,1239,3034,1598,9938,64150,11102,8517
2018,10,24,49211,94019,62925,3323,36511,2139.55,1868,1585,2243,6427,93131,15816,6159
2018,10,25,86508,58601,55410,33004,61105,2139.55,3749,1890,3162,8342,16152,10784,19184
2018,10,26,89035,63744,8422,79830,43682,2139.55,760,2891,1590,9312,96213,19452,22572
2018,10,27,87163,89434,81038,85758,82213,2139.55,694,3719,4121,5421,18074,10225,40521
2018,10,28,958,13177,3468,10472,27343,2139.55,858,1377,4714,8570,12558,43395,35972
2018,10,29,46852,64286,52640,29794,78938,2139.55,598,2451,1990,5984,68208,12838,15205
2018,10,30,53509,78222,38275,2630,59995,2139.55,4206,1912,4524,9025,87775,13219,6349
2018,10,31,84997,53634,29597,84711,44266,2139.55,4457,2469,2791,7096,53614,18080,8507
2018,11,1,19213,532,49644,98553,68741,2621.77,2060,3313,2471,8398,39659,13820,2846
2018,11,2,248,16964,99697,65625,4739,2621.77,620,4723,2511,5330,18989,17369,12916
2018,11,3,96140,26459,40162,93237,80073,2621.77,3241,1284,3773,7884,14189,43865,8242
2018,11,4,57082,82602,23531,14554,53643,2621.77,4725,3889,1286,8852,19513,10006,13190
2018,11,5,57338,86486,75967,16201,38168,2621.77,3570,4306,2765,5942,43894,34189,44956
2018,11,6,48325,32136,49827,23450,86372,2621.77,3666,4805,2968,7106,74358,16610,30368
2018,11,7,86739,19084,86852,83243,79857,2621.77,4485,2193,4201,7366,69746,47368,6365
2018,11,8,71759,3317,81676,9524,9752,2621.77,3712,3075,4057,7088,97877,26780,41922
2018,11,9,90259,81544,36586,53228,5093,2621.77,4837,3182,2730,6689,15562,42587,27296
2018,11,10,79406,92262,96133,88608,69065,2621.77,2327,1654,1102,5814,50345,45297,15879
2018,11,11,92277,10411,69726,82686,20302,2621.77,4465,1128,1004,6051,63786,36941,17603
2018,11,12,39699,49977,11476,2430,6666,2621.77,822,2422,1513,7500,14772,46930,19253
2018,11,13,23380,59710,37753,25278,10064,2621.77,1927,2339,1212,6652,11078,12174,4451
2018,11,14,90607,60843,62073,56104,73246,2621.77,4397,2943,2187,7046,15372,15204,42212
2018,11,15,90125,76741,17627,17991,34242,2621.77,1272,2620,1069,9024,99249,27484,25009
2018,11,16,89827,36177,29825,21039,59181,2621.77,3903,4786,3394,7328,22242,31639,31201
2018,11,17,25892,81640,94584,18079,68864,2621.77,4634,1390,3048,7234,93330,37289,26308
2018,11,18,24973,24603,11262,26042,9979,2621.77,3526,1157,3039,9702,53547,22219,10511
2018,11,19,47255,58804,88359,55650,26132,2621.77,3640,2022,3591,9160,86452,27454,26953
2018,11,20,90884,36087,69147,93932,19699,2621.77,2572,4671,3430,5185,87064,29761,12477
2018,11,21,2048,56943,62271,65087,56645,2621.77,3658,1034,1954,8368,92252,17103,32170
2018,11,22,35321,45893,85478,60264,26821,2621.77,4069,2703,4367,6442,27986,10418,21930
2018,11,23,2045,91911,21442,5476,67096,2621.77,1588,4142,1822,7030,50581,38444,8506
2018,11,24,62380,54240,58696,53353,78960,2621.77,1807,4279,3192,9170,74542,12738,1906
2018,11,25,60567,28612,74068,84935,51828,2621.77,714,3872,1667,6793,75699,43762,18406
2018,11,26,91651,43640,79257,73451,73850,2621.77,1895,2580,1742,6942,22284,29387,29838
2018,11,27,54243,9093,93667,83787,97730,2621.77,630,3295,3172,9254,59581,14999,18209
2018,11,28,65327,21286,35224,91994,88079,2621.77,2107,1081,4561,5482,69531,44762,10923
2018,11,29,11202,97779,97344,11630,1074,2621.77,1017,1290,1423,9376,55453,18314,35980
2018,11,30,69245,95604,33801,82417,42525,2621.77,3767,2850,1019,8991,99843,35449,43382
2018,12,1,1951,31531,97180,83314,17415,1694.84,4514,1544,1282,5002,32617,15946,41942
2018,12,2,13514,4285,69392,14549,59738,1694.84,3792,1692,3696,5130,14216,38429,28545
2018,12,3,62681,22067,19449,78024,21910,1694.84,4288,1758,2780,5898,39877,20194,4899
2018,12,4,59762,50744,51740,31750,73240,1694.84,4717,1752,4993,9109,17653,14730,34357
2018,12,5,54006,17798,36424,32702,359,1694.84,1130,4390,2706,6931,57413,10967,1290
2018,12,6,11830,78054,67532,14610,95874,1694.84,1156,1278,3151,5800,14970,31391,7409
2018,12,7,3604,59806,34496,8597,85267,1694.84,4679,4271,4946,6102,88324,36656,2149
2018,12,8,93094,25807,66047,82152,82738,1694.84,4471,1846,2864,7002,25528,13737,39812
2018,12,9,763,93037,85724,58914,95932,1694.84,1656,1782,1242,7504,40835,14262,5812
2018,12,10,26005,30515,6506,12303,72969,1694.84,3958,1061,1280,5454,64565,13522,44830
2018,12,11,37520,74037,14292,55385,67391,1694.84,956,3152,4207,7549,43417,11490,6172
2018,12,12,93361,66427,77378,75329,23931,1694.84,2562,1286,1398,9067,78589,17622,34565
2018,12,13,43897,93900,20460,64532,75257,1694.84,4256,2775,1678,9810,84511,42802,1377
2018,12,14,71072,86338,27307,36632,73887,1694.84,4473,3598,3502,7430,58926,43784,20725
2018,12,15,42767,1489,60071,24197,66908,1694.84,3594,1616,3911,5406,91686,24167,38660
2018,12,16,16783,75944,53295,92196,7196,1694.84,1349,4618,1000,8656,31249,30733,4159
2018,12,17,65733,45724,14332,19235,53926,1694.84,3018,3044,2449,6186,37240,24356,39610
2018,12,18,28101,15836,1512,77012,31242,1694.84,2530,3023,1998,7176,40218,42687,43198
2018,12,19,41335,7921,87307,98182,86577,1694.84,542,2308,1982,5949,71542,14678,34908
2018,12,20,65559,913,80305,89360,74001,1694.84,606,3452,3379,6342,11815,14620,17545
2018,12,21,74777,29346,12645,60269,16523,1694.84,2956,4208,2134,6614,88742,30062,19215
2018,12,22,91522,34009,32371,4857,9959,1694.84,2116,1868,1176,9710,81228,11529,20265
2018,12,23,69965,61296,46334,3345,42875,1694.84,4316,4002,2494,6634,10622,20368,8150
2018,12,24,98880,63579,10930,76014,36545,1694.84,2428,4418,1302,9270,49274,26341,16024
2018,12,25,57768,21391,68211,78944,73811,1694.84,1824,3774,3437,6326,63470,10682,15791
2018,12,26,27660,47788,53018,31506,61100,1694.84,1874,4978,3570,9155,52344,30115,13641
2018,12,27,95179,41125,40886,61562,62275,1694.84,4255,1622,2901,8817,15337,13758,40160
2018,12,28,4608,22162,61838,64397,91672,1694.84,3412,4330,4447,6429,50836,16898,41661
2018,12,29,70,19063,43230,59993,14570,1694.84,926,4747,3049,7344,87660,15323,11926
2018,12,30,87504,41916,35366,15405,80733,1694.84,3467,1691,4215,6654,82440,47239,1416
2018,12,31,53317,65853,16570,59116,18634,1694.84,1014,1030,2819,5595,95047,17388,33758
2019,1,1,51507,43488,50570,48851,47501,3145.81,1353,4415,2609,8109,86500,34663,15893
2019,1,2,17929,4544,73880,45937,86984,3145.81,605,4187,4039,9450,87821,37797,21119
2019,1,3,17087,39229,6969,2682,34276,3145.81,834,1572,4196,7122,50983,48048,24358
2019,1,4,33016,3689,37465,66977,88150,3145.81,1640,2429,4859,7514,68365,48195,40317
2019,1,5,12990,83971,17383,33381,75044,3145.81,1177,2129,1576,8146,11163,11410,21556
2019,1,6,68856,11365,13544,69404,94840,3145.81,2452,2854,3214,5102,11182,22715,14527
2019,1,7,27937,62823,95145,89148,4694,3145.81,2342,4034,3832,8686,67415,38875,13511
2019,1,8,92633,4945,31006,69769,49443,3145.81,2530,4649,4884,8662,16242,14723,8521
2019,1,9,91953,37858,8930,76520,25478,3145.81,4234,3413,4286,8768,42560,20332,36465
2019,1,10,24242,79904,70719,88074,67333,3145.81,3301,1316,1574,8622,62436,25224,4486
2019,1,11,32827,59968,59875,19063,87394,3145.81,582,4345,4488,5419,72216,19940,30280
2019,1,12,61884,21452,13379,77523,82183,3145.81,4206,1423,2193,9858,10848,19525,5939
2019,1,13,55763,54150,95843,31545,44808,3145.81,1768,3985,4597,5998,29400,21990,24631
2019,1,14,29626,45891,17689,64114,71310,3145.81,4078,4545,4059,7626,43419,26241,6257
2019,1,15,26100,57626,49017,78293,58902,3145.81,4170,1015,1494,6364,62559,41526,26218
2019,1,16,995,35681,85512,51945,68675,3145.81,3934,4652,2153,7974,78765,14815,31264
2019,1,17,14232,19197,14361,74643,73005,3145.81,2236,4103,3108,6252,93748,14028,24132
2019,1,18,58822,24271,54378,89189,50635,3145.81,2066,2980,2616,8929,19924,37643,16937
2019,1,19,30194,93860,52296,7347,18186,3145.81,2161,3768,1608,5756,23411,11940,31061
2019,1,20,77005,57000,71421,25113,23252,3145.81,3474,3425,4438,5712,15890,12858,15169
2019,1,21,36140,1032,24406,88757,99961,3145.81,1399,1294,4540,8694,37500,22726,44330
2019,1,22,26107,26014,37847,9068,28888,3145.81,662,1792,4608,6452,47356,24212,27610
2019,1,23,17974,12183,72638,23764,31386,3145.81,782,2524,3985,9196,56280,43945,26603
2019,1,24,48923,99032,24100,19816,94078,3145.81,3893,1542,1294,6739,45603,49203,27952
2019,1,25,40702,10636,71448,75310,63440,3145.81,873,1412,2337,9734,21528,28722,35156
2019,1,26,31465,1717,46247,25450,6310,3145.81,747,1583,2910,6198,91398,11988,18880
2019,1,27,54150,292,48525,74466,63384,3145.81,982,1774,1114,5902,95745,14630,44128
2019,1,28,46624,77972,98671,10313,32834,3145.81,4034,1310,1914,6558,12208,44575,20199
2019,1,29,86864,41847,32511,4775,18045,3145.81,3114,3545,1904,6582,79363,36639,40262
2019,1,30,92118,35737,57076,29584,47205,3145.81,986,1502,2144,9158,36843,29977,19174
2019,1,31,65709,42230,60628,3975,93862,3145.81,3549,1460,1277,7412,14878,25674,33080
2019,2,1,34966,80572,94578,32956,76287,2691.29,1424,2022,3292,8126,75578,14940,31218
2019,2,2,17848,2110,20962,63359,38953,2691.29,4066,1181,4270,6092,91395,27349,17292
2019,2,3,97943,88473,34980,95355,90324,2691.29,4379,1640,2576,5094,74595,33863,27006
2019,2,4,7879,16020,95886,12523,3379,2691.29,4988,1225,3573,7301,84583,28878,21465
2019,2,5,24593,30003,10060,18864,63044,2691.29,2564,2337,4926,7800,89044,46601,1455
2019,2,6,90901,38424,38242,14830,98733,2691.29,3692,1610,1726,7502,19133,48585,12837
2019,2,7,98746,5474,69812,88672,29127,2691.29,2549,3719,1506,7930,88934,30143,20747
2019,2,8,61768,17851,57482,51694,98099,2691.29,4647,3998,4948,5786,15338,10998,46526
2019,2,9,32078,18872,22996,77285,46154,2691.29,870,4898,3953,8162,33569,43080,42129
2019,2,10,99132,67471,63152,99881,11432,2691.29,518,3198,1287,7722,41243,34385,2086
2019,2,11,382,5891,89737,1683,25132,2691.29,3067,2208,1182,8566,50844,41292,9916
2019,2,12,99544,76715,36191,63497,5100,2691.29,2928,4231,4934,6079,20463,31365,36113
2019,2,13,4517,487,70916,7157,70696,2691.29,2893,1076,4401,7629,89110,25884,28512
2019,2,14,23898,23530,33093,69037,64593,2691.29,666,1978,2003,5750,60335,48455,33938
2019,2,15,15335,33265,19039,85270,85696,2691.29,2986,1564,1339,7814,13720,27034,39502
2019,2,16,98766,21614,14464,49519,35596,2691.29,816,4492,3455,9704,44880,16104,3574
2019,2,17,58785,5209,88535,52141,34431,2691.29,1947,1117,3485,5985,51386,34181,48870
2019,2,18,25487,34373,90746,98178,4627,2691.29,878,4743,3782,9675,69262,44377,20818
2019,2,19,59601,94666,70222,3056,69513,2691.29,2454,4649,1661,9390,13141,37444,15102
2019,2,20,97563,80089,53562,96048,66074,2691.29,942,2911,2023,7325,12186,26650,21300
2019,2,21,24495,47653,96394,83278,3680,2691.29,4006,4632,1672,9430,82687,12537,32008
2019,2,22,95682,26495,7187,48696,58835,2691.29,2491,1396,1690,6052,68796,32840,20328
2019,2,23,27352,65377,7104,99375,69055,2691.29,2376,3548,2196,5122,76825,30875,13192
2019,2,24,87130,87185,60508,80155,67765,2691.29,2691,4797,2393,6229,44844,27579,9548
2019,2,25,86557,97336,50329,3324,19740,2691.29,2515,3442,4500,9618,62817,14246,19125
2019,2,26,39162,71546,47104,16358,93020,2691.29,3585,1501,3816,8194,76655,11580,40281
2019,2,27,49992,35699,7731,52385,1928,2691.29,1316,4835,1262,6644,16326,36001,2575
2019,2,28,15769,10674,49445,269,36644,2691.29,730,1618,1510,7270,92162,19070,28614
2019,3,1,22100,6032,34080,12544,99039,2384.19,2535,4736,4741,5114,53015,22316,45660
2019,3,2,77588,57851,4931,74232,82361,2384.19,4999,3033,1727,6620,29676,35340,40932
2019,3,3,76796,21833,1852,10426,30347,2384.19,687,2445,2006,9542,64989,49154,27734
2019,3,4,96779,43877,243,66520,75148,2384.19,778,4087,2459,8118,59670,19648,19610
2019,3,5,17402,66023,19205,74129,88995,2384.19,821,1588,2064,7672,92566,17411,15233
2019,3,6,21758,9606,86209,71874,60725,2384.19,2379,2502,1425,7956,40373,11730,1198
2019,3,7,23583,45562,72013,67394,72031,2384.19,3564,4431,4056,5546,79912,12230,48035
2019,3,8,78001,55734,85192,81417,33406,2384.19,746,1514,3715,5582,43387,30791,44110
2019,3,9,68938,97119,38294,96716,67444,2384.19,4640,1025,1931,8004,74770,28962,45019
2019,3,10,36039,68335,34746,66448,81103,2384.19,4497,1846,1590,8398,73222,20147,14658
2019,3,11,65151,88403,91662,85218,6143,2384.19,1008,1431,4870,5294,88146,32313,1401
2019,3,12,32025,4139,39691,88956,8495,2384.19,4269,4533,2794,5367,27332,30248,14461
2019,3,13,25,13182,72055,86768,84223,2384.19,3266,1460,1302,5150,50942,22525,45278
2019,3,14,82681,33304,80309,63904,70309,2384.19,2568,2332,3945,9066,91288,47440,34808
2019,3,15,83072,41910,58326,65867,27277,2384.19,2466,3653,3838,7054,30420,49413,35658
2019,3,16,12503,53687,65139,62534,84967,2384.19,1410,3999,1480,6902,64254,36044,16081
2019,3,17,32878,76823,38377,21824,29082,2384.19,615,2153,2926,9654,94371,31554,46017
2019,3,18,95950,73190,75208,11140,24063,2384.19,552,1564,2018,5690,15449,43336,21980
2019,3,19,8124,66860,93688,73859,14931,2384.19,1254,2807,4764,9272,85982,30197,7942
2019,3,20,27000,37950,92351,31278,48242,2384.19,2832,1094,1263,8792,71682,16677,3074
2019,3,21,92724,98587,69595,84742,90630,2384.19,4429,1814,3255,8117,10638,49537,35044
2019,3,22,46059,31570,63697,97175,96201,2384.19,2372,3199,2628,6074,54477,17846,49680
2019,3,23,89149,33662,12765,81764,4405,2384.19,4792,2127,4385,8782,98220,12742,1608
2019,3,24,69431,92651,21471,54038,97120,2384.19,3574,3177,3353,7270,56704,20905,26785
2019,3,25,83302,50429,10458,87283,36503,2384.19,4504,2002,4947,9102,40117,35703,31287
2019,3,26,69420,54911,32832,85157,39297,2384.19,1522,1398,2006,9344,79115,37172,31052
2019,3,27,56129,49042,96703,30835,82665,2384.19,1739,1940,1558,8814,69599,13386,19759
2019,3,28,9835,9104,15044,24782,77725,2384.19,1837,2143,1422,9668,48651,15719,5161
2019,3,29,57072,40174,7150,13478,69518,2384.19,649,1997,1658,7416,72831,10934,2618
2019,3,30,33462,90924,16641,70000,19472,2384.19,1688,4306,1695,8083,70439,11552,2592
2019,3,31,13244,47277,69267,56019,56945,2384.19,3089,1502,4442,5238,43845,43959,17918
2019,4,1,10847,2309,32219,90903,75141,2140.23,715,1063,1778,5790,85534,18476,32893
2019,4,2,53756,31193,46524,11839,1633,2140.23,1433,3908,1560,7451,22205,11668,2295
2019,4,3,35541,52574,30272,97132,12771,2140.23,1338,3616,2890,7122,30870,18030,40583
2019,4,4,76450,71587,50446,8686,82302,2140.23,2161,2408,3524,7378,64246,35156,2333
2019,4,5,42331,22032,50418,80243,35836,2140.23,1071,2727,2899,6342,84858,20669,38975
2019,4,6,56925,62550,10638,66168,72458,2140.23,4197,3906,4446,8030,73944,11747,41509
2019,4,7,53328,1106,80508,36852,91143,2140.23,3360,3472,3136,5129,13715,35323,11106
2019,4,8,94104,66139,23052,52003,48834,2140.23,2671,2109,1810,9660,88276,18546,7910
2019,4,9,91169,22475,24527,36967,23470,2140.23,590,3148,1866,5572,29999,14150,48471
2019,4,10,6678,84712,56895,6167,89841,2140.23,1489,3943,4452,9090,35945,18285,36962
2019,4,11,88803,74969,40395,91965,24630,2140.23,1232,2149,2497,5759,69116,14646,28672
2019,4,12,90582,34182,467,6510,96107,2140.23,4931,2783,1529,6826,25301,37721,46818
2019,4,13,90140,66792,21666,59592,47684,2140.23,4228,2837,1162,9256,44802,12538,23963
2019,4,14,79647,96035,54766,63496,88146,2140.23,813,3727,4415,7631,85236,36873,23882
2019,4,15,34449,15169,6009,82330,18347,2140.23,966,4837,3101,8068,12646,12136,31311
2019,4,16,32031,95010,14975,13666,45985,2140.23,4929,1270,2162,9400,89125,10308,9777
2019,4,17,14929,76291,39036,5696,63922,2140.23,2568,4722,1592,8577,97051,40489,40624
2019,4,18,29888,33455,31680,44341,91523,2140.23,1476,4905,2469,7802,53570,39806,32461
2019,4,19,13931,89853,15437,86094,64548,2140.23,2753,4475,3556,7182,85171,27478,20915
2019,4,20,42412,94092,8553,14556,92669,2140.23,1396,2555,1670,6160,83247,13284,21956
2019,4,21,1888,6077,3190,29358,43879,2140.23,515,4161,2964,7303,60254,27511,23113
2019,4,22,88218,23008,23339,18127,41148,2140.23,604,3558,3953,8278,14465,11621,24862
2019,4,23,42464,35863,50530,97874,5290,2140.23,1158,2177,4852,5662,52886,11894,33777
2019,4,24,53812,88402,74245,33128,55705,2140.23,638,1126,3857,5414,78400,31356,1712
2019,4,25,25191,90357,31267,44144,10865,2140.23,765,3327,2946,6294,67553,19587,45733
2019,4,26,56423,45064,26765,12628,25763,2140.23,2710,1862,4403,6622,29053,40108,29651
2019,4,27,54157,6045,16735,44366,6374,2140.23,721,1563,1842,6987,92059,12706,45135
2019,4,28,69072,47825,82386,67018,70471,2140.23,1605,1892,1353,9721,39519,13902,16291
2019,4,29,25725,68582,65747,10128,71888,2140.23,1587,1043,2195,6652,70408,39920,11152
2019,4,30,94808,62482,87837,96650,69470,2140.23,707,3540,4071,8900,21910,14541,29896
2019,5,1,24868,57786,18442,70941,13658,2926.94,1664,2238,1466,6298,54126,31510,38262
2019,5,2,89732,96522,15059,89406,83283,2926.94,564,1536,4166,7142,31584,10836,21331
2019,5,3,39274,86478,99485,63719,8388,2926.94,806,4606,4515,5599,20546,18172,30378
2019,5,4,93861,33564,16763,80572,56708,2926.94,2081,2790,3762,6992,68547,17044,20889
2019,5,5,64823,69113,29160,40341,82679,2926.94,754,1951,2221,6390,16246,21960,10745
2019,5,6,58321,89181,37919,62836,94780,2926.94,1007,4991,3379,7769,85562,31438,24817
2019,5,7,85011,63996,44230,85125,57488,2926.94,3520,2309,1888,7679,62649,30918,12777
2019,5,8,58424,74756,19223,5645,86347,2926.94,3956,1018,1776,7526,23853,21555,37597
2019,5,9,6692,21213,42899,15071,35334,2926.94,1509,1695,3807,7090,21819,16294,44813
2019,5,10,86219,90340,4956,84460,88020,2926.94,764,2794,1174,9208,84791,27762,33958
2019,5,11,22196,78748,38781,65324,10623,2926.94,1878,2313,3845,6128,48735,35531,12634
2019,5,12,90941,61597,72227,99749,18687,2926.94,2394,4905,1484,7414,89364,10226,10399
2019,5,13,4012,71094,84256,79076,55694,2926.94,1838,4240,2793,5618,59564,24767,19047
2019,5,14,58253,62795,92081,58450,8924,2926.94,3980,1215,3764,5128,32315,15242,7169
2019,5,15,92958,14711,75061,93695,34765,2926.94,650,3775,1869,9410,17850,23914,30777
2019,5,16,84809,74689,18156,48954,86660,2926.94,3721,1263,3217,8642,19712,48492,44072
2019,5,17,89322,30046,14709,24439,12605,2926.94,3241,1132,3085,6612,15607,12849,47024
2019,5,18,34078,47115,67977,85947,62877,2926.94,4861,2684,1867,8746,96638,13526,35828
2019,5,19,54792,36712,41142,28009,68865,2926.94,1501,3186,2251,9742,82624,36207,10855
2019,5,20,4585,77218,58121,82671,30519,2926.94,1871,1904,2194,9848,66893,10230,40080
2019,5,21,82028,93107,64108,58895,53827,2926.94,3773,3617,3808,9914,36626,32672,27098
2019,5,22,57121,79480,57211,80724,20689,2926.94,1930,1118,3403,5050,24294,30273,6187
2019,5,23,65131,52519,61221,18677,32367,2926.94,854,4393,2572,9205,89639,15512,44467
2019,5,24,92655,44765,32721,6463,24680,2926.94,984,3151,1486,5404,78875,35865,35699
2019,5,25,35237,12158,27491,68640,87209,2926.94,3913,3690,1318,6485,14902,12110,18137
2019,5,26,70952,38817,83766,24877,54375,2926.94,2627,2028,4521,6826,69843,18410,39758
2019,5,27,67399,75331,73705,32576,54380,2926.94,4793,4615,4736,8635,74607,18296,2580
2019,5,28,46772,23521,53339,67427,66358,2926.94,1798,2309,2225,6916,62185,16599,7057
2019,5,29,26674,11165,29980,61195,92864,2926.94,1747,1074,1504,7366,92837,45884,49823
2019,5,30,63031,43983,51852,44119,22618,2926.94,3767,4388,1330,8450,53166,32688,26459
2019,5,31,55515,6318,69998,67740,43234,2926.94,690,1258,4698,7021,47452,10274,48535
2019,6,1,84200,12824,4701,11003,22013,3228.13,778,1998,3788,9016,88611,45246,1180
2019,6,2,79623,74352,11578,61728,27519,3228.13,2241,3835,1238,5358,93420,29148,44266
2019,6,3,68375,79679,38847,65397,43483,3228.13,2240,4034,1174,6594,55036,17902,7760
2019,6,4,33878,61774,41293,52666,12629,3228.13,4263,2250,1224,5840,53977,48125,29904
2019,6,5,86458,87572,98313,33424,5256,3228.13,2571,3630,4114,7769,39026,47596,8085
2019,6,6,75530,17619,91631,12464,911,3228.13,1410,1139,4792,5414,20156,37420,13020
2019,6,7,58959,34421,46023,79566,76613,3228.13,4042,4422,3922,8706,12845,25530,16352
2019,6,8,66791,41770,99161,87257,9539,3228.13,4852,1419,2156,5680,13883,39418,4539
2019,6,9,22207,1646,40559,46999,30700,3228.13,770,4657,1486,6792,85574,17834,10715
2019,6,10,79496,45969,83874,83419,4675,3228.13,610,2816,4839,8930,75072,30730,13071
2019,6,11,95351,9926,82150,67507,69113,3228.13,1924,1318,4029,7678,54668,44729,12385
2019,6,12,90902,71791,34387,2388,34935,3228.13,3190,4429,2281,6840,14199,13262,36314
2019,6,13,36487,39500,91125,7678,80312,3228.13,4759,1332,2474,6909,59519,27938,16198
2019,6,14,99294,16445,69257,29676,30279,3228.13,4404,2531,2066,5142,56271,47000,40277
2019,6,15,61456,79462,77782,60090,2878,3228.13,3397,1440,1480,9052,79744,28144,41982
2019,6,16,37071,84505,3806,45897,71414,3228.13,3834,2058,1121,9442,16733,42751,13326
2019,6,17,49719,7490,80284,78137,32633,3228.13,1488,1786,2367,9270,70528,12838,36555
2019,6,18,11252,33926,7312,59084,4800,3228.13,2227,3221,1560,7385,16502,18660,37057
2019,6,19,87063,44305,62736,83184,53748,3228.13,2286,4817,3310,8921,97954,35942,45822
2019,6,20,75476,39443,62735,24196,75065,3228.13,791,1315,3540,6216,61751,18794,33263
2019,6,21,86512,48979,62913,74424,72716,3228.13,870,4777,4039,5680,59312,47786,33383
2019,6,22,25009,1600,33956,28320,40521,3228.13,613,2348,4056,6704,72895,29120,48262
2019,6,23,92963,48687,65437,92855,48142,3228.13,2545,4652,2517,6809,25427,31585,27188
2019,6,24,60193,75528,57715,4232,4716,3228.13,3369,4723,4978,8676,58042,41850,17028
2019,6,25,16939,55009,40551,20995,14708,3228.13,982,2669,3484,7638,17046,26625,13446
2019,6,26,25442,14421,77631,17960,91231,3228.13,896,1422,4937,7230,72005,49652,19410
2019,6,27,6990,6727,29376,58320,75403,3228.13,710,2340,3778,7072,29686,23485,3771
2019,6,28,36871,29802,97508,15355,28056,3228.13,3331,3497,3803,9282,87808,20033,14383
2019,6,29,71724,3705,87808,66661,93667,3228.13,1312,1322,2890,8186,58975,24644,26165
2019,6,30,32162,25498,83338,90940,32571,3228.13,777,1594,4176,9282,18486,37232,13024
2019,7,1,59478,40730,54174,11792,28538,2329.48,3514,3593,4717,6526,42259,20881,40559
2019,7,2,49191,42916,70124,77582,18244,2329.48,4743,3740,4457,5526,92662,14970,44769
2019,7,3,97812,78455,33010,8800,95953,2329.48,4170,1782,2322,8343,83573,22211,20242
2019,7,4,78903,83440,70805,73620,66318,2329.48,853,1024,2331,7878,93088,13862,29416
2019,7,5,92097,2832,50667,36554,19867,2329.48,782,4029,3135,6800,42829,34088,9682
2019,7,6,79989,93352,5871,57311,81695,2329.48,4521,1948,1182,6677,66920,38255,5796
2019,7,7,96093,27774,3763,84776,75102,2329.48,1701,3550,2386,8720,36455,18604,13203
2019,7,8,18402,46842,2634,72889,6589,2329.48,3328,1576,1390,5550,43886,12878,11815
2019,7,9,67698,39760,30161,89636,6437,2329.48,2890,3881,1205,6638,14654,32659,47081
2019,7,10,11208,11711,16210,43594,86783,2329.48,3549,1535,1726,7534,94423,22446,2665
2019,7,11,9350,34105,25376,80867,79655,2329.48,4078,3704,1522,9606,53339,48161,19262
2019,7,12,94024,31231,67043,51582,29235,2329.48,4240,1793,3761,6801,16738,35543,37052
2019,7,13,85818,45288,23431,1676,92823,2329.48,958,3523,3309,5849,99389,14316,17854
2019,7,14,51463,49821,28021,76836,46764,2329.48,1349,1582,3941,8391,92367,16362,31360
2019,7,15,95443,92960,14970,10556,9761,2329.48,2450,1166,1995,5880,13605,36169,31709
2019,7,16,70087,54080,4693,38396,36281,2329.48,2711,4095,1046,7083,97282,17017,4083
2019,7,17,28444,38632,57804,57385,47024,2329.48,1912,3817,4482,6478,85725,35595,16524
2019,7,18,94943,14528,81174,88290,50409,2329.48,4459,1846,1750,9151,91593,17842,44779
2019,7,19,99586,10658,21938,86192,57741,2329.48,3208,2535,4203,7364,76272,37578,35573
2019,7,20,43888,8185,12749,19722,71419,2329.48,642,2712,3000,5692,71002,29760,48474
2019,7,21,13973,61814,32959,79183,57317,2329.48,3376,3254,1742,6694,59445,42949,24553
2019,7,22,87239,62655,95486,77794,40019,2329.48,1724,1058,1293,8954,36330,34064,21758
2019,7,23,59298,58000,66777,88650,60841,2329.48,3410,4812,1896,5502,70346,39612,4131
2019,7,24,42273,83724,62867,77482,51742,2329.48,1783,1354,1317,9102,33124,15384,22312
2019,7,25,70378,81201,57945,83023,25673,2329.48,2086,1321,3626,7190,89971,29466,10628
2019,7,26,4346,74734,20632,36642,92454,2329.48,1253,4726,1052,5471,12207,42793,40978
2019,7,27,27783,98991,14477,29101,97611,2329.48,1787,4339,1294,8742,67362,37178,13954
2019,7,28,88064,50801,88500,56690,17368,2329.48,2507,3065,4555,6286,74706,12009,28471
2019,7,29,14117,17312,96736,21521,39135,2329.48,666,1916,1284,5142,12368,18426,25295
2019,7,30,75448,15509,38940,20602,92945,2329.48,4131,1007,4805,5270,37696,14356,22654
2019,7,31,7454,56556,45239,77009,79695,2329.48,4017,1366,4959,8446,31682,18196,36297
2019,8,1,28701,76010,34389,23844,4731,3024.23,642,1590,4278,6243,29534,16931,38988
2019,8,2,60375,10542,73090,89358,64590,3024.23,1810,1144,1010,7646,17190,28148,30263
2019,8,3,29189,27353,48108,97645,75388,3024.23,1395,4087,4561,5783,44282,20643,7201
2019,8,4,31124,59926,7234,75402,12521,3024.23,3685,4247,3660,7126,78604,28249,36768
2019,8,5,12037,91767,65747,53889,81937,3024.23,2036,1124,1641,6495,17548,18380,32937
2019,8,6,53696,165,22468,3257,42301,3024.23,3900,3423,4379,7485,48824,21899,33103
2019,8,7,34254,23862,77499,97914,55636,3024.23,2515,2671,4220,8261,37911,46157,22455
2019,8,8,7550,86300,73634,50543,82795,3024.23,3922,1489,3919,7742,56098,15152,48755
2019,8,9,90845,46351,30995,66576,43836,3024.23,3474,4440,1334,9330,92354,42019,46171
2019,8,10,4780,51222,76044,69001,75835,3024.23,1509,3383,1046,5142,33926,33048,13955
2019,8,11,3898,19201,35891,19169,26943,3024.23,1739,4138,4690,8180,11558,48525,41989
2019,8,12,36608,55541,92967,72992,87866,3024.23,662,2644,2893,8502,77996,45079,1673
2019,8,13,71361,9506,28463,87967,14649,3024.23,1015,4897,2941,6524,54065,41235,28741
2019,8,14,31598,47157,75375,86288,87594,3024.23,1164,4200,1627,7862,97192,19492,26088
2019,8,15,12155,78556,28490,81400,35962,3024.23,1478,2321,1992,5202,95288,46991,6486
2019,8,16,66386,82656,98241,80679,22265,3024.23,1914,3861,1636,7288,56500,13654,2306
2019,8,17,89728,57665,27607,37708,68148,3024.23,3551,1653,1057,8190,94405,22018,41151
2019,8,18,8527,37236,95693,40870,8529,3024.23,4212,1266,1339,9838,71944,44955,7333
2019,8,19,71110,93859,98817,86923,7499,3024.23,666,3578,4332,8582,51285,13831,21669
2019,8,20,91790,24837,26838,27847,26878,3024.23,1217,1755,3477,8261,17962,33358,21243
2019,8,21,35594,13189,90977,58285,15641,3024.23,3239,1749,3131,8407,90023,46981,12921
2019,8,22,90076,80352,10560,35760,30990,3024.23,4591,2778,3033,5570,66977,46262,28197
2019,8,23,14023,99547,14370,88852,27808,3024.23,3561,3400,2885,9537,38036,34877,39698
2019,8,24,58811,41276,71627,31942,59683,3024.23,558,4757,3352,5834,85516,11396,28002
2019,8,25,50383,51460,44825,69768,44240,3024.23,1029,4613,1347,6750,79817,11022,11802
2019,8,26,86448,68379,18907,55685,64269,3024.23,561,3078,4569,8539,71371,24251,23295
2019,8,27,6541,16646,40361,81245,88832,3024.23,3290,4214,1590,8114,17972,17146,42229
2019,8,28,76268,41364,45246,3967,4466,3024.23,4472,1836,4792,9470,62949,24060,25063
2019,8,29,68025,3512,13491,82594,48403,3024.23,3196,1295,2859,9908,52539,13390,34862
2019,8,30,88489,55830,45905,98529,20296,3024.23,2808,1562,2601,8053,17206,17066,4887
2019,8,31,39468,60001,24332,49260,71083,3024.23,3320,4106,2144,6810,38051,11102,37282
2019,9,1,11248,26842,55884,57508,95734,2535.27,996,2914,4830,9058,88210,46068,28926
2019,9,2,13685,1125,8670,28090,1654,2535.27,2556,3005,1419,6816,49088,14830,42088
2019,9,3,40137,4547,60845,93299,42599,2535.27,2674,1646,1882,9909,27705,38021,32743
2019,9,4,98836,73702,55936,40018,34578,2535.27,1085,3262,2974,8918,76351,45979,10498
2019,9,5,3194,43909,73985,69613,60725,2535.27,4664,2212,1322,8278,26862,11714,39425
2019,9,6,49604,74538,73119,25540,94447,2535.27,4912,4633,2228,5847,49650,41806,17176
2019,9,7,62698,2088,90069,40672,63194,2535.27,1650,2739,3031,6986,68703,15050,32772
2019,9,8,82764,8369,37320,43087,25229,2535.27,2359,4831,1286,7346,16722,15869,14183
2019,9,9,69006,46635,75504,76234,48835,2535.27,4391,2883,3593,6558,84906,23138,41506
2019,9,10,23584,37909,5878,66615,81247,2535.27,1722,4009,4301,6438,23447,24529,40934
2019,9,11,4576,2159,15714,75999,53989,2535.27,1868,4345,1774,7456,31930,26960,48788
2019,9,12,75229,66323,4844,35174,7134,2535.27,3312,2068,4009,8806,30035,41607,6102
2019,9,13,71475,16758,5618,87128,57151,2535.27,3009,3078,3927,5366,70428,17915,45417
2019,9,14,8862,12297,57261,36988,62372,2535.27,3947,3952,1864,5142,89125,45350,5543
2019,9,15,41244,63790,42419,1605,60684,2535.27,3212,3509,1134,5181,35637,29065,22454
2019,9,16,26950,63647,73496,90877,23721,2535.27,3791,3933,2572,9642,85921,34943,43924
2019,9,17,87947,99869,5248,76163,51364,2535.27,1512,2606,4514,9366,10563,12462,10726
2019,9,18,19089,53776,60,24652,18957,2535.27,614,1820,1398,9915,53134,39414,35697
2019,9,19,53839,78278,4700,42763,77034,2535.27,4058,1331,1841,9305,57493,16418,40621
2019,9,20,10031,45359,67163,898,75642,2535.27,2446,4729,1500,5020,35732,16808,27726
2019,9,21,4554,72153,29067,20248,82068,2535.27,1013,2258,1938,5774,11372,37510,32201
2019,9,22,87686,5431,18842,94527,21089,2535.27,2730,1118,3045,9893,32015,30038,42688
2019,9,23,13971,815,24768,45472,53320,2535.27,3631,4225,1454,7697,94472,47424,26853
2019,9,24,56250,86839,16035,16728,67552,2535.27,589,1588,4189,5783,66115,20277,27407
2019,9,25,98471,35198,17748,52868,71443,2535.27,2905,1682,1929,8058,47236,36600,16116
2019,9,26,877,75868,10826,66234,49918,2535.27,598,1166,3488,9610,39245,42391,21651
2019,9,27,6154,26188,63980,55343,31971,2535.27,1971,1792,2996,6071,99659,35790,46447
2019,9,28,42187,98917,87556,25468,22941,2535.27,2067,1422,2011,9245,22754,26928,34792
2019,9,29,27248,52764,83095,35736,31511,2535.27,4478,2663,4879,9628,18726,46849,38693
2019,9,30,87609,67682,59994,85605,43753,2535.27,2746,2290,4920,5302,27757,47860,9653
2019,10,1,6178,38030,53457,95423,60784,1706.45,2669,4898,1183,9522,77760,34875,46737
2019,10,2,19235,15425,49755,60396,41135,1706.45,3003,3815,2948,9959,68920,48952,12956
2019,10,3,37707,71211,73873,29361,98969,1706.45,805,1230,2466,5614,16919,13026,38085
2019,10,4,88703,39589,49501,34886,30697,1706.45,1112,1282,4036,8902,26677,16522,27261
2019,10,5,81526,91034,41691,20826,40993,1706.45,1129,1910,1820,5622,40762,47140,10611
2019,10,6,14439,12921,18638,56905,38535,1706.45,1505,3588,1496,6005,78474,22192,35557
2019,10,7,69619,30939,88475,45007,33158,1706.45,1529,4682,2537,6448,35508,29881,31505
2019,10,8,13830,87990,91285,12002,97992,1706.45,998,3781,4966,8272,85685,49852,32047
2019,10,9,79689,78543,43442,71185,20901,1706.45,4729,1046,4205,8203,51876,18714,38268
2019,10,10,46060,13406,49750,68597,32977,1706.45,4830,1805,4598,6114,75159,15794,1610
2019,10,11,88161,654,32723,49480,44785,1706.45,4331,1658,3302,5554,28361,34202,34760
2019,10,12,31040,38091,41073,16598,36294,1706.45,1663,2353,2706,5678,67301,11374,9301
2019,10,13,19374,48484,18841,8973,4598,1706.45,2913,4110,2356,7982,58589,38492,10352
2019,10,14,13100,7921,29318,26402,17046,1706.45,1955,4436,1546,8768,81033,48413,7679
2019,10,15,43681,49050,47119,82739,50462,1706.45,4772,4835,4255,9964,95159,33853,30773
2019,10,16,316,24425,9316,44024,2765,1706.45,2516,1738,1658,8185,58617,42869,17905
2019,10,17,35864,51926,73659,47984,86305,1706.45,1396,1336,1622,9867,45426,20554,4692
2019,10,18,90640,200,56742,69895,6516,1706.45,862,1831,2676,9414,50854,45441,18253
2019,10,19,47319,99723,27658,39496,77908,1706.45,3716,1046,3199,9526,78105,40856,36275
2019,10,20,93419,90855,3545,13511,50722,1706.45,842,2712,4170,7028,43958,22037,48972
2019,10,21,58114,14059,78869,50791,9825,1706.45,2583,3495,2149,7990,12990,40057,46076
2019,10,22,92867,78059,70180,31067,16786,1706.45,1922,1694,1994,5466,40065,22564,48286
2019,10,23,40790,56835,80277,6312,46696,1706.45,3349,4809,4644,7148,71951,14469,24235
2019,10,24,19645,50887,37965,81795,41127,1706.45,3203,1406,1486,8382,81410,12149,17307
2019,10,25,73020,69685,88705,44863,61504,1706.45,2426,3644,1956,7702,24956,48651,45123
2019,10,26,88290,3306,53461,42934,76875,1706.45,3754,2871,2649,6902,11017,17526,41764
2019,10,27,29025,49221,473,90742,73955,1706.45,4242,1974,2919,8608,16386,45774,48235
2019,10,28,19422,75616,64419,37730,39670,1706.45,1380,2958,4031,6193,87244,18134,39375
2019,10,29,97957,10999,15130,6959,89070,1706.45,2085,4445,1718,7557,41538,15672,26147
2019,10,30,55793,10782,28999,40064,85081,1706.45,2189,1716,4154,6607,58582,18823,37188
2019,10,31,72335,61315,96783,97718,33860,1706.45,4975,3168,2728,5104,55126,16797,1546
2019,11,1,12212,51244,65673,69770,92782,1920.07,1913,4914,1695,7934,21346,30234,31346
2019,11,2,518,58552,59389,83477,33486,1920.07,810,4800,1346,9880,45011,41724,28213
2019,11,3,69856,93180,69453,1313,48306,1920.07,542,1869,1646,7582,62990,29330,2603
2019,11,4,88637,4904,99246,81684,3232,1920.07,1918,3748,1000,5254,87224,28980,36944
2019,11,5,15871,59388,40133,57217,45620,1920.07,594,1926,4675,9500,33138,42981,35145
2019,11,6,3700,24758,36203,73897,82049,1920.07,3226,1378,4095,8823,52367,23678,49193
2019,11,7,22120,80638,43779,17615,51945,1920.07,2946,2814,1741,9431,41383,18950,31003
2019,11,8,4576,56676,84188,99251,57773,1920.07,3583,1471,3434,9580,35367,40482,33678
2019,11,9,10330,4947,27519,30777,73770,1920.07,4454,1786,1875,8232,29854,45171,46239
2019,11,10,45588,9154,29339,68681,28585,1920.07,1041,4511,2396,6350,65113,35169,20722
2019,11,11,71610,23698,46641,30045,34835,1920.07,1878,1516,4658,6062,92292,19568,48361
2019,11,12,26988,46748,22021,20215,61332,1920.07,782,3270,2379,9458,91951,11936,1875
2019,11,13,65446,29345,55475,9194,50925,1920.07,4362,2533,1284,7355,68929,11823,20589
2019,11,14,72068,72161,73340,91726,2910,1920.07,1504,1248,3731,7058,66462,40062,15633
2019,11,15,91752,48201,13334,69131,42925,1920.07,1446,4721,1970,6920,33915,18256,21637
2019,11,16,83861,28278,40790,44498,1985,1920.07,2673,4051,3231,6012,82128,17492,26072
2019,11,17,27997,83634,63741,56728,23510,1920.07,3142,1612,4755,5664,12038,37679,46555
2019,11,18,14464,92190,78754,81796,55462,1920.07,966,4322,2297,7192,11574,18574,12669
2019,11,19,83264,72845,49686,97847,35210,1920.07,686,4557,3151,5430,36285,21660,48167
2019,11,20,41986,15780,3274,36741,24959,1920.07,771,1556,3909,9524,37568,34370,20369
2019,11,21,82193,53972,40045,55843,11164,1920.07,526,1568,1538,9358,17260,47325,6569
2019,11,22,29328,40317,76884,77479,35747,1920.07,992,4083,1226,5116,30823,36609,29521
2019,11,23,21837,37948,42383,50746,7472,1920.07,1467,1016,1122,7864,61858,11436,46303
2019,11,24,64433,93335,88568,26549,90848,1920.07,3874,1470,3861,6126,14005,11928,47194
2019,11,25,30278,95849,44,91929,97317,1920.07,3537,4152,1390,7422,86249,17988,47219
2019,11,26,17222,37718,15006,83847,61934,1920.07,574,1365,1549,7710,52913,27396,26864
2019,11,27,47396,93140,13924,1257,93897,1920.07,3567,1060,1102,7230,32453,37446,44282
2019,11,28,70830,10991,72951,72347,48262,1920.07,1335,1834,3269,6340,65680,25202,9201
2019,11,29,89556,27316,1568,92457,77518,1920.07,4853,4912,1326,8822,42520,24220,20833
2019,11,30,44410,66088,31099,892,6051,1920.07,4689,3231,1798,7639,65577,11024,13552
2019,12,1,63266,53695,16461,75958,19375,1651.81,1865,1689,4581,8652,24206,46766,41663
2019,12,2,60527,65471,77091,60656,24343,1651.81,582,1750,3760,9258,12832,28664,17663
2019,12,3,76997,6064,69559,20989,87993,1651.81,4179,1257,1926,5190,27215,14486,41418
2019,12,4,32303,25433,77528,58237,99754,1651.81,758,1150,4908,8398,20935,24251,18087
2019,12,5,16107,42352,31034,14868,64660,1651.81,3531,3007,4928,9441,78995,37920,43866
2019,12,6,20859,19528,5531,15971,60168,1651.81,1808,3821,4529,5566,67057,24282,49098
2019,12,7,58774,38412,50915,58683,86856,1651.81,2933,2962,1116,7942,34181,11564,21850
2019,12,8,74184,27713,69572,24112,23506,1651.81,3383,4363,4446,8790,76685,10965,14920
2019,12,9,49363,23494,69787,40244,64182,1651.81,4526,4306,1607,5440,14340,28463,3197
2019,12,10,53643,97274,97778,548,27592,1651.81,2111,1774,4670,8034,42237,33175,31959
2019,12,11,79306,36974,43891,63752,53591,1651.81,4716,2953,1714,6910,43196,40954,20577
2019,12,12,64052,74075,80262,55659,55868,1651.81,956,1732,3227,8250,42760,17430,44602
2019,12,13,80209,54872,70298,56231,69258,1651.81,757,3563,2211,6000,28666,35802,28887
2019,12,14,36577,69736,38756,13350,80591,1651.81,4304,4641,3730,7406,16651,10949,48304
2019,12,15,45519,83478,86811,70098,48080,1651.81,2268,4640,1596,8917,14070,36402,29571
2019,12,16,37804,72981,51318,20016,88981,1651.81,817,1908,1071,7462,55257,46661,29985
2019,12,17,25580,25914,7655,14310,76831,1651.81,526,3701,4134,8420,17606,38566,40658
2019,12,18,7991,47419,33207,25136,56336,1651.81,1538,4139,3408,9207,30506,28740,1746
2019,12,19,59192,86324,70649,41615,13600,1651.81,3275,4178,3171,9154,53488,45002,42259
2019,12,20,52940,45099,56,93426,23520,1651.81,1991,2861,1272,5197,89349,28959,8854
2019,12,21,65627,17240,23099,5387,96447,1651.81,4127,1990,1279,9086,13604,19878,3605
2019,12,22,63386,1881,9058,47910,30514,1651.81,4263,3452,1418,9318,93230,30218,28898
2019,12,23,18172,91574,28081,90796,23124,1651.81,4755,1766,1020,9205,10487,47466,33782
2019,12,24,29163,60967,19457,85442,82095,1651.81,650,1831,2645,5902,19490,48158,49414
2019,12,25,59627,35356,97964,99974,44674,1651.81,798,4197,2766,9258,69992,11788,41194
2019,12,26,58406,6100,10991,9426,65306,1651.81,3243,4467,3796,9052,96260,47242,37831
2019,12,27,58466,51581,75427,26111,32310,1651.81,4268,3287,1874,8954,16532,31547,1519
2019,12,28,29777,4806,60745,12544,29430,1651.81,4784,4186,4540,8538,29963,19302,47090
2019,12,29,99958,3207,45665,15106,28611,1651.81,3700,2075,4857,8262,29537,17048,8278
2019,12,30,5645,53807,66807,42519,92390,1651.81,4066,2166,1224,9366,51061,42005,41420
2019,12,31,64604,2198,46192,34145,64325,1651.81,692,1276,1436,7358,95739,24323,42507
2020,1,1,24440,27752,31845,28566,57289,1418.84,561,2446,3522,6170,36188,14941,6716
2020,1,2,33499,74707,77519,51013,25768,1418.84,616,4316,2067,6112,24993,24573,19524
2020,1,3,67806,5627,86639,31516,17718,1418.84,3502,3508,1190,6826,87073,28705,27315
2020,1,4,8415,53988,56153,81937,47068,1418.84,3230,1917,3398,7100,47929,25517,8693
2020,1,5,92976,79898,69834,75043,62362,1418.84,968,1406,1842,5222,78034,34522,44827
2020,1,6,79921,31538,93032,51338,33237,1418.84,1395,3002,1802,8899,56291,13862,46457
2020,1,7,77592,19522,10780,60990,92974,1418.84,1506,1906,4958,6339,77343,17320,8710
2020,1,8,67519,43312,63840,84324,12270,1418.84,3845,3542,3410,7534,59879,22998,41874
2020,1,9,8334,72627,81002,58777,41526,1418.84,2639,4116,3165,6846,80105,32490,37293
2020,1,10,58480,66612,68439,29791,39304,1418.84,2110,1821,4092,7662,91144,17714,45782
2020,1,11,52823,9990,26257,42586,38219,1418.84,1935,1551,1974,5882,10664,16639,2488
2020,1,12,16581,94319,35757,6098,94090,1418.84,3587,3920,1486,6766,98710,17950,32214
2020,1,13,19160,45821,77654,24605,73122,1418.84,2318,2296,1174,8574,19878,33356,35150
2020,1,14,71062,83169,96260,46176,62458,1418.84,4167,1586,2257,9856,11966,22698,17940
2020,1,15,47137,6427,91620,62314,79805,1418.84,3145,1294,2502,6454,39920,41975,40330
2020,1,16,95948,98591,84272,7439,83517,1418.84,2146,1868,1110,6822,33457,47482,35505
2020,1,17,87698,12625,59224,99955,27548,1418.84,2653,1035,3489,8554,69701,13293,27063
2020,1,18,20954,19199,94962,73456,46350,1418.84,872,2296,3471,6054,66086,33339,34882
2020,1,19,17912,39586,4270,2937,9344,1418.84,1770,2040,1430,5993,96994,44249,37727
2020,1,20,19409,36000,1637,2898,66624,1418.84,2542,2577,1888,7504,77384,12978,21338
2020,1,21,28738,9168,11886,78562,25223,1418.84,1900,3133,3909,6169,62421,43252,27973
2020,1,22,53896,45544,40293,20598,87889,1418.84,4846,2296,1990,5680,10193,38965,3639
2020,1,23,20525,9089,76543,27413,86593,1418.84,649,1681,1606,5080,10242,21020,20280
2020,1,24,86860,22144,80506,37121,38313,1418.84,754,3560,4821,7016,45509,18134,9279
2020,1,25,7007,60357,16359,12997,9544,1418.84,1962,1222,1992,9722,57480,19774,42905
2020,1,26,81488,54482,86618,77287,47017,1418.84,4658,1886,1450,5164,87347,40019,46861
2020,1,27,70795,84072,14932,91969,37440,1418.84,1030,4446,2149,7388,73794,46692,10442
2020,1,28,76645,75757,76760,28637,86966,1418.84,4924,3452,3721,5798,62090,16782,34240
2020,1,29,16107,76750,18670,51462,88266,1418.84,2832,4059,1440,5538,51027,10231,22369
2020,1,30,33206,52058,4678,86707,85799,1418.84,3398,2442,1170,5334,14872,15100,28473
2020,1,31,60750,23708,42351,49471,26602,1418.84,2911,4059,2541,6580,26872,35806,4441
2020,2,1,84706,61219,81742,57470,12246,2596.59,2026,1320,3002,7474,82805,41474,8325
2020,2,2,43483,45248,28407,53640,52679,2596.59,4388,2738,4654,7030,19339,15446,2305
2020,2,3,14475,78400,62989,67407,5272,2596.59,2707,1328,1364,6470,80149,19878,15147
2020,2,4,99126,3528,51970,62128,97260,2596.59,4953,2093,1974,9432,10733,49052,34775
2020,2,5,67016,41474,41791,11670,38037,2596.59,3468,3862,2232,5626,36268,27504,27482
2020,2,6,37955,78977,185,80672,36129,2596.59,633,1042,3861,7918,13732,47473,30335
2020,2,7,38729,50038,54567,35102,14750,2596.59,4153,1764,3125,9210,19582,27513,15300
2020,2,8,36130,3255,46376,8362,76063,2596.59,2217,1502,2971,9638,11039,14100,32644
2020,2,9,82737,63025,65706,66598,66979,2596.59,854,2058,4475,9988,57160,10576,29439
2020,2,10,16641,57666,42342,39766,16314,2596.59,2278,2442,1733,7316,60803,47795,2128
2020,2,11,62650,63022,94516,40621,81776,2596.59,4720,4511,4931,6966,47460,15350,5556
2020,2,12,16217,27884,90321,62044,79225,2596.59,2620,1738,1238,9932,35630,21459,47481
2020,2,13,33441,69261,90254,5174,49267,2596.59,4320,1915,1746,7680,52535,12204,1057
2020,2,14,85743,7257,93068,70675,44035,2596.59,3936,1030,4763,9256,22293,13987,40529
2020,2,15,93090,44914,59852,98236,26227,2596.59,1046,1018,2446,6299,97543,46712,11834
2020,2,16,93708,66864,58628,24138,47052,2596.59,2693,2793,4770,5761,13898,28804,11163
2020,2,17,2642,58756,55407,87405,88013,2596.59,2743,1101,1298,7902,95688,47896,44053
2020,2,18,72133,48087,73915,69579,74386,2596.59,1290,4444,4673,9844,17172,13862,21459
2020,2,19,86080,61276,34519,37203,7037,2596.59,2358,4677,3093,7765,13433,17457,4338
2020,2,20,81818,97529,14911,37135,41475,2596.59,630,3606,1462,5297,83184,15773,26951
2020,2,21,96756,99475,50218,67781,90744,2596.59,4505,3175,1426,6150,30377,19638,25152
2020,2,22,74713,62736,85844,4158,50501,2596.59,2966,3669,3156,9228,17318,18550,15629
2020,2,23,96179,53539,84590,87567,78836,2596.59,3339,1942,4952,9909,59723,40695,34126
2020,2,24,95061,45581,83871,47839,65956,2596.59,2652,2019,3335,9847,61177,10187,30600
2020,2,25,25476,15496,25210,38632,84725,2596.59,4613,2254,2255,8414,84821,42443,27366
2020,2,26,94681,38161,738,94633,58070,2596.59,664,4481,2392,5550,17319,38347,10461
2020,2,27,16150,24972,45368,25837,34819,2596.59,2376,1645,3391,7585,15276,39467,22897
2020,2,28,71303,41243,36723,84910,51797,2596.59,2352,1476,1055,8090,41108,15574,21544
2020,2,29,54903,42789,19959,77296,44691,2596.59,1994,1688,3601,7436,12142,29772,37279
2020,3,1,5405,6418,21354,49342,38047,2148.68,1995,4288,3894,7646,31084,35437,10821
2020,3,2,15610,77562,27846,93700,35022,2148.68,4953,4161,3280,8600,38851,15350,28323
2020,3,3,40596,99692,30513,84309,19072,2148.68,2270,1664,1701,9960,90168,21099,10285
2020,3,4,82148,43516,388,96043,65420,2148.68,2831,1028,1570,5676,91079,26758,31473
2020,3,5,53999,56034,70921,52280,30986,2148.68,541,1580,1638,8494,72241,44885,9772
2020,3,6,27690,55864,2065,10744,60839,2148.68,1842,4337,2099,8950,55379,17519,42233
2020,3,7,80055,3212,14900,21792,95240,2148.68,3549,4238,4716,9469,17869,25701,22332
2020,3,8,79242,38411,13635,21408,5817,2148.68,1293,3505,3090,9428,44248,35280,2228
2020,3,9,93295,76092,10970,45394,24674,2148.68,4264,4727,1834,8338,26518,31151,16350
2020,3,10,32848,25068,46742,27564,10890,2148.68,4616,1482,4373,6510,27889,25189,14611
2020,3,11,85478,10535,58695,59920,95245,2148.68,1551,3538,1574,5052,33931,20059,2944
2020,3,12,5223,13197,24787,91135,23713,2148.68,3637,1559,4075,5379,15478,19964,17657
2020,3,13,16342,70091,26447,35715,69694,2148.68,903,1430,1222,5950,31442,26466,4337
2020,3,14,55246,59346,81357,66984,81867,2148.68,2042,3440,4836,8180,94574,34900,31641
2020,3,15,95837,99565,57812,4912,51296,2148.68,1228,2636,4727,7674,19703,14420,24638
2020,3,16,38363,96959,85944,35938,32909,2148.68,2403,4505,3082,7798,71488,41301,33738
2020,3,17,41753,58531,94742,2941,3063,2148.68,2840,1030,1584,8042,20162,22879,5669
2020,3,18,36641,77743,40516,97720,45417,2148.68,3492,1118,3529,6366,36068,12884,26571
2020,3,19,64525,64824,10944,73959,74936,2148.68,1611,1687,2314,6353,35979,26728,48784
2020,3,20,98374,40172,91980,19958,2175,2148.68,2836,1398,1235,9703,52886,13278,28494
2020,3,21,26275,97731,68135,99804,28518,2148.68,2592,4393,4026,9887,99703,10313,4203
2020,3,22,48672,81316,93354,22338,57669,2148.68,4065,1041,4504,8422,75998,38030,29333
2020,3,23,19538,85187,43198,25773,34890,2148.68,3776,2515,1390,7670,77318,10078,12436
2020,3,24,82466,16264,80780,67844,66151,2148.68,3156,4821,1797,7861,37158,19465,30483
2020,3,25,67195,36225,91859,53051,43621,2148.68,1080,3158,4394,5102,10574,20636,34209
2020,3,26,29417,99059,98152,39582,77322,2148.68,967,4786,3085,7014,43981,24235,41823
2020,3,27,72230,72138,5410,50379,26352,2148.68,1196,3545,1495,8054,62947,10242,8920
2020,3,28,78616,20380,34627,64362,21010,2148.68,4997,1730,1306,9501,12728,48992,39909
2020,3,29,7676,33679,25131,15761,25426,2148.68,1347,4006,2600,8108,64384,33951,19112
2020,3,30,87029,50581,93849,98524,44988,2148.68,4991,3602,2175,9244,87963,14536,6796
2020,3,31,44527,89314,64962,16198,5167,2148.68,786,2841,1351,5254,44953,13128,37673
2020,4,1,67653,77135,33383,95762,57871,1981,2789,4803,1182,7664,86142,34330,17335
2020,4,2,67657,26097,77858,88626,14060,1981,4503,4724,2354,5700,24890,45027,42394
2020,4,3,30890,54084,82731,37561,99037,1981,3342,1689,2992,6725,78802,47214,45859
2020,4,4,80412,77944,38370,7946,75608,1981,2275,4615,1224,9078,48241,31019,24512
2020,4,5,62526,97745,17096,36233,63446,1981,2611,1382,2421,5606,64599,27810,8339
2020,4,6,26200,77942,10852,65544,24667,1981,4109,1382,2596,7479,29375,19120,39654
2020,4,7,58343,21651,19172,25303,8136,1981,2673,1330,1508,9768,23244,44953,17413
2020,4,8,14459,20856,71993,26881,1197,1981,1042,3747,4532,7602,18590,11112,36592
2020,4,9,87899,4753,76981,55495,22232,1981,934,1925,4358,9302,38579,10002,6356
2020,4,10,17985,61253,39506,15846,17374,1981,798,1831,4957,9142,75063,17506,12751
2020,4,11,85734,62458,61254,16619,44351,1981,3521,2248,1648,7442,16406,30231,36897
2020,4,12,88210,35497,43509,48920,86069,1981,1412,1650,4692,7269,36250,43417,32089
2020,4,13,20020,13401,41602,19978,62544,1981,3835,4628,1926,5088,97598,39824,33017
2020,4,14,18337,86120,88426,26337,67974,1981,1567,2534,3015,6428,21453,14084,42520
2020,4,15,14869,39218,50842,74561,96487,1981,4330,2858,1994,5931,69187,29386,37092
2020,4,16,58948,23023,44016,70774,54463,1981,1950,2799,4085,5375,99135,28410,41614
2020,4,17,24247,72056,17297,52263,88484,1981,2698,3351,4318,7088,94263,14322,38750
2020,4,18,36983,78594,40015,37474,20877,1981,3212,1176,2223,7227,66949,12182,9202
2020,4,19,35193,93900,75838,95630,9275,1981,4039,3521,3379,5370,17150,18214,41325
2020,4,20,96437,1186,87918,7107,51077,1981,4263,3058,2126,8564,41883,48003,32182
2020,4,21,79832,91448,94180,28407,68675,1981,1444,1822,1380,7281,32200,47006,27481
2020,4,22,14959,72593,46880,94690,13928,1981,2904,1716,1551,6638,50174,33979,49015
2020,4,23,49355,64438,22038,26482,35068,1981,836,1250,1720,5498,59656,13504,30274
2020,4,24,28848,7454,93319,228,14735,1981,2234,1044,3110,8236,40734,28390,25519
2020,4,25,9481,3639,71459,92384,70812,1981,1363,1518,2422,9514,79351,15394,21633
2020,4,26,61378,20188,85092,49451,87907,1981,1197,1753,3552,5867,33333,49639,11100
2020,4,27,57738,30568,45684,55849,91033,1981,590,1864,1407,8400,18506,43571,2770
2020,4,28,26385,51964,46442,45159,16716,1981,3999,4445,2331,7222,43895,15798,25793
2020,4,29,77895,66445,83343,46447,82312,1981,2437,1846,3594,8121,12248,18538,16676
2020,4,30,10891,12839,87844,33651,17591,1981,3573,3975,1654,6134,89133,48474,13444
2020,5,1,4486,9272,94490,4928,53167,2040.45,2821,4610,3068,5620,15438,44744,44727
2020,5,2,8058,58322,24691,32531,70571,2040.45,4773,4760,3513,6856,17351,46956,29318
2020,5,3,53349,77679,78716,43363,66812,2040.45,520,2648,2812,9718,92576,11966,43542
2020,5,4,31088,91750,91941,75508,53722,2040.45,512,1779,2182,9894,10661,39104,43862
2020,5,5,40612,70435,38866,40477,80210,2040.45,2433,3557,1014,5010,93271,33409,22569
2020,5,6,42394,68792,21059,45206,55153,2040.45,2535,1239,1735,9475,61747,25457,29987
2020,5,7,19689,98351,53589,88223,59645,2040.45,2327,1608,1036,6192,57084,31245,14250
2020,5,8,55113,10870,81156,5359,59722,2040.45,3767,2114,4570,9825,63671,14722,24427
2020,5,9,89812,81207,17315,27900,7034,2040.45,4708,1721,3763,9648,31296,19760,45414
2020,5,10,53898,58624,86369,21286,41168,2040.45,2531,1279,2026,6134,17989,46747,9805
2020,5,11,24465,56757,48863,387,16583,2040.45,942,2745,1622,8775,50644,33477,12534
2020,5,12,44189,86705,76552,54304,76353,2040.45,4063,1602,2822,6783,67887,40341,7848
2020,5,13,2941,36771,36621,89967,86809,2040.45,1713,1273,2717,7738,28011,10651,20962
2020,5,14,30814,43121,83398,57258,8248,2040.45,734,2435,2098,7285,13488,13450,1606
2020,5,15,91485,47155,60053,74307,90291,2040.45,4647,3230,1062,7619,83196,17871,44293
2020,5,16,38581,36262,95497,82651,54542,2040.45,3301,1706,2980,6110,75315,15168,23508
2020,5,17,93445,66050,60016,46895,49688,2040.45,1696,1171,1612,6212,31830,36902,33107
2020,5,18,97394,62830,46485,94808,30450,2040.45,2678,1554,2294,9062,68031,12778,46033
2020,5,19,14387,11334,71246,13719,70736,2040.45,1297,4179,2609,7664,27425,28648,46561
2020,5,20,97123,4123,36173,43736,57224,2040.45,1989,1946,1672,6958,65775,27632,18003
2020,5,21,89507,44807,63015,88153,19333,2040.45,2691,1270,3730,8936,63788,45818,47398
2020,5,22,75497,1439,9998,4459,99103,2040.45,3106,2577,2897,9278,72664,31472,3776
2020,5,23,3633,69654,2441,34465,29480,2040.45,3448,3986,3021,5878,23490,48706,18216
2020,5,24,38861,81183,98777,13943,10119,2040.45,4760,1967,1450,6110,12860,45809,28918
2020,5,25,39886,5884,8387,14135,41515,2040.45,606,1238,2056,8806,95962,46535,31051
2020,5,26,32614,24412,31874,61988,32226,2040.45,693,2437,2898,5821,11110,29368,21717
2020,5,27,21091,77493,97688,1446,79955,2040.45,3607,1191,1348,8345,66677,17862,4113
2020,5,28,35749,12284,13009,2805,76682,2040.45,691,1304,4734,7844,15974,31959,25324
2020,5,29,35634,31032,69398,88532,56853,2040.45,4251,4295,1956,7786,12092,27280,37130
2020,5,30,2404,25700,13472,28752,80398,2040.45,1613,1145,3784,5974,18949,14614,30150
2020,5,31,51298,50993,43818,17384,14910,2040.45,694,1094,3834,5802,55425,16374,47804
2020,6,1,39678,46334,85899,37969,58427,2631.13,752,1938,3001,5475,80874,39502,13179
2020,6,2,98441,97020,98288,40767,32321,2631.13,3415,3313,1126,5798,14574,16164,16458
2020,6,3,57846,65118,3264,59289,36895,2631.13,4213,2923,2987,6463,30891,42765,5302
2020,6,4,45994,87616,93243,38995,89443,2631.13,4849,2882,2488,9488,45001,19809,24118
2020,6,5,75946,53417,19475,52572,95568,2631.13,2000,3412,1869,8726,29052,18764,1634
2020,6,6,51917,93266,61688,86256,76081,2631.13,4020,2073,2898,8615,77420,18790,8932
2020,6,7,62733,22270,6575,66573,98110,2631.13,1381,4054,4992,8858,42977,18198,1576
2020,6,8,72609,19978,70324,4478,16593,2631.13,4593,4860,3993,5154,71116,35073,49376
2020,6,9,76565,66489,7148,89463,55104,2631.13,3154,4187,3188,9466,12310,37649,1850
2020,6,10,82657,3494,28056,87649,42054,2631.13,4559,4661,2361,9942,35490,23953,21033
2020,6,11,90610,41437,25166,15955,9070,2631.13,1028,1276,4122,9064,91447,18774,12634
2020,6,12,25447,99602,84766,64987,30682,2631.13,2635,3337,1510,5590,17337,47423,35526
2020,6,13,1723,38249,78437,9084,29483,2631.13,4388,1444,1715,7310,52398,30784,30280
2020,6,14,3540,69779,82770,99014,94306,2631.13,4590,4751,3817,8720,17574,20850,24217
2020,6,15,36233,3725,34189,57956,34415,2631.13,766,2488,2478,7640,77923,15750,17878
2020,6,16,14095,43664,4757,85810,34570,2631.13,2945,3108,3285,5714,37121,37591,23508
2020,6,17,39931,86712,73695,30100,37420,2631.13,949,1654,4860,5986,47958,29275,24785
2020,6,18,85720,53338,98116,8198,53505,2631.13,1509,2598,1054,5094,69759,20623,42392
2020,6,19,71126,52705,25084,14411,18419,2631.13,3353,4700,1620,8222,19226,35391,28557
2020,6,20,33185,72101,25395,28045,89943,2631.13,3671,1332,4394,7178,83858,12898,39706
2020,6,21,80531,60368,96849,16585,57986,2631.13,3560,4110,1336,10000,59873,20433,32960
2020,6,22,23553,28227,45134,5173,86627,2631.13,563,4810,4736,9266,47855,44678,16285
2020,6,23,72015,21527,20340,47761,9666,2631.13,658,1630,2269,7726,13570,21606,20550
2020,6,24,56818,26693,718,8833,71688,2631.13,617,1982,1414,7102,16763,41795,26943
2020,6,25,23387,73679,27958,78124,55989,2631.13,2801,4354,3691,9493,92115,23356,25813
2020,6,26,96395,69126,13553,93664,42985,2631.13,550,1153,3376,9386,41338,11390,36685
2020,6,27,59282,36956,63008,80802,94059,2631.13,3948,3796,4801,6906,28271,25789,46123
2020,6,28,9071,67426,70144,22762,26919,2631.13,1118,4664,2736,6022,33328,14154,12259
2020,6,29,12707,14951,23226,92435,97290,2631.13,834,2922,2871,6426,53723,28281,30916
2020,6,30,19332,42673,78430,89133,75931,2631.13,1273,1270,4126,7768,15534,17396,6702
2020,7,1,70233,57061,44116,46255,6741,3109,634,1690,1538,7746,18979,21680,1188
2020,7,2,44300,91902,5904,67509,61978,3109,3191,4649,3965,8675,80579,35666,34185
2020,7,3,56301,81932,26145,74069,89694,3109,904,4925,1953,9134,12368,23693,43541
2020,7,4,65750,81492,61737,72867,65590,3109,4546,4889,3969,6801,93749,15286,30716
2020,7,5,986,13293,71948,29951,38320,3109,1969,4619,1628,8113,68687,13720,18879
2020,7,6,68007,39136,16781,1312,70050,3109,886,2151,2155,6194,25017,11010,39313
2020,7,7,83809,85916,28987,89130,52717,3109,1427,2006,2379,8374,16355,40698,22736
2020,7,8,97253,98325,85318,64414,22791,3109,1268,1602,4491,8812,92107,45893,20357
2020,7,9,93714,33464,48045,30869,36557,3109,4965,1716,1342,5303,25845,28044,23062
2020,7,10,34391,82273,98098,86770,26999,3109,2467,1214,4129,9136,10040,15422,30805
2020,7,11,49494,42637,59068,75337,97038,3109,1229,2102,2341,5625,54322,20249,17527
2020,7,12,8687,4289,6966,367,99592,3109,3410,1366,2786,5728,37103,24784,49163
2020,7,13,73665,30924,31739,19146,10060,3109,2416,1818,1494,5680,67593,18272,3107
2020,7,14,30362,38823,16234,47703,74449,3109,2952,4486,4843,5106,99853,40787,20556
2020,7,15,6785,44616,41122,54571,3828,3109,707,2491,1008,7604,12988,15358,44577
2020,7,16,46904,405,44168,42646,63240,3109,1776,4952,1935,8732,74006,15480,11761
2020,7,17,54918,8311,73574,46113,49581,3109,3251,1364,1502,5862,27286,18322,39779
2020,7,18,5302,89346,32065,47153,83144,3109,4063,1782,1808,9583,89044,41399,11405
2020,7,19,87696,57173,51352,54631,41535,3109,3717,2803,3668,8643,58915,49600,25358
2020,7,20,8422,28520,72317,59168,39244,3109,3740,4544,1230,8654,91697,38443,49603
2020,7,21,23561,7113,34842,1721,83048,3109,3119,1496,2410,8950,41725,10602,40238
2020,7,22,36181,70444,68100,69849,89087,3109,800,3859,1885,8116,73027,11129,43367
2020,7,23,74071,3120,72026,79371,81629,3109,4165,1540,2187,5359,23261,36586,30075
2020,7,24,75597,82733,57330,73007,93556,3109,4654,4735,1710,5516,15935,41288,49056
2020,7,25,72473,1736,5148,44358,76204,3109,1838,1122,3998,7738,45996,45626,44527
2020,7,26,23939,30162,33519,27478,65521,3109,4064,1117,1738,7745,30475,49419,6780
2020,7,27,3153,75131,95507,89003,4236,3109,590,1707,4528,7190,37417,22083,27794
2020,7,28,96317,9256,72357,26667,53120,3109,2292,3410,4866,8682,20887,30386,18353
2020,7,29,28943,51304,87856,1159,55402,3109,1929,3553,4813,9770,47556,30400,34684
2020,7,30,90229,44199,7109,36109,45989,3109,3191,3657,1126,6900,85323,23252,44526
2020,7,31,65253,23969,33015,46471,96132,3109,3209,1425,1557,8582,58936,26958,20254
2020,8,1,25866,35512,41913,88302,99420,2071.23,4881,4970,1556,7990,11926,13310,38666
2020,8,2,5534,80968,43135,52434,82644,2071.23,4038,2963,1514,8278,19094,36006,16387
2020,8,3,73718,76872,7564,71135,35808,2071.23,3233,1673,2736,6022,66326,18508,1758
2020,8,4,50164,61208,28479,62289,8550,2071.23,590,1770,1756,8424,82868,14399,1588
2020,8,5,61164,33259,53715,76916,13768,2071.23,2921,3836,1031,6836,74970,14782,22809
2020,8,6,4062,78205,79865,56799,56055,2071.23,622,1217,3749,7578,84857,48651,46191
2020,8,7,20925,20148,79087,52681,98572,2071.23,3431,1086,2917,7145,53002,41684,28307
2020,8,8,26306,15924,45521,92338,19113,2071.23,528,3173,1399,6422,96323,37453,36844
2020,8,9,52935,21630,10023,93036,91766,2071.23,3038,2690,1142,6962,81722,29949,44880
2020,8,10,48136,65155,6037,76053,18652,2071.23,2736,4957,2665,9608,53646,26777,25391
2020,8,11,32804,64175,49952,64203,70919,2071.23,3007,1702,4256,8029,49591,42373,12627
2020,8,12,72909,7631,21416,4287,61107,2071.23,4236,4241,4644,6624,13230,19647,3139
2020,8,13,32015,19382,64605,39680,15343,2071.23,2809,3145,1094,9112,28700,36046,34603
2020,8,14,11739,96708,42603,12347,74738,2071.23,1072,2645,1176,9978,68284,43634,42195
2020,8,15,61978,2521,19229,62974,75497,2071.23,2621,2510,1607,7164,63541,21949,20874
2020,8,16,98181,62703,36447,13309,28167,2071.23,707,4905,3206,9332,68603,11802,15147
2020,8,17,66856,89676,16941,83032,32164,2071.23,1666,1998,4096,9014,73466,45944,1577
2020,8,18,33120,56088,19807,89727,19665,2071.23,1675,4196,2402,8958,63857,40569,49701
2020,8,19,95973,95917,46827,74179,70578,2071.23,3473,3785,1830,6766,53168,14510,15430
2020,8,20,78343,46187,64113,98792,58433,2071.23,4735,1552,3665,9094,81278,29682,37579
2020,8,21,14243,59307,80231,92997,73781,2071.23,3565,4752,1355,6406,60283,43285,10440
2020,8,22,62174,20109,97071,67279,96875,2071.23,898,1569,1425,5010,90360,19458,1982
2020,8,23,38942,85096,46410,48959,15990,2071.23,3640,1918,1994,5223,39580,27126,27689
2020,8,24,35663,23146,63231,8371,69890,2071.23,1655,2062,4974,8725,15692,13706,23514
2020,8,25,15316,52943,48418,11741,37953,2071.23,1598,1893,1577,6024,25852,22566,5130
2020,8,26,57048,20845,19151,60394,12420,2071.23,2519,4434,3227,7102,89156,34468,8731
2020,8,27,56968,40812,16531,16942,5889,2071.23,3790,1203,1516,8559,32944,11652,48575
2020,8,28,10042,15895,49067,66619,45254,2071.23,4184,2301,2115,9382,79046,40886,24919
2020,8,29,49769,32919,5321,47997,50021,2071.23,2464,1987,1639,5347,23929,23879,44477
2020,8,30,13922,14072,95084,31791,68983,2071.23,2611,4023,1122,6677,61993,11062,44380
2020,8,31,27949,17531,24180,56416,92217,2071.23,2301,1985,2496,8974,12676,10094,3227
2020,9,1,38798,9504,81443,20497,49785,1987.13,770,1726,1756,5130,65542,11135,5322
2020,9,2,70172,44566,87761,23201,6560,1987.13,1148,1794,1430,7840,32657,13614,9640
2020,9,3,21218,90995,5893,56544,97328,1987.13,1345,2477,1242,7787,72973,16752,24761
2020,9,4,39462,23744,96961,6218,22656,1987.13,3705,2826,3419,7817,32379,46330,12503
2020,9,5,47457,83528,86772,97628,7444,1987.13,2375,1398,1775,9620,12510,40455,35782
2020,9,6,14381,4253,92933,81349,72041,1987.13,3101,2853,2353,5061,50422,45008,32258
2020,9,7,73916,480,54188,97335,38298,1987.13,854,2105,1445,6788,99732,10240,36567
2020,9,8,82570,83461,55253,25698,73081,1987.13,1152,3812,2412,5436,85161,15804,23160
2020,9,9,74046,83263,10010,96399,94676,1987.13,2759,3590,1832,7814,82276,15560,10432
2020,9,10,98513,42294,17666,84958,5435,1987.13,822,4355,2210,6802,30052,40290,17399
2020,9,11,56315,12557,10455,33727,4345,1987.13,882,3390,1902,5891,91140,39904,45616
2020,9,12,2675,48900,58495,79938,60846,1987.13,1004,1428,4416,6336,60667,19430,40772
2020,9,13,46914,72218,9207,64124,39020,1987.13,765,1362,4519,9822,45411,38863,5611
2020,9,14,93188,77646,83606,88417,3537,1987.13,4673,1211,4997,9519,10030,13638,24747
2020,9,15,26643,97999,92905,26060,27514,1987.13,2261,4426,2140,6467,54901,47512,3572
2020,9,16,28431,25667,9198,12950,23238,1987.13,3164,2776,2254,7110,37545,17214,4610
2020,9,17,76517,32219,74707,32866,1738,1987.13,3708,3380,1556,6613,70791,19069,27207
2020,9,18,96537,18053,93496,55030,90873,1987.13,2541,1318,1686,6982,48603,13652,48397
2020,9,19,32700,83120,62781,64955,84890,1987.13,3449,2757,2543,9024,10623,10278,1334
2020,9,20,1714,60684,79014,93271,3649,1987.13,3691,1550,4208,8778,71566,41432,16157
2020,9,21,86936,24108,27087,93703,85846,1987.13,3706,3545,1358,6486,99851,10050,42042
2020,9,22,86813,49653,54161,19356,74160,1987.13,4988,2224,1818,5353,85494,45467,14784
2020,9,23,47862,14187,62005,32071,52726,1987.13,4854,1012,2677,6596,49714,19758,33571
2020,9,24,75335,73421,78420,50496,59908,1987.13,1898,1719,4274,7410,82426,34785,44623
2020,9,25,78546,52416,27011,20364,34121,1987.13,830,1982,4394,7834,30404,12119,28857
2020,9,26,61405,70259,68133,35434,53552,1987.13,626,1974,2619,5686,12085,17526,34199
2020,9,27,84703,55336,30598,45329,52746,1987.13,982,1290,1782,7124,51654,15911,13024
2020,9,28,35981,17485,97894,95376,61672,1987.13,3846,3075,1259,8330,58509,18758,44650
2020,9,29,42530,70170,46402,50149,60249,1987.13,4026,1302,1462,9256,13272,49271,24839
2020,9,30,77647,3098,30563,59438,10222,1987.13,706,2553,2404,9593,74280,44075,48569
2020,10,1,98128,33504,81854,22810,8365,2209.48,686,3533,4417,7382,38781,17054,33017
2020,10,2,65865,16437,50783,46840,23068,2209.48,4486,1164,1240,9110,52737,45535,1014
2020,10,3,91976,15291,27941,81569,5924,2209.48,2162,4050,1870,8040,26859,30234,22016
2020,10,4,13385,8551,58768,42802,40389,2209.48,3409,2605,1378,8392,69444,19756,13902
2020,10,5,80598,10283,12273,77565,10558,2209.48,3100,2532,1651,8390,14774,10326,15010
2020,10,6,39408,48967,22977,11279,79335,2209.48,1512,2718,1090,6632,35519,31478,16189
2020,10,7,96886,15282,70436,43575,45825,2209.48,3330,1421,1514,7846,15974,43424,39881
2020,10,8,6964,77087,95957,19967,94479,2209.48,3893,3885,1727,8221,61515,41061,12762
2020,10,9,60762,69381,33780,51852,52365,2209.48,3330,4249,2284,8118,18360,13108,35652
2020,10,10,26350,22506,5883,92865,64460,2209.48,1288,2774,3306,8596,24092,47784,9869
2020,10,11,27710,79338,48022,89438,57560,2209.48,1850,4672,1106,6982,86524,47633,25890
2020,10,12,82634,86207,13235,16270,56324,2209.48,4377,2673,1266,5259,91889,42077,22410
2020,10,13,11480,94530,46204,31138,9478,2209.48,3921,2187,1980,6600,26624,39896,36648
2020,10,14,19185,73475,74569,30806,86809,2209.48,4790,4441,3650,8024,85710,36326,27445
2020,10,15,46786,81441,19000,24404,83052,2209.48,1480,1776,3121,5376,42020,47598,27241
2020,10,16,15683,87295,84786,81668,96942,2209.48,2915,1125,1236,9966,63282,38044,11410
2020,10,17,89929,58073,73839,69932,82449,2209.48,1257,4233,3692,6462,53636,13498,25901
2020,10,18,68849,36469,67628,6970,65504,2209.48,4567,1185,3293,5705,62853,10234,26000
2020,10,19,67115,769,42712,84703,29605,2209.48,4099,1780,1698,9289,11642,12865,5994
2020,10,20,55190,12074,8451,28883,70034,2209.48,1978,1934,4906,5957,78554,30409,28439
2020,10,21,11957,49474,61596,41603,5179,2209.48,3188,3645,2920,7252,73347,15538,40801
2020,10,22,49598,78799,39763,30016,58088,2209.48,4232,4629,1450,7683,74863,10388,11931
2020,10,23,12474,76842,15622,27381,62799,2209.48,4141,1106,3648,8382,49060,48827,44176
2020,10,24,59241,17250,53825,33514,44502,2209.48,2390,4098,2322,7152,40465,30409,27172
2020,10,25,55435,49699,26391,45790,83734,2209.48,2529,1206,3094,8150,39938,14498,1254
2020,10,26,48678,80433,64704,8678,98873,2209.48,3856,3113,2364,7680,91626,41865,13764
2020,10,27,54853,45369,2317,93527,22521,2209.48,584,4306,3831,6678,40095,17842,42782
2020,10,28,17932,62625,21476,12379,17127,2209.48,974,1616,3197,7029,90832,14150,11414
2020,10,29,80794,64690,31536,44510,92370,2209.48,2727,3573,4881,5043,57099,23753,39514
2020,10,30,14177,47388,18060,39361,80418,2209.48,3276,4700,2130,9751,43430,20608,24507
2020,10,31,47518,29406,52764,5715,96435,2209.48,4136,3579,3284,5438,54441,10614,43596
2020,11,1,7169,64228,51418,78564,37680,2217.87,4091,1418,4581,8451,81835,34087,25171
2020,11,2,13081,96536,37570,82832,56319,2217.87,1700,1456,1890,9690,98509,20888,8178
2020,11,3,47904,8442,29173,74928,62883,2217.87,1463,1910,1758,5772,64965,30789,46179
2020,11,4,84404,74057,82208,93986,22509,2217.87,4424,1186,1929,8006,34771,49599,14043
2020,11,5,56524,81473,35323,33817,50240,2217.87,4704,3142,4977,7762,89421,37859,1550
2020,11,6,46408,30886,24262,89518,40119,2217.87,622,1756,4634,5036,51210,17206,39227
2020,11,7,32908,45636,54083,26189,93982,2217.87,788,1018,1334,7462,84320,36917,38855
2020,11,8,77647,39025,35060,68976,39254,2217.87,3186,2012,1718,7447,91529,28188,24482
2020,11,9,53026,61836,69062,32661,14349,2217.87,1154,2255,2259,5237,89795,26240,20273
2020,11,10,10444,65584,26745,97122,93047,2217.87,4038,2044,1441,5449,56020,22046,27418
2020,11,11,26283,79207,24059,98001,43007,2217.87,2540,2383,2422,6438,61395,16254,15588
2020,11,12,48227,12551,55378,30486,34140,2217.87,3077,4582,2108,6173,58055,20154,11526
2020,11,13,93591,92094,23552,60033,77543,2217.87,2078,3825,1102,9986,18177,18135,29572
2020,11,14,38077,60719,30520,15500,72321,2217.87,4973,1898,1642,6842,83735,21307,8267
2020,11,15,73229,6813,32242,337,72986,2217.87,1843,1576,2389,6454,42960,26284,40297
2020,11,16,56318,25039,80110,31447,47528,2217.87,934,1956,1454,5620,33807,14028,14639
2020,11,17,21072,73781,17279,58241,85484,2217.87,4547,3711,2825,8141,59048,30811,1014
2020,11,18,68438,12244,63740,67180,72638,2217.87,3463,1254,3089,9924,76752,45617,6700
2020,11,19,54563,59039,13926,46272,71844,2217.87,1651,2915,1512,7870,67507,23348,47733
2020,11,20,44944,97055,82060,52770,91548,2217.87,4932,4985,4702,7352,43516,17392,7460
2020,11,21,20371,86980,3998,68460,43256,2217.87,866,4169,2492,5710,60440,44336,47103
2020,11,22,58438,3445,53604,96303,47375,2217.87,4650,3669,4516,8061,77790,26064,21111
2020,11,23,91874,27723,2402,61576,57746,2217.87,1619,3115,4248,6968,62927,17720,45918
2020,11,24,70423,59708,23025,42916,70414,2217.87,3603,1686,3261,7206,41504,16987,49818
2020,11,25,78317,77507,75657,29185,11921,2217.87,506,3793,2521,8012,81720,10544,3448
2020,11,26,36271,18340,49735,85519,91661,2217.87,4373,2082,3721,7510,21349,18278,29014
2020,11,27,33568,24953,20689,36829,82159,2217.87,3815,1826,1051,5823,12032,17971,12194
2020,11,28,49271,77612,88117,46793,67966,2217.87,3411,4235,4528,8145,89754,46188,19838
2020,11,29,97160,480,74624,2233,34230,2217.87,2718,2796,2277,8406,20976,35787,12325
2020,11,30,76952,41144,12615,33004,36968,2217.87,2326,2589,3940,7210,49381,46905,34978
2020,12,1,67793,1142,12513,52291,7248,2955.87,801,2726,4676,8033,58308,12000,25054
2020,12,2,45752,42457,65630,44158,63434,2955.87,2461,1866,4031,7574,57895,15360,1418
2020,12,3,4143,60486,94301,25938,26219,2955.87,3921,1482,3699,6434,62653,15946,41207
2020,12,4,71488,28455,40025,87516,12840,2955.87,867,3590,1588,6018,19099,20574,48333
2020,12,5,99267,56561,57855,13298,43377,2955.87,598,2519,2587,9309,89808,35157,15751
2020,12,6,96868,23731,45521,5567,70165,2955.87,1512,3003,4331,6178,45518,32170,24526
2020,12,7,76222,77738,57113,33363,59235,2955.87,586,3500,4124,8143,88149,42501,26213
2020,12,8,43894,99511,56373,52833,88821,2955.87,2989,2039,1262,7030,15222,22778,12533
2020,12,9,58036,45471,30782,43720,7008,2955.87,889,4581,1586,6014,32943,45975,42652
2020,12,10,75567,3233,4477,24691,31376,2955.87,3543,1620,3488,6267,60804,13660,8978
2020,12,11,68801,65146,15700,71415,98656,2955.87,4193,3043,1094,5334,16762,16984,23306
2020,12,12,83979,59004,8069,70720,42006,2955.87,1694,2571,1202,7522,58614,16656,7365
2020,12,13,62853,92158,16296,71341,98426,2955.87,1352,3577,3596,7051,54991,23604,43452
2020,12,14,56710,99185,63000,41838,6864,2955.87,658,2193,2006,9500,77912,47122,46114
2020,12,15,32110,10959,31046,9058,48482,2955.87,3732,1333,3169,6379,99025,46594,39660
2020,12,16,59831,378,80172,18427,33781,2955.87,3382,1986,1408,5554,48678,15134,1515
2020,12,17,67495,15356,64756,22612,90101,2955.87,1085,2209,4977,6974,47618,34810,9020
2020,12,18,73143,81351,46144,87664,47730,2955.87,609,3911,1897,6310,58689,45678,11521
2020,12,19,48647,67073,2520,99346,54806,2955.87,3259,2300,1553,8742,61263,13316,1199
2020,12,20,13386,13701,95215,99716,97183,2955.87,4525,1676,1078,7021,74339,18490,9185
2020,12,21,58542,74949,44879,36792,72081,2955.87,3821,1464,1991,5390,36424,41797,3568
2020,12,22,2539,26037,80450,85444,80403,2955.87,3448,1190,1764,6134,26207,35298,41713
2020,12,23,29199,60733,71976,69733,74106,2955.87,699,2647,3967,5577,85790,42399,12667
2020,12,24,39146,34612,79479,42489,85952,2955.87,4285,4842,1939,9478,90285,38693,15904
2020,12,25,22799,65087,65186,10915,35101,2955.87,1213,4299,3477,9090,50383,42582,41393
2020,12,26,47207,41084,91582,1174,93013,2955.87,4925,3509,1982,9403,90998,47934,27372
2020,12,27,55307,91636,19129,13598,72723,2955.87,3643,1872,1712,7666,22787,42304,25766
2020,12,28,25222,19001,6604,93699,3541,2955.87,1280,2098,1556,7862,84624,23786,23339
2020,12,29,5234,44550,72296,33569,83953,2955.87,2854,1232,1281,6982,69208,44003,13294
2020,12,30,92748,37852,55876,99952,88033,2955.87,2255,3253,4014,8858,23303,33906,28663
2020,12,31,22197,75936,1006,52971,20150,2955.87,3108,1735,1530,5403,75303,30482,35630
2021,1,1,23158,86094,16331,90140,71655,1453.19,4238,1724,2560,9189,13889,11223,10334
2021,1,2,41445,43495,41590,90303,66798,1453.19,3851,2733,1501,8173,62882,28482,25497
2021,1,3,91282,4618,25013,73037,96273,1453.19,4437,4429,2940,6206,25920,45946,21847
2021,1,4,27453,25160,71804,60014,24349,1453.19,2588,1596,4187,9177,72447,12337,35694
2021,1,5,4674,1299,55071,97527,15824,1453.19,1008,3456,1126,7372,96493,12438,34305
2021,1,6,89220,30931,87329,63512,98051,1453.19,4457,1854,3407,5070,15006,12756,13249
2021,1,7,83306,5808,28550,28846,34986,1453.19,2534,1010,3647,8956,53537,13302,17349
2021,1,8,63261,45898,74280,34887,63271,1453.19,1433,3841,4406,7532,32352,32456,37125
2021,1,9,87010,41810,74312,25418,39422,1453.19,4525,4079,3338,9426,84276,49675,42531
2021,1,10,66775,41811,5686,1774,70767,1453.19,3948,1542,1472,6464,85265,17654,25575
2021,1,11,30352,71699,69936,81110,61812,1453.19,3566,3820,1822,8468,90589,49869,2288
2021,1,12,13112,11467,55301,27802,60893,1453.19,2476,4019,1386,9514,45792,18504,39577
2021,1,13,75089,14741,18884,96561,74320,1453.19,2654,1022,1702,7589,17126,37657,4149
2021,1,14,86229,32051,2830,46677,36280,1453.19,2898,4390,1237,8198,77192,48482,9772
2021,1,15,57776,71021,42502,55514,70535,1453.19,4018,1256,1486,5812,58535,26409,4646
2021,1,16,47050,56191,47433,39248,40132,1453.19,3256,2712,2966,6085,89388,34245,49565
2021,1,17,22209,52287,99988,43447,70486,1453.19,1928,4612,1818,6318,17270,11574,43532
2021,1,18,5427,24144,13414,57517,83397,1453.19,3926,1797,4491,5462,86044,15734,21950
2021,1,19,97275,79301,43687,95241,91739,1453.19,837,3946,1713,8734,73744,22198,33076
2021,1,20,55709,15673,33163,52965,32806,1453.19,4402,4584,3783,7816,12100,23532,33289
2021,1,21,6118,96027,20330,50609,43737,1453.19,1582,2362,2026,6514,68954,10116,6375
2021,1,22,44697,31144,24064,46410,93321,1453.19,4960,1550,4832,8958,18344,12637,47808
2021,1,23,17763,39099,17222,7899,73267,1453.19,2782,4383,3052,8111,46343,18141,45675
2021,1,24,40838,14279,91856,59217,25900,1453.19,4332,1947,3305,6800,33356,17977,10811
2021,1,25,7556,84669,83358,37388,69144,1453.19,1376,3257,3504,9950,27507,46770,18054
2021,1,26,95625,25290,42507,70029,59754,1453.19,3169,1942,4479,8950,76158,11730,38850
2021,1,27,57188,45492,48678,65493,55239,1453.19,3470,2793,3054,6368,16532,18549,48387
2021,1,28,17586,49262,88160,7442,99212,1453.19,4211,1187,2308,6148,81215,33413,15667
2021,1,29,18272,85738,50356,37751,82115,1453.19,4481,4301,3357,8158,21145,43595,26515
2021,1,30,62897,20968,22742,45952,20500,1453.19,852,4436,4886,9011,61877,16418,5626
2021,1,31,51031,32441,31637,24691,45511,1453.19,3103,3781,4941,8458,12318,13407,29205
2021,2,1,17365,69061,39682,81876,90206,1833,4771,2525,2370,7074,64376,27995,33278
2021,2,2,37928,18813,82883,73291,80690,1833,672,4481,4968,6886,74991,14172,3332
2021,2,3,39818,38773,95466,64629,56657,1833,952,4020,2932,5634,55895,34489,8873
2021,2,4,55264,668,12015,77634,7742,1833,628,2020,1554,8510,51663,17200,26391
2021,2,5,41843,92336,38078,93163,90403,1833,2334,1822,3193,5608,94847,24849,13069
2021,2,6,61672,27153,98870,39604,82787,1833,898,3049,3136,9866,32034,45877,21118
2021,2,7,45202,87663,74251,56757,42526,1833,1703,1448,4600,9780,93881,25002,25914
2021,2,8,49202,51216,71575,17395,20367,1833,2243,3389,4925,7464,37992,18136,32774
2021,2,9,28582,78437,63465,16718,47248,1833,3947,3801,4513,9549,81909,42038,45499
2021,2,10,61815,63613,59110,96415,99746,1833,2769,3946,1124,5695,66340,40923,2991
2021,2,11,8469,24936,39313,34747,82400,1833,3809,2333,3444,7262,44050,35692,43657
2021,2,12,35477,89350,60846,34990,8899,1833,3379,1434,1366,9982,83479,12232,42755
2021,2,13,5479,37601,55058,26036,63296,1833,3310,3115,2684,5254,22861,11436,37750
2021,2,14,32631,83024,88770,21076,23002,1833,3119,3477,3521,7938,93467,47419,32820
2021,2,15,76719,86847,18133,99437,55688,1833,548,1165,4211,6957,14242,18858,1612
2021,2,16,14708,3216,6974,93744,25839,1833,746,4820,4210,9910,95895,17758,46188
2021,2,17,93121,69015,10689,31642,19331,1833,834,1048,3706,7098,95485,29393,20508
2021,2,18,31508,17386,56911,70719,94343,1833,928,1634,1302,5814,35497,22221,26816
2021,2,19,59090,7029,97042,4652,67330,1833,3214,1801,4655,8438,24794,13986,9290
2021,2,20,20763,20207,26387,60821,33752,1833,882,1610,1226,6960,68681,16303,38224
2021,2,21,90292,74610,8057,86675,87512,1833,504,2952,1174,9182,83955,17911,43554
2021,2,22,47930,57170,94713,42586,57425,1833,1571,4538,1064,9309,55358,12344,35859
2021,2,23,37534,11924,87779,9494,25399,1833,2148,2041,1068,6870,35067,34932,6460
2021,2,24,60111,60315,14237,10693,98956,1833,4955,1884,1474,6019,89469,29137,48193
2021,2,25,91878,62393,40028,47943,61703,1833,932,1184,3660,8239,41432,15411,11738
2021,2,26,31051,33582,13805,78472,50139,1833,4755,1022,4186,7992,37293,16292,48873
2021,2,27,58536,98601,71379,30250,70973,1833,4386,2849,3240,5766,27143,10422,10848
2021,2,28,27504,13958,16882,51165,72197,1833,2927,4599,3246,6731,98070,24736,24666
2021,3,1,27826,84986,21143,88169,38631,3083.97,1704,3582,2013,6953,24554,44213,45636
2021,3,2,52692,3757,33806,68458,47252,3083.97,2313,1208,3332,6964,49757,42997,35100
2021,3,3,12757,69357,67597,59488,67427,3083.97,1443,1603,3669,8937,16123,48651,42333
2021,3,4,70925,62828,52235,4291,56133,3083.97,3503,1478,1896,9262,19980,44148,43141
2021,3,5,83760,22299,5357,68444,2128,3083.97,2792,4883,1652,5388,90723,24599,21466
2021,3,6,54074,62167,36203,14095,87456,3083.97,4098,3379,1505,7684,62669,15990,18679
2021,3,7,90825,77525,29167,87722,9833,3083.97,3221,4943,2802,9929,78386,29929,39152
2021,3,8,41396,6180,94814,82217,17920,3083.97,3168,3344,4054,9370,18791,12142,35537
2021,3,9,44401,47890,26241,92259,45574,3083.97,1248,1397,1434,7094,40470,42619,38911
2021,3,10,80918,5044,18915,75072,74974,3083.97,694,2720,4832,6166,14936,16442,13654
2021,3,11,68055,38105,58801,32109,13828,3083.97,4969,4579,1950,6209,66837,37405,27592
2021,3,12,31472,63086,40155,14259,4852,3083.97,3229,2121,1346,8602,77192,26993,30626
2021,3,13,55797,32194,9714,91981,14712,3083.97,2436,2765,1862,9958,14873,25637,41003
2021,3,14,98828,31195,218,40660,73757,3083.97,3064,1886,1190,8218,35837,10814,17055
2021,3,15,65196,75419,69817,67217,33915,3083.97,4209,1062,1118,9110,98043,10266,47010
2021,3,16,27630,76832,93032,23088,14420,3083.97,686,4598,1834,5294,70257,45559,24258
2021,3,17,48701,14674,67140,95193,99244,3083.97,1536,1592,3395,6352,48007,12309,2977
2021,3,18,79714,8569,18372,75269,95196,3083.97,1886,2824,1908,5106,62264,40368,32767
2021,3,19,51879,27342,69967,7331,92636,3083.97,4241,2687,2600,6380,52880,36844,6576
2021,3,20,39358,99417,67636,34105,32121,3083.97,2765,1834,1134,7488,13846,35758,31995
2021,3,21,46608,21693,58583,72557,32962,3083.97,4277,4840,4539,9243,17054,23526,20847
2021,3,22,72172,94116,31215,59772,30497,3083.97,2967,1205,4862,9782,36661,31982,34095
2021,3,23,78949,99427,60169,19512,13267,3083.97,1621,4873,3018,6555,32430,17332,29975
2021,3,24,83755,78060,68525,48294,77303,3083.97,1820,1660,2513,6078,25597,18009,43399
2021,3,25,53481,4917,4215,53343,51872,3083.97,1676,1648,1653,7410,50330,19920,40876
2021,3,26,58172,38304,29794,76191,84860,3083.97,3522,3613,1634,8214,16906,19126,28576
2021,3,27,5445,55079,32467,9310,8113,3083.97,2319,2944,4332,7885,31286,31203,24416
2021,3,28,5114,32964,62023,61767,11161,3083.97,3038,1376,2008,8378,78225,18219,28706
2021,3,29,89112,38100,36833,62099,50146,3083.97,3739,1941,1422,9710,81251,49634,20092
2021,3,30,35622,24923,27579,31306,72808,3083.97,2508,2920,3180,7126,56039,35692,8866
2021,3,31,85940,20430,37728,52949,14614,3083.97,1167,3725,4052,8714,82175,20550,15954
2021,4,1,10915,8844,69613,72120,90095,1481.43,4092,1368,3177,5397,16734,22042,19247
2021,4,2,34258,98449,46575,75141,70840,1481.43,1079,1269,1345,6214,11774,18454,48619
2021,4,3,67900,25960,22704,58604,24487,1481.43,3046,1630,2096,9010,23872,17096,43254
2021,4,4,24610,47965,89912,87787,19715,1481.43,1180,3971,1990,5518,45463,46079,10440
2021,4,5,87725,22896,3701,24070,69627,1481.43,2720,3877,1894,5423,12480,26381,25936
2021,4,6,58677,15527,28134,10773,20890,1481.43,667,1006,1322,5579,33284,19174,2006
2021,4,7,2371,59465,22712,27611,48571,1481.43,822,1294,2422,7494,60363,43400,34528
2021,4,8,69678,53084,47279,37925,68507,1481.43,657,3534,1170,8790,54307,12526,9759
2021,4,9,27149,56327,58025,43471,31906,1481.43,2210,1266,2124,9852,78238,15694,41309
2021,4,10,19449,18281,68341,43223,62024,1481.43,1623,3052,3139,7812,85976,32997,28704
2021,4,11,43660,16634,26533,35297,75425,1481.43,2822,2572,3517,8822,62394,14270,47192
2021,4,12,13507,90957,52404,96983,25878,1481.43,2676,1678,1126,8198,21252,43649,30642
2021,4,13,26073,74228,91702,40564,58129,1481.43,3560,3140,4311,6444,69788,36087,27679
2021,4,14,63636,33964,5012,33506,56162,1481.43,570,1020,4713,7683,83002,16943,33758
2021,4,15,34677,12032,94974,16303,93048,1481.43,4951,1914,1842,8005,76034,14933,16226
2021,4,16,45684,15948,83074,56347,82392,1481.43,3786,2379,3177,5078,95884,18686,19215
2021,4,17,63908,31165,45359,38621,35200,1481.43,1915,1227,1744,6888,10150,16143,44714
2021,4,18,99467,78834,1616,6272,46839,1481.43,1204,3873,1300,5110,65220,17394,44002
2021,4,19,39845,40359,71072,43022,20508,1481.43,3711,4414,1656,6902,39387,16022,33308
2021,4,20,25136,27655,68602,81880,94544,1481.43,3022,4009,1317,5989,18550,13155,21132
2021,4,21,59992,87837,22030,2644,58467,1481.43,1335,4662,1274,8758,74035,30818,3602
2021,4,22,98418,92748,81586,29241,89522,1481.43,1614,4656,4978,7222,12887,19052,37325
2021,4,23,67700,60910,69883,34017,43252,1481.43,2172,4594,4351,5553,22237,49169,36515
2021,4,24,5507,49926,63833,65818,48684,1481.43,1635,2101,1966,9154,92693,11386,4220
2021,4,25,81897,4309,67496,46876,84525,1481.43,1396,3575,2644,5272,10398,14470,30383
2021,4,26,79146,66117,36842,69849,68022,1481.43,750,3527,4003,5554,39344,24039,9079
2021,4,27,69774,2332,37493,33093,46905,1481.43,931,3800,4493,9779,75675,19017,30186
2021,4,28,66514,98425,87594,24158,91056,1481.43,1404,1552,2653,9204,72753,14062,6538
2021,4,29,53677,8124,30554,79032,23678,1481.43,3070,3450,3580,9142,42894,35484,19898
2021,4,30,20749,28827,64286,71594,98606,1481.43,611,1470,4736,9122,11266,12143,6313
2021,5,1,63385,48697,6451,57983,21450,2251.94,3010,1858,4029,7041,69601,30278,13477
2021,5,2,76465,79404,68859,67027,22299,2251.94,4126,2476,4980,5720,82433,15298,20696
2021,5,3,82684,63904,12382,93592,85884,2251.94,1036,1250,4572,7686,39954,27373,40877
2021,5,4,97315,67965,23298,7696,91358,2251.94,2973,2821,3654,6376,34848,27304,9251
2021,5,5,93879,55327,11133,95211,31047,2251.94,2855,1446,3820,6382,23672,19418,43566
2021,5,6,72465,51061,41677,28390,84899,2251.94,762,3564,4594,5412,12528,40951,31631
2021,5,7,54663,10585,25126,43317,83769,2251.94,1972,3998,1651,8922,89209,29050,26326
2021,5,8,8022,58417,9132,98195,40005,2251.94,4250,3820,3864,5926,57209,35115,32805
2021,5,9,13909,79325,83680,63503,24737,2251.94,805,1510,1875,9158,55419,10438,39940
2021,5,10,38608,42392,10995,70260,56849,2251.94,4309,1221,4971,8440,95767,31327,1702
2021,5,11,7597,70018,60148,7814,2296,2251.94,2928,1203,4385,6607,96057,20473,33710
2021,5,12,82899,33216,66224,99775,95498,2251.94,1769,4105,1574,7763,20716,14374,21643
2021,5,13,44319,70026,51160,19290,44818,2251.94,1968,2414,3296,7116,60227,15622,46928
2021,5,14,77178,69508,68148,22915,46115,2251.94,3387,4013,3772,5962,45139,25621,30558
2021,5,15,13958,61909,59727,10696,89673,2251.94,4281,1398,1819,7198,85984,27989,30443
2021,5,16,78720,52953,96756,28369,96421,2251.94,1664,3597,2841,9374,96511,10624,23335
2021,5,17,61721,6251,50673,91845,98566,2251.94,2466,2522,2720,7098,23217,13744,45812
2021,5,18,90340,3851,30439,57159,35643,2251.94,1499,1438,4375,8254,75434,15795,16423
2021,5,19,71589,72099,55746,14430,53262,2251.94,4737,4982,4859,6694,13662,39776,18609
2021,5,20,82574,40645,2299,40294,34190,2251.94,788,4528,1444,6686,98038,47711,41868
2021,5,21,83603,99539,28426,52978,97793,2251.94,526,1476,1924,7022,16514,29219,3860
2021,5,22,59479,36252,60554,50690,23014,2251.94,940,1182,4376,9115,62231,24917,33732
2021,5,23,983,98973,15798,63052,66152,2251.94,762,4753,4725,9188,19082,43870,13836
2021,5,24,9400,54208,29604,1710,45077,2251.94,928,1822,3721,7833,87947,38086,46118
2021,5,25,7917,28413,43673,32293,3880,2251.94,3561,1213,2579,9358,10006,14950,22256
2021,5,26,69547,61380,69837,99272,66920,2251.94,4493,2670,3125,9096,94379,18246,38919
2021,5,27,51567,41660,41813,50288,49493,2251.94,3373,2409,4524,8397,12116,44756,29761
2021,5,28,87005,45968,15970,24584,85326,2251.94,4665,1223,4317,9012,70495,27588,16587
2021,5,29,3421,29989,70259,62898,35438,2251.94,3803,2003,1297,5616,53642,22142,14639
2021,5,30,55377,58368,29552,46253,23117,2251.94,1008,1030,2923,6978,51055,49601,1957
2021,5,31,89917,95721,70825,84234,10223,2251.94,1821,4994,4012,8431,92891,39449,7672
2021,6,1,76696,42805,35720,2312,12799,1743.53,4039,2517,3764,6643,10633,11450,7862
2021,6,2,77653,37106,19997,50983,4513,1743.53,898,1926,3125,5962,26806,30797,35950
2021,6,3,19657,56801,1162,68088,49693,1743.53,2509,2739,4766,6466,61402,28916,40611
2021,6,4,41090,35442,16434,94854,72085,1743.53,1925,1088,1875,6556,17070,11166,43419
2021,6,5,89223,74321,17972,12349,32156,1743.53,4497,1811,2930,5334,36251,33974,11131
2021,6,6,67621,50113,26714,67387,83341,1743.53,2654,1572,4908,5439,35634,28345,4468
2021,6,7,88858,68912,10786,2085,22186,1743.53,4823,2759,3528,7794,40107,11094,44209
2021,6,8,15277,49605,18848,33208,60263,1743.53,3533,4234,1562,6599,27972,21254,21451
2021,6,9,81067,40627,62036,37328,86066,1743.53,2024,1274,2933,5628,93358,21470,14022
2021,6,10,37018,13182,49230,71899,67329,1743.53,3934,2604,1202,8276,15811,31908,39338
2021,6,11,45585,65698,76143,83499,42297,1743.53,4753,3362,1093,6290,77041,47159,4116
2021,6,12,97163,59066,38434,96448,68228,1743.53,2917,1006,1325,7006,93494,28653,48145
2021,6,13,89188,32429,11259,44482,6563,1743.53,2741,3498,1910,5235,51996,17766,43422
2021,6,14,89351,73102,7482,66797,56243,1743.53,3955,4756,4940,8740,66203,44519,1760
2021,6,15,16885,473,49764,94563,83971,1743.53,4567,3158,2038,7177,33991,14952,9611
2021,6,16,26952,26733,83451,52422,11968,1743.53,1540,2670,4900,6118,84466,47494,1800
2021,6,17,61248,14774,83603,21188,99866,1743.53,706,3102,1629,7318,27664,16952,49806
2021,6,18,7785,83584,56463,99823,50762,1743.53,1127,2712,3537,9164,30133,11856,40454
2021,6,19,66377,66674,95879,7630,27047,1743.53,1475,3294,1469,5078,25833,27687,46697
2021,6,20,71236,7893,60790,37866,56067,1743.53,1169,3850,3388,7631,80024,11012,4806
2021,6,21,68085,27504,33214,17974,42082,1743.53,4829,4809,1372,5708,48790,39771,13348
2021,6,22,88757,70267,94418,227,91697,1743.53,4265,2931,1702,5654,17148,33264,36603
2021,6,23,26212,38318,13467,30952,15949,1743.53,1453,1566,2346,6018,18357,29427,43492
2021,6,24,15718,14540,20590,62091,6600,1743.53,3213,1450,2004,8982,11933,14045,19380
2021,6,25,15585,56199,26978,92784,77605,1743.53,1047,1406,3795,9514,67471,31095,10478
2021,6,26,49358,53925,31481,86704,6295,1743.53,2483,2012,2080,6154,14838,14746,16190
2021,6,27,88804,68668,99036,61154,47650,1743.53,822,4585,3519,8730,72368,27475,27321
2021,6,28,12654,98417,97644,27801,54283,1743.53,3895,3639,1742,6727,90342,16082,31467
2021,6,29,72918,72826,80049,69998,92250,1743.53,614,1053,1052,5416,42206,29522,30503
2021,6,30,32737,67405,9109,32608,35933,1743.53,734,4937,2596,8166,92737,16878,47829
2021,7,1,67985,70518,73639,74713,77213,1432.97,3981,1494,1723,5430,42287,17164,31675
2021,7,2,40360,39693,90452,45776,98251,1432.97,4864,2006,1762,7471,17938,43262,19974
2021,7,3,37555,99228,55859,77985,8317,1432.97,4880,1301,4606,7046,67365,36818,22738
2021,7,4,5194,31347,36857,33269,98029,1432.97,3197,3388,1539,8648,16790,49789,45496
2021,7,5,68623,95380,31796,30408,22852,1432.97,3669,1757,1665,5880,71094,39982,16087
2021,7,6,84970,70975,82636,94576,60846,1432.97,1394,2390,2698,9214,15658,45726,1398
2021,7,7,46450,90208,50467,97989,38857,1432.97,2777,3830,2713,9572,54237,15398,1976
2021,7,8,62011,44260,78675,43677,90140,1432.97,3658,1878,2094,5300,86035,14291,16121
2021,7,9,82646,67430,96682,96696,2032,1432.97,3773,3480,3899,9240,62820,24107,28692
2021,7,10,26575,10598,97938,89288,6523,1432.97,1204,3532,2785,6230,28560,19276,18527
2021,7,11,52351,62219,94385,5797,94864,1432.97,774,3860,4201,6252,13824,32585,46773
2021,7,12,78166,15682,47418,97065,74922,1432.97,2523,2847,1680,7278,23486,43709,10239
2021,7,13,70339,14691,12243,99477,17273,1432.97,3752,1958,4373,9489,91771,30588,40803
2021,7,14,26262,28212,40802,6815,77685,1432.97,4399,1708,3389,6817,69265,18678,47709
2021,7,15,63408,73141,72510,595,74953,1432.97,4304,1643,3390,5806,61119,10663,12349
2021,7,16,30053,79872,46638,65778,25713,1432.97,1366,1973,4323,7048,75140,43360,4761
2021,7,17,1228,64540,49210,80970,17709,1432.97,1983,1115,2967,6830,98062,32920,34828
2021,7,18,53194,42367,44564,96584,15265,1432.97,2246,1294,3257,7862,11094,43970,22035
2021,7,19,91349,23813,12296,90673,93684,1432.97,778,1262,3327,9593,92231,36035,37436
2021,7,20,773,44216,83504,8741,1413,1432.97,3012,4605,1162,8927,51188,11104,31566
2021,7,21,90962,24788,17216,9219,45024,1432.97,3188,2723,4825,7374,59747,28508,44662
2021,7,22,69272,60132,89772,37599,9726,1432.97,4986,1849,3921,9841,35589,10333,48355
2021,7,23,21407,59954,14939,61690,28881,1432.97,3588,1193,1838,6494,45412,18382,16128
2021,7,24,11818,14953,5013,96643,96789,1432.97,634,2412,1243,5126,36362,17320,31113
2021,7,25,79629,76349,94171,38551,16190,1432.97,3883,3947,1065,5878,31988,10446,46112
2021,7,26,12654,81929,87492,19920,49085,1432.97,2208,1812,2855,7154,57543,10996,32904
2021,7,27,74685,49047,59761,32281,30321,1432.97,4600,1301,3823,7550,64851,21364,46123
2021,7,28,39883,80087,75313,62300,26613,1432.97,3596,4265,1172,8766,59184,18690,23653
2021,7,29,33991,47745,15567,98199,57670,1432.97,546,2353,4860,5306,64633,35180,39462
2021,7,30,31429,80587,27834,20252,74357,1432.97,1616,1190,4123,6570,92889,32087,42685
2021,7,31,73285,6487,71354,78866,23926,1432.97,4882,2916,4634,7230,72466,18494,30538
2021,8,1,48013,1009,26123,99671,81995,2298.77,1098,2580,1982,7702,53288,14524,27655
2021,8,2,25671,83880,70000,75303,93121,2298.77,3586,1926,4792,7452,39884,36681,2088
2021,8,3,93687,14153,31316,75488,86619,2298.77,3101,1974,1968,5575,67004,32973,49971
2021,8,4,33230,14455,61906,5070,82157,2298.77,946,4178,1726,9218,99480,24897,15194
2021,8,5,90737,48068,40856,80529,91872,2298.77,2210,1124,4891,8525,61044,47861,30740
2021,8,6,48497,24146,65196,65828,29721,2298.77,638,4302,1654,7057,11718,28810,32200
2021,8,7,58603,3022,52990,90380,75320,2298.77,562,1055,1888,6131,46584,17528,18822
2021,8,8,53224,80147,94318,48115,28672,2298.77,2328,3519,1728,7523,75698,41931,21714
2021,8,9,59724,40851,37586,6378,84260,2298.77,1539,4214,2682,9066,49593,33001,38310
2021,8,10,89703,64870,15410,6591,37353,2298.77,710,1160,3491,6019,55042,14086,28346
2021,8,11,97733,17371,97035,9944,44894,2298.77,1875,4616,4935,9460,10993,30546,39085
2021,8,12,44122,62534,89761,1805,83414,2298.77,1157,3115,1158,6566,96058,24279,39354
2021,8,13,44912,27761,64855,3403,53780,2298.77,1917,1511,3618,10006,77807,14864,36249
2021,8,14,9388,29683,19481,55675,35495,2298.77,1221,1946,1432,5981,14124,18258,46827
2021,8,15,31688,81634,98593,52262,48201,2298.77,1540,4463,2410,7747,29218,42541,44651
2021,8,16,43996,52488,60405,13967,72791,2298.77,3830,3529,4245,8310,70556,36092,38212
2021,8,17,11489,56778,48413,37200,49111,2298.77,2676,1604,1052,5102,49411,17452,12537
2021,8,18,72271,92304,34538,11033,16403,2298.77,4925,1622,1242,5414,90716,10778,13756
2021,8,19,34894,19547,20266,19139,84209,2298.77,1582,2049,3950,9994,49248,29413,40822
2021,8,20,98883,11925,10211,59405,89545,2298.77,4477,3166,3277,9014,11110,34679,25974
2021,8,21,99122,25476,61430,31716,22158,2298.77,2099,2050,3043,7444,76188,38604,18498
2021,8,22,80891,64124,654,61194,84118,2298.77,606,4352,4530,7168,58756,34074,16254
2021,8,23,93143,43234,78594,77772,78601,2298.77,3802,2721,1952,6584,18884,48128,34144
2021,8,24,25082,62889,5179,29478,52958,2298.77,4433,3848,3193,5782,95041,12311,47719
2021,8,25,17692,2000,61664,12222,19168,2298.77,2648,3661,1782,9998,22784,24956,36772
2021,8,26,91737,17940,52679,34060,74524,2298.77,2187,1922,1355,7444,45433,44313,28468
2021,8,27,17789,79867,44514,95982,47657,2298.77,4644,1422,2905,5328,77569,43424,5907
2021,8,28,89431,90218,38439,85788,97811,2298.77,743,4547,1036,9773,39958,20036,27575
2021,8,29,8241,22147,85994,49597,42216,2298.77,532,1355,3997,9078,88689,41653,47779
2021,8,30,77033,63334,57002,51290,15994,2298.77,1065,1775,1140,5855,15134,10616,1858
2021,8,31,93431,84659,61203,88944,14432,2298.77,674,2672,4658,5330,88620,48226,1161
2021,9,1,65234,74582,69453,86360,63271,1697.33,4743,2956,4459,7384,75301,13942,27459
2021,9,2,24802,13429,59228,40658,20992,1697.33,4087,1308,1474,9382,36432,43244,14531
2021,9,3,14715,59105,32904,92392,47725,1697.33,2847,4309,2062,7312,15668,13550,31130
2021,9,4,81110,11764,44642,31922,75500,1697.33,3655,1234,4722,5774,40958,37065,36295
2021,9,5,23765,91398,9067,15849,30780,1697.33,4093,1846,4603,8014,54237,18680,45500
2021,9,6,89478,72085,97990,11540,75737,1697.33,4576,1845,3125,9254,88766,33625,30011
2021,9,7,26864,38775,33927,92939,48009,1697.33,822,1773,3985,9070,87621,29764,41237
2021,9,8,34570,13067,7963,55525,71415,1697.33,556,1792,4284,8546,88783,26372,12201
2021,9,9,84909,18360,83219,59386,25282,1697.33,3010,2144,3462,6586,45082,41471,38337
2021,9,10,34525,41439,79597,33510,30509,1697.33,4626,1429,1166,7588,36953,13654,17218
2021,9,11,49789,93863,28943,426,48761,1697.33,1797,3668,3788,6367,18820,44069,34078
2021,9,12,31057,2417,46215,90871,45705,1697.33,2341,1581,4086,7778,46442,45946,7649
2021,9,13,45508,26069,77376,42144,30010,1697.33,802,1149,4543,5487,12926,23303,30682
2021,9,14,89565,39725,23324,58354,82444,1697.33,2422,4851,1496,9986,20722,13553,32729
2021,9,15,22638,3064,10135,88076,81354,1697.33,4022,3212,3997,7749,13726,45358,6577
2021,9,16,8431,11901,57860,49326,67389,1697.33,3980,1952,1030,9242,31657,18620,20787
2021,9,17,11385,84081,39158,62881,15421,1697.33,2785,3057,4294,5848,42485,26999,9880
2021,9,18,75849,26508,36564,91198,4257,1697.33,2907,4039,1438,6198,78364,33911,38271
2021,9,19,81553,33698,7216,8415,12353,1697.33,2720,3736,4305,6877,11906,18930,38874
2021,9,20,33109,95755,92784,28755,15027,1697.33,754,2226,3127,8669,14775,48735,35269
2021,9,21,96941,67683,27775,63464,78449,1697.33,2374,1398,1188,9188,68415,34892,22492
2021,9,22,59815,2488,8630,99120,75717,1697.33,3845,3824,1046,5970,37579,21434,27951
2021,9,23,14601,59686,78661,9080,18355,1697.33,2814,1646,2469,7794,95109,11846,9788
2021,9,24,74433,92484,32272,46973,13426,1697.33,1864,3239,4526,6845,88711,45242,17039
2021,9,25,1148,58909,20420,57557,21889,1697.33,3990,2840,4035,8016,61919,18741,24351
2021,9,26,33791,86086,389,27613,38027,1697.33,4882,3810,1380,8505,75782,34110,11850
2021,9,27,65544,24000,23702,1422,97197,1697.33,3016,3344,2672,6880,72252,25912,28765
2021,9,28,7786,1243,78753,58173,41598,1697.33,3265,1740,3109,7670,19352,31135,7024
2021,9,29,71856,35587,9947,92541,84092,1697.33,3002,4634,2431,6120,67408,39628,2081
2021,9,30,11821,80425,54325,15845,13860,1697.33,1757,2996,2818,6861,96168,35768,26577
2021,10,1,55786,93861,53347,15792,29565,3028.55,3998,1270,2131,6538,49241,29212,1678
2021,10,2,55893,15228,37996,38948,82636,3028.55,2119,3059,1947,5938,76918,17056,27624
2021,10,3,24722,31267,2695,61583,27435,3028.55,1819,3220,3674,5165,15363,28238,38463
2021,10,4,92352,19362,93389,69483,32252,3028.55,886,3143,2856,6094,43442,40492,42630
2021,10,5,80666,10563,19904,28966,93527,3028.55,2488,4599,4440,6134,12533,21875,13175
2021,10,6,94997,84354,71448,10023,25871,3028.55,3260,3221,2523,6622,16254,21126,3163
2021,10,7,90630,69103,59270,64839,72145,3028.55,1682,4162,4625,6370,98127,39503,19064
2021,10,8,54760,1968,74103,99201,8503,3028.55,2427,3498,2341,5226,29873,29563,36637
2021,10,9,94741,68134,47786,33616,99783,3028.55,4741,1763,2295,5942,71601,18890,1842
2021,10,10,99426,93284,94955,45404,51222,3028.55,4906,1970,1846,5361,21532,14230,43082
2021,10,11,78350,25312,23402,82043,16890,3028.55,1605,1629,2759,9390,45244,15602,19627
2021,10,12,27584,49986,60658,64880,46700,3028.55,671,1125,1894,5625,15770,43115,32259
2021,10,13,95059,9139,15448,6459,852,3028.55,1361,4200,3643,6114,77594,45533,36981
2021,10,14,35741,89201,7163,73500,64943,3028.55,2393,3878,3744,8814,73757,15444,2408
2021,10,15,53013,80781,27922,94907,82758,3028.55,4373,2815,1291,9821,10150,12143,2154
2021,10,16,73154,43339,57696,51797,9453,3028.55,3681,1544,1694,7196,51396,11578,35291
2021,10,17,39604,78790,14663,74700,99544,3028.55,1495,2555,1903,6214,63814,34660,4772
2021,10,18,52922,68188,78828,30566,88009,3028.55,4060,2513,4143,6224,45662,48596,45806
2021,10,19,18398,9344,26493,75592,96540,3028.55,1376,2494,3029,9590,43546,22572,27889
2021,10,20,33515,16394,25129,35418,17163,3028.55,694,1435,3481,5257,33352,27842,38943
2021,10,21,11063,58765,55356,50207,41873,3028.55,646,1106,3065,6614,35861,11922,17370
2021,10,22,19536,33590,24804,92565,62332,3028.55,1489,1700,1094,5948,31263,34608,18350
2021,10,23,28264,67694,21045,1745,99303,3028.55,4586,1490,4513,5206,76923,21385,20749
2021,10,24,85016,8430,48007,28081,50076,3028.55,4037,1934,1350,8840,94879,12492,1830
2021,10,25,93542,76369,8338,94636,15690,3028.55,4244,3952,3645,6640,45696,22948,5953
2021,10,26,53741,41636,49666,83254,9282,3028.55,990,4296,1369,5349,22377,11622,42941
2021,10,27,35569,22767,3760,85730,47959,3028.55,3221,2851,1358,5830,52486,14104,48639
2021,10,28,78864,98083,51000,18861,81075,3028.55,3160,4815,1034,8364,34420,30315,13048
2021,10,29,67118,5412,74613,18487,40761,3028.55,1283,2680,2459,6646,94761,16769,13342
2021,10,30,55033,9335,74621,62743,32246,3028.55,4789,2460,1541,7140,46320,38967,43459
2021,10,31,66540,20834,73783,37575,45011,3028.55,4241,2128,1318,5205,30614,13750,24556
2021,11,1,66898,96111,7358,23292,90873,2570.07,3323,1718,1718,8590,48803,17124,24127
2021,11,2,27207,76264,16451,80699,38937,2570.07,2238,4769,1114,9382,19146,20107,5418
2021,11,3,35406,16908,16426,60612,63875,2570.07,509,1552,2317,9219,54063,39541,19856
2021,11,4,63346,48739,39749,78445,6157,2570.07,3353,3362,1167,9803,30413,36455,4904
2021,11,5,25221,77652,96225,87125,95168,2570.07,3583,1154,4263,9206,15080,48137,17356
2021,11,6,26216,39398,45261,74886,78617,2570.07,4426,3313,4414,8566,53109,20570,15676
2021,11,7,75431,6463,20285,72950,76266,2570.07,756,2838,4700,7950,21314,39867,1406
2021,11,8,39336,94899,86793,89951,1259,2570.07,4439,3826,1366,9700,18711,28692,44328
2021,11,9,65376,49490,87007,46142,20017,2570.07,1711,1798,2930,6996,17734,11104,40116
2021,11,10,4046,26856,73386,48747,48836,2570.07,3613,4522,1910,7058,10825,14426,11053
2021,11,11,2438,15265,51035,52514,81317,2570.07,1206,1692,1184,9138,18380,21955,36098
2021,11,12,41032,25898,83754,3962,79246,2570.07,4509,3290,1707,9246,32036,26894,34853
2021,11,13,60299,37003,97769,82601,28760,2570.07,1161,2548,1750,7195,18422,21526,8594
2021,11,14,59646,97621,84571,95233,82185,2570.07,2187,4567,1005,7292,43529,15250,43757
2021,11,15,68497,19391,14893,96556,84989,2570.07,4801,1639,1635,7569,44239,11746,13282
2021,11,16,12516,50401,9296,52726,23949,2570.07,4251,3593,1977,8822,95177,11036,9358
2021,11,17,68931,78717,45081,4936,62361,2570.07,1537,1722,4351,5746,27411,18690,38610
2021,11,18,31063,17213,70980,47698,21134,2570.07,796,3648,1971,5091,86373,22271,31571
2021,11,19,44449,76978,5865,67778,52152,2570.07,3290,1081,2461,9454,26016,24821,17394
2021,11,20,39685,78906,5678,64036,46687,2570.07,4727,2749,1652,5718,41798,16578,49441
2021,11,21,8630,67595,37787,90601,19038,2570.07,2871,4837,3840,5087,47614,35991,40512
2021,11,22,68833,37257,23425,81294,71980,2570.07,1114,1663,4697,7194,92050,41384,15793
2021,11,23,27584,81779,85486,94236,58837,2570.07,4724,2465,2582,5030,74417,46619,43636
2021,11,24,9375,3641,26458,59567,55080,2570.07,558,3911,2680,5334,10418,16011,40424
2021,11,25,51128,77671,44027,12177,55814,2570.07,3560,3396,4206,5397,93983,18800,2429
2021,11,26,49034,8709,93213,76616,77571,2570.07,3234,3296,2622,6043,62863,42702,17631
2021,11,27,56468,24774,82966,500,10108,2570.07,1510,1234,2192,6888,73411,38006,38171
2021,11,28,29317,93324,37755,79876,15074,2570.07,622,4106,1798,8834,57073,34368,31739
2021,11,29,82817,96660,37666,70440,62704,2570.07,3141,4170,1234,6106,36021,14150,1068
2021,11,30,629,52532,12996,99174,45772,2570.07,2179,1542,2433,9876,71314,27506,2759
2021,12,1,76937,7965,79822,75772,81390,1485.68,3587,3049,3207,5378,57104,35087,14191
2021,12,2,74872,92627,26741,70979,28648,1485.68,2958,2530,2847,6976,43301,26957,28501
2021,12,3,40663,34741,39392,31949,6056,1485.68,1323,4343,2566,9230,75114,10624,33250
2021,12,4,81688,50055,99709,66247,95433,1485.68,1333,1246,1590,8073,57634,10789,6813
2021,12,5,72926,61945,8320,80774,65429,1485.68,2730,2442,4065,6956,70742,25120,17973
2021,12,6,63076,42067,40816,70642,9564,1485.68,948,2602,2336,8066,90200,44120,15931
2021,12,7,48822,41534,80777,30965,35959,1485.68,1753,3883,1707,6425,12026,48487,38411
2021,12,8,34398,13740,20930,69815,77213,1485.68,1286,1178,1590,8438,27280,26005,8025
2021,12,9,84385,19582,99960,66721,11591,1485.68,840,1763,3044,6498,15464,11638,40160
2021,12,10,96380,65834,9238,29439,32259,1485.68,2925,3007,1378,8855,52822,38901,15247
2021,12,11,56880,64109,95542,23322,32563,1485.68,678,1946,3754,7986,83666,20344,22822
2021,12,12,22149,60860,63461,86545,18829,1485.68,1898,1559,3372,6135,60998,15926,37540
2021,12,13,27734,88924,1343,89423,54131,1485.68,3324,1009,1962,7740,50682,33539,20517
2021,12,14,63039,82713,486,38146,14702,1485.68,4841,3201,2715,8301,39745,46543,1020
2021,12,15,75842,26644,44455,45566,39132,1485.68,2548,3216,4376,5242,72639,48506,5453
2021,12,16,35759,17316,75869,86735,57533,1485.68,1625,1150,1240,7111,75067,13346,42903
2021,12,17,3968,99910,9871,81683,88211,1485.68,4577,1642,2611,9031,25969,31742,49616
2021,12,18,44485,89870,14959,55213,55112,1485.68,630,1748,1264,9190,93955,28796,3950
2021,12,19,55194,80582,15720,97161,84045,1485.68,3828,4363,1400,7670,86045,45258,40787
2021,12,20,46019,80623,75662,38630,36006,1485.68,752,1986,1499,6754,52053,12962,1631
2021,12,21,5632,72125,53832,26896,84415,1485.68,692,1928,1072,5674,69471,11468,14140
2021,12,22,28550,23301,65832,19246,19703,1485.68,4503,1450,3850,6516,17426,34855,1877
2021,12,23,8148,91073,81698,15999,92755,1485.68,3961,3385,2226,9144,41632,22993,33751
2021,12,24,29636,63677,78953,90708,1440,1485.68,2175,4989,3076,8726,65586,24130,14777
2021,12,25,2587,96442,89852,51437,2958,1485.68,2644,2456,1625,5614,59807,44379,44201
2021,12,26,796,38769,9117,23023,4265,1485.68,2367,1038,1564,7671,40959,32216,17101
2021,12,27,22448,9488,78558,26876,60198,1485.68,1006,2784,1936,6926,14220,19798,44144
2021,12,28,51410,83217,3703,53035,33910,1485.68,3765,4705,3629,5772,74079,39246,13510
2021,12,29,56335,36447,89499,87112,94118,1485.68,679,1565,1296,8484,43440,16494,46810
2021,12,30,58381,10799,95631,31670,51656,1485.68,2915,4417,4419,6498,72451,43328,9851
2021,12,31,91480,52570,94386,10109,41803,1485.68,4354,3136,1262,8852,85247,31732,34817
2022,1,1,20928,64650,58311,51517,24442,2763.29,1248,1990,1786,7917,13018,12989,41157
2022,1,2,65833,22665,22409,77451,11469,2763.29,3929,4037,2826,5389,11688,27642,32089
2022,1,3,44745,3977,98906,99949,5576,2763.29,1962,1502,1638,6625,78018,36079,46990
2022,1,4,84134,20620,87672,87273,78537,2763.29,532,4369,4935,9021,38171,41403,40920
2022,1,5,37462,7101,5441,30288,2490,2763.29,2930,3585,1608,6384,79886,37183,11281
2022,1,6,86529,98201,63687,98167,91178,2763.29,597,1274,3675,9252,62583,23564,8057
2022,1,7,45541,79197,17934,75476,34570,2763.29,1879,2030,4556,8671,18614,48397,6105
2022,1,8,49952,26601,78336,81560,66140,2763.29,830,2667,4125,5133,50833,30303,24574
2022,1,9,73190,17783,71967,68218,72404,2763.29,3133,4295,1702,6066,19552,31018,1814
2022,1,10,48523,43003,53049,28079,81674,2763.29,2827,2977,3318,9366,45888,14457,5367
2022,1,11,12088,80984,17125,1214,96117,2763.29,1516,1326,3444,9834,70227,40847,34310
2022,1,12,20736,28361,25144,67185,20779,2763.29,3202,1314,1250,7602,30082,17300,1267
2022,1,13,89322,72910,72975,87640,10425,2763.29,2097,2511,1198,5573,23724,28667,35216
2022,1,14,86236,21593,30678,4680,7779,2763.29,526,3513,1968,7021,12049,32746,17257
2022,1,15,4640,76604,84751,15260,94207,2763.29,524,3527,4093,6472,87518,14517,14833
2022,1,16,48447,39616,53382,80998,41542,2763.29,4664,2776,1910,6693,32455,39180,43458
2022,1,17,73950,44334,84047,35918,97708,2763.29,3663,2346,4051,9765,33958,33257,46096
2022,1,18,34598,74216,83137,38691,87447,2763.29,4560,2245,1622,5892,33242,34515,20655
2022,1,19,16399,59259,12292,47801,15952,2763.29,1981,4900,1783,8286,25817,19490,11099
2022,1,20,83475,60833,38190,72526,80598,2763.29,2134,1546,2714,6518,70236,16512,38500
2022,1,21,42278,39797,35110,85252,62738,2763.29,4766,1982,2609,8409,43288,19834,18352
2022,1,22,59508,46622,49813,97643,17649,2763.29,3485,2475,4165,6726,90000,49762,41982
2022,1,23,60174,78488,81309,39240,50110,2763.29,2103,3738,4045,7213,93989,12570,17898
2022,1,24,25565,63756,98624,69527,62165,2763.29,4438,3023,4885,5603,35666,38885,8264
2022,1,25,87585,69152,56361,56751,57178,2763.29,2864,3702,1200,8550,72941,41309,12714
2022,1,26,88423,95045,49,28820,52258,2763.29,1954,4174,4145,6929,63700,10674,10390
2022,1,27,5194,9491,7038,26431,5094,2763.29,1667,2678,3206,8028,65780,13950,42704
2022,1,28,742,88645,35438,58294,9170,2763.29,954,3943,4774,9446,42763,38384,8379
2022,1,29,92745,91070,82559,83242,38000,2763.29,902,4544,3452,9291,85974,43546,12611
2022,1,30,18347,67642,2577,46553,22022,2763.29,3287,4114,3352,7458,97407,32522,18357
2022,1,31,8455,63363,12818,44582,62069,2763.29,2965,4812,3002,7530,38053,16166,5581
2022,2,1,90309,60546,99290,65952,62872,1549.21,4298,1034,3115,6870,68886,46471,9188
2022,2,2,95491,8001,69825,95567,5409,1549.21,4021,1046,2867,9918,47190,19800,18699
2022,2,3,14272,18356,32803,46147,72761,1549.21,3335,4420,1410,8976,45372,23571,33804
2022,2,4,98165,29671,20436,26280,76873,1549.21,4103,2362,2322,5279,67929,19082,39322
2022,2,5,10330,88303,20557,8197,53257,1549.21,2996,2527,2453,6454,30025,41566,34099
2022,2,6,60954,19713,70987,71654,8689,1549.21,926,3204,2380,8078,65836,39253,16359
2022,2,7,71334,21292,11616,85008,46571,1549.21,892,3251,4198,8046,81447,15254,45897
2022,2,8,41449,75797,37686,43902,2947,1549.21,1819,3900,3774,5622,51905,28815,34063
2022,2,9,55517,13483,52020,17898,95495,1549.21,2150,3179,1006,5117,68187,16614,17856
2022,2,10,81015,88629,91672,81565,45979,1549.21,752,2426,1098,9408,47679,34565,39472
2022,2,11,73472,99500,48466,77246,38658,1549.21,1060,4173,1710,8874,12070,42051,16724
2022,2,12,8640,85573,25231,64139,70691,1549.21,2558,3056,4750,8470,49620,10728,9770
2022,2,13,63702,1344,64507,45321,90753,1549.21,4885,4223,3036,9416,57820,16693,12186
2022,2,14,11427,80234,77220,57984,71018,1549.21,694,4656,1214,6494,60146,28256,5642
2022,2,15,51387,42706,46313,66137,16936,1549.21,3216,1988,2276,7722,42308,38028,45933
2022,2,16,36260,72194,68604,80649,83249,1549.21,2341,4674,4360,7366,69009,10377,42776
2022,2,17,46555,69044,6387,54121,10661,1549.21,2376,2046,4237,8688,44534,42524,16533
2022,2,18,90973,87751,55865,4601,95473,1549.21,3980,3083,1718,7583,28731,19966,48173
2022,2,19,36712,92426,80994,76072,33338,1549.21,2801,4891,1622,9187,50363,46058,1654
2022,2,20,75720,82740,24457,1310,77780,1549.21,770,3752,3092,6050,89704,34916,35343
2022,2,21,14223,98686,33000,17293,92621,1549.21,2259,4331,1026,8252,21755,15410,28084
2022,2,22,34607,24557,90,70005,33744,1549.21,1062,1638,4544,6870,43475,27323,1842
2022,2,23,42213,20014,12428,31657,36064,1549.21,1572,1637,2169,5924,83930,19588,2133
2022,2,24,44008,87542,39122,14516,72146,1549.21,4712,1751,1784,9294,76756,15102,10877
2022,2,25,17959,9171,94046,67503,82394,1549.21,1177,1924,2534,9957,72614,19908,37522
2022,2,26,58442,5539,76587,75611,71463,1549.21,808,1906,4409,7046,46336,36554,26869
2022,2,27,18101,97402,59659,19885,48555,1549.21,1763,1512,1936,5809,50366,44329,36415
2022,2,28,19683,77897,85288,77217,17854,1549.21,3517,2646,4791,7222,68256,17606,24254
2022,3,1,70008,83076,37734,10881,45765,2365.29,3980,3165,1222,5217,16152,12286,40641
2022,3,2,36981,74585,81353,19142,41303,2365.29,3823,4198,2321,9594,53403,17926,25683
2022,3,3,35909,46050,97718,32365,30658,2365.29,688,1340,4751,9773,27897,26867,15324
2022,3,4,66766,73230,70033,33416,38447,2365.29,1479,1738,4039,8378,94568,26694,28104
2022,3,5,76219,49745,62245,19892,82136,2365.29,2817,4396,4401,5534,66760,25059,32001
2022,3,6,17211,88801,42077,81962,48574,2365.29,750,1386,3202,5212,48754,31649,19974
2022,3,7,89668,1587,73429,75060,35771,2365.29,1753,3340,4092,5734,48231,16228,34349
2022,3,8,12350,86049,50625,6752,37935,2365.29,1810,1222,2536,7926,53457,21109,33737
2022,3,9,76564,78638,2801,19766,90202,2365.29,2766,4869,1700,7546,54928,21615,17908
2022,3,10,91896,73034,49956,25988,53383,2365.29,3567,2084,1182,5543,88835,38520,14539
2022,3,11,59280,36998,93666,81816,27236,2365.29,4277,3798,2112,8429,39915,32313,13475
2022,3,12,56337,74035,28535,42182,97933,2365.29,622,4827,2847,6455,32167,42582,33463
2022,3,13,60994,90735,24667,61580,16279,2365.29,1452,1909,1850,8118,90077,44085,13502
2022,3,14,73592,75707,14236,32056,64136,2365.29,4369,1824,1786,9255,95357,17652,20503
2022,3,15,9071,91859,65001,81918,38314,2365.29,4499,1328,2902,5517,93590,20532,47168
2022,3,16,79019,10043,12442,62221,36512,2365.29,2657,1455,4576,6892,58510,25064,18871
2022,3,17,73748,39232,11889,50988,48488,2365.29,1160,2557,1850,9358,55826,15106,7246
2022,3,18,88329,96679,85781,92583,62196,2365.29,4466,2566,1540,8260,19786,42276,29371
2022,3,19,77131,92445,85084,71708,95689,2365.29,1771,1584,4177,5011,53127,14016,43595
2022,3,20,98609,79288,37926,14065,86801,2365.29,4185,1102,1782,9965,84063,35329,10105
2022,3,21,65688,29883,42896,71453,88143,2365.29,718,1118,2830,5164,53331,33518,29035
2022,3,22,75111,16455,85659,74289,7818,2365.29,4656,1426,4424,5174,36842,21225,38786
2022,3,23,2687,21028,12707,25821,7345,2365.29,1149,3031,1651,6502,60836,31145,46770
2022,3,24,49432,90918,12771,37262,22434,2365.29,2131,2544,3908,5588,88184,13460,16102
2022,3,25,77927,42841,29504,12352,51775,2365.29,3576,1634,2372,6282,96632,11068,16346
2022,3,26,59404,24135,84101,2408,94532,2365.29,3552,3962,3557,6322,97575,40990,11289
2022,3,27,28777,34707,4887,44037,73849,2365.29,761,1774,2263,6617,64125,20389,43071
2022,3,28,62963,14054,7555,66688,60336,2365.29,2755,1091,4672,7450,38498,11120,20539
2022,3,29,39496,72051,99518,8053,34726,2365.29,800,3501,3151,9302,15084,21999,13445
2022,3,30,29705,74651,90126,98320,71268,2365.29,3708,1174,4656,6262,17269,44992,4252
2022,3,31,46802,95025,81084,7826,73233,2365.29,3381,2727,2983,9250,37132,42708,35934
2022,4,1,52528,22562,57199,89161,46451,3089.83,3864,2453,1358,7183,17450,12564,45550
2022,4,2,52245,75655,40935,94859,92924,3089.83,3011,4300,4713,5837,77532,35646,2279
2022,4,3,45571,6612,59982,24821,60096,3089.83,3867,2622,2955,8590,18135,17654,19043
2022,4,4,86615,37000,41860,72290,70536,3089.83,4918,2779,2586,8846,17637,14958,16932
2022,4,5,4483,92002,56162,20548,57839,3089.83,1193,3408,3009,5064,44580,33104,1782
2022,4,6,51570,78449,62080,9525,69514,3089.83,574,1128,3565,8594,44769,16430,30215
2022,4,7,55426,6040,43232,98012,8245,3089.83,1224,2726,4222,9574,33274,43412,27222
2022,4,8,88784,5820,46821,61793,54699,3089.83,1249,1267,1200,6666,32144,11438,7753
2022,4,9,69895,62427,28195,3460,50921,3089.83,3912,1345,1446,7143,20708,19950,39316
2022,4,10,60717,86933,49030,29939,25671,3089.83,4702,4454,4474,6522,92598,18356,48656
2022,4,11,60628,3848,81793,46828,93528,3089.83,2541,3421,2715,7087,83233,43635,30289
2022,4,12,52755,23498,66333,64462,6993,3089.83,4411,2709,3972,6890,13999,49643,37041
2022,4,13,32096,3703,30450,52923,56577,3089.83,3447,2203,3247,7958,64031,36774,23048
2022,4,14,40529,82925,16549,49596,46365,3089.83,4582,4118,4630,5914,63579,46622,16134
2022,4,15,79307,47992,14332,53279,97784,3089.83,4273,4879,3385,6074,99153,21313,28332
2022,4,16,39123,27601,38518,82370,37840,3089.83,1000,4719,3176,8202,44314,14540,18901
2022,4,17,84529,70249,63660,24159,46163,3089.83,781,1902,2933,5112,95099,11444,43591
2022,4,18,29796,80725,51949,94533,96800,3089.83,846,2273,3701,8736,50994,32892,1102
2022,4,19,89616,2842,43965,7792,71238,3089.83,2332,1540,4879,9402,79924,37393,4631
2022,4,20,95934,50706,62863,3868,52170,3089.83,936,1965,1389,7884,92849,18188,24314
2022,4,21,28986,8696,36814,24039,79411,3089.83,3282,4025,2001,7246,76817,28238,4160
2022,4,22,21878,65502,34004,13109,17845,3089.83,501,1102,4632,9715,50348,16802,13928
2022,4,23,4029,76285,15120,91771,54169,3089.83,4958,4505,3016,6258,39895,12426,7969
2022,4,24,17284,13179,97805,24285,46777,3089.83,2522,1910,1474,5766,98113,40670,40974
2022,4,25,66806,64968,20800,47791,94683,3089.83,944,1158,3784,9690,13676,34305,37501
2022,4,26,36736,83144,50163,69752,96268,3089.83,3530,4903,4588,6334,54187,32716,6411
2022,4,27,87308,73063,84075,60134,25941,3089.83,803,4097,3506,7954,56887,16388,48540
2022,4,28,75455,54184,89605,39240,66599,3089.83,4896,3334,1874,8694,89437,17114,46438
2022,4,29,46469,87968,38456,82409,84302,3089.83,1477,2960,2056,5551,48093,24348,8995
2022,4,30,64091,98897,33447,27598,86852,3089.83,2138,3657,1748,8094,17896,27467,6686
2022,5,1,24145,47154,16816,80556,36592,2343.42,2023,4558,3822,5784,25212,39169,25368
2022,5,2,7262,13173,71226,89165,61267,2343.42,3254,1514,1518,7203,79717,16526,45575
2022,5,3,15694,58376,12927,23788,92624,2343.42,4670,1768,3899,5974,97323,40490,6747
2022,5,4,3206,40699,81402,67029,66483,2343.42,2549,1670,1137,7558,79259,13755,22966
2022,5,5,55701,48867,90271,1073,62422,2343.42,4482,4467,4714,9662,18254,37338,36340
2022,5,6,55507,79278,70459,59407,40764,2343.42,1248,3968,4831,8012,27348,41314,17782
2022,5,7,36967,99898,97762,89457,60025,2343.42,3211,2076,3591,9833,49501,37364,43374
2022,5,8,96174,18984,31832,57240,17744,2343.42,4577,3250,1440,5578,32656,36478,1542
2022,5,9,49169,65257,46799,74001,79259,2343.42,1666,2576,1748,5779,22032,33124,40500
2022,5,10,89153,41597,15202,47744,67782,2343.42,934,1254,1494,6592,37546,17780,14703
2022,5,11,99730,48476,91031,45445,29864,2343.42,3274,1562,1647,5730,85735,17257,40039
2022,5,12,18277,83754,49834,25025,79534,2343.42,4501,3685,1166,6054,32781,13947,38219
2022,5,13,20757,34242,94255,37146,67533,2343.42,4925,2262,1627,9262,12706,42842,48153
2022,5,14,2347,60982,54579,23994,72407,2343.42,2602,1374,4067,7436,32058,19952,40314
2022,5,15,12007,72912,4990,58173,28966,2343.42,3471,1073,3363,5460,12902,11802,37771
2022,5,16,47230,74497,39511,60210,36805,2343.42,3051,4150,1812,7629,79496,34659,18569
2022,5,17,14296,53451,41694,54715,77239,2343.42,4666,4244,3015,9655,63768,41981,23753
2022,5,18,33779,52241,74407,22142,51318,2343.42,4389,3547,2121,8342,58756,38925,27626
2022,5,19,18821,78160,44428,64722,52142,2343.42,4381,1436,3726,8662,37502,20964,40276
2022,5,20,31179,12169,76562,94195,91824,2343.42,2527,1953,2569,6933,64095,43887,40330
2022,5,21,70911,74837,58787,39384,25089,2343.42,4660,3908,2053,5440,24981,14194,17543
2022,5,22,45716,24363,46983,55794,81790,2343.42,3110,2967,1652,9671,23513,19342,34485
2022,5,23,60001,42393,63134,68923,35679,2343.42,4161,1588,3417,7947,45972,43505,27229
2022,5,24,5490,90633,3766,33895,96073,2343.42,3089,3140,3109,5071,30285,10070,28747
2022,5,25,45909,73396,64218,58913,9419,2343.42,3740,1552,1475,6874,54693,32153,4084
2022,5,26,70455,83855,5095,88872,71802,2343.42,3728,3642,4402,10002,27536,36827,17419
2022,5,27,81241,41978,44968,50702,3402,2343.42,1951,4309,1270,5050,16452,40770,41605
2022,5,28,86604,88315,76542,49432,31541,2343.42,2936,3346,2792,9382,14446,35945,47587
2022,5,29,36801,72299,29588,11204,24793,2343.42,3030,2384,1805,9349,73085,35206,23477
2022,5,30,50954,91389,84516,15954,73909,2343.42,3076,1864,3755,9617,42647,45295,9090
2022,5,31,47205,90584,63642,94997,59967,2343.42,2294,3118,4510,6881,24321,10614,37212
2022,6,1,38704,23039,98516,98053,96124,2223.63,4006,2511,1892,5274,77771,10030,1334
2022,6,2,4388,54636,73786,20358,97283,2223.63,3913,4218,4073,5261,80536,36285,35433
2022,6,3,42556,93655,62148,35790,34329,2223.63,2498,3031,1688,7365,87436,48314,12802
2022,6,4,67440,52795,2178,34733,34106,2223.63,4762,4845,4584,9808,91554,48218,29949
2022,6,5,20332,75468,52437,35757,70729,2223.63,2041,3284,2979,8790,49073,43659,32973
2022,6,6,63342,67924,66691,49181,1642,2223.63,3846,1758,3272,6023,20164,23730,20479
2022,6,7,45973,14927,28576,96909,16178,2223.63,534,1508,1202,7840,88616,32676,20130
2022,6,8,46888,27011,95961,6219,27551,2223.63,4877,1794,4309,5850,56424,30950,11386
2022,6,9,53399,20272,16383,76672,2647,2223.63,812,3618,2824,5328,61878,34001,36547
2022,6,10,31810,7006,36862,43758,20921,2223.63,1433,4159,2487,8746,90378,46390,25478
2022,6,11,132,6608,87283,45793,89528,2223.63,1742,2926,1681,9476,35949,49328,10059
2022,6,12,62375,2703,47947,30199,14383,2223.63,551,1191,3182,7538,12610,16438,9826
2022,6,13,25595,49086,54614,94434,87832,2223.63,823,2963,2951,8105,33755,14966,11344
2022,6,14,54517,26851,16757,51198,52679,2223.63,525,2006,1759,9658,61603,36141,19058
2022,6,15,41002,8508,48685,74184,92272,2223.63,4637,4217,4070,9250,28651,16516,4985
2022,6,16,60595,19475,12569,28546,13933,2223.63,2375,3448,4526,5484,35997,42204,46325
2022,6,17,4542,86524,73610,92654,1348,2223.63,614,2348,3720,7672,16531,18814,35214
2022,6,18,15168,77521,86562,35590,76771,2223.63,3843,3716,1038,6411,98613,14970,15213
2022,6,19,19088,17342,49771,24966,52826,2223.63,3522,3718,3643,7131,66371,39990,35769
2022,6,20,8697,77871,48691,68769,38054,2223.63,1112,3220,4093,8060,10334,17790,31574
2022,6,21,39238,65358,22285,6628,38121,2223.63,2950,3560,4590,7720,14877,14840,20898
2022,6,22,39841,98400,97487,28484,71884,2223.63,4825,1168,3079,7040,49348,46132,30210
2022,6,23,65089,86813,65706,40534,10838,2223.63,4101,1426,2576,5570,73053,14106,37220
2022,6,24,52283,61004,80609,6874,15077,2223.63,640,4916,1966,8966,99752,32120,45487
2022,6,25,24689,50930,79053,99120,34446,2223.63,514,1780,1564,7309,72771,17516,44753
2022,6,26,80881,81873,25180,33457,13258,2223.63,1856,1891,1186,7465,10242,40664,14585
2022,6,27,49304,35758,61933,59541,80236,2223.63,3013,1275,3966,7065,20395,29763,28037
2022,6,28,81818,32000,95649,29734,9309,2223.63,4838,1574,1643,6902,39996,46252,34772
2022,6,29,60954,96853,78145,36542,50670,2223.63,3557,1324,1506,7398,92217,31957,33261
2022,6,30,99879,50231,53233,28845,3648,2223.63,3607,1816,1262,9878,31549,31286,23628
2022,7,1,52740,37827,88376,99109,94175,1390.39,558,2379,2771,6603,74400,12384,34628
2022,7,2,56513,90726,97754,78355,99295,1390.39,4585,4524,4295,6868,69523,22922,29711
2022,7,3,48390,71340,94902,85350,19241,1390.39,728,1979,1718,5455,71087,40892,42540
2022,7,4,80084,31149,14624,59207,44104,1390.39,1590,1968,1101,9344,95322,45395,39025
2022,7,5,65407,89908,61272,64702,29690,1390.39,3976,4430,2133,5229,79779,37725,30795
2022,7,6,7769,86860,9705,4487,82316,1390.39,1731,2398,3291,6354,21604,38747,30792
2022,7,7,15379,59548,5716,27832,78892,1390.39,3226,1308,3649,6862,25351,13382,17390
2022,7,8,31644,95680,47769,50129,60909,1390.39,2853,1206,1526,7828,89515,13073,43900
2022,7,9,94701,17599,91824,39345,43953,1390.39,3091,1376,4327,7622,14086,34570,29781
2022,7,10,67548,43094,45220,91197,43943,1390.39,4534,1938,2601,8654,42066,19732,36923
2022,7,11,68906,46273,44891,99665,60182,1390.39,4089,1234,3355,7374,10578,28659,1526
2022,7,12,67046,55022,20695,56373,5180,1390.39,942,2726,3654,6161,63923,27596,24210
2022,7,13,89437,24810,19535,88390,49817,1390.39,3251,3721,4225,6292,34737,34406,27954
2022,7,14,60251,63828,55641,44958,1093,1390.39,3616,3137,2591,8632,40861,42770,32571
2022,7,15,34873,81804,15498,34879,84317,1390.39,3826,3752,1172,8361,62142,20397,45773
2022,7,16,92667,26746,89120,16892,36239,1390.39,2649,1488,4035,9642,41445,10264,23857
2022,7,17,72213,31414,89617,9805,42077,1390.39,3926,1948,3632,6270,11826,12949,30478
2022,7,18,96548,90654,3054,17130,5367,1390.39,2526,4384,4644,6004,47627,10882,31548
2022,7,19,33207,65277,73723,37242,54919,1390.39,3721,3483,2933,9388,53287,10028,31520
2022,7,20,95168,38566,98311,40152,39342,1390.39,4452,1786,3493,5022,69369,38859,26489
2022,7,21,70406,73249,69596,95051,66246,1390.39,2284,1616,2499,6007,53045,15106,17223
2022,7,22,77527,28119,97253,56812,92808,1390.39,1821,4326,1858,9014,44478,44798,16892
2022,7,23,2972,13931,97039,36466,2789,1390.39,658,4546,4656,5118,84596,22253,16409
2022,7,24,78495,73233,38058,60994,19240,1390.39,4763,3118,1154,8367,69929,44731,7455
2022,7,25,95260,48103,49059,717,24586,1390.39,1866,2557,3818,8904,64022,42959,9889
2022,7,26,41665,55699,32506,81321,16971,1390.39,4926,1890,3037,7983,72810,42277,33454
2022,7,27,81790,3926,71748,33714,32294,1390.39,3444,3904,1131,7718,44620,30716,41677
2022,7,28,53743,22839,58274,93914,81743,1390.39,3224,3407,4346,8354,21079,27668,38648
2022,7,29,35535,41006,23134,58572,15341,1390.39,2200,3481,1221,5299,47194,14866,12297
2022,7,30,63329,41992,8771,69460,85846,1390.39,730,1890,2580,9612,49853,24323,3391
2022,7,31,13449,19430,14083,24147,21511,1390.39,1815,2044,3871,5230,31967,40563,1514
2022,8,1,65521,54046,36171,70820,17592,1860.84,4147,4582,4807,9958,45428,29549,1037
2022,8,2,20135,17721,72131,11288,67574,1860.84,1087,2002,3239,6374,17034,11104,12806
2022,8,3,49754,81909,69976,41054,30228,1860.84,1002,2099,1882,7058,82919,48527,26892
2022,8,4,14561,33419,74463,40720,53378,1860.84,1621,4863,2610,8751,17502,21535,19891
2022,8,5,87909,58590,24890,97500,56528,1860.84,3603,1280,3013,9872,63686,28240,49754
2022,8,6,71823,24689,6693,69111,54565,1860.84,3989,1934,4381,8451,26196,18230,39612
2022,8,7,94694,62818,15326,48656,87921,1860.84,790,2180,2769,5754,89679,14296,32828
2022,8,8,61185,48283,70578,25550,9566,1860.84,3790,1387,1242,7862,50497,29867,34264
2022,8,9,16446,50840,31696,72179,9291,1860.84,1289,3984,2060,5942,52639,41332,7892
2022,8,10,45795,39183,33513,69916,50614,1860.84,4211,3150,4178,9190,53699,13743,39544
2022,8,11,55404,73842,95132,47059,676,1860.84,3277,3472,2819,9956,11312,38462,11981
2022,8,12,99217,3293,42447,52630,16259,1860.84,3961,3404,4267,7662,48319,19878,45086
2022,8,13,83370,98884,29384,87548,20024,1860.84,1291,1779,1924,5558,38837,15208,33083
2022,8,14,91107,48468,91073,3927,89793,1860.84,2388,4008,1367,9558,41637,48977,13076
2022,8,15,12624,51952,27383,63244,95778,1860.84,4476,1006,1882,7728,83046,10960,42054
2022,8,16,93294,690,2740,50218,13464,1860.84,4169,4569,2747,6402,24847,12539,7929
2022,8,17,44669,83588,17901,77388,1126,1860.84,2716,3749,2840,6450,76992,39969,25890
2022,8,18,78505,41469,35469,69441,51680,1860.84,1752,4972,1120,5843,11542,15370,34867
2022,8,19,90125,52064,86292,12872,83657,1860.84,1763,4676,1078,9663,38415,12204,11140
2022,8,20,51905,81132,42306,79746,67583,1860.84,1066,2438,2117,7886,31878,28796,19298
2022,8,21,22753,44984,73769,58308,60827,1860.84,614,2302,3725,6321,80174,37381,1663
2022,8,22,37461,38290,98410,64891,14305,1860.84,3446,1208,4308,5751,62305,18242,36825
2022,8,23,55049,14725,80681,32166,2611,1860.84,2313,1482,1010,8726,16374,17302,28911
2022,8,24,52745,40053,34727,22823,66374,1860.84,1555,1550,4541,9940,11486,33845,14901
2022,8,25,28142,94875,66407,62450,30626,1860.84,2043,2026,3435,8160,50543,12398,28712
2022,8,26,22987,27858,87762,13232,95292,1860.84,655,3035,4187,5382,87209,26912,4136
2022,8,27,46635,63766,63450,16177,38731,1860.84,1373,1871,4751,5568,45673,13466,14878
2022,8,28,27844,59069,8755,87631,53145,1860.84,598,1130,2155,8292,11436,32446,9299
2022,8,29,58278,2722,46834,18817,18104,1860.84,729,1089,4160,5530,97265,11590,34044
2022,8,30,90408,29992,36114,50159,29123,1860.84,1887,3317,2207,8002,60948,26703,48139
2022,8,31,57644,27329,19186,61151,81471,1860.84,4948,1099,2619,6278,74915,12074,24899
2022,9,1,36997,43165,87690,62528,56782,2450.97,4286,3124,3044,9445,32247,15080,40580
2022,9,2,92685,21917,81095,91030,82865,2450.97,3673,1545,1982,9823,24367,18232,7798
2022,9,3,69773,80467,12205,9259,71734,2450.97,2787,1462,3794,7766,15874,13866,24279
2022,9,4,27408,73248,10053,20452,9045,2450.97,2986,3080,1146,9080,18230,29784,8652
2022,9,5,33230,57784,6330,60212,83959,2450.97,4796,1462,3866,7000,79340,15600,47049
2022,9,6,47631,62128,57035,81426,48956,2450.97,4705,1362,1198,9524,13166,19288,10996
2022,9,7,89762,57505,77720,70330,82938,2450.97,1465,1166,1938,9147,92730,11275,36830
2022,9,8,36196,37527,31358,80063,94527,2450.97,2014,3508,1068,9048,56285,17970,27051
2022,9,9,46396,60991,47200,96990,92101,2450.97,1628,1861,4222,8706,68542,17159,10366
2022,9,10,37530,35008,33326,14847,24155,2450.97,1121,1430,4933,7670,56764,40811,42408
2022,9,11,50881,68779,49321,72763,54179,2450.97,3599,1156,1596,7150,97562,17402,5606
2022,9,12,67517,70544,56910,18091,21244,2450.97,508,3772,1810,9862,73618,17317,25452
2022,9,13,27335,66092,94020,23620,89923,2450.97,4431,1614,1836,7512,29916,40091,1578
2022,9,14,85709,73516,90665,52305,80667,2450.97,2352,4534,1038,9958,98976,46364,38227
2022,9,15,42417,34226,71490,19228,35504,2450.97,2896,2837,1199,6915,86457,18086,45108
2022,9,16,97699,889,58276,33612,80992,2450.97,3702,1699,4411,5814,35356,41429,4545
2022,9,17,35297,79061,72316,10419,79675,2450.97,1782,2090,1042,8271,57669,41020,21292
2022,9,18,39732,10566,20210,67283,73833,2450.97,4755,2882,1062,9382,21493,21249,23019
2022,9,19,63927,61548,4302,58339,8618,2450.97,1119,3914,1254,8435,54332,14743,39658
2022,9,20,9727,77467,53187,31596,72091,2450.97,3967,1821,4125,9176,95455,27957,27208
2022,9,21,48548,80211,15841,88806,39593,2450.97,1407,4871,1585,5734,78209,40202,3686
2022,9,22,86718,44329,84117,38139,99116,2450.97,2882,3842,3619,9710,40437,20709,4801
2022,9,23,49628,29405,48883,3753,54933,2450.97,3062,3479,4547,7814,17284,30491,44338
2022,9,24,33940,35045,363,65525,82105,2450.97,727,1454,1218,6195,23311,18906,44924
2022,9,25,60997,92546,63562,9616,14966,2450.97,1676,1900,4754,5558,16934,21039,20351
2022,9,26,56248,49112,40871,97147,29366,2450.97,2637,3305,1816,8714,28829,33007,49508
2022,9,27,89276,50909,84533,44880,57105,2450.97,4599,4452,1741,9512,60419,48059,7845
2022,9,28,99864,7096,45357,65970,19006,2450.97,2008,1038,1869,8472,72398,41234,46406
2022,9,29,93739,66388,20892,94643,60740,2450.97,4001,1590,1268,8534,11246,24085,49722
2022,9,30,2731,27198,8538,35824,6711,2450.97,3882,2925,1051,9238,10502,45056,18957
2022,10,1,92256,86661,3866,52839,59059,2967.61,1576,1814,2343,7570,10178,32064,11452
2022,10,2,51573,52553,49046,46459,80152,2967.61,4188,2348,1668,5482,30410,16977,23132
2022,10,3,85247,53336,93029,30837,58583,2967.61,2832,2189,1097,6108,20027,16508,4438
2022,10,4,4502,82956,8307,86845,40527,2967.61,530,3450,3396,5326,54908,43547,10844
2022,10,5,40141,20449,67248,88162,38164,2967.61,582,3409,2345,8166,70598,42279,47659
2022,10,6,18956,93431,25821,10054,52833,2967.61,2913,2333,1310,9822,60529,16334,12200
2022,10,7,12063,12142,26836,91811,12799,2967.61,724,4291,3543,8957,57452,23058,48096
2022,10,8,16616,62591,96469,313,77109,2967.61,2592,1064,1848,8412,22469,29680,17067
2022,10,9,30613,15383,3366,92120,16602,2967.61,4152,1590,2387,7966,36826,21538,30247
2022,10,10,19083,88536,90830,53978,7493,2967.61,2035,1866,2223,9855,40772,17354,14634
2022,10,11,23274,99717,16748,16475,68129,2967.61,2506,1622,1910,8926,14432,15642,5569
2022,10,12,62471,17716,48920,71211,38703,2967.61,2748,4136,1274,9929,44465,48125,35746
2022,10,13,64563,71502,38585,8138,27709,2967.61,3820,1974,1726,5568,83808,29905,45709
2022,10,14,1137,46315,94998,88440,28539,2967.61,2342,1009,4924,7613,62219,24979,2210
2022,10,15,59711,71320,65468,50344,87601,2967.61,4820,2162,1434,6818,76651,25494,9934
2022,10,16,15466,5472,76477,27242,67392,2967.61,2146,3528,2951,8496,73319,17841,10285
2022,10,17,37058,82014,58851,73334,39628,2967.61,3312,1388,1622,7570,66032,12692,37422
2022,10,18,23714,30853,81207,21500,50610,2967.61,1993,2426,3329,9822,19344,30720,7858
2022,10,19,16459,16815,15601,55762,51663,2967.61,3603,3719,2285,9842,62052,43264,5272
2022,10,20,36228,26718,58954,61320,56850,2967.61,738,1914,3542,6310,18413,39151,41339
2022,10,21,29429,81759,37930,9110,37933,2967.61,1181,4391,1536,8134,10152,32425,47598
2022,10,22,93406,50108,21145,97043,48914,2967.61,622,1190,1265,5612,62811,33114,49549
2022,10,23,56951,53176,80029,61845,41099,2967.61,2348,1878,2904,5277,12339,13526,14794
2022,10,24,2875,68521,21580,99990,73007,2967.61,3766,1412,3191,9910,79806,47104,48085
2022,10,25,85812,20114,32245,12077,52078,2967.61,1543,1546,1880,7923,87223,22033,11409
2022,10,26,22718,4572,8912,35622,76202,2967.61,2809,1738,1123,8788,95417,29129,21251
2022,10,27,72474,44184,61894,70665,30447,2967.61,2769,1257,3165,6365,44685,30242,41701
2022,10,28,77774,72581,55622,75062,80505,2967.61,2094,4573,3768,9462,71546,39969,9197
2022,10,29,59961,74356,35397,66084,15097,2967.61,1565,2569,2701,6926,74586,38147,47166
2022,10,30,81511,8708,70757,59676,75073,2967.61,4917,4198,4374,7590,60611,19830,31794
2022,10,31,21088,57706,20804,84856,96416,2967.61,1176,1376,3056,5858,38811,48153,42350
2022,11,1,377,2075,47792,40188,93013,1336.33,1697,1719,4398,5522,93144,21191,2291
2022,11,2,87643,78695,25566,49534,39306,1336.33,620,3362,3950,7338,19566,22651,26796
2022,11,3,29356,66155,72061,22280,21318,1336.33,3721,1694,3639,5738,78233,31652,20214
2022,11,4,61507,99931,99724,50905,97656,1336.33,2096,1222,1561,8036,51183,10866,42868
2022,11,5,57162,21804,40582,21112,9983,1336.33,990,4337,2865,8730,77968,16758,1470
2022,11,6,68741,56691,92229,57380,15907,1336.33,776,2413,1744,5107,44669,34399,20462
2022,11,7,64327,33118,86050,35889,47132,1336.33,3106,1298,1578,7384,58107,35369,37233
2022,11,8,70399,68223,24707,3264,50398,1336.33,3798,1986,2069,6026,18452,15960,19028
2022,11,9,52841,64605,1741,55937,36064,1336.33,680,1590,4527,5484,52630,43010,46411
2022,11,10,96322,32089,63655,71710,52129,1336.33,3430,2526,1336,8988,42142,23086,21763
2022,11,11,33517,15941,8576,25586,98319,1336.33,3560,2510,3753,6642,23446,18838,17797
2022,11,12,14416,80135,67911,10295,22872,1336.33,3305,4192,3981,6632,14516,37461,36893
2022,11,13,71426,80685,76340,77763,95174,1336.33,2200,3689,1556,5775,54274,15444,34834
2022,11,14,9925,4187,32955,25030,72192,1336.33,2549,1606,2887,7510,96901,25758,22754
2022,11,15,97353,66559,11303,82686,16222,1336.33,1498,3999,1194,5686,98113,10765,18557
2022,11,16,47672,65314,39455,14798,57441,1336.33,1593,3716,1246,5899,17500,11270,10081
2022,11,17,18653,1296,89417,71540,61756,1336.33,3649,1866,1168,9914,74497,14478,2670
2022,11,18,9861,10996,5801,25453,23834,1336.33,1217,2857,1166,8122,19006,43018,3914
2022,11,19,18456,15600,26736,49074,61499,1336.33,1883,1278,3127,7652,51690,31234,35481
2022,11,20,60322,31693,23047,45902,6645,1336.33,4054,2856,3538,9854,58308,48724,47544
2022,11,21,90120,10878,52934,75698,19253,1336.33,606,2707,3890,7238,86780,15388,21940
2022,11,22,13636,55017,61892,66763,12669,1336.33,4349,2989,1626,7395,35242,34622,29935
2022,11,23,34939,99297,17479,59829,85503,1336.33,3552,1973,3015,5970,84022,22267,25787
2022,11,24,49777,19091,76327,53667,80893,1336.33,824,4527,4474,7298,77642,47142,29459
2022,11,25,43585,91992,36485,5211,29387,1336.33,4832,1362,3727,7310,40504,39229,38079
2022,11,26,99449,65410,97556,2464,43247,1336.33,1082,3023,1344,7408,63041,47912,31578
2022,11,27,96868,14801,8792,47694,12100,1336.33,1188,2035,4776,8058,77246,40514,36434
2022,11,28,52103,83431,21191,55830,7094,1336.33,1411,1541,3456,8966,25357,36702,28048
2022,11,29,56896,82792,96078,73916,16553,1336.33,1827,4771,1114,5014,77464,18722,25472
2022,11,30,67053,5005,90759,78181,69029,1336.33,3695,1131,2786,9885,93312,24879,34357
2022,12,1,54724,97774,77741,30042,39483,2314.77,3289,3625,1872,7204,55177,18695,30796
2022,12,2,49032,84949,58968,29650,78766,2314.77,3053,3769,4799,7586,52798,35507,44042
2022,12,3,26282,90282,53295,82519,83594,2314.77,912,4669,3650,9096,17142,14484,44526
2022,12,4,75339,4352,53111,68564,81556,2314.77,2258,1938,4588,5164,92940,18850,24640
2022,12,5,6620,22346,88475,7771,29932,2314.77,3278,1212,4257,5858,38731,47851,7625
2022,12,6,23802,55535,18873,82453,50078,2314.77,3288,1768,1286,6398,10331,38545,19935
2022,12,7,91039,63942,85485,16979,76520,2314.77,3035,4490,1548,5732,23612,30701,28425
2022,12,8,487,16891,3266,64744,79815,2314.77,3946,4968,3882,8350,19430,13960,41997
2022,12,9,458,32061,22081,41096,14812,2314.77,4640,2201,2704,5934,39179,11160,32412
2022,12,10,59901,93567,21418,77023,36428,2314.77,4075,1913,1920,7340,18009,16184,45031
2022,12,11,85690,63308,78056,99572,27479,2314.77,4883,2935,3887,7882,85382,10050,46828
2022,12,12,50727,81375,82252,79784,62852,2314.77,726,2751,1348,6776,16125,17776,37783
2022,12,13,51807,40201,21042,30079,67542,2314.77,3165,4582,3710,5154,69153,12540,5403
2022,12,14,79400,65390,6828,24640,83705,2314.77,4689,4431,4935,6596,14214,11174,8562
2022,12,15,21076,15925,91891,52425,39053,2314.77,1552,1726,4568,7593,20937,32109,8016
2022,12,16,29349,25455,18044,64411,8028,2314.77,1950,3778,3937,8886,44769,10598,37197
2022,12,17,58691,45812,3426,48626,29105,2314.77,2764,1502,4915,9654,18955,38968,33992
2022,12,18,34022,55508,96179,98590,29454,2314.77,2050,3801,3922,5093,23211,33301,33468
2022,12,19,68643,66514,3432,37580,16643,2314.77,1573,1684,1486,9998,56661,39468,14554
2022,12,20,43990,74426,6000,93906,432,2314.77,4225,4453,1814,5403,49394,26267,24956
2022,12,21,28872,12798,1421,4146,77891,2314.77,3798,2884,2496,7229,16816,40490,40984
2022,12,22,71783,23390,32175,98499,49741,2314.77,4318,3729,4613,5238,15974,30045,38837
2022,12,23,1626,19564,30851,98440,14968,2314.77,1059,1590,4393,9946,64335,37284,46597
2022,12,24,83464,84486,66521,90960,8067,2314.77,2802,4849,3078,9976,94699,39170,33337
2022,12,25,85165,49019,82900,64779,9337,2314.77,1175,1932,2801,8130,25752,16510,3239
2022,12,26,88622,66812,30663,98016,9292,2314.77,1651,2754,1678,9056,19190,15634,11350
2022,12,27,84213,64220,103,7291,60549,2314.77,2812,1434,3819,8282,26842,19507,44802
2022,12,28,15302,88018,96821,54456,96395,2314.77,4927,1654,4384,5590,99383,48675,22574
2022,12,29,66940,17387,7782,79127,1910,2314.77,3027,2473,3418,9481,26115,48966,24200
2022,12,30,94283,38928,11032,54455,50992,2314.77,3961,1292,1792,6326,37099,22285,37874
2022,12,31,59708,62028,23654,49092,33970,2314.77,2767,2260,3126,7630,96386,41388,39389
2023,1,1,95766,93862,871,95247,19978,3099.97,4529,3904,1744,5510,26247,48741,49837
2023,1,2,84297,92541,40985,21431,45992,3099.97,1137,4370,4627,6581,74691,25367,29622
2023,1,3,94349,91953,48495,82601,4691,3099.97,3700,1854,1670,5922,12054,36424,6235
2023,1,4,45759,1584,61682,22979,78271,3099.97,3071,3919,1820,9055,11478,42812,37929
2023,1,5,75029,97840,83535,94656,44421,3099.97,518,1030,1530,9748,54072,21220,8227
2023,1,6,7456,49125,71677,57551,45047,3099.97,664,1620,1666,8062,13783,29937,33732
2023,1,7,9937,51855,58857,6758,47262,3099.97,921,2289,4748,9455,33297,16950,25558
2023,1,8,24034,19673,5641,90564,54542,3099.97,1784,1996,3837,9812,35898,20236,9714
2023,1,9,49896,96226,61042,67915,34586,3099.97,4203,4522,4382,9411,67631,22995,41177
2023,1,10,31321,49905,45285,21070,15712,3099.97,1589,4745,3253,7174,46660,19146,28582
2023,1,11,69648,8445,47495,94837,74610,3099.97,646,1722,1950,9890,17550,30556,33394
2023,1,12,33642,72974,91431,9376,28737,3099.97,2370,1062,1669,8024,81126,14770,25414
2023,1,13,72589,69068,13478,87195,62650,3099.97,2692,3648,3582,6294,43485,19096,10139
2023,1,14,19933,8558,401,15903,51024,3099.97,2810,1016,3496,9622,10392,43584,9171
2023,1,15,62358,59115,3642,4027,53122,3099.97,1407,2062,1539,9778,29256,15540,1120
2023,1,16,35023,1949,14190,19958,38488,3099.97,852,3419,2583,6252,90674,49958,7675
2023,1,17,21776,53485,50976,36624,40430,3099.97,858,2786,1833,6742,13636,12624,27720
2023,1,18,17673,84573,48370,4212,59457,3099.97,4752,1672,2277,9686,47140,12390,43978
2023,1,19,57968,42993,25537,56903,55598,3099.97,1861,3724,4695,7836,30347,10124,16211
2023,1,20,51908,26907,29263,5093,43460,3099.97,1399,1132,1304,6120,81695,46456,36076
2023,1,21,70098,67800,23640,98728,68093,3099.97,4492,2411,1054,5550,99314,16646,20780
2023,1,22,7592,6176,95797,93639,80364,3099.97,982,2270,4402,9376,37362,12861,26144
2023,1,23,1805,65115,90346,22452,41235,3099.97,528,2684,1192,8898,26411,40637,38394
2023,1,24,46030,92256,83049,92506,83636,3099.97,4577,1226,1241,6134,19606,12902,48715
2023,1,25,32870,21331,50227,2272,70708,3099.97,1485,2511,4055,8182,11314,26641,3942
2023,1,26,26576,46575,54326,99121,21825,3099.97,4757,4206,1400,9157,76711,39331,47089
2023,1,27,54225,71289,96910,75466,78015,3099.97,3422,1778,4456,7306,29507,13040,48127
2023,1,28,63942,77345,95379,32997,15528,3099.97,990,3454,4619,6667,57574,41443,6694
2023,1,29,43757,13684,92002,49452,69194,3099.97,566,3417,1353,8206,98882,34367,18713
2023,1,30,66523,92305,61604,2331,52306,3099.97,822,1246,3455,9366,65595,10998,41112
2023,1,31,27270,41586,58790,13241,4605,3099.97,1036,3360,1399,6084,14164,15592,32716
2023,2,1,69299,55362,38104,37695,54244,2919.64,568,2900,1734,9251,31557,15788,38823
2023,2,2,64450,47804,42697,85026,29751,2919.64,3647,2687,3172,8239,92292,14342,43032
2023,2,3,79276,40653,97287,92314,71169,2919.64,840,1819,4591,9750,10865,10384,29231
2023,2,4,33693,31435,34440,471,70686,2919.64,3359,1486,1278,8518,36511,19814,15997
2023,2,5,44088,81511,47590,62260,39751,2919.64,4498,1538,1886,6284,27690,34406,39882
2023,2,6,72368,34458,41226,73312,79328,2919.64,4850,4372,4877,9289,29842,36914,2092
2023,2,7,45286,88203,38401,75437,89259,2919.64,686,4697,4126,9280,28308,28876,41264
2023,2,8,39162,57807,64254,52400,17296,2919.64,1806,1015,4105,8776,79326,19170,8297
2023,2,9,46475,24177,84158,62704,3466,2919.64,4617,1782,4905,8748,56890,40515,30352
2023,2,10,11986,92230,90213,1112,7862,2919.64,1339,3374,4031,6944,15774,26326,34873
2023,2,11,35241,68933,48694,10699,63316,2919.64,976,1142,3547,5992,88845,38364,28020
2023,2,12,96344,38464,69819,31250,59185,2919.64,3116,1169,1190,9372,72280,43151,26710
2023,2,13,29554,18620,6526,54937,45565,2919.64,2615,2156,2583,6308,15718,20899,38652
2023,2,14,90681,89690,97042,59228,55682,2919.64,3944,3377,2053,7534,15978,16238,2239
2023,2,15,60472,4095,87408,95762,98776,2919.64,3912,4681,1011,7190,99617,22927,26041
2023,2,16,442,97233,70085,24378,59894,2919.64,562,1156,3980,8669,19610,12036,44291
2023,2,17,10908,90097,24391,67962,23860,2919.64,551,1374,4463,8630,96444,19190,40369
2023,2,18,80351,51709,4272,91363,29851,2919.64,4289,1198,3825,5870,71021,43718,20242
2023,2,19,61369,82650,44292,45349,91319,2919.64,1361,3577,1090,8446,11590,34399,4093
2023,2,20,82473,19794,85083,43288,24105,2919.64,2878,4454,1886,7149,12168,45789,47879
2023,2,21,27391,92811,42434,61217,43536,2919.64,4934,4903,1103,5578,66603,15122,13455
2023,2,22,86023,84318,38703,46563,26422,2919.64,962,1010,2738,9614,68533,14806,7946
2023,2,23,46627,71412,22650,12565,94913,2919.64,4705,2303,2627,6990,99871,37515,34818
2023,2,24,96945,71158,8771,9400,86736,2919.64,4524,2757,1043,9168,19320,18816,41727
2023,2,25,42525,66635,44062,20263,15383,2919.64,3457,2008,1458,8918,90924,45270,12595
2023,2,26,95924,15631,33926,39904,99121,2919.64,3770,2417,1305,5090,38168,24393,1262
2023,2,27,60619,67694,13503,36662,68625,2919.64,964,1148,1626,5891,47762,47542,49175
2023,2,28,44838,86220,9551,45196,47326,2919.64,1817,4601,3809,7094,15856,14281,16828
2023,3,1,75979,76699,94900,44871,31220,1846.52,988,1086,4147,8630,83888,48321,35645
2023,3,2,13981,95037,30483,46224,42799,1846.52,1060,1510,3927,5224,18104,20754,28025
2023,3,3,25777,85001,85916,32871,857,1846.52,966,1834,1895,5486,21705,24466,1646
2023,3,4,37009,43547,89731,86156,85697,1846.52,829,1028,1014,7663,62251,44156,23619
2023,3,5,25688,69665,89527,45967,22272,1846.52,3072,3048,4926,8987,97270,12678,48575
2023,3,6,19185,3736,93970,62432,5100,1846.52,1897,3459,1154,6627,44615,27621,32027
2023,3,7,16598,61797,93650,1604,9460,1846.52,759,1498,1917,6582,97465,30540,22254
2023,3,8,66565,96890,44941,66491,82230,1846.52,3625,1413,1902,7595,80196,17397,42212
2023,3,9,25974,17094,25857,17899,60073,1846.52,1871,1669,3619,7518,94624,24430,36824
2023,3,10,94126,56736,25930,52395,8374,1846.52,2935,4937,2987,8464,57780,35216,39747
2023,3,11,36439,41406,52982,98737,35353,1846.52,1133,1326,1110,8342,95576,26694,33178
2023,3,12,95166,7448,3364,60138,29320,1846.52,4567,4797,1075,6848,92191,45800,14340
2023,3,13,32947,41479,87091,2287,35707,1846.52,2502,2144,1275,7894,87233,21628,44871
2023,3,14,23662,53367,99307,90285,61709,1846.52,1978,3226,3681,6694,33363,14352,44883
2023,3,15,51034,84283,4150,38461,77484,1846.52,4261,1781,2819,5434,29067,23525,46342
2023,3,16,66222,66571,62023,68849,73407,1846.52,962,3419,3973,6134,14842,30682,49256
2023,3,17,17369,37035,70261,36050,73729,1846.52,1754,1113,4257,7294,95926,31740,3624
2023,3,18,33597,46540,8523,71417,67891,1846.52,1293,1882,1863,6640,35663,10269,3942
2023,3,19,88923,42493,23690,7897,48627,1846.52,4930,2347,1566,5190,34748,20858,43745
2023,3,20,95166,51503,11973,99423,72407,1846.52,2515,1002,1588,9586,93770,10072,7899
2023,3,21,76331,71417,5495,13195,94732,1846.52,4815,3654,1398,7018,15814,14980,7510
2023,3,22,23602,12833,47328,4380,88023,1846.52,982,3187,3578,7134,98961,22336,32076
2023,3,23,27813,96477,44691,98602,35218,1846.52,3632,2900,4877,5478,57446,20960,38462
2023,3,24,32988,97262,20967,32990,77119,1846.52,4321,1448,1700,6622,10206,46074,28869
2023,3,25,43724,80337,29262,93654,83899,1846.52,989,1710,2403,5510,26663,42621,44576
2023,3,26,15494,80296,36874,41723,55774,1846.52,2682,3761,1580,5622,38102,18698,44320
2023,3,27,45222,52424,85770,3275,14072,1846.52,4348,4146,2556,9934,67800,37807,40869
2023,3,28,39538,83790,15870,96941,60822,1846.52,913,1314,2828,5582,18036,28602,42534
2023,3,29,37106,97072,83716,45039,13425,1846.52,774,4997,1194,5858,78271,21015,38170
2023,3,30,6727,27621,95162,10635,38935,1846.52,3441,3471,4455,5374,91763,40276,29314
2023,3,31,73197,97678,32944,12377,56816,1846.52,2330,1122,1518,8430,55311,44178,17332
2023,4,1,85400,69177,36159,1258,63800,1947.93,4335,1419,1558,9950,46705,14352,23526
2023,4,2,49764,41529,43808,80427,33293,1947.93,4974,2321,3379,9434,20488,11510,1778
2023,4,3,6034,30762,97818,97080,86073,1947.93,2645,2824,2523,5156,89081,41323,41996
2023,4,4,68682,13418,49095,53721,64740,1947.93,4425,4502,3680,8232,11281,36972,12153
2023,4,5,95021,81256,50646,44752,79959,1947.93,1814,1994,1895,9631,99423,17310,21135
2023,4,6,67979,58421,92145,61855,53577,1947.93,3177,3610,1998,8623,17374,25733,31226
2023,4,7,97128,43108,6589,50809,37693,1947.93,4132,4064,1934,9566,93816,45435,17870
2023,4,8,75913,55631,97780,94160,15262,1947.93,3479,3239,1254,5054,45093,25551,47203
2023,4,9,88202,64623,80514,15548,49599,1947.93,2633,1725,3655,8452,97533,10826,39196
2023,4,10,48443,68019,51764,80271,72797,1947.93,2057,1110,1209,9836,59219,16470,45580
2023,4,11,87039,74052,16063,59014,81027,1947.93,4564,4227,2130,5746,18182,41728,11156
2023,4,12,70625,8761,54806,35632,39334,1947.93,3330,2775,1709,6646,84397,19020,18692
2023,4,13,35674,76456,90918,36884,66292,1947.93,4705,4682,1088,5767,28695,21566,1166
2023,4,14,63276,29612,7146,5406,11041,1947.93,3485,3016,2032,9294,33648,22717,8273
2023,4,15,53334,88331,76845,6395,78425,1947.93,2251,1830,2697,6346,83685,20340,11243
2023,4,16,89658,53391,90023,30197,55511,1947.93,3114,1166,4680,5260,56894,42072,18718
2023,4,17,99885,86732,90090,33270,71374,1947.93,986,1059,3419,5672,47453,13698,40090
2023,4,18,44074,79706,37295,98123,2874,1947.93,3462,3882,1452,8485,55431,12583,37332
2023,4,19,43555,23546,97721,8236,15158,1947.93,624,1654,1345,6748,64663,29071,4615
2023,4,20,46838,70650,70131,91610,53481,1947.93,3453,3905,3640,8426,12027,32866,17584
2023,4,21,89431,46843,41749,96504,55328,1947.93,888,1934,2077,6328,39820,17942,47180
2023,4,22,44127,56481,83629,1824,63229,1947.93,894,1418,1202,8262,18027,38773,48292
2023,4,23,34961,32833,19032,48601,1284,1947.93,1466,2065,4252,9567,19920,49579,47411
2023,4,24,36747,95360,81166,90176,84872,1947.93,2410,3997,2465,9590,47172,14102,20986
2023,4,25,7035,78068,83465,42328,95444,1947.93,2452,1642,1360,6483,95356,15734,17844
2023,4,26,13895,93175,59024,24499,32742,1947.93,870,1690,1320,6410,76015,25526,45296
2023,4,27,92581,34778,20876,86399,77169,1947.93,3444,4202,2466,6908,42881,15830,18048
2023,4,28,44752,90334,4666,11779,73170,1947.93,3736,3415,4548,9111,27913,42289,16374
2023,4,29,34407,18344,28130,41414,89939,1947.93,1939,3871,1126,8342,85269,48794,20498
2023,4,30,22215,45066,49349,1033,71974,1947.93,598,3076,3915,6312,61206,22084,42230
2023,5,1,41295,91852,22234,80406,19765,1637.74,1163,4460,1454,8929,60750,45853,30876
2023,5,2,22221,75974,17481,76388,77595,1637.74,4953,2659,1256,5985,10984,24204,16275
2023,5,3,7633,44061,23120,3945,21619,1637.74,1629,2912,3406,5215,59669,39523,11556
2023,5,4,52443,90834,93984,77799,96115,1637.74,886,3334,2059,7484,11073,24653,21086
2023,5,5,40111,26027,47314,72086,58365,1637.74,1290,2002,1142,9409,69940,13370,24650
2023,5,6,30966,2922,19594,34372,74489,1637.74,502,1930,1447,9446,21081,32561,29263
2023,5,7,71668,77438,897,35079,34922,1637.74,1083,1383,4348,9748,63469,12712,11970
2023,5,8,14399,59760,95061,49461,95521,1637.74,1140,1485,4273,5733,77209,17534,31353
2023,5,9,21349,67456,2045,7796,84390,1637.74,724,1056,1134,7605,14982,14750,23126
2023,5,10,35927,83570,59572,90275,23319,1637.74,4338,2716,4151,8806,14142,44671,23041
2023,5,11,95751,26021,21158,96377,51755,1637.74,582,3102,3525,7078,80897,32914,14719
2023,5,12,13013,87607,55323,13575,95212,1637.74,1762,2490,2730,5362,37764,36048,12809
2023,5,13,80726,57104,40117,79877,87854,1637.74,4547,4956,1016,8254,96332,16518,9997
2023,5,14,26775,67823,27225,41653,41357,1637.74,4566,4368,3432,6241,84295,39996,24475
2023,5,15,59050,66058,87487,21780,23743,1637.74,4179,4467,1062,5246,84343,11674,41603
2023,5,16,56996,75243,2868,43013,87300,1637.74,2134,4073,3373,5758,55725,24729,49200
2023,5,17,81538,96645,79099,26322,92886,1637.74,1317,3286,1614,7616,12846,35896,29746
2023,5,18,11759,46950,90364,26816,27598,1637.74,1078,1898,1300,8945,43956,14426,41059
2023,5,19,64497,57444,84026,64222,98155,1637.74,3951,1043,2746,8812,22364,11983,6103
2023,5,20,64147,88683,30271,26301,58838,1637.74,2196,1200,3637,8911,13763,27586,36689
2023,5,21,9970,59842,28532,76270,25140,1637.74,1221,1984,1282,8182,70209,10788,22488
2023,5,22,86349,59161,56832,55448,59914,1637.74,2430,1674,4230,7700,66711,18848,29197
2023,5,23,84389,95260,46368,84379,14171,1637.74,1964,1994,1323,8070,16760,11462,10131
2023,5,24,29336,62982,67451,75618,9580,1637.74,1406,1866,4523,9589,51375,39436,4012
2023,5,25,5138,68806,29848,89368,16507,1637.74,586,2246,3169,6054,13062,38691,12911
2023,5,26,87989,13590,79183,24312,70437,1637.74,774,1123,1134,9576,16196,34855,45943
2023,5,27,23588,44500,97136,53111,70441,1637.74,3898,1166,3668,5097,81297,16526,48511
2023,5,28,18008,46437,83773,42529,57943,1637.74,1219,2282,1382,6566,86594,17078,35398
2023,5,29,72696,88721,18251,64324,74649,1637.74,531,4587,2194,5342,84049,15278,26344
2023,5,30,27530,42948,49565,61198,48045,1637.74,2723,2403,2298,7847,24931,12814,30863
2023,5,31,29597,6151,13876,44935,82904,1637.74,3413,1950,1092,6682,52626,30189,16822
2023,6,1,18158,94777,11553,97176,78826,1624.2,4704,3124,1798,5901,86168,32317,35539
2023,6,2,29977,68572,75968,57825,9855,1624.2,2420,2356,2788,8707,15259,24609,27561
2023,6,3,12121,3563,80152,10136,72541,1624.2,4493,1404,1469,9618,87872,16646,26693
2023,6,4,47936,28930,4772,99391,14831,1624.2,3059,1159,2215,8064,18983,16622,7292
2023,6,5,1588,22756,34427,75728,71463,1624.2,684,4934,4599,6840,10069,16992,16038
2023,6,6,23533,44563,49189,11354,6960,1624.2,4352,1247,2342,9123,86989,13524,3414
2023,6,7,22767,85050,91036,14982,59077,1624.2,2051,2015,4126,5938,52743,20588,10019
2023,6,8,33867,19433,20524,19819,66273,1624.2,3309,1156,1507,7498,33862,48466,30593
2023,6,9,97264,28215,86066,95958,43690,1624.2,833,2807,3104,6869,97789,33532,23056
2023,6,10,43240,31193,10548,92366,82670,1624.2,2954,2887,4074,9829,52705,31698,29643
2023,6,11,96774,31016,87856,4633,74866,1624.2,4451,3480,2635,5516,84437,42676,38070
2023,6,12,78572,10271,25484,53028,43492,1624.2,1559,1731,1642,6928,95448,19837,39625
2023,6,13,93102,24755,2726,92177,74584,1624.2,3874,2709,2797,8081,92341,27662,5431
2023,6,14,32503,11793,66143,15138,17310,1624.2,4165,2232,2202,6001,81612,37045,1170
2023,6,15,55626,68172,40129,26443,81631,1624.2,2631,4732,1354,5356,83260,34915,35578
2023,6,16,87140,73487,38977,89937,67921,1624.2,2599,1718,4462,6582,31912,26771,31318
2023,6,17,674,6078,5356,94228,22079,1624.2,2624,4056,1491,7753,20498,19473,36968
2023,6,18,23331,49482,60558,83662,64839,1624.2,4928,3329,3656,7818,58265,12678,43818
2023,6,19,21575,42217,1999,81037,92311,1624.2,4159,4335,2692,5866,19914,44770,1082
2023,6,20,82835,67539,5179,70678,55292,1624.2,630,4973,1510,5734,94987,22700,42029
2023,6,21,44526,29916,41030,78182,20173,1624.2,4757,3098,2863,8108,55486,11702,15647
2023,6,22,48371,45998,75861,21063,41864,1624.2,2185,1049,4664,7363,11726,10534,45775
2023,6,23,79393,51878,46282,87255,52586,1624.2,4954,3462,3888,7934,91644,24060,7621
2023,6,24,16630,87754,98511,74493,2214,1624.2,1017,1936,1345,6468,17430,16426,20349
2023,6,25,29004,52888,99259,25021,6604,1624.2,1328,2347,2861,8961,89601,15446,10985
2023,6,26,96583,49556,28910,471,50539,1624.2,882,3519,1010,5744,74364,43224,36906
2023,6,27,26093,31734,26513,42438,64964,1624.2,645,1302,1782,9903,35338,13420,30863
2023,6,28,27241,28019,9053,6454,66981,1624.2,1900,4914,3208,7161,96736,15098,48654
2023,6,29,20419,37619,14970,77781,93363,1624.2,1004,4454,1067,7746,78243,19126,39334
2023,6,30,11084,78889,12701,11186,95145,1624.2,2890,3736,2409,6598,45189,25741,14392
2023,7,1,83442,72008,6508,66955,68744,1353.13,2372,1361,2926,5153,16075,17234,37958
2023,7,2,2510,51882,96032,66379,30125,1353.13,3813,1490,1113,10006,36861,41856,48414
2023,7,3,39241,75598,619,82535,20787,1353.13,4481,4228,4719,7340,71182,33462,42712
2023,7,4,85298,74908,56177,54576,56413,1353.13,3187,3921,1837,9218,41651,13282,38604
2023,7,5,23984,51817,28679,51450,56815,1353.13,3305,1054,3840,7856,78588,44627,31892
2023,7,6,36636,19422,15208,17707,83114,1353.13,1168,3410,4000,7402,39338,13494,2742
2023,7,7,28653,68878,25687,85490,78097,1353.13,3802,3431,1022,7676,69880,42320,33690
2023,7,8,15725,13187,4728,89566,73462,1353.13,544,1448,1794,8442,44154,18554,49668
2023,7,9,51197,11676,86966,45198,51724,1353.13,1961,1530,1532,8008,65864,11970,42656
2023,7,10,37690,71020,24413,73196,4853,1353.13,1867,1928,2478,5902,42845,47292,44293
2023,7,11,2615,59742,23741,38056,91845,1353.13,1609,4393,1854,9926,20942,47645,34248
2023,7,12,18934,32904,44374,30467,86904,1353.13,1446,1898,2608,6934,14139,18812,10238
2023,7,13,71504,12359,72094,78982,15306,1353.13,2625,4271,4680,6366,88678,32876,14939
2023,7,14,614,61640,58622,12888,21567,1353.13,1884,1008,3819,5058,87317,15722,29564
2023,7,15,47848,23765,56667,45456,975,1353.13,4268,2477,1744,6361,67811,47524,37158
2023,7,16,67652,60437,81796,58684,93155,1353.13,2912,1022,3465,6533,23006,36383,36826
2023,7,17,12450,99892,26883,41269,21149,1353.13,1990,3995,4316,9206,30803,21642,30553
2023,7,18,33518,11424,44121,65737,64137,1353.13,3261,1787,3719,5662,13656,48226,28284
2023,7,19,98235,64736,8346,63052,97621,1353.13,4434,1254,2595,5346,67689,18743,31353
2023,7,20,23221,41032,54092,93889,71040,1353.13,531,1826,1317,6003,12018,26805,34895
2023,7,21,54287,16259,8593,59358,44019,1353.13,2583,3604,2854,5929,21655,10475,31768
2023,7,22,13634,87442,36897,61229,80111,1353.13,1323,3330,1244,6766,97219,33009,4587
2023,7,23,18013,79103,70270,30682,5106,1353.13,2486,4391,1762,9754,18748,16247,23267
2023,7,24,64199,92685,41204,77054,74966,1353.13,3880,3598,1652,7128,66178,46762,29212
2023,7,25,78067,12502,66446,23685,45621,1353.13,3045,3632,4118,9666,94314,30575,30017
2023,7,26,49286,1801,56319,71514,34232,1353.13,2760,3430,4102,8964,91835,18144,41419
2023,7,27,58176,95716,64018,24828,69196,1353.13,2942,2262,4049,8784,87298,18706,30196
2023,7,28,50756,60344,68302,9874,36362,1353.13,1800,1302,1546,6246,57160,14999,12616
2023,7,29,54537,11273,29782,38640,90237,1353.13,4058,4763,3683,8076,11896,11546,21617
2023,7,30,8272,10238,50142,67321,64625,1353.13,3341,1731,4134,6643,57956,16150,37440
2023,7,31,35611,64757,52495,16379,27875,1353.13,2730,2410,1862,7511,37401,27515,9655
2023,8,1,51461,8631,49164,29537,14574,1998.39,4159,4810,2183,7832,11582,11958,2043
2023,8,2,26174,53870,70109,99169,11826,1998.39,4779,1581,4450,7509,20807,15456,36957
2023,8,3,31592,19571,36383,9104,56972,1998.39,4583,4783,1926,6902,70671,36157,30250
2023,8,4,42142,24832,60969,60677,62664,1998.39,1651,1574,1976,6232,17458,48801,33107
2023,8,5,40068,55489,41736,29518,39350,1998.39,4973,1892,2112,7708,96396,10882,12543
2023,8,6,94310,20980,96572,99542,27430,1998.39,699,4570,3426,6048,46599,37441,17244
2023,8,7,12478,63251,92630,49454,66362,1998.39,4607,2781,3826,5398,52298,24528,13339
2023,8,8,51589,13625,95470,50054,27685,1998.39,988,1993,4196,8412,37887,13260,41866
2023,8,9,2008,73587,42549,10434,2958,1998.39,4226,1766,3749,6426,81240,35110,39148
2023,8,10,36547,12200,57892,21726,84894,1998.39,1253,2833,1398,8074,11574,34202,26543
2023,8,11,49940,24728,6196,79136,43141,1998.39,2112,1246,4020,9330,71933,36977,44083
2023,8,12,83808,2512,68765,68909,25720,1998.39,4019,3618,2203,8262,16695,13448,1910
2023,8,13,21157,79301,16282,77675,37375,1998.39,1876,2313,1018,8858,82800,19739,35521
2023,8,14,28507,34913,64888,78880,45926,1998.39,856,1084,1376,9250,14993,31403,3173
2023,8,15,50977,35365,76374,29532,29979,1998.39,4331,1135,2368,5613,45161,26094,43069
2023,8,16,61134,7039,13408,37733,91463,1998.39,2472,1320,3823,8711,15199,19506,12560
2023,8,17,91884,47409,72186,47567,48381,1998.39,652,4357,3894,8046,45240,18872,37179
2023,8,18,31115,54573,36360,19835,80186,1998.39,928,2670,4911,5687,11754,12725,31522
2023,8,19,88247,69227,65398,68423,7938,1998.39,4522,1172,4357,6707,80091,42737,30598
2023,8,20,70238,25413,8447,9132,63460,1998.39,4356,1860,3259,7067,47112,19214,3688
2023,8,21,28589,93041,78819,49852,85081,1998.39,2576,4678,4799,7974,58100,34088,40573
2023,8,22,24924,52624,262,69281,35683,1998.39,3369,1850,2116,6346,31403,15486,30353
2023,8,23,56856,42112,29206,81467,89180,1998.39,1262,2767,1428,5758,83971,20789,26318
2023,8,24,72005,46548,60469,48156,90874,1998.39,3596,2148,2543,8857,11494,23226,18569
2023,8,25,45562,96151,45499,67678,99319,1998.39,957,2525,1490,5162,53991,24544,43254
2023,8,26,91480,56606,58664,77189,54390,1998.39,4330,1393,1078,9606,90901,12759,42635
2023,8,27,59719,39498,44909,63615,4707,1998.39,3192,1098,3838,5042,17944,24508,12689
2023,8,28,58296,20254,47034,93661,35416,1998.39,4556,1894,1362,9572,20435,44722,17377
2023,8,29,68559,84766,87469,90445,25916,1998.39,3204,1985,4218,8112,65599,38924,28370
2023,8,30,10801,68792,89192,85992,33834,1998.39,1008,3481,3741,7780,18493,29156,23488
2023,8,31,41262,53051,22404,31596,78975,1998.39,2669,2532,3955,9398,37977,36222,9191
2023,9,1,41182,88208,92725,5646,53808,1950.2,2797,3950,2191,8788,72784,10679,31649
2023,9,2,95641,81266,20773,35878,16111,1950.2,3490,4160,3683,5085,48134,47873,49929
2023,9,3,34108,12020,58181,14245,49997,1950.2,4103,2529,2610,7338,13174,36417,44403
2023,9,4,29829,62324,25368,83372,97465,1950.2,814,3104,2120,9462,45333,28231,14504
2023,9,5,97456,38824,13744,36139,80262,1950.2,738,4368,1026,8544,28612,13204,28231
2023,9,6,52948,17716,64127,85558,15896,1950.2,3326,2075,1960,7030,45446,13786,43653
2023,9,7,60902,5850,62896,89374,3376,1950.2,3956,1670,2052,8114,53321,27313,8229
2023,9,8,42283,3686,58034,48884,28582,1950.2,970,1528,1436,9606,83437,36608,36646
2023,9,9,79611,88116,15036,35586,34514,1950.2,764,1766,2682,8272,18374,36058,10482
2023,9,10,92854,51449,86889,56258,15501,1950.2,4922,2782,1014,7955,23017,38828,6562
2023,9,11,60953,28498,86709,81666,14456,1950.2,4625,4065,4613,9660,46002,25478,36499
2023,9,12,26495,51380,37245,9177,36005,1950.2,966,3857,1184,8475,85114,21684,4737
2023,9,13,55037,1389,95819,31636,59344,1950.2,1815,1210,3684,7056,18313,44491,18836
2023,9,14,26374,52939,4909,17340,18952,1950.2,2817,1810,3642,9206,70973,18614,1832
2023,9,15,34799,66209,99856,57335,81036,1950.2,4018,1071,2709,9574,84058,12052,1322
2023,9,16,26376,20874,98700,90060,44398,1950.2,4550,2122,2655,5810,17874,21606,33365
2023,9,17,56721,47280,83404,75363,43694,1950.2,1360,4843,1936,6215,52177,34323,4377
2023,9,18,47537,47548,70396,50246,38736,1950.2,3649,1910,1679,7412,71521,19494,20806
2023,9,19,77066,72424,39551,96073,78234,1950.2,4030,4953,2643,7433,26668,10758,44013
2023,9,20,88163,73029,62532,41451,19245,1950.2,774,3132,3607,5052,33378,33694,31061
2023,9,21,33327,78380,98805,25006,22081,1950.2,3785,1006,4100,6682,11570,14770,36678
2023,9,22,93701,45602,4991,1344,79387,1950.2,4031,3900,1039,6278,41703,13280,31659
2023,9,23,62623,17478,39768,57582,96351,1950.2,1275,4676,2877,6431,71034,12628,39498
2023,9,24,93109,64820,21808,68561,14508,1950.2,2245,3207,1683,7235,19110,14852,49731
2023,9,25,75247,78582,91323,96286,26496,1950.2,2920,4117,1854,9039,63050,13204,33026
2023,9,26,98538,54326,9233,66415,77109,1950.2,4075,1568,1438,7134,55128,25945,46619
2023,9,27,76966,93726,506,88649,37314,1950.2,2421,3911,4989,6710,41548,31484,10056
2023,9,28,53121,10821,36955,36327,19860,1950.2,882,3396,1374,5898,18742,47790,1910
2023,9,29,38086,90239,34360,15876,17474,1950.2,3173,1590,1844,8678,15790,19582,5840
2023,9,30,18734,28212,98494,23723,48308,1950.2,858,2779,1732,8513,70458,37072,40042
2023,10,1,86341,21822,79200,27808,39336,2200.19,893,1860,2701,8120,63398,49892,43343
2023,10,2,6294,90541,15810,14972,6331,2200.19,526,1798,1958,7568,15553,40277,35392
2023,10,3,45339,33333,7491,53852,3791,2200.19,3721,1483,2736,7920,50642,22071,10916
2023,10,4,17615,32888,17998,11668,31009,2200.19,1560,2301,3288,7452,68625,10970,47748
2023,10,5,45466,18683,61865,45702,92462,2200.19,2331,4152,2102,9821,24355,47244,27418
2023,10,6,20737,3077,53728,69825,77350,2200.19,1896,4963,2257,6245,13272,34617,4371
2023,10,7,73993,18192,21920,78633,61913,2200.19,4603,3729,1166,7819,69431,34391,6897
2023,10,8,61590,71763,88544,88692,97936,2200.19,935,1078,2327,6015,19422,19362,12900
2023,10,9,26738,63097,4641,80347,39342,2200.19,4964,3334,1638,6480,16646,24078,11272
2023,10,10,10132,97922,47809,35710,82094,2200.19,1452,3682,1442,10002,48725,13182,17240
2023,10,11,4248,84661,54665,36575,7028,2200.19,1251,3764,3961,7243,14111,44655,25866
2023,10,12,78515,95428,24342,40681,98663,2200.19,1110,1230,1933,8918,60854,29026,32660
2023,10,13,62510,47307,72709,84215,38655,2200.19,3855,4253,2445,8519,95828,29473,21434
2023,10,14,34385,58432,79590,89699,25675,2200.19,4353,1090,1946,8694,77572,20493,10053
2023,10,15,41354,58683,45639,88287,3954,2200.19,3664,2814,1503,6372,67029,41509,22845
2023,10,16,44158,70885,764,82956,45756,2200.19,3780,1492,1374,8369,10198,47048,12944
2023,10,17,34775,86896,33941,56606,11942,2200.19,2099,4646,1622,9089,57933,40499,11513
2023,10,18,78287,91598,73315,64790,14323,2200.19,2650,4831,2579,6836,57786,23334,40344
2023,10,19,36357,86567,86179,7731,94937,2200.19,1130,1062,1967,5718,10698,15662,38721
2023,10,20,82935,96119,73556,69482,51561,2200.19,4980,4846,1588,9646,10987,20111,47841
2023,10,21,89990,33638,44944,33921,73404,2200.19,3607,4759,1306,9785,33842,18998,2730
2023,10,22,14859,71325,46647,6826,42748,2200.19,2086,2033,1784,5198,27866,13344,15666
2023,10,23,64834,4200,59543,20623,53846,2200.19,2086,1566,1046,8381,94107,43921,20530
2023,10,24,87463,17715,20034,93111,43853,2200.19,886,3710,1551,6692,81887,10550,20228
2023,10,25,38711,8974,59037,495,25967,2200.19,790,1608,2453,6084,11422,27651,36903
2023,10,26,76614,18509,37839,13484,3242,2200.19,3757,1416,1012,7590,83814,19738,31946
2023,10,27,14018,93861,68575,71921,66906,2200.19,3923,1240,1584,7959,22461,14094,1878
2023,10,28,51214,69004,92554,58668,75088,2200.19,1318,3052,1566,8278,81535,16866,20328
2023,10,29,22454,21645,49132,4818,81787,2200.19,4681,2155,3158,9607,84076,26415,49298
2023,10,30,66422,73000,32031,42209,37311,2200.19,3961,3523,4846,5742,47190,31285,20844
2023,10,31,73194,99861,99338,28381,90369,2200.19,1808,4174,3869,9198,33991,10630,47225
2023,11,1,65026,12812,61100,80985,13240,1705.27,2405,1238,1802,9613,23548,13488,37515
2023,11,2,49928,12072,62938,2794,75615,1705.27,987,1826,4911,5822,98547,14282,44223
2023,11,3,7529,27722,26006,59821,78065,1705.27,2761,4441,1656,8861,40426,19062,43013
2023,11,4,26376,87832,71653,62273,93798,1705.27,736,1366,4976,9316,79221,15590,11553
2023,11,5,58876,55209,23769,85140,92281,1705.27,2275,4808,1388,9274,75980,44453,22316
2023,11,6,77645,53742,20247,49821,92603,1705.27,3882,3978,4856,6887,97602,17316,10673
2023,11,7,18440,82966,35082,58416,63971,1705.27,724,4198,1736,8262,24337,28143,14303
2023,11,8,52794,16613,94304,19183,67597,1705.27,4987,1592,4024,7766,11412,32979,20284
2023,11,9,60907,46648,68310,25763,53535,1705.27,767,1973,1894,5848,46741,29199,15912
2023,11,10,66503,37099,68398,52366,67577,1705.27,508,1510,1406,9632,39552,19302,42735
2023,11,11,11447,35892,71239,51824,36125,1705.27,4802,3382,4298,6232,39144,49184,32652
2023,11,12,35375,56264,87510,603,8464,1705.27,4801,4966,2701,9110,43683,21629,34251
2023,11,13,23637,90545,92000,65687,15356,1705.27,674,3154,3794,6571,94977,36271,47904
2023,11,14,29223,96132,49654,74873,49243,1705.27,4056,4616,1413,6290,12630,36229,5151
2023,11,15,12169,47725,61196,99870,62275,1705.27,2850,1832,1774,9850,51597,43482,21231
2023,11,16,44106,43283,86637,44253,89854,1705.27,523,1738,4096,6528,10299,43338,31614
2023,11,17,51679,708,44307,29445,78625,1705.27,673,1594,3600,6450,14036,11760,45877
2023,11,18,14451,94865,58139,26226,91067,1705.27,4707,1523,4369,6343,95775,25574,26088
2023,11,19,54309,92651,11002,48405,39180,1705.27,3094,1724,4711,9630,20301,33336,37653
2023,11,20,14629,52327,40481,8230,45547,1705.27,922,1349,3710,9902,10326,16128,13847
2023,11,21,81034,88634,17652,66756,44977,1705.27,3681,1282,2429,6035,80392,11608,29780
2023,11,22,23688,4839,68819,78400,57239,1705.27,3087,1866,2798,8567,96447,13406,39120
2023,11,23,32414,76904,79694,7476,31850,1705.27,3603,4235,2252,7607,12342,48580,48620
2023,11,24,37387,87376,80569,59816,73411,1705.27,2776,2098,1606,6594,91849,39388,10961
2023,11,25,95714,36289,27608,53512,4856,1705.27,3208,3621,2310,9253,61096,15511,24055
2023,11,26,84226,51053,94747,71478,58660,1705.27,534,2397,1642,5078,72212,34226,23441
2023,11,27,77940,9989,97677,60090,16583,1705.27,4478,3648,2165,6884,98511,13373,5878
2023,11,28,67492,88072,16995,84802,73678,1705.27,636,2902,2006,5674,29379,16642,28091
2023,11,29,1205,65790,32903,28373,66417,1705.27,2598,1424,1455,6627,20796,14390,5116
2023,11,30,48857,36627,93039,7375,80064,1705.27,747,2555,1956,7741,48708,19650,7902
2023,12,1,15374,43905,27679,93138,73284,2651.06,693,4073,1086,9065,21841,10242,48184
2023,12,2,51664,98901,50361,94643,19697,2651.06,3499,1323,4140,7054,36386,32042,14751
2023,12,3,37973,294,44368,25714,65355,2651.06,4248,2079,4273,8278,13146,13908,30370
2023,12,4,32815,17262,2982,30253,56327,2651.06,2805,4342,1334,6340,18984,26123,41175
2023,12,5,14269,78836,32447,38409,46061,2651.06,910,4032,1830,9422,26097,33536,35185
2023,12,6,61539,50347,96968,52164,34977,2651.06,1072,2790,1604,5405,98042,27124,3537
2023,12,7,76581,47200,17819,33007,46718,2651.06,4129,1980,1990,7927,99393,28050,36803
2023,12,8,59465,86197,62084,61295,17366,2651.06,1182,1054,4878,8149,47419,39855,38181
2023,12,9,61686,63492,73998,98836,98898,2651.06,2311,1829,1943,8886,41187,48660,38393
2023,12,10,46932,66670,75998,78922,24597,2651.06,3324,1678,1587,5407,78058,45304,25392
2023,12,11,39940,39241,90561,94819,13743,2651.06,1025,1738,1471,5526,90614,16720,37981
2023,12,12,79767,82926,24902,31711,93055,2651.06,1722,1338,4110,5450,51611,40058,32442
2023,12,13,98112,24936,90472,76051,76695,2651.06,1354,1634,4122,8267,27804,37864,18530
2023,12,14,16248,45182,29644,34071,36556,2651.06,2143,2674,3183,8396,80736,12590,20259
2023,12,15,90838,27459,85281,39948,50179,2651.06,1358,4641,3179,6829,57043,21225,36892
2023,12,16,21711,44751,4212,45833,23018,2651.06,918,4264,3548,9692,89686,46456,48368
2023,12,17,49951,56830,79131,69486,65227,2651.06,3427,2415,3676,7424,28715,20207,26219
2023,12,18,36952,75074,51201,15131,28255,2651.06,1355,1316,4346,6919,28501,42363,8245
2023,12,19,55287,28550,47980,65188,58242,2651.06,1643,4543,1704,7125,10381,42425,4018
2023,12,20,83344,8809,64841,3372,92517,2651.06,3578,4467,4980,9118,60949,13234,43556
2023,12,21,65728,63657,79552,35074,70576,2651.06,3788,2214,1601,8119,14812,11195,8053
2023,12,22,62137,19045,52091,89336,42522,2651.06,1760,1738,1280,5916,45587,30148,12472
2023,12,23,56509,35519,25968,41490,76650,2651.06,1075,2376,1924,5078,93801,15438,36917
2023,12,24,75031,53942,96067,27985,62061,2651.06,4179,1106,3863,7621,29884,31384,3468
2023,12,25,70094,27997,23601,57726,90950,2651.06,2873,2458,4705,6454,10608,31354,19188
2023,12,26,83461,76375,40083,50385,43354,2651.06,588,4735,4176,6654,62719,32588,1958
2023,12,27,36474,18251,23138,75337,25873,2651.06,1720,2317,2369,6672,70042,38319,19374
2023,12,28,65861,24268,52130,70566,4460,2651.06,3272,4271,1506,9422,71007,19728,23781
2023,12,29,91295,91597,44596,11823,8251,2651.06,4411,4724,1917,7810,36412,17789,23667
2023,12,30,3274,9486,96459,16995,6158,2651.06,636,2017,2119,7598,58935,27930,16501
2023,12,31,47575,43560,32202,14082,84618,2651.06,594,1832,4804,9784,87734,19407,3209
