year,month,day,sales1,sales2,sales3,sales4,sales5,rent, employeePayment, electricity, gaz, vegetables, meats, otherIngredients, publicity
2019,10,21,35899,59490,72818,78950,33637,1351.42,1273,2743,2509,8847,87240,19452,49412
2019,10,22,64466,27215,84414,37049,36105,1351.42,3042,3604,4404,7889,67770,25698,49973
2019,10,23,36853,40574,60255,45813,2474,1351.42,1278,3371,1597,5447,33672,16585,7109
2019,10,24,61211,41298,10682,63720,76497,1351.42,4793,1932,2840,8422,94361,43944,14274
2019,10,25,90532,87404,72549,79936,91646,1351.42,1985,4849,2243,8986,90661,16068,40319
2019,10,26,5700,63292,54440,72298,8739,1351.42,966,4949,1530,9098,50020,22256,4464
2019,10,27,46542,39814,79570,4382,30373,1351.42,3325,1816,2686,7226,17190,19331,23932
2019,10,28,43897,39176,14182,41141,21415,1351.42,2208,3465,4486,8000,32114,19162,21195
2019,10,29,32464,37350,95878,94577,69617,1351.42,3184,2509,2063,5518,36890,32435,45899
2019,10,30,3038,51569,69691,80724,55147,1351.42,1407,4042,1055,6940,40182,13821,36881
2019,10,31,18135,13744,7288,2621,58096,1351.42,3549,1910,3102,8862,11958,12719,39402
2019,11,1,34672,95229,72389,63778,48472,2344.13,3166,1391,1742,7788,71537,27746,21176
2019,11,2,46649,70580,3803,43589,27115,2344.13,1723,2209,2614,5630,15304,47016,33976
2019,11,3,9245,22215,40119,33672,40054,2344.13,704,1076,1550,9087,54853,45593,19190
2019,11,4,30264,38020,11985,21130,18261,2344.13,938,1261,4100,9029,24849,31214,33522
2019,11,5,19358,2925,54776,26972,83621,2344.13,3987,4216,3646,7478,59239,48699,20080
2019,11,6,66000,79588,39776,96770,88675,2344.13,2362,1186,1434,8702,56418,49963,10981
2019,11,7,4220,71647,81225,58321,7028,2344.13,886,2736,1430,5366,69708,25322,22427
2019,11,8,97094,60048,34540,5740,6858,2344.13,4438,2857,4717,9190,85978,44744,43779
2019,11,9,21546,94694,30034,86897,15392,2344.13,1860,4611,1614,8882,94283,47829,2805
2019,11,10,6863,66522,40567,32214,93536,2344.13,2535,1268,1673,8426,12720,43531,26627
2019,11,11,18558,67160,82741,24627,77725,2344.13,4370,1254,3411,5756,10102,28803,18719
2019,11,12,68561,5731,14767,59363,90168,2344.13,3543,3381,1150,7526,45594,19106,9050
2019,11,13,57088,19483,76088,60114,44261,2344.13,3644,2817,2318,6384,15214,16395,38808
2019,11,14,21455,23167,82018,84867,88923,2344.13,982,3834,2970,9584,33196,29489,1786
2019,11,15,3837,23093,42871,95759,53554,2344.13,1216,1993,4299,7303,87106,34911,4818
2019,11,16,62464,57103,64082,34782,9839,2344.13,1176,1292,1043,9545,32510,46318,17878
2019,11,17,434,12532,70153,39756,7319,2344.13,4244,2506,2793,8486,23265,46346,19702
2019,11,18,16932,4482,39692,57583,78138,2344.13,2494,1210,1034,6575,75381,10089,26798
2019,11,19,74453,92911,57735,81848,8808,2344.13,4517,1194,2776,9350,65347,26446,40245
2019,11,20,84372,34592,53954,43517,63059,2344.13,1214,1341,4403,5906,53924,42540,43571
2019,11,21,22704,12771,33141,39308,19346,2344.13,4396,1262,4136,7130,16706,42943,24875
2019,11,22,97376,2867,68537,16504,83889,2344.13,2949,4611,1179,6518,28127,14237,1958
2019,11,23,23177,84342,60579,37581,80248,2344.13,510,4303,3624,6532,58610,12969,30855
2019,11,24,4488,8007,89471,38624,31490,2344.13,2918,1798,1380,5622,61719,34573,47820
2019,11,25,33043,21021,69185,34222,50628,2344.13,4810,3803,3004,5388,11383,28252,47312
2019,11,26,22596,57857,13908,66220,21118,2344.13,541,1956,1875,5482,96931,44716,22518
2019,11,27,49183,94850,89933,49868,77657,2344.13,792,2050,1534,6328,61271,12016,18004
2019,11,28,49992,76082,46159,47997,67822,2344.13,2600,1768,1622,6507,72988,11498,7543
2019,11,29,45377,34882,11176,58604,86245,2344.13,3320,1738,4307,9604,13238,13315,8107
2019,11,30,93961,68792,40366,99337,5120,2344.13,1691,1463,4069,7849,19459,28243,17989
2019,12,1,78412,1364,7142,51271,90704,2431.97,1646,1178,2535,6434,28181,11993,26361
2019,12,2,91274,79961,31302,17231,97959,2431.97,1190,1749,4982,8566,88221,11910,44617
2019,12,3,82218,59685,13393,67,95496,2431.97,1810,3906,4350,5303,25176,16374,7988
2019,12,4,8017,38175,41991,95552,26128,2431.97,3897,2401,1118,5198,34631,48090,20172
2019,12,5,16167,45822,31192,1149,72700,2431.97,952,4916,1822,7190,71334,40943,19413
2019,12,6,74555,79497,64850,83905,11153,2431.97,630,4168,4551,8653,14719,20679,6378
2019,12,7,28825,54969,4433,95309,10167,2431.97,4750,1333,1236,7598,43833,23935,39064
2019,12,8,10355,80657,45204,5803,47224,2431.97,3098,1777,3738,7947,22034,39890,32890
2019,12,9,84326,38697,59059,45229,97350,2431.97,2259,2526,1718,6691,37834,21616,40130
2019,12,10,92107,97585,14302,9695,88526,2431.97,4981,1918,1495,6174,37386,18719,24488
2019,12,11,94427,50485,40497,23165,44784,2431.97,4406,1870,2579,8464,90689,31280,28883
2019,12,12,28594,39301,73807,90044,75993,2431.97,1660,4450,1162,5961,94145,30454,11641
2019,12,13,66801,10479,62038,38297,72016,2431.97,2015,1441,1259,7736,11924,27395,49424
2019,12,14,92747,85364,72856,26678,40180,2431.97,2957,3772,4197,8116,75168,11541,29897
2019,12,15,76109,53181,12344,1686,29142,2431.97,2139,2294,1967,8362,50590,10678,6489
2019,12,16,9953,7606,71776,92564,37821,2431.97,4958,1918,4447,9166,73595,19626,44085
2019,12,17,89063,47906,4751,24612,96022,2431.97,1152,2129,4450,8496,90166,44944,46271
2019,12,18,71337,22306,7239,4656,32835,2431.97,4989,4138,1785,8116,51701,19605,7829
2019,12,19,92201,71661,66525,88000,80827,2431.97,3977,1240,4376,5080,10852,16749,6472
2019,12,20,41351,47005,5232,90802,11853,2431.97,745,4541,4055,9335,20548,16889,45398
2019,12,21,67164,30539,26028,65301,45007,2431.97,4905,3559,1490,7781,41558,12918,44081
2019,12,22,40606,65537,49160,61334,10617,2431.97,3083,3318,4719,9666,59119,12646,26364
2019,12,23,95064,61217,67466,45471,70552,2431.97,2359,4066,4903,9486,19366,46262,38014
2019,12,24,48820,20625,49822,30912,4758,2431.97,758,1478,3267,5693,23048,33883,41380
2019,12,25,52057,17484,68555,91776,17150,2431.97,4699,3564,2006,7164,74035,25793,27674
2019,12,26,31531,86395,46213,82786,57486,2431.97,4047,2656,2554,8868,69919,23664,31931
2019,12,27,20249,80102,69027,93516,72147,2431.97,3751,4202,1828,8657,32330,43058,8427
2019,12,28,6331,92030,71624,27925,35547,2431.97,630,2076,3404,6282,49861,22241,45659
2019,12,29,48213,28910,44898,67120,74130,2431.97,783,4377,2622,6161,17010,49769,31170
2019,12,30,84589,14349,23972,10498,93006,2431.97,3556,1384,4683,6154,43612,15286,6302
2019,12,31,87190,80035,83658,51946,46317,2431.97,4187,1770,3779,5436,77999,11666,49871
2020,1,1,68783,63639,94229,61297,84236,2148.55,884,4935,4320,5476,15890,13958,43998
2020,1,2,26290,39981,71658,84173,99945,2148.55,1361,4978,1895,6624,42646,21765,38239
2020,1,3,13847,53527,16898,49283,31527,2148.55,888,1660,1148,6468,94308,12598,36159
2020,1,4,36818,40193,81672,71138,29279,2148.55,4463,1144,1898,9918,56092,45888,39613
2020,1,5,70711,27454,42219,58958,67113,2148.55,2075,2310,3390,5334,46593,36268,34865
2020,1,6,32835,78834,2930,98983,5302,2148.55,718,2118,3782,7390,29607,33060,47238
2020,1,7,53355,24072,54980,99299,6544,2148.55,1538,3606,4877,7522,52563,38341,11072
2020,1,8,88621,65991,35653,43363,96315,2148.55,4631,4148,2430,8912,44483,49083,48598
2020,1,9,62502,10202,41202,32636,73944,2148.55,2047,2297,1231,7027,42947,34127,37161
2020,1,10,14451,4486,27734,85680,24594,2148.55,756,4565,2639,6025,72928,25305,46649
2020,1,11,74623,2560,20807,68405,67824,2148.55,2487,1326,1842,5040,62960,15786,15290
2020,1,12,12201,95008,9436,39785,98387,2148.55,3911,4189,3220,6606,14868,14166,2384
2020,1,13,98293,55242,43732,77284,47619,2148.55,2589,3592,1150,9747,14002,19745,16660
2020,1,14,55037,90836,50071,63231,15876,2148.55,746,4428,4389,9618,18358,39128,29383
2020,1,15,23540,74476,68318,13112,92472,2148.55,2277,2115,1131,7361,84399,18749,49538
2020,1,16,20373,53341,57343,72296,43088,2148.55,2040,4475,2878,8470,77705,15042,30691
2020,1,17,87845,39427,64534,12235,10583,2148.55,2714,1922,1858,9562,63584,48395,15098
2020,1,18,51921,7215,55512,23052,10928,2148.55,3153,1299,4602,7418,14406,19041,6263
2020,1,19,28890,95636,83517,16768,54098,2148.55,1873,1942,1999,5654,70528,27581,27574
2020,1,20,82857,38243,94407,38781,6978,2148.55,3528,3897,1557,9039,98301,42484,7992
2020,1,21,31654,56455,40136,41256,4654,2148.55,1648,3542,1444,6516,50310,19638,43731
2020,1,22,4090,87184,68109,37442,4942,2148.55,1374,4149,3230,5781,42930,13878,38637
2020,1,23,50125,46459,75458,31682,21850,2148.55,517,3502,1564,5286,11109,17569,23759
2020,1,24,40735,54110,1112,96452,80626,2148.55,2618,4714,1308,5878,38507,26250,17774
2020,1,25,45716,19883,96752,55298,12016,2148.55,505,2139,2491,7314,10172,40692,39682
2020,1,26,21073,67042,10547,83989,47694,2148.55,2909,3428,1538,9020,19846,12788,21656
2020,1,27,36795,40202,57457,24455,30929,2148.55,2056,2995,3549,7626,48292,10564,12316
2020,1,28,69842,3798,22704,88686,51112,2148.55,4377,3535,1268,9924,88875,30314,49228
2020,1,29,77932,56785,85095,53697,42158,2148.55,1437,1242,1527,8150,19757,23807,36326
2020,1,30,12562,36815,66803,61111,66975,2148.55,3027,1815,1006,7082,25500,10858,15095
2020,1,31,26311,54879,7596,58931,11155,2148.55,4244,4085,1928,8686,59133,28116,12823
2020,2,1,1924,39772,69896,2169,59529,1863.52,1081,2694,1856,8544,79668,16614,10055
2020,2,2,46572,16485,9899,40006,58337,1863.52,1315,4566,2905,6422,40720,15727,28959
2020,2,3,80843,46159,68039,21534,5292,1863.52,3549,3566,1860,9602,42087,11806,46155
2020,2,4,94851,89521,40853,38059,98065,1863.52,2712,1984,3357,5232,17345,28045,20522
2020,2,5,67922,83661,57613,20827,41611,1863.52,2905,2453,1694,7622,60338,32486,14685
2020,2,6,67099,8888,6053,19377,60036,1863.52,2534,4885,4012,8386,92943,18428,14492
2020,2,7,25260,5656,45769,94969,44619,1863.52,3014,2539,3125,6978,49717,18974,13114
2020,2,8,11663,52624,27190,88858,23568,1863.52,2695,2017,2766,6966,42745,39153,37528
2020,2,9,74592,90280,44039,28604,95019,1863.52,3383,1629,1390,9151,47950,36311,3334
2020,2,10,22265,70965,65203,85391,84295,1863.52,534,2308,3895,7344,17517,14934,14921
2020,2,11,37547,5213,30832,66665,15313,1863.52,817,1255,1734,6207,51210,41578,23578
2020,2,12,69541,64594,44561,61233,23746,1863.52,2543,2361,4826,9098,47751,14120,42511
2020,2,13,10371,54230,92781,94266,87897,1863.52,3079,1794,1030,8910,16926,47174,10299
2020,2,14,38840,64276,53430,35401,80483,1863.52,3330,1374,4233,7890,43959,18670,4640
2020,2,15,80401,57855,71692,60227,36953,1863.52,698,2322,1078,6968,41587,44273,35796
2020,2,16,43778,76019,36068,75640,24930,1863.52,2814,1030,1294,6243,31872,21988,44527
2020,2,17,97236,75204,88363,82821,63094,1863.52,2150,4846,1528,6486,36424,43480,32322
2020,2,18,32341,77124,7156,38718,26955,1863.52,2990,2083,4761,5409,62722,16042,48743
2020,2,19,29936,1889,62515,71442,78133,1863.52,3429,1719,4590,8143,74539,49035,44388
2020,2,20,46818,83042,8882,53346,79587,1863.52,1825,1927,3781,7970,66996,15735,45307
2020,2,21,69076,99987,52819,10189,85396,1863.52,2582,1683,3781,5096,12526,28265,31893
2020,2,22,49484,12906,19985,35426,11049,1863.52,4461,2865,3916,9694,11210,39854,10876
2020,2,23,71353,24389,18134,10134,44721,1863.52,2220,3795,1467,5590,40335,12890,35130
2020,2,24,93284,49270,51251,43417,4367,1863.52,1681,1678,3631,8017,21979,44679,20727
2020,2,25,18893,6441,52546,29161,32487,1863.52,742,3839,4495,7010,30324,49216,30108
2020,2,26,54982,22546,79364,56450,83936,1863.52,1016,3570,3968,7266,36986,39686,19700
2020,2,27,97993,25020,76241,81624,33037,1863.52,2654,3280,1011,6234,13792,14018,48220
2020,2,28,41660,49160,73689,46155,19012,1863.52,1722,3992,1558,8758,46793,26845,4014
2020,2,29,27138,22810,36769,96106,66428,1863.52,2144,4419,1078,8384,62394,14514,40107
2020,3,1,55050,49148,97615,32953,79292,2471.06,4611,3450,1152,7118,63813,45165,17464
2020,3,2,48841,54159,88076,39927,17304,2471.06,2063,1958,3040,9521,22892,16304,31273
2020,3,3,81666,3665,89626,76402,66059,2471.06,3004,2459,4638,6970,70412,48930,4140
2020,3,4,34434,61376,43733,91938,98494,2471.06,2102,2334,3056,6146,14478,45359,7547
2020,3,5,72803,87029,51825,40843,66550,2471.06,3989,4566,3381,9942,40967,10791,24718
2020,3,6,75459,10324,98252,95097,93646,2471.06,4026,3078,1390,8232,36368,11236,35016
2020,3,7,61658,73471,8571,56066,15001,2471.06,1424,2802,1134,6508,44996,48463,28535
2020,3,8,94319,60339,63030,89052,65305,2471.06,4842,1534,2023,8900,35859,40668,20349
2020,3,9,49461,46238,85100,12204,349,2471.06,3439,3357,1289,8361,34422,42641,21468
2020,3,10,26896,2200,30444,42459,21801,2471.06,2273,1118,2130,10006,10348,17434,41793
2020,3,11,57004,71364,58198,4028,35810,2471.06,4695,1621,1645,9794,13824,23346,10409
2020,3,12,67614,3616,51704,78904,1977,2471.06,1544,3872,4677,8340,87682,26477,2479
2020,3,13,60133,44956,58948,12263,81611,2471.06,4696,3614,1831,8500,58993,37640,30469
2020,3,14,14654,3689,89263,87652,49836,2471.06,997,2448,3054,5410,96351,25030,19439
2020,3,15,15179,17897,70255,36208,2589,2471.06,2684,2720,1202,7983,74982,17206,24289
2020,3,16,18452,21031,72173,86636,41629,2471.06,627,1281,1206,9889,43932,16806,31166
2020,3,17,15681,4930,34842,38735,33983,2471.06,998,4160,1794,6723,13830,18029,31194
2020,3,18,41012,80757,47102,76608,18741,2471.06,694,3543,4465,9382,40178,17445,38436
2020,3,19,29857,30807,73728,81063,27048,2471.06,3455,2727,1202,6602,97813,39275,34012
2020,3,20,80842,94283,54788,62635,61006,2471.06,2015,3368,2264,7638,11328,22356,6508
2020,3,21,48904,21495,25900,24722,20185,2471.06,2166,1590,1884,9010,47454,23931,16079
2020,3,22,66258,62262,83012,37903,11911,2471.06,2177,4103,1458,8316,71738,18815,47177
2020,3,23,54825,35106,87185,8441,45575,2471.06,796,4477,1358,6695,35550,13094,48513
2020,3,24,72774,77718,22936,86010,9963,2471.06,1293,2571,4003,9304,30473,10913,20390
2020,3,25,6481,74003,70017,14292,72320,2471.06,3106,2143,3212,6642,51935,10286,8107
2020,3,26,1507,32732,65968,37865,39427,2471.06,4407,3552,4235,7342,14561,11108,1519
2020,3,27,4084,40855,98122,69439,66511,2471.06,712,4343,3949,6720,14566,15250,44947
2020,3,28,74827,3093,51116,84391,89736,2471.06,4528,1241,1572,5496,29106,41559,3051
2020,3,29,7015,39866,20112,2602,73560,2471.06,3150,3994,1879,5256,63433,16790,34674
2020,3,30,83923,10137,64086,19224,26857,2471.06,1843,1683,1632,7958,86073,26898,17720
2020,3,31,81009,41955,68141,33142,47451,2471.06,4700,1642,4815,9634,73417,43374,13599
2020,4,1,81568,37369,4069,4192,17154,3194.57,3113,2290,2895,7336,54146,10614,28811
2020,4,2,50532,72182,97779,28490,74608,3194.57,849,1561,4168,8990,80363,39118,24677
2020,4,3,83691,51180,58934,44855,24597,3194.57,2043,2515,1028,8966,26706,39533,18660
2020,4,4,39923,31172,16824,99171,54860,3194.57,4784,1590,1720,7838,50231,15094,37323
2020,4,5,14944,76081,83376,90464,51423,3194.57,4582,1465,1269,9744,96319,11740,13739
2020,4,6,73528,69716,78382,45908,30828,3194.57,890,2101,3963,8616,86271,23822,21440
2020,4,7,55939,12409,45566,31794,52675,3194.57,3608,2617,4581,7962,74433,12016,12149
2020,4,8,62075,54016,7469,93344,25235,3194.57,561,3761,4855,7894,61020,37034,20141
2020,4,9,81734,96462,40488,50697,65078,3194.57,871,2367,1048,5586,85512,16396,26760
2020,4,10,64937,84121,92164,69518,82457,3194.57,521,4530,1963,9341,54225,12197,16597
2020,4,11,85834,19787,77312,92041,80081,3194.57,4074,1814,1144,9562,12510,32573,38332
2020,4,12,12674,19734,69941,68193,72522,3194.57,2737,2458,1860,9810,23327,18962,21806
2020,4,13,51497,48849,99264,88460,14543,3194.57,657,1530,3275,8650,92416,13454,3490
2020,4,14,82652,21491,31523,50149,7405,3194.57,2721,1429,1014,9014,18514,18991,10385
2020,4,15,40820,97360,22802,13097,98612,3194.57,2830,1878,4977,6900,54919,25871,46130
2020,4,16,36935,5577,26248,26563,66249,3194.57,1270,3900,1505,7792,99048,30262,18664
2020,4,17,88177,98122,16692,84647,67136,3194.57,3638,4306,1376,5592,37403,49987,37666
2020,4,18,38921,5234,96,33899,88679,3194.57,1121,1965,3295,9502,84879,19098,21368
2020,4,19,37384,81150,24797,10242,25294,3194.57,1855,4821,3317,7102,14468,10916,40197
2020,4,20,77564,84459,46112,28940,77250,3194.57,3927,1170,1734,5374,66420,43778,33515
2020,4,21,66742,58894,52096,60038,61263,3194.57,4581,4997,3123,8764,25238,19546,36975
2020,4,22,84574,32094,89590,39243,71993,3194.57,1047,4555,4867,7159,78495,48469,4058
2020,4,23,90674,73775,30992,95774,69149,3194.57,903,2242,2656,8710,28631,17910,13764
2020,4,24,11325,64565,65269,45800,8942,3194.57,567,4866,1246,5156,49108,27296,6859
2020,4,25,15567,26509,93204,36786,33668,3194.57,1606,1394,1824,5204,36465,47325,38051
2020,4,26,12713,58721,15920,85370,49423,3194.57,639,1502,4114,7259,22897,34407,44551
2020,4,27,24119,28465,60626,95775,39974,3194.57,3070,1891,2593,5260,17362,36260,26086
2020,4,28,20677,60284,26954,98853,59233,3194.57,1177,1945,4843,8414,57314,17090,29771
2020,4,29,22999,9306,81365,32113,26566,3194.57,1519,2035,4078,7002,62809,39051,4262
2020,4,30,69583,2232,60943,22176,34857,3194.57,4788,1884,1253,6994,70737,10982,35971
2020,5,1,33267,77432,19059,95364,51098,1543.97,4713,1754,1040,6826,19671,25301,23325
2020,5,2,49698,86707,74380,93195,65868,1543.97,4128,4450,2076,5242,35659,43047,29783
2020,5,3,26092,7544,5653,94185,78281,1543.97,3400,1547,4921,7458,23262,12046,11139
2020,5,4,17135,57976,49126,38175,41154,1543.97,4828,2203,1016,9094,16749,37722,18797
2020,5,5,50343,95878,22174,7419,97181,1543.97,940,4624,1530,9910,33808,10008,7833
2020,5,6,83609,8561,87908,4883,86020,1543.97,2252,4505,1848,6377,57680,18718,27522
2020,5,7,95175,37509,66558,67030,8068,1543.97,4751,4761,4183,6562,98532,42715,33307
2020,5,8,1109,65350,32340,82837,37820,1543.97,4196,1428,1060,6920,42662,43431,32501
2020,5,9,7329,19915,12938,9177,46293,1543.97,3530,1466,1668,5786,24847,15248,36970
2020,5,10,34746,29599,40011,30281,72876,1543.97,2996,1370,3891,6778,89523,41711,38543
2020,5,11,54188,65072,79492,61601,28527,1543.97,646,1718,3419,8650,61383,18874,22154
2020,5,12,71290,46266,62530,12119,97706,1543.97,3719,3802,3327,7468,79083,22554,37377
2020,5,13,88624,18432,12890,8867,90119,1543.97,1929,1326,3836,5554,22258,28715,18766
2020,5,14,1278,77290,64570,59698,61611,1543.97,4408,4251,3570,6590,77722,36275,42305
2020,5,15,30667,71442,51430,80346,21523,1543.97,2899,1497,1210,8594,51715,21766,46865
2020,5,16,67259,18646,32425,51095,81418,1543.97,4809,4047,3323,5918,58744,19876,4683
2020,5,17,3036,39505,75538,7958,82795,1543.97,584,4813,1052,8086,10158,28926,3260
2020,5,18,8879,29411,5424,90527,77904,1543.97,2292,1358,2135,9442,96255,39905,23491
2020,5,19,65751,92418,88953,14074,69501,1543.97,728,3887,3552,5896,96845,36347,47697
2020,5,20,85508,7430,16161,42912,85796,1543.97,1837,4674,2080,7234,12486,16335,42671
2020,5,21,17103,63845,11497,25591,74913,1543.97,1000,1334,2873,6462,54735,19054,24105
2020,5,22,84848,95095,7613,88400,27343,1543.97,1098,2849,3239,7230,55760,14034,4458
2020,5,23,66282,77598,25061,54714,37562,1543.97,1049,4664,1808,5100,96606,31720,26613
2020,5,24,73002,28454,22383,5875,49253,1543.97,3247,1834,4916,5860,55202,32259,43471
2020,5,25,36670,46302,45109,64909,69912,1543.97,600,2544,1170,5830,14526,48732,17222
2020,5,26,63321,44660,19749,70129,93557,1543.97,1849,1558,4807,9478,72432,10411,16355
2020,5,27,406,97033,60863,5323,29245,1543.97,2581,1836,3717,9041,47174,48629,16065
2020,5,28,16263,58822,1174,27434,95529,1543.97,2517,3848,4442,9090,45329,12999,24784
2020,5,29,28620,97179,29558,89779,4114,1543.97,786,4519,1725,8478,26193,10969,18342
2020,5,30,93468,63775,43236,72186,79168,1543.97,2166,1782,1174,8339,39215,27462,6762
2020,5,31,63124,48085,36312,32566,60350,1543.97,1916,1310,1430,7825,95098,15635,31641
2020,6,1,95288,36507,24245,72691,62700,2538.9,2509,2825,3449,9398,21993,12566,35215
2020,6,2,91861,33776,17145,46553,89343,2538.9,4675,2426,2269,8592,97775,45261,44607
2020,6,3,86862,19448,56784,44687,30898,2538.9,2205,1184,3925,5830,15226,21625,22420
2020,6,4,63017,97736,14451,7818,68783,2538.9,4379,1994,1570,5760,39898,25912,2796
2020,6,5,87482,65926,29691,51104,24519,2538.9,1364,2731,3264,9500,88769,44161,27466
2020,6,6,41920,25976,36698,50845,3778,2538.9,3821,1793,1011,9624,90962,18470,1924
2020,6,7,22420,50342,44492,8991,43217,2538.9,1254,2049,1290,7630,98152,41185,34391
2020,6,8,74763,10870,18917,38028,80370,2538.9,3540,3640,1462,5238,11682,20142,7687
2020,6,9,53514,44659,53288,35877,14283,2538.9,2021,3053,4590,7865,78395,37806,44250
2020,6,10,32256,79651,1208,82571,26948,2538.9,934,1709,1581,9024,56088,23302,15713
2020,6,11,33063,4630,61943,99428,89868,2538.9,4569,3380,3788,5722,79257,18854,34131
2020,6,12,67106,82631,12477,78048,30496,2538.9,2205,4102,1873,6836,78025,13820,40872
2020,6,13,49126,68134,15531,92059,93510,2538.9,1712,1572,2599,8182,25999,32466,37971
2020,6,14,94137,11922,42200,22926,34778,2538.9,3699,1883,1782,7527,79930,17286,37809
2020,6,15,34752,12137,46389,21625,61902,2538.9,1797,1026,2546,7368,19436,36056,24414
2020,6,16,71650,51149,28981,64250,61155,2538.9,3067,1190,3252,5266,94567,34382,21332
2020,6,17,59427,93268,52618,79866,37147,2538.9,2151,1897,1035,9891,93522,22936,32548
2020,6,18,34306,61672,50315,43204,45351,2538.9,611,1999,2250,9192,81248,48404,19751
2020,6,19,62276,60669,53696,61880,82287,2538.9,1261,1713,2881,8878,37930,45028,14615
2020,6,20,97779,1434,83278,75166,11325,2538.9,4454,1981,4822,9546,10380,11638,26800
2020,6,21,50872,50797,17173,88122,41741,2538.9,2878,4015,1790,5860,82246,24079,14773
2020,6,22,37540,78509,32145,95422,43739,2538.9,1801,2868,1507,5622,33034,49183,20075
2020,6,23,83231,63841,61166,38053,28609,2538.9,3225,1672,3498,7026,10070,25238,16351
2020,6,24,2874,3184,79254,94667,76109,2538.9,3745,4999,2712,7182,25420,16450,27853
2020,6,25,70964,48574,90672,58823,55005,2538.9,4357,4586,3897,5522,92638,48857,40058
2020,6,26,18225,47216,44690,51724,35317,2538.9,1961,3190,1772,5144,32856,13988,11347
2020,6,27,420,1602,86989,73132,18843,2538.9,933,1157,3686,5922,64979,15042,28762
2020,6,28,53014,39337,19629,56911,91212,2538.9,768,4435,2186,6809,61158,27503,28620
2020,6,29,28156,4473,65694,9037,27040,2538.9,2377,3810,2854,5717,16941,13638,14902
2020,6,30,30831,39227,57854,40870,52184,2538.9,911,1548,3520,5540,78459,36083,39185
2020,7,1,580,95520,46346,67389,73030,1747.06,1895,2501,2245,7283,18190,37146,40201
2020,7,2,36013,48351,20001,38082,81644,1747.06,3912,2222,1812,9781,89405,35085,21697
2020,7,3,32045,27306,79959,57585,5765,1747.06,3095,2695,1560,8892,90083,15222,16042
2020,7,4,80994,18331,28444,53240,71966,1747.06,780,2977,2686,6738,62411,29330,32985
2020,7,5,64787,31324,16553,10689,57457,1747.06,2125,4500,4614,8362,63437,21731,22310
2020,7,6,74478,91533,94427,52390,82326,1747.06,3331,3319,1098,7130,16558,15030,1736
2020,7,7,64760,56944,31840,78798,50034,1747.06,3127,4820,1925,8318,25508,15733,44251
2020,7,8,29693,37634,21587,95660,46070,1747.06,2390,1102,1555,7294,72935,25233,35024
2020,7,9,79031,76268,38553,14576,8043,1747.06,2085,4153,3405,9142,67950,28439,5111
2020,7,10,64528,42431,93260,22805,49814,1747.06,3538,4506,4104,8566,75165,35173,35120
2020,7,11,61500,58908,55720,54407,37076,1747.06,4639,1106,1274,8191,30681,45668,45008
2020,7,12,39654,69119,51174,68060,39395,1747.06,2850,1122,4257,9874,59430,44071,35476
2020,7,13,7581,14321,39930,96685,90797,1747.06,3210,2295,1442,7868,13412,27428,31447
2020,7,14,65289,36342,59887,86563,20885,1747.06,3582,1086,1037,9755,28597,31784,6920
2020,7,15,35232,7800,68410,45841,80261,1747.06,4911,2840,3511,6192,14166,49307,44192
2020,7,16,77639,49087,1603,67992,69369,1747.06,1772,4656,2349,8010,37571,48233,24657
2020,7,17,94931,2506,58772,87320,2262,1747.06,920,3844,1519,7254,99684,16272,3721
2020,7,18,64409,5949,12324,22921,52141,1747.06,3579,4779,3638,6134,14122,14358,13201
2020,7,19,31191,42247,15368,8540,30258,1747.06,1772,1539,1795,7614,28858,40408,19291
2020,7,20,85617,80667,44253,13489,884,1747.06,1619,1194,1237,9750,18282,34729,10290
2020,7,21,63496,93144,64509,58486,99678,1747.06,4196,1744,3581,9136,39406,33838,44984
2020,7,22,40206,62531,25378,12001,44427,1747.06,2409,1395,1254,6036,76235,18489,20589
2020,7,23,23303,97855,50133,5892,48150,1747.06,621,2996,4191,5954,11366,30220,4697
2020,7,24,16465,42031,11088,86399,12946,1747.06,974,3150,1464,7894,81502,40154,16846
2020,7,25,98907,83912,52902,66513,63278,1747.06,694,1579,3342,5133,17656,15698,29137
2020,7,26,56182,49445,35841,20373,87278,1747.06,592,1654,3408,8031,12994,26353,5027
2020,7,27,11229,76729,95856,56957,5047,1747.06,3462,1246,2621,6363,86816,40898,27359
2020,7,28,45500,21818,43831,88842,6952,1747.06,3037,3132,3449,8878,99857,22078,19006
2020,7,29,20257,16802,42173,33666,44834,1747.06,1370,2413,1745,8934,29369,46791,48665
2020,7,30,65937,9184,67097,59910,25547,1747.06,808,2397,2082,7990,92591,49033,3913
2020,7,31,29996,5629,78518,64797,70859,1747.06,1874,1115,1528,9047,41132,22713,44727
2020,8,1,17503,45127,35809,89729,74497,3034.29,2016,3679,1048,7734,25578,36312,48953
2020,8,2,49087,29328,44747,26429,21919,3034.29,2775,3899,3649,7571,31109,49727,10132
2020,8,3,40798,22225,61256,86197,79709,3034.29,530,2211,4095,9710,13194,19943,33969
2020,8,4,31373,75309,69975,13773,23587,3034.29,750,2672,1232,9534,99100,29502,45553
2020,8,5,71316,71876,23402,26317,25799,3034.29,1043,2947,3087,7299,69144,22796,4512
2020,8,6,87620,65757,70008,66715,98177,3034.29,1657,4549,4958,5978,43321,19614,39651
2020,8,7,18537,9759,77569,76121,20943,3034.29,623,3609,4895,9024,34925,14100,43021
2020,8,8,49888,27321,89994,59328,64620,3034.29,2123,2239,1245,8482,35305,11556,25490
2020,8,9,8133,88316,85323,89444,11300,3034.29,4339,1187,1106,8260,22308,42048,44997
2020,8,10,81281,77932,17010,62529,73308,3034.29,4573,3195,4255,5918,82522,10226,1935
2020,8,11,51408,30998,28818,9005,49480,3034.29,4778,3963,3790,7030,79758,30089,14124
2020,8,12,11449,90451,26277,82556,78711,3034.29,955,4990,1515,7965,22518,49823,48585
2020,8,13,76252,8445,39371,71859,84363,3034.29,2085,2122,4241,7254,61126,35072,38245
2020,8,14,57730,25905,25388,26520,92358,3034.29,1608,3805,1202,5780,86360,40658,5147
2020,8,15,97822,93669,50649,40690,1634,3034.29,512,4236,4315,6234,66095,15029,39520
2020,8,16,34479,14533,67152,20072,91787,3034.29,602,4516,4182,6882,92387,46539,28279
2020,8,17,2029,98997,66698,13977,48234,3034.29,4634,2406,1725,6570,12410,14710,3058
2020,8,18,77507,59960,58948,91822,56194,3034.29,1850,2023,4574,8014,27094,47712,25043
2020,8,19,2281,98590,13581,72815,11825,3034.29,4354,3852,1316,6051,44181,35901,5969
2020,8,20,55461,48816,48308,18539,20451,3034.29,3248,2956,2714,8547,12268,33908,17756
2020,8,21,83590,12981,7284,39516,86983,3034.29,3580,1238,1352,7160,78428,27495,1472
2020,8,22,39481,14135,7701,77149,186,3034.29,4401,1998,1402,8132,90536,37499,1882
2020,8,23,11817,90137,51808,39531,48685,3034.29,4790,3625,2269,7074,88141,24251,7938
2020,8,24,14157,8074,96218,79828,41586,3034.29,2323,1066,1126,5023,74566,21669,40998
2020,8,25,33257,70321,93668,33953,14382,3034.29,2803,1197,1394,9611,82079,39376,1122
2020,8,26,13901,38223,88002,1170,85297,3034.29,1772,1618,1144,8692,95631,42153,42495
2020,8,27,95339,69307,39572,471,50682,3034.29,2140,3937,1628,8666,34242,31542,30490
2020,8,28,32716,38398,74092,23408,78009,3034.29,4135,3260,4393,6986,25781,46041,6172
2020,8,29,75984,17554,28198,92903,38247,3034.29,510,3585,4487,7894,34055,26520,40181
2020,8,30,21469,72548,76811,38630,4708,3034.29,718,2422,4449,9990,77181,43810,11053
2020,8,31,16787,56317,68423,27532,39805,3034.29,4924,2139,3109,8121,25042,16356,44205
2020,9,1,76450,99942,34142,67429,50349,2216.2,506,2896,2471,7764,27603,14875,10662
2020,9,2,30402,65026,80678,91018,42207,2216.2,4155,4874,2909,8039,71030,13890,24488
2020,9,3,7964,3171,31576,92438,44565,2216.2,2091,1013,4224,9926,19202,14572,47932
2020,9,4,78246,10042,87469,82070,70272,2216.2,3296,2024,1448,7956,16092,10022,15072
2020,9,5,18461,48550,69881,27723,16589,2216.2,2539,1816,1762,9114,49692,10004,40912
2020,9,6,93398,66784,42363,7622,34368,2216.2,2194,2613,3549,6014,11034,43820,47157
2020,9,7,91087,24331,60846,3887,18305,2216.2,3893,3116,1182,5125,97190,16727,35239
2020,9,8,2389,44731,23984,62822,40197,2216.2,4170,3594,1866,6533,57567,41178,23676
2020,9,9,90042,46114,20144,63591,22129,2216.2,2411,4566,1860,9226,49804,40164,31178
2020,9,10,86199,8698,59633,36339,70176,2216.2,4417,2563,2905,6810,51737,24453,23176
2020,9,11,33429,52260,24400,73888,95145,2216.2,1417,1550,4432,6274,48776,16560,31968
2020,9,12,32739,72540,12479,4599,73500,2216.2,1114,4697,2332,7099,12387,15024,12284
2020,9,13,60275,31806,46424,94532,91558,2216.2,682,4985,1771,9736,15224,11916,14513
2020,9,14,91704,96643,47102,52488,98204,2216.2,810,2293,4768,7878,68244,16544,12230
2020,9,15,26514,79359,34318,13847,82810,2216.2,1353,4435,4861,8266,53966,36419,46705
2020,9,16,48641,39304,27757,15413,65392,2216.2,3680,3446,4623,7133,25933,16742,42982
2020,9,17,69364,61334,1472,70484,9213,2216.2,3751,1460,1734,9420,65923,14587,19716
2020,9,18,26125,53630,24024,37339,87758,2216.2,942,1398,4996,7865,68162,15387,44342
2020,9,19,10847,61843,88834,66822,18976,2216.2,2351,4690,1100,8823,75174,13382,14768
2020,9,20,24891,20278,53743,6669,99698,2216.2,1256,2173,3294,6554,79511,27404,19666
2020,9,21,5973,19621,30155,55970,3839,2216.2,2708,4684,1510,6542,97858,45485,48317
2020,9,22,7662,35210,16529,83762,90385,2216.2,1778,1627,1979,5520,54647,28028,41703
2020,9,23,75186,42256,70202,64833,53887,2216.2,3588,4859,2037,8742,32180,11760,16066
2020,9,24,87059,19889,36913,63569,12783,2216.2,820,1802,2683,7762,20557,18850,1123
2020,9,25,99988,22336,41048,11967,77856,2216.2,1346,4392,4302,6548,50576,16386,12047
2020,9,26,8966,9165,84400,11003,97907,2216.2,3230,1316,4172,9718,64884,31954,32932
2020,9,27,37617,56643,18751,40300,64928,2216.2,4719,4915,1642,7118,93233,11708,39308
2020,9,28,19166,49581,41594,73468,92481,2216.2,3007,1445,1334,9658,28799,15593,42171
2020,9,29,15339,78382,16910,84511,48524,2216.2,2817,2491,4788,6298,42791,36067,48147
2020,9,30,57227,92511,983,35221,15982,2216.2,1069,1238,1500,5334,24965,18980,10569
2020,10,1,22973,86778,42520,21732,31929,1328.52,3422,1270,1373,8578,75185,39519,24465
2020,10,2,37102,77678,60660,55021,36821,1328.52,3598,1374,4061,7646,61663,24629,46728
2020,10,3,54888,13162,17482,3903,54479,1328.52,758,3803,1894,7924,15534,37871,2814
2020,10,4,78422,68957,64534,86148,39594,1328.52,666,3046,1734,5366,48067,36919,6071
2020,10,5,49406,76666,32603,63467,56837,1328.52,4448,1723,3779,7746,15625,28257,10618
2020,10,6,24744,77065,88413,47038,81022,1328.52,4908,1600,4255,5793,61942,45200,3948
2020,10,7,21865,53961,38248,88316,6639,1328.52,970,1043,4331,8388,35862,10106,2667
2020,10,8,34807,56663,64244,58586,94944,1328.52,3195,1038,3284,6458,83076,20658,46221
2020,10,9,61907,84337,46454,67515,50131,1328.52,2714,3346,2355,7758,76661,35346,8396
2020,10,10,53628,51897,41390,49312,76086,1328.52,1830,1794,1617,9730,85829,11561,43604
2020,10,11,94999,55377,97600,68283,13337,1328.52,594,1594,1398,8097,59108,31494,30676
2020,10,12,26493,88176,19841,5201,39137,1328.52,546,4116,4750,8287,74779,14384,46502
2020,10,13,58244,76610,84432,24861,75388,1328.52,1421,1570,1989,6118,55019,10660,20262
2020,10,14,81049,10313,46921,62413,28410,1328.52,3906,1254,1120,7502,92806,16044,22381
2020,10,15,26601,99705,75161,7703,64344,1328.52,4889,3938,2900,9321,63799,34639,49940
2020,10,16,35935,66573,5025,94276,83298,1328.52,953,1406,1708,9225,43110,15117,10045
2020,10,17,51606,53370,2724,78514,83468,1328.52,4557,1222,1585,6069,34121,25929,45530
2020,10,18,2361,99012,14868,45261,64685,1328.52,1252,1246,2943,5134,94893,11240,45019
2020,10,19,77673,77199,41939,64381,6424,1328.52,850,3029,4770,8573,36542,38237,1402
2020,10,20,10456,81100,64658,38393,33521,1328.52,673,1770,4141,5541,97492,28825,48779
2020,10,21,56912,93745,95796,51207,95022,1328.52,2447,2693,4239,5966,53426,40663,7042
2020,10,22,88491,49277,48693,43261,64202,1328.52,2850,1008,4037,8859,29401,32557,1587
2020,10,23,77638,60075,68438,8132,21968,1328.52,1956,1918,1026,5514,46437,21047,15930
2020,10,24,89794,58885,60093,90385,45975,1328.52,1047,4464,4146,6091,94077,19410,13519
2020,10,25,47678,8280,50709,46715,87139,1328.52,623,1127,2888,6742,89258,44855,46462
2020,10,26,46343,92568,6439,38721,75320,1328.52,4767,1464,3112,6211,71848,24086,2877
2020,10,27,16083,52897,24904,11581,98988,1328.52,1280,3017,3611,7986,26083,30749,18981
2020,10,28,34803,21708,11877,7691,2120,1328.52,3898,4813,1014,5336,14162,35373,17488
2020,10,29,78213,29653,83190,6326,32217,1328.52,1763,3298,4285,8018,59878,39625,21390
2020,10,30,73351,31160,18995,16962,69501,1328.52,2710,1318,3136,5939,28345,12934,45078
2020,10,31,93427,63596,66422,3481,88932,1328.52,850,3496,2311,9502,12356,14527,36308
2020,11,1,19289,29178,16774,57308,89057,2537.83,657,1567,1744,7619,22419,12722,22751
2020,11,2,95330,43074,36311,71269,87771,2537.83,1046,1365,1392,7094,56649,23350,4271
2020,11,3,6084,40146,55663,10830,62671,2537.83,3317,1958,1448,6390,39265,21127,36542
2020,11,4,92841,69924,7695,937,33895,2537.83,4109,1160,4538,6771,16844,27309,30114
2020,11,5,61042,14243,45027,98086,15122,2537.83,1435,2556,3172,6908,64738,20842,1676
2020,11,6,29992,68056,19154,12063,88146,2537.83,3189,2337,4693,7235,98273,44939,24771
2020,11,7,37349,52383,40516,43239,59155,2537.83,1899,1630,2953,7734,18280,19426,23712
2020,11,8,83602,56069,56984,58127,65870,2537.83,650,2212,1128,8956,24274,10625,21722
2020,11,9,89245,7464,7963,50290,31051,2537.83,1581,3398,4969,8414,27989,34123,6236
2020,11,10,75808,64889,70672,63761,46815,2537.83,4539,1768,2723,6522,21246,43593,5304
2020,11,11,94596,16567,55806,724,47393,2537.83,1348,2988,1018,5662,19629,10454,46433
2020,11,12,41898,81211,36049,33219,83307,2537.83,3694,4113,3926,8740,39226,42092,14038
2020,11,13,76021,38766,38861,53745,11640,2537.83,3689,1234,3025,9494,23309,40417,10107
2020,11,14,82279,51010,9758,2527,86672,2537.83,3824,4920,1204,9872,78138,43903,29387
2020,11,15,53911,61833,69370,99189,32550,2537.83,1280,4922,1174,6493,95018,41703,24948
2020,11,16,22952,8708,14290,15977,94554,2537.83,2745,1832,4959,5014,79358,15974,3951
2020,11,17,11890,33183,69255,38839,39407,2537.83,4093,3316,1164,8462,17722,24478,47393
2020,11,18,59762,138,99401,39826,62983,2537.83,1528,1876,3125,8706,18262,47679,44419
2020,11,19,16120,91008,90864,37431,73511,2537.83,1764,1751,4755,8214,40589,18332,20222
2020,11,20,94764,89683,52479,20341,24498,2537.83,1170,4258,4175,9286,24084,14324,27687
2020,11,21,21342,71965,43092,40820,50487,2537.83,4850,1605,3712,5713,20388,17158,11354
2020,11,22,15935,82153,60326,35690,13172,2537.83,4850,2934,3301,7370,44626,47798,17267
2020,11,23,57720,55797,48409,51895,82720,2537.83,4052,4061,1628,8495,61232,11295,38845
2020,11,24,46201,16083,94253,14913,78148,2537.83,3487,4081,3145,5558,46122,42668,30993
2020,11,25,67432,57325,50603,90733,37358,2537.83,4882,1366,2376,9642,46970,16448,11581
2020,11,26,8488,56023,70510,85649,40870,2537.83,3295,2069,4175,7808,15926,42322,48094
2020,11,27,54893,91822,52756,68038,41986,2537.83,705,1546,2553,7659,32852,26262,15230
2020,11,28,89240,87735,21339,56616,23730,2537.83,3063,2216,2035,9924,34216,47905,34662
2020,11,29,74370,47512,1327,54897,71411,2537.83,2218,1302,1481,6325,10691,13898,3309
2020,11,30,97907,21397,95588,86813,99056,2537.83,3074,3294,2526,6190,61262,12520,28441
2020,12,1,678,88472,92462,26955,22688,2285.87,1323,1550,1693,6220,57961,11353,40367
2020,12,2,69791,616,39188,52469,11308,2285.87,758,2703,4593,7186,48111,33033,9007
2020,12,3,50262,52758,65561,17379,30372,2285.87,2804,1049,1639,5265,74355,15678,21816
2020,12,4,51985,92031,52230,43678,64603,2285.87,1382,4393,2157,9254,12882,38464,26543
2020,12,5,35928,53588,87521,40522,7127,2285.87,3554,3739,3388,9114,91117,35112,35632
2020,12,6,77283,43922,66162,3922,5539,2285.87,951,2522,3898,8180,17551,29853,6869
2020,12,7,64723,5287,80599,8233,32208,2285.87,1696,3135,3750,8442,17322,10876,33812
2020,12,8,86200,82211,50968,74589,37678,2285.87,4700,1311,2357,8882,35232,15802,42085
2020,12,9,65434,21184,81771,30684,75717,2285.87,536,1790,4608,9142,65022,36815,49323
2020,12,10,24946,11720,4951,95049,62288,2285.87,924,3487,2169,6498,39427,16198,29959
2020,12,11,81681,65480,97510,84039,74045,2285.87,3286,4477,1628,8438,70160,12344,49094
2020,12,12,5731,47050,19136,26691,88184,2285.87,4858,4481,3580,9626,24529,40868,1030
2020,12,13,31120,96806,39356,59641,20050,2285.87,838,1730,1236,9699,17030,16294,45135
2020,12,14,88793,26759,90487,91773,33167,2285.87,4117,3897,4047,9604,65587,28583,26999
2020,12,15,6466,61798,58065,35047,62959,2285.87,914,4077,4398,6514,53717,15800,32594
2020,12,16,76756,79556,33883,53721,35607,2285.87,4729,1510,2760,6298,32522,12278,36003
2020,12,17,4918,2992,51176,45318,92596,2285.87,514,4061,4912,8316,34107,15750,33116
2020,12,18,47262,76374,51948,43012,57995,2285.87,3811,1101,1571,5396,21173,37177,5665
2020,12,19,45048,42255,77928,24160,70174,2285.87,1438,1442,4793,7940,36759,38741,26803
2020,12,20,37081,43364,37803,48346,91680,2285.87,2567,1198,1982,7006,98304,10674,38262
2020,12,21,12884,73468,6434,14456,82514,2285.87,2984,3912,1212,9086,68072,22737,43959
2020,12,22,89067,20863,64180,35212,24828,2285.87,3952,3260,1318,8106,42957,18686,17292
2020,12,23,16368,65525,23979,13706,56392,2285.87,4037,4275,2102,7318,11766,10967,38635
2020,12,24,35781,84419,54880,38345,63035,2285.87,1081,3452,1390,5261,14686,10830,39304
2020,12,25,92553,77617,95958,53207,5724,2285.87,3244,3442,1590,8922,52148,43534,38915
2020,12,26,858,21186,79162,29312,13009,2285.87,566,1190,1462,6070,13970,43048,29244
2020,12,27,50814,14567,27853,27332,89828,2285.87,598,3731,1970,7950,68290,31208,31517
2020,12,28,79900,6535,86003,17042,68758,2285.87,575,1944,1386,9736,15278,10106,38151
2020,12,29,85332,71910,70189,65346,83420,2285.87,4745,1178,3240,5204,77915,44419,23674
2020,12,30,467,22944,93152,25952,80281,2285.87,3511,1531,4327,9513,93573,19437,27794
2020,12,31,97665,4149,55405,89705,10238,2285.87,4752,1146,3943,9890,77265,17438,37035
2021,1,1,2011,9300,43207,70961,3567,2491.55,1426,2862,2128,7377,39494,24921,37626
2021,1,2,70889,16027,25602,46754,9600,2491.55,769,1734,1794,7718,56688,20180,45039
2021,1,3,45226,52258,45477,26519,29523,2491.55,558,2885,4841,8338,18845,49760,4191
2021,1,4,62316,90272,8975,9445,4001,2491.55,717,1240,4494,6318,54345,40445,48469
2021,1,5,87709,15116,36898,70855,65589,2491.55,1035,1638,1694,6511,37332,41717,43586
2021,1,6,7054,18817,39603,53248,43507,2491.55,3007,2173,1270,7954,47969,35422,8448
2021,1,7,76802,98688,93015,41297,91358,2491.55,1741,4066,2474,8638,49920,28063,47360
2021,1,8,62225,7308,55230,24419,10171,2491.55,1135,2224,4081,5737,86823,15786,8914
2021,1,9,30537,89831,26113,11959,18164,2491.55,3732,4964,2769,6746,52612,14126,24083
2021,1,10,70459,84355,59545,32933,69345,2491.55,2347,2920,3124,8928,72339,43295,25818
2021,1,11,74194,88475,76872,34627,60565,2491.55,3565,2452,3524,9366,19411,38039,13695
2021,1,12,55113,33144,99356,44234,56243,2491.55,4711,1700,2674,8522,75984,22018,1969
2021,1,13,10074,69685,86292,43198,34965,2491.55,2844,4158,3456,9715,43784,24020,8631
2021,1,14,43410,98703,31474,13286,79733,2491.55,1324,4844,1546,7032,79077,22973,17237
2021,1,15,85353,20141,99674,38027,4397,2491.55,1396,1652,1694,5384,90371,46658,25659
2021,1,16,37670,93216,5817,1127,89284,2491.55,1498,2692,1007,9323,45978,10739,15954
2021,1,17,56560,63655,95584,73292,97039,2491.55,1264,2390,1152,9190,20416,31901,41013
2021,1,18,37949,13166,79075,15995,75853,2491.55,2652,3522,4013,9652,14648,18296,19446
2021,1,19,17127,72499,989,98134,61823,2491.55,3872,3381,1973,6526,16058,24011,13319
2021,1,20,78172,54290,22755,5676,16580,2491.55,2576,1768,1335,6651,86873,48540,43171
2021,1,21,2449,15878,62063,81462,50699,2491.55,4757,2824,1130,6038,65957,27382,43063
2021,1,22,14065,41182,62117,57390,11989,2491.55,2753,1342,1572,8262,95835,23712,20141
2021,1,23,80030,49764,44592,52718,66415,2491.55,1257,3863,3694,9671,50324,30744,47817
2021,1,24,72734,16435,98570,54646,67181,2491.55,3380,2596,2060,8086,71338,34048,30879
2021,1,25,46989,85444,40561,87771,22303,2491.55,1482,2331,2510,9734,55048,18925,36396
2021,1,26,86595,56306,54141,66641,35977,2491.55,2385,1126,2250,9254,79707,20782,20817
2021,1,27,93185,94440,34732,31597,54936,2491.55,1997,3275,2864,8909,22397,30166,6070
2021,1,28,91657,83881,32498,94167,22659,2491.55,3091,4252,1694,7176,75893,12532,3899
2021,1,29,54401,89631,53946,8003,1937,2491.55,3785,1472,4443,7042,59421,15730,1910
2021,1,30,85938,41419,34007,93802,80328,2491.55,3967,1983,1635,5642,66149,45645,22756
2021,1,31,76715,45594,4899,53271,79177,2491.55,2154,4928,1773,6099,57931,10132,47144
2021,2,1,3069,16534,46900,82937,75955,3075.14,3873,3724,2988,9026,30403,35743,12631
2021,2,2,2994,18739,58732,75810,1241,3075.14,3876,3185,1262,8614,58713,39121,4377
2021,2,3,4301,8643,92247,56752,82926,3075.14,2855,1996,1614,9755,68929,22499,47308
2021,2,4,68738,54155,56225,81726,33181,3075.14,3820,2525,3070,5112,44686,39310,2980
2021,2,5,13281,13563,2496,5259,35709,3075.14,4380,1360,1202,6626,13112,35479,11209
2021,2,6,83935,72320,87825,30480,78427,3075.14,2978,2163,2259,5554,45240,26791,23106
2021,2,7,28535,45414,29317,66605,87965,3075.14,2266,2596,2565,8974,22855,39626,24004
2021,2,8,18674,17236,95987,4877,3862,3075.14,1707,4147,2770,9074,34626,26196,25451
2021,2,9,67638,87606,39713,11250,29512,3075.14,4392,3045,1717,7428,41001,34682,1305
2021,2,10,24065,79620,68631,27982,20733,3075.14,2607,4406,3720,9946,60634,28934,41486
2021,2,11,5397,67342,49434,19519,78226,3075.14,2067,1736,3017,7146,73464,17528,1682
2021,2,12,53084,77857,91927,16154,27918,3075.14,835,1981,3899,9465,79963,49631,49280
2021,2,13,27304,63923,5390,36024,60221,3075.14,1309,1969,3365,6014,11966,27942,16024
2021,2,14,31156,13555,73806,35525,81686,3075.14,4404,1121,2830,7682,67274,35747,13622
2021,2,15,26963,18110,37730,72214,53927,3075.14,1844,2581,4318,7234,33605,24539,34045
2021,2,16,9610,31267,56509,59327,62010,3075.14,2269,4516,2902,7426,61392,19587,7996
2021,2,17,41049,30798,20709,15231,8480,3075.14,977,1793,2443,5058,24006,42722,37983
2021,2,18,5455,62204,90304,19774,5790,3075.14,4312,1622,1527,6630,91077,49888,40261
2021,2,19,25168,78347,59406,13070,55773,3075.14,4009,3172,2946,6069,28402,42778,20798
2021,2,20,24053,29381,44572,62848,791,3075.14,569,1245,2133,8930,26018,19274,34931
2021,2,21,2486,20331,1025,90365,87503,3075.14,516,2669,1818,6010,42091,42572,42102
2021,2,22,53160,41101,55745,37459,77170,3075.14,974,2573,1231,9342,96773,47021,1010
2021,2,23,76090,52343,53267,39575,30920,3075.14,3848,4757,2318,6225,56473,19820,45637
2021,2,24,18327,13079,48843,5127,29089,3075.14,4050,3600,3385,6146,36058,41906,7286
2021,2,25,36646,82647,75833,82877,73806,3075.14,4898,4895,1299,9516,89469,38571,22606
2021,2,26,95154,14671,38329,27472,57248,3075.14,3644,1925,2880,9974,13403,13310,44802
2021,2,27,19772,77454,68273,84509,13601,3075.14,2766,1010,1976,9910,33122,10782,4331
2021,2,28,7556,79373,27030,65208,78889,3075.14,3778,4041,2520,8454,17865,21119,32851
2021,3,1,81510,13046,11140,10348,26449,1686.9,502,3902,4084,7894,17502,19767,30813
2021,3,2,90097,84100,56744,25048,17222,1686.9,2602,2945,1822,7809,91834,10109,33878
2021,3,3,67940,82228,57630,60046,93,1686.9,4657,2953,3146,7148,16610,34594,45102
2021,3,4,87961,54771,54849,37046,85749,1686.9,1812,1700,2802,9907,14422,12760,38703
2021,3,5,30138,49847,19322,7396,64009,1686.9,2504,1947,4734,5974,16700,19664,11156
2021,3,6,86588,88003,7781,94734,95151,1686.9,679,4463,1712,8598,52860,22952,16082
2021,3,7,5583,59673,65150,78385,55932,1686.9,1112,2420,2239,7078,19642,46247,16042
2021,3,8,47941,27321,44548,57675,35159,1686.9,3853,1745,2246,6566,32830,18748,2893
2021,3,9,24068,94863,68212,11271,95391,1686.9,574,2324,2095,5723,95709,19379,37424
2021,3,10,48117,13174,71800,80357,33607,1686.9,2955,2898,1640,7502,71924,26798,47968
2021,3,11,6747,55779,14897,80345,63765,1686.9,4093,4183,2588,7322,31805,17350,47727
2021,3,12,71081,32381,88008,84528,98104,1686.9,526,2572,3241,8410,42928,46847,33717
2021,3,13,72730,35884,61098,14370,89739,1686.9,2520,1484,1278,9694,93181,18915,33022
2021,3,14,86495,42275,73099,45436,92283,1686.9,1117,4714,3636,8258,80594,18091,4905
2021,3,15,4193,67205,30664,17434,25615,1686.9,4280,3344,1664,6946,29065,15565,23592
2021,3,16,74752,36586,28402,79903,59002,1686.9,710,1848,1734,9250,14576,38843,21583
2021,3,17,75877,23401,84910,29513,43878,1686.9,2604,3069,4060,8267,65503,24674,15504
2021,3,18,18212,46136,89371,60391,87866,1686.9,2307,3968,1373,7060,75222,46727,18437
2021,3,19,74996,40393,8576,55204,95014,1686.9,806,2241,1962,5308,16754,15839,32211
2021,3,20,27164,30711,63910,76224,75330,1686.9,2250,4892,1104,5954,70282,29764,29413
2021,3,21,7761,78942,58733,79135,16003,1686.9,861,2004,1408,6374,62552,16582,33956
2021,3,22,82999,22952,89307,54961,84612,1686.9,800,1774,3122,8558,17430,28451,6061
2021,3,23,80474,71601,38345,72373,60925,1686.9,3489,3685,2568,7221,47819,19922,8627
2021,3,24,77529,73681,10920,84581,40821,1686.9,1644,3818,2774,9238,95130,47385,23472
2021,3,25,14715,65931,9161,67837,16992,1686.9,1288,3816,2814,9274,10194,28738,29863
2021,3,26,59611,71031,47424,63531,14604,1686.9,4804,3484,1126,5854,93064,26094,45243
2021,3,27,548,96061,66265,13322,4716,1686.9,707,4429,3677,6219,87266,27021,11396
2021,3,28,66082,99907,90838,248,50891,1686.9,3985,1852,1530,6409,90383,11716,9731
2021,3,29,38004,6540,20201,23279,17264,1686.9,724,4162,2028,7986,47483,46743,29617
2021,3,30,93385,74543,66174,53414,27114,1686.9,878,4546,4697,5118,19596,20587,19792
2021,3,31,47355,5132,47440,44468,31541,1686.9,1183,1800,1438,5480,25525,44329,4175
2021,4,1,91251,44844,80732,39592,92327,1490.4,4327,3221,1270,5490,26686,46143,27476
2021,4,2,33176,36234,65841,70800,62379,1490.4,3153,2509,1570,5250,15401,37097,2780
2021,4,3,35156,1298,14164,27891,26823,1490.4,1593,4424,4687,7325,74015,28365,24845
2021,4,4,91153,39695,61587,17505,42436,1490.4,3647,1962,1726,5839,79113,12974,38274
2021,4,5,14971,97267,70747,81541,76240,1490.4,3637,1394,3796,9152,55637,30619,36148
2021,4,6,73997,22231,65044,43684,85908,1490.4,2049,2059,1830,7280,10915,37540,5412
2021,4,7,88261,24563,45855,45471,36754,1490.4,3707,1723,3586,5805,33264,14825,24968
2021,4,8,38305,68254,42572,58454,17407,1490.4,4072,1402,1791,7622,51438,22698,48209
2021,4,9,25879,73488,16111,20985,73475,1490.4,4876,3087,2940,5918,23557,18802,27026
2021,4,10,62051,88617,56418,637,40774,1490.4,1813,4078,1286,5966,37531,16098,6034
2021,4,11,88946,42956,15800,42089,13423,1490.4,4787,4301,2076,7246,76637,46902,33590
2021,4,12,7923,51514,24990,75863,88597,1490.4,1908,1304,2163,6660,67635,27937,48548
2021,4,13,75711,99450,73368,66349,90187,1490.4,745,1962,1710,5802,37572,49979,27251
2021,4,14,6486,18712,39281,79914,99609,1490.4,1815,3882,3783,7250,16097,38731,32270
2021,4,15,353,13006,39379,53868,82683,1490.4,3156,4744,2815,6122,41092,29353,23367
2021,4,16,65126,48190,41189,51683,71086,1490.4,1662,3922,2471,7294,73835,13431,28761
2021,4,17,39565,652,53667,23348,52457,1490.4,3430,4160,4120,7809,39379,48154,19764
2021,4,18,7528,87537,72899,30343,25412,1490.4,1047,1084,3532,7235,42219,49617,13991
2021,4,19,12349,10234,43541,26172,17529,1490.4,4603,2092,4378,9621,96791,12774,33728
2021,4,20,95737,25222,88699,94857,9383,1490.4,3010,1909,1966,9070,63603,14764,28079
2021,4,21,12603,56003,64267,91135,73239,1490.4,2104,1182,1719,6996,11757,19478,6487
2021,4,22,50724,67713,7692,1455,93686,1490.4,992,4421,2408,9691,10214,21790,20835
2021,4,23,54122,9992,5053,86088,92252,1490.4,4816,4854,1010,8176,95988,14248,35008
2021,4,24,46922,69445,16187,79993,86441,1490.4,592,2164,3360,9280,38618,22045,44296
2021,4,25,91823,59611,11468,54231,85654,1490.4,2372,4774,3440,7562,42213,30691,12097
2021,4,26,48785,18383,35546,89795,58818,1490.4,798,2090,2330,5874,16726,15114,47887
2021,4,27,13580,49027,57288,41940,20015,1490.4,684,1836,1867,8156,66066,15052,45906
2021,4,28,36605,24791,13648,75045,88568,1490.4,736,2351,1947,7633,43497,15764,22214
2021,4,29,21872,80244,87855,55555,49528,1490.4,677,3106,1290,5938,10102,25329,6289
2021,4,30,45222,85384,87166,17089,93540,1490.4,961,1214,4373,7758,10386,49292,19584
2021,5,1,27277,36644,16474,84910,96493,2460.58,1781,1735,2795,9370,26262,18176,48590
2021,5,2,38013,5722,80751,70977,10768,2460.58,2549,2502,4596,5989,12092,45531,6080
2021,5,3,73304,52537,56258,10617,74077,2460.58,598,1352,3545,5944,10486,10084,5550
2021,5,4,51557,9396,98126,70704,88083,2460.58,4786,1094,1460,8742,13422,23579,40740
2021,5,5,32969,62324,86082,8918,28313,2460.58,4448,1615,1011,5710,12231,11582,8475
2021,5,6,82608,48726,69145,91153,1693,2460.58,2541,4600,1153,5398,40303,19235,21759
2021,5,7,67759,36443,11682,14219,13332,2460.58,2798,1299,3778,7768,55216,32090,41456
2021,5,8,98707,26018,50059,76070,53075,2460.58,2508,1372,2367,6652,43185,45411,28642
2021,5,9,68411,55728,15013,65916,82746,2460.58,1502,1016,4461,9535,64722,37792,21668
2021,5,10,20991,68873,84093,41121,59104,2460.58,3211,2809,1677,9621,33878,34752,5661
2021,5,11,34615,77740,86786,61982,90744,2460.58,2393,1022,1406,8757,41421,34795,29972
2021,5,12,26777,9277,35300,51239,88812,2460.58,774,1154,1010,5826,67274,10700,16374
2021,5,13,61488,56838,18511,43165,96459,2460.58,4268,1073,2831,8502,18822,14330,18741
2021,5,14,27378,33152,45434,29428,88261,2460.58,4222,1389,2482,9521,82627,17646,3207
2021,5,15,82247,4362,43801,67492,10189,2460.58,4544,1675,2912,9406,31191,30722,11075
2021,5,16,48147,41813,11796,27331,39219,2460.58,2257,1595,1420,5390,12374,17942,37555
2021,5,17,45897,26597,90356,58380,92471,2460.58,1025,4716,1814,6177,58560,20235,39335
2021,5,18,47252,3105,8263,15164,82511,2460.58,886,2008,2618,8076,74338,36836,39455
2021,5,19,61588,71596,19784,48646,30638,2460.58,3963,1534,1830,5430,51265,17575,32158
2021,5,20,20005,43643,42293,46404,79820,2460.58,1639,2070,1262,9812,58586,11302,17205
2021,5,21,30708,54473,49827,28326,94858,2460.58,1513,2797,3464,5214,21442,18214,40518
2021,5,22,49806,45406,35637,24912,76076,2460.58,2486,2431,1895,9110,58834,26714,3254
2021,5,23,68335,41826,70137,4995,16728,2460.58,2812,3786,4546,7992,92112,44404,28723
2021,5,24,30861,73626,83554,59325,91275,2460.58,3426,1079,1752,6774,65990,18368,4996
2021,5,25,90020,74830,71611,36915,42312,2460.58,4980,1302,3622,6469,15640,21701,46797
2021,5,26,95192,39806,85488,11091,30149,2460.58,1846,1008,3929,5399,36684,41555,43952
2021,5,27,26747,55112,32635,93499,41878,2460.58,2677,3249,4806,5182,85163,48469,14978
2021,5,28,3788,81497,75468,8762,47966,2460.58,934,4508,2265,9238,86950,43765,41109
2021,5,29,42606,8797,54774,42887,14196,2460.58,4441,2293,2920,7076,50791,21150,41458
2021,5,30,98406,19821,69400,4564,76812,2460.58,3032,1208,3762,8500,89360,16727,20915
2021,5,31,35961,36176,92589,83226,84830,2460.58,3342,2434,4687,8115,70321,18882,29539
2021,6,1,21115,76177,35198,88191,43320,1864.13,1595,4492,3450,9334,56303,29364,22700
2021,6,2,60544,36903,98128,89044,42616,1864.13,822,3790,1238,9170,79971,19685,31207
2021,6,3,17923,23758,24373,82390,10431,1864.13,4665,1545,2134,6214,36087,11806,9607
2021,6,4,78914,39036,91299,37364,30194,1864.13,1728,2088,1722,9726,96131,43471,47602
2021,6,5,12414,21135,38614,52561,62067,1864.13,3597,4988,2341,9321,78729,19124,18585
2021,6,6,5280,33396,670,57415,39610,1864.13,572,3523,1592,6870,72238,22337,36757
2021,6,7,24472,55319,29426,25328,36526,1864.13,630,1194,3043,7536,34203,25110,25558
2021,6,8,58700,39153,21451,1042,68474,1864.13,1517,3752,4927,7186,47518,39536,1518
2021,6,9,23943,49443,24412,16087,26313,1864.13,3423,2136,1968,8410,17640,19414,46651
2021,6,10,26110,93967,86490,5506,34082,1864.13,1967,2781,4844,8417,10174,44669,20693
2021,6,11,84950,96692,34774,34877,83878,1864.13,4413,4171,3086,5176,40257,40751,48645
2021,6,12,78179,95033,57888,30148,95586,1864.13,1345,1694,2020,7834,27199,11102,33055
2021,6,13,74879,74167,20236,34723,58937,1864.13,743,3885,2100,6868,95114,10977,30410
2021,6,14,45513,35880,51501,93600,1056,1864.13,702,4234,4494,8589,25733,15079,8111
2021,6,15,41644,93431,53127,35017,31265,1864.13,2470,1142,2196,5420,57216,46132,46678
2021,6,16,13115,69312,6370,56567,16180,1864.13,3895,1692,3714,5395,71643,19110,1484
2021,6,17,43506,72346,50357,79353,47287,1864.13,4431,3929,4519,7828,40297,17135,26090
2021,6,18,60588,2768,39630,47784,85473,1864.13,544,4938,2508,6636,71504,48687,46846
2021,6,19,34473,55400,76732,88187,7148,1864.13,4308,2004,2071,9664,46356,34357,48375
2021,6,20,2106,57141,89640,87977,21050,1864.13,958,1636,4056,9490,29419,14230,46289
2021,6,21,57938,56039,82172,40446,89028,1864.13,4133,3499,1738,8894,28037,32574,3676
2021,6,22,80592,87347,15931,34015,13363,1864.13,4724,1902,4427,5790,13806,40476,12288
2021,6,23,87004,24909,38466,36060,86001,1864.13,3292,1190,1130,5463,11910,29302,34237
2021,6,24,39139,56221,69154,80918,88438,1864.13,4843,1550,1786,5774,19394,30603,47191
2021,6,25,8062,70471,62424,43841,11186,1864.13,668,3189,2127,9133,34248,43128,32220
2021,6,26,23371,53893,69771,79998,39356,1864.13,4299,4846,3078,8452,75763,47867,20506
2021,6,27,91995,5608,33248,9236,51382,1864.13,4838,1598,4464,9074,35986,10534,18994
2021,6,28,84481,36655,65191,7961,92141,1864.13,2440,1862,4683,7210,11859,18088,15792
2021,6,29,74068,37511,3886,17146,15963,1864.13,694,4308,1607,9232,33543,19340,46001
2021,6,30,83606,89734,61487,39422,8347,1864.13,1422,2827,4127,6482,17139,42619,47473
2021,7,1,34580,74482,73440,38142,2693,2819.48,2208,1686,2715,9354,72516,15068,32479
2021,7,2,10719,96825,16676,25331,46721,2819.48,584,1453,3854,9426,61152,11327,2369
2021,7,3,87483,70332,11807,75448,87471,2819.48,2851,3401,1062,5296,76542,47950,4426
2021,7,4,51474,88751,88153,70542,34457,2819.48,609,1470,3844,9166,70505,20564,10669
2021,7,5,21005,12145,73371,84860,93205,2819.48,2538,1382,4853,5638,56134,42323,34523
2021,7,6,61474,35338,30725,6732,87981,2819.48,1033,1622,2368,5537,26347,46825,23619
2021,7,7,36206,11957,92001,26402,14241,2819.48,1966,1597,2353,6688,52808,18134,28858
2021,7,8,71211,15347,81244,92416,22395,2819.48,1090,1822,4067,8166,23302,43399,3730
2021,7,9,71785,94336,49206,84153,69873,2819.48,2329,2429,2508,5681,48830,18101,25553
2021,7,10,34539,12149,86051,41892,48837,2819.48,2448,1398,1122,6902,28813,42950,38859
2021,7,11,10126,46256,93170,99193,10774,2819.48,3944,2557,2158,9012,83062,47030,16472
2021,7,12,66407,46744,35812,70267,2426,2819.48,3367,1963,1790,8844,95207,45626,34642
2021,7,13,29628,54008,98378,184,10404,2819.48,3133,1068,4798,5318,36073,18582,43543
2021,7,14,35478,45018,99482,78988,35872,2819.48,1017,2277,1286,7342,72543,48063,48896
2021,7,15,12823,77264,1380,9613,68033,2819.48,1590,2660,1945,9967,97843,27349,46587
2021,7,16,13511,7330,97879,19661,26336,2819.48,1583,1813,1314,6064,40800,31192,33952
2021,7,17,51312,33171,33470,96951,61351,2819.48,1365,4172,3275,5498,18678,10534,6013
2021,7,18,75683,71728,65321,42629,41695,2819.48,4977,1556,1998,7855,91216,46828,13164
2021,7,19,68159,44153,74994,63480,96569,2819.48,4671,2880,1290,8140,61182,43018,32146
2021,7,20,50506,38900,33543,50133,1645,2819.48,2792,3678,1654,6234,36306,13452,33680
2021,7,21,46277,72636,51362,33121,6843,2819.48,1300,1398,3081,5202,38480,49650,8930
2021,7,22,69792,33153,63883,35107,77645,2819.48,4476,3149,1290,8019,94634,48311,41417
2021,7,23,61699,12427,91991,83457,11892,2819.48,3260,4519,2284,9252,15288,24126,44649
2021,7,24,89904,70293,15480,92985,91586,2819.48,3986,1376,3464,9220,12835,31108,3961
2021,7,25,30637,23664,25611,10953,51683,2819.48,4263,4732,4022,7605,29540,27265,36597
2021,7,26,62255,9154,51785,95891,23775,2819.48,1368,1238,1068,7422,23014,37653,25777
2021,7,27,5809,48353,15383,25625,37574,2819.48,1732,4561,3232,8694,95513,36267,44570
2021,7,28,85291,21130,82352,50666,38735,2819.48,2930,2340,2397,6067,13230,27523,28245
2021,7,29,71844,49600,7554,17912,1448,2819.48,1916,3607,1623,7310,49231,49196,46920
2021,7,30,48220,72316,33759,32805,37363,2819.48,856,4004,3104,8262,12052,21839,45624
2021,7,31,12371,50305,39180,66120,46372,2819.48,3643,3214,3361,7548,52477,36160,18763
2021,8,1,24394,76120,26091,28045,41703,1867.68,2615,4017,1749,7114,67731,14926,41640
2021,8,2,43547,6737,86830,44026,29110,1867.68,2747,4413,4199,8867,25784,32961,8669
2021,8,3,98863,43999,67675,66411,96476,1867.68,2229,2221,1305,6648,81617,38007,20187
2021,8,4,31311,74233,68378,73060,32357,1867.68,1784,2254,4196,7236,36279,38306,36109
2021,8,5,88634,9028,67720,69185,47895,1867.68,3498,1756,1718,5058,29518,16682,9857
2021,8,6,22712,26748,20256,19017,66419,1867.68,3376,2729,2456,7042,87140,41164,1873
2021,8,7,94214,63925,33420,69763,43890,1867.68,4420,3874,1382,8586,18059,18656,19699
2021,8,8,68348,36558,22432,38555,39082,1867.68,1588,3144,1846,7402,97161,11467,1950
2021,8,9,43716,70538,59197,52524,28643,1867.68,3688,2855,1613,6928,17948,36854,46337
2021,8,10,13158,83390,35730,24588,41882,1867.68,3910,1894,3049,5398,48782,28482,20141
2021,8,11,74644,70371,56628,69693,28566,1867.68,2511,2280,1364,6128,41156,35671,20141
2021,8,12,85748,34845,24879,12361,78304,1867.68,567,2812,2237,5214,48751,18246,33849
2021,8,13,37789,49015,85700,60838,71709,1867.68,4319,2703,1204,5946,48747,49769,34482
2021,8,14,66087,96259,38403,23116,19318,1867.68,582,1190,1518,6902,33777,18124,29559
2021,8,15,83866,49345,33222,17455,16993,1867.68,2925,4780,1984,8624,15617,10810,31974
2021,8,16,13106,71290,65399,34310,83588,1867.68,872,4674,1756,8833,89141,46074,14147
2021,8,17,18392,14281,51140,49146,64298,1867.68,4554,4514,1236,7775,98320,17605,34917
2021,8,18,6101,91246,38739,37088,69870,1867.68,1134,4327,1996,7885,49988,25584,20708
2021,8,19,68384,50420,91611,95140,89253,1867.68,2565,3995,1383,8704,89492,25680,30752
2021,8,20,9974,64047,56547,76939,88175,1867.68,4543,4274,2464,9633,47714,32334,4868
2021,8,21,70342,20201,48014,28690,58086,1867.68,4273,2820,4773,8970,37960,16130,48002
2021,8,22,42988,11878,94374,54371,36935,1867.68,1403,3259,4264,9301,40197,19574,33866
2021,8,23,90521,1093,63065,52986,727,1867.68,1671,2419,2331,9684,16108,21768,27131
2021,8,24,47686,86735,64590,12459,48970,1867.68,2836,3308,2130,7132,79031,34064,18902
2021,8,25,77427,41787,47324,58043,61088,1867.68,1832,1608,3613,6249,20945,11392,37521
2021,8,26,33380,22617,93111,97063,72301,1867.68,3831,1337,1914,9772,65148,11274,9219
2021,8,27,35026,64337,69583,82156,57898,1867.68,2572,1675,1751,9895,26070,17839,14966
2021,8,28,17417,52903,35800,22382,59152,1867.68,3072,3883,1434,9526,11900,18012,6745
2021,8,29,46753,41129,20702,59058,57253,1867.68,672,3629,1537,6265,90785,40786,2202
2021,8,30,71232,89710,92463,77983,19605,1867.68,2173,3372,2786,8658,75753,13290,34885
2021,8,31,71069,20178,72174,66781,57712,1867.68,1144,4464,1208,8198,63521,42851,28119
2021,9,1,205,1482,73290,6470,8619,3013.3,4052,3327,2889,8170,17931,15556,14076
2021,9,2,50561,71305,45561,64886,63410,3013.3,2305,3587,2375,5438,41298,41845,25203
2021,9,3,2935,62115,27445,91133,41988,3013.3,1532,2191,3129,9454,65013,13099,36649
2021,9,4,85249,59066,61427,8139,47453,3013.3,2263,3013,3365,8360,62898,46775,45710
2021,9,5,69378,31556,46715,66753,66994,3013.3,4950,4928,1479,9606,61060,16942,38013
2021,9,6,39043,58945,50659,93524,30118,3013.3,1622,1718,1088,8810,56208,38541,32024
2021,9,7,30111,38472,36555,13476,82648,3013.3,1602,2024,2359,6642,35129,30705,15805
2021,9,8,27682,10080,634,94161,28826,3013.3,3978,4220,3342,9636,77743,33459,28046
2021,9,9,18012,50719,31530,9101,85119,3013.3,2641,1580,1209,8902,61408,25208,37738
2021,9,10,32704,38011,77233,96415,77680,3013.3,2119,1712,3792,8218,15872,17618,28714
2021,9,11,22151,34851,51839,75493,20840,3013.3,616,3850,3003,6380,64302,14474,45934
2021,9,12,10923,28296,46055,53484,28843,3013.3,3691,2897,3177,9134,74312,22208,23815
2021,9,13,990,1432,93921,39783,45537,3013.3,3752,4038,1998,7798,75882,48185,9793
2021,9,14,37876,67538,53389,67232,90723,3013.3,1705,1645,1982,8232,55128,41180,17691
2021,9,15,84279,50173,69079,62456,22449,3013.3,4663,3437,1173,8583,63219,23061,43391
2021,9,16,54728,3324,23452,32074,95266,3013.3,528,4493,1871,7304,16724,15196,49334
2021,9,17,17690,14782,59239,63676,58893,3013.3,4856,3170,1792,7878,21977,13386,30720
2021,9,18,83677,72993,43129,61202,17928,3013.3,4263,2654,1023,7714,21080,21289,6349
2021,9,19,23401,51340,70783,90272,51339,3013.3,4216,4027,3639,9807,49055,43883,3859
2021,9,20,70527,3912,53407,67770,44198,3013.3,2460,4225,4728,9558,10862,32655,25384
2021,9,21,53289,6042,55311,79313,30109,3013.3,1953,3508,1762,8184,60131,11771,42743
2021,9,22,7946,24348,97151,42937,64155,3013.3,1819,1032,1468,6577,35153,10665,46206
2021,9,23,98314,22614,54891,63042,69555,3013.3,696,2842,2710,7358,18506,12818,26670
2021,9,24,10101,35460,66327,70534,39547,3013.3,3656,3843,2157,5807,13568,47663,26458
2021,9,25,58365,59952,98697,24834,66529,3013.3,1850,1193,2815,6741,44234,42369,33850
2021,9,26,83411,89932,81564,82473,23642,3013.3,592,3742,1881,7969,20627,15570,16423
2021,9,27,20780,19285,87976,87937,31444,3013.3,599,4807,1058,5246,14640,15782,11108
2021,9,28,850,66492,35133,73665,89585,3013.3,2385,4346,2001,7906,71818,25643,45719
2021,9,29,46723,83462,75738,98605,61432,3013.3,2736,2210,2000,5758,70146,29795,46365
2021,9,30,21819,22098,69604,9229,72746,3013.3,4519,4946,3438,9312,63610,39374,1202
2021,10,1,12348,95073,28724,42648,66892,1338.9,4370,1438,1455,8662,11783,18352,4367
2021,10,2,27063,10346,91173,54126,80492,1338.9,2296,3941,1922,6126,91686,23870,20968
2021,10,3,81044,81633,57309,12047,61595,1338.9,3768,1202,3107,7491,32940,24998,13036
2021,10,4,38210,22311,91704,84665,26637,1338.9,3835,1910,1542,5007,24176,27027,19839
2021,10,5,22328,32825,45969,95602,34349,1338.9,4471,1744,1990,6274,43790,13584,4007
2021,10,6,6168,82559,3878,64275,66402,1338.9,625,4610,1950,7328,89274,18469,3171
2021,10,7,33519,33111,4872,63703,84470,1338.9,730,3148,1871,6110,18750,12572,29048
2021,10,8,7058,88222,44317,59048,31354,1338.9,2632,2520,2017,5732,18147,19770,4459
2021,10,9,46032,23773,74382,37865,37453,1338.9,2685,1950,3117,7556,51025,47587,13656
2021,10,10,22957,58108,20736,84828,11158,1338.9,3751,3214,4059,8067,77262,41764,5838
2021,10,11,78879,66247,45638,65896,75460,1338.9,665,1491,3908,6398,75707,41360,13785
2021,10,12,90055,48393,12331,19524,25949,1338.9,2110,3904,2814,8406,50084,48972,29708
2021,10,13,10036,80188,67187,70447,54608,1338.9,2211,3485,2046,8410,15732,10054,10801
2021,10,14,87985,51398,40350,91893,94149,1338.9,4604,4202,1610,7766,20077,23100,16057
2021,10,15,57995,37189,88358,95809,7739,1338.9,4780,4125,4980,8319,18318,39587,4794
2021,10,16,89120,83136,39425,32519,7336,1338.9,534,1671,2906,6930,19915,17054,5157
2021,10,17,7782,69520,17609,4934,47806,1338.9,4385,1608,1225,5494,17960,48963,37686
2021,10,18,87536,79093,33090,38869,7412,1338.9,4807,2883,3500,8474,45401,27187,4014
2021,10,19,39389,96778,5211,78647,88503,1338.9,700,2635,2002,6626,17568,17612,25126
2021,10,20,50995,61954,80954,42220,11049,1338.9,2535,3583,3005,6976,53803,14222,48914
2021,10,21,60990,98612,14653,30842,99196,1338.9,3028,4935,3182,9590,33582,11684,26406
2021,10,22,54716,45635,74320,82064,58944,1338.9,864,1289,1606,8169,68508,31240,8240
2021,10,23,53435,26044,96177,47793,49372,1338.9,4561,1470,1294,9190,57553,30489,16332
2021,10,24,56971,81934,51778,30153,11524,1338.9,3188,2590,2345,5024,64653,12586,35360
2021,10,25,90747,21871,32578,77291,60040,1338.9,4883,4826,4833,8542,77618,18420,17439
2021,10,26,37391,27180,35918,18686,24097,1338.9,526,1066,1646,7303,27570,13150,43472
2021,10,27,69015,52111,85871,16361,50970,1338.9,4000,1715,2394,7930,35357,48785,1060
2021,10,28,5369,10241,78612,81554,97652,1338.9,758,1394,4760,6676,86431,23856,6230
2021,10,29,36500,18310,21275,28256,1966,1338.9,1535,1968,2306,7406,14794,18275,15197
2021,10,30,67931,59045,26343,56677,46975,1338.9,1813,3694,3292,6950,50247,18438,28053
2021,10,31,73007,41007,53691,89120,84035,1338.9,4327,1885,4782,9782,65140,26747,6474
2021,11,1,13029,64080,49458,30435,84123,2143.67,4716,3166,1738,7744,12994,38479,34085
2021,11,2,9558,75187,43124,26335,25435,2143.67,4341,2792,1874,9634,83178,38286,11772
2021,11,3,34140,20064,63070,1094,1556,2143.67,3244,4583,1018,9053,45017,20722,6169
2021,11,4,49490,76086,63889,26269,63830,2143.67,1099,4739,1144,8456,16073,37353,20382
2021,11,5,2347,31767,70146,34161,36579,2143.67,2446,2070,3386,7498,88163,24942,3324
2021,11,6,58037,37760,5878,94636,53165,2143.67,724,4006,3332,9246,45274,23514,17248
2021,11,7,65980,26375,29606,27899,66950,2143.67,514,4295,3797,5397,13850,46727,45679
2021,11,8,55074,42255,33798,28460,44122,2143.67,4753,2157,2424,7962,13145,11941,38314
2021,11,9,9231,28503,80948,68915,24101,2143.67,3780,1414,3947,8385,17978,35896,26222
2021,11,10,417,49583,21545,94214,34980,2143.67,940,1404,3605,8790,51216,27727,41352
2021,11,11,45756,70970,46237,38180,29305,2143.67,1472,3534,4236,7419,23801,28336,9382
2021,11,12,39994,32582,34769,8941,70968,2143.67,1189,1383,3680,5476,81948,20011,19099
2021,11,13,24085,39241,76417,24043,46683,2143.67,1769,2437,4953,8724,46969,44258,27633
2021,11,14,90092,63442,99145,94328,60862,2143.67,2663,1718,1064,7576,26146,42846,22946
2021,11,15,42882,87336,30582,77914,86421,2143.67,2925,1020,3121,5614,34547,14804,12530
2021,11,16,68326,2669,7242,99631,17026,2143.67,3888,3468,2652,9385,17795,44865,4211
2021,11,17,82331,56812,95720,54210,30595,2143.67,2055,4828,1116,7636,67741,11973,38218
2021,11,18,56518,15667,38831,24640,56360,2143.67,4443,1036,3749,6684,40667,42127,39730
2021,11,19,896,908,65596,34900,76645,2143.67,4764,1338,1554,7370,29536,14030,33392
2021,11,20,80053,42945,93329,21958,70581,2143.67,576,2098,4440,5465,51737,15800,27423
2021,11,21,11548,7533,23189,20297,54217,2143.67,2423,1463,2467,8752,12734,24111,30208
2021,11,22,44115,52479,49439,669,94314,2143.67,520,1446,3271,7708,12675,17712,45328
2021,11,23,91272,79311,52302,712,84777,2143.67,2863,1323,2922,9646,32971,48491,20391
2021,11,24,2612,95396,86307,16431,56119,2143.67,542,1926,1499,6332,17252,11636,42670
2021,11,25,51660,37773,62884,89931,51622,2143.67,566,4244,1221,7584,76308,12004,25559
2021,11,26,4179,75524,68673,48453,97928,2143.67,1943,1891,3390,9602,49673,19508,1644
2021,11,27,42272,40216,86093,20123,12901,2143.67,935,4559,1117,8818,70842,18190,3345
2021,11,28,30730,85977,84688,1951,69764,2143.67,4299,1202,2870,5952,38746,17150,10996
2021,11,29,60967,2042,394,90710,51644,2143.67,898,1094,1634,5334,30389,19534,1222
2021,11,30,66007,22677,84094,23476,77848,2143.67,2566,4928,2263,7253,43230,43379,21288
2021,12,1,17530,33673,63823,76853,88771,3051.61,4170,2164,1365,9768,58807,47784,30973
2021,12,2,21450,85427,4419,84112,32168,3051.61,1469,1195,4397,9945,49042,45685,23953
2021,12,3,22512,73971,69301,56117,33553,3051.61,2068,2433,2704,7190,44285,11862,12680
2021,12,4,61864,14809,58639,9581,59688,3051.61,2364,2488,1162,7158,81599,17743,33799
2021,12,5,52087,64422,38939,76485,54367,3051.61,3521,1877,4655,7821,49345,28208,4334
2021,12,6,86854,16414,95642,49558,47304,3051.61,2383,1046,1087,9526,35099,47126,6280
2021,12,7,26173,42464,44616,78101,70599,3051.61,2195,2684,3339,7485,15520,27705,42567
2021,12,8,21819,4042,70935,32827,78216,3051.61,1034,1238,1692,6064,30977,11446,20280
2021,12,9,29307,48361,25867,16746,40735,3051.61,926,3258,1133,9598,77710,13472,27318
2021,12,10,110,39906,45768,23450,57392,3051.61,1154,1132,1681,8386,28387,19802,11289
2021,12,11,92369,5774,41317,45414,95154,3051.61,2113,1632,2006,7979,57557,44092,22294
2021,12,12,65298,54134,93704,17783,95325,3051.61,865,1762,2671,6632,18882,35062,21414
2021,12,13,64273,20038,96976,45955,8479,3051.61,2202,2198,2488,7048,62611,42641,41716
2021,12,14,52165,24725,99806,5523,29057,3051.61,4615,1420,1495,9670,28487,13648,7363
2021,12,15,81084,69353,18605,25107,72337,3051.61,702,1609,3876,7002,98915,32354,37488
2021,12,16,65212,21118,99553,29052,989,3051.61,3045,3153,4592,7850,75027,48648,28517
2021,12,17,61565,74643,75706,89412,665,3051.61,2582,3100,1248,9558,23206,28585,20545
2021,12,18,68674,49728,31547,58902,73224,3051.61,1255,4786,1578,7160,83837,10298,30462
2021,12,19,35677,88235,22073,55269,76085,3051.61,548,4000,3094,5974,43411,38758,47100
2021,12,20,16520,55994,86859,39120,87181,3051.61,2704,2205,1144,9250,31107,49367,26418
2021,12,21,79712,88715,20506,47643,45875,3051.61,866,2902,2577,8633,53171,35013,4343
2021,12,22,35733,89793,39015,23827,85767,3051.61,3937,3637,4771,8618,57757,16616,48778
2021,12,23,58565,91814,30509,34709,41065,3051.61,864,2127,3034,7526,84769,28908,27968
2021,12,24,41628,1331,43164,50557,39964,3051.61,1921,1402,1126,7287,15874,38244,46335
2021,12,25,6066,61164,23235,60837,93312,3051.61,4139,3227,1026,5999,19288,46572,47344
2021,12,26,60320,19716,53,43354,57001,3051.61,3613,4979,2504,7134,65535,17648,1174
2021,12,27,44463,17457,34516,46941,24745,3051.61,1537,1628,2905,9552,16004,37568,16743
2021,12,28,88467,43489,5797,93975,9488,3051.61,1899,4806,2503,6616,13159,34503,41437
2021,12,29,74477,18126,49483,76981,49902,3051.61,2152,4364,1494,6667,57656,12558,31370
2021,12,30,69762,9194,53436,14020,317,3051.61,2939,3782,4920,6198,99109,30759,11433
2021,12,31,31524,56009,567,9028,29312,3051.61,3530,3787,3202,9365,97120,14456,30078
2022,1,1,49273,25173,22265,52292,82829,1314,3405,2022,1973,9726,92338,19524,28539
2022,1,2,20364,97474,64678,10452,96583,1314,3326,2590,2355,7353,98253,42432,45438
2022,1,3,27237,18393,6988,36602,31865,1314,3687,2488,2967,5952,49780,12147,37796
2022,1,4,60843,4538,54170,42817,56962,1314,2573,3676,1362,7216,20479,23267,12861
2022,1,5,79041,78807,25858,7748,46160,1314,1531,3395,3854,9870,26348,40719,40463
2022,1,6,27666,20037,88208,90633,52341,1314,4132,3182,3876,6612,72350,32189,4340
2022,1,7,2514,74925,42219,79199,58528,1314,2465,3919,1503,9358,61666,16090,12698
2022,1,8,35137,44550,93763,93992,34421,1314,1062,2085,1499,5621,69070,25191,20112
2022,1,9,59962,38203,54726,35190,77856,1314,2379,1506,2000,9597,59567,26879,27077
2022,1,10,88647,28386,47151,46503,23060,1314,517,3196,4717,5118,68539,16578,8817
2022,1,11,97095,85954,66224,69946,91575,1314,574,1535,4847,9862,12338,17702,35294
2022,1,12,93291,70457,48072,11643,96406,1314,3521,1942,2376,5671,31553,25435,23992
2022,1,13,60840,98423,49984,30557,59055,1314,1046,1148,1664,7269,26094,12402,18523
2022,1,14,68915,37583,80290,58762,3797,1314,1463,2086,1462,7166,17466,16579,33367
2022,1,15,14879,13602,67984,83607,65625,1314,796,2815,4311,5377,89724,23365,49537
2022,1,16,60252,40771,45866,81080,58040,1314,3481,3305,2246,8438,16598,46042,38312
2022,1,17,73490,44882,59482,60016,35769,1314,2947,1998,3163,7510,50604,13787,18210
2022,1,18,26819,25999,6604,41130,67728,1314,846,2978,3449,6138,25409,11488,12680
2022,1,19,97728,35243,54794,39974,25366,1314,2368,1718,3092,7426,91573,15474,23212
2022,1,20,46411,34521,37212,44574,45451,1314,4713,3621,1398,7668,46102,14245,4169
2022,1,21,60348,76950,58576,13797,86366,1314,1636,4092,4227,5572,40418,10944,33986
2022,1,22,85993,42787,92503,20437,4636,1314,649,1045,3596,7861,11971,30399,34077
2022,1,23,32030,36685,69021,78548,84353,1314,2792,1051,3423,5498,74847,11140,31475
2022,1,24,51705,32836,11586,87285,45617,1314,4580,1608,1141,7083,52044,15776,2004
2022,1,25,57512,42695,83174,92460,86908,1314,2858,3936,3180,8230,13835,48884,45145
2022,1,26,89706,22980,9936,14481,90699,1314,1973,2403,3969,7126,46039,29585,1135
2022,1,27,21914,10620,27546,33055,84055,1314,758,1565,4988,8355,34025,41895,45943
2022,1,28,59853,23236,77184,24385,97819,1314,3269,2523,1426,9556,18355,21047,41019
2022,1,29,692,60329,79803,34661,30239,1314,598,2151,1461,8143,85205,36867,25842
2022,1,30,54086,66740,78434,9074,31448,1314,2320,2651,2045,9016,32035,49863,28811
2022,1,31,51874,21657,53739,82223,21214,1314,3270,3256,3774,6154,89268,45365,38447
2022,2,1,19867,47517,78080,78011,49075,1805.07,3447,1636,3379,7756,47260,38541,14947
2022,2,2,41194,54912,90588,2050,3300,1805.07,558,4955,1893,8849,62520,15339,6803
2022,2,3,88472,777,80466,87896,90046,1805.07,3161,1263,3347,9990,20625,38773,25831
2022,2,4,6188,69074,20939,15919,59299,1805.07,4460,1994,4462,5626,18892,18236,34552
2022,2,5,34554,5520,422,61447,74369,1805.07,1785,2839,1270,7216,50734,36467,12942
2022,2,6,49434,63897,12731,89133,71489,1805.07,2905,4027,3781,8844,19902,28079,33357
2022,2,7,83396,80759,94923,39210,42158,1805.07,4675,3062,1382,5096,54509,10054,13816
2022,2,8,78038,47647,72894,74460,21250,1805.07,926,2035,3875,9718,76167,25364,23628
2022,2,9,23366,70426,69392,58499,85622,1805.07,1577,4016,1447,6026,24577,34956,45690
2022,2,10,61667,39253,28020,97353,70701,1805.07,2406,1590,1526,6651,39549,34128,48881
2022,2,11,20280,16829,71164,40507,6838,1805.07,2222,1554,4107,7966,10114,19728,13683
2022,2,12,13656,41630,5097,6456,89481,1805.07,1411,1147,1630,5782,48499,22331,46027
2022,2,13,1015,72259,37422,47542,68910,1805.07,3021,1090,1270,5536,46047,33339,43323
2022,2,14,99219,78270,79894,33327,96236,1805.07,3054,1243,4278,9016,32698,48759,1298
2022,2,15,20530,90462,16259,22160,92597,1805.07,4490,3610,3367,8263,57503,22277,14758
2022,2,16,41587,5525,27818,68089,57413,1805.07,1428,1631,4838,7673,89957,47425,40217
2022,2,17,98972,59364,23669,74602,33867,1805.07,3360,4395,4532,9618,76555,22128,22719
2022,2,18,20729,87398,82091,90448,35662,1805.07,2724,3599,1470,6894,61687,35235,39595
2022,2,19,63463,63116,91867,48301,77142,1805.07,2078,1112,2538,8422,50713,41405,31824
2022,2,20,74818,90427,45801,70702,46397,1805.07,4181,3476,2457,5114,73924,44470,38708
2022,2,21,97218,3001,88070,75041,76247,1805.07,560,4709,4224,8594,17474,22717,16109
2022,2,22,317,66440,98830,57855,68539,1805.07,4259,4707,2672,5678,30408,35421,15895
2022,2,23,66472,5942,18898,8929,47213,1805.07,3398,1574,2174,7819,52174,38420,9174
2022,2,24,73929,62450,44482,19505,80943,1805.07,2221,1258,1158,7402,55464,11638,48844
2022,2,25,23297,21077,59880,12322,48841,1805.07,2742,1274,2580,5992,24240,26145,6640
2022,2,26,92166,43991,53280,20692,51811,1805.07,936,2090,4254,9945,61594,15196,5454
2022,2,27,35141,3816,62807,66775,61218,1805.07,1947,1740,1406,6366,29538,18182,18271
2022,2,28,66171,77281,19851,78751,76625,1805.07,1247,3789,1578,7094,11674,38946,10443
2022,3,1,31296,31037,30586,17593,92631,1494.55,4084,2797,4939,5859,74014,19134,45782
2022,3,2,2807,91233,65261,45985,20771,1494.55,2154,4403,2353,7257,91027,32795,36152
2022,3,3,94857,76169,19932,35736,82001,1494.55,2066,4647,1266,9004,63592,15249,8879
2022,3,4,41138,32677,78047,16078,68536,1494.55,639,2693,4645,7251,33678,46767,18414
2022,3,5,93403,62185,11171,15756,85794,1494.55,4902,1310,3365,9678,32737,26717,2198
2022,3,6,60065,31156,22718,32683,60160,1494.55,2931,1297,1378,9350,33726,20225,36310
2022,3,7,60744,59366,7919,36741,82969,1494.55,3507,1371,1134,8310,16966,22278,7949
2022,3,8,63228,23382,19281,57946,74568,1494.55,1014,1976,3173,7472,83665,19378,2018
2022,3,9,76393,97950,77334,28083,90280,1494.55,3307,2374,1776,6225,20466,19745,11060
2022,3,10,30527,53974,62469,67012,31356,1494.55,4289,1880,1368,8570,85232,12854,20947
2022,3,11,76940,36247,52582,76465,26331,1494.55,1149,4074,1900,6974,47156,23531,2600
2022,3,12,40895,11816,40906,27671,84394,1494.55,2415,4919,1696,6235,81930,13052,11372
2022,3,13,47183,71220,73988,74214,96142,1494.55,812,4433,1817,9500,65897,18026,9220
2022,3,14,13697,18399,73575,96949,48234,1494.55,968,4127,3898,7736,33149,33291,37083
2022,3,15,89108,46918,64563,37157,23153,1494.55,862,1686,4063,8902,60900,46557,46493
2022,3,16,66119,53065,35991,94288,14162,1494.55,3787,2858,1638,9474,41158,34871,1888
2022,3,17,75796,11639,73999,24694,39375,1494.55,4336,4834,4064,5250,81990,43569,7148
2022,3,18,1743,98551,80256,52159,89098,1494.55,3715,1567,1152,9420,65854,41085,7508
2022,3,19,52945,14642,85296,89583,53355,1494.55,4453,4150,3091,9616,70195,43818,26454
2022,3,20,88304,60885,38653,58720,16135,1494.55,2288,2877,4192,8896,70035,24641,20643
2022,3,21,6404,85103,12561,33328,36160,1494.55,4412,4103,4408,9707,95038,12762,28415
2022,3,22,86161,85844,8265,40605,50648,1494.55,4422,1238,4344,6158,30373,10966,28461
2022,3,23,93717,99015,73356,29261,47911,1494.55,516,1340,1196,5636,15998,47355,9743
2022,3,24,77580,78405,86460,86988,54464,1494.55,1102,1258,3692,8742,97580,11206,47850
2022,3,25,52827,32003,5994,92171,5077,1494.55,4001,1222,1733,7356,60756,49643,2720
2022,3,26,13452,31010,86661,74648,30175,1494.55,3355,2753,1666,9398,11093,39873,40654
2022,3,27,89016,77196,96850,72708,51562,1494.55,3399,1490,1431,5744,12910,47859,44430
2022,3,28,98464,76912,63004,50197,30621,1494.55,1191,1722,1120,5714,51422,10422,23760
2022,3,29,59858,39778,9048,45267,30944,1494.55,1491,1310,3687,8340,18046,15249,20141
2022,3,30,9122,48770,85990,51905,94514,1494.55,4763,4329,3515,9118,75877,10984,15252
2022,3,31,2878,58422,15911,90350,11274,1494.55,1643,2482,4814,7043,49100,37109,33685
2022,4,1,50593,23421,67224,65285,32439,1784.5,4406,2559,4813,6310,92072,18934,32473
2022,4,2,26075,1402,58580,21545,93632,1784.5,774,2052,1328,9054,79677,46365,30419
2022,4,3,22768,67160,86180,56163,16260,1784.5,4697,1851,1708,6920,48488,45498,23289
2022,4,4,25745,22895,43058,60558,65557,1784.5,1974,2982,4235,7650,29527,12866,1483
2022,4,5,32325,70302,14919,95005,1425,1784.5,1369,1096,3106,7548,96705,44366,44596
2022,4,6,17190,22756,77570,30250,99676,1784.5,2100,1772,3951,5157,18702,30860,26058
2022,4,7,2992,45656,38843,72228,47562,1784.5,1445,1237,3670,5442,91241,12904,18370
2022,4,8,77312,48964,96991,55419,92864,1784.5,1136,1974,2803,7420,56654,48830,10049
2022,4,9,69764,48755,90603,35067,83912,1784.5,926,3255,1291,9548,75482,18852,9285
2022,4,10,89491,43280,31442,44514,25996,1784.5,960,3307,2998,8614,75077,30861,22684
2022,4,11,24351,57566,7267,73506,1271,1784.5,2336,2385,2674,9290,38804,12937,13921
2022,4,12,38575,21083,16193,26219,42204,1784.5,630,1694,1306,5738,76207,27301,41675
2022,4,13,31900,77168,96961,19898,7822,1784.5,758,2172,4602,8024,11364,47225,22038
2022,4,14,71945,44366,50963,971,73657,1784.5,3908,3582,1708,7030,54800,12238,39767
2022,4,15,38128,16224,1099,89434,9088,1784.5,1734,1982,1658,7400,60883,28646,27306
2022,4,16,52085,77994,27171,98040,2371,1784.5,1616,1342,2213,5166,91637,14054,32848
2022,4,17,2346,5546,95804,29547,35646,1784.5,2598,1062,1827,7404,79557,25914,1220
2022,4,18,77355,62645,33253,48180,26340,1784.5,3177,4775,4832,5702,92814,14414,10488
2022,4,19,19547,54431,97870,13112,83362,1784.5,674,1422,1403,6136,15252,13400,5859
2022,4,20,26741,14203,53526,93568,14252,1784.5,833,1606,2078,5437,56137,19106,49435
2022,4,21,45925,15667,65898,50757,2366,1784.5,4311,1911,4494,8750,35023,12855,8712
2022,4,22,78039,15356,14914,5794,91492,1784.5,545,4583,2071,9070,28150,41323,46518
2022,4,23,4858,30336,99282,33288,65773,1784.5,3057,3048,2436,7918,78805,39801,5419
2022,4,24,29018,53117,11713,74864,41649,1784.5,4070,1038,3443,5335,58183,36286,13088
2022,4,25,81853,43729,20871,58925,82800,1784.5,1599,4008,1426,5880,37295,27832,15373
2022,4,26,37651,25353,5882,25087,95659,1784.5,4887,1028,1022,5912,15891,28506,1039
2022,4,27,6040,36315,64545,835,71650,1784.5,2120,3502,1455,8694,28778,15606,22728
2022,4,28,89716,95378,85967,1776,77610,1784.5,959,1066,4966,7390,40345,10625,23263
2022,4,29,19231,71585,18006,6089,14536,1784.5,4594,1926,1750,9138,37760,16434,33897
2022,4,30,38218,41234,28067,21026,65576,1784.5,2983,1642,3573,8950,89769,46182,6845
2022,5,1,85730,77794,77179,3922,18139,1576.71,3152,1074,2160,9240,20609,22409,4156
2022,5,2,80188,57537,8972,95678,11649,1576.71,3895,2881,1601,5118,34809,18445,17184
2022,5,3,74256,22804,53371,79558,12574,1576.71,1769,3302,3697,5300,17854,28187,15905
2022,5,4,55808,41728,34262,44321,87321,1576.71,1729,2507,1926,8238,63184,13528,21224
2022,5,5,75589,13432,25994,87190,84704,1576.71,1987,1274,4957,5357,54868,12530,27155
2022,5,6,41263,62991,10833,51312,48291,1576.71,4499,1826,1135,7798,64769,24807,29409
2022,5,7,1336,47851,42315,46447,39904,1576.71,4558,1994,1158,5551,19032,19986,21852
2022,5,8,22706,91020,11650,39015,16378,1576.71,1545,3991,4507,8729,25302,44149,16518
2022,5,9,8138,21154,30952,95626,51267,1576.71,874,2601,4923,5504,15400,49826,45721
2022,5,10,34599,34959,31670,69881,96862,1576.71,1218,1846,1721,8448,74932,24450,1414
2022,5,11,738,26478,48442,46597,5208,1576.71,2098,4696,2601,8049,25321,28867,40096
2022,5,12,122,95755,47821,60045,8502,1576.71,4870,4451,4530,7891,45683,27743,29573
2022,5,13,74946,51903,63662,16667,86122,1576.71,2468,3210,2775,9074,66159,19334,4947
2022,5,14,62357,23258,49032,6310,27659,1576.71,1528,2779,1846,5701,87824,44959,24353
2022,5,15,45274,64047,54411,76157,88291,1576.71,3899,3235,4700,7836,96253,37173,16447
2022,5,16,38860,3722,90385,36635,75983,1576.71,969,4690,1152,5000,61000,40162,22896
2022,5,17,95705,62529,67942,82164,28230,1576.71,2122,4855,2516,7885,66011,14326,22118
2022,5,18,64332,69911,20394,49032,53824,1576.71,1204,4034,1719,5890,45669,12701,32999
2022,5,19,15836,1639,83744,28340,22991,1576.71,3501,3694,3624,5600,13862,18205,44744
2022,5,20,41265,94333,58061,10133,58570,1576.71,2290,4252,1366,8080,88283,30509,24072
2022,5,21,37034,40840,89545,90105,133,1576.71,4157,1944,3203,5812,60659,42545,1566
2022,5,22,63997,45513,27592,3973,98308,1576.71,2178,1858,4133,6590,66056,14054,44802
2022,5,23,87015,49700,53307,13701,70087,1576.71,4209,3472,3780,7350,13576,48912,7942
2022,5,24,51671,32735,31233,21226,51988,1576.71,3770,1976,3755,5478,19956,18415,8244
2022,5,25,86164,8487,24340,41649,55077,1576.71,702,3442,2798,9008,72142,42885,6748
2022,5,26,66950,66353,66358,82082,82810,1576.71,2346,4480,1514,9870,55705,13710,46286
2022,5,27,53174,69477,29695,6929,27191,1576.71,696,3353,1690,6034,71353,12268,16003
2022,5,28,22783,43408,20712,95581,52416,1576.71,4817,1442,1124,7526,34149,16744,9206
2022,5,29,33813,47848,9200,95536,92778,1576.71,4246,2302,4380,5292,69231,27922,14905
2022,5,30,37647,60927,7628,28487,76962,1576.71,2106,1095,2387,7817,28027,41154,28981
2022,5,31,37024,82846,43223,28933,36724,1576.71,3651,1887,1571,5710,82423,34349,27373
2022,6,1,8022,96652,44840,63314,82235,3136.9,959,3161,1586,5797,36474,25722,22763
2022,6,2,52904,68922,48110,97074,96949,3136.9,906,1145,1590,5732,32869,17838,5617
2022,6,3,15737,36109,50487,44939,18532,3136.9,4045,2904,2838,7894,12444,30073,34836
2022,6,4,23000,23529,39587,53389,85678,3136.9,4110,4933,1333,7154,68358,24633,42413
2022,6,5,15541,35159,87132,30731,47243,3136.9,4645,2978,2460,9014,24269,14698,36353
2022,6,6,91319,79667,50249,89157,79904,3136.9,581,4254,1346,5167,72643,48376,22819
2022,6,7,17580,68106,53310,95265,28030,3136.9,1250,4921,3177,6772,90652,20419,38020
2022,6,8,9734,46650,99751,98546,53133,3136.9,889,1614,1494,9990,49958,49941,24020
2022,6,9,45309,35541,19196,58007,77060,3136.9,1382,1992,2648,6043,12520,37029,8191
2022,6,10,64063,92506,96952,53592,82239,3136.9,4011,3323,1218,7862,13748,20088,3956
2022,6,11,14133,29111,80891,34170,1601,3136.9,934,3260,4092,6010,21267,26152,47201
2022,6,12,94201,94002,3496,3201,36398,3136.9,950,1866,3608,7181,70403,17198,9751
2022,6,13,57489,60767,25523,24445,50880,3136.9,4532,1363,2853,7126,15532,45806,48744
2022,6,14,88975,82348,59067,88068,68358,3136.9,571,3909,1384,6838,82110,27084,30334
2022,6,15,10169,22341,43896,45129,75874,3136.9,3679,3361,1174,8412,57805,25943,14299
2022,6,16,52945,18690,7307,47150,60464,3136.9,2955,1588,1538,8118,70208,12504,39192
2022,6,17,98708,50780,85157,89395,51198,3136.9,1478,2718,1926,6134,39198,48183,17267
2022,6,18,74673,17878,31545,66090,38431,3136.9,2032,2726,1494,5691,54876,19430,5702
2022,6,19,54883,14184,83348,92773,16206,3136.9,4019,1265,1384,8582,20659,38236,3556
2022,6,20,67795,53491,82307,90105,30217,3136.9,3288,1240,1478,6184,87329,10517,21506
2022,6,21,58239,95715,18244,98981,11406,3136.9,1538,1287,3655,9885,59059,36212,39472
2022,6,22,53441,74431,67478,74128,74958,3136.9,3716,4103,4331,8246,49208,18218,4490
2022,6,23,98880,53849,42140,54615,90033,3136.9,1483,3270,1535,9726,63603,11790,29470
2022,6,24,89199,80142,35580,92854,96379,3136.9,4065,1170,1710,5800,56650,10377,44639
2022,6,25,17385,35367,35834,91716,96389,3136.9,2614,1102,3889,9516,66234,45273,35042
2022,6,26,575,47718,9897,42110,63796,3136.9,934,2993,4992,6980,62198,32722,23500
2022,6,27,41619,7617,48893,43391,36864,3136.9,510,1208,2260,5953,78666,20001,5543
2022,6,28,40995,91281,65270,96236,62386,3136.9,1508,4312,1924,5646,21421,25719,47856
2022,6,29,41256,32824,45066,11248,79804,3136.9,3969,2774,2583,9214,97516,34446,23616
2022,6,30,64757,17637,55046,38370,73590,3136.9,3370,4583,1343,9991,27170,20081,33712
2022,7,1,68680,99394,66123,36436,37167,1748.32,2691,1341,3258,5290,66145,43226,8194
2022,7,2,99261,20272,90810,58475,17788,1748.32,4582,1726,3005,7951,25365,13069,41609
2022,7,3,2674,56302,70765,9017,83472,1748.32,3214,3502,1974,9336,19782,43757,40846
2022,7,4,3883,98982,30099,7141,4272,1748.32,1718,4883,2866,7770,94709,17006,12596
2022,7,5,65489,34293,18783,44846,28596,1748.32,2914,2621,1822,8679,56637,18038,44148
2022,7,6,19525,19853,68775,26116,65541,1748.32,4872,4422,1618,9970,92915,26021,40065
2022,7,7,12567,59634,45905,61785,33514,1748.32,598,1442,1258,7858,76551,36205,40615
2022,7,8,24425,34466,83827,41225,79497,1748.32,1496,1522,1668,6623,41488,17130,6817
2022,7,9,33040,27713,27984,38438,44035,1748.32,4458,2952,3235,6714,34737,13101,37251
2022,7,10,67329,79880,78455,74939,60157,1748.32,1144,1874,1656,5318,42156,35319,5006
2022,7,11,68139,6,693,61159,42981,1748.32,4719,1019,2596,8118,14456,46631,8533
2022,7,12,1305,95267,19584,14540,21982,1748.32,2640,1332,1904,9818,80600,43412,20673
2022,7,13,43805,8097,44345,65980,35771,1748.32,1299,1074,2857,8343,81419,12189,2853
2022,7,14,43229,17491,38210,45825,81545,1748.32,3807,4200,4284,8391,30092,10498,19018
2022,7,15,15416,24085,8279,82320,12884,1748.32,731,3040,4678,6427,39019,15449,5231
2022,7,16,89281,6671,2063,8490,75015,1748.32,679,4594,1954,5240,80418,48868,33482
2022,7,17,94258,89227,14422,58542,33970,1748.32,2510,1482,4949,5789,64408,47833,44514
2022,7,18,7372,90140,70874,37051,92920,1748.32,3851,3551,1563,7374,14090,15868,9893
2022,7,19,20747,94072,42524,21719,19312,1748.32,1939,3569,4871,5470,88462,45192,39294
2022,7,20,12226,82326,60930,97175,68115,1748.32,534,1970,1828,8958,28887,24747,25338
2022,7,21,92126,64091,39651,25041,85004,1748.32,2969,1510,2114,7406,43820,26426,46692
2022,7,22,31138,97112,6348,76010,64824,1748.32,2553,2048,3486,8482,74223,27952,11162
2022,7,23,90172,85583,69791,22001,67816,1748.32,3099,1292,4120,5510,10726,14123,48678
2022,7,24,65794,50654,86226,22908,42498,1748.32,685,4986,3509,8158,82347,16676,46399
2022,7,25,49547,69902,1734,59385,18384,1748.32,2337,3555,2891,6968,46907,12058,42309
2022,7,26,38509,10007,54703,17629,29109,1748.32,1752,4901,3039,8668,34161,31888,22387
2022,7,27,30728,49847,71875,90590,88232,1748.32,558,2777,4123,6728,13513,17726,4223
2022,7,28,25669,50851,83766,19912,74330,1748.32,3321,2838,2031,6056,46818,36139,30673
2022,7,29,25410,28571,97394,64801,29253,1748.32,1688,1331,2752,9838,83272,35983,31555
2022,7,30,5489,98547,40113,29612,48259,1748.32,4822,3926,1666,8587,93837,11510,3627
2022,7,31,19261,8511,40701,92644,61534,1748.32,3782,1942,1089,5064,68094,11693,37519
2022,8,1,14783,38025,21835,49697,21298,1553.94,770,1195,4282,9254,84453,17908,24170
2022,8,2,22323,58380,38737,10911,68569,1553.94,1522,2078,1902,9165,54963,28465,1018
2022,8,3,34300,58258,10907,26828,26352,1553.94,2260,1133,1975,5446,14374,14624,38952
2022,8,4,29617,78720,821,10251,96220,1553.94,3158,3542,1910,6502,45804,44925,35274
2022,8,5,49846,92327,38357,57144,47844,1553.94,1960,2142,2929,5742,25321,44280,43320
2022,8,6,68170,92583,51767,95146,14381,1553.94,4769,1422,4019,6941,70598,15862,8949
2022,8,7,78568,15109,85133,38573,98356,1553.94,4849,3200,3262,8205,10696,37457,30937
2022,8,8,47878,57305,69601,15807,36523,1553.94,1438,4692,1726,8204,16189,34588,11274
2022,8,9,53505,92311,94937,23876,69253,1553.94,4114,4171,1995,9246,11002,45350,31888
2022,8,10,6536,18945,59903,46150,57151,1553.94,3607,1379,1046,6424,53537,41776,31599
2022,8,11,14481,79976,12821,34689,58181,1553.94,628,3036,2672,6916,51912,23276,45362
2022,8,12,78804,42379,87448,92152,17977,1553.94,3853,4511,1974,7522,70661,48988,6543
2022,8,13,61707,4269,20368,16961,23828,1553.94,774,3307,1926,7909,89347,44764,23905
2022,8,14,99623,91328,72801,37295,88245,1553.94,1922,3399,2090,5838,75550,35067,24713
2022,8,15,87264,79405,25931,29103,59513,1553.94,3090,1218,1728,9630,38178,24686,46592
2022,8,16,55067,63267,79347,25299,17528,1553.94,566,2150,1373,9215,70796,30969,35046
2022,8,17,83928,47720,64369,67371,28441,1553.94,3789,2056,4323,9448,77510,28835,39920
2022,8,18,7664,21953,16406,24875,86763,1553.94,4561,3181,4201,5259,99831,13902,4584
2022,8,19,46657,86247,68880,23030,45462,1553.94,3998,1490,3746,9448,13110,48539,6028
2022,8,20,24639,98252,96948,60314,9324,1553.94,500,1986,2761,7650,41860,49524,24458
2022,8,21,42841,7774,74058,77042,69385,1553.94,518,1041,1142,8012,39070,11200,23889
2022,8,22,86382,59422,67689,6480,44141,1553.94,886,1110,1638,8317,45443,21077,47151
2022,8,23,59127,944,38064,71889,89201,1553.94,2764,2040,1634,7314,18172,39785,46276
2022,8,24,52062,54205,5827,28549,84558,1553.94,1000,1886,1350,8183,93770,31162,11250
2022,8,25,15335,48789,66293,10737,33459,1553.94,1813,3936,4030,6228,80824,18230,11736
2022,8,26,98856,84941,66623,19257,46762,1553.94,4042,1470,1259,9746,43723,47169,25704
2022,8,27,76118,94219,34460,13140,12403,1553.94,4301,2736,3370,9638,54824,43180,28230
2022,8,28,88681,2990,52117,17711,5570,1553.94,2292,4424,4233,8914,23681,47347,32942
2022,8,29,10971,49076,12523,73582,63944,1553.94,2102,1413,1815,6278,85904,45569,6246
2022,8,30,16144,80207,39658,25866,57152,1553.94,4045,1674,3822,9366,79894,19391,10834
2022,8,31,70456,48540,40169,4689,83806,1553.94,2035,1127,2924,7342,17126,43219,13850
2022,9,1,38164,65985,70323,26078,51890,1874.87,3573,2095,1901,8886,11206,32734,32244
2022,9,2,53485,67783,62910,90999,64030,1874.87,2805,2568,3820,10002,12725,19021,48653
2022,9,3,882,40206,48298,31791,41267,1874.87,604,4429,3853,7914,21859,25742,7870
2022,9,4,4215,80433,24190,26116,64871,1874.87,838,4706,3922,8111,42056,27951,29789
2022,9,5,36764,19862,6872,75585,2356,1874.87,957,4588,1154,9255,51378,17420,35950
2022,9,6,17125,3028,13202,40978,41351,1874.87,3072,1140,1844,7236,88032,13067,35061
2022,9,7,19754,63235,64126,33677,17698,1874.87,2979,4461,1043,9712,46397,44750,6183
2022,9,8,70801,57355,64339,63307,32962,1874.87,726,1510,1686,9238,14840,26447,32070
2022,9,9,61693,56840,38365,93537,30453,1874.87,1603,1718,1976,5902,83882,23680,26397
2022,9,10,76912,11862,94494,19307,63065,1874.87,4057,1798,4597,8395,13522,13910,7243
2022,9,11,60465,10601,13997,11914,20881,1874.87,3360,2572,4602,6162,76108,25054,37764
2022,9,12,69473,99065,75261,91808,86146,1874.87,1840,4408,3708,6333,98714,16772,25495
2022,9,13,99929,62772,16990,14526,91168,1874.87,3435,2983,2464,8783,79896,28344,46864
2022,9,14,62899,84609,60917,57501,27685,1874.87,2555,3509,3792,8344,10642,19778,3377
2022,9,15,66015,37157,34346,69723,79843,1874.87,1494,4770,2183,9835,10647,19702,49413
2022,9,16,16700,5435,4039,74164,30571,1874.87,3859,3468,3543,6127,50969,12579,33935
2022,9,17,99504,49877,26089,84649,40396,1874.87,4585,1409,4913,9366,76131,31107,47758
2022,9,18,39696,28979,77230,68231,98814,1874.87,2933,1034,4663,8323,12064,40233,37877
2022,9,19,92258,74887,50054,77153,21014,1874.87,1084,1869,2250,8718,21517,15302,1023
2022,9,20,79930,77455,30408,81196,84090,1874.87,2302,3784,1869,5884,16744,11062,6540
2022,9,21,60113,12653,82548,69776,20976,1874.87,1360,3232,3461,6414,13484,13366,38575
2022,9,22,93789,12822,54048,77392,61346,1874.87,1389,1275,1456,7214,22470,19812,41917
2022,9,23,54688,1125,9950,6557,73361,1874.87,2239,3473,1946,9786,19600,15614,18317
2022,9,24,44713,62314,81528,24526,38728,1874.87,1704,3867,2437,5751,26258,28783,38265
2022,9,25,4021,44000,20059,89744,75797,1874.87,4555,1835,1356,5856,53392,16069,8881
2022,9,26,4173,26984,99543,35141,83122,1874.87,2083,2833,2807,9936,68711,11574,19143
2022,9,27,73228,10416,1755,90666,6167,1874.87,800,1538,3364,5858,16281,30512,44365
2022,9,28,81091,92190,27348,73799,78046,1874.87,4867,3570,1734,5761,33710,23547,47092
2022,9,29,91257,37147,67734,89064,22110,1874.87,1950,1688,3211,8438,18705,19377,36445
2022,9,30,4421,4506,12269,9137,26716,1874.87,1000,4157,2090,9700,97956,31488,28550
2022,10,1,54176,30059,3571,9938,80121,2036.87,1193,2266,2554,8502,55727,30350,43470
2022,10,2,48559,83769,43562,8615,2474,2036.87,4387,1979,1559,9760,50046,20108,12940
2022,10,3,60877,74205,23552,26929,88513,2036.87,638,2687,1449,9993,68976,31569,5040
2022,10,4,53464,86522,15189,97370,93131,2036.87,2720,1688,1035,5154,50303,39861,37268
2022,10,5,50573,96043,96841,92132,50918,2036.87,3592,3145,2442,8602,55073,42306,13239
2022,10,6,73535,61498,1347,91336,71491,2036.87,4256,1305,1844,6438,38675,49974,20323
2022,10,7,8065,16396,8015,95452,37677,2036.87,634,4601,4359,8504,96732,21629,8318
2022,10,8,61744,75325,49775,15538,93820,2036.87,2844,3705,2697,9190,75040,20539,21201
2022,10,9,29513,64298,11846,2709,1446,2036.87,4034,4509,4619,7049,21313,14618,16873
2022,10,10,51719,6626,58249,22431,5131,2036.87,4059,3225,1657,6230,98762,13668,4982
2022,10,11,31386,56607,40535,14083,32149,2036.87,974,3013,2576,9171,80721,14021,31928
2022,10,12,96044,66109,39884,12015,43158,2036.87,661,1227,2821,7830,33657,22951,11197
2022,10,13,95244,77717,56177,58253,87903,2036.87,718,1288,2897,7902,49722,26398,21292
2022,10,14,3896,67049,54412,32824,96220,2036.87,1844,3614,2592,6727,20628,10749,35133
2022,10,15,47924,86290,71978,15746,26552,2036.87,918,3146,1055,7577,12751,15858,21987
2022,10,16,48869,44185,55949,93118,16153,2036.87,4515,1399,4070,7862,69222,35289,5671
2022,10,17,75412,32420,93904,9356,19147,2036.87,910,3422,2173,8434,15519,10076,30884
2022,10,18,96773,20568,14576,12828,14497,2036.87,3136,4716,1510,9085,89186,16090,27327
2022,10,19,11108,58702,56767,179,98981,2036.87,944,1496,4760,5723,13814,10258,42342
2022,10,20,26607,86556,93681,60132,61342,2036.87,1560,3114,1119,9150,70941,10615,9200
2022,10,21,94814,4079,56685,82676,93164,2036.87,1690,4270,4571,9809,17822,19903,45871
2022,10,22,2151,6269,10647,93263,18344,2036.87,3520,1301,1782,7201,37785,41346,27098
2022,10,23,22753,74346,49461,68872,41833,2036.87,839,1645,1672,5056,19320,11382,36754
2022,10,24,48394,22364,70970,69317,82173,2036.87,4220,4322,3037,6218,77584,32732,25418
2022,10,25,59668,97457,94035,89673,11010,2036.87,1018,3762,2516,6830,18985,14348,31820
2022,10,26,83584,64825,17346,40768,67348,2036.87,2465,2092,4028,8434,11342,41200,36666
2022,10,27,70205,6982,41875,68242,39552,2036.87,974,4219,4619,5470,88891,10628,35811
2022,10,28,59532,86262,94391,98400,33092,2036.87,2747,3026,4552,6518,90145,28252,29729
2022,10,29,33110,97612,10345,92139,76046,2036.87,4690,1249,1526,7917,30843,24638,28106
2022,10,30,60080,48170,90210,9699,59530,2036.87,664,1678,1713,8622,33811,31156,45453
2022,10,31,10798,96559,80535,5351,93003,2036.87,4954,2463,3291,6650,50953,10688,20681
2022,11,1,645,6939,6195,24914,54134,1825.2,4992,2302,2393,8414,61831,32845,47185
2022,11,2,81371,13596,80911,62440,47407,1825.2,4589,1294,2601,5194,69670,29633,12067
2022,11,3,11246,12134,64277,37896,63088,1825.2,4003,1478,3254,5198,10002,19166,24965
2022,11,4,28735,6341,4690,16129,17384,1825.2,660,1830,1467,6236,93897,10225,32873
2022,11,5,24655,83487,20542,33608,94778,1825.2,3240,2374,2345,7746,76621,15432,40212
2022,11,6,18834,85626,61868,83440,17176,1825.2,827,1828,4555,6868,62037,13888,16864
2022,11,7,6094,93716,22045,18913,6304,1825.2,4138,1924,1568,9679,80917,26908,32294
2022,11,8,89892,94158,49283,8589,4379,1825.2,754,3211,2881,8986,23002,45056,25905
2022,11,9,35455,25182,7318,25010,32051,1825.2,3300,4495,4422,6697,73407,35725,19356
2022,11,10,18991,68898,33035,34771,68578,1825.2,3030,4820,4461,7340,99760,28839,13952
2022,11,11,85922,90133,68403,13803,42372,1825.2,870,4177,1586,5064,19186,14988,41405
2022,11,12,68235,67488,19484,47657,54185,1825.2,4733,3174,3140,5546,24296,13069,9243
2022,11,13,13072,18680,54242,37533,62345,1825.2,1371,3265,1970,9070,78419,19208,4002
2022,11,14,42531,53630,13386,75469,52509,1825.2,922,1496,1078,6291,84751,20594,32572
2022,11,15,1886,34486,43770,80026,33606,1825.2,4446,1676,3096,7384,84209,31792,34418
2022,11,16,84041,66933,30058,44526,18059,1825.2,3733,1940,3457,6950,52408,30966,24829
2022,11,17,26043,9217,68062,42453,85508,1825.2,3047,2392,3649,6346,83770,14454,19165
2022,11,18,73938,59569,284,77035,89609,1825.2,3826,1270,4128,5236,34526,18538,1700
2022,11,19,30065,14612,95479,24875,8083,1825.2,2192,1934,3454,8406,92928,25313,14239
2022,11,20,9418,22328,79059,29420,95496,1825.2,4377,4433,3748,9660,62819,44708,29181
2022,11,21,16857,21646,34710,17338,43234,1825.2,875,3298,1550,7706,98172,24632,35588
2022,11,22,11945,86717,91461,85400,26970,1825.2,2064,2738,1716,6122,98509,18564,34390
2022,11,23,35303,97888,87998,90404,13900,1825.2,958,1522,1390,6172,64445,48399,17169
2022,11,24,71760,321,38050,88311,48027,1825.2,4294,4971,4289,6110,61722,16258,2574
2022,11,25,21497,55139,35349,44565,11262,1825.2,3128,2915,3097,7477,69670,11996,33859
2022,11,26,34646,4783,9105,39812,7307,1825.2,3210,4066,3870,6259,83728,38248,23550
2022,11,27,78833,13023,14572,18122,50130,1825.2,731,1625,2784,9754,16190,18100,26294
2022,11,28,2642,79319,38313,50739,63149,1825.2,2735,2793,4117,8191,37604,36423,7984
2022,11,29,28094,42167,31842,1964,84778,1825.2,1563,4961,3592,9150,14434,28721,15570
2022,11,30,63781,15166,66700,11565,83950,1825.2,1961,1590,3559,6534,53681,41707,32890
2022,12,1,82769,39502,95079,20960,93458,1600.29,4052,1258,4695,7367,20401,45264,31502
2022,12,2,23932,364,40209,11419,14798,1600.29,822,1315,1981,6240,46616,34870,35283
2022,12,3,6429,33207,63430,48055,3240,1600.29,2663,1007,1990,9093,13944,17818,21490
2022,12,4,56948,72372,6424,36643,39740,1600.29,1906,1014,3540,8467,91440,24689,43178
2022,12,5,23750,82991,37357,25731,2458,1600.29,600,3886,3531,6246,56940,36770,33973
2022,12,6,11871,70957,39131,89213,80050,1600.29,694,1996,3468,6435,73638,24559,46098
2022,12,7,9613,21898,70934,69505,10365,1600.29,546,4113,1716,8518,59843,30525,28726
2022,12,8,14580,86796,89412,48111,93529,1600.29,1232,1751,2308,5942,10963,13709,46353
2022,12,9,2812,70976,50707,37633,53764,1600.29,3543,4727,2593,9477,49232,22957,40697
2022,12,10,78203,26131,23423,56271,40385,1600.29,1796,4963,1412,5128,19425,46293,49618
2022,12,11,88912,37011,18045,22572,93725,1600.29,1281,2888,1335,6688,50520,20098,29008
2022,12,12,44036,95416,49826,6630,94893,1600.29,938,4447,2891,9361,62069,14628,15410
2022,12,13,35331,98866,85944,21744,41426,1600.29,3036,1688,1478,9758,85612,18807,21722
2022,12,14,81440,38246,98048,14127,41585,1600.29,4224,1248,3983,6582,17210,10464,48568
2022,12,15,82164,20892,61027,56408,56605,1600.29,1035,1934,3313,6670,13677,46090,23097
2022,12,16,95052,48066,42780,70135,498,1600.29,598,3289,2988,6692,12415,24572,44744
2022,12,17,18262,12993,26544,78597,79747,1600.29,3823,3261,1035,9710,34668,12639,35145
2022,12,18,34299,5704,20926,72612,79035,1600.29,3702,1778,4020,7833,60572,15870,34604
2022,12,19,72577,32219,30512,55565,85560,1600.29,1488,3820,2270,6072,82416,16198,42927
2022,12,20,74528,32593,30279,46915,43795,1600.29,905,3092,2002,6831,67055,32388,14947
2022,12,21,47787,35758,89178,46807,63591,1600.29,4028,2518,3319,9539,16174,33879,16102
2022,12,22,68819,20923,4052,41089,43955,1600.29,4457,4833,1678,9735,81748,29206,36469
2022,12,23,21034,74006,73651,24388,70837,1600.29,3127,3622,2815,9250,81781,22757,40706
2022,12,24,78407,77162,25277,93079,86702,1600.29,1957,1048,1276,7360,12959,30939,49711
2022,12,25,83829,22417,65773,35593,78504,1600.29,1150,1788,2878,9286,40276,17438,13873
2022,12,26,78211,79757,43690,71026,8414,1600.29,3782,3171,3983,5410,96249,22036,41823
2022,12,27,35122,89559,93908,5755,86920,1600.29,3045,2099,1280,8817,22692,24139,6868
2022,12,28,82691,53843,40029,36921,91348,1600.29,634,4557,1412,5675,40582,34825,46657
2022,12,29,47498,717,87998,66482,86128,1600.29,3517,2600,1326,8777,43354,27076,1208
2022,12,30,5645,96400,64176,51280,31569,1600.29,1770,1230,3414,7222,67530,14761,3220
2022,12,31,28456,29518,34319,21220,35193,1600.29,2397,4042,1968,6746,81875,44447,41253
2023,1,1,86745,32048,17502,85522,75402,1764.45,1165,3152,1457,8797,36073,44676,10930
2023,1,2,50568,66684,68091,82367,50567,1764.45,2173,1478,3521,9498,15275,41125,49204
2023,1,3,87142,14318,83095,13888,12545,1764.45,1232,4289,4589,5085,84810,10806,27542
2023,1,4,2368,75977,5848,93825,34774,1764.45,4852,1692,1307,5896,13430,41873,8273
2023,1,5,38499,27584,71957,38373,8681,1764.45,4497,1652,4253,8943,26061,46798,3585
2023,1,6,6486,83646,46088,32427,75083,1764.45,510,2449,3225,9306,71273,24350,30898
2023,1,7,30592,76127,76044,71900,65422,1764.45,3772,1114,1586,8354,58643,29069,26454
2023,1,8,55666,88142,41243,89919,17085,1764.45,3068,4921,2300,9155,88699,42383,17304
2023,1,9,46406,38821,19833,69631,27492,1764.45,3981,4435,4936,6376,46334,15357,7459
2023,1,10,29182,26459,1981,49571,78540,1764.45,4991,1122,1006,6234,56827,32201,10625
2023,1,11,19890,9896,38476,87191,25404,1764.45,4573,1808,2346,9405,57790,26190,27175
2023,1,12,73216,18124,626,73152,54500,1764.45,4860,3681,4769,6841,49603,34661,13312
2023,1,13,17466,44596,51570,82583,97182,1764.45,1135,2070,4644,5962,17070,26399,24749
2023,1,14,79490,50186,64560,61836,99592,1764.45,4377,4158,1825,5002,62310,27676,22350
2023,1,15,84666,17171,27710,90788,74012,1764.45,906,2828,3260,6748,90410,35441,27314
2023,1,16,68119,87899,52512,19115,23861,1764.45,513,3349,3309,6424,81537,39252,23125
2023,1,17,98774,85915,28412,55599,7270,1764.45,4627,1934,4243,7336,82721,14607,40722
2023,1,18,4650,74522,22436,42910,17892,1764.45,4702,2361,2096,7214,37827,40956,29199
2023,1,19,36691,49693,60659,60000,26117,1764.45,604,4889,4461,8040,96840,13910,42196
2023,1,20,51089,96468,60018,91684,40156,1764.45,1290,4805,2260,8726,16294,12094,42739
2023,1,21,74277,98770,70217,91373,62336,1764.45,3680,4025,2735,9338,75376,33851,8044
2023,1,22,67886,90981,25093,12348,51348,1764.45,868,2435,1103,7286,10471,41259,38285
2023,1,23,83186,16762,52417,16798,61840,1764.45,4652,1115,1603,9746,43839,19190,22835
2023,1,24,79264,92521,49316,36999,18211,1764.45,2201,1096,2024,8645,14795,33372,41045
2023,1,25,33283,95225,2160,738,35672,1764.45,3348,1734,1498,6182,68357,15176,12631
2023,1,26,33600,53010,60052,21555,7878,1764.45,1845,3492,1410,7512,56842,14621,3891
2023,1,27,78557,94044,17070,26934,89041,1764.45,620,3674,3440,8816,39412,45463,48217
2023,1,28,57800,64113,47024,3544,41230,1764.45,2478,4828,3389,7529,12734,42618,15381
2023,1,29,91421,932,12463,87831,38445,1764.45,3803,3352,4699,8926,60285,18740,19305
2023,1,30,441,86943,23767,60234,15760,1764.45,2048,4910,3643,9072,93453,34872,29531
2023,1,31,50805,37284,76053,35547,24814,1764.45,4516,1233,4718,6979,20415,44514,38787
2023,2,1,55572,77867,5984,24148,38153,1877.71,4588,1654,4841,9454,57205,44372,41076
2023,2,2,73222,63468,54368,8646,56921,1877.71,802,1122,1194,5422,35369,20429,39240
2023,2,3,55865,51603,26500,12844,88370,1877.71,968,1198,1926,5878,84440,19736,37366
2023,2,4,68890,25381,61183,83731,26554,1877.71,4454,1126,3207,8821,41124,21480,34741
2023,2,5,4413,16927,82037,36056,28275,1877.71,2837,1990,1466,9336,29686,40080,17406
2023,2,6,86703,85166,50374,68287,62980,1877.71,3022,1868,1614,5556,31950,36746,34814
2023,2,7,297,26406,19225,98505,91579,1877.71,1336,1992,2274,8372,48398,21900,10349
2023,2,8,2130,21236,22392,87489,20573,1877.71,2568,3626,4946,8596,16538,32925,18430
2023,2,9,79107,12639,81146,55652,78195,1877.71,3749,3491,2204,7974,93347,13783,29448
2023,2,10,38323,79684,76127,31950,64408,1877.71,3849,1536,1530,5194,54024,32684,24525
2023,2,11,61022,47945,22663,30968,8591,1877.71,1006,2696,3564,7741,43348,21758,30927
2023,2,12,7190,18450,16602,79394,96424,1877.71,3176,1098,1976,5654,83047,20390,26301
2023,2,13,60180,53249,53279,22292,45842,1877.71,4975,3214,1599,7637,70534,46541,23655
2023,2,14,58564,50779,84238,18480,28521,1877.71,978,2061,2387,6392,31454,25162,43938
2023,2,15,99492,90984,26261,21828,26638,1877.71,2217,3168,3908,7422,25459,41101,25660
2023,2,16,85503,46787,64316,73454,74424,1877.71,4994,4338,1980,9494,67817,46852,34850
2023,2,17,30874,24408,98914,93261,97599,1877.71,4775,3441,2702,7387,35268,30692,46720
2023,2,18,53048,27487,83861,31956,5687,1877.71,3056,1188,3810,7456,64642,13234,25673
2023,2,19,88574,34637,28925,6906,5221,1877.71,942,1094,2501,9022,45706,11678,13095
2023,2,20,32094,30482,64893,69797,57870,1877.71,1840,2268,3999,7052,59223,49685,1366
2023,2,21,92725,48632,40874,97888,2355,1877.71,1121,2279,1504,6397,14184,28076,21868
2023,2,22,19492,84294,14171,73345,69668,1877.71,1147,1761,3062,9598,87909,47283,26230
2023,2,23,38906,54750,24552,82905,21802,1877.71,3941,1766,3757,6166,28765,17942,1086
2023,2,24,28035,6239,74744,891,28988,1877.71,3966,4831,4573,9489,54527,25593,38929
2023,2,25,85719,12028,77355,8781,34420,1877.71,1064,3324,1364,6967,72580,24517,31616
2023,2,26,47095,21522,21748,95852,44040,1877.71,3315,2073,4454,8059,89315,34794,16865
2023,2,27,43340,68283,99626,32913,77772,1877.71,4857,4841,2531,8874,19922,16950,20505
2023,2,28,179,11038,6627,52895,74358,1877.71,2412,1451,2079,5511,33654,11119,29207
2023,3,1,96971,49545,54535,51382,55213,1571.87,4720,3494,1250,7978,17617,25810,39329
2023,3,2,68843,13811,58342,87406,18784,1571.87,2584,1173,3270,7798,20530,43829,41645
2023,3,3,84243,58334,27261,66107,91988,1571.87,4834,3957,1266,5720,56690,25840,4732
2023,3,4,75050,51411,65687,80355,11748,1571.87,2516,1941,3465,7210,84346,32248,49656
2023,3,5,38855,88283,94774,53477,28762,1571.87,3657,4355,3636,7414,95461,31976,15304
2023,3,6,95650,26648,70934,66278,12369,1571.87,3469,3769,1574,8320,15510,23485,43977
2023,3,7,73811,72993,20427,3628,20203,1571.87,876,1662,3055,7001,45236,38168,4774
2023,3,8,62306,8895,67525,52294,16165,1571.87,4269,1813,1980,6250,94443,34705,29338
2023,3,9,65532,19265,38475,77270,93421,1571.87,755,3582,1941,9518,87210,48495,38950
2023,3,10,42307,39439,23904,51715,86440,1571.87,4882,1686,4386,7526,33742,10550,35493
2023,3,11,53097,68012,38716,59082,5919,1571.87,582,2801,3775,8612,65071,28547,49511
2023,3,12,3914,82179,62130,32208,3360,1571.87,702,2018,1102,7734,13732,41569,49340
2023,3,13,6451,3615,73018,17189,77374,1571.87,2738,1821,1123,5620,22254,47041,6760
2023,3,14,48669,32393,1196,17444,97357,1571.87,2342,1269,3444,8952,33476,18155,16267
2023,3,15,40164,14180,46526,45293,51490,1571.87,3213,4291,1862,5176,91479,23949,10258
2023,3,16,49343,35570,20771,40466,18375,1571.87,3859,3394,1768,5054,17189,39124,43025
2023,3,17,37673,29532,90394,2469,4004,1571.87,1975,1046,4401,7012,22162,22242,23871
2023,3,18,93759,91729,96534,73983,34312,1571.87,4283,3653,3581,5053,40471,16624,38013
2023,3,19,44430,10683,41703,36198,65737,1571.87,1673,4760,4775,8298,22228,17566,8892
2023,3,20,72290,9204,85649,43043,59057,1571.87,578,2815,1790,7298,43149,13494,7811
2023,3,21,49830,23786,50208,89763,8839,1571.87,4421,4620,1360,6123,11644,33448,40679
2023,3,22,81368,47492,3209,86143,95911,1571.87,1272,4551,2343,6920,27593,26400,41789
2023,3,23,21083,92878,95568,36974,71047,1571.87,3526,2227,3853,7476,26989,37692,5069
2023,3,24,60764,91411,73665,78476,13887,1571.87,1923,1605,3324,5962,97747,11182,29482
2023,3,25,39624,25372,40138,6968,22292,1571.87,4719,4725,3311,5286,13050,14357,34083
2023,3,26,355,32930,1585,79209,86663,1571.87,3252,3778,2688,6916,42253,16574,44926
2023,3,27,52750,20530,78180,12427,18365,1571.87,4364,2988,2649,6902,64955,12594,42279
2023,3,28,24937,14675,16018,34601,76313,1571.87,3957,1666,3349,6894,72226,31363,45421
2023,3,29,61820,71831,45142,14508,45099,1571.87,2433,2848,4276,5612,26626,42640,3748
2023,3,30,67891,27343,629,85540,68197,1571.87,1831,4485,2961,8412,44085,39273,31936
2023,3,31,35974,43043,82293,30675,76289,1571.87,2037,3108,2701,7072,68967,37799,20871
2023,4,1,66402,2000,1555,58366,44978,2575.93,1256,2320,1175,8147,56868,18934,44195
2023,4,2,86332,66354,72425,60533,26791,2575.93,2857,4833,1693,7072,62473,13916,28050
2023,4,3,55569,582,6618,29100,85902,2575.93,2729,2302,4120,8576,10667,40449,10769
2023,4,4,84831,53276,79122,62358,81424,2575.93,1819,4106,3695,9670,60990,45486,35991
2023,4,5,4998,73848,31672,98043,17379,2575.93,1958,4298,1078,9864,34750,46979,44145
2023,4,6,95697,57480,65634,41169,98116,2575.93,1617,4297,1866,5982,61654,43703,42653
2023,4,7,63082,99826,27810,81777,26774,2575.93,2262,3122,3998,5285,46164,46376,38800
2023,4,8,69431,24476,85675,80509,9403,2575.93,3839,1450,4256,9472,62618,42371,20425
2023,4,9,68477,10589,91669,14405,37680,2575.93,4459,1530,4499,8620,82536,46272,3323
2023,4,10,23772,26152,44395,2770,1437,2575.93,1004,1742,1386,9446,67726,14290,6912
2023,4,11,37949,77918,78592,32205,53742,2575.93,927,2218,3149,5200,52974,11666,7562
2023,4,12,2270,27435,6589,88122,62407,2575.93,745,1178,1628,5140,10608,49416,5478
2023,4,13,68404,20798,20284,16142,38322,2575.93,3281,2621,2279,8224,41178,36020,4362
2023,4,14,25787,82106,58239,10288,31054,2575.93,1116,4674,1351,9056,37795,33757,27566
2023,4,15,60886,38542,36288,92514,34,2575.93,1930,4788,1558,8565,15014,33409,7940
2023,4,16,99279,90563,42383,81558,58788,2575.93,3930,4573,3370,8520,94860,29423,49913
2023,4,17,36086,27329,95450,7437,82738,2575.93,2546,3622,3138,7676,52488,38171,33246
2023,4,18,68125,10771,72960,63213,89336,2575.93,2973,4965,1614,5356,11530,11892,40241
2023,4,19,71621,36806,40515,69991,61678,2575.93,765,4115,1658,9790,37903,28144,1728
2023,4,20,44461,95450,38120,48951,5636,2575.93,2121,3759,1377,6432,53324,14138,40608
2023,4,21,33025,66298,28382,13827,38006,2575.93,4768,4626,4413,6634,95968,46091,31257
2023,4,22,94714,11735,76559,6474,22950,2575.93,969,3761,1263,9088,32711,31898,14462
2023,4,23,46048,86185,22010,63777,12617,2575.93,2192,1290,2983,5574,75818,12340,41686
2023,4,24,46831,61939,38319,31245,88574,2575.93,3687,4638,1021,8150,12232,18970,34288
2023,4,25,1059,7082,69084,27322,62522,2575.93,571,3569,2978,7581,72345,16946,1795
2023,4,26,5619,59539,62587,63602,75113,2575.93,2294,3294,1695,9942,69538,21620,4757
2023,4,27,64900,79578,21259,27273,49823,2575.93,1242,2233,1616,6738,94554,13324,27371
2023,4,28,83472,70127,21894,87802,84060,2575.93,4747,4677,1102,7333,69631,11593,10592
2023,4,29,38443,61926,16240,55138,92538,2575.93,1757,3789,1707,8744,17126,47882,2131
2023,4,30,58090,13657,15116,8893,95334,2575.93,2217,1326,1147,7542,82958,30206,9670
2023,5,1,87707,86237,57535,71392,55868,2292.03,4833,4144,1719,9950,43033,15426,35480
2023,5,2,58080,16823,51909,72448,17885,2292.03,536,2892,1257,5781,43225,40927,49791
2023,5,3,77999,54735,53427,54813,37694,2292.03,866,1626,1221,9752,96790,42088,33634
2023,5,4,51585,22977,26233,3304,4299,2292.03,3504,2378,2440,5412,51177,36676,19266
2023,5,5,41556,98066,84569,72813,53847,2292.03,798,1844,3880,7046,12066,36573,44146
2023,5,6,33504,45228,78325,69725,44980,2292.03,3164,1563,4442,6054,16218,18741,41467
2023,5,7,6366,6075,97472,8806,47840,2292.03,1833,4394,3065,6401,78558,16912,48649
2023,5,8,6900,8651,65109,22132,8521,2292.03,3704,3375,3344,6770,28099,24676,18118
2023,5,9,44847,22616,87592,75642,43364,2292.03,734,4728,1236,8205,74886,40427,20163
2023,5,10,73206,53072,79822,36271,99474,2292.03,3182,2724,4734,9296,44855,16518,24733
2023,5,11,2761,19912,66630,16106,73292,2292.03,2133,4489,3695,9458,10130,43410,11081
2023,5,12,14887,20865,59491,41124,45422,2292.03,1550,4978,3800,7724,71249,19625,1468
2023,5,13,18809,40784,42350,18543,75427,2292.03,3148,4539,3467,6129,10644,46758,37205
2023,5,14,53562,34130,47600,3609,28854,2292.03,2018,3740,4946,6508,19590,13450,7731
2023,5,15,7238,49118,91699,27390,93194,2292.03,2014,2001,1478,9363,46895,11861,29300
2023,5,16,92920,90044,6401,16387,32525,2292.03,4496,1085,2525,7095,89693,12731,33397
2023,5,17,34826,3064,56472,46125,59573,2292.03,2844,3161,3155,9094,26902,16349,24039
2023,5,18,73843,73917,28351,10278,63280,2292.03,3490,2550,1641,5002,88936,14166,25247
2023,5,19,94640,18433,16604,78518,95528,2292.03,1248,1705,1434,8152,92829,13158,22650
2023,5,20,38110,12026,1150,61265,22920,2292.03,2613,3113,1967,9294,23390,31598,28052
2023,5,21,13915,78234,70501,95556,39477,2292.03,1073,4115,4220,5364,28984,12210,9437
2023,5,22,65327,36585,52806,7391,656,2292.03,4027,3764,4011,5942,16381,46930,11987
2023,5,23,38229,10347,10045,56548,32663,2292.03,4498,2928,3019,10006,58484,33847,49787
2023,5,24,788,910,34316,95008,59939,2292.03,1107,1616,4884,8758,49007,17558,13300
2023,5,25,32251,58035,55657,22614,84563,2292.03,896,4142,2383,9198,95690,31398,22038
2023,5,26,12079,66541,94327,56451,91539,2292.03,604,2325,1424,7782,14770,46362,19163
2023,5,27,54265,4793,87980,70501,75058,2292.03,2391,3659,1372,6104,46273,12286,3339
2023,5,28,31437,82170,51430,30173,44462,2292.03,1570,2891,1363,9022,45693,37901,13472
2023,5,29,41412,2344,46580,44188,93308,2292.03,549,3923,1408,9770,34423,12817,1090
2023,5,30,48219,21816,86478,75943,81215,2292.03,3229,4003,2623,6010,59175,16882,49103
2023,5,31,35834,37098,81328,82197,9346,2292.03,1449,2108,1442,6066,11295,10760,43374
2023,6,1,1846,19300,21054,13078,53723,1654.8,1296,1889,1418,7238,89456,35801,33871
2023,6,2,41820,34812,83425,14182,93987,1654.8,758,1083,4540,8870,56780,32913,41861
2023,6,3,68661,23890,94982,68041,51537,1654.8,2685,4733,4655,8738,82811,39730,1458
2023,6,4,38961,44108,47972,25661,97698,1654.8,1461,1748,2238,9782,70050,32576,37428
2023,6,5,36747,20066,30012,26287,68628,1654.8,4199,3639,2033,8370,21680,28569,36793
2023,6,6,20890,55718,64656,90545,10808,1654.8,558,4767,2925,8246,75427,11254,47467
2023,6,7,32026,36890,61492,20617,98128,1654.8,3192,4873,2959,9556,77512,11782,47895
2023,6,8,52701,53064,6579,79734,23597,1654.8,4654,4485,1338,9309,35029,11134,44611
2023,6,9,86776,81657,77254,94701,76255,1654.8,1675,4631,2274,9046,45247,20401,19034
2023,6,10,42413,64793,71627,26724,14349,1654.8,4662,2048,3554,6240,63133,42150,49139
2023,6,11,30851,54140,86636,47530,93450,1654.8,790,1576,1024,8620,15268,28630,38017
2023,6,12,37654,24305,53263,59928,35175,1654.8,1680,2587,4653,8307,20662,10353,48510
2023,6,13,33798,325,93754,52352,2917,1654.8,853,1014,2378,7690,97647,20827,23239
2023,6,14,51858,89015,17404,4234,57636,1654.8,2864,1182,2040,9942,71568,17215,41385
2023,6,15,17340,68249,11155,96994,36556,1654.8,3698,1705,2141,7452,39056,11342,31817
2023,6,16,90691,49911,1529,18069,80103,1654.8,504,3311,3190,9003,52545,12177,49176
2023,6,17,30388,1762,57466,12429,4240,1654.8,995,1578,3634,7149,34923,16541,29034
2023,6,18,5318,58623,53247,53811,92427,1654.8,910,3116,4917,6748,17537,10048,8656
2023,6,19,22276,72785,3332,10466,61788,1654.8,3994,3527,3989,6460,20955,44580,22229
2023,6,20,91846,83303,16159,21832,40452,1654.8,3373,2120,1056,7971,15931,18482,17435
2023,6,21,66627,21152,17951,57896,27900,1654.8,2915,1462,4624,5206,76992,36411,35488
2023,6,22,4827,65987,94939,95168,28799,1654.8,4747,1996,1104,9058,58827,22350,32246
2023,6,23,89692,47201,34472,32100,5173,1654.8,581,3150,2905,9778,46046,32156,1642
2023,6,24,20372,75314,98683,44996,7912,1654.8,2759,4089,3013,9049,40608,12682,25675
2023,6,25,7648,46708,40160,39547,68965,1654.8,1897,1142,2539,5450,14224,17711,48988
2023,6,26,29475,74042,55863,17380,58926,1654.8,887,1306,3573,9148,56996,17836,18261
2023,6,27,56597,4756,63278,14610,80157,1654.8,4124,2803,1194,8578,27350,35908,3886
2023,6,28,73272,55600,27269,35811,34672,1654.8,4874,4145,4769,8382,97876,14326,1468
2023,6,29,10349,63764,12047,20274,28333,1654.8,3109,4928,1262,5574,15889,20306,19043
2023,6,30,21624,50015,58110,88568,40651,1654.8,4475,1122,2410,8096,66083,42081,1812
2023,7,1,2310,72579,59946,94398,70455,2429.87,1097,1148,3389,5510,78902,14874,26344
2023,7,2,95832,80183,47582,13570,12425,2429.87,798,3790,2349,7734,19440,44160,34240
2023,7,3,80940,49714,67924,49036,32149,2429.87,2859,4458,2583,7804,45207,19389,10005
2023,7,4,4148,66306,69960,8889,24028,2429.87,2672,4859,1610,6606,33428,24171,15214
2023,7,5,80846,84974,52962,73195,25085,2429.87,3707,2375,2114,6550,71410,20615,22402
2023,7,6,27987,55622,5074,76922,99778,2429.87,1311,1134,2937,5254,29165,13940,1154
2023,7,7,47836,11838,93177,9583,58444,2429.87,3754,4289,4281,6715,28835,35718,42957
2023,7,8,25470,28895,8094,63936,96877,2429.87,4550,4863,1070,9623,18136,34903,29505
2023,7,9,6257,14448,55180,55546,13422,2429.87,3862,1256,2534,8390,70839,37329,1404
2023,7,10,81348,54594,42971,25629,7661,2429.87,1346,4481,2052,9440,13417,13929,21807
2023,7,11,15297,47968,55145,66774,3944,2429.87,3028,1551,4080,9560,98448,17501,23281
2023,7,12,90257,27312,95111,19143,65702,2429.87,1472,3400,1894,9442,89029,10906,15950
2023,7,13,37601,16728,10389,71006,52520,2429.87,4934,2815,3124,6430,50941,16848,23806
2023,7,14,29711,68970,34971,50143,58530,2429.87,3996,3786,2082,9106,67928,18280,49772
2023,7,15,45056,90753,22537,98302,56548,2429.87,4207,1008,4644,9595,81504,47164,27918
2023,7,16,9753,82791,81332,14230,39221,2429.87,2648,1162,2594,7952,35425,26123,32273
2023,7,17,23743,19422,24910,17177,98528,2429.87,1311,4934,4942,8847,58235,22841,9191
2023,7,18,26765,17444,83342,87762,3391,2429.87,1277,4495,3988,8960,43724,19560,31198
2023,7,19,47586,82725,4844,65180,73048,2429.87,1302,3141,2394,5138,30317,14558,6622
2023,7,20,91755,6630,83561,8049,21829,2429.87,890,4945,1192,9478,52706,45333,41797
2023,7,21,61781,53984,24829,42121,52944,2429.87,3033,1066,2629,5762,65707,40676,34905
2023,7,22,55850,23363,53819,64597,5927,2429.87,1870,2680,3468,5430,22080,45297,1982
2023,7,23,13579,19323,26595,89170,99906,2429.87,855,3038,4635,5683,36510,18930,29301
2023,7,24,10589,14544,35812,78218,13773,2429.87,500,1956,1232,5415,50569,47158,17871
2023,7,25,5904,22440,61191,45724,94223,2429.87,2372,2800,3945,7942,13322,35203,49624
2023,7,26,29619,14178,13242,95606,56213,2429.87,4536,1800,1304,5702,61369,44419,49752
2023,7,27,84570,12968,80393,25803,18383,2429.87,4312,1284,4753,6855,10882,30327,30963
2023,7,28,66479,10086,88129,1776,44053,2429.87,1978,1014,3331,7318,85628,18202,17803
2023,7,29,16324,165,71345,13323,66864,2429.87,2741,1432,2032,8980,93586,46767,49066
2023,7,30,51800,99252,37405,21554,82459,2429.87,1880,1182,1555,6360,67063,26959,40118
2023,7,31,40515,4043,16982,88846,70614,2429.87,3389,3288,4125,9476,16610,35988,2610
2023,8,1,40704,53774,92184,45190,63712,1781.35,3340,4314,2706,5010,61772,32824,38951
2023,8,2,69479,43413,65732,75839,10477,1781.35,1353,1750,4671,6230,17835,12281,42691
2023,8,3,14940,37477,47759,96025,54087,1781.35,1175,1142,3872,8358,56331,33935,33748
2023,8,4,7309,86024,79603,50015,37270,1781.35,4190,1747,1139,9852,98937,27967,7727
2023,8,5,23964,15291,75190,33636,53194,1781.35,2268,3132,1852,9206,80509,15174,43025
2023,8,6,60126,6685,28434,80350,41395,1781.35,637,3702,2139,7958,15068,24408,1117
2023,8,7,17966,80612,31156,19105,95533,1781.35,3423,1706,1735,8612,69483,14928,30094
2023,8,8,47990,48104,99414,94842,74482,1781.35,2132,4607,1606,9190,31308,28000,29923
2023,8,9,41682,11946,93055,28822,72185,1781.35,3229,1502,1510,5966,41958,16970,24475
2023,8,10,30831,5383,52819,8918,43995,1781.35,822,3335,1756,9611,12738,11237,38654
2023,8,11,19534,31662,12197,22492,88580,1781.35,1843,1070,1802,6249,75433,10339,43506
2023,8,12,724,45016,66842,5810,45753,1781.35,2779,2934,1076,5597,18203,40880,8800
2023,8,13,30603,58402,99216,17359,98013,1781.35,4947,3897,1654,7002,56388,38985,18745
2023,8,14,83354,39584,85598,55156,15833,1781.35,1846,1556,2398,8687,38717,18150,11032
2023,8,15,23840,61497,77437,70725,53446,1781.35,1604,4047,4041,6630,17757,18405,45640
2023,8,16,95917,12705,2304,62675,52553,1781.35,3011,1820,4627,9961,91061,30459,25044
2023,8,17,97345,22908,63368,19743,37948,1781.35,4244,3138,1284,6750,48862,49729,18437
2023,8,18,93672,10468,50129,64065,87640,1781.35,2470,4907,3294,9556,62582,15846,34238
2023,8,19,9817,96946,1753,40796,16907,1781.35,2607,4250,2072,7862,33992,20019,42814
2023,8,20,85764,38237,48158,82048,36269,1781.35,1777,1292,1598,8257,10356,27830,13373
2023,8,21,82496,59179,44090,95790,10304,1781.35,1635,1030,3617,6784,77267,36875,6672
2023,8,22,72553,64875,51127,4626,32202,1781.35,996,2964,4707,5506,10742,42327,35119
2023,8,23,68879,48141,38620,9070,46399,1781.35,3251,3893,4506,7340,41034,34810,15329
2023,8,24,20365,2670,71283,23982,82410,1781.35,856,4961,3424,8334,75938,45625,48550
2023,8,25,13454,66936,63590,69513,22442,1781.35,1839,2671,1741,6811,33092,24491,13601
2023,8,26,82140,86344,19737,22998,83684,1781.35,2807,1626,4791,9089,44380,12200,10771
2023,8,27,93992,21590,33515,7416,66276,1781.35,4392,1080,2739,9333,65592,31532,9453
2023,8,28,29286,43785,39204,41027,60596,1781.35,1869,4086,4990,6450,82083,25026,22296
2023,8,29,28728,39892,95426,8520,85333,1781.35,2071,1360,4099,6937,12390,10374,6159
2023,8,30,62743,88835,56456,55482,38168,1781.35,3366,2453,2183,5148,24831,18270,38400
2023,8,31,31218,56702,18217,6208,24659,1781.35,1233,3386,1543,6032,78257,16464,1234
2023,9,1,65329,53904,43269,18619,73346,1638.97,1360,3532,1702,6396,16699,14849,3643
2023,9,2,56560,505,97033,99130,25337,1638.97,1698,3389,1472,9257,39399,14776,6164
2023,9,3,66844,92786,63927,59855,71043,1638.97,4023,2723,2409,9194,71341,32106,38507
2023,9,4,72286,52702,60639,48736,5895,1638.97,3584,2454,4194,6968,77935,35882,43691
2023,9,5,49484,40986,34272,40216,10243,1638.97,2598,3437,2808,7877,53291,15434,23672
2023,9,6,82736,78667,22927,91497,47310,1638.97,3602,1904,3320,9638,84682,35566,44268
2023,9,7,44284,48267,64373,38478,41587,1638.97,4360,1070,4644,9976,31285,26239,8660
2023,9,8,15007,95236,36029,97816,39465,1638.97,3018,2199,4338,7622,13695,48000,5673
2023,9,9,1564,87299,83948,81236,37892,1638.97,3153,3526,3247,7526,37003,41185,34982
2023,9,10,6186,27716,82256,22183,52700,1638.97,4773,2705,1094,6478,65520,14592,13541
2023,9,11,22826,33539,86793,23517,40835,1638.97,1516,3749,4137,7290,39984,16770,1982
2023,9,12,56797,23139,56907,6396,87017,1638.97,2580,4553,1625,9836,48087,40676,43911
2023,9,13,9729,29213,58383,34857,30015,1638.97,4449,4191,1230,5196,92707,30979,40255
2023,9,14,3081,64224,6082,23571,52391,1638.97,1950,4186,1907,5209,15581,38923,12418
2023,9,15,49120,13163,14830,87097,9351,1638.97,4125,4078,2129,5024,53935,38495,12917
2023,9,16,92762,69737,7687,99259,72330,1638.97,982,1761,1948,5352,15331,49712,16747
2023,9,17,15089,13635,58899,16997,68844,1638.97,2271,4314,3994,7100,37762,13344,40833
2023,9,18,16370,31888,48775,8499,747,1638.97,3345,4860,3797,7383,18246,11126,2710
2023,9,19,4130,55709,69241,1452,24732,1638.97,1163,4820,1828,9078,73168,16104,1858
2023,9,20,894,95440,50419,21240,48893,1638.97,935,1074,2772,9710,90111,19871,4534
2023,9,21,18772,53457,79732,23922,40840,1638.97,902,4969,2262,5182,46420,16014,5202
2023,9,22,71564,13936,41814,18825,23997,1638.97,4929,1242,1773,5347,78833,25665,14982
2023,9,23,6233,29770,40927,59006,45832,1638.97,3876,1918,1700,9928,19530,41684,31038
2023,9,24,46513,6276,3006,23775,76915,1638.97,768,4829,4712,7876,83654,20061,15778
2023,9,25,98916,18584,77656,25689,20283,1638.97,2705,2867,2609,9976,18224,48440,6489
2023,9,26,6021,63453,29396,23218,88412,1638.97,4901,4923,1100,8528,58698,33812,34271
2023,9,27,66389,819,98642,62454,84752,1638.97,2514,3666,3582,6521,25706,15490,48648
2023,9,28,49362,59764,13085,51972,34747,1638.97,1763,2118,4760,5030,80335,33171,31309
2023,9,29,13134,61590,34447,70031,45849,1638.97,3842,3588,1286,8836,91041,45066,9497
2023,9,30,33836,89908,95085,67419,66429,1638.97,2635,1590,3258,5822,84113,48005,37144
2023,10,1,877,5124,76788,63388,85460,2646.03,1520,3400,2108,5814,25600,36605,26311
2023,10,2,66746,54189,63272,1934,45231,2646.03,768,1166,1126,9538,17918,39621,24690
2023,10,3,57174,33709,52880,24245,17822,2646.03,1271,1878,2360,9410,14788,24171,1780
2023,10,4,92073,7661,87572,35534,70564,2646.03,2138,3660,2359,7074,55593,28941,13172
2023,10,5,26452,7714,64080,28930,27253,2646.03,3550,4425,2057,5746,17350,16230,31998
2023,10,6,22315,31294,17632,61027,47057,2646.03,818,4128,1430,5546,74661,10643,32421
2023,10,7,2292,63152,64304,69651,31266,2646.03,3592,4068,3962,9023,12018,21214,36249
2023,10,8,77373,71548,71992,25782,92977,2646.03,2011,1642,4659,9642,92668,41715,47014
2023,10,9,58415,94218,47196,98496,66986,2646.03,990,4276,2712,6146,55279,48977,38210
2023,10,10,42395,70224,23046,2709,49247,2646.03,3922,2970,2589,9094,68751,13846,26043
2023,10,11,59280,77115,38561,3939,86757,2646.03,2005,1438,1798,9201,60018,25136,47582
2023,10,12,97411,1861,10765,15123,8007,2646.03,4100,1634,2618,7004,69461,18216,32396
2023,10,13,29541,43385,61187,43482,22003,2646.03,808,2633,2051,5312,12646,10160,29938
2023,10,14,52894,29930,71684,11044,89131,2646.03,2531,2892,4913,6602,34367,15850,48054
2023,10,15,45692,98468,24674,14663,18317,2646.03,2878,2856,3870,6822,91338,25872,44135
2023,10,16,56707,58090,73507,80111,63402,2646.03,1622,1294,1359,8305,43690,26842,41431
2023,10,17,42711,96222,29735,92624,75870,2646.03,1895,2913,3920,6302,52575,47237,14102
2023,10,18,2056,1806,61446,72278,12223,2646.03,3150,3929,2225,8008,65391,40626,19136
2023,10,19,45791,72014,23274,83502,66671,2646.03,696,4380,3184,6430,16094,39054,16964
2023,10,20,36884,85252,76968,15805,93172,2646.03,4393,1878,2699,7190,67504,26274,45895
2023,10,21,76327,32007,45204,19904,86367,2646.03,529,2156,3959,5238,32009,15629,26947
2023,10,22,17118,58706,75010,96655,15136,2646.03,2060,2018,4967,5379,84174,38139,43365
2023,10,23,91274,29920,99718,55325,37111,2646.03,1598,4788,1168,6316,49691,15630,17222
2023,10,24,20100,60221,50454,19059,10376,2646.03,1039,3844,2520,9630,40498,22655,48816
2023,10,25,2118,8911,41026,97085,54290,2646.03,922,1914,1471,9892,17239,17172,41553
2023,10,26,68515,48838,38370,447,58344,2646.03,3743,3442,1980,5549,13853,15434,4413
2023,10,27,84365,31245,51557,41885,23646,2646.03,891,1534,2317,8268,39198,37959,8408
2023,10,28,29821,40775,49874,1293,25716,2646.03,1225,1172,2302,9200,11027,14004,17113
2023,10,29,85360,29772,1792,66345,15321,2646.03,4056,4684,3241,5613,57920,36886,15645
2023,10,30,34021,5164,29001,67690,93432,2646.03,648,3252,1326,5522,40896,17391,34551
2023,10,31,88987,67122,77974,37641,48069,2646.03,4637,3428,1054,6429,99772,16795,5353
2023,11,1,73830,82832,58019,15795,57104,2614.17,1166,2266,1054,7720,72050,41159,44905
2023,11,2,5857,95303,16484,27731,52551,2614.17,3068,4671,3200,5742,84092,33552,33876
2023,11,3,31699,17521,35029,94480,33645,2614.17,4257,2473,1007,7275,39619,16230,18176
2023,11,4,8533,5786,36730,15141,55994,2614.17,1299,1849,1762,9135,11872,22983,8780
2023,11,5,23011,39000,9007,17563,26061,2614.17,2466,4111,1246,8846,68590,10615,43099
2023,11,6,87023,74200,84441,4382,37828,2614.17,2491,2711,4845,5572,77851,17590,24061
2023,11,7,24352,504,64040,44785,39639,2614.17,4119,4000,1318,6262,12914,11126,36323
2023,11,8,36225,30381,41846,63196,99228,2614.17,3810,2601,1984,8250,13974,10342,26789
2023,11,9,32311,85826,17878,78509,1399,2614.17,698,1508,2584,8790,86886,18574,12082
2023,11,10,47413,21006,63927,89087,64132,2614.17,1821,1454,3572,8666,63551,39151,26841
2023,11,11,25455,3714,41753,42795,11964,2614.17,2960,1262,4560,8790,39134,35958,48735
2023,11,12,44272,36185,78060,73208,97275,2614.17,1781,1039,2303,8266,50125,16434,14946
2023,11,13,98900,6947,83143,38824,21966,2614.17,2975,2419,1758,9727,13140,45074,13046
2023,11,14,84815,4527,55701,19375,36717,2614.17,1684,1984,1018,9743,70546,44645,44835
2023,11,15,31042,28680,22037,33345,50739,2614.17,1130,1988,1870,9273,19278,33777,22162
2023,11,16,62319,99140,81197,45430,18868,2614.17,503,3681,3640,6203,39407,11708,37763
2023,11,17,7390,11092,59048,54760,77187,2614.17,756,3227,3272,7792,41571,18030,29594
2023,11,18,26307,57703,75000,38119,73328,2614.17,1895,1997,1242,9443,97426,30522,46164
2023,11,19,73558,54282,50556,82198,66837,2614.17,3905,1164,1053,5914,61689,44591,39963
2023,11,20,48898,77446,2820,7170,15239,2614.17,2531,2896,3444,7774,96014,16256,10743
2023,11,21,20047,67910,60122,31702,37353,2614.17,2223,2262,3181,5566,18928,11369,23900
2023,11,22,2741,69718,1948,20146,89022,2614.17,4736,2919,2433,7824,45088,39023,13637
2023,11,23,94651,93973,46920,29447,17855,2614.17,2570,2900,2194,7691,69601,30899,9286
2023,11,24,87943,48177,8162,32476,60955,2614.17,3845,1782,3689,8606,12854,42711,33973
2023,11,25,42133,31281,46983,99566,65188,2614.17,3589,1189,2394,7470,11282,20249,8423
2023,11,26,11147,59559,74502,54693,73602,2614.17,1943,1543,3631,6456,94019,19586,10456
2023,11,27,10430,54217,65985,30471,16361,2614.17,4533,4844,3808,6515,90761,45347,32529
2023,11,28,94939,95703,87890,13685,47564,2614.17,3933,3709,4435,9584,29753,43036,43526
2023,11,29,85243,81698,4580,93874,58154,2614.17,4811,3582,4166,5796,15405,15094,14951
2023,11,30,44677,54939,76723,74837,57807,2614.17,762,4096,4538,8858,82780,27101,33837
2023,12,1,33067,2163,53737,57854,31917,2191.9,3095,4965,2704,6650,88118,32654,46773
2023,12,2,49485,73054,18174,11633,88459,2191.9,1308,3396,4478,9222,17554,13314,36404
2023,12,3,17680,86651,92853,92105,69432,2191.9,1405,2497,3468,9718,60350,20384,19955
2023,12,4,26915,19798,350,60971,73118,2191.9,4977,2601,2873,8150,34233,16331,4821
2023,12,5,80906,90542,26080,10384,21686,2191.9,3697,4365,1166,6550,31469,16067,43635
2023,12,6,52857,7875,18565,91325,54369,2191.9,3061,1283,1158,9534,58605,38181,45267
2023,12,7,99583,68583,10783,93808,96733,2191.9,1490,2638,1909,8922,17522,39947,11369
2023,12,8,78909,28072,45665,25545,60974,2191.9,1612,1518,2711,6528,37857,22080,43486
2023,12,9,71796,15919,69716,86859,27034,2191.9,774,2967,1903,8726,36775,19984,28321
2023,12,10,79895,13266,3978,48156,48540,2191.9,3102,2447,1422,8182,52992,13747,8352
2023,12,11,93604,94605,43929,27668,71133,2191.9,4747,4279,4056,9462,46138,14892,31786
2023,12,12,14135,37530,409,11038,56056,2191.9,1025,1908,3153,5446,84105,31692,3536
2023,12,13,49706,22208,59141,2480,38679,2191.9,1226,2281,3088,6506,76300,10572,12133
2023,12,14,74645,76048,69853,5053,61862,2191.9,2493,2002,4871,9253,13570,25927,15991
2023,12,15,32790,40763,61877,15943,82118,2191.9,2634,1822,4541,6774,34302,23219,45982
2023,12,16,35259,66881,71853,58347,43388,2191.9,3919,3031,1114,5123,39435,18766,48154
2023,12,17,71114,1929,94763,57337,81182,2191.9,3263,3970,1078,5998,29912,37379,14500
2023,12,18,7474,93900,85554,8367,674,2191.9,2937,1874,3088,6142,10630,12827,36208
2023,12,19,648,79550,97211,41200,34673,2191.9,4965,2137,3573,8702,95826,36106,36646
2023,12,20,85580,79090,66430,57194,40582,2191.9,924,4407,1592,6477,89125,14542,46342
2023,12,21,32686,53416,59551,52126,89558,2191.9,4952,1702,1082,8514,47755,17106,20181
2023,12,22,65160,24074,55597,20085,11505,2191.9,1190,3435,1863,5248,70628,15218,1423
2023,12,23,35314,81553,68205,41906,94383,2191.9,523,3419,2096,5073,95544,16653,23682
2023,12,24,11607,26849,23210,77689,55363,2191.9,4794,1052,2742,6390,56957,39246,37318
2023,12,25,18165,29500,69035,65029,52120,2191.9,3825,3784,2567,6772,62041,31949,39663
2023,12,26,27063,27566,75369,70512,68991,2191.9,3516,1202,4112,6726,58284,19474,20913
2023,12,27,30396,69432,6348,58138,36174,2191.9,3735,4338,2803,5548,19366,11274,13305
2023,12,28,38785,88192,81411,76352,41573,2191.9,3300,4986,2369,7670,55497,12728,43453
2023,12,29,70933,59015,53309,1397,2093,2191.9,870,3839,2375,7148,13962,33549,27945
2023,12,30,73226,37064,4240,82381,36186,2191.9,3655,1321,3148,5698,67672,36072,23606
2023,12,31,84870,92325,71059,88591,92345,2191.9,1302,4628,3274,9230,81024,20366,42909
