year,month,day,sales1,sales2,sales3,sales4,sales5,rent, employeePayment, electricity, gaz, vegetables, meats, otherIngredients, publicity
2002,11,21,87533,75943,94472,8490,64970,2288,2131,4049,3621,9895,30797,29923,46689
2002,11,22,65781,95153,74870,61426,50400,2288,3638,4358,1184,7182,10382,45147,10803
2002,11,23,59825,64302,35038,91528,99791,2288,2194,2322,3884,6665,12163,25205,1591
2002,11,24,49706,90648,64255,29679,56895,2288,953,2674,1555,6646,84100,23306,11404
2002,11,25,27977,94091,34018,39162,64029,2288,660,3853,4856,5698,31732,35999,39204
2002,11,26,3641,90279,23322,13877,43297,2288,4081,4353,2484,9687,39032,49378,1838
2002,11,27,81091,64986,38405,3998,65809,2288,3655,3784,2947,7672,49297,46975,22505
2002,11,28,83228,99959,37181,3085,2009,2288,4083,2000,1096,8756,35876,18839,18913
2002,11,29,46946,41310,28193,5782,27349,2288,666,4790,3562,9916,28787,14370,17225
2002,11,30,98773,38795,24507,31720,66468,2288,3695,1046,1974,8938,69130,42122,23805
2002,12,1,24566,30475,43036,19675,82703,2177.16,1619,4011,1206,8753,67711,23643,11875
2002,12,2,93913,92502,22206,70181,37641,2177.16,3953,1434,2433,5446,59253,17589,2928
2002,12,3,45720,25301,74056,44300,10783,2177.16,1791,1700,3003,9662,71374,45705,32530
2002,12,4,16701,54346,36069,23119,43099,2177.16,3113,3363,2632,6710,23543,18038,3780
2002,12,5,4598,92497,43060,98384,9522,2177.16,2324,1592,2612,6380,15891,19018,2313
2002,12,6,38910,27683,6448,68266,98861,2177.16,3970,1130,3518,6391,55031,15948,27822
2002,12,7,36523,68145,61333,49156,19816,2177.16,779,1538,1366,8838,55499,19597,1228
2002,12,8,77504,37825,7542,21468,94205,2177.16,1214,4465,2467,5332,17730,16328,23434
2002,12,9,76835,98054,98241,25354,30797,2177.16,3322,2318,4120,8118,32825,40287,19624
2002,12,10,12234,48606,31052,22310,7444,2177.16,3258,1298,4375,5800,22766,34931,36552
2002,12,11,5586,98981,749,89405,81643,2177.16,2084,3476,2884,5350,12214,13680,34832
2002,12,12,39949,49856,47351,94069,60862,2177.16,4355,4447,3781,7066,11756,10334,30177
2002,12,13,34663,86368,53876,59038,68520,2177.16,650,1854,1252,7420,79860,23615,26642
2002,12,14,62252,51946,48445,95136,38623,2177.16,698,4922,4833,5046,88991,42046,14978
2002,12,15,2695,89699,81494,47828,37810,2177.16,816,2471,1948,5110,47860,14488,9603
2002,12,16,47272,74533,54945,39246,1954,2177.16,2860,4204,4453,7656,75692,16160,1157
2002,12,17,42635,50860,52999,57468,89730,2177.16,4513,3775,4391,7359,56602,17678,8342
2002,12,18,56962,57007,91025,52931,43989,2177.16,3770,1260,3417,5066,46857,15370,38886
2002,12,19,56223,76070,79576,75677,53727,2177.16,894,1360,2478,6212,70179,12208,5268
2002,12,20,77795,36045,20984,42187,83404,2177.16,4387,1486,2296,5411,93294,11284,43939
2002,12,21,90649,43417,2545,4067,48483,2177.16,788,1057,1823,5363,96733,45549,15754
2002,12,22,86983,63189,91910,9462,66291,2177.16,3021,4084,4484,5356,86270,47888,28441
2002,12,23,69295,47010,38253,36591,98774,2177.16,2875,1556,1315,6771,19688,39798,47900
2002,12,24,32526,61981,60856,74349,93696,2177.16,4897,1366,2128,8158,12992,19770,23941
2002,12,25,56599,44513,63856,87435,36221,2177.16,654,1040,4839,9927,42105,44964,16478
2002,12,26,87827,6333,50738,79142,89457,2177.16,592,1981,3909,6146,12681,32604,26930
2002,12,27,86439,98931,29635,23568,93441,2177.16,4689,1390,1989,9896,53824,33210,36126
2002,12,28,6375,39148,55078,52566,95427,2177.16,3881,3252,1219,7830,62393,25675,13535
2002,12,29,57900,14038,64009,13161,26536,2177.16,2117,2974,1248,7034,52893,35411,26690
2002,12,30,44230,12583,51802,57571,52480,2177.16,2132,1710,1124,8561,44122,13110,5626
2002,12,31,92097,58004,39803,28316,38974,2177.16,3990,3225,2585,8710,26385,18250,18549
2003,1,1,4855,88447,3011,12959,41340,1425.35,3539,3922,1846,8942,22753,12199,38422
2003,1,2,54595,97959,23325,33156,42081,1425.35,512,1435,2381,9918,55408,20929,46227
2003,1,3,40261,68634,19867,74611,11372,1425.35,2001,1225,1166,5011,45535,41476,45339
2003,1,4,9785,19075,11751,66359,50185,1425.35,3558,1130,1390,8234,54285,23597,1722
2003,1,5,64461,95890,40033,16842,65808,1425.35,4122,1068,1778,5590,97030,16308,11794
2003,1,6,52032,99033,40728,52169,20396,1425.35,4996,1510,1689,8099,12890,21873,36263
2003,1,7,88955,41449,93004,54121,26035,1425.35,2717,1847,4529,8214,23688,25337,13641
2003,1,8,45896,44164,47758,42674,856,1425.35,2175,4238,1438,7902,37758,46919,11140
2003,1,9,10517,47756,43452,32206,2207,1425.35,870,1160,4142,9785,61632,40176,6342
2003,1,10,93427,55703,47024,69308,89805,1425.35,996,1408,2579,5105,94724,14786,37065
2003,1,11,36246,61900,34026,12769,86154,1425.35,4687,3022,1790,9490,45227,38096,21784
2003,1,12,25833,82011,29258,56327,28148,1425.35,1502,2925,2943,9878,14476,11018,7242
2003,1,13,63295,18230,88447,27226,9688,1425.35,2011,1874,1422,6036,75052,47576,33172
2003,1,14,14173,84741,60599,50063,70583,1425.35,3159,1414,1088,7546,52740,48687,22178
2003,1,15,41010,65596,86613,3954,41826,1425.35,3052,1022,4779,7851,32344,17894,10198
2003,1,16,77375,40708,16751,38797,83097,1425.35,1372,2268,2894,6654,63682,13477,41803
2003,1,17,1853,68194,76244,22392,1962,1425.35,1078,4323,1872,8096,79628,11054,28985
2003,1,18,593,52681,74228,61724,30532,1425.35,1189,2905,3630,9291,46702,13078,22924
2003,1,19,57447,49427,60347,50341,29102,1425.35,706,1916,3574,6413,53344,26888,40382
2003,1,20,51750,40776,86212,79033,31171,1425.35,1788,3114,3519,9498,19686,15403,15840
2003,1,21,45291,42380,73309,25273,91672,1425.35,3351,4117,2141,5049,15809,31242,36363
2003,1,22,5431,62332,62196,30358,68745,1425.35,2245,1845,2666,6922,15877,20188,31892
2003,1,23,25648,64018,68304,60519,86385,1425.35,921,1674,1050,5582,73298,28543,28142
2003,1,24,68297,61650,94013,70438,26700,1425.35,1679,2129,3505,7542,78838,23601,26175
2003,1,25,12119,36084,10447,1137,95892,1425.35,1325,2890,1692,5980,98409,43076,26324
2003,1,26,474,40683,41103,37346,72617,1425.35,889,1836,1050,6253,11350,19101,14401
2003,1,27,18780,29383,67583,7285,9609,1425.35,885,3078,2504,7683,39215,28396,46422
2003,1,28,50359,76893,16287,57051,99225,1425.35,534,4697,3082,9894,37042,10698,31048
2003,1,29,21982,19284,1612,14384,11890,1425.35,3484,1346,3696,8598,37953,34656,29315
2003,1,30,47488,35191,22736,46345,42875,1425.35,1092,3232,1546,7470,50283,20770,28303
2003,1,31,4779,16762,70468,92861,24343,1425.35,4910,1323,3145,6118,60706,10078,23862
2003,2,1,94191,2055,59533,11609,40008,1933.36,906,1550,3275,7198,34424,11577,44189
2003,2,2,79237,44009,33124,52967,94292,1933.36,4096,2405,2064,6626,51747,30926,20246
2003,2,3,53220,14423,90424,41094,75129,1933.36,1929,1350,3863,7813,13630,20223,11810
2003,2,4,78354,89079,11774,77982,27223,1933.36,4558,1458,1557,9034,59425,17201,12550
2003,2,5,25632,49874,44607,32697,33183,1933.36,4974,1401,2127,6502,27494,18607,12706
2003,2,6,48559,85776,4278,28774,19941,1933.36,3996,4645,3338,7121,92626,16912,34260
2003,2,7,39671,48538,73372,46229,37572,1933.36,3429,4554,4021,8035,12250,32203,49149
2003,2,8,20741,92225,34957,64220,78974,1933.36,2826,3883,4577,6920,72657,34517,28803
2003,2,9,37715,38006,15516,61053,15128,1933.36,4317,4797,1678,7688,17377,44249,8142
2003,2,10,66837,80807,90157,65858,5194,1933.36,4413,2285,1976,9369,13018,12626,2407
2003,2,11,28173,89331,50193,9102,92786,1933.36,4971,1010,3558,5486,15818,17380,39202
2003,2,12,33628,52222,79836,90307,86262,1933.36,907,4449,4371,8574,51659,15916,47213
2003,2,13,9823,66073,58203,37158,31794,1933.36,3465,4965,1741,9718,85419,29526,31059
2003,2,14,65563,95391,26379,59122,37229,1933.36,4158,1720,4208,5670,77513,21822,1282
2003,2,15,77559,78422,91272,88282,85837,1933.36,4197,1326,1446,8751,49167,14306,42931
2003,2,16,59811,92634,33466,46552,18995,1933.36,2429,4557,1262,5160,43678,17854,18885
2003,2,17,35796,44189,38711,71356,24535,1933.36,3177,3444,2002,6478,13460,13185,16224
2003,2,18,43732,27275,25196,69087,6027,1933.36,1234,1682,1996,9699,28739,18806,24364
2003,2,19,94937,71169,86900,25563,56329,1933.36,3417,3475,1118,8538,96183,15652,46930
2003,2,20,64703,89361,50449,92052,90162,1933.36,974,1010,4447,7046,19331,13660,7174
2003,2,21,4795,61918,89014,88143,37969,1933.36,980,2904,1122,7482,58467,27953,17753
2003,2,22,57019,68237,86430,48137,16716,1933.36,590,1417,3324,9558,89820,44838,32613
2003,2,23,4114,95057,45084,4913,41841,1933.36,1738,2986,2683,6078,51129,30651,30767
2003,2,24,34857,57967,29909,56482,68055,1933.36,4434,1302,2963,6974,89560,39678,4728
2003,2,25,19828,69701,87448,8153,16641,1933.36,2990,2105,3676,8860,42018,30516,27269
2003,2,26,45192,70109,93504,87875,87212,1933.36,4877,2067,1238,9166,78548,13454,10985
2003,2,27,35865,12984,44782,25180,50199,1933.36,4857,1142,1606,8657,94530,37034,34342
2003,2,28,95926,13873,90493,954,78298,1933.36,1470,3488,2618,5330,27714,39829,32511
2003,3,1,28944,28250,53964,60082,6798,2393.48,2297,1132,3452,7477,10762,11206,7320
2003,3,2,68687,89062,89541,3696,83592,2393.48,972,3815,3418,6926,92112,15928,42927
2003,3,3,48397,31953,68547,89722,76019,2393.48,3382,4961,2977,9410,81394,26126,24729
2003,3,4,36017,10045,62260,54470,47522,2393.48,3615,2559,1450,6320,36255,15814,31295
2003,3,5,56082,52228,84114,89501,85506,2393.48,1780,3901,4529,6679,39974,17814,26226
2003,3,6,31408,64709,21861,50737,27054,2393.48,1862,3070,4651,5473,33891,43524,19608
2003,3,7,36768,57507,26084,7123,70662,2393.48,2420,3094,2270,6162,48946,32775,28691
2003,3,8,54111,20728,83030,78640,93759,2393.48,538,1390,2712,7512,92253,31117,23004
2003,3,9,53359,69116,94188,83010,24590,2393.48,1533,2708,1936,8968,19078,38949,28079
2003,3,10,97660,78604,32045,44930,56490,2393.48,2704,1208,4421,5934,11192,28179,47343
2003,3,11,90,1130,69697,4154,34881,2393.48,550,3238,2417,5810,87599,38358,11950
2003,3,12,90241,64133,66067,92178,83102,2393.48,1126,2112,2205,9522,42041,18694,17250
2003,3,13,26866,36098,45646,61287,13184,2393.48,818,4624,3718,5514,33777,14422,1237
2003,3,14,53817,85400,8190,1234,31210,2393.48,4591,1450,1273,5657,13627,25726,12141
2003,3,15,39260,11106,72839,1465,56981,2393.48,1510,3845,2328,8650,61483,46863,31232
2003,3,16,33393,67302,26488,2111,59169,2393.48,2060,2984,2016,6601,14217,43225,10265
2003,3,17,58743,20161,14676,51368,92170,2393.48,3445,1428,2112,5280,49244,29092,44655
2003,3,18,63867,85755,29290,47547,84263,2393.48,4410,4006,4426,7249,36116,33594,40773
2003,3,19,63867,74529,62931,25883,37483,2393.48,4107,2576,3659,9270,80295,11666,43500
2003,3,20,11142,23741,53610,99606,56376,2393.48,3697,1593,4960,7986,84139,11158,19206
2003,3,21,65112,44902,39581,55890,32152,2393.48,835,1017,1576,8765,21899,20410,42049
2003,3,22,78617,57359,32987,92276,7494,2393.48,4455,4987,3373,8842,34592,26100,29634
2003,3,23,3623,79643,62694,24935,53981,2393.48,508,1802,4438,6262,91332,13188,13186
2003,3,24,78489,97168,68959,45065,82285,2393.48,1827,1810,4568,9390,69527,38413,40858
2003,3,25,60800,336,23401,30525,84752,2393.48,2977,4725,3987,5670,29659,15944,24346
2003,3,26,15208,60168,43412,39647,46608,2393.48,2587,1670,3263,6214,86512,46899,1096
2003,3,27,88756,84692,24153,53324,15857,2393.48,1737,3007,1494,5986,23532,11470,43680
2003,3,28,55835,96510,16196,26174,48532,2393.48,4141,1606,2374,7818,36089,35334,45856
2003,3,29,45000,48677,26782,9615,30223,2393.48,1514,3978,4336,5398,88653,46545,29646
2003,3,30,90698,30391,39553,17417,28233,2393.48,3886,4066,2297,5081,10240,14372,29437
2003,3,31,90937,60734,37273,29664,70990,2393.48,4997,2340,3389,8130,41955,18612,23362
2003,4,1,14822,3943,2113,11840,92596,2925.87,3888,4338,3210,6304,83922,33998,48658
2003,4,2,65191,67989,76297,26625,94581,2925.87,3912,1665,2101,7160,59006,26814,33478
2003,4,3,94925,91348,15204,53056,49655,2925.87,831,4475,4109,9295,92666,13057,33816
2003,4,4,7954,11555,68748,12516,64212,2925.87,1513,1516,2009,9161,72377,47942,2670
2003,4,5,22639,6291,35960,26092,86218,2925.87,2905,1142,1313,8109,50549,35967,44967
2003,4,6,18277,91381,16795,38739,50676,2925.87,1795,4980,2366,6894,15418,17929,9461
2003,4,7,89564,362,63684,42925,5875,2925.87,866,4865,1014,6826,70956,11272,2413
2003,4,8,21793,73863,58767,24458,8324,2925.87,858,2951,2047,7218,81689,34074,9316
2003,4,9,3031,33485,75408,40397,70379,2925.87,4678,1293,1944,8361,19218,14806,29255
2003,4,10,7126,26437,46708,82181,69615,2925.87,4804,2758,2877,8570,32215,32552,34016
2003,4,11,44238,92640,75505,77637,86210,2925.87,3062,1192,2030,6948,62340,43760,7194
2003,4,12,49077,37019,86407,45044,91732,2925.87,1885,3856,3412,9944,81036,18027,21977
2003,4,13,43961,40841,25786,68190,75763,2925.87,2094,1351,3344,5206,13987,35906,24354
2003,4,14,66144,92051,91498,73174,61872,2925.87,3286,1904,1720,9692,55991,32586,3838
2003,4,15,91669,19229,81444,56433,45526,2925.87,811,1684,1024,5908,90378,11786,28832
2003,4,16,7303,7473,48139,6999,71,2925.87,2904,2566,1064,8814,72091,48751,28478
2003,4,17,38240,55378,59699,45448,41422,2925.87,3033,4441,2622,5828,22226,29499,32042
2003,4,18,21013,13038,35337,57037,62339,2925.87,726,4640,3187,9664,76639,49609,25715
2003,4,19,28143,85896,48528,15022,70298,2925.87,3772,4889,2348,9823,70336,33770,20620
2003,4,20,88217,14722,99564,72191,56903,2925.87,1689,2914,1179,6764,51302,13517,21790
2003,4,21,79093,36477,99511,28632,2494,2925.87,4592,1280,3396,6250,45656,48694,42502
2003,4,22,63740,25782,89936,72440,81957,2925.87,1209,1446,1344,8530,58715,48246,10272
2003,4,23,60267,60405,42513,11446,13783,2925.87,4963,4226,1643,6670,37857,15488,10167
2003,4,24,33327,48802,96124,11723,91922,2925.87,1768,2012,3912,6703,44452,32220,8132
2003,4,25,26975,67014,68746,34672,89139,2925.87,2917,1524,2864,7158,77202,17998,27461
2003,4,26,51949,18518,27225,14944,59343,2925.87,872,2668,3883,6554,20743,22156,15082
2003,4,27,51039,97512,94170,51303,64216,2925.87,3523,2541,1986,9102,42212,27477,4974
2003,4,28,29729,41483,93235,33945,83265,2925.87,1943,1564,1254,9167,66508,14648,20437
2003,4,29,60602,46940,73670,90837,39847,2925.87,4344,1778,3275,9865,42186,38842,44413
2003,4,30,94839,92062,12737,33178,10682,2925.87,654,1666,2782,7990,90706,12398,21301
2003,5,1,42650,63964,62335,38169,46824,1312.13,514,3762,2004,9266,33608,27768,43336
2003,5,2,51655,40845,52396,91520,99384,1312.13,2710,2796,3974,5887,18478,25274,41239
2003,5,3,96542,58888,54410,66782,65946,1312.13,3809,3594,3474,5002,63115,10297,33160
2003,5,4,45832,94589,4061,79188,16899,1312.13,1955,4904,1217,9350,92775,10600,4021
2003,5,5,16941,95486,18397,70915,47725,1312.13,2541,1244,2114,6614,43750,44411,36875
2003,5,6,82814,83913,19359,46289,86409,1312.13,1585,2239,2061,6997,11426,10311,32474
2003,5,7,31019,34734,95216,58588,94084,1312.13,4187,2376,4828,7880,14642,47553,4344
2003,5,8,57163,27184,24523,85629,26838,1312.13,774,4651,2185,9397,55939,38593,18274
2003,5,9,98223,28877,70833,91637,5875,1312.13,3299,1892,3343,9867,95479,43778,48611
2003,5,10,34211,81019,71155,50391,1306,1312.13,4295,4819,4332,8818,60447,22522,35798
2003,5,11,7092,56840,82174,59277,56237,1312.13,2869,1632,3340,5053,62447,39214,4465
2003,5,12,16,80747,42459,33359,10614,1312.13,3488,1175,1659,9296,11566,11890,4290
2003,5,13,66793,25862,27785,12477,64680,1312.13,4998,1770,1423,7171,31046,34011,4585
2003,5,14,21636,45268,4823,21329,46673,1312.13,542,1687,4368,9353,80045,41333,33622
2003,5,15,23643,89887,52510,91655,70882,1312.13,4619,2673,1288,8755,50149,20968,14076
2003,5,16,93340,35149,42739,71115,18672,1312.13,534,1659,1756,9948,77987,48429,40138
2003,5,17,93571,4882,45117,74291,90587,1312.13,1975,4229,1400,6758,22235,18318,41515
2003,5,18,31264,66855,39955,37553,71962,1312.13,3520,1653,2955,7610,52767,42979,6456
2003,5,19,74100,57894,49639,25857,84195,1312.13,4285,4116,1750,5753,84758,11604,43978
2003,5,20,27268,66734,86379,58668,17571,1312.13,2300,1550,1898,7222,10978,13780,8614
2003,5,21,40063,27610,45434,14370,11573,1312.13,2348,1352,3798,6686,27879,22992,14554
2003,5,22,17316,68517,83461,82527,54271,1312.13,3323,1537,4952,9412,56557,18874,18219
2003,5,23,33315,33858,50412,25134,67465,1312.13,540,3878,2110,7051,54599,17374,3150
2003,5,24,81605,61949,10707,86755,35287,1312.13,4747,3954,2102,9559,67832,27724,38586
2003,5,25,27779,6156,59262,79083,47209,1312.13,4308,1874,1028,9448,38359,49844,32171
2003,5,26,84221,43625,90075,81332,27028,1312.13,1365,4983,2973,7071,11738,24612,44674
2003,5,27,72010,87838,43567,95464,47397,1312.13,3187,1462,3905,8800,54256,47465,11399
2003,5,28,80972,18565,94340,63352,33285,1312.13,3195,2504,4026,9621,15187,36054,49051
2003,5,29,80647,21554,61038,3621,54977,1312.13,4584,1985,1964,8150,38800,24361,22776
2003,5,30,65901,11988,99536,16158,60789,1312.13,3622,1759,1110,8636,21462,18814,20145
2003,5,31,73364,34658,72202,98742,70631,1312.13,4795,1276,1202,8770,71248,46622,3741
2003,6,1,82185,39960,78278,20335,78761,1409.8,2586,1504,3525,5095,67887,38669,2639
2003,6,2,48718,25999,10083,89383,47461,1409.8,2745,3469,3331,7839,69099,14154,14779
2003,6,3,12635,36729,98718,41172,24329,1409.8,2484,1513,1226,7113,43199,30411,45340
2003,6,4,39752,62139,37511,74629,97234,1409.8,4650,1912,2748,9732,35333,45209,5399
2003,6,5,54511,14432,93679,7843,92271,1409.8,4914,1256,2210,9983,62428,13086,29131
2003,6,6,75324,21265,79404,26975,58378,1409.8,3737,4480,4741,5018,89108,48326,22604
2003,6,7,32998,68759,44278,80747,58491,1409.8,955,3001,1746,5985,37195,35368,45964
2003,6,8,65116,18462,72977,97326,98445,1409.8,894,1022,3020,9619,33445,31397,1757
2003,6,9,88575,7183,62230,89668,34783,1409.8,2994,2779,1686,8623,48525,44939,1339
2003,6,10,60939,40833,24293,4037,26819,1409.8,4404,3285,4948,9554,21963,44744,11488
2003,6,11,64138,92180,84865,53511,58151,1409.8,1259,3077,1844,6988,52744,42978,34662
2003,6,12,14828,57091,60758,51276,5715,1409.8,1214,3004,2819,8246,87041,19284,25636
2003,6,13,48346,42798,34276,44646,55179,1409.8,4390,1346,4769,9846,11070,22919,6239
2003,6,14,75268,6790,2349,33464,70279,1409.8,1441,1457,2183,7112,52733,34249,5094
2003,6,15,29187,15300,33607,12006,2159,1409.8,2995,1016,3444,9110,95149,34975,20648
2003,6,16,44861,34540,86996,9630,91498,1409.8,3900,1764,1342,5026,15222,35945,42526
2003,6,17,6343,43022,3755,34878,46573,1409.8,968,2110,4491,9085,20468,13308,22840
2003,6,18,56085,58464,73505,19529,47086,1409.8,855,1945,4544,8414,12662,11041,18654
2003,6,19,66728,66827,77807,82395,18076,1409.8,4691,1548,2407,9604,75647,10934,44387
2003,6,20,77638,77479,92443,98481,12916,1409.8,546,3999,2725,8633,19546,18742,12911
2003,6,21,63640,92088,43108,99536,66290,1409.8,577,4369,2860,9480,48115,45935,11034
2003,6,22,15474,49159,86706,69233,53956,1409.8,4564,2944,2534,8058,46424,35449,28705
2003,6,23,91270,67906,70801,78996,46540,1409.8,658,1530,4118,9617,26065,13366,25680
2003,6,24,50651,52995,99778,94863,57730,1409.8,2150,4554,2050,6934,58787,16230,47893
2003,6,25,38912,28352,15303,27798,6711,1409.8,4598,2980,1978,6518,93327,17760,28079
2003,6,26,92430,23485,35406,76549,29454,1409.8,1956,1456,4465,6733,91318,38546,11471
2003,6,27,90978,64821,78102,88028,25028,1409.8,778,1190,1591,7038,16184,38302,3241
2003,6,28,65118,37686,2635,11102,54436,1409.8,4976,1865,1604,6962,23413,15251,45962
2003,6,29,33204,66722,78060,64021,9807,1409.8,3919,1576,1110,6754,10334,25577,35730
2003,6,30,16613,76899,55869,14556,63938,1409.8,4209,1654,4345,7402,56507,38780,30308
2003,7,1,92836,35646,69955,64569,75411,2203.94,4123,2131,4616,9002,68289,15345,1558
2003,7,2,63416,69073,82248,43140,90587,2203.94,4751,3837,1750,5334,64126,10352,7826
2003,7,3,9869,9533,44698,48064,82392,2203.94,2220,1878,1930,8526,56146,27238,49831
2003,7,4,20084,86622,19370,66052,81118,2203.94,2748,1778,3083,9996,16122,30022,4012
2003,7,5,54174,80127,63860,84219,70786,2203.94,922,2005,3869,7918,45068,36260,27986
2003,7,6,21803,43641,27839,23630,12167,2203.94,867,2249,1957,6589,14652,18075,1378
2003,7,7,40601,12402,28960,30036,92398,2203.94,526,1570,4461,8886,47140,16374,49336
2003,7,8,34606,58063,97252,88475,46387,2203.94,1086,3188,2312,8924,91818,14479,8673
2003,7,9,69261,92686,63081,56219,29275,2203.94,645,1226,1142,5956,16262,48883,27734
2003,7,10,35292,42672,61806,64754,32941,2203.94,1351,2545,3359,9920,72372,29746,8946
2003,7,11,69980,13459,97935,72292,98736,2203.94,3122,2995,3790,6203,40565,44416,6105
2003,7,12,43937,97563,30644,50423,99872,2203.94,4305,1366,4576,8950,16267,38868,46906
2003,7,13,36408,13972,22767,19767,8927,2203.94,4512,1058,4948,7608,67548,23683,45139
2003,7,14,69904,87024,8032,85046,53227,2203.94,814,3514,2511,6457,80288,12382,14949
2003,7,15,39715,45946,13897,45643,57056,2203.94,863,4814,1978,7268,29580,35765,30165
2003,7,16,35120,95446,81023,60068,75597,2203.94,894,1008,1945,8134,46897,21523,48571
2003,7,17,73083,92712,35038,51946,85521,2203.94,4327,1586,2622,8224,87228,16614,31678
2003,7,18,74741,4444,60844,35228,28073,2203.94,992,4543,3573,8086,55963,44169,6777
2003,7,19,66937,56067,56021,35235,80553,2203.94,1757,3634,1980,7210,11170,47500,2918
2003,7,20,39825,36260,55439,17448,80836,2203.94,3476,1160,3462,5672,14318,15784,9020
2003,7,21,52449,44499,87431,87374,62865,2203.94,1542,1153,1632,7838,81387,46363,9746
2003,7,22,73185,38145,66351,85165,46292,2203.94,4017,1116,4541,8920,19915,10764,38283
2003,7,23,13475,88392,77305,76938,50416,2203.94,1176,2863,1661,8606,13186,24526,1634
2003,7,24,64705,88131,87032,80516,58398,2203.94,3231,1581,2914,5933,33097,35558,18419
2003,7,25,64216,32115,71675,5109,2923,2203.94,1837,1396,1332,8054,19380,46748,41590
2003,7,26,37658,10862,65964,99319,15821,2203.94,814,1058,2034,7227,77391,35431,22553
2003,7,27,11998,86975,67013,51265,62908,2203.94,1822,3474,3576,9706,64935,12054,1926
2003,7,28,16438,91773,84248,29122,28619,2203.94,2221,1275,1146,8185,65594,13302,43933
2003,7,29,47090,5791,50195,24124,49371,2203.94,907,2719,1834,9271,28983,10171,27586
2003,7,30,75734,65806,53647,24311,7006,2203.94,2160,4794,3057,6407,68916,21676,34934
2003,7,31,86693,61138,37952,24191,35675,2203.94,2508,4115,2040,7702,23239,41410,19898
2003,8,1,15499,85482,2552,74770,14466,2310.94,1855,1622,2721,7517,14542,17654,12724
2003,8,2,99678,59775,60712,92438,28691,2310.94,972,1180,1691,9671,58206,22940,32388
2003,8,3,13532,57323,64981,41234,96914,2310.94,4224,2411,3224,7134,14158,39041,22743
2003,8,4,44500,70388,2016,43573,77905,2310.94,1226,3934,1770,8289,86371,10460,5644
2003,8,5,70678,98205,32993,73721,17876,2310.94,1660,1406,4873,7993,88991,11786,41200
2003,8,6,50736,18216,90550,8960,66344,2310.94,4352,2194,1652,6368,70766,25077,44082
2003,8,7,38364,48345,69012,20134,86635,2310.94,1946,3663,4938,9938,63735,37813,21735
2003,8,8,87490,60396,35572,52363,38389,2310.94,4148,1934,1958,9404,30787,16364,40915
2003,8,9,15132,45141,85373,95953,61509,2310.94,1029,1223,1680,6393,36357,23821,22491
2003,8,10,28128,83304,97485,98067,79594,2310.94,2231,2083,2966,8320,19445,26355,11220
2003,8,11,95070,33595,81832,86904,54644,2310.94,718,1126,4110,6805,82078,15830,28971
2003,8,12,19296,69461,68195,56483,42206,2310.94,616,1358,4206,7787,84750,33799,4552
2003,8,13,55359,86983,50883,93326,41138,2310.94,1032,2558,1126,7863,55814,41269,20329
2003,8,14,96834,896,77397,87297,47701,2310.94,4266,3347,1638,7460,39830,15402,25827
2003,8,15,28364,20134,74177,48922,14274,2310.94,2721,4631,2260,9955,62956,19749,8927
2003,8,16,86636,48989,88661,6910,33204,2310.94,4531,1389,1506,7738,50037,18852,44475
2003,8,17,67754,89304,9121,45745,13117,2310.94,4587,2831,1774,7536,13516,16061,48951
2003,8,18,99043,39475,85693,77655,55782,2310.94,2404,2417,1394,6064,65678,29897,15002
2003,8,19,46891,80210,42639,92260,88489,2310.94,3032,1242,3330,7152,15958,11446,42676
2003,8,20,92456,67926,85631,94244,8042,2310.94,1656,3435,3209,8700,17574,15990,42384
2003,8,21,93702,14846,46408,40396,17262,2310.94,1644,4151,3647,9282,72762,47136,12087
2003,8,22,71958,7147,69731,86640,50652,2310.94,4438,4458,1996,9974,53701,14034,38069
2003,8,23,8804,80358,87470,57013,9058,2310.94,2354,4111,4756,7926,75858,13510,4912
2003,8,24,68553,12503,17522,77200,91785,2310.94,4335,1638,3782,8140,66732,14433,6637
2003,8,25,32134,81171,23892,88128,97591,2310.94,3513,1393,1316,5983,79757,16063,43945
2003,8,26,77247,57113,35175,97003,97227,2310.94,1724,2130,4886,9718,59329,48022,27385
2003,8,27,7235,33666,28116,37369,77731,2310.94,3154,1216,3722,8397,30695,12634,11200
2003,8,28,52343,99209,29059,42996,71544,2310.94,830,3789,2279,6936,62144,45857,8816
2003,8,29,54321,28869,77988,94207,29467,2310.94,2228,3052,1974,6695,90421,15064,37318
2003,8,30,97896,8576,7633,6618,66973,2310.94,4281,1342,2536,8339,95014,25431,38328
2003,8,31,67156,70425,74222,49435,97362,2310.94,594,1681,1585,9631,62240,11052,36366
2003,9,1,4469,64105,64283,7517,70878,2564.93,832,1618,3331,8142,62777,41659,45700
2003,9,2,41310,14796,45548,16002,9810,2564.93,3156,1586,1551,8942,93947,47916,20979
2003,9,3,10587,61981,79503,50219,24221,2564.93,2166,1622,2362,7801,52557,16490,6907
2003,9,4,53501,74321,54045,6832,2701,2564.93,4842,4009,2969,6741,60010,24130,33174
2003,9,5,47721,59519,70717,25624,8462,2564.93,3540,1626,2996,9394,85617,33568,31016
2003,9,6,26301,29137,44962,30015,53290,2564.93,3254,1789,1838,8651,29972,40890,47519
2003,9,7,8177,61168,34901,72498,37909,2564.93,1628,1980,2133,7402,27604,11946,11263
2003,9,8,14713,67497,47346,57709,86891,2564.93,2628,4542,3451,5190,59556,31740,49316
2003,9,9,109,64164,54882,88300,39167,2564.93,4189,3694,2372,7206,36192,18614,34854
2003,9,10,58057,99173,18614,61542,32869,2564.93,3487,2580,1190,6726,21640,33307,12570
2003,9,11,86500,79270,79202,64951,81860,2564.93,3042,3319,1260,7923,11910,24791,5111
2003,9,12,69130,98513,54838,47854,45306,2564.93,3134,4713,1553,6210,81254,39422,41030
2003,9,13,45670,54742,3355,92088,91927,2564.93,1746,3425,1968,7654,59728,35179,41348
2003,9,14,76059,89123,49851,11684,57047,2564.93,2826,2527,2685,7663,90380,12990,2822
2003,9,15,65046,54868,32705,71599,54320,2564.93,2372,1340,1404,7079,16864,19374,30311
2003,9,16,4779,50175,88108,41747,87475,2564.93,3277,3532,3310,6264,91567,26708,14188
2003,9,17,95949,94394,69236,63634,68409,2564.93,2976,3453,1678,8158,21404,12110,25968
2003,9,18,72343,48777,17847,73747,12208,2564.93,3428,1985,4151,7888,75083,46625,42626
2003,9,19,68428,68361,76510,21738,11489,2564.93,4797,3788,3821,6294,87422,47230,18077
2003,9,20,26353,96751,97036,73539,38783,2564.93,854,2476,3568,5790,19718,12127,18440
2003,9,21,35516,1004,29114,44668,5244,2564.93,2644,3671,3909,8318,11760,13014,20549
2003,9,22,18583,76559,24186,13757,26943,2564.93,2338,4646,1061,8756,43185,29843,27960
2003,9,23,9166,34582,7321,9086,27472,2564.93,1212,4338,2250,6677,40357,47494,24896
2003,9,24,87227,98003,37518,76136,48509,2564.93,2884,2090,2187,6852,80846,35482,15630
2003,9,25,77734,58185,55129,18795,48911,2564.93,4990,4427,4246,8662,83512,26717,14666
2003,9,26,79910,4725,72409,22160,87755,2564.93,1005,4980,3471,9874,67467,41979,29118
2003,9,27,5505,76704,75423,64044,10125,2564.93,877,4209,2157,8118,39356,12419,22621
2003,9,28,35672,54347,86847,84919,93009,2564.93,2987,2917,2786,6747,11428,45540,36711
2003,9,29,95866,13787,70521,55689,53661,2564.93,2668,1042,1042,9442,39560,15048,4340
2003,9,30,28415,5438,61729,91924,42796,2564.93,4342,4819,1782,7540,96089,31142,17437
2003,10,1,90429,70412,2038,57177,98193,3040.32,4393,1978,4450,5081,65638,38789,47578
2003,10,2,89102,41156,86185,44896,97068,3040.32,3310,3856,1783,5233,61652,39220,43704
2003,10,3,85929,56472,27355,93469,68913,3040.32,2719,4340,1070,9756,16516,43452,8498
2003,10,4,3686,2262,5431,88136,43696,3040.32,3277,2796,4928,5813,94044,41995,37422
2003,10,5,5869,67355,77204,27652,48940,3040.32,3223,4867,1678,9398,28336,30590,38856
2003,10,6,35428,16056,39932,47040,22164,3040.32,994,1706,1413,9126,30336,35108,22800
2003,10,7,49696,73614,84257,10976,35779,3040.32,4322,1646,2006,6526,69297,10946,28301
2003,10,8,85382,68874,62166,13413,95804,3040.32,718,2582,2908,6637,94621,45071,40502
2003,10,9,55790,35114,70921,47203,13741,3040.32,3662,3435,1221,5846,90763,26999,1257
2003,10,10,77572,60086,68646,55930,6612,3040.32,1875,3345,4519,5393,21757,35322,4295
2003,10,11,35895,48464,82905,75156,15102,3040.32,934,1790,3991,7498,34444,42731,27527
2003,10,12,25107,33107,22520,16328,32377,3040.32,4678,1299,3367,9360,82229,46331,13283
2003,10,13,15323,65457,4677,54842,10850,3040.32,1516,3096,1248,5772,38251,12708,42786
2003,10,14,99651,58478,93592,44995,82329,3040.32,2725,2434,1141,6596,40114,19750,28036
2003,10,15,56231,99793,36170,45951,60821,3040.32,2281,2494,1726,6957,47335,11056,18399
2003,10,16,89743,70204,74153,97343,75977,3040.32,3692,1978,3585,7283,36972,35913,28756
2003,10,17,41672,24699,93348,19165,67647,3040.32,4034,3877,4606,6254,86179,10426,33462
2003,10,18,16307,28461,19273,16514,91770,3040.32,3922,1511,3163,8862,78853,45491,32960
2003,10,19,63183,98898,37470,66768,12534,3040.32,4032,4204,1998,9546,89720,33138,24443
2003,10,20,12194,35108,23368,61800,16664,3040.32,3577,2969,4358,7849,65835,46127,9547
2003,10,21,90809,9758,43991,60324,60536,3040.32,814,3717,3093,9636,13682,16978,39197
2003,10,22,34079,75869,21183,65923,54601,3040.32,834,1793,2362,8780,44944,29025,27256
2003,10,23,14679,49874,28347,85390,74075,3040.32,1516,1234,1642,5507,41558,47178,10534
2003,10,24,14704,63725,20896,69149,23361,3040.32,1127,3790,1304,7332,39712,40904,44085
2003,10,25,917,5126,74050,79631,10258,3040.32,534,1287,1814,6718,26676,18594,18994
2003,10,26,30240,74546,56880,66883,50053,3040.32,4060,1107,3513,5258,66607,18226,48438
2003,10,27,45392,19087,92017,81697,92749,3040.32,3952,1654,3206,6014,12008,13463,48082
2003,10,28,98348,81007,21103,99919,713,3040.32,4210,1914,2324,9794,97834,38728,47780
2003,10,29,30879,78247,86188,25745,79554,3040.32,3970,1297,3233,9382,39345,47333,19147
2003,10,30,420,28298,23702,53626,91300,3040.32,3440,2008,1424,9096,11844,11419,29701
2003,10,31,18675,81480,58724,57351,13922,3040.32,1078,1151,1155,8617,86895,30709,6558
2003,11,1,47218,88359,22349,15909,27704,2369.4,1327,1000,3383,6305,63652,39435,19682
2003,11,2,36098,86004,143,6993,91921,2369.4,666,3399,1637,6042,14718,19104,27915
2003,11,3,45447,64825,10703,10416,68072,2369.4,3179,1641,1121,8582,47549,40176,7764
2003,11,4,86562,80229,46178,46297,66534,2369.4,731,3983,2184,8934,25975,16446,26182
2003,11,5,80141,67995,93856,83130,67363,2369.4,4028,4161,1046,6083,39576,29479,13881
2003,11,6,43847,84108,11121,6321,50988,2369.4,1496,2548,1030,9025,83844,38135,25022
2003,11,7,85207,19576,57119,97391,71802,2369.4,2846,3293,2440,8054,67775,18614,49447
2003,11,8,41935,26804,80316,36991,12887,2369.4,1469,3085,3999,7894,79405,19974,19893
2003,11,9,18964,92254,8887,90566,67632,2369.4,3701,2837,3658,8714,66580,16811,42731
2003,11,10,1618,779,85106,85410,28833,2369.4,1564,2118,1035,6472,40460,17854,19233
2003,11,11,53124,56931,98360,73476,17225,2369.4,4813,2539,1369,7410,43105,20352,44117
2003,11,12,62783,88159,23191,91441,90330,2369.4,3252,3299,1900,9709,10060,16750,6123
2003,11,13,78942,46625,39204,91329,79857,2369.4,1602,4331,2946,9932,39158,36522,46017
2003,11,14,9078,83973,39062,11800,54025,2369.4,2151,1806,1326,6802,16504,27006,32167
2003,11,15,44168,32852,1658,67421,58913,2369.4,4505,4205,4694,5060,61885,20902,11718
2003,11,16,71077,78489,20234,40375,93450,2369.4,1896,3879,4716,5958,47030,13740,9393
2003,11,17,64477,45534,30547,51154,67228,2369.4,4511,2746,4348,6168,95166,13260,5146
2003,11,18,57886,14672,33818,32580,89733,2369.4,3481,2160,1096,9846,17535,11318,45704
2003,11,19,15812,60784,19224,75528,43094,2369.4,4267,2570,3139,6165,75075,45366,32606
2003,11,20,91312,19587,39465,95660,65755,2369.4,554,4991,4302,5441,88923,10782,34632
2003,11,21,37497,8757,32548,28040,48824,2369.4,3384,1982,3569,7607,56513,36663,16435
2003,11,22,30214,62133,10586,74705,98299,2369.4,1422,1932,1014,5886,13030,37352,35661
2003,11,23,60518,93245,27344,9821,18687,2369.4,1558,1182,1046,7462,18678,40198,16267
2003,11,24,13244,28959,71186,56814,92918,2369.4,3476,4482,1183,8132,14186,20833,44051
2003,11,25,39722,609,26795,61320,26496,2369.4,3671,3364,3011,6014,13184,23049,28415
2003,11,26,8634,11096,45584,33657,41553,2369.4,3854,4796,1990,5594,11609,18033,46158
2003,11,27,55443,55086,23868,61626,25499,2369.4,2458,1822,1526,9252,42890,47861,38055
2003,11,28,54019,91562,1227,8382,83928,2369.4,1430,2560,1857,7014,26216,49762,30763
2003,11,29,73172,66424,54559,64640,94167,2369.4,4024,4608,3956,5792,27585,29454,32520
2003,11,30,27298,10044,61026,98665,35648,2369.4,1525,1018,1828,7751,30751,45755,3916
2003,12,1,12183,88317,86724,55549,30885,1447.29,3719,3659,2395,9710,15662,12542,36486
2003,12,2,75087,57435,26575,47979,85021,1447.29,1627,1415,4757,9622,63415,20024,22381
2003,12,3,3170,85786,31853,921,16537,1447.29,2138,1270,2276,8862,10038,29512,27609
2003,12,4,51700,45691,93173,25448,55401,1447.29,3065,1978,4784,9290,94817,26156,17351
2003,12,5,47021,2797,3925,63131,93089,1447.29,3154,2609,1666,5007,29881,18982,33692
2003,12,6,58968,92021,63788,7596,40883,1447.29,2107,3933,1670,6631,50732,31848,14406
2003,12,7,13982,48799,28688,5119,89791,1447.29,2626,3162,2652,7902,16292,35740,23505
2003,12,8,17946,99448,64702,3774,30807,1447.29,2490,4773,1603,6277,13720,43837,44584
2003,12,9,50683,17180,52771,77131,13812,1447.29,3978,4144,3653,7665,49262,24795,19856
2003,12,10,27522,63242,27958,70174,81144,1447.29,2266,4089,3697,6967,19214,24503,44251
2003,12,11,81551,41705,80629,68154,27982,1447.29,3342,1654,2879,7465,88498,41690,10701
2003,12,12,17321,63829,2188,2326,51494,1447.29,2120,1494,1042,5077,81891,12186,1450
2003,12,13,65680,4158,27628,25729,7478,1447.29,1583,4027,4898,7211,73533,49231,46842
2003,12,14,7912,18228,44248,52144,15693,1447.29,770,3012,2925,9518,51689,30770,49098
2003,12,15,63823,28810,76137,11217,50240,1447.29,3402,1846,3537,7381,41647,36014,8029
2003,12,16,14224,58231,91395,19122,71795,1447.29,3352,1057,4506,8952,48200,15199,31280
2003,12,17,78050,58387,64564,7328,70759,1447.29,3097,1874,1414,8478,62149,11653,16254
2003,12,18,38615,1904,43925,17152,69286,1447.29,4518,4860,1294,7264,35333,48299,1924
2003,12,19,8544,20038,60710,24402,65342,1447.29,952,3391,3647,8406,50718,20758,8910
2003,12,20,53122,38816,38043,14536,19402,1447.29,2541,4367,3447,5644,91519,16366,16544
2003,12,21,4741,27390,20297,64894,54654,1447.29,4545,3196,2018,8438,15826,14730,21982
2003,12,22,15516,59903,17104,15516,96771,1447.29,1273,1243,4340,5406,97130,17494,34174
2003,12,23,57212,39672,33110,92011,42489,1447.29,2446,2228,3369,9094,28474,23022,40981
2003,12,24,21076,74372,2571,13094,64626,1447.29,916,1190,2774,7826,12007,29544,6521
2003,12,25,88082,98281,45788,27423,55301,1447.29,2516,3863,3941,5625,37225,15572,42918
2003,12,26,92959,49672,21363,77680,98766,1447.29,702,1192,1128,9624,49285,10378,49837
2003,12,27,42497,36092,1677,25271,40000,1447.29,1166,4433,3316,6953,71855,33616,13685
2003,12,28,26224,74372,12480,41517,26349,1447.29,4297,1326,1464,5342,13338,30844,49705
2003,12,29,86848,30393,67037,27407,66369,1447.29,3942,3865,1006,5022,50487,41468,32675
2003,12,30,80656,71655,85902,8972,54960,1447.29,3940,2534,4831,5706,39050,15074,24109
2003,12,31,87477,54701,43191,19556,91712,1447.29,1752,4911,3272,9590,38669,19641,22881
2004,1,1,87613,94859,84284,54584,45346,3198.9,982,3351,4357,9126,88311,18466,42105
2004,1,2,69502,85846,83298,7274,41249,3198.9,4749,1906,1518,5318,87659,39604,7182
2004,1,3,97409,98923,42878,63902,37593,3198.9,3067,1556,3728,7416,96139,35425,28871
2004,1,4,5808,47730,18778,50165,8291,3198.9,3630,2792,4285,8280,85065,17366,7089
2004,1,5,91814,96167,62834,58538,43175,3198.9,3142,1935,1544,8222,20836,19711,16846
2004,1,6,86242,83904,61268,9970,47607,3198.9,798,4765,1487,8518,19930,46130,23759
2004,1,7,37612,4913,40275,63250,89545,3198.9,3782,1358,4209,5946,39895,47383,41692
2004,1,8,59814,38038,54319,25581,79057,3198.9,594,1218,1670,5832,91618,39368,41507
2004,1,9,96671,3366,9135,34510,33889,3198.9,1991,2852,1342,7265,51101,39873,29065
2004,1,10,95309,81236,21232,49518,74204,3198.9,1901,1502,4164,7571,75949,44572,11127
2004,1,11,9079,37594,76223,841,76857,3198.9,862,3526,2557,5694,24388,37798,34193
2004,1,12,11111,21380,42003,61440,58646,3198.9,1312,1250,1390,5096,19823,31246,43104
2004,1,13,22,83077,31615,15538,648,3198.9,950,4725,2860,5378,26917,18898,23916
2004,1,14,86877,67127,44596,90787,49173,3198.9,3584,1162,1482,6938,21722,15360,18984
2004,1,15,80042,39387,35666,87084,78282,3198.9,3329,3302,3564,6296,93840,11138,5489
2004,1,16,40212,20303,65290,34425,22987,3198.9,4141,4862,1380,7482,17000,24857,8560
2004,1,17,2721,61937,1493,9436,48875,3198.9,4795,1098,3952,6812,32351,14476,39567
2004,1,18,82302,17033,35537,37218,49681,3198.9,2781,1244,1030,8856,40668,10746,45729
2004,1,19,82983,46162,31583,75020,79898,3198.9,1228,3969,1048,8156,24756,18798,48584
2004,1,20,73640,99552,21014,52593,42717,3198.9,1177,1369,1749,8065,78586,36429,3365
2004,1,21,23794,87721,59026,6176,78496,3198.9,1543,2829,1718,6262,69200,42104,49694
2004,1,22,91710,1781,57426,18581,35854,3198.9,4326,4493,3085,5340,78437,40801,32183
2004,1,23,85057,4615,82171,71806,82681,3198.9,4587,2825,1181,9964,29001,19362,27110
2004,1,24,99659,56897,53858,61865,23,3198.9,3968,3083,1189,7746,26664,27043,23058
2004,1,25,59929,20991,86537,58014,52683,3198.9,3815,2739,1888,7337,25896,34971,31326
2004,1,26,74447,66836,24150,55628,66801,3198.9,1655,1458,1782,7486,44674,26421,3151
2004,1,27,24922,48644,34505,66112,26390,3198.9,4506,2669,3511,9606,60682,19238,27521
2004,1,28,43720,75850,5285,29659,73188,3198.9,982,3985,3016,5131,35965,14816,31182
2004,1,29,24634,67621,47627,51032,69486,3198.9,2452,1526,2296,8309,93221,12022,42302
2004,1,30,5830,52728,2707,20693,15122,3198.9,3238,1606,1942,7054,21203,11481,29741
2004,1,31,24704,52186,25467,39073,23669,3198.9,990,3301,1646,8448,15684,31241,11432
2004,2,1,9490,58352,50169,37799,67926,3202.48,4979,1314,1240,7024,52126,15355,16558
2004,2,2,85263,43671,37298,78785,64874,3202.48,4840,2058,1204,5264,57078,18380,15131
2004,2,3,11857,21732,80137,96076,37417,3202.48,3947,1905,1081,5467,17030,16054,11378
2004,2,4,22025,77387,91011,7640,74411,3202.48,4347,4672,3159,6002,54809,18032,9489
2004,2,5,58128,91002,1444,15077,82618,3202.48,3456,4473,1042,9945,90549,17669,8522
2004,2,6,57675,79497,80927,43756,34965,3202.48,2761,3340,1448,5124,97332,16482,48334
2004,2,7,64613,86680,26155,67772,29676,3202.48,2156,4154,3316,7208,19230,20933,47316
2004,2,8,28473,69040,81760,8726,15337,3202.48,2746,3010,3156,8694,16766,19472,22309
2004,2,9,54710,30880,92814,30430,52356,3202.48,1911,1968,3176,9417,17606,39203,40146
2004,2,10,36734,69600,43359,41402,23199,3202.48,3687,1671,4331,7286,76748,29667,28941
2004,2,11,99107,35848,52679,67263,75872,3202.48,1735,1172,3027,5900,77362,35383,35797
2004,2,12,2398,90626,18704,95574,30043,3202.48,4776,3127,4394,8982,24529,28944,19795
2004,2,13,73428,69569,96968,37759,96367,3202.48,3778,1918,1840,6456,62734,18138,40069
2004,2,14,88605,65822,65072,21632,78074,3202.48,3366,1910,3058,8306,76043,29453,42434
2004,2,15,78217,27173,78933,83963,21659,3202.48,2906,1437,4381,6226,65548,35747,3462
2004,2,16,16295,99327,81220,58562,2135,3202.48,1699,1486,2479,7114,12369,20553,10307
2004,2,17,557,35737,1024,49968,94158,3202.48,4420,2373,1192,8352,56335,42249,43420
2004,2,18,28167,85595,70040,33900,11821,3202.48,4647,4466,1265,7218,12138,13626,35588
2004,2,19,93877,96079,44138,36357,54202,3202.48,1909,4758,4946,7932,18930,19104,22859
2004,2,20,67704,50498,91478,88295,75202,3202.48,1896,3367,4759,6935,53619,11579,14166
2004,2,21,68875,73267,22398,20140,6837,3202.48,3538,1436,2854,8064,37069,42056,25425
2004,2,22,23238,10331,63167,48185,84615,3202.48,3640,2318,4740,5906,40612,19892,17892
2004,2,23,55635,3861,29662,5394,37148,3202.48,3324,1021,2898,5721,42512,29734,33281
2004,2,24,47498,16051,96800,1705,66430,3202.48,3760,4667,1110,6926,37851,11517,1838
2004,2,25,41170,37844,13836,92262,29313,3202.48,2202,1299,1012,7482,13394,28159,20800
2004,2,26,31496,6370,34182,20746,12091,3202.48,1832,1890,4096,7272,77644,41877,26694
2004,2,27,80205,87757,81545,40755,61035,3202.48,2271,3555,3590,9862,10816,19255,35748
2004,2,28,19611,13019,20555,10623,61235,3202.48,3781,4081,4967,9314,29827,28410,43599
2004,2,29,82361,46660,70703,91457,76643,3202.48,3333,1846,2454,9910,97601,13488,48347
2004,3,1,16225,32044,6921,65036,42860,2191.55,4645,2229,3081,6506,33463,13368,42528
2004,3,2,50401,58898,73000,39716,88725,2191.55,2075,1562,2111,9883,28377,36809,1410
2004,3,3,29569,85225,39264,27151,99178,2191.55,4128,1753,1146,7400,96788,44005,2752
2004,3,4,9928,97786,32587,89361,9405,2191.55,1039,4805,4947,9038,15872,30023,16051
2004,3,5,36800,54300,81759,75263,84183,2191.55,2071,1782,1466,7686,57253,10888,10136
2004,3,6,70438,17734,42643,87936,1486,2191.55,3292,1412,3568,7102,12502,12972,39431
2004,3,7,63282,13164,39130,4581,98555,2191.55,4603,1705,1314,6361,26968,26186,21354
2004,3,8,42849,89040,56290,54561,6727,2191.55,906,3515,3979,8090,97803,15464,29895
2004,3,9,63874,46096,76877,17442,26975,2191.55,836,1050,3515,5895,94835,22069,44001
2004,3,10,7249,29439,73776,32902,62152,2191.55,888,1352,1134,8080,75912,29212,1498
2004,3,11,77975,57713,39081,41954,65804,2191.55,2417,4676,2978,5230,47117,19916,36884
2004,3,12,10998,43883,16561,34514,79778,2191.55,2934,3378,2186,6709,36279,35690,11397
2004,3,13,63805,11719,57043,86292,59800,2191.55,503,4125,2018,7550,96079,22821,49307
2004,3,14,7819,19849,18850,7150,36847,2191.55,3454,2843,1201,6134,82356,22330,32319
2004,3,15,61411,55292,25709,34950,18353,2191.55,639,2157,1078,7681,84800,16209,28340
2004,3,16,93340,16656,36687,358,87592,2191.55,4531,1666,3966,8380,18910,11634,32766
2004,3,17,90700,52365,70008,33253,2380,2191.55,582,3789,4007,7643,15090,17432,18717
2004,3,18,75983,85730,57221,82393,29763,2191.55,4953,3101,3676,6590,39811,46267,42021
2004,3,19,50758,29343,58029,36076,54075,2191.55,1887,1125,1320,8247,94377,48034,26940
2004,3,20,96964,66313,28177,20971,80308,2191.55,1033,2641,3996,6518,55034,25110,43267
2004,3,21,95275,36340,98213,70303,37980,2191.55,1569,1574,3717,7670,41164,16602,4376
2004,3,22,84242,99405,15270,29897,27652,2191.55,2931,4614,3662,9866,61936,38969,25999
2004,3,23,65726,57970,61612,11074,27576,2191.55,1184,2850,4336,6054,93152,14642,32998
2004,3,24,55124,26075,12406,55193,33377,2191.55,4335,2617,4325,9218,47513,46976,19922
2004,3,25,66956,41797,37943,75618,64256,2191.55,4587,1333,4200,6198,57406,14270,16231
2004,3,26,59196,59943,40978,28532,60691,2191.55,2199,1636,1556,7718,71005,19874,1962
2004,3,27,50879,96694,43902,36556,21298,2191.55,3532,4604,1840,7826,80222,30170,7767
2004,3,28,4058,44810,92856,94610,87360,2191.55,2736,1554,1702,9718,91437,37247,1082
2004,3,29,20549,59990,3061,13457,57298,2191.55,4740,4527,2111,7292,61083,24760,40419
2004,3,30,7760,10968,29366,73675,98794,2191.55,3845,4202,1506,6114,13811,16224,9588
2004,3,31,79667,26549,21014,89872,96615,2191.55,3470,3514,1214,5774,46970,12441,28803
2004,4,1,86711,86969,6764,86704,48052,2621.27,4462,1510,3593,8137,74164,19532,47877
2004,4,2,88335,93367,6633,1387,23531,2621.27,1053,1398,2104,7276,63044,47258,14740
2004,4,3,97099,96559,52403,9981,59881,2621.27,4633,2942,3163,5506,49645,32567,14844
2004,4,4,16977,60460,57938,10570,28597,2621.27,1453,3282,3172,6180,51021,31702,48454
2004,4,5,34177,48427,48133,52633,35703,2621.27,4891,2800,4086,9202,59132,10486,27529
2004,4,6,83489,88766,63261,18004,41515,2621.27,570,3490,3364,9730,85412,18313,12906
2004,4,7,39666,48218,67948,97838,17656,2621.27,891,3183,2394,8056,20816,19448,18969
2004,4,8,71552,20708,68601,11990,89353,2621.27,2307,4192,2850,7706,14400,40716,27734
2004,4,9,4825,24119,65560,94542,15331,2621.27,4206,4995,1090,7153,69185,33195,1954
2004,4,10,32475,65077,1380,99869,9101,2621.27,4317,2003,1222,8548,25345,14958,38548
2004,4,11,48355,37653,70503,81206,29573,2621.27,1921,1506,3167,7480,61641,33497,27698
2004,4,12,4804,7200,4846,20345,4354,2621.27,4891,1827,4106,7622,53047,14558,24031
2004,4,13,26170,88717,77915,18128,92987,2621.27,3085,2692,2263,7184,38897,12778,3260
2004,4,14,47638,10820,70289,65805,64652,2621.27,654,4455,1954,8134,12312,19678,31930
2004,4,15,10882,92395,13014,49988,96370,2621.27,898,3890,1129,5164,57018,30467,32413
2004,4,16,44776,56456,38160,2039,26396,2621.27,1578,4032,1170,7494,56188,35231,43410
2004,4,17,40148,88195,71039,95629,8694,2621.27,1814,4574,2288,9502,85914,48657,43542
2004,4,18,99945,33165,37548,87426,74681,2621.27,4244,4455,2373,8755,37845,43768,10918
2004,4,19,32165,59424,84153,52745,67642,2621.27,4328,4141,4887,5366,36121,14350,6693
2004,4,20,35261,24289,89508,37549,41820,2621.27,2557,1763,4937,6456,29188,49617,41774
2004,4,21,17375,13433,19073,84748,52189,2621.27,4867,4352,2693,9019,53449,16686,23270
2004,4,22,35712,7778,57180,96951,49496,2621.27,531,4755,2589,6390,38655,18826,43302
2004,4,23,48164,91213,17525,73101,97670,2621.27,4069,1395,1230,8996,16142,28685,46713
2004,4,24,97763,27362,13038,46808,6381,2621.27,3494,3443,1240,5454,71746,12936,32839
2004,4,25,30327,22278,41219,64268,95020,2621.27,598,3182,3790,7552,32634,11742,46227
2004,4,26,4265,21704,32855,80762,62549,2621.27,4446,1270,2709,8836,23470,15441,15349
2004,4,27,21675,3317,90238,12291,40342,2621.27,910,1346,1234,6323,34935,45631,11984
2004,4,28,38902,91316,55166,42693,48868,2621.27,503,3132,1718,9710,50245,38402,37800
2004,4,29,91411,59693,65065,84121,98529,2621.27,913,1686,1850,5014,48844,32192,38535
2004,4,30,84486,33950,19213,85098,76626,2621.27,2080,1878,1815,9010,74570,10682,20500
2004,5,1,51427,80167,82251,61137,30413,1291.74,2546,1456,1444,6046,19966,24251,20653
2004,5,2,85285,41539,32455,7787,90384,1291.74,2272,1378,1750,7452,33661,20709,30999
2004,5,3,7155,65541,32525,59400,56463,1291.74,796,2888,1077,8046,85376,11394,9560
2004,5,4,68700,37924,9298,20769,7294,1291.74,1371,2577,2172,7660,11958,28907,14282
2004,5,5,74824,8989,19592,91386,2710,1291.74,2095,1215,1497,7838,85615,15928,19606
2004,5,6,86883,17764,15849,42961,15810,1291.74,2153,1730,1008,5834,37980,29145,17577
2004,5,7,2085,99353,71723,74257,9530,1291.74,3163,1420,2426,9107,92090,16488,38439
2004,5,8,58713,70538,59056,10210,97862,1291.74,4520,4743,3785,6720,44055,44595,44671
2004,5,9,84298,6210,11808,56149,94013,1291.74,596,1096,1998,6746,86705,41373,49789
2004,5,10,28159,39869,92079,41938,45328,1291.74,4777,1594,2410,7674,30600,35271,1054
2004,5,11,94856,81474,86368,73641,48194,1291.74,3235,2490,2983,6395,19994,46995,30423
2004,5,12,62536,40285,59445,28028,80005,1291.74,4400,3163,2369,7831,66452,47697,46150
2004,5,13,44705,41230,68089,32115,75062,1291.74,3738,4916,1514,7350,43557,11059,15042
2004,5,14,66880,28145,9903,36216,40892,1291.74,4562,3426,1486,9006,47805,12342,14894
2004,5,15,5156,83559,76050,23878,27742,1291.74,1574,2445,3730,6014,20911,17592,42502
2004,5,16,71056,54650,45061,83922,91107,1291.74,4981,2986,3113,9950,94201,24005,4970
2004,5,17,86129,93764,93784,57658,69123,1291.74,4191,1268,1499,5240,14506,19240,41590
2004,5,18,27742,86081,41686,11472,58448,1291.74,1615,4502,3598,6730,29776,24704,12597
2004,5,19,52997,91110,82691,86110,62345,1291.74,1466,3472,3359,8310,12268,22481,43244
2004,5,20,28192,31674,63111,69691,16914,1291.74,3930,1007,1878,6967,88830,38496,27618
2004,5,21,75916,75446,84352,9514,23473,1291.74,570,1468,1588,9612,78930,18806,30480
2004,5,22,42857,71749,65109,46216,41999,1291.74,918,1541,4262,8158,72583,10142,37590
2004,5,23,92128,27866,13536,72178,24833,1291.74,673,2100,4163,5534,26613,33987,18718
2004,5,24,41856,93536,26809,79796,43149,1291.74,702,1004,3838,6186,48571,35837,22091
2004,5,25,49130,83620,38731,84744,98130,1291.74,3623,1058,1072,7030,78786,30364,11315
2004,5,26,2229,89460,97465,12744,17189,1291.74,1730,1610,1298,9890,55191,43465,40430
2004,5,27,11981,51623,79470,5820,13163,1291.74,3008,3643,4363,6190,79738,42492,44393
2004,5,28,24405,33363,49102,79937,33225,1291.74,1652,1838,3699,7638,48195,14342,27888
2004,5,29,47250,11279,26283,97567,17521,1291.74,1031,4501,4448,6852,51672,28962,47826
2004,5,30,47597,9681,73958,91960,22771,1291.74,804,3527,3409,9905,59815,36634,3696
2004,5,31,27794,52820,88439,77845,43288,1291.74,3731,1888,4264,5490,17850,31784,36635
2004,6,1,11839,27638,34992,15044,79310,2306.37,2639,3989,4262,7678,28112,24309,30306
2004,6,2,21756,7992,94072,38013,67807,2306.37,805,1260,1000,5622,80264,38481,47058
2004,6,3,88733,87153,52746,76451,7960,2306.37,1993,1150,3519,6984,51193,15668,1776
2004,6,4,27290,30185,63171,47904,1136,2306.37,3564,4242,1260,5280,77255,33431,7635
2004,6,5,79693,59413,20409,31541,19415,2306.37,982,4498,2825,9119,15318,12136,1356
2004,6,6,40002,62942,48287,18521,76278,2306.37,2701,4918,4664,8926,84173,47151,49480
2004,6,7,79859,22739,86395,95485,55374,2306.37,544,1418,4413,5676,82958,17664,30002
2004,6,8,16349,2980,83327,4174,8451,2306.37,1310,3451,4920,7654,83324,22549,1264
2004,6,9,80429,92378,92469,26445,64602,2306.37,4947,4460,4379,6341,56296,21105,26642
2004,6,10,72695,51564,22524,12109,67240,2306.37,2287,3588,4812,6965,16482,33263,5482
2004,6,11,87593,36776,98067,67513,17725,2306.37,558,4504,1030,8881,57300,21073,47743
2004,6,12,41876,47248,31886,41255,39942,2306.37,2359,2635,1097,9942,24743,23336,38182
2004,6,13,73068,28384,23277,14233,15349,2306.37,2495,2940,1869,7682,86804,14593,43743
2004,6,14,59657,43219,45450,66129,8452,2306.37,2201,1334,4997,5439,15876,12590,2750
2004,6,15,73621,20293,18926,29718,87880,2306.37,4406,1902,4756,9034,75178,20104,10022
2004,6,16,52777,39026,39398,49647,17292,2306.37,591,3299,1552,6041,59427,44223,26202
2004,6,17,45143,12981,60902,11492,98420,2306.37,2781,3392,1946,6128,18109,43358,18835
2004,6,18,29433,3868,54305,34189,12903,2306.37,4292,2030,1212,7388,31676,18503,45836
2004,6,19,36244,28621,11803,38367,71014,2306.37,2589,1155,1134,9843,43999,48981,21230
2004,6,20,78678,78133,87374,84157,31192,2306.37,2514,1975,1414,8171,27515,19854,21836
2004,6,21,10359,81809,36988,11571,91850,2306.37,662,4444,4987,8228,82811,16150,35016
2004,6,22,45811,31753,33509,46373,41596,2306.37,716,1625,1288,5464,20781,12762,27508
2004,6,23,70915,14649,80159,96617,62820,2306.37,2925,4529,1678,5086,17734,14035,7675
2004,6,24,22632,47526,58481,52620,5755,2306.37,3619,1564,1504,6968,97936,13695,7644
2004,6,25,80987,59642,321,36627,8721,2306.37,1161,4634,1508,6319,92603,14920,21102
2004,6,26,60346,60529,4450,82532,98145,2306.37,1567,1560,4426,5626,89746,41532,5550
2004,6,27,45395,59719,43097,51142,63198,2306.37,4836,4184,3378,5156,97162,42098,7385
2004,6,28,52611,53324,21734,88360,5995,2306.37,4632,2692,1216,8172,65223,39360,14337
2004,6,29,45983,78143,26488,15410,65894,2306.37,1941,1287,2304,6390,62429,11012,16235
2004,6,30,40127,93618,16038,73505,25127,2306.37,603,2736,2874,7336,82447,10452,13200
2004,7,1,2080,87914,59241,26162,69489,2194.32,3495,2631,2791,7818,13524,40377,14953
2004,7,2,27199,24813,32682,93589,3594,2194.32,3714,3562,1154,7219,38688,33772,38184
2004,7,3,39175,32777,32999,76511,31577,2194.32,886,3655,1132,6478,76168,45621,38220
2004,7,4,17783,64665,59605,25574,84921,2194.32,2303,2118,4292,9978,22058,34237,23129
2004,7,5,19520,72126,47801,40093,95697,2194.32,894,4870,1969,6438,27732,33545,2841
2004,7,6,61435,88619,17201,3919,25097,2194.32,4539,2878,1484,5495,84803,25657,9722
2004,7,7,48625,67107,4129,79269,82092,2194.32,3506,2962,3311,7658,74406,10359,26187
2004,7,8,96851,64623,45230,48820,87838,2194.32,2364,1256,1579,5917,69541,12138,22962
2004,7,9,91991,85434,62258,82728,60929,2194.32,4736,1818,4167,8864,10356,12610,47062
2004,7,10,21404,35032,46926,19715,29042,2194.32,1426,1792,2306,6650,91063,13000,21332
2004,7,11,64618,39780,72119,42549,22049,2194.32,1928,4038,3444,8380,13117,20725,8012
2004,7,12,71247,87855,46630,1767,66719,2194.32,728,3121,4537,7653,24188,48578,18155
2004,7,13,15338,70615,90823,17644,62270,2194.32,4138,3238,3016,5226,17182,10065,31886
2004,7,14,70620,64068,74104,14065,88253,2194.32,4789,1712,1427,7770,77617,16300,37222
2004,7,15,65926,24698,46268,85463,18704,2194.32,796,4040,2421,9790,68035,36042,36808
2004,7,16,39453,92174,95634,77469,4782,2194.32,3885,1752,1839,7989,22168,16443,47773
2004,7,17,31563,56958,42295,22990,71081,2194.32,2486,2005,2313,7350,38819,46016,36264
2004,7,18,46913,89213,30057,20686,46780,2194.32,3080,1231,1616,8713,80052,27749,48092
2004,7,19,82838,33938,19502,61029,78279,2194.32,2471,1192,4979,6118,49181,36059,41671
2004,7,20,38734,63021,39417,16047,23126,2194.32,2062,1390,3800,8502,14160,30580,44589
2004,7,21,56562,80156,33164,63178,65221,2194.32,926,3057,3505,6780,25437,41783,13216
2004,7,22,68451,52910,67977,99782,55380,2194.32,841,4112,1529,6466,10159,36007,33510
2004,7,23,36198,38574,22398,36351,97045,2194.32,3282,3605,1970,6445,16783,15114,29473
2004,7,24,46014,24062,71963,9519,50842,2194.32,1301,1296,1660,5629,35425,22039,47400
2004,7,25,69140,37619,32505,82021,95580,2194.32,3027,1777,2588,6934,68127,44632,9016
2004,7,26,86250,67762,48239,28582,84207,2194.32,2485,1571,1786,8904,56089,38980,31374
2004,7,27,38200,23744,24624,4860,75725,2194.32,3251,4863,4018,5755,43236,25950,26401
2004,7,28,34771,77616,57728,48711,18041,2194.32,3343,1292,4967,7933,65574,10525,42207
2004,7,29,89307,18060,57098,11093,58860,2194.32,1424,2058,3281,8454,15406,29006,29539
2004,7,30,17449,61521,90222,47820,37276,2194.32,3769,3397,2425,7848,37108,45465,49810
2004,7,31,6407,80452,82459,32726,88385,2194.32,3250,4042,1091,5702,21486,24950,48033
2004,8,1,37912,38361,99520,95312,56631,1491.55,4111,3150,1734,6930,71778,34908,44878
2004,8,2,67052,60176,12334,31252,97284,1491.55,2657,4086,2960,6262,98822,20992,24151
2004,8,3,13634,9217,3437,30333,47056,1491.55,1570,4966,4451,9798,96629,12172,44739
2004,8,4,37320,25741,74232,88771,19024,1491.55,646,1074,1185,8716,17326,19820,46010
2004,8,5,9220,54984,30260,82180,41719,1491.55,4524,1703,4650,9312,18387,13710,45434
2004,8,6,403,11311,3024,99854,3753,1491.55,934,2423,1598,6518,62546,44415,49653
2004,8,7,92528,68930,46843,15065,87646,1491.55,1237,3216,1855,7848,11748,43573,30521
2004,8,8,43282,31273,81629,14284,86937,1491.55,2340,2338,1326,5363,14206,15078,1718
2004,8,9,51368,75831,88854,93113,22349,1491.55,3879,1228,1342,5838,62644,24326,1400
2004,8,10,97594,30234,37543,49450,28082,1491.55,4374,2715,1914,8094,16054,33850,49291
2004,8,11,41020,50692,87542,52346,86055,1491.55,3775,3774,3267,5266,46886,21968,7438
2004,8,12,40381,766,53197,60709,17840,1491.55,694,1758,2426,8929,81233,13728,32193
2004,8,13,4572,40609,94575,1487,97964,1491.55,682,3982,3616,9229,15368,16022,12926
2004,8,14,96667,7807,19797,96287,80435,1491.55,3254,2166,3800,7802,97875,17991,33035
2004,8,15,19995,99262,49776,98773,54543,1491.55,632,4114,2969,6902,60600,35932,31010
2004,8,16,13132,62289,41267,93100,67871,1491.55,4122,4536,3103,5270,60822,19889,15298
2004,8,17,78306,95429,7057,62106,83231,1491.55,1448,4577,1896,6223,18349,41439,21284
2004,8,18,77233,23982,50554,81554,40541,1491.55,3837,1046,4793,5103,63123,15336,27506
2004,8,19,6753,38598,38553,96208,33868,1491.55,1097,2172,2507,9505,90629,10737,15727
2004,8,20,27141,87078,46667,64037,33302,1491.55,960,1076,1426,9550,92087,12241,15017
2004,8,21,66238,75925,32266,56032,17381,1491.55,886,1966,3985,9910,36692,34204,45389
2004,8,22,17030,19142,96378,44537,24999,1491.55,1625,2138,4084,8292,16174,14780,37007
2004,8,23,99661,88003,34271,21362,26735,1491.55,3603,2972,4986,8910,65355,18718,42710
2004,8,24,27609,11754,25555,77946,13057,1491.55,3501,1510,2739,9766,90973,22737,12247
2004,8,25,78238,62599,91228,52322,97243,1491.55,1058,3254,1756,6680,50968,19398,23755
2004,8,26,85743,34572,47815,20729,66792,1491.55,798,1512,1275,5438,10106,17354,13170
2004,8,27,9952,99902,84417,7691,74781,1491.55,1780,3017,4339,8007,21690,17934,25390
2004,8,28,61762,14101,81189,89870,57133,1491.55,4712,2874,3079,8878,79954,16222,32157
2004,8,29,38401,85753,93326,79676,33458,1491.55,4006,3408,4627,9558,67450,11528,14726
2004,8,30,26516,30583,58777,97207,84943,1491.55,590,1703,2270,5372,52925,34402,46819
2004,8,31,11190,13990,43630,94270,22868,1491.55,1843,1267,1386,6521,40942,18300,23584
2004,9,1,91301,18906,15874,26075,86356,1339.4,3941,1938,1760,6148,15110,19870,21633
2004,9,2,31289,64936,53553,93970,34213,1339.4,1511,3201,1584,5780,87421,21519,37956
2004,9,3,8976,48689,47208,95497,5984,1339.4,1743,3635,1609,8968,56062,44317,22705
2004,9,4,66954,25004,77608,80066,91152,1339.4,1348,3792,2126,9900,49113,11339,45840
2004,9,5,14208,70625,75893,12144,2757,1339.4,3663,1732,2002,7222,23580,34337,13314
2004,9,6,36280,36676,47973,94241,81997,1339.4,3557,1234,4038,5042,45366,36541,4035
2004,9,7,28356,68067,91686,5483,44320,1339.4,1821,3526,2775,5436,70670,30532,40800
2004,9,8,72380,20686,58617,84382,34260,1339.4,630,1086,3872,6094,64779,17220,32197
2004,9,9,87078,19689,82522,32468,52206,1339.4,730,1130,2306,7046,19222,13260,27888
2004,9,10,34198,35568,15152,61973,44634,1339.4,2504,2012,4210,7472,17745,23470,2174
2004,9,11,49670,52816,60361,84894,35858,1339.4,2113,4286,1180,9278,88105,13385,41492
2004,9,12,28874,73467,10298,57532,66865,1339.4,4156,1061,3259,5660,63033,42892,12693
2004,9,13,64186,71891,26257,3397,39363,1339.4,3218,1562,1816,7166,13266,49026,44002
2004,9,14,95071,25094,88313,56251,26080,1339.4,987,1305,1236,5282,28836,33100,26419
2004,9,15,25329,59346,50514,89941,5006,1339.4,4184,4190,1788,5441,88938,15016,29899
2004,9,16,69443,82157,79239,82612,52088,1339.4,1637,2157,2312,9949,19759,13598,2220
2004,9,17,12720,22099,41050,95308,34735,1339.4,4759,1158,1174,5272,66355,16939,36238
2004,9,18,25172,65540,52483,43312,7333,1339.4,2166,3127,4929,6405,75738,42016,41421
2004,9,19,98625,7376,55526,42289,27325,1339.4,2032,1396,2382,6172,51703,32116,25285
2004,9,20,39320,12816,8532,1254,8088,1339.4,3193,4610,3130,5470,18558,30462,41239
2004,9,21,78448,26441,73590,18377,39198,1339.4,1744,4173,1702,9106,96462,12438,49328
2004,9,22,57554,8495,73128,71288,77929,1339.4,4756,3599,3997,9288,34852,28437,41183
2004,9,23,35879,19398,44400,9009,56425,1339.4,822,4872,1974,9412,69600,19311,3674
2004,9,24,45092,96346,89838,18147,94967,1339.4,4877,3872,1145,8004,40159,10860,36300
2004,9,25,65539,76268,39025,19537,20908,1339.4,4325,3137,4626,8724,98497,16051,40230
2004,9,26,12399,4320,17276,8865,84,1339.4,4527,1527,1858,8738,96025,10891,3228
2004,9,27,37016,30903,79764,48162,55259,1339.4,3586,1602,3894,8963,56684,49801,36275
2004,9,28,99193,87362,39291,25171,46087,1339.4,2573,4836,3458,9706,15862,17094,37788
2004,9,29,44429,44580,36422,60353,95297,1339.4,1243,2311,3348,7358,96824,34958,32447
2004,9,30,3634,66764,72107,32528,75727,1339.4,3680,1270,2504,7970,32792,44942,45144
2004,10,1,40367,69779,50568,81567,86183,2971.26,994,1534,3234,6347,42410,10680,25462
2004,10,2,73943,74722,90381,41302,87899,2971.26,1286,4661,3797,5590,46739,17890,41691
2004,10,3,8846,38010,91445,63168,70802,2971.26,1628,2519,2517,8547,25438,17410,36388
2004,10,4,64010,67785,5815,58596,70484,2971.26,4276,4426,4297,6008,16702,27195,48225
2004,10,5,17700,63366,98209,31497,73531,2971.26,1788,3727,2956,8232,61894,20110,44948
2004,10,6,972,49875,13982,89842,88422,2971.26,3541,3782,3556,8720,27378,44039,39420
2004,10,7,18932,13007,38466,74581,89015,2971.26,1776,3065,1074,9984,54561,10143,6897
2004,10,8,61285,77702,8871,60593,75935,2971.26,702,3257,1990,8358,83098,25412,37117
2004,10,9,16808,47992,10547,40364,18699,2971.26,4403,2629,1870,9220,12210,12604,37925
2004,10,10,62470,30339,79363,99083,46675,2971.26,4226,2958,2977,8906,68551,20263,1138
2004,10,11,37918,15606,13522,91260,92994,2971.26,3023,4801,1936,7150,66516,29661,12972
2004,10,12,81495,17272,33644,48778,22845,2971.26,662,1282,2543,8882,84395,39217,45854
2004,10,13,51065,93622,63529,79043,44423,2971.26,657,3691,2684,5530,89950,40678,32080
2004,10,14,58503,22975,66832,19466,82897,2971.26,966,4390,1971,9121,13167,39815,33348
2004,10,15,11327,34594,75129,3870,35383,2971.26,4439,1446,4497,5944,81840,30271,9524
2004,10,16,71399,97499,28963,35435,59381,2971.26,2464,2882,3238,9295,53699,41134,18913
2004,10,17,8996,69179,21878,75967,34652,2971.26,781,2330,1990,7261,66199,37724,1397
2004,10,18,33137,41991,24171,2634,81310,2971.26,2904,2707,1213,7494,88142,45593,22364
2004,10,19,97132,80607,13477,71722,39903,2971.26,2856,1026,4057,9476,57567,14866,33528
2004,10,20,2482,39701,66040,88472,96962,2971.26,2547,1702,1933,6718,49083,38242,48591
2004,10,21,5434,98340,40951,41647,76559,2971.26,2239,3689,1050,7067,45410,32304,45445
2004,10,22,66948,74619,47554,36005,25704,2971.26,1065,3185,1172,8446,33008,16276,21473
2004,10,23,87048,75557,4584,10333,58627,2971.26,3574,4059,3357,5876,11420,44915,3667
2004,10,24,1321,59297,18605,27372,42717,2971.26,1027,4663,1337,9933,45667,47041,30368
2004,10,25,11406,1734,41579,72579,40190,2971.26,2063,3588,1206,6614,53920,25120,24587
2004,10,26,21665,52496,89180,90023,24724,2971.26,4937,1044,1885,9894,69767,29601,11237
2004,10,27,66614,95795,39265,37951,85728,2971.26,1343,2133,4368,5852,69711,19126,1284
2004,10,28,67509,33127,19499,34003,84774,2971.26,4123,2789,2266,9318,12811,33341,23420
2004,10,29,75892,64102,9386,62777,50348,2971.26,3729,1960,4947,7993,54910,27026,29153
2004,10,30,49277,6255,74160,68646,15528,2971.26,4555,3035,3349,6630,33390,44474,10223
2004,10,31,70177,92514,17264,12443,73520,2971.26,784,4410,1066,6114,28538,10875,46428
2004,11,1,37268,94188,91974,1613,65450,1458.87,2241,3055,4511,8982,14362,19733,19000
2004,11,2,13146,86619,29435,93551,36361,1458.87,3727,3873,2524,5052,18745,15834,23909
2004,11,3,4658,84508,30832,26180,13047,1458.87,3205,1665,3597,5178,84630,34046,8059
2004,11,4,20530,51872,72103,80041,4110,1458.87,1126,2254,3655,5560,10804,15016,25686
2004,11,5,69470,90884,60242,43346,83406,1458.87,2296,3062,4846,8968,30593,42892,28987
2004,11,6,18890,73799,75910,37487,25329,1458.87,1532,2210,2410,9986,42250,32871,10540
2004,11,7,2024,74729,66478,97032,20290,1458.87,2047,1110,4517,8640,49455,34274,43635
2004,11,8,83980,13104,72338,63826,23935,1458.87,3069,2823,4433,5330,96661,17958,19283
2004,11,9,42223,34546,13324,70985,44533,1458.87,3856,1555,1654,5478,59938,16943,21927
2004,11,10,80320,71986,89406,64838,76979,1458.87,4111,2309,1963,7800,57486,25897,38861
2004,11,11,57084,30556,35073,82869,12238,1458.87,3981,4459,1279,7324,25444,10811,31734
2004,11,12,35584,29301,73719,98590,15986,1458.87,1885,1305,1994,5190,77494,15324,33658
2004,11,13,26504,26606,92634,78467,80759,1458.87,716,4193,2026,5788,37061,25616,16472
2004,11,14,53875,87395,80076,20154,51052,1458.87,2316,2986,1171,7386,12678,33509,5520
2004,11,15,87396,99814,96167,25743,87456,1458.87,1066,3958,1617,7926,92425,13727,23661
2004,11,16,16524,79494,67921,29903,1634,1458.87,518,1024,2376,7810,92012,19568,4982
2004,11,17,73818,55681,62767,24989,93068,1458.87,4849,1814,1024,8190,22556,17962,30695
2004,11,18,11028,79976,81922,43998,46380,1458.87,2724,4254,1543,5645,18322,38176,40699
2004,11,19,46979,81027,60037,55707,49325,1458.87,982,3141,4081,9218,64481,33500,18401
2004,11,20,75299,89332,30315,55806,26699,1458.87,506,2726,1110,8190,81723,11929,19224
2004,11,21,29091,55800,91184,15634,81445,1458.87,678,4775,4070,6646,15702,13394,16693
2004,11,22,48599,32320,86536,89032,26924,1458.87,2531,2221,1700,9198,74378,33398,1018
2004,11,23,38422,14499,37477,3972,52891,1458.87,2252,3333,1351,9787,13966,39147,35552
2004,11,24,56480,50481,33923,70551,30679,1458.87,602,1268,4427,6832,16342,42703,1524
2004,11,25,4202,23545,44925,77254,9095,1458.87,651,2515,1294,8970,67838,19395,35656
2004,11,26,50032,16443,17729,41383,56230,1458.87,1882,2709,3527,7156,99611,45558,48048
2004,11,27,47913,49908,57540,63693,3092,1458.87,1395,3644,3447,7671,14502,15092,8552
2004,11,28,3327,77902,71409,69832,92382,1458.87,579,2412,2040,6624,10038,28270,5599
2004,11,29,71355,47030,57332,86235,44186,1458.87,1792,3450,3201,9331,72142,42645,6943
2004,11,30,64235,94890,66290,62683,62561,1458.87,922,1784,1558,7984,52070,37469,17188
2004,12,1,57650,96234,85624,80958,96381,1753.48,3663,3409,2576,9804,15818,10870,30246
2004,12,2,3042,12398,424,92373,892,1753.48,2959,1570,4358,5641,58340,42897,43069
2004,12,3,22217,40580,37986,80201,92651,1753.48,570,1226,3039,8470,47608,34420,41807
2004,12,4,42356,32625,44182,46284,87522,1753.48,3505,1915,1060,7866,99287,11416,48129
2004,12,5,66998,72247,73549,92708,24240,1753.48,604,1456,2468,9941,43008,31470,31890
2004,12,6,31748,53144,31771,19787,65254,1753.48,558,3960,3354,9490,86595,32228,45731
2004,12,7,12869,10101,39144,89747,50382,1753.48,2514,3730,2029,8574,26437,17620,4783
2004,12,8,72953,12042,14077,61773,51983,1753.48,3243,1446,2932,5490,19867,16382,23438
2004,12,9,87096,40427,48499,15451,21519,1753.48,2678,4386,1546,6356,40484,11927,35095
2004,12,10,57956,8000,45658,84985,49063,1753.48,3957,3366,1839,9385,18934,35173,38447
2004,12,11,72823,59734,85255,15756,51099,1753.48,596,4546,3252,8791,69996,49770,21475
2004,12,12,40238,34027,50509,18137,37200,1753.48,1415,1302,1406,8425,96491,30758,40994
2004,12,13,96872,81801,19125,30064,81186,1753.48,974,4008,1422,8006,86115,12798,35615
2004,12,14,21966,26409,17345,218,31552,1753.48,1339,3141,4070,6847,12564,15252,3693
2004,12,15,74193,69045,19129,89537,77470,1753.48,598,4341,3771,5770,17646,44956,31972
2004,12,16,41386,35993,65317,53086,36484,1753.48,2235,4800,4191,5932,91369,25743,1432
2004,12,17,69625,7709,13885,40048,90909,1753.48,4020,1750,1124,6306,70989,33027,36514
2004,12,18,15120,57636,73721,45243,63407,1753.48,826,1143,1820,5515,74228,33304,44477
2004,12,19,73300,22816,74457,67491,88748,1753.48,3233,4724,4886,6948,14771,47146,32179
2004,12,20,76335,78792,78600,98245,78293,1753.48,2623,4763,2223,5402,55006,36981,49589
2004,12,21,82172,95206,8125,28992,17073,1753.48,3647,1514,1520,9456,74214,26619,48705
2004,12,22,1635,67448,1344,7873,7270,1753.48,918,3603,2610,7246,98199,11814,32467
2004,12,23,49559,95823,32018,73134,83518,1753.48,990,2040,3580,9192,11032,15653,37024
2004,12,24,83297,56032,22377,21169,91840,1753.48,2787,3473,1590,5483,17698,16074,46591
2004,12,25,97950,22718,3967,41912,22688,1753.48,4165,3597,2988,6183,61730,31506,2167
2004,12,26,83207,38198,63547,98140,22790,1753.48,3792,2437,3314,5050,43605,10316,40931
2004,12,27,65464,7745,64980,45854,73228,1753.48,4864,2529,1746,7670,45792,44433,32678
2004,12,28,55997,9959,49383,70338,22494,1753.48,1843,2051,1334,6994,20190,19242,11113
2004,12,29,39025,50335,27241,2339,19208,1753.48,3843,4670,4941,8822,46875,34521,37198
2004,12,30,21500,96740,88403,59598,66922,1753.48,4030,4270,1018,9764,19224,49349,1104
2004,12,31,80878,77803,21402,62892,9544,1753.48,2694,3567,3278,9878,67257,43837,7944
2005,1,1,41102,28508,93425,96276,75383,2649.39,4127,3473,4051,7458,55394,49598,44298
2005,1,2,14108,94665,26455,83872,20624,2649.39,1100,3425,3557,7992,24321,21500,25805
2005,1,3,11686,89241,46131,22972,56499,2649.39,1454,3951,3474,9918,26578,10208,39968
2005,1,4,25529,60706,98682,24581,70783,2649.39,4178,4889,1622,5126,85112,35716,20429
2005,1,5,42789,66214,494,6346,26557,2649.39,2846,4594,4055,7962,77565,36905,24815
2005,1,6,80297,15373,17209,15123,46604,2649.39,672,2131,4492,5974,13063,41626,43787
2005,1,7,10793,3594,76516,92238,20579,2649.39,4305,3366,4192,9606,69712,37101,27980
2005,1,8,19614,13911,41696,50021,4239,2649.39,1925,4534,1978,8276,99657,47587,35613
2005,1,9,14272,41341,86072,35116,81705,2649.39,1741,3849,4080,9608,17526,12030,15487
2005,1,10,97589,95392,19377,58133,90190,2649.39,962,1154,1414,6928,92526,39941,5441
2005,1,11,38894,45804,40828,89878,16289,2649.39,2465,1130,3176,9888,65675,46233,6837
2005,1,12,5375,92418,5083,40807,28378,2649.39,1816,1940,2911,5100,14710,24452,22521
2005,1,13,54338,45684,50608,90041,48965,2649.39,4981,2857,1186,7160,94086,21577,9486
2005,1,14,43998,97904,52138,58526,87792,2649.39,1110,4518,1582,5098,50324,21311,17814
2005,1,15,15065,47142,97278,49328,96039,2649.39,3780,1530,1114,5982,40415,25078,14080
2005,1,16,225,86749,29288,5514,90262,2649.39,2091,4258,1277,9228,18280,25421,23375
2005,1,17,13394,96599,34940,56328,89143,2649.39,2639,1128,1878,5102,69886,11146,1616
2005,1,18,71700,43667,11523,47814,84406,2649.39,2892,4630,1390,8531,90143,11651,18290
2005,1,19,58258,33587,95910,95888,29168,2649.39,1308,2560,2994,5208,15240,14284,21397
2005,1,20,74215,59232,44049,55676,16852,2649.39,1821,3550,2601,9400,36363,42006,13935
2005,1,21,29338,25608,42989,728,60492,2649.39,2378,3748,3070,9288,30987,12237,49485
2005,1,22,96036,52296,71151,14031,41247,2649.39,2519,1813,1973,7919,87488,45176,2743
2005,1,23,11854,20662,83727,69455,81710,2649.39,2813,1046,2049,6478,11773,22540,36442
2005,1,24,36638,74152,57641,19709,48791,2649.39,1945,1177,2275,9447,91559,14874,38629
2005,1,25,22190,45431,46688,84163,43350,2649.39,690,1694,2540,9416,24657,19249,1066
2005,1,26,15859,68823,80296,94260,39625,2649.39,3151,1261,2571,6398,12321,47713,8421
2005,1,27,79420,60620,8892,53048,80067,2649.39,2921,2256,1772,9226,11110,39230,1834
2005,1,28,81488,98462,44434,69028,94230,2649.39,4629,1439,4265,9858,20698,10241,35444
2005,1,29,43346,53850,2856,42269,44642,2649.39,4982,1678,1600,8873,93459,22214,15177
2005,1,30,15676,61381,90823,61557,92341,2649.39,787,1502,4757,6318,59207,18987,9945
2005,1,31,97016,30189,45427,51282,81465,2649.39,2874,1161,1326,5902,83430,47319,32478
2005,2,1,89765,54085,4406,4990,47544,1752.21,664,1134,3793,8573,33968,43738,26620
2005,2,2,49361,24149,18496,77285,99708,1752.21,652,4895,4261,7762,11359,31738,37483
2005,2,3,36160,68874,18065,16890,52304,1752.21,4147,3419,1650,9904,63408,49715,31737
2005,2,4,26525,84073,91344,10318,98998,1752.21,824,4709,4460,8903,41994,15519,25313
2005,2,5,92738,32647,11767,91999,90932,1752.21,3736,2090,1998,8153,60331,10653,23126
2005,2,6,56242,5831,19073,42062,55736,1752.21,1776,3611,4257,6250,25280,48254,48833
2005,2,7,24785,45689,62965,90597,84592,1752.21,1115,2328,3956,7881,85679,44887,4959
2005,2,8,7359,59416,88330,15710,83921,1752.21,2714,1358,4491,8139,98574,26578,48662
2005,2,9,26972,6704,25190,26229,6176,1752.21,4483,1928,2510,7447,21555,13453,16823
2005,2,10,8758,94023,7134,62714,78256,1752.21,2600,1236,3580,5929,17674,10030,42813
2005,2,11,60943,26742,9015,31787,54881,1752.21,3364,1851,4291,9906,16170,20466,7589
2005,2,12,83081,48916,67778,95591,52715,1752.21,800,1471,4706,5066,24184,27961,39333
2005,2,13,25342,48137,79928,93922,60418,1752.21,1421,2712,1398,7178,69498,45574,13954
2005,2,14,79377,44215,77427,10020,60473,1752.21,982,3552,2125,8263,55494,19839,1859
2005,2,15,3949,80890,81311,3655,13419,1752.21,2968,3759,4982,7895,32680,46751,21847
2005,2,16,91849,95454,84464,32544,67242,1752.21,4469,2969,4528,7610,72988,25000,3962
2005,2,17,40106,19827,34906,7231,34443,1752.21,2069,3390,1289,8379,58396,34707,40400
2005,2,18,46578,56365,39819,32912,50612,1752.21,4663,2460,1320,7798,91355,34248,38851
2005,2,19,50793,35825,47218,65321,74073,1752.21,650,4177,1384,6338,37760,40826,36559
2005,2,20,81978,64830,45569,69619,89562,1752.21,677,1138,1681,8070,85402,27293,3966
2005,2,21,99346,65066,86106,16353,45544,1752.21,601,1335,4636,7818,78007,20060,43813
2005,2,22,729,34681,34239,57114,26258,1752.21,4291,3234,3179,9860,77852,18194,38351
2005,2,23,30178,48530,95232,6859,75377,1752.21,4151,1073,2050,6608,14862,23945,46986
2005,2,24,30421,8028,36634,76410,72198,1752.21,1469,2926,4320,7059,46391,25578,14641
2005,2,25,35410,10683,165,4942,36895,1752.21,4033,2071,4250,5616,73930,34627,44370
2005,2,26,72602,24434,42053,34652,77395,1752.21,4949,2814,3857,6358,84223,12407,49479
2005,2,27,42575,97046,51686,8248,44105,1752.21,3825,1742,1910,5606,13062,12005,48077
2005,2,28,94711,64841,29077,70314,40458,1752.21,1292,3058,1222,6698,64062,37538,19359
2005,3,1,39012,61705,19385,66946,62281,1882.58,4519,4325,3476,7766,19781,31552,31792
2005,3,2,17944,15648,56664,34638,32807,1882.58,699,2647,4096,6012,54456,49807,35021
2005,3,3,37305,67515,59952,17002,47929,1882.58,1176,1939,1100,5560,70236,37825,13842
2005,3,4,63705,96109,13503,97181,30227,1882.58,750,4522,1162,8100,15511,48090,33285
2005,3,5,53121,61211,12090,33569,93576,1882.58,3375,2231,1674,9678,64232,48340,16546
2005,3,6,23520,26761,1632,15418,92322,1882.58,3242,2377,4328,6204,69557,14554,21869
2005,3,7,32734,30995,95429,98017,49095,1882.58,2458,2214,3502,9104,35783,32077,10940
2005,3,8,7445,85511,29309,57857,95190,1882.58,1196,1110,1653,7827,50477,45326,43542
2005,3,9,46048,3721,17704,46728,3170,1882.58,2634,1814,3255,6134,33918,33702,37262
2005,3,10,355,62730,2269,88857,3629,1882.58,933,1073,4914,8022,68929,35103,38052
2005,3,11,10135,41478,86516,46789,99305,1882.58,2114,1704,2065,6170,16872,10234,36994
2005,3,12,13432,86066,96137,48039,75481,1882.58,3092,1678,4135,5926,64690,12764,46407
2005,3,13,4765,51976,23838,44679,52217,1882.58,1133,3703,1200,5308,41843,16251,9119
2005,3,14,19643,50310,44308,76708,76480,1882.58,1941,1262,1318,6164,70653,46988,2740
2005,3,15,79484,18746,22823,4972,69107,1882.58,2735,3871,1688,7924,34901,24408,3865
2005,3,16,83395,31036,3112,33990,13685,1882.58,1592,4678,1615,7270,42737,38095,11307
2005,3,17,29992,79679,10710,85148,29108,1882.58,2136,4942,1878,5270,29913,35566,31363
2005,3,18,75176,64001,75790,47367,38277,1882.58,1774,3022,1726,9966,72011,21762,10692
2005,3,19,52544,4957,37793,64160,65857,1882.58,3606,1704,1726,9315,97346,11342,30530
2005,3,20,77031,45835,30609,77139,17146,1882.58,4056,3672,2226,9702,56038,11855,26875
2005,3,21,65538,44166,49878,23616,35403,1882.58,764,2946,3197,6348,68457,25405,38242
2005,3,22,30051,53416,21253,90258,49083,1882.58,2275,1112,1580,9235,19602,14282,34951
2005,3,23,52462,98660,39307,9689,69858,1882.58,2895,1606,1732,7772,59009,41264,11697
2005,3,24,42366,70739,95563,85563,20260,1882.58,967,1266,3786,8571,56918,32868,30372
2005,3,25,99875,85546,25334,97012,44781,1882.58,1293,2242,4946,6951,23282,29803,44936
2005,3,26,78648,61178,81550,50862,65302,1882.58,2125,2667,4000,8088,19172,30611,6911
2005,3,27,34411,36902,47273,68197,1825,1882.58,2416,1698,1087,5508,98709,14038,20543
2005,3,28,54038,26355,64463,30336,93306,1882.58,1491,3305,1122,8040,39166,46926,37745
2005,3,29,31304,97644,54594,91656,51683,1882.58,2267,1092,2428,9539,54288,19252,30528
2005,3,30,40083,21705,37304,62522,30807,1882.58,3389,4843,3719,7851,15178,22024,36013
2005,3,31,81948,91670,76682,47221,66063,1882.58,4147,3717,4842,5092,10754,31524,32200
2005,4,1,93992,67617,95752,13532,38257,2065.7,4965,1313,3659,8838,14248,18714,31357
2005,4,2,62229,91963,83391,56432,23493,2065.7,4731,1514,4800,7834,13928,47000,21768
2005,4,3,12451,27646,26843,93896,33018,2065.7,866,2009,2335,6502,56892,30592,24720
2005,4,4,82975,43210,23258,51634,92048,2065.7,2656,1264,3690,9626,43411,28534,30377
2005,4,5,60519,98143,10049,25319,16446,2065.7,3670,1022,2973,5513,39143,16006,23977
2005,4,6,90233,11362,44353,98920,62980,2065.7,863,2305,2157,9120,13938,35556,17597
2005,4,7,15849,2948,56185,54539,91699,2065.7,3073,2216,4089,9473,93886,46886,15948
2005,4,8,83451,48910,92135,67776,30775,2065.7,3766,2358,3991,9470,36277,38322,47630
2005,4,9,63419,98494,629,40576,67614,2065.7,2484,4814,1806,8668,54352,41915,30919
2005,4,10,30968,3778,10484,61409,63252,2065.7,3294,3053,4631,6781,30828,13270,20723
2005,4,11,64411,15948,37764,39754,61770,2065.7,3076,1574,3885,8704,82115,22851,40393
2005,4,12,25975,24600,72666,76193,39620,2065.7,3107,1182,2147,9896,31994,10398,43370
2005,4,13,65666,56642,73452,35297,73423,2065.7,2053,2832,1578,6168,77586,48348,20632
2005,4,14,96561,72015,23537,1799,50719,2065.7,1001,3044,1603,7158,69236,36222,22004
2005,4,15,23388,87345,73162,86887,32288,2065.7,2284,4304,1796,7087,49600,12630,5156
2005,4,16,7720,18006,5756,60650,24174,2065.7,3997,2085,1707,8885,55235,38777,49694
2005,4,17,20890,62589,31822,83845,42607,2065.7,598,2346,4754,9579,69232,37041,1059
2005,4,18,81088,82870,51346,59236,86309,2065.7,806,1546,1654,6561,71029,42179,17298
2005,4,19,16255,46379,45617,87962,45265,2065.7,3090,1153,4792,9832,49997,22399,1716
2005,4,20,75970,36416,4746,97076,12348,2065.7,4116,3434,3198,7282,52669,19024,40330
2005,4,21,35463,63476,69887,3469,96389,2065.7,647,2642,3646,7616,16955,48910,7268
2005,4,22,74821,60046,31416,54613,51310,2065.7,2011,3630,1072,8108,40706,12878,47765
2005,4,23,88439,91175,56313,61637,9341,2065.7,2495,4802,1358,7478,64623,12470,25335
2005,4,24,81002,60271,30545,84648,17887,2065.7,4909,4058,3897,5326,63671,41558,47501
2005,4,25,95441,40683,35190,45973,55144,2065.7,3850,3581,3421,6090,21569,42761,42248
2005,4,26,6850,59066,53917,12011,82800,2065.7,4912,1286,1358,7462,64800,29400,18540
2005,4,27,24310,14710,38459,64559,12387,2065.7,1117,2826,4164,7658,70150,14307,2130
2005,4,28,99906,95354,57889,83327,76869,2065.7,2440,1254,4874,6356,28431,16130,29458
2005,4,29,81248,58345,34179,76409,35154,2065.7,808,4462,1391,5022,24020,25129,15331
2005,4,30,62749,96490,82957,21913,4148,2065.7,1219,1646,4811,7494,14954,41679,3107
2005,5,1,12524,58101,61144,58880,2885,1620.06,534,2580,2051,6534,12733,47381,31522
2005,5,2,38696,72196,60125,99315,12568,1620.06,3414,1666,4562,5382,29556,37668,35255
2005,5,3,52899,66314,68833,79711,70045,1620.06,979,2567,4964,6958,57798,37848,10512
2005,5,4,94996,14277,81781,93399,47163,1620.06,779,1724,3060,7256,12254,11979,44514
2005,5,5,2511,79939,37389,37073,96618,1620.06,1092,1744,4610,9924,45577,36006,33298
2005,5,6,36789,47909,34926,21753,11384,1620.06,952,2730,3351,7732,16129,20513,42724
2005,5,7,18598,23261,56372,1658,90517,1620.06,3636,4378,1082,7377,46450,17153,24247
2005,5,8,50675,3896,49374,16637,13820,1620.06,2642,1224,4211,7848,88711,36946,11303
2005,5,9,12995,31016,26029,36346,55100,1620.06,1858,3696,3122,9581,91705,19990,8510
2005,5,10,53829,21695,14370,24365,89072,1620.06,2870,1097,1066,7200,72733,44886,27172
2005,5,11,84898,41728,61846,44109,45647,1620.06,2406,4992,2924,6880,11337,12126,16910
2005,5,12,31945,18196,43073,30067,97778,1620.06,526,2957,2824,9426,17356,28247,1131
2005,5,13,26598,32896,34345,24017,6491,1620.06,3902,2740,1508,7099,51848,43506,23430
2005,5,14,64009,99256,18499,61934,89043,1620.06,1309,1982,4382,5934,67405,28511,29836
2005,5,15,41864,2463,46469,31040,68241,1620.06,4286,1189,1492,9982,35205,27232,21495
2005,5,16,83412,54108,34973,64920,67560,1620.06,4777,1567,3779,6560,19714,15652,3173
2005,5,17,73111,57514,45161,37494,64600,1620.06,1004,1462,1174,8825,37502,49619,12566
2005,5,18,66672,46789,10809,87413,6772,1620.06,4644,1534,1473,5968,87806,34032,46015
2005,5,19,85494,12584,31953,4273,55860,1620.06,3446,1314,1350,9958,99166,30269,41805
2005,5,20,2524,31524,86732,33903,26701,1620.06,3521,3371,3726,8668,80783,26849,40586
2005,5,21,6696,11781,33384,23170,94101,1620.06,3553,4593,1477,5505,14582,38688,37542
2005,5,22,13663,45017,84010,29333,34975,1620.06,4601,2497,1051,5378,87751,24103,49529
2005,5,23,53271,21273,67475,56997,81954,1620.06,818,3649,2741,9932,28170,36842,14610
2005,5,24,87475,51724,82788,53952,7230,1620.06,3991,1792,4373,6010,50223,45699,49358
2005,5,25,8881,76177,33197,56284,88861,1620.06,782,2130,3571,7860,15478,13764,37300
2005,5,26,78823,32028,45527,71564,81961,1620.06,4757,1582,1771,7804,56089,15352,23697
2005,5,27,73255,65081,86244,33981,58081,1620.06,4679,3313,3994,9228,39596,34207,2819
2005,5,28,16528,69984,92690,91452,84196,1620.06,3328,3017,1547,6902,50933,38507,8169
2005,5,29,255,42043,24294,58378,32292,1620.06,3730,1102,1878,9973,55878,19895,30383
2005,5,30,79145,1910,3209,24491,97490,1620.06,3697,1506,4139,5578,21820,29687,9157
2005,5,31,75908,86501,92705,32455,13059,1620.06,2314,3312,3384,6458,71689,10950,9990
2005,6,1,95420,72574,70157,21746,28452,2226.87,889,1713,4611,6954,44202,18768,40052
2005,6,2,430,74572,14260,68169,12744,2226.87,4075,4243,3003,5772,12301,12992,43947
2005,6,3,80196,41966,31377,91804,30008,2226.87,1497,1778,1964,6653,63523,49429,32053
2005,6,4,76706,80765,62495,2669,38849,2226.87,2788,4277,2620,8222,23797,10363,6697
2005,6,5,45995,67873,25960,98998,60754,2226.87,3342,2301,1578,9718,49104,42937,4613
2005,6,6,58123,81954,84716,29101,68607,2226.87,4881,1663,1707,7375,64332,18070,14592
2005,6,7,30424,52121,39833,44396,70521,2226.87,4759,1515,2853,7070,15512,24959,13630
2005,6,8,51683,60207,82261,64613,36278,2226.87,2549,1512,4669,9090,39851,14627,47717
2005,6,9,73209,1085,76292,34916,24812,2226.87,952,1587,1818,6650,15982,45968,6976
2005,6,10,71638,87094,12484,19491,84164,2226.87,801,2198,4554,6132,16810,14376,44348
2005,6,11,7130,24361,67935,53151,32978,2226.87,2778,1185,1846,8148,41100,16386,24139
2005,6,12,17397,76572,37974,42844,84580,2226.87,3811,1216,2401,7646,92058,15842,20308
2005,6,13,28347,52861,10115,49253,12274,2226.87,1435,1520,1285,8748,88905,19958,26926
2005,6,14,98508,56684,6800,40083,17105,2226.87,1468,4500,2175,6414,77344,41754,14252
2005,6,15,31101,32508,14323,88502,16507,2226.87,2770,4852,4240,5778,10456,37866,6381
2005,6,16,99810,16892,23622,67447,91261,2226.87,3060,1120,1134,9758,46202,10694,12527
2005,6,17,71816,69023,53520,28991,29816,2226.87,2096,1840,4722,5702,65769,12580,47216
2005,6,18,24151,28540,57433,83392,1424,2226.87,2609,2585,1131,9910,11134,17498,17889
2005,6,19,40109,85797,14865,25671,77008,2226.87,4689,1462,1440,8208,10516,42607,27419
2005,6,20,61776,97613,69875,41498,15383,2226.87,4078,4533,1078,7862,39276,48310,35644
2005,6,21,12104,26886,32248,13235,54468,2226.87,1978,4575,4426,6842,36598,12786,33631
2005,6,22,30613,97640,77961,93405,95848,2226.87,1011,2622,2441,5886,15471,34176,38478
2005,6,23,91530,85902,90062,88417,30117,2226.87,1726,2219,3926,5325,55453,43393,45690
2005,6,24,68956,93785,54321,88383,46979,2226.87,1168,2591,4909,5480,70995,17108,7271
2005,6,25,310,57008,91083,19104,12894,2226.87,4631,1558,3807,9692,25542,38923,6555
2005,6,26,5382,28621,97495,94308,63946,2226.87,4052,2901,1732,8372,37635,43710,2949
2005,6,27,15644,38804,87654,36905,50636,2226.87,4013,1900,2008,5095,86400,11253,8650
2005,6,28,68002,56032,98380,93162,32076,2226.87,2084,2456,2542,5931,48115,16488,23923
2005,6,29,15232,18520,65742,78316,43244,2226.87,3377,3886,3531,6031,95791,25518,3377
2005,6,30,51033,66157,92816,83041,11252,2226.87,4293,1220,1014,9024,88766,17321,29216
2005,7,1,37203,21130,51842,83134,85597,2675.68,3364,4115,1718,6679,47359,20150,34682
2005,7,2,65058,22598,28682,41089,34741,2675.68,2120,1802,2015,6078,28500,42582,4200
2005,7,3,52158,24106,77830,11182,12872,2675.68,4128,1318,3984,9314,49559,15062,11503
2005,7,4,47003,47924,21401,97425,40956,2675.68,2574,1012,2708,5224,63452,17612,18760
2005,7,5,83159,71925,76050,30174,79789,2675.68,2756,1945,1014,6937,43126,24229,4550
2005,7,6,44792,53607,40656,60128,15928,2675.68,1060,2929,4489,9870,76705,45444,40215
2005,7,7,67572,60632,17809,91632,73239,2675.68,874,1397,4536,5678,11718,49324,31261
2005,7,8,63736,92031,81270,8743,75320,2675.68,4323,1463,1422,9978,96590,26634,40749
2005,7,9,46545,74003,5916,1035,72815,2675.68,2830,1737,3252,5182,48369,32843,32622
2005,7,10,28252,15154,89241,14141,57988,2675.68,3464,1723,1100,8758,46817,42216,8515
2005,7,11,1835,46141,28680,12541,2472,2675.68,526,4015,1258,5798,66401,38439,41623
2005,7,12,60416,95585,45177,3668,42576,2675.68,2862,2178,1942,8438,10614,33038,9898
2005,7,13,66970,64784,21114,83867,42222,2675.68,1082,4055,4071,9534,72947,16542,17931
2005,7,14,46385,28475,81910,78361,6269,2675.68,3151,1683,1018,9370,86702,11318,48312
2005,7,15,54578,39566,90001,95981,98020,2675.68,752,1340,2454,6484,65206,14675,41320
2005,7,16,84416,41290,75083,14839,62404,2675.68,2732,1182,2855,9641,14026,49123,48030
2005,7,17,94305,3004,82159,54552,47684,2675.68,2373,2260,4778,7462,14593,39149,18862
2005,7,18,55046,9965,20491,43852,26449,2675.68,3526,2215,3337,7226,42053,11490,35697
2005,7,19,97990,89786,30880,90846,35780,2675.68,1320,1478,3734,8479,15942,17769,1474
2005,7,20,73693,74713,36382,98471,38439,2675.68,3971,4835,1886,8932,53686,37387,1960
2005,7,21,76511,12213,14603,19848,62173,2675.68,1940,1366,4145,9171,51007,14924,23009
2005,7,22,39903,57328,61361,9989,62159,2675.68,2757,1710,2059,8288,50672,41850,12348
2005,7,23,31466,4645,1686,92405,79106,2675.68,4791,1967,3936,6030,91815,46109,5373
2005,7,24,106,33756,6272,79252,22927,2675.68,4175,4181,2309,7578,11052,18946,23631
2005,7,25,34235,49632,61671,87647,30123,2675.68,4496,1587,1987,9518,53991,12444,12344
2005,7,26,36554,50135,84413,20491,77233,2675.68,2951,2337,2686,9222,56588,15612,42580
2005,7,27,79205,67117,61146,26514,39004,2675.68,2333,4590,2650,8018,77236,12772,33020
2005,7,28,26348,56733,24360,59687,54266,2675.68,2130,2171,4837,5798,27661,38421,44704
2005,7,29,65474,10613,15760,8160,16187,2675.68,526,1742,1640,7621,38255,11171,38700
2005,7,30,50641,6942,762,83291,20946,2675.68,1062,3644,1081,6774,23330,21698,27998
2005,7,31,97830,11813,28870,59019,84708,2675.68,2440,1532,3494,6408,74692,16032,6531
2005,8,1,81169,27775,74067,48790,82383,2355.81,4430,4323,2350,5450,26620,46699,1590
2005,8,2,45136,90265,64133,48262,29947,2355.81,1090,1758,4700,5108,42817,37582,35831
2005,8,3,2549,9351,87430,32100,395,2355.81,710,1562,2588,6214,30351,29970,3462
2005,8,4,42358,29782,35646,61060,12503,2355.81,2758,3989,3881,7590,22250,48827,12266
2005,8,5,24073,84693,56938,55125,89801,2355.81,2707,3701,1858,6488,57152,25851,16108
2005,8,6,66302,23855,23766,13890,64623,2355.81,874,3331,3898,5856,84390,12752,4117
2005,8,7,58122,58501,3094,43355,80391,2355.81,3533,1640,1387,7322,75939,32539,25344
2005,8,8,47931,34999,57593,89740,81487,2355.81,1942,2788,3599,5707,61677,19574,14746
2005,8,9,9824,21890,59258,10074,34098,2355.81,2825,3571,2148,9110,51925,48891,43649
2005,8,10,83966,10460,19707,10353,42283,2355.81,2892,1766,1996,7894,96303,28482,11998
2005,8,11,31582,28246,76271,86534,83953,2355.81,2459,3775,2541,6894,20201,26638,4301
2005,8,12,41717,59379,35210,43866,1650,2355.81,4108,1238,3946,5166,95967,22580,3488
2005,8,13,7164,55212,79145,54160,55696,2355.81,2642,3629,3692,5264,90162,37644,25448
2005,8,14,45917,12622,97772,38458,10690,2355.81,1448,2406,2351,6028,12623,29000,17973
2005,8,15,36497,88084,64615,66795,83250,2355.81,4374,1678,2144,8518,60924,16798,26934
2005,8,16,93966,59919,7822,14010,51535,2355.81,1653,2451,3308,5777,52260,16018,14336
2005,8,17,33750,33709,6404,27453,83071,2355.81,1452,4566,3461,7419,10882,13430,35379
2005,8,18,80705,42088,13476,12850,76959,2355.81,3393,2275,1348,9782,10350,17694,40752
2005,8,19,71902,19291,16007,15210,35068,2355.81,4206,1422,3327,7878,12621,11246,18268
2005,8,20,27341,35427,37317,67155,39198,2355.81,894,4901,3468,7392,49102,41778,40030
2005,8,21,10795,82496,95407,61464,40062,2355.81,918,1962,2333,6025,27171,33753,13044
2005,8,22,80645,12731,85275,98973,21045,2355.81,1721,4736,4673,8084,31890,10454,47896
2005,8,23,10419,22108,41477,25240,42151,2355.81,3369,2945,4426,8775,30760,29487,40579
2005,8,24,41819,10780,57803,90505,23158,2355.81,4257,3801,1658,5883,11122,11678,1326
2005,8,25,73779,19496,16189,39805,89885,2355.81,566,1655,1537,5718,58246,28688,14431
2005,8,26,93434,91616,97986,82860,20392,2355.81,3698,2209,4525,6500,69065,29034,28746
2005,8,27,4179,43323,82836,34586,35558,2355.81,1037,1386,2808,8577,65492,44044,1962
2005,8,28,83008,26871,60700,69546,29726,2355.81,4585,4510,1132,5150,38721,47304,18946
2005,8,29,41316,67420,9514,97193,70273,2355.81,1226,4450,4605,5414,18080,40163,44932
2005,8,30,77376,11425,15852,31536,30002,2355.81,579,3009,4565,6279,98906,20642,31344
2005,8,31,71577,29844,10153,82138,42414,2355.81,4441,1430,2645,5307,97273,11698,48874
2005,9,1,89852,93720,4844,65266,19107,1674.6,3992,1072,2209,8582,76884,24904,11359
2005,9,2,82460,6246,49471,18739,21504,1674.6,638,1346,1617,8804,93759,45490,20113
2005,9,3,34598,10193,44488,89905,7466,1674.6,1494,3668,2475,7690,95286,26582,47405
2005,9,4,89049,70631,23466,16259,77511,1674.6,2514,4969,2947,6984,95059,44450,16702
2005,9,5,43450,85374,12150,90067,90530,1674.6,1908,1086,1100,6396,31383,39917,5909
2005,9,6,10153,87879,69939,83981,81921,1674.6,562,2320,2206,6214,19930,29716,15225
2005,9,7,17081,77446,89686,56380,782,1674.6,2182,4230,1470,9331,50648,26999,34745
2005,9,8,51592,68910,18479,84045,31658,1674.6,3961,3161,4092,8342,42141,18982,49863
2005,9,9,75476,19056,39685,27683,19435,1674.6,3750,2867,3412,6882,18502,16802,9616
2005,9,10,64533,26429,14777,67355,72112,1674.6,4354,3703,1380,5674,15504,32342,15425
2005,9,11,29047,48061,40505,83139,58313,1674.6,502,3787,3053,6186,77821,37487,48998
2005,9,12,67507,51573,90355,20919,31361,1674.6,1463,2244,2381,6239,79599,30845,15954
2005,9,13,88017,40306,54549,38702,19490,1674.6,2396,3536,1707,8514,48026,35019,28648
2005,9,14,93250,99882,35160,11303,91421,1674.6,598,1142,2256,7422,96196,44968,29333
2005,9,15,87802,87660,57214,46536,10252,1674.6,2380,3267,2117,7742,53320,12958,36813
2005,9,16,10576,7069,61495,53635,1321,1674.6,3654,1854,1518,7636,38576,33526,25874
2005,9,17,19498,3719,8805,16755,75568,1674.6,1722,3368,4011,8935,26255,35614,21353
2005,9,18,72100,3636,33882,65569,51916,1674.6,3527,2490,1254,6373,16125,28295,3555
2005,9,19,82247,71132,55570,24353,61297,1674.6,2878,1596,4216,6682,97547,12280,44146
2005,9,20,4387,75623,85856,13399,10910,1674.6,738,3009,1502,9246,64929,17662,12112
2005,9,21,19153,43457,46505,46127,99831,1674.6,773,3428,1942,6342,22781,27760,28982
2005,9,22,56841,80660,8555,87409,63695,1674.6,3543,3080,3075,9398,97830,17980,22454
2005,9,23,7862,63196,8347,23609,78794,1674.6,2622,4297,1732,7798,60423,32914,23276
2005,9,24,49461,67550,31343,15925,13892,1674.6,3685,2083,2487,8591,74491,31181,20476
2005,9,25,91045,68035,15614,5473,63786,1674.6,4457,2998,4343,9155,11606,17982,29797
2005,9,26,12431,35581,18786,45515,6060,1674.6,3428,1871,3109,6123,87795,43353,45561
2005,9,27,12951,47833,80437,80438,16424,1674.6,2970,3820,4314,7178,29292,19451,4929
2005,9,28,89733,60102,7451,99076,99257,1674.6,4915,1686,2341,8700,57201,19514,35409
2005,9,29,50613,51982,81624,13723,94457,1674.6,2075,2407,3603,7736,87844,16378,35771
2005,9,30,75144,15816,90199,30811,75752,1674.6,532,1835,1896,8136,80910,45199,19491
2005,10,1,17178,23239,13166,55878,80440,1666.39,1489,3772,1794,6563,43229,13334,22918
2005,10,2,43639,66989,56618,63855,54833,1666.39,3997,1999,4546,9807,79102,15389,22997
2005,10,3,36422,60938,61333,10485,58200,1666.39,2660,1534,4770,5825,47605,26561,6533
2005,10,4,5095,54096,41686,25987,7011,1666.39,4001,2001,3254,5618,30855,39439,1267
2005,10,5,28615,69853,42791,58162,39661,1666.39,4902,1081,2830,9942,11698,41030,21894
2005,10,6,57767,55579,16407,53889,37756,1666.39,1801,4202,4459,8487,85188,15652,14013
2005,10,7,89754,34190,24823,58009,56161,1666.39,3799,4774,1070,6589,59287,31542,5678
2005,10,8,78483,99190,73976,61314,16777,1666.39,3695,4542,3822,5842,44783,11750,43245
2005,10,9,31818,91585,62133,66277,80072,1666.39,910,4825,4214,5272,44185,20374,13673
2005,10,10,20951,57985,71501,62833,30926,1666.39,4374,4408,2681,9412,87073,29457,47141
2005,10,11,27946,5769,70353,93121,57222,1666.39,1050,4039,1719,9078,71667,12602,15136
2005,10,12,54559,12118,89321,85125,93743,1666.39,1850,4692,2841,6712,93876,38766,33506
2005,10,13,6844,54603,64527,69525,89304,1666.39,3982,2248,3719,9334,26720,47293,1600
2005,10,14,34470,39123,52685,57541,30009,1666.39,2035,4567,2821,6355,69691,46563,24352
2005,10,15,16213,57895,77608,24054,1246,1666.39,4172,3088,1085,7670,93964,31740,21484
2005,10,16,28003,42947,65341,1722,78633,1666.39,742,4453,1183,8050,86994,27544,42062
2005,10,17,42403,64030,62112,11576,46738,1666.39,4490,2949,1048,8418,13450,23645,48155
2005,10,18,39933,98880,48086,66018,58930,1666.39,4109,1931,4996,9449,10020,29981,42051
2005,10,19,71511,70372,9435,19047,88423,1666.39,1590,2176,1810,5053,75103,23547,46429
2005,10,20,39560,49594,2849,45609,18043,1666.39,605,2974,1462,7392,40343,30364,6204
2005,10,21,92094,54453,67296,93442,33902,1666.39,3422,1764,4024,5724,57162,13798,38653
2005,10,22,95638,70105,27327,72448,45158,1666.39,2346,1068,3374,5195,63028,36416,2430
2005,10,23,37751,48635,44391,42834,98678,1666.39,3197,1550,4185,6844,84211,39438,34734
2005,10,24,95498,57635,27555,70874,40492,1666.39,1023,2480,4820,8349,41280,16329,34717
2005,10,25,97131,53627,17399,65505,85174,1666.39,1920,2924,1678,6310,82109,44089,30427
2005,10,26,97396,21659,34860,52933,44855,1666.39,2370,1703,3057,9925,43928,49900,35424
2005,10,27,70994,94952,2381,42167,89653,1666.39,3495,1782,3639,9010,52286,15164,43661
2005,10,28,72673,4207,54441,18085,16869,1666.39,2174,1240,4559,6780,83547,35766,2902
2005,10,29,48809,42271,92470,58218,28548,1666.39,3117,1794,2701,6850,58058,37354,36399
2005,10,30,86863,16555,24137,16854,8800,1666.39,2018,2823,1981,5630,32260,30202,26424
2005,10,31,55713,10787,60818,30272,24172,1666.39,2389,4332,4339,9728,47549,47886,10718
2005,11,1,72020,80131,75311,98870,38190,1840.93,2083,1095,3153,8937,79894,45928,12665
2005,11,2,67308,94071,42910,70118,26331,1840.93,829,3468,1633,9842,77639,27350,39464
2005,11,3,54843,66972,63042,46054,30874,1840.93,3662,2892,1057,8973,18113,45598,10928
2005,11,4,77990,20197,16694,31143,55486,1840.93,2070,2792,2010,6332,18534,49692,12941
2005,11,5,25796,51444,3161,8781,23897,1840.93,1130,1606,1930,5523,41144,11348,47152
2005,11,6,42803,31160,30593,50213,80133,1840.93,810,3121,1042,5018,89264,40739,48706
2005,11,7,25445,82687,79884,48807,19019,1840.93,4850,1166,1188,8010,69946,30837,39146
2005,11,8,31514,22430,92281,11989,37953,1840.93,4688,1520,4584,9270,30967,11068,33426
2005,11,9,18986,26778,35542,4240,39282,1840.93,1330,1077,3844,9774,29883,42862,24806
2005,11,10,30360,61086,4029,87301,79096,1840.93,4489,1228,1404,6770,38949,34356,23976
2005,11,11,10196,78639,31464,91132,65271,1840.93,3551,1226,4208,8194,21199,44841,12431
2005,11,12,45251,82530,42272,69095,40095,1840.93,1956,1805,4592,9378,74105,28687,38507
2005,11,13,6313,58596,55649,19069,35366,1840.93,4776,1912,1890,9990,69395,21210,10951
2005,11,14,80023,37947,71819,69231,42039,1840.93,858,3640,1898,5400,72734,31993,43018
2005,11,15,61202,84692,18799,10794,17029,1840.93,833,4692,2851,7833,75112,19568,42905
2005,11,16,38784,61241,97833,44724,62481,1840.93,934,3855,1525,8218,28085,29915,17228
2005,11,17,13475,74862,83557,5373,47557,1840.93,2365,1910,2333,5042,35903,40713,6291
2005,11,18,81773,8089,30406,49624,35923,1840.93,543,4705,3110,6760,35781,11942,21870
2005,11,19,66955,68068,20798,88480,72172,1840.93,3394,1300,1686,7830,14750,37653,15236
2005,11,20,8242,61088,12764,81927,33604,1840.93,2640,1727,3107,6100,97702,18068,15019
2005,11,21,41268,83246,87,24378,66621,1840.93,1319,3574,1174,7117,38405,42458,35868
2005,11,22,88705,6801,94456,28801,58751,1840.93,2805,3343,4265,7710,65270,29220,18178
2005,11,23,26940,54263,60949,16399,57308,1840.93,1779,4926,3248,7490,39303,24868,8651
2005,11,24,94086,25624,74796,14372,49093,1840.93,3181,2796,1352,7988,82948,11455,13201
2005,11,25,52167,15755,11151,47784,77675,1840.93,3356,1940,2034,8618,37363,20694,42773
2005,11,26,29307,79143,35621,87555,37361,1840.93,3775,1445,1899,9922,62168,32343,24925
2005,11,27,33123,1703,36492,85828,35692,1840.93,2282,4209,1614,8432,68345,29220,19440
2005,11,28,1206,61702,50186,48240,32358,1840.93,580,1663,1691,7318,65570,20403,37550
2005,11,29,95831,94346,51849,29082,14268,1840.93,1424,3741,2071,7915,49568,34114,30370
2005,11,30,83707,63203,4676,18901,71636,1840.93,4472,4192,1073,9324,53783,33430,23021
2005,12,1,39070,61447,85251,59976,27017,2287.16,2157,1361,3854,9974,51980,16922,5654
2005,12,2,29015,32074,52647,93282,97995,2287.16,1987,1196,4139,8986,49183,13512,3113
2005,12,3,76712,54728,14586,91370,8512,2287.16,4927,3932,1638,5177,40259,11350,48017
2005,12,4,17184,28769,40544,91038,30007,2287.16,1612,1518,1906,9910,68653,38942,42524
2005,12,5,50075,61993,16492,40566,90585,2287.16,4077,2295,1754,8663,75016,11617,32027
2005,12,6,33032,1297,41902,8846,12826,2287.16,3027,1142,1866,8570,37397,14582,32161
2005,12,7,77446,65362,49011,18394,62324,2287.16,3688,2397,1007,6038,69315,36591,17664
2005,12,8,72206,73393,70240,25312,8408,2287.16,3280,2790,2903,5181,82987,25729,11608
2005,12,9,27342,11015,5738,54622,79585,2287.16,1907,3381,4848,7406,91775,37172,9488
2005,12,10,94933,65464,15922,7293,71995,2287.16,970,1112,4981,7734,85863,33388,35237
2005,12,11,42083,5496,57532,21338,50678,2287.16,2066,4370,2885,9156,48992,13821,40519
2005,12,12,78644,77252,37204,19844,54522,2287.16,3367,1620,1596,9289,89449,49139,28979
2005,12,13,40878,99686,59691,15859,96512,2287.16,599,3593,2401,9482,76283,34430,11906
2005,12,14,30001,73350,28801,14238,92506,2287.16,3059,2500,2748,5262,14698,17252,44145
2005,12,15,60593,30712,24427,87738,86353,2287.16,1876,2230,4913,5846,59440,26424,13877
2005,12,16,24825,91392,81371,8578,80874,2287.16,3007,2226,2354,8159,41463,39860,7654
2005,12,17,82305,35875,43713,70053,67489,2287.16,550,3080,3120,9451,32169,34472,1057
2005,12,18,99680,19046,28055,45945,98317,2287.16,2369,3140,1590,6454,48069,17642,3848
2005,12,19,27745,7429,36043,75099,95588,2287.16,1310,4243,1084,5023,80647,13572,43858
2005,12,20,42432,25673,58006,40552,95125,2287.16,1376,1155,1154,9430,57100,23888,40175
2005,12,21,73278,45822,63381,1221,15913,2287.16,726,1142,3877,9750,35106,30816,11450
2005,12,22,72640,82770,25061,18724,74145,2287.16,2296,1575,1380,6653,57127,42856,5708
2005,12,23,96828,98504,70364,22400,84286,2287.16,2639,3915,4636,6019,75135,21900,43816
2005,12,24,53821,85172,81909,89050,47602,2287.16,4866,1990,2488,9862,55316,13274,33368
2005,12,25,66986,3965,23208,98366,10618,2287.16,2573,2444,1541,7937,46196,45827,46687
2005,12,26,71753,25188,69743,77742,67560,2287.16,993,1379,1400,8518,26781,10353,11230
2005,12,27,63974,46648,46946,96462,7926,2287.16,4445,1262,2577,9004,89628,33194,18614
2005,12,28,55692,63554,40640,67233,91491,2287.16,3059,4595,3374,9153,73688,45933,3188
2005,12,29,10383,6034,33666,73135,20288,2287.16,4839,1234,3445,6284,13425,47722,26799
2005,12,30,81751,32871,55337,4329,91876,2287.16,2522,3918,4870,9036,31150,32712,44965
2005,12,31,14053,10563,28660,58780,76068,2287.16,1064,1450,3381,9468,75936,45020,2348
2006,1,1,75777,45634,21325,38914,75411,2629.9,663,3281,1480,9992,16508,16478,35399
2006,1,2,78867,80427,43274,89732,11577,2629.9,3784,3490,4645,5136,14558,13996,25987
2006,1,3,33628,17361,31727,54710,93297,2629.9,2588,4072,1478,8790,24337,30494,43099
2006,1,4,92016,45002,55128,49103,86345,2629.9,1154,1562,2061,6302,71294,29989,21636
2006,1,5,86766,91431,18481,91412,53994,2629.9,4756,3972,1622,5678,75033,10046,33039
2006,1,6,55933,27623,29120,27369,34240,2629.9,2862,1254,1161,5988,75357,17506,19809
2006,1,7,977,42864,15421,53038,53643,2629.9,3026,1662,3144,7858,48171,48489,36715
2006,1,8,17249,62928,68815,83999,42114,2629.9,4045,3045,1469,9516,41765,22060,43848
2006,1,9,59325,15980,48316,90487,28969,2629.9,4344,1296,2887,9764,99333,11554,40025
2006,1,10,42832,48713,9642,37328,16571,2629.9,817,1438,2091,9272,34169,29204,7813
2006,1,11,98479,78215,93603,86301,67731,2629.9,4712,3407,1347,6064,33893,46667,35368
2006,1,12,29404,74590,42965,28643,14354,2629.9,1524,2184,2361,7517,94512,40284,8650
2006,1,13,65331,96682,90456,18774,51313,2629.9,4330,1142,4191,7932,68794,13122,40977
2006,1,14,59652,93508,63033,27351,82887,2629.9,750,2290,2866,9686,57284,17830,13278
2006,1,15,74688,38809,75757,82050,62679,2629.9,3685,3008,3301,5492,63133,15590,36621
2006,1,16,2821,77464,33461,38364,1748,2629.9,2989,2751,2113,8238,10212,11352,18607
2006,1,17,34300,61824,39995,38518,77862,2629.9,737,2549,2439,5702,50950,15117,47279
2006,1,18,35819,89636,59478,19121,51480,2629.9,1437,4299,1426,6249,18040,18173,22611
2006,1,19,54857,67005,95925,83322,88026,2629.9,4673,3676,1116,8222,77194,23415,17379
2006,1,20,48299,34284,25965,738,67130,2629.9,2206,2948,2901,6762,38420,34380,26915
2006,1,21,30646,41210,5032,47072,77460,2629.9,1597,2315,1050,7756,31988,35428,14047
2006,1,22,27604,26663,24105,23158,94034,2629.9,1572,2331,1934,8888,59420,35415,17651
2006,1,23,15803,91627,54716,98704,99662,2629.9,4435,1258,1404,6614,93730,28156,43136
2006,1,24,1218,91680,76824,98620,85554,2629.9,4047,3156,1825,9018,52665,45859,8812
2006,1,25,42155,65590,4543,94089,4478,2629.9,4504,1146,1941,8448,35334,37955,30316
2006,1,26,93708,84770,34615,60757,71941,2629.9,3912,3157,1078,8378,71776,21929,28345
2006,1,27,7251,72177,51438,75429,96681,2629.9,1287,3834,4692,8754,49275,24170,4104
2006,1,28,22497,95132,94450,10791,95703,2629.9,3745,1532,2257,6728,66517,19197,46137
2006,1,29,78056,71782,8707,98080,53869,2629.9,1360,2471,4011,7798,52899,15691,30484
2006,1,30,91902,90539,20878,61594,32720,2629.9,763,1568,1635,6565,82358,27338,36505
2006,1,31,9054,97456,99452,56311,30815,2629.9,1860,3869,2750,9206,23301,15952,15970
2006,2,1,59662,85443,66413,47460,54694,2894.61,4360,1918,4333,7306,94302,11684,32104
2006,2,2,69422,82223,53826,32339,64581,2894.61,1391,2035,1966,7702,18412,12935,47516
2006,2,3,89563,34424,67039,6481,57725,2894.61,3882,3737,1803,9718,81197,31496,25010
2006,2,4,2399,36910,93080,88084,54216,2894.61,554,4989,1922,8204,72327,16888,3734
2006,2,5,61613,13720,45277,24932,27774,2894.61,2866,3687,1038,9818,40167,12976,20830
2006,2,6,96266,44050,96715,89421,14345,2894.61,916,3094,1172,5702,37529,13990,44264
2006,2,7,50434,97802,41730,36390,11900,2894.61,4629,4863,4127,9820,14794,38252,30409
2006,2,8,35736,69014,38292,57340,90270,2894.61,642,1535,1766,6774,75955,35908,44812
2006,2,9,43998,13225,19003,91522,59924,2894.61,3261,1454,1380,5398,63097,32584,22884
2006,2,10,81752,82728,88800,42231,63985,2894.61,1835,1071,2607,5126,73411,12876,3595
2006,2,11,79938,10080,65764,35151,59814,2894.61,1058,3810,2647,6413,95331,47570,8072
2006,2,12,29297,4946,74280,99982,72640,2894.61,3917,4390,2807,7717,12973,16792,3729
2006,2,13,7664,59809,49216,80271,61287,2894.61,4498,2576,1666,6486,18166,25222,38979
2006,2,14,99686,46489,45385,3685,2902,2894.61,2606,3550,2013,7570,64883,34652,7069
2006,2,15,11967,80154,5396,64774,84223,2894.61,2917,1885,1770,7133,88507,22166,34721
2006,2,16,2464,64358,46095,67874,5972,2894.61,4447,2008,1661,9674,25692,20914,5173
2006,2,17,28253,93300,85817,90266,51537,2894.61,1269,3502,2205,6042,44628,31427,1412
2006,2,18,97737,42546,39665,8617,6031,2894.61,2135,3494,2528,6468,92719,48500,28172
2006,2,19,14755,2167,36861,16416,73351,2894.61,2329,1602,2204,9498,91867,40092,12554
2006,2,20,6551,49490,19948,53756,28858,2894.61,758,2946,2120,9702,67914,29503,14576
2006,2,21,69370,65050,37998,61898,24632,2894.61,1749,4385,4234,9962,55800,22585,30717
2006,2,22,92516,9482,24188,81072,65332,2894.61,2515,1881,3248,7462,25636,27105,32408
2006,2,23,38390,27171,70052,61863,68369,2894.61,1365,2737,4367,9362,15987,43998,37967
2006,2,24,76431,9089,99736,25665,39051,2894.61,3249,2917,1369,9778,45340,46700,5536
2006,2,25,21197,82857,18583,19445,56671,2894.61,1549,1110,2741,5916,56922,12228,10571
2006,2,26,87272,48288,10200,6639,94002,2894.61,1989,1754,1126,6724,12447,40677,26187
2006,2,27,38613,60698,38595,36334,49487,2894.61,3033,1374,3143,7967,12966,39813,33936
2006,2,28,78539,53028,34874,82632,2333,2894.61,806,4603,2786,5291,96242,33139,8148
2006,3,1,79584,69923,59457,46308,82371,2022.65,4919,4419,1414,5038,25257,39014,1142
2006,3,2,20639,12292,88510,54958,18770,2022.65,3495,3148,4548,9942,90481,16222,28324
2006,3,3,87572,80085,76835,52863,92679,2022.65,692,2261,4896,5046,18569,12266,9975
2006,3,4,86634,19841,88038,91713,41094,2022.65,2079,3083,1180,5588,33040,44354,13295
2006,3,5,30264,82889,48856,26165,15367,2022.65,878,4289,1554,7046,88504,28451,39337
2006,3,6,83373,49197,17065,13270,85697,2022.65,1887,3681,1826,9925,80393,29271,1986
2006,3,7,59572,93825,7355,85158,95766,2022.65,863,1028,4634,9446,52192,21353,6747
2006,3,8,50407,82405,90643,86180,5804,2022.65,982,4175,4694,8046,18796,46742,29147
2006,3,9,33,60685,51776,88211,6962,2022.65,2481,2884,2345,9566,68041,38110,32170
2006,3,10,14286,30258,64140,70273,41328,2022.65,1625,1734,1440,8619,94265,37243,32684
2006,3,11,44119,25248,26419,5165,89646,2022.65,3259,4677,3603,5622,94239,45564,11568
2006,3,12,68556,28073,28449,10902,85612,2022.65,4011,4897,4451,9502,70169,12598,12843
2006,3,13,62187,28147,8865,93627,93118,2022.65,2221,3587,3376,9991,58752,18022,3130
2006,3,14,51559,43364,24052,90162,63398,2022.65,2077,1953,2715,6878,59206,48327,18292
2006,3,15,26073,8218,48225,85524,54073,2022.65,2653,2610,4243,6102,42588,38712,34746
2006,3,16,31000,89810,42301,75729,79801,2022.65,886,2711,1544,8316,54224,40516,17405
2006,3,17,68797,6303,72470,31513,19533,2022.65,1191,1218,1245,8840,47479,26669,48028
2006,3,18,95513,50133,59280,91108,78003,2022.65,4819,4002,1676,8506,17462,37828,1868
2006,3,19,39524,11185,51892,16643,61690,2022.65,2159,1974,3770,5980,78350,14654,6117
2006,3,20,94009,90894,10259,66606,51661,2022.65,3274,2172,1156,5116,38279,34928,24090
2006,3,21,54421,18099,60283,62449,40219,2022.65,1628,1093,2548,8520,12736,34237,11365
2006,3,22,40989,86248,81076,86111,32228,2022.65,764,1235,1670,7374,18394,18330,25778
2006,3,23,51464,2467,65503,8389,71372,2022.65,3316,2143,3232,7206,20943,44802,20134
2006,3,24,64963,87573,7248,37511,22445,2022.65,3100,4784,2582,9175,65894,19270,36336
2006,3,25,44954,33011,97398,11624,10385,2022.65,4954,3199,1662,7262,11786,46780,6591
2006,3,26,31943,46257,55276,86527,66207,2022.65,2680,1169,1214,9864,85031,10378,26220
2006,3,27,57616,89484,98724,80198,58660,2022.65,1359,4964,3979,8757,31587,40715,14618
2006,3,28,71700,77894,18915,13460,6055,2022.65,1591,2996,4461,7498,40874,17020,38206
2006,3,29,74439,38555,98190,54582,59834,2022.65,3520,3800,4056,9002,13998,14067,49573
2006,3,30,53213,65358,84032,67192,30467,2022.65,2906,3517,1216,6354,31977,32270,31971
2006,3,31,81378,74921,86619,82192,56788,2022.65,4211,1225,2398,7514,17334,17176,43845
2006,4,1,75679,92385,85085,47922,22735,2655.87,2485,4443,4534,9362,34910,47857,49152
2006,4,2,8935,69780,24074,68459,1757,2655.87,1188,1677,1340,9472,49816,19509,22696
2006,4,3,30295,97395,1908,94047,99553,2655.87,662,1918,1166,5159,23152,24664,26843
2006,4,4,40663,56991,29109,90198,58019,2655.87,4406,1953,3797,9672,51763,15318,14019
2006,4,5,17527,17952,44936,93192,99035,2655.87,2700,4328,2145,7742,23374,41698,44752
2006,4,6,24154,29802,66930,26085,4961,2655.87,748,1254,3423,9856,52171,21442,6434
2006,4,7,43875,72930,4748,94025,17761,2655.87,2282,1174,1638,7217,44829,12410,22863
2006,4,8,1969,73882,35530,10467,4841,2655.87,2164,1414,1046,5445,71430,10016,25256
2006,4,9,8231,22179,71992,88007,2036,2655.87,800,2261,3444,6899,72637,31204,40515
2006,4,10,19762,34920,82844,26928,42137,2655.87,3128,1858,1554,8657,70923,22746,27673
2006,4,11,43913,89440,68093,48970,91237,2655.87,684,4466,3053,7328,87472,46440,5875
2006,4,12,4196,29625,75054,17640,76524,2655.87,810,1285,3962,8038,23212,14912,14044
2006,4,13,92064,72693,34261,9970,41350,2655.87,4067,1614,1958,7034,50583,18562,21536
2006,4,14,89387,25921,18029,83792,89602,2655.87,1583,3796,1477,6578,27787,44353,21854
2006,4,15,35681,92983,56991,50995,57374,2655.87,4797,4436,4247,9057,75757,10596,46555
2006,4,16,80593,24825,12211,7919,58337,2655.87,1480,4075,1418,6958,47866,11019,29146
2006,4,17,99067,44451,21168,66896,32440,2655.87,1248,4471,3288,8238,35465,15661,48955
2006,4,18,64794,60264,81450,50393,35673,2655.87,988,2617,3383,9551,56887,23071,7207
2006,4,19,85049,83369,37147,6467,60582,2655.87,3837,2008,1640,5454,42894,44606,1366
2006,4,20,36663,70496,79078,94952,55086,2655.87,1964,4878,1157,8414,70270,43182,14543
2006,4,21,81973,47612,75800,80356,53515,2655.87,3427,4914,2406,9318,77733,18688,32687
2006,4,22,91939,27923,85339,54106,99280,2655.87,3711,2293,3728,8290,63596,15282,28234
2006,4,23,75036,90562,90045,66193,15328,2655.87,726,2299,1268,7877,77655,10495,26667
2006,4,24,50565,47435,81763,99323,54360,2655.87,3662,2650,3769,5782,16755,12222,9496
2006,4,25,54938,81820,71695,70018,25960,2655.87,762,1998,1712,6579,83539,41178,35291
2006,4,26,23246,25618,38479,80228,43496,2655.87,2074,1674,1271,8836,19476,10230,32486
2006,4,27,64684,34748,13281,68454,61453,2655.87,2853,1389,4559,9547,86407,36870,46389
2006,4,28,94839,26591,4218,20690,73170,2655.87,3220,2766,4725,6110,18700,39572,4109
2006,4,29,81888,32773,99984,78159,37961,2655.87,590,2644,1642,9556,87449,38620,26070
2006,4,30,37514,75303,55011,82073,51203,2655.87,598,1040,1432,9511,83081,40232,7770
2006,5,1,77654,2999,39698,10704,28697,2575.42,3942,1468,1220,6914,99428,21674,29270
2006,5,2,48594,18425,48843,23367,5874,2575.42,2231,2528,3825,9303,48730,16594,37464
2006,5,3,60950,11123,17306,50462,10556,2575.42,874,3209,1887,6481,15264,21935,7538
2006,5,4,62104,24208,33404,7709,27660,2575.42,734,2604,2608,9162,32322,39834,49185
2006,5,5,48392,9554,87363,7217,85209,2575.42,678,1158,3566,7648,12971,40473,2445
2006,5,6,97709,89756,78683,24597,6238,2575.42,1531,4692,1726,6287,17514,44869,10300
2006,5,7,95472,4487,87475,79432,65415,2575.42,4265,3806,1414,5968,37374,30910,19797
2006,5,8,25424,93890,93421,5342,67709,2575.42,815,1698,1147,6862,12740,18736,6392
2006,5,9,1149,19249,3429,68359,65536,2575.42,3228,2358,3018,5686,56790,14784,28533
2006,5,10,86851,26056,44943,48905,99036,2575.42,4815,1630,2558,9587,46152,10266,32318
2006,5,11,95980,58320,25684,8479,49169,2575.42,2214,1669,2649,6994,35027,33184,48401
2006,5,12,91879,98256,26896,41249,65310,2575.42,1032,3512,1092,7870,17416,41479,33686
2006,5,13,99645,13584,82291,92203,3172,2575.42,2468,1014,1761,9018,23980,18318,28443
2006,5,14,59257,67547,18951,26906,30893,2575.42,1442,2770,4937,6684,64018,16599,20331
2006,5,15,3375,36403,35112,29467,37378,2575.42,946,3373,2463,9588,45575,35634,2528
2006,5,16,98031,14397,1137,1144,25253,2575.42,3424,1730,4014,8727,27766,39906,25117
2006,5,17,75410,20561,79029,60347,40250,2575.42,1945,3623,1610,8254,89441,49530,9399
2006,5,18,30937,76740,2904,13400,46328,2575.42,780,1428,1168,6521,61852,37183,14832
2006,5,19,57990,31630,38044,83356,36709,2575.42,3261,2117,2721,8641,88815,42970,15810
2006,5,20,78040,32114,2946,73840,10522,2575.42,3369,1457,4126,5260,71208,31806,42388
2006,5,21,7457,2946,92516,19388,35819,2575.42,1570,3807,3701,9236,77162,21761,20721
2006,5,22,76776,16776,231,79497,35417,2575.42,3819,4807,1158,7086,14618,48032,39046
2006,5,23,34152,43369,89490,19631,2346,2575.42,2788,1153,1347,10006,45540,32166,27051
2006,5,24,47376,2111,25974,66077,96725,2575.42,2837,4851,2615,8067,69347,17566,19489
2006,5,25,43466,8167,34192,80976,49932,2575.42,4007,1766,3911,9708,36416,16256,4191
2006,5,26,28252,4205,42411,24599,80861,2575.42,1764,3235,1413,9090,94312,19489,4303
2006,5,27,18579,48502,9341,87546,2922,2575.42,1929,1386,4558,9922,27361,35841,45040
2006,5,28,13016,56370,86276,26927,7571,2575.42,4535,1652,3248,8297,60419,40460,39045
2006,5,29,22600,17185,68697,45365,16275,2575.42,1205,1204,2861,6897,38749,30782,13009
2006,5,30,1938,47032,77169,21496,89505,2575.42,3688,2519,3603,6315,45798,18918,20883
2006,5,31,65360,5334,36995,24961,39983,2575.42,850,2581,1908,8242,24298,47223,47414
2006,6,1,5504,14780,41339,12402,69882,1797.8,690,1912,1993,8770,22768,11530,38473
2006,6,2,92226,41640,12831,18541,87438,1797.8,3900,4122,2349,8860,49104,31114,14004
2006,6,3,90633,28039,12065,24750,52337,1797.8,4577,4191,1706,9098,86592,10300,25640
2006,6,4,741,17283,93565,82734,85820,1797.8,1960,3044,2971,9206,96585,11761,16333
2006,6,5,45146,96838,70884,28847,22050,1797.8,4960,2681,1470,8376,53782,49418,36341
2006,6,6,14017,8361,23610,20788,36980,1797.8,2439,4071,3836,8094,53156,29656,10203
2006,6,7,23688,55117,24053,81659,86259,1797.8,4771,2755,3826,7007,76601,11760,36990
2006,6,8,83348,2915,84910,80430,41291,1797.8,4847,1254,4755,6922,92445,16735,5044
2006,6,9,80011,89885,70807,23848,97240,1797.8,4855,1862,1754,8598,18937,48042,23964
2006,6,10,47250,78709,45798,81076,25716,1797.8,3303,1686,1665,9138,11696,49307,38752
2006,6,11,9608,52043,70967,89364,21852,1797.8,1098,1861,4648,6522,42060,33239,13412
2006,6,12,17220,28268,4167,29004,38528,1797.8,2045,1562,3163,5694,83203,10231,39456
2006,6,13,27946,52859,1998,85963,7423,1797.8,550,2030,1235,5186,22745,48086,24194
2006,6,14,52352,45196,16301,22000,38452,1797.8,986,2023,2980,5757,16566,41507,24713
2006,6,15,81565,28072,43636,16080,17266,1797.8,1310,1563,1049,9330,47525,13914,26839
2006,6,16,18854,49148,36854,95089,38088,1797.8,4527,1786,1145,5827,12438,25949,25951
2006,6,17,540,34030,64325,19872,76139,1797.8,2730,2702,4773,5490,73782,43390,31703
2006,6,18,64557,66445,4954,60606,61105,1797.8,866,4957,4330,7282,91398,22418,18832
2006,6,19,9585,926,62858,30731,26753,1797.8,3031,3643,2029,7355,63515,34519,41648
2006,6,20,69058,41246,8575,95183,78964,1797.8,4924,3519,1286,6230,20476,42609,32357
2006,6,21,61414,905,22567,95744,34539,1797.8,4513,1930,1241,7370,15124,24345,30317
2006,6,22,55371,30589,17990,13752,34296,1797.8,3270,4704,1842,6844,31238,34416,47857
2006,6,23,55553,86163,94288,20706,78745,1797.8,3314,1326,2020,8958,35901,32910,14764
2006,6,24,32550,20415,43386,80143,84138,1797.8,4488,1728,2882,8829,69610,48529,17295
2006,6,25,3038,34233,84586,58491,91078,1797.8,2907,1629,3338,7102,83686,47082,15824
2006,6,26,34663,63353,37241,66683,81938,1797.8,944,1686,1259,5682,10980,10396,39494
2006,6,27,92977,81821,82608,7212,70650,1797.8,2092,1526,2802,6678,48529,43879,18570
2006,6,28,72502,57789,56861,7192,61335,1797.8,4274,2002,1034,7866,79030,18540,6900
2006,6,29,47360,61328,49379,73619,3362,1797.8,744,1337,2179,9326,19900,29181,10360
2006,6,30,67897,91994,35572,70699,48672,1797.8,929,2524,3240,7789,44716,35927,34101
2006,7,1,48991,31924,31293,23209,27307,3054.45,567,3633,1136,8742,16702,25922,49833
2006,7,2,77257,21036,34454,76584,40937,3054.45,4479,4281,1126,6146,14304,16010,29987
2006,7,3,12459,51829,74252,66600,96545,3054.45,2640,1886,3453,8932,85094,16958,10179
2006,7,4,75117,72014,7097,90680,48904,3054.45,2953,1159,1478,7528,19094,43766,15443
2006,7,5,30098,79926,43048,45656,11455,3054.45,3018,1086,4179,8621,13738,22076,7352
2006,7,6,95152,84505,315,53605,9789,3054.45,2068,1256,1078,9164,91936,39029,1762
2006,7,7,94608,91242,81542,31086,25001,3054.45,4851,1718,1913,8510,17105,24719,1282
2006,7,8,41602,11476,64985,67133,80097,3054.45,560,1018,2704,5875,45204,32492,21849
2006,7,9,23989,17273,101,14115,96437,3054.45,4496,2395,4630,8366,54832,40982,8389
2006,7,10,68025,79684,12433,64938,80286,3054.45,1009,1886,2365,8014,10752,37462,29539
2006,7,11,59194,10932,12710,31898,33159,3054.45,741,2146,1537,6798,87613,17334,24266
2006,7,12,39231,57110,11722,55213,8147,3054.45,1194,2522,2589,8627,73812,18464,16555
2006,7,13,54518,79822,81114,11883,50815,3054.45,696,1359,1030,9526,58256,13278,2837
2006,7,14,69024,5350,36778,76914,36191,3054.45,1239,1772,2851,9312,46984,22349,24391
2006,7,15,92219,59532,14872,71161,68159,3054.45,784,4027,4856,7852,67261,35670,38684
2006,7,16,30690,32959,62030,77162,44069,3054.45,1791,3091,1986,9920,90004,44529,36638
2006,7,17,34311,87596,86302,48514,13261,3054.45,862,1942,4169,5734,92990,43679,49639
2006,7,18,90770,23378,49059,75627,51231,3054.45,2648,3271,1268,6030,91784,26049,16320
2006,7,19,42668,48576,39142,1007,58497,3054.45,1887,4158,4445,9090,57672,12705,45498
2006,7,20,64179,28535,84536,73348,30621,3054.45,3378,1390,2255,9774,13368,34837,43879
2006,7,21,65109,41017,99461,30738,47047,3054.45,1787,1066,4820,9150,23424,48316,41245
2006,7,22,74130,35312,23827,23575,66204,3054.45,2631,1558,1385,7048,20081,14020,31499
2006,7,23,97398,3461,78396,31005,35897,3054.45,2194,1004,4132,6646,48094,12530,41764
2006,7,24,22900,21234,34949,79072,33514,3054.45,3739,3994,1430,7565,47569,42591,24725
2006,7,25,15417,66553,22974,41802,70072,3054.45,3806,3820,1514,7118,14825,48763,43055
2006,7,26,1670,47020,99768,50802,78674,3054.45,4684,2924,1814,9274,13347,35311,14214
2006,7,27,89358,7087,59307,15745,24653,3054.45,3335,1238,4779,7660,98221,19712,23228
2006,7,28,90716,97028,43672,53582,90582,3054.45,2344,3603,3219,8464,59404,16893,24849
2006,7,29,32678,55441,51170,18125,70074,3054.45,3435,1574,2955,9093,15766,12607,14518
2006,7,30,52321,16215,69028,42101,63875,3054.45,3303,1892,1266,8326,24523,37561,33601
2006,7,31,53176,93220,96165,7747,61684,3054.45,4639,4361,2361,8674,12485,13786,21922
2006,8,1,82273,5921,60986,27719,13800,2355.81,758,1462,1326,8490,10239,17860,39946
2006,8,2,73146,81182,55906,51473,22057,2355.81,999,1130,1976,8745,76959,27904,43467
2006,8,3,69738,87673,71618,78251,16510,2355.81,1280,3781,2676,9090,42851,21475,1757
2006,8,4,18563,39243,67841,93888,77733,2355.81,4164,1766,1236,5069,18702,14021,28081
2006,8,5,68536,39702,29297,24519,84799,2355.81,3774,4535,1146,6744,32785,26788,22608
2006,8,6,58501,418,41923,82529,29036,2355.81,4004,2597,4015,7406,57836,18100,34774
2006,8,7,66277,27001,68979,58242,52070,2355.81,2262,1220,3733,6266,61475,44883,4033
2006,8,8,24167,46603,15772,50799,19699,2355.81,2586,3198,1334,5860,60726,44361,48557
2006,8,9,20635,81083,58311,61002,69280,2355.81,4101,1120,3147,8872,93797,45217,16148
2006,8,10,68464,66060,32175,28549,83971,2355.81,3432,4489,2955,9203,75287,42653,10002
2006,8,11,54112,69226,70852,35790,5087,2355.81,630,2072,1486,8461,12322,14643,47931
2006,8,12,20961,82176,66552,64108,62959,2355.81,676,1422,4111,8414,76322,43082,26701
2006,8,13,50557,49755,83924,23512,55310,2355.81,1165,1556,4787,6746,61562,49873,9211
2006,8,14,67651,8066,91946,13016,12879,2355.81,4010,3838,3546,9126,14297,13018,11372
2006,8,15,87262,6327,4279,46374,30529,2355.81,807,1084,1707,9730,18414,18369,30602
2006,8,16,65293,37114,60495,10080,40482,2355.81,1305,3132,1473,9214,37499,25703,38409
2006,8,17,95974,81510,9542,5872,8424,2355.81,3728,2036,1517,9358,74761,27045,40192
2006,8,18,79960,80569,74483,43020,86651,2355.81,2740,1942,2543,8234,78374,23024,45431
2006,8,19,92995,54680,97509,39469,39282,2355.81,714,1607,2869,8590,57478,41292,35008
2006,8,20,81257,36207,53329,44126,51918,2355.81,1170,1876,1270,8046,91247,11661,28091
2006,8,21,7435,85340,63604,39978,39926,2355.81,4354,2920,3008,6862,72388,18642,41978
2006,8,22,78223,3912,20250,11092,61329,2355.81,2383,3936,1638,8282,12274,48555,44080
2006,8,23,50154,24233,46784,91517,52589,2355.81,3177,1046,4722,6274,10230,29648,38032
2006,8,24,41463,29355,12569,54471,72570,2355.81,3112,1592,1822,9713,61882,32900,1309
2006,8,25,53794,30618,41837,432,52681,2355.81,3986,4186,1958,5769,10702,38070,44899
2006,8,26,153,30232,98094,39876,13364,2355.81,4523,4825,1286,8443,25648,32721,14447
2006,8,27,49752,65113,83513,54971,24827,2355.81,4222,3619,2363,6059,95402,45044,11747
2006,8,28,57310,94389,80583,42792,56510,2355.81,2213,3014,2867,5307,12889,19830,41285
2006,8,29,26106,48765,22409,86258,97208,2355.81,3979,1958,4520,9994,18280,17414,14409
2006,8,30,64239,72504,49318,72954,84915,2355.81,2997,2223,4107,9872,85014,11969,44720
2006,8,31,22568,98580,84984,60435,93887,2355.81,3017,1343,2988,6777,22601,26547,47873
2006,9,1,41581,39858,60706,60424,74490,2079.33,1013,1992,1452,7944,48258,25441,31405
2006,9,2,48317,90482,80901,63249,91848,2079.33,815,1738,2852,5214,10790,42076,42870
2006,9,3,90620,37010,55065,57397,75963,2079.33,3581,2542,2820,5638,94317,12310,47964
2006,9,4,97043,51684,25655,77765,65651,2079.33,4557,1302,1502,7462,93566,22594,23914
2006,9,5,93328,95735,79374,71180,58337,2079.33,4608,1258,3399,8262,22703,18732,30039
2006,9,6,98989,27637,43256,86809,9627,2079.33,950,3021,4256,9070,12710,21258,37574
2006,9,7,81391,36695,1577,78489,37152,2079.33,1082,1942,3581,6807,18010,48269,11496
2006,9,8,43199,97619,63577,76598,64995,2079.33,2311,3982,1098,5566,67143,39893,36280
2006,9,9,99492,32614,62915,5100,40091,2079.33,1357,2832,1745,8582,16321,20249,30052
2006,9,10,22134,83756,17080,45715,30564,2079.33,680,1958,4059,7832,66710,30406,1442
2006,9,11,10191,85374,94389,56810,30941,2079.33,1702,1783,1004,5969,51883,16939,11532
2006,9,12,56021,44593,21125,89119,55231,2079.33,719,3715,2552,5606,55781,34467,37446
2006,9,13,44241,16117,74581,9652,40028,2079.33,526,1569,3016,8902,23378,40308,7644
2006,9,14,12330,20082,37093,39179,12403,2079.33,2470,4774,4919,7198,73892,21502,5328
2006,9,15,97392,49612,15218,34944,58763,2079.33,763,3002,2115,5638,12653,27143,21000
2006,9,16,67987,69064,93713,11004,19862,2079.33,2663,2190,3524,9520,87721,15926,17092
2006,9,17,60083,10192,50701,26355,70138,2079.33,2856,2528,1908,6156,18823,15670,40946
2006,9,18,50425,54587,68673,37541,81283,2079.33,1035,4268,1741,8862,76623,36602,47679
2006,9,19,8191,94288,35145,78067,65395,2079.33,698,1938,1530,7397,68183,35897,39218
2006,9,20,84695,16040,19778,91603,95465,2079.33,3625,1788,4539,8649,99781,14356,4954
2006,9,21,72680,80817,72795,39421,71916,2079.33,2374,1458,1408,7752,90876,41803,15770
2006,9,22,49441,51222,83633,15202,94971,2079.33,2450,4664,4206,7170,87618,29670,1816
2006,9,23,58534,61244,41912,84425,36246,2079.33,1598,3924,3860,8794,64697,27128,41693
2006,9,24,30162,7072,39939,6571,17295,2079.33,4725,1735,3387,8357,98288,43357,30815
2006,9,25,16525,65739,89374,731,85671,2079.33,810,4203,4587,9278,44980,14378,43345
2006,9,26,80357,36579,16110,35570,17323,2079.33,2697,3835,4229,5280,86757,37876,30807
2006,9,27,33450,51483,20964,48190,99840,2079.33,1546,2715,1341,7272,33445,37012,19252
2006,9,28,40617,13847,47568,11556,52511,2079.33,3740,4218,4125,9708,84787,12799,42548
2006,9,29,32008,47485,26636,52589,66472,2079.33,938,4921,4875,5738,48110,31066,13393
2006,9,30,47031,6009,13783,48373,53281,2079.33,1736,3896,2425,9303,10914,46287,47228
2006,10,1,40545,95507,37329,91746,96646,2962.94,902,4130,3115,5394,26953,13024,1102
2006,10,2,99510,26875,37735,27289,91337,2962.94,4319,3697,3935,9043,83329,12514,18802
2006,10,3,90780,93579,6293,6435,15383,2962.94,4637,1862,4437,7894,47671,11083,2580
2006,10,4,68447,87776,21566,27914,96820,2962.94,4420,1328,1745,8650,39969,49433,48519
2006,10,5,57309,14289,13131,22596,69684,2962.94,942,1814,1526,7753,83248,10850,46461
2006,10,6,10334,14239,77699,91123,66205,2962.94,2205,1002,4496,7550,78915,42667,25370
2006,10,7,38642,79688,55349,30387,18195,2962.94,4819,1014,1924,5910,14449,45640,45318
2006,10,8,55763,65912,88807,62153,23665,2962.94,3924,1426,1292,6518,41472,18848,22055
2006,10,9,3344,93678,36203,49192,83801,2962.94,1858,2441,1157,7206,69179,45703,31470
2006,10,10,58876,98999,21207,84833,58301,2962.94,1824,4062,2918,5630,92566,41583,2008
2006,10,11,57686,76491,91933,60330,54465,2962.94,530,4159,3434,8084,39702,43586,33405
2006,10,12,29555,31562,82380,57064,95120,2962.94,2766,3995,1122,5334,38827,17724,1559
2006,10,13,92333,52005,39272,10251,37635,2962.94,1833,1671,1032,8182,72001,11849,48191
2006,10,14,93523,33884,86009,53309,31968,2962.94,1894,2873,3624,9273,34936,35095,25712
2006,10,15,30832,37704,39091,97741,94380,2962.94,1597,1711,1274,8910,13314,33908,44271
2006,10,16,26763,65148,95581,67796,41618,2962.94,4644,1190,2816,8046,19230,16135,33934
2006,10,17,24068,1696,44010,97692,97321,2962.94,2787,3152,3000,8229,25892,43732,28946
2006,10,18,48852,48842,30444,95126,27414,2962.94,782,4176,1609,7318,38323,33226,10110
2006,10,19,91252,34320,34719,25420,16324,2962.94,2906,1594,2566,7690,54434,19574,39520
2006,10,20,47214,53574,99391,96566,91804,2962.94,604,1318,1930,7093,52132,34241,25283
2006,10,21,47203,47519,4770,88812,54837,2962.94,2038,2439,3763,6226,16870,10086,9445
2006,10,22,62628,12117,66830,20194,80385,2962.94,710,2597,4837,8950,40514,32992,21265
2006,10,23,16106,80813,40000,22933,84258,2962.94,3525,2811,1001,8294,52975,27189,42132
2006,10,24,37739,41366,89629,31502,64474,2962.94,2940,2101,2306,9548,63646,19042,10191
2006,10,25,62386,38727,46640,53576,29550,2962.94,2919,2006,1350,5846,84938,34927,3507
2006,10,26,1402,58465,32739,57403,53111,2962.94,4591,2201,3430,9286,55054,15818,2066
2006,10,27,17114,29347,35006,55773,54117,2962.94,4814,2853,3730,7806,11150,49631,15004
2006,10,28,41313,55701,61638,41983,48619,2962.94,1909,1910,2743,5999,23774,40854,12928
2006,10,29,78066,24719,14408,37848,31642,2962.94,751,3755,3808,7108,18138,19276,19462
2006,10,30,12113,79342,18482,82195,33500,2962.94,1825,4811,1962,9814,33145,41932,21263
2006,10,31,22742,76407,91953,60486,52407,2962.94,2691,1823,1797,8422,16502,38438,32080
2006,11,1,46775,53546,66720,60235,74425,1718.63,2346,1014,1668,7206,14498,42091,2348
2006,11,2,52718,94782,69054,12532,27927,1718.63,1625,4333,4290,8470,73091,17721,10986
2006,11,3,79802,36267,24519,61900,37289,1718.63,4810,4062,4206,5774,44297,23630,29309
2006,11,4,65230,32996,43749,36059,3889,1718.63,4501,2957,2147,9906,85489,36425,47367
2006,11,5,57245,37115,90759,76535,65577,1718.63,607,1538,1990,5938,23628,37404,13850
2006,11,6,47138,69791,37819,46344,82673,1718.63,1326,2902,1463,5366,10294,35351,48468
2006,11,7,43793,44815,8309,2292,74721,1718.63,3717,1964,3615,9475,24850,29191,10150
2006,11,8,43326,85458,90921,59793,3287,1718.63,2196,1726,1392,5498,96767,33363,30901
2006,11,9,49835,33094,47618,81298,29521,1718.63,3000,3312,1822,7661,91956,16520,14283
2006,11,10,84163,80674,64838,47779,76501,1718.63,3321,1177,2849,9654,95970,11135,6040
2006,11,11,31495,9519,61560,32186,60886,1718.63,1901,1450,2772,5870,16748,37292,8328
2006,11,12,60153,41371,26958,1953,99032,1718.63,3473,4545,1886,9662,47323,42438,18914
2006,11,13,5702,56998,28617,13551,73944,1718.63,4686,1778,1808,6245,53975,27694,40939
2006,11,14,60925,2229,54767,68698,98099,1718.63,2341,4603,4505,9298,92907,19888,13136
2006,11,15,84564,11381,19435,502,11043,1718.63,2940,3096,1458,7908,46646,30401,33110
2006,11,16,95199,71333,35840,62007,73931,1718.63,1052,4854,3394,6614,19903,22844,6167
2006,11,17,23955,42246,13800,28460,91544,1718.63,4700,1107,4439,8278,92960,11834,6708
2006,11,18,83596,2253,94931,40055,40161,1718.63,920,1710,4261,5302,13717,19543,7929
2006,11,19,28813,19770,54398,53559,80589,1718.63,2755,1798,2898,6554,65705,40793,24302
2006,11,20,29614,30406,33253,80406,30892,1718.63,2239,4487,3465,7052,54541,34978,26214
2006,11,21,11450,24997,36689,57063,47644,1718.63,1605,2807,2879,7355,62718,49819,16758
2006,11,22,38009,55474,20714,70907,78380,1718.63,3051,4345,1824,5246,19030,14067,36419
2006,11,23,87518,63342,78555,32335,16863,1718.63,2312,4663,4444,5798,13878,38439,33096
2006,11,24,53463,94684,47599,56342,42039,1718.63,1160,1398,1588,6873,67304,10521,10317
2006,11,25,79645,95357,84867,12821,73013,1718.63,1887,1068,2957,7206,18440,36171,39617
2006,11,26,4890,42881,30835,95686,29586,1718.63,4124,3047,3596,6922,39389,15958,48913
2006,11,27,8392,11902,98386,90534,5128,1718.63,1054,4771,2397,9118,13943,13398,32042
2006,11,28,41889,90831,27291,11198,62625,1718.63,2368,3866,1486,9118,79551,25323,2859
2006,11,29,93468,30029,24723,53416,28104,1718.63,1753,1494,2365,9462,27027,47492,14112
2006,11,30,52181,94434,98616,45930,46706,1718.63,2691,3593,4740,6333,16142,48717,12559
2006,12,1,29863,82584,21282,74418,78487,1648.26,4236,4866,2679,8016,52969,18142,12957
2006,12,2,25757,89465,60508,12248,32844,1648.26,779,2277,2966,6708,73982,35524,8000
2006,12,3,55752,78929,21618,28438,11423,1648.26,3980,1285,2917,6486,32054,47755,20335
2006,12,4,54571,32643,22623,58602,86646,1648.26,1744,2401,1407,7251,41000,30603,41944
2006,12,5,61604,21780,57881,50922,64841,1648.26,1446,1943,3494,8063,65380,19698,48215
2006,12,6,78398,35714,12555,97667,27328,1648.26,1773,3249,2250,8800,56851,13895,44609
2006,12,7,26340,83596,92649,24099,87199,1648.26,1053,1294,1742,5285,16075,36620,33650
2006,12,8,93501,68874,73565,53347,43289,1648.26,3263,3037,4657,6606,35703,18336,38945
2006,12,9,81778,63829,16587,59028,98225,1648.26,4274,1840,4736,7722,81365,26934,39790
2006,12,10,81925,52420,58441,53705,14057,1648.26,660,2556,4740,7788,77255,12142,40868
2006,12,11,19186,1871,57418,10196,39041,1648.26,3531,1644,3300,5906,96197,21524,43121
2006,12,12,51259,35472,28792,40995,83747,1648.26,4281,2022,1150,9073,35727,18682,26510
2006,12,13,99941,42405,33246,76033,22646,1648.26,834,1830,2370,5668,52025,17762,10501
2006,12,14,62302,96910,88581,35602,58379,1648.26,3478,1988,1600,8621,83335,20347,34778
2006,12,15,95131,33969,18722,6763,43042,1648.26,1099,4333,3204,9344,35365,35849,4449
2006,12,16,76197,47130,77681,4919,16311,1648.26,2681,3611,2966,7613,30565,17697,46058
2006,12,17,78743,54044,43687,15343,39017,1648.26,2041,4147,2342,6174,57261,20383,27022
2006,12,18,41564,73361,79718,54769,39057,1648.26,617,1604,4916,9308,36523,11226,31435
2006,12,19,47060,25557,6191,90026,3170,1648.26,2722,3263,2150,7760,13605,46166,36756
2006,12,20,11135,65648,96666,88477,52763,1648.26,874,4325,3639,5150,65445,49048,3928
2006,12,21,69068,72416,30653,63984,57065,1648.26,1561,1930,4083,7751,10501,28604,33528
2006,12,22,50859,34576,26868,58009,18689,1648.26,527,4822,3824,7192,34650,41586,6826
2006,12,23,87472,59862,2264,31112,97495,1648.26,666,1561,1062,7163,30544,13540,17710
2006,12,24,60692,38458,34017,86127,36210,1648.26,1083,3419,1796,7950,61428,30484,10870
2006,12,25,14776,98308,76659,69952,31852,1648.26,1537,4323,2522,7612,66786,35016,11309
2006,12,26,47863,13298,51578,4339,90461,1648.26,4230,2503,1930,8246,53630,39491,48474
2006,12,27,45468,84714,92912,57265,59016,1648.26,2748,1214,3998,6142,60094,13734,20692
2006,12,28,8420,37985,36525,95942,18138,1648.26,2309,2008,1607,5238,70337,23420,3311
2006,12,29,63712,4568,90924,16995,89167,1648.26,1485,1980,1246,5748,16508,20986,10906
2006,12,30,86440,12351,11130,55438,93110,1648.26,2639,1528,4207,9163,13822,27344,21224
2006,12,31,28827,11132,9696,45434,92723,1648.26,850,2785,2304,9954,89779,22822,46385
2007,1,1,12618,73808,15358,28366,98410,1722.13,1157,1528,2472,5902,20220,35047,36344
2007,1,2,75586,38101,60608,1102,68275,1722.13,4927,1526,3999,6878,88480,26735,4304
2007,1,3,76919,61266,44040,69400,51046,1722.13,4137,1526,1348,8998,16768,10870,16862
2007,1,4,7190,55889,82542,71014,58836,1722.13,1061,4420,2213,6050,35521,25488,2762
2007,1,5,3676,81801,21247,34027,73514,1722.13,762,1754,2343,9612,36182,18990,26079
2007,1,6,88016,75320,34755,28685,46167,1722.13,4114,4707,1526,6024,40721,24209,9487
2007,1,7,85769,63135,24983,59334,46155,1722.13,4821,4829,3656,9706,83856,32169,26856
2007,1,8,48498,60971,98953,52194,65772,1722.13,1933,3786,1805,8040,98822,39323,35135
2007,1,9,17527,99289,59032,49253,82296,1722.13,4814,4415,2886,9602,60101,25392,49753
2007,1,10,41652,44923,91574,16660,83695,1722.13,3828,2191,2751,7780,84384,34875,41782
2007,1,11,99267,7671,5014,42425,65711,1722.13,1747,4588,1666,7130,48840,34476,20189
2007,1,12,23235,88655,35244,2473,53451,1722.13,2864,1454,1098,5790,28113,40313,45345
2007,1,13,27572,93295,88857,96676,57427,1722.13,2902,1693,2263,5840,15469,29325,39594
2007,1,14,89456,47217,78914,25285,70700,1722.13,1112,3933,1408,5450,96406,36210,27754
2007,1,15,6701,40623,14017,63320,92765,1722.13,3632,1688,1776,9982,33363,25554,8483
2007,1,16,82082,97618,82248,95697,66885,1722.13,982,1340,1285,7878,97976,48336,47717
2007,1,17,81689,74089,42270,14449,85444,1722.13,2010,2143,2002,7379,55462,21118,5028
2007,1,18,5862,75447,57807,73990,67936,1722.13,4543,1368,1174,8143,78417,22023,7522
2007,1,19,95860,53439,28364,73497,23726,1722.13,1832,1765,1779,7414,36213,17846,26340
2007,1,20,51834,69576,10719,63836,16955,1722.13,4954,2815,1627,9112,13156,25914,16181
2007,1,21,66635,12701,8635,88125,10844,1722.13,618,3054,1990,9734,96551,30567,37052
2007,1,22,47554,34736,2333,64333,15190,1722.13,2907,3375,4472,7260,63562,15568,4898
2007,1,23,76158,64869,96947,34137,23982,1722.13,1402,1967,2803,5037,95091,49998,10104
2007,1,24,72089,55240,73053,28931,76454,1722.13,4497,4007,1392,7346,88339,17926,35956
2007,1,25,66727,87599,51960,7552,81224,1722.13,670,2381,1590,9134,15748,17514,15523
2007,1,26,72380,84273,11339,11535,69310,1722.13,1532,2749,3021,7566,12158,17926,6431
2007,1,27,36893,12530,78482,73936,40712,1722.13,2520,3789,1552,8968,47692,18347,33174
2007,1,28,10002,13023,42081,6745,91652,1722.13,1115,1558,4221,8806,16548,19882,49950
2007,1,29,45237,86154,77633,39610,37091,1722.13,4083,1370,4545,8917,80622,16608,30665
2007,1,30,88443,39495,6751,75566,50327,1722.13,3912,1679,3817,9406,83423,25468,4443
2007,1,31,52295,10892,72203,2868,49698,1722.13,4102,1285,2977,6182,50894,20067,30472
2007,2,1,61330,26755,39648,50247,23730,2150.5,790,4575,4358,9846,29901,33800,22609
2007,2,2,74519,6582,83970,93216,6357,2150.5,509,2247,2992,9466,83296,44815,25790
2007,2,3,3831,94582,27793,53269,61828,2150.5,3370,4509,2318,9370,12224,31047,14213
2007,2,4,61979,61149,10624,7689,91755,2150.5,1488,2624,4809,7270,75839,36166,6877
2007,2,5,67600,37701,19766,15592,18782,2150.5,824,3963,3995,9112,92232,42175,3063
2007,2,6,68764,75603,31685,92435,31325,2150.5,3481,3302,3939,7446,15990,14100,37792
2007,2,7,7334,8832,6023,87143,642,2150.5,4660,4592,1838,9426,12406,18810,31862
2007,2,8,12489,76944,93659,42836,97847,2150.5,630,1610,2845,6694,75396,18348,35891
2007,2,9,20839,98878,18825,36130,65687,2150.5,3175,3019,4997,5549,76513,11990,36167
2007,2,10,63763,66175,46584,99677,91953,2150.5,723,1594,1414,8774,63627,17070,13120
2007,2,11,66625,14991,37223,60822,81685,2150.5,1343,3874,2848,5167,55004,43534,12619
2007,2,12,41334,14532,82906,2684,80081,2150.5,1025,3842,3296,7930,59871,16502,25771
2007,2,13,23432,30595,71041,79846,11329,2150.5,926,4305,1010,7680,55126,14046,1021
2007,2,14,16652,41470,82922,44500,62989,2150.5,4385,4322,3808,7290,23357,15240,37926
2007,2,15,29413,20735,9083,87710,64696,2150.5,2957,3126,1810,5350,84324,43580,35306
2007,2,16,92723,34783,37886,58733,22463,2150.5,4130,1890,1676,8234,99964,13822,43013
2007,2,17,76329,54350,34497,61489,7992,2150.5,1728,2404,3587,5811,25113,19278,7854
2007,2,18,37469,79423,64114,53369,21125,2150.5,1949,3846,3219,9558,72578,22033,48438
2007,2,19,44199,28062,93852,11385,50113,2150.5,854,2793,4517,6054,17154,22508,43816
2007,2,20,33908,31011,26265,28847,83174,2150.5,4833,1292,2152,8946,90362,18276,17730
2007,2,21,33736,3664,98476,33307,54850,2150.5,1691,1630,1894,5542,26784,15579,37406
2007,2,22,59359,51991,24725,40228,28045,2150.5,2735,3303,1367,5352,23501,25892,45358
2007,2,23,23082,44687,12887,86586,13633,2150.5,1214,3719,3263,9689,97025,28112,3249
2007,2,24,57095,68718,93513,72562,34260,2150.5,4492,4969,4990,9216,50196,49386,36649
2007,2,25,24574,79285,27690,17294,50989,2150.5,3185,4069,3581,9722,77007,17142,17544
2007,2,26,25672,48222,22286,48935,17911,2150.5,3399,1782,4380,6536,47565,19994,19312
2007,2,27,89913,18410,81314,94903,13978,2150.5,4289,4903,2145,8330,72196,44485,47862
2007,2,28,72226,81734,68556,808,4158,2150.5,4373,1180,1150,8010,11467,28045,45563
2007,3,1,54867,3050,38054,24482,66968,2172.77,745,1728,1430,8030,15706,38571,9398
2007,3,2,2642,70610,82070,90972,59158,2172.77,4549,2242,1461,6708,61399,23375,26555
2007,3,3,72434,23933,33511,70444,35400,2172.77,4117,1617,1924,8522,47450,14276,11556
2007,3,4,67920,78197,82357,58630,20197,2172.77,3553,2837,1046,5622,30160,44180,48063
2007,3,5,88529,26062,1424,49991,22770,2172.77,4717,1554,3106,6466,81998,38505,29175
2007,3,6,1136,2468,61475,98445,60990,2172.77,4072,3909,2121,5746,15590,23669,8926
2007,3,7,59492,33796,46507,60868,29418,2172.77,902,4298,4080,6470,84288,16412,43019
2007,3,8,1998,74006,69757,5104,13586,2172.77,4961,4721,4221,5770,29517,15210,1755
2007,3,9,30361,8591,60472,33834,86372,2172.77,2502,1734,4509,8026,13468,10279,30715
2007,3,10,97028,28130,94578,32460,50952,2172.77,660,2948,1158,6806,58052,49160,45218
2007,3,11,12171,18014,30234,82744,55801,2172.77,4306,2513,4692,9102,36346,21063,26103
2007,3,12,71844,93850,33279,2706,14210,2172.77,2984,2588,1690,7836,60047,14406,6360
2007,3,13,85483,50709,4741,71057,27477,2172.77,1568,4647,3509,6316,38742,19310,29145
2007,3,14,9257,53049,71824,10301,44179,2172.77,2716,2373,3370,8022,35078,32580,8170
2007,3,15,3706,14415,76521,4547,4680,2172.77,1338,1358,3628,7430,77570,47456,2921
2007,3,16,56576,64139,3456,70085,97293,2172.77,746,2900,1598,7569,33200,22128,42199
2007,3,17,52092,30917,4503,86814,78263,2172.77,745,1968,1699,9094,86514,41378,5933
2007,3,18,65187,59205,97893,85167,36635,2172.77,2622,4561,4600,6078,79646,13006,25463
2007,3,19,94629,51745,76145,6227,95667,2172.77,3355,2757,1613,9209,50922,34876,9346
2007,3,20,55142,86669,16845,58193,15287,2172.77,4571,1824,3914,7640,81990,31900,19711
2007,3,21,39278,30965,41463,95230,83395,2172.77,4826,3022,4204,7830,84249,34870,37461
2007,3,22,66668,78957,48980,23282,78166,2172.77,4509,4658,2922,5442,15712,34560,16255
2007,3,23,27416,73775,31385,6330,37590,2172.77,4581,1866,1390,6043,88447,10437,29727
2007,3,24,49856,53274,38460,55413,10597,2172.77,1634,2263,3016,5614,16896,12533,39061
2007,3,25,38221,91406,62193,41143,99111,2172.77,702,1525,1422,6886,49206,47758,20044
2007,3,26,53165,20141,90977,13855,16184,2172.77,4291,2391,2697,9103,37803,43293,29424
2007,3,27,84516,94438,36909,18885,16404,2172.77,1417,4623,1562,9961,12117,27025,20158
2007,3,28,96357,4172,19903,56526,27610,2172.77,4283,2125,1212,5259,27332,38136,35462
2007,3,29,24684,17976,20528,73733,47079,2172.77,3377,1594,1918,9430,50478,15070,24683
2007,3,30,40443,98248,72852,18358,8210,2172.77,1734,4565,1998,6574,77443,49453,1321
2007,3,31,17098,31727,46580,22699,76987,2172.77,835,3021,1886,7714,16220,10644,23912
2007,4,1,41483,3264,57870,11768,70094,2413.23,3562,3340,1226,6552,92901,16620,26097
2007,4,2,15006,13820,88465,46642,91263,2413.23,798,2988,2200,9141,16326,41111,4270
2007,4,3,96329,50700,99351,94044,75157,2413.23,2792,1638,4282,7013,44758,44375,21020
2007,4,4,49462,29673,29068,14762,32944,2413.23,2733,2948,2140,6197,10941,19518,38322
2007,4,5,40467,7385,99095,57668,26527,2413.23,550,4206,2472,6726,49601,15268,15422
2007,4,6,51852,32394,90620,42486,5759,2413.23,3212,1830,1401,9150,86333,14344,35378
2007,4,7,70602,84067,78645,39094,70264,2413.23,3847,2081,3322,7941,17750,39848,39587
2007,4,8,29715,66232,79056,28540,63416,2413.23,2520,1098,2402,6288,74104,49512,28657
2007,4,9,44870,77318,54733,26271,25950,2413.23,615,2902,1118,5611,51995,11746,41066
2007,4,10,25198,67195,38829,38521,65136,2413.23,4720,1202,2511,8758,39741,35927,39929
2007,4,11,35137,42262,17547,12539,35401,2413.23,2050,1621,1306,6280,22892,11268,41651
2007,4,12,40553,79860,24171,82037,15471,2413.23,3782,2020,4711,8962,11892,24847,42518
2007,4,13,88892,6613,36050,27755,13093,2413.23,678,3228,4403,7579,77118,36155,25791
2007,4,14,55583,5521,82778,40902,88656,2413.23,3522,1130,1880,9044,27596,17350,5670
2007,4,15,1563,37731,90723,61274,86694,2413.23,1120,1936,1168,8521,19690,38671,2615
2007,4,16,30664,49725,3252,65067,13656,2413.23,2574,1188,2241,5766,26491,14508,30370
2007,4,17,72373,11366,52810,74253,20410,2413.23,2954,1971,4487,8677,99597,21180,46758
2007,4,18,17644,85718,13117,43223,40592,2413.23,3245,2606,1950,7848,69025,28890,49160
2007,4,19,14570,36600,14481,16812,86951,2413.23,4060,4322,1590,6452,49926,10908,7324
2007,4,20,89979,57881,43774,24466,72910,2413.23,646,1116,1786,5114,50127,19126,43371
2007,4,21,40626,64726,89990,55861,82574,2413.23,1103,3495,1236,7770,30306,48915,9015
2007,4,22,5611,70719,58238,90651,63940,2413.23,2451,1106,2395,5162,94734,21657,24516
2007,4,23,15947,56733,78563,77739,31848,2413.23,510,2472,4766,6461,44685,17394,28690
2007,4,24,45476,45789,22188,57441,94076,2413.23,1355,4685,4563,7622,13384,19854,2494
2007,4,25,55460,19139,90124,54208,91716,2413.23,864,4013,1590,8862,18103,39789,34858
2007,4,26,49468,98225,78614,75587,84686,2413.23,4278,1513,1782,6465,15842,45865,39651
2007,4,27,75311,60310,95551,31226,7606,2413.23,1079,3065,2728,9686,33624,45795,2238
2007,4,28,26060,75841,69809,84002,96619,2413.23,598,2437,2488,8756,38023,14130,37913
2007,4,29,8407,22302,50039,10198,45119,2413.23,1062,1780,2005,7965,68005,18470,20345
2007,4,30,20203,19085,34028,74283,60287,2413.23,686,2698,4843,9886,86699,12932,17652
2007,5,1,93195,18900,12991,61951,56923,3037.1,1708,1162,2906,6524,40694,19602,16516
2007,5,2,35673,77476,16608,53638,45481,3037.1,794,4565,1597,8958,41203,11210,37570
2007,5,3,84552,43902,65445,90790,46954,3037.1,1291,1246,1618,8572,18449,14079,21906
2007,5,4,47150,21510,9656,30056,34768,3037.1,4657,1786,4176,5242,40428,39657,1430
2007,5,5,20186,30620,70575,41783,11446,3037.1,3735,2349,1368,9179,12582,18984,11778
2007,5,6,67437,4431,59132,8242,35064,3037.1,3672,2212,1794,8327,28619,16560,43933
2007,5,7,15029,44629,53352,59206,77245,3037.1,886,2430,1512,5788,55564,18548,43780
2007,5,8,63918,19300,80898,35949,64831,3037.1,4932,2267,4818,6790,56860,39881,34037
2007,5,9,24348,95533,22095,39790,60212,3037.1,2701,1982,1694,6053,50796,38938,17066
2007,5,10,69833,16011,2721,26936,68151,3037.1,978,3420,3936,6381,84368,17544,8286
2007,5,11,76770,55654,7387,97940,86069,3037.1,4173,1768,4778,5248,66557,19989,14247
2007,5,12,59685,5611,11581,71379,81664,3037.1,1669,2848,4739,9389,94783,12890,12378
2007,5,13,54027,6620,11311,47964,99354,3037.1,3082,2474,2683,7638,90414,15038,12031
2007,5,14,94715,44588,80521,70845,37207,3037.1,2185,1890,4039,8765,84621,17055,13430
2007,5,15,97495,61291,34904,92235,40680,3037.1,1476,1058,1306,5582,75373,35659,29687
2007,5,16,11169,98456,28134,78853,45276,3037.1,3956,1341,4486,5828,27185,33044,34900
2007,5,17,25610,50723,46288,11001,69488,3037.1,3055,3334,3550,5926,75568,49229,30909
2007,5,18,58998,47045,76640,95304,46183,3037.1,2314,2350,1898,7226,52554,12094,2013
2007,5,19,43052,1511,68436,38890,63691,3037.1,1934,4299,2694,9156,16652,48534,11973
2007,5,20,81834,94708,31869,90384,24019,3037.1,964,3015,1674,5218,94670,17014,23789
2007,5,21,84617,58337,90717,51437,50136,3037.1,3530,4538,1133,7894,48428,24824,43272
2007,5,22,60291,36715,30476,22986,71288,3037.1,2871,3120,3187,6091,59855,32205,47128
2007,5,23,59880,15820,65221,47064,48424,3037.1,4077,4392,3226,9230,13398,34713,9891
2007,5,24,14417,64359,10605,91903,12677,3037.1,3078,2967,2098,7116,95952,49737,9033
2007,5,25,27034,176,69210,1573,36267,3037.1,3777,2497,4883,5349,59560,19328,29065
2007,5,26,41592,39990,59052,59818,11135,3037.1,882,1903,1188,5974,33805,13094,26232
2007,5,27,46871,83236,26234,58969,63141,3037.1,3705,1454,1174,8542,91745,15374,38538
2007,5,28,73331,91875,20180,34567,57224,3037.1,4225,3814,1080,9628,74983,13566,46092
2007,5,29,95860,52219,5470,52801,40057,3037.1,1066,1927,1774,8651,62247,18354,5627
2007,5,30,3541,37306,8528,58605,81572,3037.1,2638,4902,4851,5644,11650,48427,16626
2007,5,31,98909,66398,13594,51341,86026,3037.1,4907,3236,2147,6728,51036,47203,4930
2007,6,1,73456,483,63921,38459,79083,2324.2,1999,1387,2154,6955,14310,40131,32275
2007,6,2,99595,85565,81335,18764,91385,2324.2,4024,2781,3355,5364,60158,14636,29762
2007,6,3,16624,74747,71784,53353,25784,2324.2,3411,4238,2173,9354,37696,31255,35339
2007,6,4,40959,96048,13995,64465,29356,2324.2,947,3949,1838,9154,64064,37957,44657
2007,6,5,82044,98089,95740,91751,99806,2324.2,2738,1428,1996,9052,86132,39131,22250
2007,6,6,96212,64544,4722,98385,23228,2324.2,991,4185,4817,6337,45001,34172,8770
2007,6,7,70995,65949,29474,1216,68230,2324.2,4172,1624,2978,5082,74726,15576,9890
2007,6,8,39866,97465,40564,86862,8338,2324.2,2344,4549,1239,7065,19285,30818,26697
2007,6,9,55835,31630,11356,10652,57967,2324.2,1175,3960,2304,7000,46527,13782,6357
2007,6,10,66891,2053,89863,91221,53316,2324.2,720,4532,3405,5918,12745,12410,30942
2007,6,11,82615,5090,23997,90207,2155,2324.2,1024,2989,4910,9550,84992,49229,43282
2007,6,12,5089,12521,78190,43746,85873,2324.2,631,4114,3121,6845,60334,46436,41070
2007,6,13,37787,75690,5970,32545,47961,2324.2,639,1926,1318,9635,53484,17334,35067
2007,6,14,19269,74510,16652,10532,23242,2324.2,4760,3329,1868,8612,72074,32740,17997
2007,6,15,95371,39058,1856,38492,12256,2324.2,1280,1622,1176,7212,98937,18543,28542
2007,6,16,8668,34577,81822,65176,10564,2324.2,3838,1184,1167,6841,56715,49408,35307
2007,6,17,74838,32828,94090,38058,3481,2324.2,798,3851,2925,9005,53694,12150,32517
2007,6,18,67547,21327,223,38130,94928,2324.2,3024,4947,1558,9702,85122,27003,49160
2007,6,19,90153,8961,23188,16320,65803,2324.2,2079,1991,4081,6168,95049,48914,46255
2007,6,20,75037,82200,47766,12963,71205,2324.2,3142,1782,4138,9716,19178,13654,17812
2007,6,21,95229,82609,70365,61669,53807,2324.2,3671,1270,1608,8211,92981,12953,5488
2007,6,22,74466,75061,19946,19900,67582,2324.2,690,2617,2193,5870,71931,34749,14995
2007,6,23,67094,35075,39852,6232,31143,2324.2,3001,1370,4748,6740,17590,18554,15788
2007,6,24,15205,43063,95218,96005,37626,2324.2,3957,3442,3259,5254,64693,47192,38199
2007,6,25,10249,49859,6162,23794,99141,2324.2,4894,1234,4519,9502,88817,27013,28094
2007,6,26,46886,61819,3385,11634,21537,2324.2,782,1740,2188,7058,49096,21165,24127
2007,6,27,29956,24407,49609,9567,19661,2324.2,1758,1261,4160,9272,70054,13300,14302
2007,6,28,73718,94950,45887,19589,76048,2324.2,1601,2932,2874,6337,50918,34410,1057
2007,6,29,40465,97459,87504,24005,39216,2324.2,710,4170,1005,9566,78737,30666,36600
2007,6,30,25432,51848,26928,5944,47472,2324.2,596,1188,4634,5958,40776,17033,13334
2007,7,1,53731,56319,11766,70068,7237,2662.52,531,4694,1270,9082,43909,11958,12528
2007,7,2,96059,29432,63988,90837,8169,2662.52,2619,1368,4284,8563,40191,33970,11006
2007,7,3,24160,77733,58605,71994,18509,2662.52,884,2238,3308,5308,58658,11098,25639
2007,7,4,61529,69190,60239,27912,20078,2662.52,893,1135,4930,9926,23323,24451,20500
2007,7,5,72239,72296,67172,92875,10859,2662.52,1844,1369,1654,5449,23362,19955,7363
2007,7,6,77440,94247,8546,25748,93248,2662.52,2643,1128,2745,8476,99039,22822,17204
2007,7,7,94733,46285,5311,44663,57517,2662.52,4113,1106,2280,5282,38981,28138,44986
2007,7,8,10000,65826,95860,11446,67627,2662.52,1400,1417,4820,9946,14094,39420,19223
2007,7,9,23502,1160,10549,76247,75393,2662.52,4069,1476,2223,5918,31139,29739,9588
2007,7,10,15717,66605,75847,32998,85594,2662.52,2487,1194,2004,9699,14084,30983,31180
2007,7,11,8922,54791,42401,55094,11089,2662.52,4513,4589,3428,5061,10836,10356,45918
2007,7,12,31001,76258,41650,3224,46989,2662.52,4315,4056,2097,6082,28405,15390,39141
2007,7,13,72693,22246,53283,69697,11945,2662.52,2031,1740,2813,9432,92310,17812,26672
2007,7,14,71702,86825,93492,35130,8238,2662.52,614,4238,1178,7838,58813,43924,4328
2007,7,15,21093,8129,22981,93190,49642,2662.52,2231,3685,3631,8358,24734,15486,1387
2007,7,16,13538,91766,22793,61351,1198,2662.52,1604,2898,3278,6710,24380,26516,31455
2007,7,17,50775,14683,82107,47711,62987,2662.52,1634,1754,1752,7798,19954,47745,7272
2007,7,18,98705,77205,86432,88688,14070,2662.52,614,2606,2930,9758,10628,20480,11166
2007,7,19,61214,58266,9731,79492,88361,2662.52,2359,1974,1230,6606,12814,44483,1882
2007,7,20,94442,11183,44915,76194,42149,2662.52,590,2205,2091,6721,45892,46160,4888
2007,7,21,54239,36508,90120,73522,66266,2662.52,716,2478,1750,6435,23322,24757,11781
2007,7,22,86899,62034,30244,68396,99204,2662.52,2878,3644,1956,7793,86189,19473,49792
2007,7,23,29033,26480,76679,61124,69554,2662.52,3635,1214,4078,7414,13664,41695,22572
2007,7,24,58239,40370,85527,28284,76806,2662.52,4392,3703,2233,9635,32098,36436,8849
2007,7,25,15779,61329,80081,76752,19122,2662.52,1225,4505,2749,9255,41980,28654,16270
2007,7,26,11827,65617,18798,87257,12075,2662.52,3952,1282,4183,8966,14948,32340,48815
2007,7,27,39679,34342,46044,26912,329,2662.52,3348,2459,1654,9780,18430,41295,44494
2007,7,28,76051,21788,55802,85152,11044,2662.52,658,4221,4749,8954,26478,16362,47782
2007,7,29,47769,71783,94842,53305,86261,2662.52,644,2290,1958,8040,69201,27163,9790
2007,7,30,8886,98902,9623,81060,8683,2662.52,3707,1084,3324,6950,10378,34367,35185
2007,7,31,74994,82745,39941,71096,81699,2662.52,4271,1648,4552,8234,15475,14338,16419
2007,8,1,51120,99455,77089,65512,85009,2171.55,4397,3909,1870,7262,17896,31761,20604
2007,8,2,60516,10028,5086,21376,12615,2171.55,2721,1462,1500,7642,93409,28515,5805
2007,8,3,63088,55581,83069,53552,71056,2171.55,3804,3526,4687,7244,16182,24695,40233
2007,8,4,17848,94788,24957,98073,82948,2171.55,1186,3463,3927,5114,81190,22894,33901
2007,8,5,73429,93912,84605,19174,94080,2171.55,2688,2166,4945,6118,10717,21000,44366
2007,8,6,70990,80875,75880,27029,28119,2171.55,1723,1942,1056,6072,60390,24003,29918
2007,8,7,26932,6577,33819,87212,74201,2171.55,1457,2628,1624,8558,83153,35704,31362
2007,8,8,55428,30842,9223,21725,77951,2171.55,4077,3939,2166,9922,92319,11636,36293
2007,8,9,31226,44043,23955,22282,37074,2171.55,2636,1458,2273,5624,67568,47825,34346
2007,8,10,10521,44026,61806,52145,21439,2171.55,4200,3217,2152,6856,14942,20102,44959
2007,8,11,49716,74020,35394,83234,8976,2171.55,1221,1552,3106,5176,95185,41531,27713
2007,8,12,85874,7822,21889,9499,86981,2171.55,3676,2500,1185,5481,65997,37624,5809
2007,8,13,30441,70198,80842,38945,99973,2171.55,4046,1039,1154,8888,65624,45129,45784
2007,8,14,88504,26847,51682,76610,28375,2171.55,4492,1208,1040,6381,40097,16050,13219
2007,8,15,62190,63774,71874,28376,65608,2171.55,2351,2399,3067,6394,51343,16090,37871
2007,8,16,25329,60390,90432,11483,21181,2171.55,2964,1035,2902,8046,10606,27628,6057
2007,8,17,54217,53489,58228,25257,9870,2171.55,4628,3411,3450,7853,33138,44057,48325
2007,8,18,25724,65490,56457,50144,95034,2171.55,4535,1474,4540,9942,31844,22072,7800
2007,8,19,21023,54809,48108,3925,45806,2171.55,1552,1974,1192,9779,41629,30461,17104
2007,8,20,4457,57611,35225,99259,45464,2171.55,4667,2539,1555,9930,37682,11588,34715
2007,8,21,56627,12218,98303,41167,77184,2171.55,3238,3206,1306,7697,18482,13463,30147
2007,8,22,94801,66388,79838,15392,72519,2171.55,2204,3326,1742,7570,17882,14498,37819
2007,8,23,98495,68604,61136,65050,1079,2171.55,1638,2704,2386,5198,15222,18306,48818
2007,8,24,71439,94813,19128,89097,22510,2171.55,3911,2309,1701,8748,49053,18448,3963
2007,8,25,2920,11258,18899,14700,25039,2171.55,1943,4884,1438,6166,19766,13868,27835
2007,8,26,48248,47925,71574,75634,89217,2171.55,1555,2006,2960,8166,82454,20469,3148
2007,8,27,2349,51366,37780,39050,16467,2171.55,4621,4385,4441,7048,50436,11672,36833
2007,8,28,27706,38733,95717,40496,88163,2171.55,4364,1410,1278,9186,28395,36846,17003
2007,8,29,45437,24951,63853,43397,73338,2171.55,3866,1380,4023,7997,31087,46841,12659
2007,8,30,21182,95709,82579,35623,95580,2171.55,2806,4636,1747,9874,80132,19828,33016
2007,8,31,36877,34497,12672,34507,93138,2171.55,1352,3573,2369,5204,98322,22058,41068
2007,9,1,78541,47745,78238,96538,95184,1595.4,2718,2243,1474,9692,19174,23376,41432
2007,9,2,93851,58811,61476,13725,38943,1595.4,1952,4790,1760,5862,99279,15664,37738
2007,9,3,22811,37854,6550,24367,52528,1595.4,3580,1067,2703,6350,27604,37886,28608
2007,9,4,24602,61675,61482,64963,47719,1595.4,4691,2921,4466,5046,71645,44760,30656
2007,9,5,86608,54951,904,53369,56409,1595.4,1195,4219,4387,8202,19937,13838,1534
2007,9,6,62705,8519,37982,21760,91689,1595.4,998,2641,4963,7479,13955,15374,31938
2007,9,7,18136,68647,65604,73954,17518,1595.4,590,4124,3550,5968,57492,31311,3601
2007,9,8,2504,35041,76883,73243,19137,1595.4,658,3192,1378,8990,36304,47025,46820
2007,9,9,16429,12303,46019,76392,49782,1595.4,860,4268,3620,9550,74573,12489,9975
2007,9,10,35982,59640,66615,60884,61960,1595.4,2194,4462,1006,9076,37705,10987,40459
2007,9,11,15897,34215,25532,37586,68705,1595.4,963,1484,4137,6981,94228,40271,11836
2007,9,12,56956,11006,24540,1929,93387,1595.4,4417,1448,1814,7383,22954,37063,49114
2007,9,13,87843,65150,17879,79693,578,1595.4,2031,2825,2501,5136,70411,15124,21936
2007,9,14,94399,21375,9043,84889,18356,1595.4,666,1663,1264,6050,93591,24013,3271
2007,9,15,81516,74361,86085,56620,21745,1595.4,710,1886,1090,8540,11270,41117,9040
2007,9,16,16201,29015,23944,55054,61578,1595.4,2610,2327,2080,6638,73567,16787,10707
2007,9,17,91275,15079,74803,21903,81130,1595.4,2267,3996,2754,8352,51968,14498,18394
2007,9,18,57392,62004,6789,64284,6269,1595.4,810,3820,1432,5695,93873,19361,12419
2007,9,19,6402,56484,8042,54834,44489,1595.4,2973,2114,1687,5560,74016,44168,31609
2007,9,20,81170,52637,73165,40276,989,1595.4,1125,4731,3487,7913,39014,19520,25133
2007,9,21,56684,10767,64928,98117,6463,1595.4,3829,4215,1636,7510,84049,42476,25153
2007,9,22,39832,22023,44591,36519,34798,1595.4,686,2318,2595,6774,72593,19770,34960
2007,9,23,45336,93719,96019,48823,21632,1595.4,4930,3315,2150,6209,92783,34964,1385
2007,9,24,31363,42965,14181,62999,1188,1595.4,1826,1018,1603,6416,93888,37752,48230
2007,9,25,51376,40927,20072,38971,61129,1595.4,3905,2815,4087,6275,87990,40718,9017
2007,9,26,7660,79273,35386,69811,35482,1595.4,1126,1843,3837,5306,46193,10058,44521
2007,9,27,99888,18020,46043,36491,34437,1595.4,595,1632,1722,5398,41134,16682,39931
2007,9,28,86035,1392,81153,5122,57668,1595.4,840,1334,3414,7577,51488,16438,19143
2007,9,29,58451,22616,67092,62288,24274,1595.4,2311,4161,1304,9705,77003,32092,13285
2007,9,30,85988,17599,84256,83196,94617,1595.4,1531,1312,3133,9035,85772,12950,25390
2007,10,1,47965,82479,89296,45543,33968,1582.84,698,2934,1634,5272,97207,36270,39544
2007,10,2,49943,37721,33927,96000,31077,1582.84,1986,3674,1126,5181,43291,42015,16019
2007,10,3,23065,40295,85149,62101,26067,1582.84,1629,4031,4779,9138,35925,35098,35949
2007,10,4,81821,56270,8033,54807,55253,1582.84,1076,1622,1338,5003,17545,13490,21592
2007,10,5,91022,15884,71767,7648,81065,1582.84,4663,1950,1703,9374,98932,47770,15058
2007,10,6,53465,1915,88154,38244,94192,1582.84,3341,1011,1699,7725,30817,15678,24079
2007,10,7,19317,71894,73498,94981,63249,1582.84,3072,4270,1925,9839,78269,17394,41043
2007,10,8,21249,27933,41174,92953,79097,1582.84,722,2560,2020,8875,87155,36211,40107
2007,10,9,19306,60497,12223,32357,58222,1582.84,4307,3889,2636,8322,88870,10885,9392
2007,10,10,65199,23295,81508,88476,13134,1582.84,4168,4382,4061,5606,27334,49509,9777
2007,10,11,90448,18057,48422,32468,13284,1582.84,3678,3940,2424,7252,81296,20645,35577
2007,10,12,56644,81956,64535,4281,56112,1582.84,690,2661,3051,6058,42488,12378,19757
2007,10,13,72801,51657,56919,76862,18350,1582.84,2722,3797,3660,9214,57616,48295,34253
2007,10,14,76720,26296,97236,89144,39900,1582.84,1140,2895,3190,7027,17175,15653,44884
2007,10,15,43136,48693,3315,52539,61717,1582.84,670,1746,3810,8002,27730,32160,12155
2007,10,16,16247,20453,57310,34907,77949,1582.84,4554,1019,2572,6292,60163,47472,14926
2007,10,17,24378,52656,10368,17568,26035,1582.84,3221,4170,3938,5784,21708,37006,43895
2007,10,18,65043,96784,37875,95205,45130,1582.84,3716,1375,2409,7377,12633,30357,15605
2007,10,19,32304,12188,67729,6228,41682,1582.84,966,1058,1899,6838,83625,22933,44244
2007,10,20,90665,83199,8456,99603,2439,1582.84,1608,3832,4651,8976,95388,19150,46517
2007,10,21,6440,39106,82508,25201,72835,1582.84,1909,1166,3680,9638,11365,15361,45142
2007,10,22,33882,31417,47772,47133,78188,1582.84,1418,1694,1904,9756,18678,49737,47750
2007,10,23,41390,4119,33570,1042,44954,1582.84,2173,2745,4415,9372,92945,14508,28959
2007,10,24,99823,31208,78740,39855,37198,1582.84,1568,2430,4224,5691,34563,48763,6457
2007,10,25,33441,20982,33968,80741,32207,1582.84,964,4948,1200,6534,14692,17878,1478
2007,10,26,25710,29515,68295,26477,34196,1582.84,3725,1506,3798,8816,13162,12347,27592
2007,10,27,85273,44497,49779,55850,30188,1582.84,4612,3628,1674,9872,44368,20232,34342
2007,10,28,6409,91198,60181,62005,71597,1582.84,2553,3657,3388,7199,40133,13935,33874
2007,10,29,24791,40212,30658,49942,19028,1582.84,2288,1314,1729,8294,92853,28268,37234
2007,10,30,62760,97466,91897,786,68750,1582.84,1018,1326,1398,9654,53513,31762,2617
2007,10,31,15073,32419,61773,44813,79618,1582.84,3747,1530,2116,9404,87053,27496,1906
2007,11,1,99342,14501,91071,77761,7354,3099.63,519,1170,2587,5250,89919,46556,19340
2007,11,2,12324,81430,56723,59874,51295,3099.63,1297,3713,1608,9874,79682,18514,4837
2007,11,3,61210,16795,26983,16966,3848,3099.63,1307,3189,1350,7377,97301,42683,4479
2007,11,4,53069,37821,63855,97009,95478,3099.63,3564,4152,1554,6638,12406,11426,20126
2007,11,5,71475,91676,2915,38084,44138,3099.63,2949,1698,1496,6283,55015,19590,48949
2007,11,6,70763,97675,39132,22445,15053,3099.63,542,4472,1220,8982,97832,19542,36433
2007,11,7,15460,91397,26588,67015,74387,3099.63,1215,1732,4992,9129,19574,45481,43318
2007,11,8,88078,39598,33532,20173,5881,3099.63,1115,2994,2573,5246,15439,33977,4900
2007,11,9,48032,80568,18451,54989,25902,3099.63,2422,1360,4031,5926,24726,14769,16283
2007,11,10,43679,10942,60631,95024,16423,3099.63,1856,1714,1875,6358,41024,22756,27279
2007,11,11,61640,97140,32103,64213,8739,3099.63,3190,3121,4460,5994,44461,20361,47542
2007,11,12,65627,18236,28075,6010,18598,3099.63,779,3627,1654,5666,90002,12868,2801
2007,11,13,75041,96860,33721,8268,53600,3099.63,2375,1974,4588,9478,95802,29678,41098
2007,11,14,27020,93993,2800,87833,26985,3099.63,4545,2611,1848,5248,14972,14550,13613
2007,11,15,71773,35752,95425,68219,33514,3099.63,1086,3553,3638,9624,16820,17966,35428
2007,11,16,22257,64197,83828,26845,43675,3099.63,2875,2045,3622,5674,91229,16958,29630
2007,11,17,55640,65776,25922,37488,68395,3099.63,2932,1518,1645,9708,24736,10158,40895
2007,11,18,35136,22176,35064,33774,53335,3099.63,2362,1190,2432,6189,18786,42458,18237
2007,11,19,82172,91662,95856,72146,83689,3099.63,4103,4327,2860,5538,76814,37606,37086
2007,11,20,72272,31099,10478,65269,80807,3099.63,1779,2294,3740,6398,66067,27074,1566
2007,11,21,11431,84783,19017,60215,70972,3099.63,2672,3142,1642,9770,41639,45856,4156
2007,11,22,68318,30744,1536,21178,62121,3099.63,570,1496,1608,7886,32363,13222,28350
2007,11,23,53531,24143,38901,43623,67338,3099.63,2049,3767,1101,6065,55334,43425,21320
2007,11,24,76573,8007,62920,22390,89239,3099.63,4597,2555,1654,6133,95084,30126,4560
2007,11,25,80835,86573,80870,6635,88537,3099.63,4592,3418,3727,9698,16398,21064,13233
2007,11,26,6164,89091,16184,28618,11508,3099.63,3394,3080,1762,5282,26821,11798,21518
2007,11,27,22225,11419,59023,73879,13904,3099.63,4004,4738,2030,9870,11046,45567,20459
2007,11,28,30811,47317,3986,84538,32161,3099.63,1953,3323,1468,8986,83292,22976,22379
2007,11,29,26007,21687,27409,38235,39353,3099.63,4700,2928,1999,5074,51807,45903,4230
2007,11,30,85534,72164,90642,42564,89742,3099.63,4482,1112,1372,9650,21440,37841,8366
2007,12,1,43394,42517,58668,97882,42162,1522.52,986,3847,1755,9660,19551,45984,47996
2007,12,2,50879,97481,94336,82305,65640,1522.52,2837,4154,2231,6753,43895,21948,40239
2007,12,3,47588,80799,93982,72408,2239,1522.52,958,1983,1392,7886,76217,49204,48175
2007,12,4,8973,32809,63052,50728,27635,1522.52,3063,4864,1435,7398,77168,12074,32604
2007,12,5,63990,61359,16229,77573,88112,1522.52,4521,2050,2274,7014,24458,25865,26477
2007,12,6,8030,60417,54201,65073,87746,1522.52,4276,1717,4578,7327,63796,23564,46770
2007,12,7,26283,43212,18429,22718,16962,1522.52,1143,1910,3306,7372,58523,27769,11949
2007,12,8,10201,74397,29821,83827,67899,1522.52,1043,2279,2398,8118,57351,35143,20631
2007,12,9,77014,21628,48213,72944,65308,1522.52,1507,1589,1571,5178,30659,38532,12009
2007,12,10,43237,31803,69484,16543,65527,1522.52,4312,1462,3754,7894,59553,12046,44359
2007,12,11,11115,35597,95285,58513,82193,1522.52,3655,4206,4263,7498,48501,39570,2636
2007,12,12,70228,45010,47512,41799,76297,1522.52,1682,1778,1325,5044,68779,16416,44523
2007,12,13,76876,63092,83931,95630,19928,1522.52,4986,1041,1783,8950,11820,43976,9836
2007,12,14,79258,99561,69535,53521,57780,1522.52,4442,4358,4396,6622,10062,11396,18036
2007,12,15,67829,49191,7930,10506,81709,1522.52,3709,4935,1151,8991,86917,26078,26709
2007,12,16,78827,1904,7120,90610,28526,1522.52,937,2782,3936,7686,61303,12298,29377
2007,12,17,4860,87098,47426,84256,60404,1522.52,1300,4584,1934,8470,55089,13536,16286
2007,12,18,40939,73799,4824,97091,9142,1522.52,3168,4319,3643,6640,11281,38520,41741
2007,12,19,26017,12219,46304,71306,99043,1522.52,724,3901,1055,9014,88156,37811,23959
2007,12,20,20788,44458,32396,52616,8688,1522.52,1151,4625,2635,7870,63067,36776,37485
2007,12,21,79068,52589,7449,89064,65581,1522.52,2583,2948,1904,7782,79253,46341,18730
2007,12,22,97845,86331,50243,25253,40833,1522.52,3063,1619,2856,5458,30587,15800,38400
2007,12,23,49295,96739,73873,26930,84066,1522.52,534,3133,4528,7726,52196,10226,36941
2007,12,24,72588,96132,63057,19887,70019,1522.52,1228,4214,1344,6470,18942,17478,8663
2007,12,25,71222,38882,80148,54078,692,1522.52,3324,4986,3825,8818,93267,15790,10735
2007,12,26,89138,39678,87376,95018,93536,1522.52,1477,2474,2055,5885,18958,38425,5924
2007,12,27,4548,68590,38992,65892,1412,1522.52,4419,2633,3691,7422,43062,17562,14811
2007,12,28,91654,21388,70722,31831,73585,1522.52,1073,4073,1782,6906,74090,29905,30341
2007,12,29,15725,56920,12381,84132,2805,1522.52,3908,3704,4682,7899,11904,17638,14742
2007,12,30,42710,90368,73727,46402,71287,1522.52,2136,4291,4528,7857,11122,44464,33142
2007,12,31,18198,67196,23538,54568,26996,1522.52,4473,2719,1806,6853,43202,23702,13980
2008,1,1,82111,97407,27629,60011,19707,1803.29,2719,1318,1286,5472,97711,18293,45074
2008,1,2,48961,93355,39174,3170,20829,1803.29,2719,4375,3526,9174,31371,15458,33638
2008,1,3,93112,90443,24756,6317,33646,1803.29,4262,1520,3568,8242,92117,48274,14810
2008,1,4,23317,11190,74700,58469,93014,1803.29,1761,1974,2116,5934,61495,11810,38763
2008,1,5,65924,99215,7321,89450,7854,1803.29,3306,1938,1974,8836,14572,45483,5044
2008,1,6,15575,57896,27591,60495,36139,1803.29,510,4454,2249,6171,34274,40262,36061
2008,1,7,4934,77388,98589,87051,43322,1803.29,1347,1202,4298,7414,15045,33503,10085
2008,1,8,85064,74704,84469,46902,75469,1803.29,3736,2394,2348,6326,67889,18486,8102
2008,1,9,38739,9362,94293,85988,25534,1803.29,2602,1818,2305,7542,33868,31978,44919
2008,1,10,17627,56568,7575,93278,86588,1803.29,1780,3002,3674,7600,34903,39142,22620
2008,1,11,2054,93640,12890,84403,96318,1803.29,4240,1046,1491,9885,37395,32024,30779
2008,1,12,74804,79998,78844,13462,53893,1803.29,888,2870,1983,6038,81147,38570,29064
2008,1,13,41986,74281,92925,55661,68233,1803.29,1154,1174,2818,8096,71040,34135,27828
2008,1,14,71174,6633,85544,77666,36518,1803.29,1041,2673,4288,9958,57486,23180,22940
2008,1,15,66653,52926,61052,84988,72292,1803.29,4909,4277,4182,5676,86289,17415,8551
2008,1,16,10661,63796,4054,48479,54192,1803.29,3965,1486,3077,6958,19381,15302,41446
2008,1,17,23801,61776,94973,59441,99364,1803.29,3973,1015,1562,6376,51002,27675,2459
2008,1,18,1279,40912,8305,50462,23745,1803.29,4228,1522,4740,9276,15586,28931,44594
2008,1,19,96079,30905,70649,94156,31766,1803.29,1454,1917,3156,6426,31357,17520,40030
2008,1,20,8885,96683,49888,30621,23059,1803.29,4647,4337,3153,9303,91150,48250,17243
2008,1,21,60249,75379,65359,34989,80012,1803.29,3920,1089,3201,9146,86596,19942,47298
2008,1,22,40950,48052,31884,9107,20830,1803.29,1626,4714,1275,6513,76686,49333,29593
2008,1,23,43756,17686,40023,18262,66989,1803.29,2863,2236,1550,9156,78576,11682,31173
2008,1,24,11871,58849,79003,40072,93417,1803.29,1389,1446,1354,8272,59824,17183,31952
2008,1,25,27866,52803,13250,4141,95668,1803.29,4825,1560,3972,9848,90388,14634,39936
2008,1,26,91021,39604,34549,13924,54177,1803.29,1836,2399,3325,8794,38822,48094,29478
2008,1,27,94143,55213,48813,40497,3485,1803.29,2679,2701,4142,7281,68193,39809,24989
2008,1,28,27217,88020,61937,67542,64220,1803.29,4853,1591,3279,5754,14998,28808,2325
2008,1,29,55232,18704,61208,43557,47247,1803.29,1650,1388,1998,6814,98236,25078,1270
2008,1,30,31803,22268,22780,42297,59549,1803.29,2106,3117,1696,6454,70658,25915,7326
2008,1,31,62720,61864,63859,87351,87618,1803.29,1158,2848,4428,7444,11058,31674,15726
2008,2,1,60760,89415,15341,83927,87651,1508.52,2080,1269,1814,8764,85818,12938,6771
2008,2,2,6484,88936,64924,16878,75946,1508.52,948,2808,1048,9651,25426,36773,7191
2008,2,3,65810,84627,71202,9528,3736,1508.52,4626,1704,4993,5302,64773,12643,19228
2008,2,4,8090,96854,38914,53992,87583,1508.52,3570,4065,1782,8493,27295,22315,41084
2008,2,5,45684,39596,60124,66732,39247,1508.52,4857,1408,2880,8534,47287,22967,1902
2008,2,6,76639,16914,3815,1632,18232,1508.52,627,1320,3145,5892,96663,35727,34940
2008,2,7,26976,20234,96146,73346,25079,1508.52,660,1532,4387,8570,53845,34986,39793
2008,2,8,90390,23703,72747,9622,81113,1508.52,2588,4102,1946,5520,75734,21529,20034
2008,2,9,37695,22714,14203,35840,8606,1508.52,1567,1170,1099,8138,25277,12364,10866
2008,2,10,73857,20938,43292,53244,9425,1508.52,4581,1165,2190,7327,25786,34654,13489
2008,2,11,97361,58376,8758,50659,27483,1508.52,2188,1478,3556,6390,17368,32161,1698
2008,2,12,47256,55288,84094,94707,89352,1508.52,2236,3207,1659,6879,32802,12176,9371
2008,2,13,40368,53737,72250,93910,31064,1508.52,3563,4776,4114,7354,95434,16596,14388
2008,2,14,54516,33975,98126,78072,70365,1508.52,958,3972,2132,8660,45030,42835,31846
2008,2,15,20048,28619,72395,66707,55498,1508.52,2790,2216,1166,5594,12260,12706,5197
2008,2,16,25779,51042,67477,14894,4714,1508.52,2841,4229,1885,5966,37300,33601,12911
2008,2,17,77812,63886,17574,81296,74563,1508.52,4130,4610,2574,5762,61316,13072,28957
2008,2,18,84426,84107,91641,59710,11850,1508.52,1057,2628,3807,9885,68873,14110,47767
2008,2,19,12797,16715,12750,26034,79034,1508.52,986,3196,1178,9912,54492,19426,16403
2008,2,20,38869,44975,99460,46443,7852,1508.52,866,2276,1234,7507,68337,23084,10777
2008,2,21,31626,50748,27065,80433,633,1508.52,618,3428,4003,9406,55813,24388,12290
2008,2,22,45809,81801,97586,76096,41713,1508.52,2296,1170,3403,6756,43374,37606,2078
2008,2,23,73885,85594,29883,35119,19453,1508.52,4554,1077,1306,6502,31509,15951,14573
2008,2,24,63908,98166,79381,9264,77572,1508.52,3651,3379,3345,7588,15826,41409,1546
2008,2,25,16018,29476,88342,29422,42584,1508.52,2027,1467,3661,6534,67937,12482,31717
2008,2,26,27835,8845,4191,93154,60463,1508.52,4104,1454,1798,9682,66337,27788,2052
2008,2,27,6383,16341,67520,39728,63930,1508.52,2489,4946,4173,5830,25719,21756,49699
2008,2,28,67547,92748,88224,1208,6010,1508.52,4320,1630,1356,9734,43348,16352,22513
2008,2,29,26914,2453,15246,77131,73642,1508.52,1270,1046,4274,5141,36102,44555,47935
2008,3,1,83592,90855,34013,19423,16574,2502.39,3320,1354,1695,7110,48033,49208,22121
2008,3,2,75201,98229,96917,66416,57929,2502.39,3328,1733,1358,6810,50374,18266,5088
2008,3,3,8081,30398,98894,13223,66500,2502.39,4413,1443,1318,8426,85865,33580,9801
2008,3,4,6899,89186,75605,33595,10066,2502.39,2802,1618,3218,9718,68033,46147,23639
2008,3,5,1159,77714,72881,87843,64525,2502.39,1109,3956,1654,5446,18530,11446,39607
2008,3,6,81155,52945,19298,98162,37723,2502.39,3093,4620,1410,7404,78214,37117,21515
2008,3,7,47336,27369,55088,1907,57088,2502.39,3053,4597,2186,7285,62439,48062,39473
2008,3,8,26892,34901,87019,13247,6255,2502.39,1100,3761,4845,7030,15446,28919,21902
2008,3,9,23265,50016,89892,50317,73713,2502.39,3786,2400,1826,8873,55658,35265,18107
2008,3,10,14699,70064,59863,48237,57349,2502.39,1298,1192,2202,9668,30189,13457,22303
2008,3,11,87922,12642,83571,79119,14392,2502.39,3037,4008,1859,7929,17326,41923,35493
2008,3,12,82388,8111,95676,94214,83337,2502.39,4479,4386,1396,9341,62622,45096,1334
2008,3,13,77996,25273,12040,35199,91293,2502.39,534,4214,1222,8577,74684,15790,42229
2008,3,14,422,82723,55974,68633,97004,2502.39,1907,1494,4760,5176,12624,34448,26651
2008,3,15,90269,2139,98835,28018,57833,2502.39,3113,1664,3080,6050,87377,10725,27809
2008,3,16,10086,2385,89940,81308,17314,2502.39,3273,4086,3697,5598,10902,27052,14624
2008,3,17,32249,29627,89147,33362,68562,2502.39,4161,1518,2592,6002,12822,10858,45455
2008,3,18,27157,26313,7605,30238,94170,2502.39,2314,4254,2366,7220,85562,31031,44982
2008,3,19,44581,85188,65119,8279,57138,2502.39,1682,4386,3814,6702,39099,48727,17837
2008,3,20,86284,73261,73910,228,22609,2502.39,2004,4765,4771,9608,96354,13940,27108
2008,3,21,90942,53669,34548,4660,17274,2502.39,691,1853,1648,6542,86483,28785,36462
2008,3,22,84998,88167,84524,15165,95348,2502.39,3891,2982,1883,8314,14561,19491,23623
2008,3,23,97613,86566,85609,33736,82526,2502.39,4028,3467,1270,8575,78126,19255,31963
2008,3,24,35037,30170,47462,73037,30979,2502.39,3173,2328,3462,5404,47492,33809,33945
2008,3,25,92672,77736,48144,5907,98241,2502.39,1750,1714,4270,7358,45939,48148,12706
2008,3,26,9322,9968,37968,61304,8543,2502.39,559,3578,1263,8020,32966,43593,16094
2008,3,27,28317,1141,25922,66780,70190,2502.39,1940,2860,3853,5084,68767,48445,39766
2008,3,28,44142,26870,94298,9764,54228,2502.39,2911,4900,1556,5878,41204,25098,40237
2008,3,29,28325,88116,35030,90940,82488,2502.39,4532,1616,4135,6806,93934,39324,17996
2008,3,30,32924,27228,18538,16777,92312,2502.39,1573,2804,1060,5870,62567,17814,3657
2008,3,31,82460,20480,81006,65368,16358,2502.39,940,1033,1676,7414,51972,18336,22210
2008,4,1,36506,36319,45330,79664,46606,1994.73,2586,3832,4543,5715,82495,39551,1007
2008,4,2,77289,35300,86429,19512,97867,1994.73,3322,3345,3537,7388,51055,40746,37533
2008,4,3,40507,12089,33775,32354,64062,1994.73,2195,1918,1226,7524,96581,42213,42938
2008,4,4,54883,25520,16046,74426,87587,1994.73,666,4875,3839,6756,11958,48057,48541
2008,4,5,4290,19061,66404,72827,19102,1994.73,4925,4607,1806,7408,91960,19928,33811
2008,4,6,72990,508,43230,68598,54385,1994.73,2162,4266,1682,6424,13814,19268,39811
2008,4,7,58100,30373,50496,8291,63482,1994.73,1347,2770,1645,9102,56948,22098,1234
2008,4,8,72913,36874,81707,18812,66926,1994.73,518,1266,1878,9418,41215,11262,40019
2008,4,9,44515,68378,86881,42549,27937,1994.73,1817,1035,3649,9278,10677,47130,36925
2008,4,10,29899,83377,64901,16544,22480,1994.73,3642,1594,1426,6700,30554,16712,38201
2008,4,11,43071,92030,14618,49949,96734,1994.73,1210,2599,1132,8896,10102,18497,22185
2008,4,12,1368,11966,70885,51369,90630,1994.73,3498,1064,1289,9750,37071,15102,47914
2008,4,13,67952,92066,15513,59378,28766,1994.73,4080,3187,4447,5049,38136,19030,12419
2008,4,14,37234,65699,25133,94147,80142,1994.73,2643,2861,3597,9879,49229,44226,25281
2008,4,15,47793,14081,64755,45434,43831,1994.73,554,3133,1594,7418,87510,21711,18178
2008,4,16,59837,37943,59899,30637,2992,1994.73,1816,1576,1510,6610,50722,10226,48035
2008,4,17,48581,29718,58088,2178,79597,1994.73,2756,3740,2749,7734,11062,31579,23670
2008,4,18,78392,71081,26066,4986,68499,1994.73,1696,4686,2870,5902,75322,37213,29928
2008,4,19,67334,73492,43791,47419,96792,1994.73,2644,1518,1174,8366,63901,36530,10865
2008,4,20,22106,26658,96624,59855,86872,1994.73,2785,1078,3229,7710,70247,16168,2150
2008,4,21,13779,63296,2766,98001,16243,1994.73,882,3575,1579,5355,47345,48370,28089
2008,4,22,56221,54990,10095,13155,53426,1994.73,4684,1882,3357,6307,51736,20229,40349
2008,4,23,64809,25875,85492,38038,9725,1994.73,2468,4854,1574,5234,37854,17980,22092
2008,4,24,9675,39421,67908,77606,1128,1994.73,2327,3699,1594,9718,12850,12752,15253
2008,4,25,59123,52891,48255,92480,15550,1994.73,2708,1462,1738,9114,34747,15598,49991
2008,4,26,86644,47217,8148,38382,78803,1994.73,1362,3476,3126,8548,82433,19253,12355
2008,4,27,5875,24761,9306,92469,93535,1994.73,3839,2656,1752,6900,45136,47302,12511
2008,4,28,13437,74197,94013,55653,88749,1994.73,3945,1594,2327,8402,30125,21129,28760
2008,4,29,10800,36488,75958,28926,27109,1994.73,4530,2982,4503,7680,41802,43037,8391
2008,4,30,2699,6995,45695,84451,20440,1994.73,3104,1886,1142,8494,22232,20127,40831
2008,5,1,62530,61871,29556,10975,91996,2402.13,1773,4834,2994,5654,71943,17737,17038
2008,5,2,31582,21278,67241,5417,79433,2402.13,4466,2778,2323,8917,23217,13153,10278
2008,5,3,7022,89798,94533,99139,28382,2402.13,1366,1830,2881,9122,15150,19814,31012
2008,5,4,99311,40011,96064,8658,7062,2402.13,1394,3642,1988,9986,60410,11430,34359
2008,5,5,36616,84878,20551,58940,93795,2402.13,3444,2167,4916,9328,32657,44649,10120
2008,5,6,80340,85376,85561,39574,67650,2402.13,2154,1959,3807,6444,75616,17220,3798
2008,5,7,3929,68363,5863,25917,28349,2402.13,3688,4964,2502,9590,40255,27648,16274
2008,5,8,40710,28700,94816,90627,44381,2402.13,560,1071,2848,7187,96996,30497,27474
2008,5,9,90985,4151,63810,51145,23721,2402.13,3364,2648,4140,9414,69916,18840,5778
2008,5,10,23205,29957,50157,90707,10547,2402.13,3354,1255,1882,6348,58233,46195,40412
2008,5,11,6995,59862,37267,19844,63401,2402.13,1692,4385,3413,6853,21881,12133,34264
2008,5,12,52632,56598,6134,93124,97177,2402.13,1963,1550,2357,8510,11086,49255,42402
2008,5,13,18884,95793,16864,70699,58963,2402.13,1893,1922,1309,8330,17278,14710,41449
2008,5,14,38424,35197,85448,93189,32050,2402.13,1674,1032,1138,7807,94155,43806,23681
2008,5,15,70210,72472,30539,8919,944,2402.13,4526,4826,3769,5586,90525,12731,7978
2008,5,16,99190,73771,95041,50500,77931,2402.13,1561,2705,1606,6730,25894,47141,13544
2008,5,17,23393,97569,14526,20022,91728,2402.13,3827,1936,2504,5814,87207,48447,25034
2008,5,18,18696,61734,34626,72465,69475,2402.13,1548,3663,1122,5890,35514,19120,41503
2008,5,19,26484,33428,42262,91576,16788,2402.13,614,1531,2075,5945,76553,40154,34508
2008,5,20,60979,6733,68444,74835,67451,2402.13,3281,1145,3735,8528,58610,19561,5651
2008,5,21,65762,76511,88225,81035,89451,2402.13,590,1876,3518,9203,23860,13326,40092
2008,5,22,33711,45281,63190,32138,81227,2402.13,2291,3556,2827,5942,33391,30277,6095
2008,5,23,62737,23025,32776,12824,47284,2402.13,2384,3045,4247,9894,10431,23697,7738
2008,5,24,60701,17374,5983,50571,66577,2402.13,2228,1638,1475,6838,48775,39053,46196
2008,5,25,76513,87420,47611,55692,94506,2402.13,2321,2242,4025,5096,70065,17661,31002
2008,5,26,59186,18803,97059,43433,39412,2402.13,3481,1463,1215,5815,67033,24143,7490
2008,5,27,2011,24263,40783,93487,61033,2402.13,2539,3896,3328,6501,19186,16774,5910
2008,5,28,43855,28262,77781,47881,79710,2402.13,1893,3894,2999,8951,98678,22410,14198
2008,5,29,36441,32160,55226,94008,87975,2402.13,3151,4985,2873,5285,99823,23905,22260
2008,5,30,81195,98715,94154,90876,45217,2402.13,558,4070,3354,9193,53302,28063,20094
2008,5,31,53391,85196,66958,36391,30499,2402.13,638,3291,4146,6198,77298,18473,31988
2008,6,1,95450,24811,31863,70735,40986,1754.57,3281,4699,1272,5508,10206,36366,5768
2008,6,2,86922,6691,34721,76115,76345,1754.57,4504,2892,1093,5894,16790,44433,29137
2008,6,3,41048,91682,74932,71426,68981,1754.57,838,1572,4566,9134,67868,25551,43405
2008,6,4,44396,52502,31604,10668,28010,1754.57,2033,4930,1834,8106,91044,32257,32871
2008,6,5,27243,36901,26502,89688,2796,1754.57,4120,1622,2925,9052,47971,11905,34892
2008,6,6,18809,4738,9039,53376,77014,1754.57,566,2760,1528,6881,48427,23768,43259
2008,6,7,26105,61814,5051,82017,26272,1754.57,625,3513,4347,7126,59552,18494,12447
2008,6,8,8371,10026,28689,51296,19078,1754.57,4552,4237,1396,9894,23964,24761,26660
2008,6,9,98202,69244,12522,43961,46125,1754.57,4081,3580,1890,5483,86949,48088,27301
2008,6,10,67931,17575,51602,33630,91054,1754.57,2123,4423,2531,6558,67070,22960,27507
2008,6,11,23823,46623,27198,5219,51565,1754.57,1331,1117,1650,5204,10078,32881,1163
2008,6,12,18857,60512,71463,74323,32347,1754.57,2410,1134,2337,5974,33905,49742,24764
2008,6,13,84223,36029,99166,21754,83192,1754.57,4713,2013,1132,8262,28583,13478,32588
2008,6,14,89425,24915,79596,26182,66471,1754.57,840,1338,2888,6468,59649,15235,6026
2008,6,15,87993,48412,15512,96682,5128,1754.57,1424,4349,3149,7794,27454,10798,15770
2008,6,16,94530,38520,24707,40091,76783,1754.57,3568,2558,4556,9516,25092,11027,3291
2008,6,17,55542,66860,46355,38431,80089,1754.57,3665,4432,2118,5528,81113,17206,22356
2008,6,18,67650,93890,97948,2152,5832,1754.57,3492,1712,1122,9110,56802,14120,41755
2008,6,19,14193,26724,55967,8750,76240,1754.57,1128,3132,2917,9958,86562,44357,31059
2008,6,20,71190,56580,28790,58308,42109,1754.57,1905,1109,1222,9710,28260,42327,26255
2008,6,21,22960,48105,59040,3233,92656,1754.57,1640,1847,1102,5222,31948,12126,32194
2008,6,22,30017,18077,99641,77934,66911,1754.57,3642,3099,4134,7431,12759,17594,2555
2008,6,23,10038,96017,43704,46534,93574,1754.57,3860,2884,1420,8512,52469,29075,38317
2008,6,24,96446,29110,52276,71714,78068,1754.57,4573,3083,3652,5565,19014,15382,1162
2008,6,25,74472,41011,56367,33606,24794,1754.57,2551,4830,1493,7607,97716,41419,19126
2008,6,26,15924,86577,24304,52344,67181,1754.57,2771,3625,2233,6398,51690,19830,26773
2008,6,27,66974,91264,24736,1978,63181,1754.57,3892,2652,4465,8566,87609,18526,43456
2008,6,28,45736,55162,60442,27229,99121,1754.57,3647,1686,1085,9303,83738,28265,8158
2008,6,29,52428,81510,91891,74662,64260,1754.57,1313,1233,2548,9634,33210,30729,9934
2008,6,30,75857,37103,84734,60323,13713,1754.57,932,4447,3855,6373,86676,42975,22343
2008,7,1,21676,58019,81969,97331,41758,1347.55,4758,4618,3476,8848,20230,28409,10234
2008,7,2,32085,51464,45958,64486,1026,1347.55,694,4480,2771,7016,68192,15862,43039
2008,7,3,2949,27641,10322,65675,30669,1347.55,1556,3695,2667,8524,66026,35776,3298
2008,7,4,78759,15785,25396,13587,56556,1347.55,3347,3639,3440,5318,53125,30817,45626
2008,7,5,63696,9820,85298,57819,26836,1347.55,4284,1135,2482,9222,11809,28150,3491
2008,7,6,87904,98367,96846,31923,66891,1347.55,2699,2000,1078,6198,91938,12566,29224
2008,7,7,5072,286,56555,34864,70943,1347.55,680,1988,1710,7894,17624,29037,26032
2008,7,8,20821,49445,25173,18303,84051,1347.55,2804,3305,1700,9649,20227,34942,36983
2008,7,9,55226,37927,13296,50233,97373,1347.55,3147,3795,1048,9412,70010,42813,5234
2008,7,10,733,35692,60155,52935,3022,1347.55,1971,1614,4757,7143,58495,18807,18962
2008,7,11,10478,21300,23465,62178,97301,1347.55,2120,2525,2970,6790,19110,11695,10045
2008,7,12,32001,37258,46843,53872,28311,1347.55,1684,1606,3896,6390,98328,21917,16854
2008,7,13,8505,46652,12111,43262,20147,1347.55,3421,1258,4608,7570,18316,38260,36958
2008,7,14,61930,6274,90787,76253,33041,1347.55,2947,1622,4857,9198,35264,16344,26249
2008,7,15,67995,98302,69914,36891,21492,1347.55,666,4995,1244,7269,73257,11190,34594
2008,7,16,24227,51679,98367,48835,53564,1347.55,3447,1845,1230,9510,16204,13186,7521
2008,7,17,36834,12397,44580,16691,79890,1347.55,1209,2884,4496,7474,18166,15988,46196
2008,7,18,12068,26287,45984,43312,79908,1347.55,1053,4134,2270,9420,69320,14382,35593
2008,7,19,16941,72768,5384,47086,83353,1347.55,1623,1537,3580,7554,69579,38469,29833
2008,7,20,83751,27141,86354,78247,54615,1347.55,4234,1681,1014,6570,26344,10025,3833
2008,7,21,92163,37399,30512,95786,46819,1347.55,4323,3758,1242,9422,27195,10026,16185
2008,7,22,4539,53820,41546,63119,41374,1347.55,1587,1054,4617,8596,19722,18474,27478
2008,7,23,24478,30309,92266,54596,86879,1347.55,972,1602,1008,7836,15070,19178,18611
2008,7,24,44021,76854,82937,65676,51560,1347.55,2035,2449,1238,8581,35567,38028,26484
2008,7,25,72411,53507,63152,27028,74152,1347.55,1259,3628,4534,9764,53223,32764,49226
2008,7,26,63488,50549,28158,35848,78385,1347.55,550,3756,2540,8636,20783,30451,35688
2008,7,27,80797,7820,52901,77452,52753,1347.55,968,1366,3326,9974,52189,32477,4820
2008,7,28,94209,4802,31107,23743,49679,1347.55,1506,4517,2581,8198,65364,12317,1374
2008,7,29,53056,36742,1074,81949,91055,1347.55,2399,3202,1028,6638,65653,48780,38210
2008,7,30,36472,81133,40295,11150,76116,1347.55,3627,1322,4988,8750,10417,46018,8836
2008,7,31,8119,83276,25536,75701,644,1347.55,3017,3699,3992,5443,51999,11254,7252
2008,8,1,30751,55954,56033,62403,21607,3021.03,934,2739,1458,6375,95206,36645,21165
2008,8,2,86355,81882,66635,93792,8651,3021.03,1910,1925,4540,7610,17852,11791,12653
2008,8,3,31980,78973,72137,3775,30972,3021.03,3778,3073,1688,9810,40476,17446,39887
2008,8,4,57327,72055,36538,68785,98430,3021.03,1782,1136,4976,8416,94927,19942,48096
2008,8,5,51069,96838,46904,55609,90800,3021.03,3752,4131,1148,8990,42905,48471,22177
2008,8,6,12127,56685,76546,7967,26495,3021.03,1764,1454,1779,9316,85309,36560,33374
2008,8,7,42749,7092,37697,89077,95508,3021.03,4054,2928,1636,7309,34888,11890,32625
2008,8,8,79487,34993,92097,46987,7233,3021.03,1810,4359,3037,8355,43677,14294,35002
2008,8,9,88081,85442,51058,9860,80095,3021.03,2771,4194,3458,7638,28270,10644,36367
2008,8,10,49445,88677,18246,95258,95986,3021.03,3222,1823,4478,5238,55162,11711,19487
2008,8,11,91673,16973,47423,99710,71680,3021.03,1945,1111,2892,8002,85970,39338,41100
2008,8,12,54370,48742,28533,14180,65562,3021.03,4496,1910,3182,8198,26615,24167,23155
2008,8,13,73581,74838,82344,94411,31509,3021.03,2473,4532,4477,6247,55593,42508,37506
2008,8,14,77347,22540,18620,86591,56894,3021.03,928,1262,1034,6566,41793,12838,20942
2008,8,15,10319,11291,82954,88501,15385,3021.03,4020,1294,1526,7715,16078,32266,9569
2008,8,16,15221,54905,88151,86050,41152,3021.03,4909,4850,2634,7066,21440,39528,43744
2008,8,17,84470,13722,67143,86856,34534,3021.03,3451,1204,1878,5650,66056,15766,8937
2008,8,18,47326,61429,73631,48084,39144,3021.03,1701,1440,1938,9712,73116,16998,39709
2008,8,19,44948,18026,36967,43934,97906,3021.03,3461,3726,2127,9814,85582,23013,8407
2008,8,20,75893,24034,570,96119,61791,3021.03,4432,1902,4406,8838,73551,33549,16626
2008,8,21,60475,86606,70618,21440,71457,3021.03,3555,2755,3111,8486,76689,42368,10086
2008,8,22,35280,76503,91096,23760,43459,3021.03,3124,4350,2062,7396,31820,28853,26678
2008,8,23,46671,12605,20674,7429,67019,3021.03,978,2493,1668,7947,48932,18638,44225
2008,8,24,38033,72488,17746,32496,49361,3021.03,4864,4639,2289,5959,24750,47099,10787
2008,8,25,92637,87875,82803,9699,67920,3021.03,4903,1894,3579,5576,38370,10597,14623
2008,8,26,36154,45701,38091,33335,23648,3021.03,3324,1680,2213,6070,94175,41573,3375
2008,8,27,63209,35392,42566,66850,51351,3021.03,3949,1382,1542,6751,86389,39461,17316
2008,8,28,27726,7645,70404,71305,49574,3021.03,1902,2078,4474,6344,35412,44474,8775
2008,8,29,39720,53738,56155,31933,6160,3021.03,4858,4367,3425,9722,52569,36127,16682
2008,8,30,16091,66519,46467,87633,63270,3021.03,2094,1998,1851,7708,78651,22776,49208
2008,8,31,22624,60554,24855,93451,96898,3021.03,2924,2968,1454,7030,10094,11498,10268
2008,9,1,91112,38587,61889,39887,91156,1448.77,976,4025,1678,7228,37294,26393,48017
2008,9,2,70704,44642,33245,84553,23293,1448.77,3528,1646,2227,6670,13446,23846,22374
2008,9,3,21255,66416,20555,98037,84021,1448.77,1499,1118,3360,9740,15017,35867,39774
2008,9,4,84109,70994,9894,11295,14603,1448.77,2687,1657,4532,7283,10278,47824,13540
2008,9,5,9657,26091,64374,23237,59421,1448.77,2082,2026,1184,7988,95062,44607,27821
2008,9,6,23763,52914,36091,68475,89006,1448.77,4342,4465,3452,8480,12294,19407,1108
2008,9,7,94127,88447,87417,18660,25731,1448.77,2835,1738,2420,7209,74974,16394,39979
2008,9,8,25030,88410,21571,1969,22399,1448.77,1575,2512,1806,5340,30987,41255,32985
2008,9,9,50125,35330,80722,4929,65917,1448.77,687,1654,1279,8104,78701,28361,31481
2008,9,10,68083,61538,96452,16856,8747,1448.77,1399,1086,1187,5950,68447,14937,21427
2008,9,11,95955,15023,77450,98205,14040,1448.77,4460,1040,1006,6102,14430,26033,8437
2008,9,12,68014,92484,86077,70645,70588,1448.77,4005,1974,2666,7266,71876,17764,31130
2008,9,13,83236,13277,34244,75775,92599,1448.77,711,3552,4064,8160,86757,14455,2691
2008,9,14,92950,76218,44971,53067,62751,1448.77,914,2115,1212,6142,17760,26188,46767
2008,9,15,79010,33118,97562,38029,44927,1448.77,792,4513,4066,6388,20287,41664,19439
2008,9,16,59079,27351,96569,9496,11864,1448.77,3950,4812,1798,5273,57878,38644,33326
2008,9,17,98392,53331,85761,53993,51211,1448.77,1532,1572,4341,8196,84600,14268,19873
2008,9,18,79884,6745,75134,95302,63133,1448.77,3317,3563,4123,9886,64410,15926,11774
2008,9,19,83212,38361,55799,59107,89986,1448.77,4102,3376,4711,6214,58720,17274,30030
2008,9,20,36087,55253,13847,5429,49347,1448.77,1048,1172,1590,7533,40883,34675,48447
2008,9,21,39307,44201,39591,94783,44087,1448.77,768,3650,2360,7919,19108,48698,4001
2008,9,22,64301,33211,37075,64012,49426,1448.77,2637,1863,3751,5962,23643,49449,12148
2008,9,23,59930,59692,95032,81473,87226,1448.77,2499,2883,1974,8386,37665,40553,35915
2008,9,24,26090,99787,84204,84802,17706,1448.77,3499,3357,2873,6926,78720,18454,3312
2008,9,25,15426,26359,20515,99177,87842,1448.77,3626,4123,1678,7324,61947,23778,44158
2008,9,26,95924,44447,66662,92390,82888,1448.77,2942,3976,4113,7004,10129,38170,4328
2008,9,27,53161,59982,52880,6035,63260,1448.77,4684,3684,2957,5198,94212,12151,31600
2008,9,28,5709,42839,42627,25910,2848,1448.77,4687,3770,1514,6348,15034,14610,20926
2008,9,29,37028,40455,89939,57493,90305,1448.77,2014,3464,1400,9796,65850,39659,1238
2008,9,30,12846,6888,34696,87155,68438,1448.77,657,4145,3098,8283,16406,40946,28909
2008,10,1,66094,6069,10932,98795,13581,1469.68,2173,1578,1831,6018,60691,48251,41894
2008,10,2,38033,20508,74652,19279,2711,1469.68,2123,4597,1462,5629,94386,44266,14312
2008,10,3,1288,68533,82366,25923,84939,1469.68,1483,2384,2083,8766,82530,25664,39664
2008,10,4,90661,34704,96052,72492,77074,1469.68,742,1846,4953,5394,50736,12663,23095
2008,10,5,76058,99212,22261,57768,34841,1469.68,2034,2479,1531,6078,78402,11314,33000
2008,10,6,56767,49886,86558,68850,48652,1469.68,865,1336,1214,6546,44507,47216,19088
2008,10,7,96363,15250,28675,6317,76996,1469.68,3979,4404,4973,7592,27172,29814,29411
2008,10,8,90592,95559,82294,8475,62662,1469.68,2647,1568,1932,8420,20980,41936,27048
2008,10,9,83293,31847,63952,19788,55115,1469.68,3356,1477,1110,8150,74145,33407,8459
2008,10,10,57794,9477,2813,52767,83421,1469.68,3932,1482,3246,7578,98837,37259,46337
2008,10,11,74626,26486,89391,17911,57043,1469.68,1198,1686,2216,5078,76474,13683,10371
2008,10,12,14961,9831,81513,55021,88213,1469.68,3427,1005,1485,7591,98772,14906,5658
2008,10,13,70280,14057,55270,28526,11635,1469.68,2136,1260,3296,6134,16710,20338,20460
2008,10,14,81898,46721,27025,40466,36870,1469.68,4148,1829,1032,5660,13708,34245,19851
2008,10,15,7670,11630,96603,89156,19221,1469.68,4061,1714,1576,5682,50729,37417,11727
2008,10,16,96142,32867,40030,25790,20745,1469.68,1127,3993,2271,9504,59459,44141,10552
2008,10,17,75707,29960,12323,21740,81973,1469.68,2336,1996,2153,8938,95148,32725,35525
2008,10,18,80666,65562,4930,6449,7597,1469.68,898,1574,4877,8214,45879,25621,5660
2008,10,19,60799,58359,44616,84423,14215,1469.68,3563,4921,1737,7237,28012,15061,20427
2008,10,20,92762,349,71056,56267,85639,1469.68,698,1303,3117,9046,89103,11436,32556
2008,10,21,32285,49322,92155,37162,65921,1469.68,2783,3070,2744,7510,27492,26958,38034
2008,10,22,60529,72408,33232,27266,29646,1469.68,2327,3758,2943,9734,11377,13582,11244
2008,10,23,62290,83074,29886,26759,59699,1469.68,2471,1983,1014,7894,29144,16934,35342
2008,10,24,29012,8280,26357,41756,48382,1469.68,598,3909,2608,8297,52527,38605,20202
2008,10,25,79542,61207,43717,57485,40941,1469.68,2418,3229,4518,7304,46340,14216,5094
2008,10,26,18998,28812,22552,20012,36142,1469.68,3297,1294,1327,6005,23260,41061,18049
2008,10,27,16207,24679,49971,58816,42977,1469.68,3772,3869,1030,7488,96353,37347,18850
2008,10,28,78934,33773,56930,33452,17429,1469.68,4020,2777,3432,6571,72788,34574,3270
2008,10,29,54620,92438,66080,47300,38443,1469.68,3360,4649,1510,9374,29816,23346,5692
2008,10,30,73533,93589,12216,69940,17430,1469.68,3639,1362,1718,9238,46166,42472,24921
2008,10,31,83838,10187,45250,48622,13110,1469.68,3195,4081,3178,9274,31380,31621,34390
2008,11,1,36093,52623,35337,7127,82439,2653.53,2010,2378,2249,6614,26159,28521,25035
2008,11,2,6942,22523,53567,87510,85041,2653.53,2698,1578,2640,6319,24687,16772,46039
2008,11,3,69516,8769,1561,85142,56501,2653.53,1459,3944,2155,8147,32423,15270,49534
2008,11,4,83182,29434,59676,36783,29088,2653.53,618,1028,4709,8870,23537,19508,35836
2008,11,5,31261,27588,21328,55253,63908,2653.53,3634,4774,1135,6214,51267,43987,12367
2008,11,6,31080,57728,69285,83235,15875,2653.53,531,1662,2492,6902,52190,26580,1708
2008,11,7,96042,83847,12609,20751,52717,2653.53,1851,1346,1510,8178,55581,10344,2499
2008,11,8,30546,85568,10119,18033,17114,2653.53,3371,4544,1890,8024,64130,17691,11387
2008,11,9,82067,14662,83100,29560,41221,2653.53,2491,2261,1982,5834,74364,18258,1643
2008,11,10,20302,37568,4887,16740,22099,2653.53,2083,3995,2387,7118,13546,45852,26820
2008,11,11,81293,81751,60398,33110,62111,2653.53,800,4176,1092,8374,90087,46761,24528
2008,11,12,68247,28931,50375,3735,80383,2653.53,4643,2035,3658,5881,33774,12246,41091
2008,11,13,39054,27211,69752,17793,30765,2653.53,3644,3408,1232,6438,61517,33342,23131
2008,11,14,14922,78670,93872,86815,78922,2653.53,3575,2167,2889,7908,67254,19256,33959
2008,11,15,91393,8250,26659,70051,70484,2653.53,2158,4536,3995,6909,27328,17926,26786
2008,11,16,46392,40973,79520,17624,47719,2653.53,2318,3991,2409,9582,65805,31331,7389
2008,11,17,61500,49381,94851,74389,99682,2653.53,4011,1073,1706,7022,77475,14388,28457
2008,11,18,3808,64634,66726,7803,37895,2653.53,540,1284,2729,9578,34613,15447,10406
2008,11,19,28525,1932,94439,80934,79473,2653.53,3616,1952,1960,6944,15360,42009,10244
2008,11,20,18276,15724,49435,4982,42746,2653.53,3522,2904,2895,6426,70706,45790,26911
2008,11,21,72005,45972,62780,39735,17108,2653.53,754,1983,4323,5972,59269,45147,47393
2008,11,22,26216,87886,36120,68544,27705,2653.53,552,1970,3554,9986,67313,42652,17832
2008,11,23,3249,45837,5557,11145,7436,2653.53,3286,1594,4938,6065,35526,22046,42616
2008,11,24,33459,7060,50382,49134,89384,2653.53,4281,1951,2536,6550,16118,41592,9651
2008,11,25,48232,11047,87573,48138,87385,2653.53,789,1276,2074,5406,18129,40861,4887
2008,11,26,5314,91416,36654,60252,27481,2653.53,3649,2290,1943,9031,26424,10678,38532
2008,11,27,8682,87058,33278,22570,83810,2653.53,4162,3392,1169,8086,96529,14906,33772
2008,11,28,39325,3672,55540,56399,16370,2653.53,2260,1682,1435,8790,98285,25267,23669
2008,11,29,38798,46936,2559,67093,45967,2653.53,3418,2008,3743,8048,93569,32552,45335
2008,11,30,68172,74084,80945,45694,42170,2653.53,599,2846,2496,9990,54244,13865,27474
2008,12,1,67857,51900,53946,34475,50186,2339.03,4623,2120,3122,6715,43086,19626,45565
2008,12,2,41486,30438,24904,59534,24007,2339.03,2705,4441,4751,6806,56611,48577,7456
2008,12,3,350,70810,46074,82840,25054,2339.03,708,4262,1838,5646,60088,12023,9940
2008,12,4,21211,49712,75496,35686,22779,2339.03,996,4263,1514,6502,40149,11468,34934
2008,12,5,94205,67855,20172,48957,57605,2339.03,2533,2953,3943,7222,57144,10706,43135
2008,12,6,19898,12494,30963,48089,54492,2339.03,1463,1412,2113,7866,11386,29891,41051
2008,12,7,36893,23233,44156,18616,59982,2339.03,4345,1084,3510,9042,19493,42466,34305
2008,12,8,37651,33379,420,1594,93338,2339.03,1941,3234,1408,8522,77674,40899,7564
2008,12,9,45307,4139,32953,2421,6098,2339.03,2311,4341,3923,5646,77957,10256,44340
2008,12,10,43475,18655,30794,11985,63171,2339.03,802,2172,1718,9838,35117,43354,16640
2008,12,11,45137,58411,22942,47897,12667,2339.03,618,2973,4753,8100,76745,27202,1242
2008,12,12,98792,59057,2897,82715,18228,2339.03,4322,1701,1728,7990,90038,29029,30854
2008,12,13,56755,60841,12554,73125,48415,2339.03,2830,3550,1080,5771,57799,18747,47671
2008,12,14,22740,62947,93073,43845,1047,2339.03,1047,4837,3873,7896,98903,13452,19818
2008,12,15,71149,74578,25155,87008,81046,2339.03,2388,2799,2384,9892,27275,40798,31545
2008,12,16,42612,10107,50702,65044,32230,2339.03,3790,4968,2798,6862,98813,10404,24853
2008,12,17,46680,86213,5035,91906,76508,2339.03,724,2655,1219,6863,51014,42264,20291
2008,12,18,28408,33403,46417,20793,44696,2339.03,2942,3658,1262,10000,68701,48731,23692
2008,12,19,69848,52493,20052,57647,45707,2339.03,2843,3738,1428,8468,10438,47935,18865
2008,12,20,20872,56001,61943,32092,52865,2339.03,4355,2623,2710,7123,18415,23757,12957
2008,12,21,60816,12711,27416,77317,57706,2339.03,1047,2553,4961,6099,12478,27019,46118
2008,12,22,81316,80747,35758,19097,81328,2339.03,2031,2199,3753,5326,50642,27969,36401
2008,12,23,24635,91350,75593,3698,78474,2339.03,2454,1290,3070,9750,49308,47127,10361
2008,12,24,67340,75357,41033,48653,37808,2339.03,671,4122,4681,5746,38218,21009,42584
2008,12,25,47830,71603,39561,72935,66929,2339.03,903,1562,2903,5706,95259,42728,40203
2008,12,26,53209,39067,48369,92631,10289,2339.03,4757,2627,4385,6390,42631,27192,47678
2008,12,27,89726,18303,46315,29408,29732,2339.03,842,3913,2487,9976,83199,11544,1782
2008,12,28,96531,34104,63682,10786,93304,2339.03,3514,2863,4359,7558,55493,24647,8942
2008,12,29,65912,61603,2275,71649,92393,2339.03,3840,3470,4559,6058,27877,25643,44906
2008,12,30,78745,94646,19557,51232,974,2339.03,3350,3855,3210,7031,24640,12865,2756
2008,12,31,62325,28155,25729,76684,96390,2339.03,1330,3652,4176,9956,50301,17920,47574
2009,1,1,65494,66391,60774,27001,10620,2619.77,744,1616,2324,6664,22589,41431,36417
2009,1,2,96678,52797,94643,62,77438,2619.77,3737,1943,4588,5421,34684,47161,23860
2009,1,3,73104,13338,56338,93061,79991,2619.77,4273,1962,2000,5622,72484,33972,40611
2009,1,4,54167,94581,55589,76491,67909,2619.77,2922,1884,2326,8916,97350,41115,44531
2009,1,5,2776,76089,79412,18716,31510,2619.77,877,4612,3784,8566,14024,40126,14096
2009,1,6,29177,4651,85611,52530,72401,2619.77,1501,1567,4026,8386,19409,13174,24447
2009,1,7,52972,53684,50577,16651,82600,2619.77,4117,1727,4014,7066,36794,21875,47927
2009,1,8,83977,52672,92841,44113,57591,2619.77,4239,3118,2866,9849,55647,17718,6865
2009,1,9,60648,42149,26835,46026,591,2619.77,4312,4913,1279,6240,86563,48878,12596
2009,1,10,14167,60682,16958,54534,30562,2619.77,2760,4537,2775,5600,58650,30365,3753
2009,1,11,58818,59242,83485,86684,29091,2619.77,3302,4737,3984,6488,52114,14574,5484
2009,1,12,9085,51427,840,25364,17667,2619.77,593,3185,4436,7551,19070,11349,37404
2009,1,13,27656,61831,25888,50431,97432,2619.77,2148,1248,1110,6984,59283,11154,1790
2009,1,14,2468,62587,11662,16452,9075,2619.77,2377,4510,1554,8217,59873,15572,13776
2009,1,15,51973,468,30110,32761,58019,2619.77,4109,2025,1010,6348,52455,24793,49180
2009,1,16,3590,15956,81042,80072,62940,2619.77,643,1658,1238,7322,98210,11041,6677
2009,1,17,77433,45589,95552,25339,10158,2619.77,910,3481,1794,8230,11241,30262,5426
2009,1,18,70200,71703,48640,97562,58052,2619.77,2354,2992,2050,9747,58064,46341,1095
2009,1,19,92777,60060,78101,28391,73717,2619.77,4431,2500,3251,5370,18390,48408,26312
2009,1,20,73113,101,26890,29005,37473,2619.77,618,4024,1184,8524,21585,19094,4483
2009,1,21,41704,43941,78581,75106,80040,2619.77,1447,2815,3055,9547,19446,12522,2997
2009,1,22,42211,6990,86976,80462,24677,2619.77,914,2788,1266,8470,43144,12790,46166
2009,1,23,42945,18763,74115,85482,59372,2619.77,1068,2427,1994,8070,17778,19134,45701
2009,1,24,33997,80332,25200,63405,46232,2619.77,2879,4793,1098,9855,85255,40775,42758
2009,1,25,66021,30477,88564,78639,18940,2619.77,3729,1883,1822,9195,63716,26194,31709
2009,1,26,31248,49786,59974,3592,47138,2619.77,975,2486,1092,9462,77242,28124,18858
2009,1,27,40284,60122,32918,6382,29977,2619.77,2156,2349,1398,5720,14688,33940,18173
2009,1,28,17429,52421,62176,84251,71617,2619.77,1796,4215,2029,6769,22807,11046,25893
2009,1,29,71980,78783,53005,37521,76309,2619.77,1996,1591,1502,9836,22972,36696,30247
2009,1,30,49439,20130,65398,14440,22202,2619.77,4731,4629,1509,6526,40231,13125,22738
2009,1,31,35503,83381,32342,43884,86502,2619.77,4402,3480,1158,8758,12352,42942,21501
2009,2,1,94349,59534,5726,9263,98858,3535.89,982,1382,1056,5843,57539,29612,8774
2009,2,2,36927,13521,71122,30185,70105,3535.89,2039,3484,2940,9126,39985,17790,34248
2009,2,3,41677,98467,71075,26788,10819,3535.89,792,1519,4901,7869,47133,38758,14017
2009,2,4,22995,22186,24098,63518,28029,3535.89,3129,4954,1509,8512,11490,47965,47989
2009,2,5,64851,9882,51450,14143,52157,3535.89,4934,1542,4900,6008,36971,17071,41435
2009,2,6,36377,79116,54943,26278,43337,3535.89,710,1331,4260,5484,46200,18640,2076
2009,2,7,53474,39331,49947,81335,19934,3535.89,4299,1135,4022,6054,15277,12366,27789
2009,2,8,38535,66564,82715,28436,72572,3535.89,1858,1226,3801,6800,51576,42138,19687
2009,2,9,18876,66612,24822,59488,38449,3535.89,4479,3273,1703,6286,89607,46636,21022
2009,2,10,88566,85259,47772,8940,32359,3535.89,1006,1794,1936,7832,15679,34886,29401
2009,2,11,83871,77538,60186,99024,10690,3535.89,2513,4564,4725,9366,10816,33173,11762
2009,2,12,69709,49883,41447,96412,77012,3535.89,3048,1929,4015,7171,90868,31373,47406
2009,2,13,86573,72339,68618,32536,36523,3535.89,3774,1598,3186,7928,19415,38876,34298
2009,2,14,72074,93282,18441,66799,75616,3535.89,1323,1322,1430,7769,41735,33442,40197
2009,2,15,21527,1136,65372,70542,8307,3535.89,1914,4878,4929,8646,43766,31451,22592
2009,2,16,21181,43893,1844,99368,87852,3535.89,3243,4924,1794,6080,43074,22859,37612
2009,2,17,63232,59398,84536,86015,33519,3535.89,4456,1718,3757,9502,25585,16574,42623
2009,2,18,23771,93852,63295,85053,30736,3535.89,1503,1915,3656,9408,51282,21507,23413
2009,2,19,22311,39526,47785,69555,78914,3535.89,3765,2144,1608,6610,28158,17398,40859
2009,2,20,35923,13967,71524,79680,81498,3535.89,3095,1620,2312,7741,13354,38047,47109
2009,2,21,67506,73176,89963,51162,57875,3535.89,4020,1536,3474,6322,66090,42387,7598
2009,2,22,10368,74857,50885,76976,84509,3535.89,3453,1754,1436,9962,16462,14430,45395
2009,2,23,78438,80910,28831,85750,25003,3535.89,3796,3859,1270,7670,76372,32904,35503
2009,2,24,87708,15394,79442,17535,18550,3535.89,4921,1102,3091,6510,22243,37600,11884
2009,2,25,72553,32050,74384,98266,97026,3535.89,960,1878,3107,5334,77563,29461,7198
2009,2,26,86161,1360,38322,27543,47823,3535.89,904,1881,1438,6240,69415,31340,14694
2009,2,27,68124,79338,26609,37568,56495,3535.89,698,1622,1812,5902,43663,44278,48853
2009,2,28,73100,49140,86094,77559,16150,3535.89,2020,3661,1368,6802,46204,29190,13657
2009,3,1,56652,97424,39178,79244,66840,2464.06,2366,2528,2125,5170,35374,12329,20518
2009,3,2,92805,80774,93231,58707,24437,2464.06,1806,4927,4954,9364,12162,19962,3862
2009,3,3,32737,41091,51331,94430,87295,2464.06,2168,3945,4296,5404,39540,27487,46873
2009,3,4,63215,3259,56368,10340,4545,2464.06,2669,2348,3866,9034,56055,29655,41742
2009,3,5,36113,4214,35935,42419,29930,2464.06,2381,2666,4453,7432,73447,36747,8364
2009,3,6,76937,76968,47045,71233,19665,2464.06,638,2878,4842,5782,19150,44386,36585
2009,3,7,29532,32240,91736,18399,80843,2464.06,4405,1955,3355,5574,75725,48284,14143
2009,3,8,58703,88107,77303,58156,68171,2464.06,1254,1846,4069,8298,32690,13734,17103
2009,3,9,11235,97762,62965,1078,35552,2464.06,1815,1462,1125,9902,99832,15814,22535
2009,3,10,84045,80590,35276,68752,80930,2464.06,2036,1976,1866,5590,30491,33629,11001
2009,3,11,27793,91746,28736,88215,16397,2464.06,1948,2630,1086,5086,28707,27441,27778
2009,3,12,20152,40524,92524,57629,60426,2464.06,4596,1654,4297,9854,29573,36578,8709
2009,3,13,38577,12962,42563,54036,73653,2464.06,4016,2796,1150,5512,12030,47546,23054
2009,3,14,76881,74311,25178,68771,21928,2464.06,1211,2078,2111,8734,99706,15586,20237
2009,3,15,13795,75656,64712,19445,86879,2464.06,1022,1846,3598,9882,95841,13602,10637
2009,3,16,54342,49858,31399,35493,48961,2464.06,4390,1690,3071,9144,94610,49998,3762
2009,3,17,61157,90822,8429,88268,95909,2464.06,2156,1054,1206,6448,45498,13518,8136
2009,3,18,83857,67874,45180,23807,49162,2464.06,2408,3503,2230,5158,55347,12390,41021
2009,3,19,55272,4738,98384,83344,95658,2464.06,4693,1813,1406,8958,61432,12427,42994
2009,3,20,98962,69942,38482,99104,43161,2464.06,2475,2016,4557,7654,50822,33718,1362
2009,3,21,5028,4583,37222,12258,6094,2464.06,3447,1364,3658,6374,61059,18640,42569
2009,3,22,76177,27106,82481,92696,1580,2464.06,518,1090,3853,9955,99643,14038,43913
2009,3,23,76640,2119,383,61197,66126,2464.06,4915,1152,2139,8574,83409,44584,17558
2009,3,24,41058,68209,55950,54716,51392,2464.06,4030,3919,4113,5734,52966,45692,17009
2009,3,25,6775,74441,62585,36981,34396,2464.06,3994,1035,1406,5894,88583,13175,12228
2009,3,26,78286,83499,34328,66778,31988,2464.06,1361,3044,3648,7334,44111,36391,34089
2009,3,27,67024,8142,30311,27489,71004,2464.06,3181,4129,4068,8498,31109,16938,49629
2009,3,28,14346,41456,35852,95044,52185,2464.06,4570,1821,4285,8897,13598,12554,40787
2009,3,29,59338,91313,45669,77986,24975,2464.06,729,3349,4272,7391,35838,13086,39780
2009,3,30,27021,9020,95757,1089,77489,2464.06,904,1833,4673,8107,12942,12866,43219
2009,3,31,18895,77799,32,43180,3048,2464.06,803,2384,1293,5914,56722,12620,29982
2009,4,1,53804,70970,65523,81195,6808,1708.33,3214,2178,4257,5655,19344,22475,17150
2009,4,2,51560,17853,7150,29668,21082,1708.33,4913,1918,1741,8092,18279,13456,10359
2009,4,3,40248,97016,44369,1719,53738,1708.33,4320,2540,4310,9622,10184,18022,6989
2009,4,4,34696,13302,49649,13953,38957,1708.33,2780,1868,3519,6281,36535,14600,25668
2009,4,5,52992,1449,46185,29734,25893,1708.33,1456,1139,1478,6662,84209,31568,14464
2009,4,6,4166,69882,55461,98476,21076,1708.33,944,2122,1678,7806,86074,29157,10548
2009,4,7,57612,55207,52378,51132,31488,1708.33,2083,4479,1712,8267,30564,48956,5265
2009,4,8,92731,83373,31448,70562,64197,1708.33,2129,4713,1889,7892,99540,39316,32009
2009,4,9,34490,15486,11439,24691,97430,1708.33,826,1393,4071,8929,22524,16911,13866
2009,4,10,44194,4608,1391,67259,32876,1708.33,1214,1957,1678,8038,12518,12226,48307
2009,4,11,96023,31000,96941,97913,4942,1708.33,3580,1574,3317,5019,96824,42099,46481
2009,4,12,78885,83376,13493,64308,22305,1708.33,1218,1498,1975,8960,33756,39850,36017
2009,4,13,47267,66323,48161,78945,30337,1708.33,1171,1359,3030,8111,40623,29323,27031
2009,4,14,944,10556,1458,29262,75575,1708.33,1360,4458,1656,9702,18766,20313,48282
2009,4,15,37221,16337,86812,94196,15298,1708.33,806,2563,1889,9830,41508,33578,20568
2009,4,16,41941,49032,76290,66323,53495,1708.33,645,4437,3819,6918,15350,19394,33265
2009,4,17,11736,87763,90205,9745,88967,1708.33,526,2538,1659,6868,53086,13922,25323
2009,4,18,53788,53485,19520,57029,34747,1708.33,606,1686,1410,6895,59361,46256,27380
2009,4,19,160,71359,50695,43980,84814,1708.33,4725,1548,4859,9929,12594,10177,17097
2009,4,20,95253,36350,2717,36912,69570,1708.33,3867,4708,1286,9738,96737,10384,5803
2009,4,21,23471,87344,53423,66233,70592,1708.33,2489,2102,4142,9535,31081,35307,12784
2009,4,22,12984,10807,81856,84195,80737,1708.33,4372,2340,2201,6890,45603,43123,4501
2009,4,23,35595,55823,82832,61233,85561,1708.33,2968,1558,3264,7742,91615,15450,29569
2009,4,24,36879,70457,40958,37373,99992,1708.33,2679,2974,4197,9078,97169,46285,38392
2009,4,25,25387,57894,4978,82589,21334,1708.33,711,1927,1402,8542,34511,16640,1172
2009,4,26,4464,88832,33698,87728,12926,1708.33,1582,4803,1546,8891,87175,12111,25313
2009,4,27,87283,9855,41439,2833,30742,1708.33,948,2479,2852,7302,71419,17494,4960
2009,4,28,71028,97131,23817,77431,22026,1708.33,745,2840,3510,9442,30567,26435,24680
2009,4,29,61108,88502,42592,73228,87393,1708.33,1691,1027,1956,6268,93859,12294,29767
2009,4,30,14441,9329,75546,27293,29776,1708.33,4181,2155,1818,7997,10937,48824,46966
2009,5,1,96683,41665,88891,32477,88584,2332.06,4935,2084,4268,9515,80829,20387,31678
2009,5,2,1207,71857,26361,60688,82068,2332.06,538,1395,1323,8771,37523,34640,45779
2009,5,3,29305,71031,45089,47302,81968,2332.06,2681,1398,1929,6314,43829,13738,10265
2009,5,4,43249,53766,83950,67518,69633,2332.06,2904,1686,4338,10006,47877,11310,31131
2009,5,5,26395,23005,59153,64070,58128,2332.06,3710,2431,4057,5110,51084,32376,13028
2009,5,6,70415,23766,77378,88696,85337,2332.06,560,3584,1324,5861,12453,10956,21208
2009,5,7,93344,66710,48147,62682,47326,2332.06,4086,1286,1546,6486,54141,43506,46024
2009,5,8,2619,19204,80938,86676,29354,2332.06,818,4767,2138,5572,19290,14958,32022
2009,5,9,341,16728,2411,8017,28941,2332.06,3972,2283,2925,6950,84964,11603,31217
2009,5,10,29494,99051,68027,64873,88641,2332.06,3378,2610,2722,5667,10638,37075,38520
2009,5,11,4041,96043,3196,76179,58824,2332.06,886,1042,1089,8767,83532,20029,24363
2009,5,12,16336,68858,92313,30613,2328,2332.06,3567,3173,2678,6594,13045,47670,27277
2009,5,13,15114,87777,21634,72837,59796,2332.06,1263,3836,3313,5810,56366,13982,32272
2009,5,14,20173,6372,79005,61262,91491,2332.06,2642,2825,2746,9954,38437,16425,28890
2009,5,15,33583,47006,14599,42613,39952,2332.06,1635,1174,1772,8268,44252,41567,43997
2009,5,16,10540,36869,71756,55205,32679,2332.06,3692,4203,1700,8108,30464,42335,28123
2009,5,17,49291,94460,50161,13389,34414,2332.06,4813,4348,3306,6182,43312,16524,4950
2009,5,18,54761,99948,63323,2885,94568,2332.06,803,1846,1598,5128,76662,19660,23927
2009,5,19,10682,51708,79029,61527,22109,2332.06,882,1398,1242,6725,84786,21069,25845
2009,5,20,8027,80952,55418,76334,8068,2332.06,4590,2827,1238,7912,82063,19202,48730
2009,5,21,88192,92868,31056,65338,75427,2332.06,678,2459,4424,8822,80337,31532,7718
2009,5,22,96388,551,69283,33043,3628,2332.06,4111,1653,2724,5880,87986,25791,20421
2009,5,23,90963,72578,54972,5992,36842,2332.06,587,1384,4901,5998,13454,21679,37035
2009,5,24,70713,98237,24139,46489,68780,2332.06,4373,1518,2729,8694,14560,41356,20828
2009,5,25,429,35025,69363,68153,10905,2332.06,600,1866,1277,5266,24209,49471,7349
2009,5,26,68654,56150,40856,98555,19144,2332.06,1586,1207,2166,7076,69048,47297,13930
2009,5,27,97905,13422,45168,51986,59781,2332.06,3342,1734,4751,9056,44712,22008,9728
2009,5,28,52757,21361,23875,99035,36627,2332.06,4857,1631,1180,8286,36538,39728,14437
2009,5,29,35995,73125,62289,14513,50201,2332.06,1809,4456,1109,6976,16442,20889,31337
2009,5,30,83056,26137,97451,94160,5193,2332.06,1167,2948,4874,6393,73334,32853,8515
2009,5,31,37182,88192,54485,57767,60257,2332.06,3847,2602,1006,6135,27114,30699,41023
2009,6,1,5276,11508,68581,28604,44302,1994.6,1658,1778,3271,8706,91981,11786,5822
2009,6,2,54689,49931,41661,27435,39617,1994.6,4615,2808,1430,9558,17694,10926,40866
2009,6,3,36230,17019,33224,12365,60485,1994.6,1187,1528,1781,9022,94362,36083,13923
2009,6,4,26941,22373,22873,30213,44543,1994.6,1998,1174,4784,5110,43016,17630,14855
2009,6,5,40877,7633,48561,2579,30015,1994.6,614,2595,1346,8525,11311,46830,19329
2009,6,6,68800,47499,28942,60582,84970,1994.6,3016,1909,2028,5888,58473,22922,23304
2009,6,7,50743,66824,38505,31879,16835,1994.6,2631,4062,4153,7543,76640,35519,31522
2009,6,8,86873,31943,18115,73219,36821,1994.6,1401,1248,3275,5342,82552,28244,45778
2009,6,9,4999,95569,6506,83379,47810,1994.6,1300,3551,1802,9318,46782,14988,14980
2009,6,10,42678,15766,39051,48183,33309,1994.6,998,1532,3985,8167,26103,17157,32043
2009,6,11,80297,62505,22777,73572,44199,1994.6,3167,1106,2249,8270,48926,15058,5330
2009,6,12,56005,71579,79963,4159,32736,1994.6,4147,1678,3861,9108,39947,17052,26745
2009,6,13,56593,40001,45055,36930,74521,1994.6,4086,4816,1462,6862,44740,44211,21158
2009,6,14,98544,29260,76113,15794,20285,1994.6,851,2640,2969,7165,96799,45704,41391
2009,6,15,20262,82299,37469,79123,6848,1994.6,2644,3439,3768,5406,12086,16586,27416
2009,6,16,20208,54455,79457,70221,47670,1994.6,783,1212,3456,6895,78357,40092,24197
2009,6,17,98287,75562,82734,27608,52727,1994.6,3311,2988,3182,7131,68462,35029,45885
2009,6,18,4548,56107,48470,54668,5157,1994.6,2955,1715,2002,9674,11935,33665,15190
2009,6,19,82961,9072,46230,36417,82319,1994.6,1508,1956,1254,5593,24563,19226,24588
2009,6,20,21478,97875,42215,99660,25007,1994.6,4689,1820,4487,9510,18614,18606,27030
2009,6,21,31052,79880,62712,67048,38643,1994.6,712,1602,1270,6942,58018,32388,41000
2009,6,22,37882,880,79346,38030,26473,1994.6,2255,2950,3135,5822,63961,18996,3909
2009,6,23,92852,65003,21751,92339,14513,1994.6,3334,1916,3553,6046,28963,14400,38675
2009,6,24,67046,96029,95151,83468,9323,1994.6,855,2203,1626,5200,12742,46872,3169
2009,6,25,65462,8840,61175,99949,91014,1994.6,4441,1798,1174,9598,92555,21002,25136
2009,6,26,36218,22242,82919,54771,14640,1994.6,3317,3036,4262,6944,81503,33584,28235
2009,6,27,92989,47360,80788,79740,8912,1994.6,2963,1458,2562,8284,90672,14928,32372
2009,6,28,95626,66466,15145,2116,64009,1994.6,3117,1870,1293,9582,71347,10932,7700
2009,6,29,50623,99666,58970,91237,39485,1994.6,4820,3824,1080,7866,44916,29447,6825
2009,6,30,20683,37880,36524,28245,8370,1994.6,3172,3994,3661,8317,12228,24022,27197
2009,7,1,45579,74248,45014,67967,45596,2657.03,4940,1612,1267,6176,17686,38091,5947
2009,7,2,67349,66274,58628,5660,11190,2657.03,1341,4068,2301,9182,73789,13734,4427
2009,7,3,14111,77784,10864,88780,245,2657.03,1148,1656,4132,6161,30141,18938,34886
2009,7,4,38460,81435,66340,36079,23963,2657.03,4170,1311,1126,9149,96970,27602,33789
2009,7,5,69928,39665,43023,27229,94251,2657.03,3078,4712,4595,8941,13492,44840,16813
2009,7,6,23827,993,57016,82959,33506,2657.03,4038,1965,4942,6182,16096,17820,3509
2009,7,7,54166,98566,16569,20579,47715,2657.03,3180,3993,4554,9694,61222,30156,29891
2009,7,8,74368,89301,4870,68963,44594,2657.03,646,3419,4353,7052,67729,11462,18362
2009,7,9,57031,71768,41176,58325,58498,2657.03,2229,4014,4136,5078,49593,28203,15572
2009,7,10,46393,64126,62197,15947,21681,2657.03,1103,1047,1718,7324,81362,40015,39771
2009,7,11,35686,77869,74787,71391,31391,2657.03,600,4772,1987,7134,63096,10978,8869
2009,7,12,47348,46679,34500,11484,46828,2657.03,1038,3219,4569,8235,25518,36250,1810
2009,7,13,58006,37974,98650,19781,55298,2657.03,4795,2334,2880,7542,78724,11254,30012
2009,7,14,59803,35677,10395,6790,17453,2657.03,2274,1151,1520,6260,17984,49700,39843
2009,7,15,63570,65026,9272,44491,99613,2657.03,2092,3970,4114,5742,93750,44411,34790
2009,7,16,42106,3546,68098,16338,20832,2657.03,1959,1276,2498,8705,87423,16302,46822
2009,7,17,38549,16050,97455,75069,95527,2657.03,4768,4095,1466,6422,19937,37431,6442
2009,7,18,35182,67031,61402,24297,29125,2657.03,542,1229,1846,6324,87567,45880,5152
2009,7,19,16331,25879,92866,15181,74585,2657.03,1483,3132,4041,5289,18238,24567,46641
2009,7,20,51731,95674,83663,39549,96066,2657.03,1979,2598,1982,8380,71894,16106,19953
2009,7,21,59884,73307,3688,51285,26464,2657.03,2164,2793,3485,6381,74326,16148,41255
2009,7,22,53023,5810,37554,82064,51099,2657.03,1631,4180,2778,6645,58728,33843,42106
2009,7,23,26598,2061,97795,29932,6793,2657.03,1037,1676,4346,6077,17960,35809,19689
2009,7,24,57332,81477,44956,90817,37858,2657.03,978,2231,1442,5590,11304,17794,19282
2009,7,25,94897,12279,28073,49027,35276,2657.03,4222,3225,1766,7016,16322,12005,3153
2009,7,26,83057,70547,95034,42404,36624,2657.03,3212,1254,1652,9519,17475,15030,29346
2009,7,27,25153,32713,72263,66595,1856,2657.03,982,3103,1539,9910,62129,16342,27910
2009,7,28,23064,77704,36392,44628,74720,2657.03,2984,2776,2798,8017,16531,34421,10901
2009,7,29,97363,61096,11080,24536,50616,2657.03,918,1544,2619,8180,58714,29474,28555
2009,7,30,72442,50553,8930,95333,70464,2657.03,3498,4878,3762,6242,70857,39833,21059
2009,7,31,67143,60195,13962,14941,44564,2657.03,713,1926,1588,6298,82813,17120,30493
2009,8,1,88732,50675,65671,83264,25741,2840.35,2056,1293,1730,7388,63108,15680,11497
2009,8,2,37240,89339,22950,59834,60196,2840.35,1975,1586,3096,8267,64953,23589,12784
2009,8,3,90333,23232,31530,33477,22397,2840.35,1527,1128,2110,7108,10743,32851,6437
2009,8,4,81398,82801,75497,51823,66541,2840.35,1010,1118,2942,8959,79964,17986,38605
2009,8,5,28095,23292,41232,21192,81559,2840.35,1132,1890,1544,5332,21719,34515,22537
2009,8,6,15450,43247,11996,72560,46797,2840.35,1762,3193,1891,7258,96368,38431,22740
2009,8,7,85863,38731,24916,30157,4042,2840.35,4646,2136,3171,8946,69679,26081,4880
2009,8,8,14766,30812,97973,76885,39825,2840.35,1399,1122,4289,6800,44184,42437,36044
2009,8,9,12487,15948,86984,34378,79558,2840.35,4160,1772,3433,8160,28280,42474,49704
2009,8,10,68956,62927,74611,13479,71508,2840.35,4559,1272,2804,7776,63156,47628,10642
2009,8,11,89927,24557,19254,69217,14304,2840.35,3005,1789,2089,9986,61166,41646,29791
2009,8,12,14692,327,89771,53125,80755,2840.35,1951,4709,2329,5836,79539,18837,18052
2009,8,13,63556,19099,55110,71360,72983,2840.35,690,2908,1062,7630,48476,39829,34619
2009,8,14,50736,92835,32971,62825,7823,2840.35,823,3866,1638,9638,16694,15850,10489
2009,8,15,94997,20294,73982,92327,23208,2840.35,1163,3114,2619,5258,74473,45601,3521
2009,8,16,67243,26166,24862,59121,97112,2840.35,3949,2846,2524,7706,27023,13406,39691
2009,8,17,92408,14199,45565,19575,74792,2840.35,3846,4788,1114,7828,78466,30111,3908
2009,8,18,71349,55982,33226,43968,4958,2840.35,920,3552,1798,7134,47672,13679,24052
2009,8,19,36825,96623,11527,35701,94894,2840.35,2398,3653,4099,7963,39579,10242,4902
2009,8,20,58223,83426,46383,48775,1254,2840.35,3886,3954,2181,8463,49273,17182,24849
2009,8,21,52515,71547,90692,2732,18681,2840.35,1410,1856,1337,8586,15122,12583,38364
2009,8,22,65542,49955,66237,34641,54270,2840.35,1235,2491,1944,7617,77618,39550,22168
2009,8,23,98819,72857,28505,96000,1320,2840.35,4490,3834,1360,5181,72917,34355,44130
2009,8,24,59898,55680,72564,11235,66321,2840.35,3817,1861,1426,6405,82854,17047,30120
2009,8,25,94925,94090,29540,16870,68059,2840.35,1419,3228,1365,5130,79228,14036,23510
2009,8,26,95405,93719,67871,61081,15253,2840.35,1787,1262,4171,8712,86383,45491,7140
2009,8,27,30823,76554,43705,93601,49311,2840.35,648,4235,3351,6539,61104,21410,42911
2009,8,28,80049,33876,4639,92766,51503,2840.35,1801,3258,1186,8262,40690,25541,1822
2009,8,29,64516,2479,17043,93687,53182,2840.35,529,1450,1330,9234,10308,45641,3426
2009,8,30,8497,20957,89877,61849,93848,2840.35,4610,1018,2559,8506,83012,35413,17333
2009,8,31,20820,6166,48672,31109,13542,2840.35,3001,3057,3192,6774,88095,27725,39363
2009,9,1,93626,78081,6152,59212,88389,2621,4059,1402,4372,5907,19543,16122,18145
2009,9,2,45518,26143,91968,66119,25507,2621,1937,1672,2403,8804,61565,48117,27381
2009,9,3,7399,39623,56310,13794,44071,2621,4965,4047,3467,9902,29610,33207,1578
2009,9,4,30613,13670,75257,21337,59578,2621,4392,1446,2294,5466,87564,12800,11152
2009,9,5,65092,90854,10825,7496,25251,2621,612,4000,3364,8274,79145,22434,22391
2009,9,6,78661,19112,42834,23480,81580,2621,3039,2192,1113,8295,33528,45690,22444
2009,9,7,59447,29274,67137,13093,633,2621,2245,2076,1906,6148,11856,37157,21054
2009,9,8,91812,77888,52510,20177,6162,2621,3962,1174,1542,7214,41005,32345,31656
2009,9,9,24240,14045,60890,26705,78692,2621,2394,4490,1686,5883,67582,14064,10771
2009,9,10,43289,59828,39104,5195,79250,2621,3703,1060,4266,9774,15186,45427,11379
2009,9,11,92869,16552,62954,59987,84700,2621,3683,1190,4355,9573,51995,29399,20312
2009,9,12,96696,40742,83890,36739,12977,2621,1006,1264,4003,5573,61459,39604,17824
2009,9,13,26952,86515,10665,66218,47728,2621,2997,1947,1156,7302,16933,17726,18254
2009,9,14,27614,25618,77498,78322,11543,2621,2720,3237,1586,7961,61327,15914,45845
2009,9,15,75785,71445,88532,36140,53370,2621,743,1314,2856,5530,62890,18998,16343
2009,9,16,21014,7240,73884,88522,14543,2621,2080,2155,2786,9164,20476,10680,7170
2009,9,17,96775,44549,85270,99713,52510,2621,626,4646,4392,8324,80785,37762,46597
2009,9,18,70500,72882,84436,23357,75642,2621,594,3006,1844,8582,12286,14558,13678
2009,9,19,37697,58608,43967,86835,9537,2621,2514,1310,1695,5576,22374,44205,30796
2009,9,20,95732,38002,55204,30125,58511,2621,4238,1478,3869,5025,68718,13942,35989
2009,9,21,15055,25363,13869,85972,55890,2621,2782,4938,1706,8101,96772,16243,31748
2009,9,22,45249,60640,38906,86944,9775,2621,2500,1022,1276,5416,51982,24143,11281
2009,9,23,5045,2573,19506,30266,53950,2621,1128,4003,1289,5422,54975,18531,4576
2009,9,24,93097,59110,28470,99803,23563,2621,2397,3810,2232,7655,72106,12007,41594
2009,9,25,48936,69607,33866,80921,38663,2621,1415,1078,4771,7273,90323,17450,35848
2009,9,26,28201,37804,27724,74491,99153,2621,4373,3600,3160,8398,16814,48074,49051
2009,9,27,95788,40801,66886,14373,44808,2621,2731,3742,4949,6596,91014,29963,5344
2009,9,28,78796,62430,40022,83567,86055,2621,3638,4255,1714,6361,10204,16356,46698
2009,9,29,85413,14471,24957,59925,85017,2621,2998,1616,1032,9950,11527,13430,49712
2009,9,30,96579,54259,45413,37881,47207,2621,4195,1001,1559,8444,25919,17614,2779
2009,10,1,84558,48222,54471,87272,53319,2404.58,4035,4140,2135,5311,69156,11846,20828
2009,10,2,23310,66312,68710,80898,77840,2404.58,2475,2097,2143,6858,79304,34921,20380
2009,10,3,65904,21658,66482,56473,63930,2404.58,3738,4838,3668,9130,52109,15958,1822
2009,10,4,35388,41145,2479,47524,6456,2404.58,721,1117,2945,8872,27014,15784,21635
2009,10,5,14811,20842,64235,96955,52550,2404.58,3227,3452,1547,8550,74924,11828,9891
2009,10,6,31508,85015,26668,80176,49575,2404.58,3513,1314,1273,7998,65189,18170,28777
2009,10,7,88978,90911,5198,26924,1694,2404.58,4059,1504,1524,6596,29810,38306,48564
2009,10,8,99536,94390,73111,97436,25451,2404.58,4263,1957,4400,5930,53485,15326,14387
2009,10,9,81060,68351,16641,17333,69343,2404.58,1412,3319,1806,7962,12822,14284,48182
2009,10,10,46526,60655,39994,48635,300,2404.58,1940,1187,4193,6402,13622,12000,19804
2009,10,11,40789,72886,79305,6541,58817,2404.58,1867,1227,2492,9728,73559,36834,32790
2009,10,12,53042,66324,61506,58486,64286,2404.58,1974,2163,1458,7902,75797,23109,29453
2009,10,13,8124,79091,89297,88669,55493,2404.58,4663,1281,1618,7946,11314,15702,2919
2009,10,14,23110,41041,7200,40602,95901,2404.58,3787,1202,3433,6610,40130,27719,47111
2009,10,15,1098,22105,71235,57556,60425,2404.58,2016,3548,2473,6313,57216,47966,47032
2009,10,16,39232,68233,10600,31388,42201,2404.58,3711,1661,1636,9078,22263,33065,29773
2009,10,17,19373,82403,48359,99159,4048,2404.58,3229,1222,1944,8936,79051,37369,38489
2009,10,18,77847,26069,72270,20321,62382,2404.58,4638,2964,4069,5237,49352,22621,29486
2009,10,19,91362,64416,54284,62175,86679,2404.58,986,2402,1230,9949,21560,29348,42899
2009,10,20,14790,81142,845,41735,95605,2404.58,920,4803,2316,7724,10123,16934,46249
2009,10,21,63562,61114,35366,77632,6351,2404.58,1604,2711,1970,7166,76238,18515,1070
2009,10,22,30138,37830,90918,5439,47780,2404.58,4786,3920,1323,7958,20654,21928,28831
2009,10,23,98231,82462,28084,36899,16538,2404.58,2947,1734,1352,9665,74082,22021,4559
2009,10,24,90735,40687,36085,56220,77927,2404.58,1086,3063,1504,8356,29853,14283,12323
2009,10,25,77187,14640,93204,3510,32975,2404.58,1789,1204,4023,9872,68103,45561,30211
2009,10,26,40783,22403,42013,56454,12068,2404.58,4826,2802,3132,7358,75373,17410,16095
2009,10,27,59586,16461,75475,26090,64817,2404.58,1724,3354,1319,6280,78215,19293,5328
2009,10,28,12843,36358,16850,41866,22582,2404.58,3778,3364,1094,5790,19817,17078,1305
2009,10,29,61885,14645,71281,51370,61908,2404.58,3779,2844,1646,9830,80286,26986,13007
2009,10,30,15934,37011,51693,68605,19643,2404.58,4249,3836,1264,7450,14118,10406,29908
2009,10,31,88756,10833,68563,28815,56624,2404.58,2292,4859,4375,9860,86228,47634,4732
2009,11,1,21361,35480,60102,31966,15766,2142.77,4250,4127,1118,5718,88770,35038,3440
2009,11,2,3456,53959,17656,90907,61013,2142.77,4661,1845,2767,9664,44820,12498,22854
2009,11,3,38472,79680,48227,23397,82261,2142.77,2679,3620,1339,8274,51937,13456,45861
2009,11,4,17572,16189,82585,22703,65395,2142.77,4093,3850,1664,7022,76108,10738,37707
2009,11,5,30954,55770,90875,55073,96949,2142.77,2570,1706,1522,8622,75168,13985,35695
2009,11,6,78010,79200,33958,75701,43333,2142.77,509,2255,3435,8093,99958,12214,35896
2009,11,7,75800,90404,69032,33816,98504,2142.77,2844,4456,2260,7446,84528,30560,45140
2009,11,8,79413,68451,65981,11139,600,2142.77,1475,4960,1418,5433,87012,30031,41149
2009,11,9,77681,92522,57288,96116,80615,2142.77,2648,2765,4000,6750,22933,28855,23598
2009,11,10,43172,75778,8312,76785,19497,2142.77,2344,1070,3993,9676,42750,44592,9192
2009,11,11,47177,84227,89553,67525,59660,2142.77,3907,2339,1782,7546,49806,16053,42918
2009,11,12,11144,62455,55171,91496,60487,2142.77,710,1270,3881,5013,13146,39729,28104
2009,11,13,20557,36843,4990,14551,26520,2142.77,998,1814,3318,5626,57571,15964,47741
2009,11,14,24317,37832,61669,9755,75378,2142.77,2159,2873,1632,7330,10720,33471,27827
2009,11,15,25434,97424,19834,95667,8789,2142.77,1747,4345,4821,6188,60247,12692,32980
2009,11,16,70830,85742,2741,35500,17141,2142.77,3476,1456,1702,6014,67563,12458,26664
2009,11,17,49323,59723,25450,72307,7053,2142.77,777,3838,3592,5610,60856,42381,36170
2009,11,18,24942,62605,88079,11116,85694,2142.77,3807,2874,4066,5808,16756,17559,48326
2009,11,19,35916,68202,25368,66762,89698,2142.77,4337,1514,2653,9582,27677,26057,42931
2009,11,20,67309,99808,41248,901,75418,2142.77,4633,1466,4708,7711,27826,16753,2105
2009,11,21,12389,67986,39628,46456,10886,2142.77,742,3152,2553,5733,46265,38602,14353
2009,11,22,48665,51956,93974,17670,66742,2142.77,694,1634,2809,5334,51302,29579,38003
2009,11,23,53431,27288,46291,34491,91352,2142.77,2595,3739,2101,7158,66546,19338,24117
2009,11,24,37927,96913,48843,86832,52647,2142.77,876,2662,2063,9406,51683,30156,45109
2009,11,25,57409,61762,80559,11571,13088,2142.77,1149,2869,1008,7439,33711,33202,48213
2009,11,26,61556,67659,86943,3657,41233,2142.77,4347,1030,1753,8189,82341,35751,19841
2009,11,27,33298,7775,69766,96713,43533,2142.77,1869,2293,4561,7568,28863,29001,37801
2009,11,28,71992,70013,28223,63843,57452,2142.77,2045,1462,1898,5574,55366,37177,28287
2009,11,29,36532,44714,82688,3285,99256,2142.77,784,2552,4155,6046,45617,32688,15030
2009,11,30,79305,88839,49982,95219,12618,2142.77,571,1930,1734,8793,64802,39011,45197
2009,12,1,28200,74370,9377,94891,46088,2046.16,1422,1612,1194,8534,90056,26973,46554
2009,12,2,22799,38961,66130,64303,930,2046.16,4959,4767,1502,5177,19142,26698,15170
2009,12,3,12101,3345,58259,80894,84500,2046.16,4325,4050,2990,8054,23941,34077,47270
2009,12,4,82959,71716,41231,78551,22774,2046.16,524,1152,2951,8005,26226,15550,47639
2009,12,5,69527,86186,93649,67381,57715,2046.16,4078,1166,2081,8688,83411,32932,12385
2009,12,6,32310,44089,61983,36652,14142,2046.16,728,2099,3990,8311,75650,46764,2276
2009,12,7,92302,47527,58688,95253,1884,2046.16,4133,2761,2450,9133,55141,11516,34914
2009,12,8,37870,15572,47683,69951,34260,2046.16,2882,1568,1526,9806,12906,11362,31095
2009,12,9,83493,90300,2776,57484,34963,2046.16,599,2264,3655,9286,38868,10538,44778
2009,12,10,30553,54354,64652,34355,63487,2046.16,871,2708,1482,9905,87658,19622,19793
2009,12,11,7352,6894,52543,98887,88111,2046.16,4562,1602,2413,7388,45437,13727,22114
2009,12,12,18468,16037,57344,93475,61676,2046.16,4013,2227,1140,5016,26581,30404,46213
2009,12,13,54810,38805,48113,90173,15063,2046.16,1147,3765,4015,5041,54003,13477,2123
2009,12,14,17156,58566,51433,95921,98608,2046.16,4647,3426,2906,6991,26900,40933,46870
2009,12,15,79556,97266,83161,30121,32283,2046.16,1876,2091,4898,5390,93615,46312,26094
2009,12,16,9816,69763,35078,68831,14805,2046.16,3660,3311,3998,6518,44231,12605,39082
2009,12,17,96962,70231,12384,26220,37222,2046.16,2152,1776,1549,6664,63249,35183,39285
2009,12,18,42759,56478,72275,24009,14171,2046.16,650,3985,3356,5397,18344,33160,32243
2009,12,19,60831,57828,47824,24830,57920,2046.16,3786,4881,2285,6170,97452,15858,42055
2009,12,20,71807,30958,48988,8356,47622,2046.16,4891,1546,1417,8517,14387,15587,28589
2009,12,21,80760,51060,39573,49117,6458,2046.16,3628,2287,2919,6452,16946,30839,15093
2009,12,22,88507,12256,52073,67144,44778,2046.16,4354,1583,1833,8341,41290,44455,15877
2009,12,23,76930,51182,51187,94699,49700,2046.16,582,1862,2985,6210,95926,39442,15575
2009,12,24,31303,44556,23083,54223,41008,2046.16,1413,1740,1509,9837,29361,21286,47903
2009,12,25,85714,28716,54222,82548,93409,2046.16,3354,1689,3045,9090,81387,29096,45513
2009,12,26,76467,91674,75908,9453,74237,2046.16,502,1890,1388,8328,76112,23747,21834
2009,12,27,52584,43878,35966,29093,63715,2046.16,768,1570,1602,9210,48327,15234,15327
2009,12,28,16465,91682,90491,79511,2574,2046.16,3606,4040,4903,9036,88492,16586,21878
2009,12,29,56348,70091,76030,89088,58420,2046.16,4187,1002,3723,5152,56446,17590,18495
2009,12,30,96831,6826,74571,7224,27779,2046.16,1024,4242,1870,7866,40104,49855,39250
2009,12,31,89744,65064,28896,69647,49577,2046.16,578,2275,3830,5048,27715,28601,33740
2010,1,1,6903,5956,46089,38407,62402,2111.68,974,1168,4448,8811,13357,18697,4879
2010,1,2,86188,73952,15980,4054,30409,2111.68,3796,1914,1082,9795,61399,44822,15836
2010,1,3,36285,83676,65005,68804,27743,2111.68,1168,2002,1834,9058,89402,28313,9958
2010,1,4,87136,40991,13893,32937,99802,2111.68,1633,1986,3905,7613,90041,14313,43602
2010,1,5,99801,190,59785,10883,96337,2111.68,2056,2621,1210,6834,11462,48952,21184
2010,1,6,13370,87594,99949,95634,19851,2111.68,3947,3337,1692,8392,56273,46493,5703
2010,1,7,14146,57908,48834,48051,91873,2111.68,2363,3024,1768,8618,35258,18104,5227
2010,1,8,9683,23668,726,30894,77080,2111.68,4845,1801,1095,6146,19542,42297,18503
2010,1,9,1849,42734,65635,48542,13278,2111.68,1386,2422,1167,6572,91824,17594,38261
2010,1,10,31799,20540,28768,19919,9039,2111.68,3023,3720,2692,5100,49613,31124,14026
2010,1,11,39955,45812,4278,46050,41958,2111.68,4698,1326,1604,6685,17406,45426,6712
2010,1,12,24946,36438,22849,37465,13010,2111.68,3207,1159,1563,6974,81078,10601,31025
2010,1,13,51000,85454,95674,55045,6906,2111.68,2520,1860,2450,6797,18532,15759,45288
2010,1,14,79861,13961,25917,62010,16998,2111.68,2435,1942,1052,6635,95758,13526,34616
2010,1,15,27660,53966,61573,95575,57292,2111.68,2527,4642,4455,8201,79686,17713,9003
2010,1,16,29841,48559,14574,37291,21708,2111.68,3049,2920,1006,8965,79929,37495,40187
2010,1,17,79933,53718,45790,67337,50353,2111.68,2749,4364,1864,5674,12590,19155,41548
2010,1,18,4677,78819,93799,65485,63372,2111.68,4549,3211,4747,8254,30501,26454,39837
2010,1,19,20661,49903,10727,91160,95220,2111.68,3654,1286,1460,8898,58840,27429,7009
2010,1,20,82344,26591,38146,10561,88617,2111.68,4715,4644,4606,9865,91480,11938,44437
2010,1,21,96055,41030,96189,50802,21504,2111.68,3607,2164,4295,5558,33323,18086,43042
2010,1,22,77695,11978,96019,54772,52774,2111.68,2200,1469,2801,6698,62029,11106,4860
2010,1,23,97487,58097,12414,37093,64315,2111.68,1421,1502,4923,8961,27521,16427,3895
2010,1,24,28355,87481,8592,54002,58167,2111.68,3515,1730,1002,7158,13976,39369,8267
2010,1,25,42098,89185,7191,56251,42235,2111.68,4019,4720,3667,5758,93164,24333,19220
2010,1,26,91679,65938,84702,36603,34899,2111.68,4381,4604,2407,8658,33605,40573,28575
2010,1,27,2591,8473,42787,89186,79359,2111.68,3554,2807,1250,8414,94057,47539,49770
2010,1,28,21316,69429,53612,81336,40862,2111.68,668,2539,4064,6722,85493,13962,13128
2010,1,29,51649,21227,59919,84056,65551,2111.68,4629,3140,1996,7544,73678,47706,43524
2010,1,30,83537,18585,35515,38843,70682,2111.68,2733,1996,1438,6345,89683,22565,45924
2010,1,31,69473,95353,5105,98538,18427,2111.68,3851,1334,3176,5122,54130,43727,6951
2010,2,1,45112,78220,50642,78879,51898,1737.32,2414,1958,1782,7608,41163,12489,14701
2010,2,2,70343,49512,77842,93040,55548,1737.32,2511,2251,1863,7400,85677,45165,1658
2010,2,3,72605,55752,23342,27727,26234,1737.32,2723,1344,2992,9717,50222,46241,33421
2010,2,4,24418,28990,83076,40984,46598,1737.32,3472,1939,1454,5286,19966,12001,40591
2010,2,5,48073,88843,29253,36288,82595,1737.32,1452,1550,2032,9598,99276,13266,14930
2010,2,6,4567,92001,84611,48911,68070,1737.32,638,2486,1462,8227,33469,26771,1186
2010,2,7,68819,53294,60064,75273,34608,1737.32,3625,4032,1950,5764,35319,15670,20042
2010,2,8,14159,66773,29381,17543,37919,1737.32,808,3836,3361,7114,15504,21430,45010
2010,2,9,82957,69252,30269,79483,97479,1737.32,1253,2648,2030,6316,74272,17990,13738
2010,2,10,52711,44250,83375,44298,27127,1737.32,2127,2636,1817,7860,75179,39735,18694
2010,2,11,9222,22340,14925,62583,54111,1737.32,738,3418,3274,5126,49252,22104,39024
2010,2,12,10722,55507,21106,44104,38175,1737.32,2093,2236,4627,7306,51534,33105,45378
2010,2,13,30514,70014,57095,48683,17874,1737.32,4770,3446,4612,9694,12066,25075,32274
2010,2,14,58718,22745,94846,66992,69729,1737.32,904,1826,1922,6552,40905,16550,44099
2010,2,15,38283,69351,77720,77910,81171,1737.32,2366,3035,4266,8930,76717,33492,29254
2010,2,16,83086,81488,76939,54051,17534,1737.32,4125,1250,3415,5302,59593,16298,49320
2010,2,17,34421,65042,4946,50377,91594,1737.32,859,4875,1678,9870,24136,46371,45851
2010,2,18,60536,17856,24407,59802,52316,1737.32,4645,1634,3963,5882,89451,16496,17476
2010,2,19,18608,84929,9100,57023,75251,1737.32,1518,1023,3733,6464,92751,41679,18693
2010,2,20,48667,29963,87907,63868,44893,1737.32,1590,1738,4898,7348,81581,48565,12044
2010,2,21,34825,7579,50319,33788,10515,1737.32,1635,4121,1049,5734,10014,32652,6122
2010,2,22,44428,84015,58676,94513,86831,1737.32,2543,1004,1389,7350,15716,42633,1427
2010,2,23,52494,92308,48062,98744,9656,1737.32,2308,4479,2220,7627,94618,14087,29643
2010,2,24,20101,61255,9561,61151,53341,1737.32,646,4119,2423,5181,17274,15605,12057
2010,2,25,36608,77528,67455,34349,17978,1737.32,3334,1822,1830,5610,85565,17837,33172
2010,2,26,87390,99227,78670,40962,63206,1737.32,1400,3305,1796,7758,60807,16966,23288
2010,2,27,59370,70962,34706,88145,56143,1737.32,3750,4102,2217,9702,59802,10398,9690
2010,2,28,70728,53137,42018,62558,10884,1737.32,800,3272,3160,9064,55586,12740,43935
2010,3,1,76987,6024,99598,7948,66831,2087.48,3669,2792,4888,7282,10286,14578,20184
2010,3,2,91916,35741,51796,63121,95544,2087.48,3847,1302,1710,5524,75915,25645,23342
2010,3,3,93153,74188,68806,52217,46126,2087.48,919,3112,2546,6868,47411,30728,41524
2010,3,4,37052,31081,34873,8293,19247,2087.48,4222,1161,1808,7369,90633,42794,45160
2010,3,5,30711,40834,57827,12422,53591,2087.48,4418,1742,4280,9575,15310,20406,33742
2010,3,6,31099,32582,93519,44997,49451,2087.48,725,2853,3362,9702,11145,23960,7282
2010,3,7,22109,66720,35122,3009,74089,2087.48,2154,4799,2940,9980,33572,36530,25756
2010,3,8,3722,87991,99625,28003,27566,2087.48,4760,1654,2515,9270,36364,13317,14935
2010,3,9,81912,62090,16172,86626,39040,2087.48,585,2499,1582,8266,96859,34476,43669
2010,3,10,4167,9015,5628,87107,78995,2087.48,4988,2716,3541,9612,27070,21107,39200
2010,3,11,54547,41831,62476,18414,66461,2087.48,1731,4723,2281,8518,67701,32672,48840
2010,3,12,7923,78287,10172,18311,56698,2087.48,4139,1736,1045,9542,64321,45039,7032
2010,3,13,80319,4310,94108,23860,43922,2087.48,1318,4819,1432,7596,33233,12171,37530
2010,3,14,72634,81317,43248,66267,45571,2087.48,3938,4844,1182,9109,18058,12284,10949
2010,3,15,32493,23647,39500,48538,64765,2087.48,4929,1462,4482,6358,85294,18404,3822
2010,3,16,7919,96613,99576,3630,70407,2087.48,2153,4391,1934,5400,42009,42398,49161
2010,3,17,52701,40948,62244,58287,66409,2087.48,1922,3901,1748,6422,63790,37864,33103
2010,3,18,96596,23720,32948,21078,94109,2087.48,833,3378,1205,5409,22007,17963,18242
2010,3,19,54570,4161,93707,1399,45913,2087.48,622,3612,3014,8743,73251,18856,35716
2010,3,20,71846,10174,74677,78594,2948,2087.48,2810,4542,2186,5757,36972,22646,38467
2010,3,21,50351,59158,91025,81556,64567,2087.48,871,1982,3544,9577,53238,29456,13032
2010,3,22,45294,63387,94422,54660,52131,2087.48,4082,3975,1108,8758,18921,13497,34025
2010,3,23,27226,1732,29392,5764,33841,2087.48,3409,4190,1873,9433,82097,22791,32716
2010,3,24,98817,97969,74632,32361,23899,2087.48,3169,1096,1256,8942,40202,19486,27870
2010,3,25,22967,70638,66,33516,75748,2087.48,3364,2972,1444,9108,25087,20909,18987
2010,3,26,91824,3497,71452,50049,89282,2087.48,2840,3098,2869,7471,36810,16248,3550
2010,3,27,75342,64980,93663,82950,3922,2087.48,4039,3239,1718,9104,93107,46601,1814
2010,3,28,78092,72824,15927,15161,81932,2087.48,1070,1862,1734,7756,40155,19574,41014
2010,3,29,43775,29348,54594,27997,76820,2087.48,1115,3512,2735,9778,67813,43009,7757
2010,3,30,96348,26853,52601,17202,85957,2087.48,3802,1626,3531,9728,11912,16814,45708
2010,3,31,87095,14335,6922,47957,88208,2087.48,4451,1982,2776,5397,59978,19595,13430
2010,4,1,96094,54460,82241,42224,22273,3105.1,3570,1934,4202,8522,51433,12532,41602
2010,4,2,85927,48185,24793,32007,60097,3105.1,4100,1574,4880,6826,78990,28309,7960
2010,4,3,97861,27325,21087,99610,87303,3105.1,2762,4747,1493,5002,58323,33765,7034
2010,4,4,66605,13246,65595,27159,85370,3105.1,3419,1295,1563,9138,19653,16034,33380
2010,4,5,32524,38755,48795,97404,22163,3105.1,2065,1374,1460,6312,35983,17534,44137
2010,4,6,86537,45098,74863,48030,20101,3105.1,3147,3056,1430,7492,46566,31799,33186
2010,4,7,47121,79986,19447,45036,54550,3105.1,4399,2072,4206,9102,13398,16368,39101
2010,4,8,28683,42894,69096,144,22397,3105.1,524,3932,1478,6471,73314,36628,5079
2010,4,9,99657,21462,6037,62440,51555,3105.1,4238,1142,3939,6006,76413,19841,2603
2010,4,10,69138,95814,23266,79696,80360,3105.1,1063,1602,3338,5158,25536,11478,24094
2010,4,11,86590,17147,31020,53118,83618,3105.1,4745,4626,2146,8562,62065,10052,4334
2010,4,12,31088,72656,25079,80027,19045,3105.1,1219,4533,3656,9485,84228,10367,17844
2010,4,13,63579,96645,35762,46918,78155,3105.1,4003,4743,1147,8182,17860,44765,27650
2010,4,14,20708,73958,10744,79206,52443,3105.1,4257,3529,3167,5566,79908,47212,39161
2010,4,15,48532,96128,1746,78540,35613,3105.1,3907,1096,2618,9346,78812,10772,35975
2010,4,16,2318,47816,41869,13466,64191,3105.1,4582,4897,1526,6738,64103,18832,26081
2010,4,17,40838,69713,2363,19005,401,3105.1,1216,1162,4749,8638,43822,46714,48623
2010,4,18,36641,32730,62258,35611,57398,3105.1,2734,1067,1958,9214,11778,19426,41070
2010,4,19,30684,30467,70677,97074,82144,3105.1,905,4332,1696,9248,58336,37595,1132
2010,4,20,33242,90906,2879,44344,25220,3105.1,1057,3211,1574,6638,13821,19532,46702
2010,4,21,10736,26556,45600,15972,81159,3105.1,806,3193,3301,6074,41618,46796,1484
2010,4,22,23558,73876,52481,44401,24848,3105.1,3348,3088,3073,9878,19518,19298,10817
2010,4,23,64280,9841,37856,60063,79507,3105.1,4594,1998,3232,6210,12436,25742,1677
2010,4,24,59381,7964,20288,74034,80390,3105.1,829,3946,2132,6628,64698,43331,28258
2010,4,25,50478,63047,51421,84904,80626,3105.1,4547,4904,1396,9642,21318,25902,20204
2010,4,26,50432,50913,66145,45016,58810,3105.1,757,3189,3024,8422,92222,19540,38710
2010,4,27,19302,79404,30064,87787,19065,3105.1,1117,4542,4160,8889,70797,19170,44762
2010,4,28,35446,15345,16042,31842,14100,3105.1,2743,4531,4624,7958,19102,13434,37361
2010,4,29,95301,46657,81624,24677,4053,3105.1,4441,4706,3249,9018,43844,22314,23847
2010,4,30,75619,24962,58209,49779,90204,3105.1,915,1306,1412,6956,73841,41153,29006
2010,5,1,97937,72037,95294,88177,97935,2924.77,4828,4590,1702,9020,64995,30548,8728
2010,5,2,58947,4702,151,39804,48546,2924.77,852,4858,3376,6234,80061,17476,38817
2010,5,3,2467,22062,69435,55775,12255,2924.77,1443,1598,3975,6974,14719,46910,26940
2010,5,4,16816,14548,7853,73518,39053,2924.77,846,4351,3900,6920,70506,42445,22848
2010,5,5,25737,2280,48657,89113,83831,2924.77,4197,2648,2131,7272,58422,29385,45070
2010,5,6,76924,4866,5929,25899,62954,2924.77,4160,1120,1630,7013,69638,40599,20648
2010,5,7,69861,6409,21303,63762,43329,2924.77,2558,1694,1786,7566,90880,44269,41809
2010,5,8,32637,5078,96918,16120,5061,2924.77,1856,1983,1557,7785,15774,11736,5341
2010,5,9,38433,97043,51984,89980,10408,2924.77,1931,1620,4381,8233,76733,16274,37974
2010,5,10,26395,99292,89478,36834,86859,2924.77,2455,1702,1786,8754,51965,23199,46710
2010,5,11,16065,63822,5183,8975,81607,2924.77,1189,1391,2811,6354,26370,12902,29417
2010,5,12,87499,39654,49839,48232,74240,2924.77,2293,1985,2215,8122,53818,45425,26572
2010,5,13,54833,17626,81272,72971,78351,2924.77,1169,1542,2057,7704,19740,45016,33237
2010,5,14,63473,17282,47760,6284,50455,2924.77,854,4304,1150,8206,10170,17526,24130
2010,5,15,84969,71181,21360,27184,29304,2924.77,3960,1978,4155,7702,89809,37505,41530
2010,5,16,19820,2332,98272,33229,20036,2924.77,4596,4859,1645,9450,12296,18451,34365
2010,5,17,82838,98350,72756,12973,40394,2924.77,2346,1713,2823,8705,85248,16966,41644
2010,5,18,30235,74209,25318,55742,60792,2924.77,3246,1230,2458,7870,30191,15410,15128
2010,5,19,8587,74788,53705,60232,67144,2924.77,710,4980,4548,8294,62952,31294,26200
2010,5,20,75786,96651,73008,54962,35356,2924.77,4791,1941,2464,5109,54035,19226,8257
2010,5,21,20237,13634,6571,54047,71504,2924.77,2891,1574,1549,6410,56673,28692,36762
2010,5,22,37796,51709,45025,28696,52203,2924.77,4989,2988,1966,6004,99301,22685,24329
2010,5,23,7606,79093,54627,56422,84202,2924.77,1029,1588,3647,5210,74835,10150,25014
2010,5,24,9362,82727,6593,37263,60675,2924.77,2306,3469,2677,7330,43516,49879,29618
2010,5,25,1659,3507,44220,22637,52856,2924.77,652,1812,3965,6300,33233,23166,43521
2010,5,26,91314,99264,43957,29961,88216,2924.77,1463,3928,2870,9407,51191,28544,18792
2010,5,27,59025,83498,93366,23054,60829,2924.77,2932,3838,1739,7152,17827,25946,36882
2010,5,28,27025,29501,2759,65990,95801,2924.77,508,3466,2959,5816,49778,12358,2345
2010,5,29,960,22594,70103,18830,2001,2924.77,2373,2376,1143,7090,14038,48323,21294
2010,5,30,60325,39715,77162,17064,23219,2924.77,4362,2006,1692,8510,32584,12002,44989
2010,5,31,30817,54445,56460,98776,20261,2924.77,4949,1219,1535,5646,40049,29888,22591
2010,6,1,53775,57265,193,77218,74047,2634.97,2541,3760,2029,9218,36978,13506,48516
2010,6,2,30319,3573,44211,92440,52509,2634.97,3255,1952,1590,8383,27212,17924,47205
2010,6,3,93333,48433,70494,34737,4834,2634.97,3786,4959,3997,5430,52176,14395,1558
2010,6,4,45199,89718,28156,37228,60675,2634.97,1948,1994,1410,7511,99783,15702,31486
2010,6,5,14716,39392,60872,1083,77775,2634.97,1392,1106,2867,6885,22195,15410,38084
2010,6,6,63619,52334,49013,3968,82664,2634.97,3363,4213,1822,5750,81440,17932,1189
2010,6,7,60709,54742,58925,62119,72253,2634.97,1036,3319,3099,6528,20753,25873,8709
2010,6,8,97696,47146,63332,50563,60383,2634.97,4615,4000,4211,7264,44320,12938,35527
2010,6,9,91168,62684,97441,98426,41906,2634.97,1357,2613,4974,5282,81083,38578,45234
2010,6,10,343,13473,41898,98442,6732,2634.97,666,4426,1148,8004,71341,36530,12651
2010,6,11,55877,12309,26884,10088,85936,2634.97,3314,3454,1974,6110,91880,42143,21204
2010,6,12,72341,58238,11110,22315,99872,2634.97,2244,1774,2016,9141,15006,28748,42193
2010,6,13,98144,5673,49527,24292,59671,2634.97,822,1102,4527,7705,25633,14582,37220
2010,6,14,25261,5301,45270,75499,82408,2634.97,2641,4747,1738,5102,93413,11610,37150
2010,6,15,87296,70658,28176,25664,6151,2634.97,4411,4293,3854,9590,28585,24876,43183
2010,6,16,57510,55760,40423,7038,9817,2634.97,3851,1366,4060,7702,10574,36467,32409
2010,6,17,57622,94568,41215,85713,89671,2634.97,3674,3317,1636,7426,18980,27786,1970
2010,6,18,1384,89745,48432,50239,10035,2634.97,1466,3895,4127,7586,14578,17896,43369
2010,6,19,30650,82489,94020,34710,2961,2634.97,2528,1934,1036,8742,62646,21535,20946
2010,6,20,46074,76321,14853,84062,34522,2634.97,1847,1820,4928,6630,10010,49962,33833
2010,6,21,70000,93962,50211,35479,42203,2634.97,4422,4203,4982,9596,23912,42943,7495
2010,6,22,42092,61441,36230,57605,56535,2634.97,4139,2607,1547,5638,86668,42420,48876
2010,6,23,60528,14868,94678,457,7851,2634.97,1770,2849,2486,6980,13327,16040,47173
2010,6,24,74476,24102,55245,30810,45248,2634.97,902,2338,1949,6333,44942,29835,45509
2010,6,25,41561,40434,48796,33108,50777,2634.97,1880,1303,3035,6557,28111,40885,1816
2010,6,26,83,94883,68735,23921,11863,2634.97,4960,2689,2515,6254,33499,17762,32062
2010,6,27,57066,39956,55101,14015,66290,2634.97,834,4201,1827,8996,73661,23955,16395
2010,6,28,60813,65542,51611,43848,52099,2634.97,4732,2180,1922,9818,92452,11302,29723
2010,6,29,18232,82414,21861,40747,43970,2634.97,3508,1034,1666,9960,31400,44307,21712
2010,6,30,96355,7955,18510,69534,16951,2634.97,4840,4114,2711,5834,54313,26161,42171
2010,7,1,5398,78343,64834,25216,70795,1855.65,4799,4559,1736,8870,29881,27574,17652
2010,7,2,25407,47268,89242,5367,95021,1855.65,3073,2974,2057,7606,19924,10579,33549
2010,7,3,13800,30392,68291,75251,84705,1855.65,4127,1454,4146,7930,48021,26292,44453
2010,7,4,97964,7821,45853,3828,24719,1855.65,2753,1062,4352,6994,71842,34372,42086
2010,7,5,86896,6268,37347,5305,93875,1855.65,884,2673,4014,8358,99275,10150,23624
2010,7,6,94979,64755,11525,84125,95067,1855.65,844,4381,3718,5252,13208,16882,9547
2010,7,7,14707,27315,58561,70411,14309,1855.65,4783,2555,3022,8546,22860,13248,46756
2010,7,8,32105,38745,87274,52471,39271,1855.65,2541,4249,2654,5417,34725,12720,36549
2010,7,9,61316,95143,72103,45035,34116,1855.65,3470,1454,3976,8383,35584,19284,1663
2010,7,10,75139,40368,93545,44513,98849,1855.65,2761,1916,1500,5574,99775,10771,16405
2010,7,11,97936,57317,61373,81942,42735,1855.65,1014,1634,2592,9468,65435,41707,46098
2010,7,12,51131,18907,23234,96460,63642,1855.65,2448,1118,1082,5992,99643,30736,8818
2010,7,13,98750,23757,78042,70250,35144,1855.65,2372,4430,1485,8744,31371,10571,27818
2010,7,14,54843,8738,30974,78787,58206,1855.65,1845,1386,1666,5622,38499,11659,46409
2010,7,15,35248,10948,66791,67136,93292,1855.65,2872,2040,1542,9090,78642,16084,32787
2010,7,16,70083,76015,7468,21569,34760,1855.65,2139,1916,1150,6234,84739,38486,5192
2010,7,17,75874,21585,64175,23892,98016,1855.65,551,3262,4972,9394,13046,39615,2674
2010,7,18,1480,14623,31657,8023,6888,1855.65,2411,3322,2664,6231,14890,15130,26651
2010,7,19,77775,63382,76081,58055,42847,1855.65,1540,1286,3756,5782,58962,13123,10820
2010,7,20,79740,10866,46386,9712,13208,1855.65,679,1038,4109,7335,55412,16102,13136
2010,7,21,40338,37825,94320,43002,44056,1855.65,3129,1829,3942,9209,79883,48140,25562
2010,7,22,66382,76425,83212,65138,53491,1855.65,4612,4582,3039,7349,75645,32598,42175
2010,7,23,20486,41325,13638,14595,55012,1855.65,1943,1422,3225,5238,54702,17280,19050
2010,7,24,68176,67832,5462,73471,57041,1855.65,1610,4773,3121,9654,21262,47963,35346
2010,7,25,63349,15875,97546,16388,73225,1855.65,686,3709,1744,5327,24655,35879,23192
2010,7,26,14377,72952,81228,53955,15566,1855.65,1234,1638,1942,6696,89915,43505,2282
2010,7,27,28394,11526,33279,22867,32700,1855.65,2181,1047,1690,9464,12435,19992,4542
2010,7,28,74271,44126,70053,21490,89453,1855.65,2368,1510,4011,9906,74134,15928,44709
2010,7,29,57230,95370,32374,93695,38418,1855.65,2199,3162,3814,6829,22380,16513,22289
2010,7,30,91371,9562,62562,78139,10641,1855.65,3129,1262,1922,8182,22752,41277,41349
2010,7,31,19243,46473,61458,19606,51421,1855.65,533,1526,2313,7907,18696,16726,35593
2010,8,1,22248,1597,40362,59077,23977,2909.52,1799,4889,1586,9884,60530,43488,23228
2010,8,2,99419,78145,45314,23953,17249,2909.52,3194,3721,3047,5608,31493,33639,36591
2010,8,3,14686,56496,47305,98945,91544,2909.52,992,3790,1974,5853,72867,41310,49387
2010,8,4,69081,39667,41201,71221,956,2909.52,4708,1522,1226,7926,24326,13475,18083
2010,8,5,96612,83873,93549,61011,63025,2909.52,4650,4061,1537,8306,93005,39432,25042
2010,8,6,57694,98497,3224,25028,44350,2909.52,1338,4781,2108,7790,16166,49415,26091
2010,8,7,91973,82062,49789,4551,92083,2909.52,4377,1750,1392,7925,66056,14890,40467
2010,8,8,52968,27059,47777,50857,35365,2909.52,586,4409,1268,7032,50789,16331,7134
2010,8,9,35954,67128,46113,84414,57370,2909.52,3828,1396,1064,9969,70243,15878,13467
2010,8,10,6788,20974,59008,97479,48899,2909.52,2545,1865,3473,6722,69073,20190,41416
2010,8,11,88807,9363,45952,60789,69226,2909.52,3471,1531,1822,9583,22296,37588,46741
2010,8,12,19402,72478,3282,64930,72447,2909.52,3891,1180,1710,8510,93064,19506,39878
2010,8,13,35667,76962,77967,20492,24988,2909.52,2033,1230,4105,5980,90933,24683,13392
2010,8,14,99726,84405,96215,79946,40341,2909.52,3885,4741,2339,7167,41022,29785,34863
2010,8,15,43397,59914,75372,54247,70517,2909.52,702,1182,3100,9338,43025,12378,34788
2010,8,16,4409,60,33234,93514,19397,2909.52,3196,4121,1275,6166,15418,31615,40519
2010,8,17,15626,49305,57709,22965,2824,2909.52,4102,1219,4996,6670,16817,45512,48732
2010,8,18,11965,63516,68047,90065,4533,2909.52,4504,3940,3835,9089,18805,13231,27425
2010,8,19,99608,87003,98705,40883,84117,2909.52,3849,1093,3427,6558,55410,16250,14124
2010,8,20,11642,74513,28822,2990,1690,2909.52,3502,1910,4153,5810,36421,30037,45639
2010,8,21,76677,45926,38978,20512,5015,2909.52,822,1958,1137,8799,61856,45253,7784
2010,8,22,12923,17059,61348,92702,29969,2909.52,616,1609,2621,8258,44598,25662,16758
2010,8,23,66115,9453,72020,75268,58706,2909.52,1657,1554,1446,5142,55893,25732,8441
2010,8,24,34770,55988,13059,12259,71139,2909.52,3864,1678,3325,6282,93113,38293,24916
2010,8,25,68321,84769,79903,92294,88893,2909.52,4307,1014,1250,6326,46626,25362,40853
2010,8,26,31119,68284,60744,1837,45270,2909.52,2569,1391,1342,6979,17308,26466,32989
2010,8,27,98247,82514,76880,6572,34077,2909.52,4864,3748,1113,9014,27393,10005,36345
2010,8,28,81972,61701,31365,48629,84379,2909.52,3990,1004,2625,8750,17333,24246,44343
2010,8,29,84075,11255,20638,5755,18235,2909.52,2220,1480,1800,5451,23052,45877,29288
2010,8,30,78149,84269,80978,49262,25388,2909.52,618,3710,1423,6678,88690,20802,8372
2010,8,31,67677,62681,2652,30302,30118,2909.52,4548,1096,2591,5185,36297,32177,19985
2010,9,1,34871,15010,32626,26674,54414,1388.6,4821,3682,1672,8174,80421,18038,44855
2010,9,2,96054,4132,86979,69388,92822,1388.6,2064,1853,1783,7444,15830,13119,24133
2010,9,3,54618,48867,77063,46156,85164,1388.6,1979,1366,4249,5956,46707,45014,9240
2010,9,4,10811,67881,83697,2995,38316,1388.6,3548,4368,4600,6878,20107,43773,30470
2010,9,5,81011,57172,81979,74146,57242,1388.6,3617,1858,4167,5502,74365,11062,1238
2010,9,6,56272,41346,70717,46873,57302,1388.6,1886,4464,3007,7770,87458,12654,33776
2010,9,7,72405,7359,90691,73358,30590,1388.6,2130,2951,4321,5461,18449,41562,10799
2010,9,8,65763,22067,69774,31282,2746,1388.6,1963,1502,1835,9031,22240,18284,44139
2010,9,9,19159,14128,43602,37167,6063,1388.6,3488,3466,1121,8646,51823,18062,47412
2010,9,10,11330,35307,46015,12003,17120,1388.6,4917,4233,2881,9690,46866,21978,30816
2010,9,11,181,28830,97348,2017,14214,1388.6,1153,3371,1206,8918,86889,12266,19588
2010,9,12,84870,96731,50948,72343,97262,1388.6,820,4942,1570,5552,36944,37899,19123
2010,9,13,33587,6862,3485,52820,62904,1388.6,4797,4436,1074,8606,81452,19500,1434
2010,9,14,8085,58958,59469,58151,96416,1388.6,631,1284,3088,6342,69978,13412,46359
2010,9,15,17053,60384,81644,4186,29507,1388.6,3436,4444,3153,7714,32263,37408,34940
2010,9,16,62272,7062,16845,57804,95558,1388.6,3900,3641,3605,6748,78144,20020,48297
2010,9,17,6080,8776,51305,65520,6706,1388.6,2220,1894,3018,7190,44294,43877,37636
2010,9,18,71507,52732,39674,46012,64653,1388.6,3420,3275,1430,8758,17431,40907,21938
2010,9,19,14914,17684,10902,88519,61053,1388.6,4891,3483,4172,6195,49002,37229,39046
2010,9,20,63831,87575,77339,78202,24142,1388.6,3430,2000,4364,8103,58011,10746,21634
2010,9,21,66393,41432,14996,61743,58049,1388.6,4002,4313,1910,6255,94183,27514,32427
2010,9,22,1653,69075,27351,15825,95271,1388.6,3053,1838,1146,6406,70005,20772,26353
2010,9,23,68377,24788,32773,59093,2892,1388.6,4460,1280,3567,9456,47378,13240,40785
2010,9,24,78235,32733,95929,44697,28988,1388.6,3563,1288,4186,5913,62815,20808,40113
2010,9,25,8618,32221,62614,88897,78964,1388.6,4669,2340,3758,9794,12874,43001,48971
2010,9,26,49578,37246,78637,98146,66702,1388.6,4760,1287,1718,7041,11978,20437,42367
2010,9,27,23506,10900,67429,99044,26813,1388.6,1204,1746,2463,8817,40678,41427,30244
2010,9,28,14140,66700,5120,87898,9141,1388.6,2250,1270,3796,8986,73215,31849,11552
2010,9,29,34606,94328,9490,26057,11369,1388.6,1493,1225,2724,7854,50269,19536,31826
2010,9,30,44166,36474,21318,22982,1643,1388.6,760,1572,3694,5879,20031,16778,11996
2010,10,1,17282,45610,78932,9521,18825,1779.29,966,4503,1621,6534,40872,18446,27133
2010,10,2,33028,8450,27523,63302,58719,1779.29,3819,1543,4728,6314,13185,13075,13411
2010,10,3,43913,28968,58123,46144,65351,1779.29,1277,2631,4270,5208,17018,18902,28662
2010,10,4,98694,68983,38950,35315,55517,1779.29,974,4895,4623,7635,84549,29693,46174
2010,10,5,77399,8369,91238,28479,71521,1779.29,1553,1784,1093,6027,77927,31443,20775
2010,10,6,61041,70557,30428,51663,25766,1779.29,1108,4458,4265,6410,76124,29781,38932
2010,10,7,12584,96238,1029,33559,60226,1779.29,4604,2623,1649,7193,82453,48169,1930
2010,10,8,57968,24007,46306,24062,56387,1779.29,1856,2426,1141,9162,69089,13062,40585
2010,10,9,57567,46550,77717,81832,62960,1779.29,2964,1895,2782,8993,41805,43007,20193
2010,10,10,97275,71410,96983,23925,8603,1779.29,3445,2922,4793,9512,23335,42531,29436
2010,10,11,41688,95192,9959,52829,13828,1779.29,2438,1393,3300,5238,53225,37612,45400
2010,10,12,70348,31190,29508,69482,26535,1779.29,2488,3809,4074,5822,47733,34028,37665
2010,10,13,21610,86179,66951,57755,87282,1779.29,582,3969,1829,6596,98149,32008,6638
2010,10,14,71996,20589,3402,46648,37095,1779.29,4259,3793,1050,8182,93274,47054,22979
2010,10,15,17784,22115,87216,93210,47937,1779.29,3589,1804,3831,6892,43652,41112,1301
2010,10,16,83530,93939,86434,1711,70535,1779.29,3718,3881,2875,6954,11066,24969,1882
2010,10,17,26451,89789,15116,63323,19907,1779.29,1729,4041,1856,7898,47250,11144,8390
2010,10,18,81598,40841,97043,35429,17733,1779.29,2892,2613,1978,5678,19324,37870,40695
2010,10,19,96614,69395,96752,50841,22867,1779.29,809,1348,3419,7276,28991,44678,18632
2010,10,20,82019,55721,15072,28875,86018,1779.29,886,2614,1742,6834,19394,19950,28675
2010,10,21,10459,28639,87564,61443,24317,1779.29,664,2281,1282,9690,88121,15500,6888
2010,10,22,47400,30284,81170,72171,87560,1779.29,3200,1868,2233,8272,14803,34602,26514
2010,10,23,26947,71175,52217,62813,24587,1779.29,2762,1750,1601,5350,12839,40917,37963
2010,10,24,43566,28505,94552,36200,57272,1779.29,1699,1022,4307,9221,93193,33219,32673
2010,10,25,75735,26394,19149,74320,74666,1779.29,3922,1611,1478,7490,80775,46064,1250
2010,10,26,15454,13538,97462,32055,50216,1779.29,4323,1126,1509,7758,46331,45132,26654
2010,10,27,82900,14383,66156,12207,63604,1779.29,860,1388,1492,7478,30009,26759,9349
2010,10,28,31231,88932,94723,52709,16422,1779.29,526,1874,1578,8938,80280,21954,25499
2010,10,29,55592,69605,98439,27101,53479,1779.29,3584,1377,1018,9488,64936,10928,44770
2010,10,30,14088,26714,11150,16182,7640,1779.29,4292,1838,1441,8038,15868,29214,41159
2010,10,31,95865,39407,11090,17605,68345,1779.29,4558,1178,2325,7997,67387,47156,7722
2010,11,1,72324,83534,24623,27064,48470,1637.27,2502,1534,2583,5750,99174,15093,46435
2010,11,2,99328,54397,27887,3343,78678,1637.27,558,3083,4541,6334,11146,42263,7101
2010,11,3,22722,43067,19589,27071,26806,1637.27,1188,4129,1630,7163,26192,31451,16745
2010,11,4,29950,47,22987,37533,90083,1637.27,3977,4409,2909,6863,18216,21586,22162
2010,11,5,70316,24663,6023,4858,74177,1637.27,2120,1897,1868,6130,40319,28673,8802
2010,11,6,66158,32861,77803,49140,66376,1637.27,590,1324,1602,7164,50208,26827,20347
2010,11,7,42091,69186,32589,35000,32401,1637.27,2937,2715,2706,8959,15154,13774,41693
2010,11,8,37762,71045,70133,89630,70458,1637.27,3302,1614,4663,9858,16910,26038,10452
2010,11,9,82804,82696,22363,19549,2625,1637.27,1375,1066,3107,8964,12417,13728,22571
2010,11,10,37009,35356,9576,36067,80667,1637.27,4300,3427,1802,9432,24408,41353,33500
2010,11,11,6237,9064,44320,82252,71521,1637.27,3290,1360,4119,7004,90224,48096,46425
2010,11,12,19576,52952,9163,94035,31916,1637.27,894,1130,3287,6821,21341,15842,37933
2010,11,13,76673,30643,88734,97569,26427,1637.27,3921,4014,3556,6490,31266,10076,13142
2010,11,14,79665,39557,97105,25137,86561,1637.27,4584,2487,1146,5098,16522,38547,37329
2010,11,15,53031,33769,73823,42670,76942,1637.27,1623,3613,2158,6862,51182,18584,45165
2010,11,16,31202,40104,17600,69759,89697,1637.27,1186,1434,4773,6590,10848,41333,48866
2010,11,17,96971,16785,13822,37251,31884,1637.27,2149,4913,1815,5971,27583,23756,46696
2010,11,18,27488,40559,27370,69646,58619,1637.27,4582,4819,1078,8754,75929,41055,44904
2010,11,19,37399,72117,26768,42172,81759,1637.27,4856,3729,1514,9974,32331,18987,3969
2010,11,20,26725,74481,20254,39892,6804,1637.27,3647,4291,4746,7369,20288,29716,14189
2010,11,21,52273,74871,85888,3632,63404,1637.27,4686,1612,1170,7806,59324,32043,11818
2010,11,22,58127,9182,27125,28879,89211,1637.27,4218,2287,1178,8952,72178,14192,9456
2010,11,23,48660,2179,7735,69758,59548,1637.27,4473,3171,4245,5360,31803,49000,44375
2010,11,24,13530,92842,16155,63815,97000,1637.27,858,1070,4659,5974,11702,40222,25479
2010,11,25,98791,64575,22510,49078,65398,1637.27,2520,4056,3217,6606,11190,39116,11040
2010,11,26,90982,65991,17289,26579,1351,1637.27,578,1232,3284,6958,95046,10578,15444
2010,11,27,17212,7257,26762,18223,46592,1637.27,3444,1554,1691,7305,10810,14186,27118
2010,11,28,58346,33332,87497,87915,79938,1637.27,2031,1846,1654,8648,13848,37706,4014
2010,11,29,59763,39428,18939,34399,81160,1637.27,1034,4722,2593,5602,49297,34184,13985
2010,11,30,59914,74094,29566,67958,21400,1637.27,1397,1096,1078,5246,84010,19996,40376
2010,12,1,77394,57267,35616,71713,87468,1589,2826,1894,2259,8577,24405,22595,23322
2010,12,2,4612,39129,10189,37408,4778,1589,3673,3870,1186,7982,16621,47017,44373
2010,12,3,55732,12718,87076,978,13081,1589,1589,1922,2042,8846,78538,34509,23424
2010,12,4,25526,42717,61404,84137,41294,1589,3083,1820,2640,6554,99664,12417,2161
2010,12,5,93997,29690,41289,50639,44024,1589,2655,4755,1979,9470,11862,16411,24262
2010,12,6,24507,83674,23237,71549,85878,1589,1057,2754,1696,7634,11890,18488,18127
2010,12,7,85973,84975,64394,59966,84599,1589,2382,4946,1451,8182,45584,20475,30411
2010,12,8,54285,93240,70231,57616,44323,1589,4026,3828,1986,7238,40376,23217,37315
2010,12,9,48094,62786,973,8937,62950,1589,2424,1122,1090,8170,25238,15138,29215
2010,12,10,4933,47622,10086,31384,43996,1589,1858,3279,1074,8440,55894,19176,5670
2010,12,11,75756,46273,78412,46744,59888,1589,4960,2980,4276,7284,33268,27225,35140
2010,12,12,66500,77045,42499,97040,1567,1589,3530,2850,1710,8615,54234,25705,17738
2010,12,13,10637,72445,90338,92250,60886,1589,1832,1640,2504,6595,99735,18743,46232
2010,12,14,48087,19696,93076,62363,56981,1589,4587,4831,1091,8438,36870,37658,42696
2010,12,15,82528,65401,60509,14238,20368,1589,1294,2356,3539,6631,55957,14424,31095
2010,12,16,59216,74143,17417,68072,70738,1589,1814,1478,3198,6241,97538,26530,17152
2010,12,17,88937,53479,66362,25028,51917,1589,4037,1600,1336,5898,81384,38056,19585
2010,12,18,86993,87679,1765,6884,663,1589,2659,4877,1863,5075,27948,18953,7722
2010,12,19,38579,81115,54130,91778,43708,1589,4659,2643,1230,8238,74022,23413,1668
2010,12,20,36958,69413,24209,38294,25311,1589,1349,3654,4623,8113,35538,10285,5593
2010,12,21,35836,23198,86515,84051,44626,1589,3003,4555,1928,7132,91332,11280,30815
2010,12,22,8801,25993,4631,30298,43366,1589,574,1318,1546,8552,18615,12166,45005
2010,12,23,66217,11318,51086,75840,5783,1589,2476,2969,1172,8990,42020,37149,36624
2010,12,24,19805,45024,86706,48085,2157,1589,638,2308,1733,8494,73957,30098,44390
2010,12,25,36058,94021,76773,16827,38293,1589,4256,1730,4409,5606,96699,45191,11741
2010,12,26,93317,99176,3162,35842,88166,1589,4342,4321,1556,6047,88757,17434,45182
2010,12,27,36790,8829,52373,73523,49882,1589,4973,2290,1702,6204,35468,41346,26331
2010,12,28,74838,91078,12207,14247,81419,1589,4438,1087,4432,8951,43280,28949,8906
2010,12,29,24133,82623,69623,30689,25023,1589,753,1811,2207,8964,51685,33440,8380
2010,12,30,67160,38011,35732,3863,1109,1589,862,2297,3628,7544,22896,26399,37552
2010,12,31,49025,98687,67487,73458,77638,1589,2406,1769,1092,8146,48809,17974,27119
2011,1,1,20915,29278,13969,45393,97316,1508.39,3903,1330,1696,5540,52785,13610,13761
2011,1,2,44327,45084,82024,68094,67980,1508.39,3469,1665,3612,6926,60654,35730,24775
2011,1,3,25686,78776,11824,14067,27585,1508.39,826,4851,4919,9238,26595,22234,29290
2011,1,4,54908,55499,73912,70751,88265,1508.39,1004,3942,3132,8873,33387,22463,26698
2011,1,5,63648,66857,55481,22261,73784,1508.39,4342,1650,4909,6165,29886,38845,16135
2011,1,6,31808,90713,3697,56727,81860,1508.39,634,1766,1590,9223,23868,40406,30292
2011,1,7,12273,14367,55701,16757,3240,1508.39,4219,3238,1896,8478,11006,46078,39088
2011,1,8,93538,29842,61899,88447,82359,1508.39,3644,1044,3849,7394,87243,47060,41785
2011,1,9,10337,98908,50179,12479,68132,1508.39,2884,1755,4764,8584,13512,24355,24047
2011,1,10,64024,19084,7595,19967,80136,1508.39,2397,3672,1284,8600,78471,24348,29445
2011,1,11,52433,38468,4866,67634,2160,1508.39,4693,2495,2368,9752,24973,41851,8462
2011,1,12,5270,44210,88608,26387,19146,1508.39,741,3168,2554,9384,19487,34041,18472
2011,1,13,4133,1885,24067,96122,62532,1508.39,948,1315,2356,6778,98948,19040,18890
2011,1,14,16501,63642,88364,40221,94865,1508.39,2072,1486,1030,7031,42872,18800,29689
2011,1,15,55503,93614,8917,9409,84654,1508.39,3450,1166,2991,7516,10134,25522,44756
2011,1,16,86406,88081,73191,60114,96120,1508.39,980,2619,2132,8696,69191,13348,22139
2011,1,17,54033,17616,79835,60635,54647,1508.39,614,1500,2672,5297,52261,17325,22707
2011,1,18,40053,95712,38815,19396,79580,1508.39,1270,2336,4504,8930,58801,13960,40073
2011,1,19,22951,94782,69595,75083,19126,1508.39,3431,4509,2753,9244,50143,43752,5139
2011,1,20,57325,36525,70253,6349,48175,1508.39,550,4578,1866,8839,23974,30507,38866
2011,1,21,18912,85245,29196,79769,36057,1508.39,1743,4006,4130,5390,34089,34607,4349
2011,1,22,77829,88873,24117,66934,23490,1508.39,685,2165,3487,7290,14082,41661,40612
2011,1,23,36156,43539,96241,87085,22378,1508.39,3943,2641,3162,9491,53761,24218,36567
2011,1,24,83840,90505,33225,82970,29547,1508.39,2576,3726,2537,8044,90660,12379,33666
2011,1,25,65008,1346,9545,8496,14988,1508.39,1508,1143,4300,9100,54579,28030,29411
2011,1,26,65667,88523,85672,3829,84366,1508.39,4398,3205,1288,7623,67526,42187,5785
2011,1,27,11289,85104,15914,179,59500,1508.39,3909,4507,4271,9620,49354,39258,6574
2011,1,28,84216,82215,90402,89869,27668,1508.39,2898,4685,4855,7148,13514,18614,11333
2011,1,29,59354,7913,18778,21994,51888,1508.39,4180,4528,2759,6446,79706,13610,36305
2011,1,30,53020,8616,4470,77291,79773,1508.39,1549,3988,2390,6614,53856,30057,20176
2011,1,31,84636,71755,89743,50843,91676,1508.39,1414,2380,3873,6544,11460,12112,19609
2011,2,1,36259,91641,26960,82705,71347,2800.36,2075,1313,1558,9366,92438,31566,40570
2011,2,2,62268,72779,33957,1922,42987,2800.36,2908,4740,1460,7510,22767,12146,30366
2011,2,3,71518,6500,16294,8062,28577,2800.36,2261,4834,1782,9302,63890,15500,28407
2011,2,4,97494,15967,20411,8885,61685,2800.36,912,3951,1978,6142,42224,44964,29201
2011,2,5,71126,45134,76057,7586,15236,2800.36,950,1752,1674,5312,11165,16694,48824
2011,2,6,57410,74779,31438,93808,81703,2800.36,2904,1106,1294,8315,17758,22978,45329
2011,2,7,67516,11236,13282,85847,51996,2800.36,810,3120,1990,6867,47057,32226,5506
2011,2,8,22043,43415,35331,43718,56066,2800.36,650,3474,2626,7058,14574,35681,12849
2011,2,9,37086,25187,31230,64732,79854,2800.36,4061,3721,1897,7342,49567,15244,35662
2011,2,10,39201,96730,38365,56191,3597,2800.36,3416,1288,1566,6966,85708,17605,1774
2011,2,11,2948,96029,31080,56926,37786,2800.36,2606,1223,1252,6294,55954,42457,4714
2011,2,12,92202,26369,72531,39099,93711,2800.36,694,4262,1502,9058,21805,38775,38450
2011,2,13,27184,26574,80767,72371,66673,2800.36,4975,4619,2502,7407,26545,16640,16475
2011,2,14,8473,35504,7864,21077,75692,2800.36,3534,2892,1537,9694,23342,16600,30170
2011,2,15,40867,94037,82215,76046,19447,2800.36,1172,1629,1196,7786,35351,47265,4020
2011,2,16,94766,41680,83238,73621,95439,2800.36,530,3910,1170,8960,41339,20976,9783
2011,2,17,10997,54874,5221,33887,73642,2800.36,982,4507,2598,9052,13818,42044,28563
2011,2,18,53073,54430,5026,18,82721,2800.36,3634,2485,2056,6871,51105,27494,40378
2011,2,19,6654,57718,97757,68292,72193,2800.36,619,4541,1310,6790,33427,33962,39096
2011,2,20,39403,266,98470,78354,49318,2800.36,1749,3741,1155,7130,18758,17760,21727
2011,2,21,82153,48746,52713,80561,45617,2800.36,3054,2270,2887,8678,36913,16432,3819
2011,2,22,11259,42533,65974,21579,53373,2800.36,540,4127,1017,5942,15358,15334,49401
2011,2,23,42089,40582,429,18244,82357,2800.36,3470,1730,4283,6182,61420,29900,35539
2011,2,24,66353,35827,98523,44241,7990,2800.36,672,1208,2967,6004,57177,47692,35436
2011,2,25,92398,79071,73172,8415,99433,2800.36,870,2872,3936,6880,92467,32645,27004
2011,2,26,42420,85938,13506,26703,32120,2800.36,2954,3472,3456,5934,59064,17797,41279
2011,2,27,6912,69737,3397,1232,62734,2800.36,560,1482,2348,8446,96248,21780,26927
2011,2,28,31802,2701,46005,65738,9582,2800.36,3382,2000,4408,8240,95054,22879,38472
2011,3,1,68010,71352,79327,55838,46768,2519.42,4101,1503,1872,6684,95588,43798,47125
2011,3,2,61960,83423,16147,16758,96023,2519.42,3558,3723,1158,5246,16618,38753,4279
2011,3,3,45383,76657,29514,73623,88063,2519.42,4492,2423,1686,5170,28261,36864,2394
2011,3,4,52295,23715,69720,19168,20399,2519.42,4317,3709,1462,7294,15466,11105,15309
2011,3,5,16095,80377,76181,82730,27376,2519.42,2834,2757,2492,7348,62731,31906,1684
2011,3,6,19742,88576,54331,26190,93747,2519.42,3053,2392,2657,5556,81559,18824,48944
2011,3,7,14434,77230,58117,95868,89046,2519.42,1972,1491,1270,6314,16910,47685,23583
2011,3,8,50341,92056,70444,27833,9404,2519.42,1091,1002,3102,6886,71685,31848,49527
2011,3,9,95717,51092,94241,34726,83865,2519.42,4132,4649,1476,9022,10516,24778,42153
2011,3,10,42183,83842,96270,28845,33346,2519.42,1529,3686,3897,6658,27870,34652,16843
2011,3,11,62852,53962,96501,17306,34383,2519.42,505,1450,4276,6097,81175,19492,18186
2011,3,12,84602,91660,50494,70335,43908,2519.42,966,2441,4851,7734,31285,28196,11011
2011,3,13,74577,74168,78235,99826,87492,2519.42,4477,1694,1206,7886,83999,10801,6106
2011,3,14,15515,65857,57252,51144,41955,2519.42,1987,1555,1526,7481,96890,40346,38428
2011,3,15,98492,58355,9140,59695,32441,2519.42,4242,2016,1898,9938,23193,34787,6778
2011,3,16,38583,57671,1483,98649,5000,2519.42,4449,1038,2690,6116,71657,19298,1834
2011,3,17,37833,58645,52552,84271,96126,2519.42,4616,1946,4148,7542,70662,13186,49442
2011,3,18,56886,41258,79958,4182,73735,2519.42,3968,2316,2173,7350,27316,32172,3151
2011,3,19,58637,53119,2687,26327,36172,2519.42,970,4003,1394,9756,58273,11817,40696
2011,3,20,70668,49243,89139,94816,49351,2519.42,2755,2587,2409,7712,26768,41143,26153
2011,3,21,67216,82089,19812,44389,38892,2519.42,2912,2527,1014,5599,23853,11106,47129
2011,3,22,52647,76176,26773,18339,81049,2519.42,1508,1715,1288,5646,62882,49989,35046
2011,3,23,78151,30639,38929,95561,94703,2519.42,3055,1917,4137,5744,22657,12142,32049
2011,3,24,86348,65571,556,86594,27522,2519.42,4362,1406,1935,9974,14858,47983,40761
2011,3,25,83884,11367,66052,34524,13365,2519.42,864,1514,4571,9793,87074,17126,28934
2011,3,26,88194,90131,32544,52331,29350,2519.42,1710,1402,3475,9090,18641,30996,21554
2011,3,27,13026,74356,77516,46313,56842,2519.42,648,1458,1606,6699,75247,33455,42374
2011,3,28,55633,26113,41323,31557,32258,2519.42,2182,1830,1230,8686,89133,30579,44749
2011,3,29,22631,60844,96276,76106,49462,2519.42,3453,3838,1256,7822,25151,12464,31269
2011,3,30,59695,85800,3190,79787,28851,2519.42,4593,1678,2252,7390,32390,19509,44789
2011,3,31,15665,50925,6313,66895,2003,2519.42,2474,1978,1288,7094,17090,22101,45446
2011,4,1,90544,941,96994,57865,42444,3045.67,2559,4594,3999,7345,73444,40139,25811
2011,4,2,43291,74279,27393,14207,23022,3045.67,4870,3945,4565,6764,92299,15010,13254
2011,4,3,60591,33285,87652,37045,50375,3045.67,3414,2269,2044,7066,31486,19487,26105
2011,4,4,17570,49046,14082,12921,62743,3045.67,4412,1032,3156,6804,20238,18982,3878
2011,4,5,60058,66461,91475,95976,79578,3045.67,2337,1406,2058,5390,93563,33784,33775
2011,4,6,57446,21978,57406,84490,80090,3045.67,668,4010,4288,6166,43283,17030,38892
2011,4,7,4641,62696,39416,99149,9500,3045.67,1677,1826,2466,8151,98235,22043,26006
2011,4,8,8278,25574,78563,41688,56914,3045.67,1823,4358,1850,9229,15200,13802,22127
2011,4,9,88121,85530,20908,42410,2644,3045.67,791,3635,1885,5206,22783,10974,14191
2011,4,10,91213,55813,54997,50031,63965,3045.67,3425,3593,3805,6987,30281,35718,3233
2011,4,11,55466,72105,66430,82274,87686,3045.67,4169,2158,3510,5494,34567,36153,31630
2011,4,12,90619,26711,9790,33856,58270,3045.67,2943,1676,4737,7940,15863,35053,48925
2011,4,13,27525,4289,73647,6330,87628,3045.67,3399,3093,3736,9510,25366,46421,20280
2011,4,14,22810,30888,88580,6320,57317,3045.67,3825,2934,1209,8614,81790,40830,39499
2011,4,15,83891,84734,6664,88628,59026,3045.67,3680,1549,1814,7368,18470,14441,22527
2011,4,16,311,83983,73887,9047,25163,3045.67,946,4324,1492,8104,86995,15262,15605
2011,4,17,49899,95821,68095,32460,30787,3045.67,3289,4677,2322,9952,19656,26347,16237
2011,4,18,18831,9690,29250,45645,73369,3045.67,1437,3678,3813,6676,82725,30328,4832
2011,4,19,82281,4546,61005,45125,14945,3045.67,578,4842,3820,6768,13653,24606,48000
2011,4,20,99616,86943,5636,66938,83247,3045.67,4637,2076,4981,8886,47720,24701,25293
2011,4,21,10070,40511,14732,48884,7187,3045.67,563,1646,3353,6567,50943,33298,47457
2011,4,22,54567,16228,14493,14739,65959,3045.67,4345,1158,1440,5358,48863,14687,28147
2011,4,23,36625,58501,16764,87958,13739,3045.67,2658,3808,2698,7494,89043,11236,30837
2011,4,24,57551,50959,67055,75905,57526,3045.67,554,3443,1929,6398,43182,32887,34350
2011,4,25,897,48880,14814,32338,60212,3045.67,2024,3188,3529,9526,17497,18214,13678
2011,4,26,60976,46509,76077,98674,90251,3045.67,1261,2800,2429,6642,23704,12622,31472
2011,4,27,94018,65611,34750,77299,22010,3045.67,774,2905,3162,5434,55242,19726,27932
2011,4,28,21381,18619,32915,59911,98759,3045.67,3530,1085,1919,7734,91111,14114,1678
2011,4,29,2430,67373,51323,34859,27041,3045.67,1164,1058,1989,9090,98356,28998,41379
2011,4,30,86550,24895,1904,29712,82599,3045.67,789,3978,3468,8703,80240,23578,23499
2011,5,1,8771,99665,78739,29729,7128,2111.84,3509,1712,3582,9719,17892,24960,32261
2011,5,2,57236,55303,98302,49502,70011,2111.84,2402,1257,1120,8465,93855,35405,27300
2011,5,3,64256,14186,93874,62959,10779,2111.84,4777,4548,3468,9868,65629,40595,17453
2011,5,4,22129,30491,31447,72063,30211,2111.84,3374,3797,2344,6734,69650,14720,15691
2011,5,5,5328,22053,34965,17235,20519,2111.84,2639,4773,4356,6513,64083,20134,28820
2011,5,6,13966,25214,6036,47434,65082,2111.84,4380,3561,3506,8742,91975,15068,38017
2011,5,7,17870,5350,68867,55214,33378,2111.84,3920,1062,1148,7778,72291,47439,38517
2011,5,8,59056,74932,82213,34765,71445,2111.84,4898,1761,2860,7285,65546,19293,12648
2011,5,9,15302,69927,72855,33809,22105,2111.84,942,1325,1531,8198,11539,19908,14830
2011,5,10,22612,6812,74966,99533,20697,2111.84,1971,1103,3540,5535,30867,19978,47258
2011,5,11,58183,35767,28098,62396,79404,2111.84,1688,4705,4921,7230,44865,16270,43644
2011,5,12,85725,60094,58352,72256,44189,2111.84,3516,3151,4405,6972,99035,30101,36243
2011,5,13,47091,96007,42558,85631,7894,2111.84,1966,2427,1094,9334,44822,19814,23425
2011,5,14,50059,92864,99652,29980,13759,2111.84,3357,1678,1932,6130,88090,31501,10869
2011,5,15,25655,96607,81005,35060,96440,2111.84,1513,4882,2397,8150,61864,19190,30040
2011,5,16,97495,90184,99071,23038,30247,2111.84,2983,1657,3107,7982,26636,33217,10245
2011,5,17,4855,91346,99053,25816,14406,2111.84,2317,1094,1750,9356,75119,12891,37143
2011,5,18,84714,56633,89126,77111,80703,2111.84,3753,3196,1173,5656,17585,37771,1992
2011,5,19,53068,45569,84429,22528,5907,2111.84,744,1530,3762,9602,36576,33168,27418
2011,5,20,8291,60246,89580,24743,64919,2111.84,2634,1976,2682,6759,43094,34736,14699
2011,5,21,94102,53200,29286,35275,46023,2111.84,3046,1794,3791,7662,37968,14697,46871
2011,5,22,67596,43714,25459,86359,64862,2111.84,878,4504,4983,5457,14246,36253,28387
2011,5,23,6509,51881,2238,60543,94993,2111.84,568,4093,1234,9138,24368,27256,11684
2011,5,24,87787,63767,9050,96578,3945,2111.84,2627,1540,2083,6180,57898,38296,47019
2011,5,25,47824,10129,77801,2807,51938,2111.84,832,4797,1146,7648,35340,10552,42048
2011,5,26,35684,46972,44366,66918,87888,2111.84,525,1356,3851,9575,88603,11210,35086
2011,5,27,32946,16231,40688,56381,85668,2111.84,4676,3490,1190,9938,52648,27003,14938
2011,5,28,30877,24412,51801,91156,82061,2111.84,1427,4095,1882,6406,17365,38350,3493
2011,5,29,75878,77891,30377,41081,63818,2111.84,938,3114,1561,7390,69494,14350,35332
2011,5,30,65853,30524,3423,7271,69353,2111.84,4273,1894,1833,9730,15480,45245,22423
2011,5,31,72271,54163,29342,39086,61307,2111.84,2436,3535,1906,8338,94615,21118,46707
2011,6,1,21196,34233,27409,72111,20080,1983.17,4314,1214,1534,6366,36306,23184,47341
2011,6,2,62210,36535,70018,30988,44270,1983.17,3257,4784,1922,9398,76090,24014,31616
2011,6,3,36131,29627,31315,76647,40594,1983.17,2493,1788,3017,6253,50250,23096,2433
2011,6,4,93594,4566,90051,10708,82502,1983.17,1002,4711,4242,6613,75698,39863,26357
2011,6,5,68229,95308,54648,79185,37650,1983.17,4550,1126,3068,6982,66778,33661,47091
2011,6,6,69650,19273,11803,72667,15526,1983.17,2114,1914,4321,8686,36178,31823,28405
2011,6,7,28521,36423,26535,24115,23036,1983.17,3977,1263,3891,8625,86799,17892,18585
2011,6,8,65716,56350,58025,58784,73566,1983.17,3796,3214,1738,6950,15880,25952,24804
2011,6,9,15356,27995,1424,14677,46511,1983.17,1499,1382,1534,9385,15496,29763,3955
2011,6,10,57970,79475,21027,88213,98100,1983.17,1105,1398,1062,8268,38949,16394,24178
2011,6,11,55285,64098,13659,15712,1049,1983.17,1664,1403,3885,9439,47431,36747,45891
2011,6,12,63394,60284,28131,53770,99669,1983.17,4884,3990,3100,7350,62202,37551,43627
2011,6,13,45088,18308,17718,41966,48790,1983.17,2409,4073,2116,6067,19785,38164,23019
2011,6,14,71958,11450,70920,62195,37241,1983.17,3942,1278,4985,6858,70755,44654,18351
2011,6,15,87051,70641,68645,26504,7903,1983.17,4054,4342,1022,7118,11307,30647,47199
2011,6,16,71143,23717,34721,8259,66136,1983.17,2774,4445,2306,7396,16639,19547,4506
2011,6,17,68397,31934,36534,63382,75358,1983.17,4387,3760,4280,9383,10536,17534,23641
2011,6,18,6583,85670,71526,88441,83794,1983.17,4087,4936,4253,5398,63194,10786,49185
2011,6,19,24666,42322,59834,23324,76015,1983.17,4222,1534,4758,5755,40496,16468,42826
2011,6,20,19397,14884,11581,30029,90620,1983.17,3563,2201,3864,6440,85641,10662,33196
2011,6,21,35626,21081,73947,74879,91240,1983.17,1618,2256,1636,6452,55580,38180,3493
2011,6,22,49278,31155,48943,90388,26911,1983.17,3207,2658,1358,9584,18086,11293,39439
2011,6,23,84335,57603,24847,3200,94043,1983.17,2209,1019,2919,5024,20897,11030,26840
2011,6,24,66000,33869,87768,61814,90321,1983.17,4993,1908,1716,5287,62688,34115,9700
2011,6,25,21079,85897,13126,41753,37036,1983.17,4397,2722,1118,9670,40921,13034,22165
2011,6,26,37435,79483,52533,1706,91990,1983.17,2215,2988,3649,9974,36153,30321,39782
2011,6,27,21034,2499,86271,11888,17787,1983.17,2354,3864,2559,5480,96968,20946,15312
2011,6,28,13997,82718,58669,10115,93313,1983.17,2978,1502,1722,5510,32451,15086,15942
2011,6,29,91645,89667,78106,15294,51002,1983.17,1967,3386,3109,9188,16625,14470,14259
2011,6,30,29901,78981,89760,97460,70813,1983.17,3406,1160,1602,7074,27626,29108,3080
2011,7,1,60605,26207,4792,46116,58658,3000.52,4111,4675,3013,5756,32028,33623,8557
2011,7,2,47724,20416,66733,12314,37041,3000.52,2213,2372,3738,6025,19536,26817,17628
2011,7,3,74432,20697,28966,67858,48323,3000.52,2225,3927,1272,8369,71394,25640,8074
2011,7,4,23278,41858,90317,26291,27614,3000.52,4913,1378,4111,6646,87650,12504,38697
2011,7,5,60626,46216,61229,84365,2241,3000.52,2533,3023,1461,6499,77233,16136,30766
2011,7,6,80925,70811,75064,31557,69180,3000.52,2196,3808,4666,7738,35098,32279,12810
2011,7,7,2562,11365,23969,78025,54363,3000.52,528,4987,4186,8109,15703,42778,27971
2011,7,8,48875,43238,85803,50336,16089,3000.52,1471,3364,1646,7886,61272,35729,29388
2011,7,9,87048,34822,44538,91714,98686,3000.52,700,2598,3704,5390,95623,28066,45989
2011,7,10,8637,2504,9406,82823,70613,3000.52,600,4486,1050,7754,86174,17138,41462
2011,7,11,73494,18998,46855,40044,26885,3000.52,2124,1162,2948,6661,38349,41633,8128
2011,7,12,49002,95047,75585,72706,75712,3000.52,2123,4347,1142,5772,67169,27027,21208
2011,7,13,34343,59123,12866,35393,53229,3000.52,3882,3074,4389,5736,83117,27625,15392
2011,7,14,23864,75242,7909,66812,28255,3000.52,4797,3608,1303,6246,82665,33367,46258
2011,7,15,87941,49790,17715,78003,42671,3000.52,1381,3364,1710,8504,28756,46290,1237
2011,7,16,99639,97639,89365,50380,29727,3000.52,3004,3590,4074,9090,20401,17372,22482
2011,7,17,14875,61551,2290,72531,61932,3000.52,897,4871,1095,7232,44226,43765,34955
2011,7,18,41200,15608,3482,17910,16207,3000.52,4200,2197,1227,9916,82576,25954,32238
2011,7,19,58751,10582,45897,22825,62847,3000.52,1505,2720,4200,7598,50250,22483,32650
2011,7,20,35102,56148,72356,86197,96112,3000.52,1314,2310,4892,9795,71572,31099,32934
2011,7,21,48386,52125,13297,10965,22041,3000.52,3270,1590,2805,9166,19967,35651,45873
2011,7,22,31817,51473,79725,92369,1620,3000.52,4851,1720,3826,7126,22916,31289,46327
2011,7,23,36492,35583,84952,17737,35379,3000.52,778,3763,3647,8483,11079,30688,6524
2011,7,24,40708,14351,27831,79866,79869,3000.52,1868,3036,4270,6398,20404,17241,47798
2011,7,25,24272,51609,70314,43098,55167,3000.52,4386,3010,1382,9337,25746,30542,9582
2011,7,26,32214,57286,80658,57213,2121,3000.52,2900,2827,2438,8362,39044,18526,8089
2011,7,27,79881,20914,46696,95503,98858,3000.52,4095,3128,3708,9408,82577,40226,17101
2011,7,28,8991,56964,98237,70507,32654,3000.52,2400,1218,2619,8057,38430,49739,40335
2011,7,29,72498,42684,58920,94937,74767,3000.52,3595,4646,3876,6642,66501,17734,47964
2011,7,30,43743,95597,57215,78803,95006,3000.52,772,1418,3107,7244,90853,45760,39793
2011,7,31,40305,58254,43331,54276,22663,3000.52,744,1511,4444,5638,12904,49210,31762
2011,8,1,36395,70209,78831,29390,53062,1406.48,3131,3658,1110,8286,60015,19854,12917
2011,8,2,53668,96715,39383,53637,3920,1406.48,594,2172,4825,9146,19126,26586,35143
2011,8,3,34936,12698,51031,96926,35498,1406.48,526,3243,3152,5708,17632,12438,16593
2011,8,4,64977,7117,71225,35108,75403,1406.48,1381,1714,4305,6174,99057,48224,31240
2011,8,5,2259,9351,10397,47084,90271,1406.48,982,1557,1983,8478,38482,42480,27935
2011,8,6,23996,79009,97077,93500,31070,1406.48,4713,1045,3176,7289,47504,29930,31061
2011,8,7,18529,8887,75352,79186,26002,1406.48,2409,4611,1463,8324,91694,13476,40762
2011,8,8,82092,98068,48291,55428,55471,1406.48,4259,4465,2132,5370,72965,29553,3125
2011,8,9,92397,89031,25600,46925,76321,1406.48,3207,1200,4693,9830,90386,40695,39456
2011,8,10,75672,17796,85307,8487,71954,1406.48,906,1614,1420,9861,25823,46891,43354
2011,8,11,82986,90084,42709,81471,67771,1406.48,2375,1518,2408,5958,39795,13728,32026
2011,8,12,58783,33003,41281,73476,17913,1406.48,4170,4936,1638,5829,18422,16506,48019
2011,8,13,25535,49995,40868,33307,29856,1406.48,1549,4193,4478,9258,10663,14506,33044
2011,8,14,87636,54391,50120,25044,23718,1406.48,522,2499,2916,5522,55974,40828,39915
2011,8,15,60775,86498,50765,42941,2327,1406.48,3411,4212,1076,8568,77518,31740,35540
2011,8,16,53675,74069,10934,43153,29679,1406.48,810,2313,2339,8454,58709,16056,37949
2011,8,17,56786,30185,98556,79702,42941,1406.48,1882,3715,2378,7646,46655,19418,20882
2011,8,18,89538,76420,3917,25071,30699,1406.48,3163,1458,1855,7318,43876,17885,47788
2011,8,19,88398,60629,51551,97089,27501,1406.48,4496,4285,1796,8816,63987,49736,10260
2011,8,20,15285,870,19804,72664,4868,1406.48,3719,1524,4230,8988,35827,39928,16460
2011,8,21,83128,75343,7005,54983,25792,1406.48,4219,1090,1508,6222,27628,39008,1772
2011,8,22,67382,73477,39647,24178,17880,1406.48,540,4515,1718,5046,38530,42073,3634
2011,8,23,42881,3603,52831,2111,72591,1406.48,3390,1444,1438,5394,27051,12296,5011
2011,8,24,66275,16271,36684,94135,73392,1406.48,4495,2124,4139,9141,81301,22018,30664
2011,8,25,9127,21568,37887,29981,97989,1406.48,2053,1746,1782,9958,42978,18960,26417
2011,8,26,46247,51369,24678,26599,66763,1406.48,4094,3036,1414,8546,43522,24094,18081
2011,8,27,82794,93018,31219,53285,82159,1406.48,1655,1284,1791,9541,37616,14779,28873
2011,8,28,55958,26023,5648,52329,67259,1406.48,1288,4856,1345,9302,72806,33107,48626
2011,8,29,30399,21901,32496,47454,24031,1406.48,2899,3175,1578,5469,76459,17545,26018
2011,8,30,14342,34467,75183,97485,14008,1406.48,2263,1317,1446,8534,38645,38782,29151
2011,8,31,49240,59934,68639,65585,38604,1406.48,838,4002,4697,7538,32807,20079,41446
2011,9,1,70707,43255,75296,56176,36067,2996.93,1869,1884,1462,8716,14422,29877,9193
2011,9,2,62970,3562,35050,47232,42207,2996.93,2823,3491,3822,8407,57095,17718,23833
2011,9,3,43452,42450,79966,57342,75257,2996.93,3601,2314,4651,5248,18489,12069,1750
2011,9,4,14442,21711,98954,81520,22417,2996.93,1396,1570,4758,5606,48968,11964,16198
2011,9,5,2983,61792,96809,61805,56552,2996.93,3424,1526,2704,9492,73695,37960,3904
2011,9,6,91138,37298,66627,50789,8898,2996.93,4209,4690,3178,9040,21210,45594,1468
2011,9,7,10713,82607,47332,30472,95405,2996.93,3787,3386,1600,5595,76543,47346,12652
2011,9,8,75851,54968,63701,88555,29709,2996.93,2866,1700,1044,9492,87986,49942,37396
2011,9,9,60961,83548,39633,491,78063,2996.93,2436,3775,4801,9767,35598,21557,27195
2011,9,10,38771,44386,69945,29566,66334,2996.93,3263,3535,2806,6640,47090,47514,46488
2011,9,11,27064,39957,84712,18108,15802,2996.93,4401,3113,2597,6326,93603,17011,39050
2011,9,12,67581,56040,55787,43734,82159,2996.93,592,1866,3474,5235,66846,34807,7737
2011,9,13,48075,76462,93343,65881,49778,2996.93,4746,1840,3093,6542,11299,28894,6785
2011,9,14,19860,45702,22008,8809,52440,2996.93,819,1371,3001,7958,80105,20159,31963
2011,9,15,55695,95397,7440,24169,96984,2996.93,664,1409,3451,5022,27289,33228,40638
2011,9,16,41807,73388,26421,71252,20549,2996.93,1497,1759,4772,8504,65567,17758,37720
2011,9,17,86819,57740,88584,74820,5698,2996.93,1330,2743,1774,5122,18264,27419,18689
2011,9,18,75760,93592,38829,59211,94966,2996.93,3790,3124,2208,5210,24375,42756,32470
2011,9,19,72931,40874,49517,89055,95730,2996.93,1266,2548,4174,6201,73719,44871,31436
2011,9,20,31242,35051,88968,28030,20173,2996.93,906,2283,1654,5094,87846,12140,7232
2011,9,21,59450,96637,65265,31658,48200,2996.93,765,2481,1864,6633,26535,17902,39640
2011,9,22,38070,84154,41495,27244,30355,2996.93,3467,2947,1615,7582,11962,12586,31566
2011,9,23,51018,27777,15424,68192,88405,2996.93,672,2853,1257,5595,95862,14456,3270
2011,9,24,51588,36629,1938,98452,43262,2996.93,3749,1330,3978,6410,24926,18676,44826
2011,9,25,63162,79746,53633,29777,23532,2996.93,2916,1810,3737,9392,59091,42142,9610
2011,9,26,67961,39424,56348,570,85019,2996.93,1378,2957,3838,9667,51409,48451,2211
2011,9,27,44493,41511,46135,73472,73107,2996.93,4156,1267,2157,5586,66043,14090,37413
2011,9,28,78750,15312,97941,82488,80003,2996.93,981,4314,2806,7328,64884,47825,7032
2011,9,29,99539,46263,50783,4729,45930,2996.93,3180,1718,1014,5666,80245,49512,18544
2011,9,30,3079,29402,85780,86588,48542,2996.93,4979,2291,3486,7919,19566,13488,1823
2011,10,1,760,27804,94110,64440,92688,2622.65,3978,1234,1710,5058,17582,10316,8287
2011,10,2,38239,24357,86723,70257,4602,2622.65,3334,4002,2013,9921,98896,40187,36235
2011,10,3,69901,26188,73674,94172,52318,2622.65,1826,4428,1317,9178,33867,40356,37163
2011,10,4,26926,14198,45658,2346,99257,2622.65,4013,3846,3948,5735,24103,17108,13240
2011,10,5,51970,97438,58905,90335,73712,2622.65,522,4963,1386,8902,70487,10654,7801
2011,10,6,7710,78666,38437,5379,97305,2622.65,734,4229,1501,7743,42926,16942,22304
2011,10,7,37336,71941,55956,41284,4028,2622.65,1184,2349,3848,5088,62683,33911,30059
2011,10,8,99241,43206,60227,15932,13754,2622.65,3587,2814,1470,6760,59545,23034,30714
2011,10,9,95680,55280,47264,98533,13024,2622.65,641,1462,3482,5906,91641,48861,6543
2011,10,10,69360,57826,71211,79560,99267,2622.65,3470,4858,3451,7402,30790,23556,33895
2011,10,11,70763,15730,77724,96493,39106,2622.65,4527,4784,2547,6294,49668,11150,37269
2011,10,12,89685,66662,72281,84519,55962,2622.65,3380,1310,3099,9190,19546,14898,30274
2011,10,13,4837,84702,68576,14641,24751,2622.65,3196,1034,1670,5919,92004,20552,49366
2011,10,14,53188,27884,5337,62088,11027,2622.65,4009,2062,4369,6290,12718,10330,21357
2011,10,15,36564,84962,52004,91015,55904,2622.65,4731,2092,2936,9659,91732,32686,6883
2011,10,16,29025,46281,94551,60472,62201,2622.65,1023,1739,1590,5432,93826,16346,2907
2011,10,17,40420,94189,75231,94789,50479,2622.65,1471,3393,3124,6958,94408,12470,26812
2011,10,18,46709,55492,43825,4645,85151,2622.65,3682,1064,1836,8232,14710,10388,35557
2011,10,19,1140,38375,8481,48282,7438,2622.65,2801,4209,1494,8031,58997,13324,2307
2011,10,20,91196,96821,66719,85672,70295,2622.65,1051,2003,2969,6227,37999,18120,27479
2011,10,21,31784,41683,48648,29973,56267,2622.65,1712,3757,1456,5192,38390,34513,5998
2011,10,22,33852,61192,98723,46698,75576,2622.65,502,1770,1794,6194,68793,15086,24072
2011,10,23,70571,4846,90894,3540,1073,2622.65,3011,4208,1927,6030,95532,19100,28894
2011,10,24,59009,2245,33304,86084,33790,2622.65,596,2640,1188,5670,14337,41164,38046
2011,10,25,26095,40712,24287,96987,50156,2622.65,876,1460,4276,7110,40617,31701,43080
2011,10,26,90664,94981,80910,93943,97992,2622.65,3487,3351,1389,6294,75786,45178,42794
2011,10,27,7541,12736,29171,73130,48406,2622.65,4293,4499,1152,8579,87837,11782,9861
2011,10,28,31659,58715,87805,45936,20485,2622.65,2636,2499,4754,9804,37793,16418,44774
2011,10,29,84043,7633,27449,95432,10776,2622.65,1962,4667,1948,6132,15602,30727,3235
2011,10,30,45993,22090,55227,62917,77021,2622.65,4995,3678,4482,7799,70965,21318,9417
2011,10,31,62574,64954,98818,18680,56203,2622.65,2776,1006,1198,6576,52028,37721,2963
2011,11,1,8991,22389,52133,11475,30185,2642.33,3819,3625,4437,6735,45645,30205,32860
2011,11,2,66731,70677,14688,84530,41642,2642.33,3454,2947,1174,8485,79149,16574,36006
2011,11,3,71262,35747,14732,87838,87775,2642.33,4000,3116,1193,9966,24590,21377,18805
2011,11,4,41696,14762,40004,46133,51497,2642.33,1338,3226,2676,8270,19108,30670,2001
2011,11,5,43384,98915,53618,44558,97401,2642.33,3694,1462,1216,9777,89203,10694,49119
2011,11,6,48582,29556,18459,89775,22040,2642.33,2504,1526,4162,7728,26218,42011,9402
2011,11,7,35860,68909,60238,8537,26287,2642.33,4206,4669,1938,5656,14226,24716,45698
2011,11,8,58294,12921,9730,59511,42698,2642.33,4852,2631,1191,9663,97405,49582,15285
2011,11,9,75417,74910,79669,49579,8769,2642.33,1589,4628,1147,8179,53164,17433,5888
2011,11,10,80229,8723,3455,91193,1546,2642.33,908,1190,1953,7990,35700,12016,34034
2011,11,11,73627,16906,13635,34819,16569,2642.33,4400,1984,2301,8148,57914,27421,27392
2011,11,12,36309,65857,88402,43808,34036,2642.33,2593,1240,1178,8446,21808,18184,41566
2011,11,13,15081,54069,60728,78387,12411,2642.33,741,1037,4684,5886,20855,46252,46428
2011,11,14,58119,71608,54589,76772,2029,2642.33,4193,4688,4711,8946,98496,45098,28856
2011,11,15,50513,76090,75714,17152,73489,2642.33,1688,3569,2942,9690,83307,30352,47522
2011,11,16,75195,84049,66390,4880,31128,2642.33,2483,4245,1556,8424,82369,43584,3597
2011,11,17,67280,2915,64626,61991,11861,2642.33,3440,3724,1134,9153,95876,29050,13122
2011,11,18,13028,13917,33972,80970,92684,2642.33,1321,2877,2678,8136,89108,48805,17279
2011,11,19,47660,72945,54404,55568,11369,2642.33,4152,4999,4686,7564,73341,12438,36773
2011,11,20,93251,96782,30272,48813,95935,2642.33,2862,3961,1415,7366,89930,49098,42500
2011,11,21,45465,51253,33328,63144,11668,2642.33,1948,4326,1550,6351,31246,23100,22437
2011,11,22,19476,96751,18100,59162,10528,2642.33,2060,1102,3221,7331,68941,34155,41441
2011,11,23,16183,63156,9470,88950,91342,2642.33,4399,1806,2003,7726,99949,28670,49400
2011,11,24,26515,28250,54350,38247,10954,2642.33,1346,1742,2345,9445,89590,18458,35596
2011,11,25,87238,33003,45706,75459,90334,2642.33,966,2867,4153,5435,11816,35495,14647
2011,11,26,1187,66216,38654,68191,53942,2642.33,3212,1808,4555,7836,35054,10508,4955
2011,11,27,19509,96402,40938,18206,92199,2642.33,3781,1586,4881,9486,71246,36566,46880
2011,11,28,20485,63565,9434,30991,49000,2642.33,1485,1538,3816,5990,34728,24109,21250
2011,11,29,26445,14293,70918,42352,48207,2642.33,2860,4066,3725,5078,18624,27275,5973
2011,11,30,73381,62406,23064,69614,51893,2642.33,1179,3728,4226,7886,19718,39578,10663
2011,12,1,52556,6117,23382,24046,57197,2525.48,1841,1488,4760,9193,36046,14178,47491
2011,12,2,78406,20114,25810,88555,38738,2525.48,3286,2494,2500,7899,85738,19514,19437
2011,12,3,20431,74468,93741,2395,94186,2525.48,3311,3093,1582,8044,13990,29334,49671
2011,12,4,91887,70333,17176,76647,95878,2525.48,3730,1278,4686,5891,95540,44775,3222
2011,12,5,11681,73827,62271,4181,21726,2525.48,886,3507,2475,7582,77253,33013,48009
2011,12,6,83458,15565,96107,55596,93609,2525.48,4930,1846,1280,8450,94845,48509,15949
2011,12,7,71679,94928,5496,61366,20820,2525.48,1140,3851,4861,9534,69383,12938,1036
2011,12,8,32772,9430,71446,71599,43216,2525.48,963,3024,1238,7069,98620,40574,48699
2011,12,9,33019,99903,92422,35651,18360,2525.48,512,1494,2193,6007,67754,19364,37267
2011,12,10,73396,73896,84568,48257,58658,2525.48,2547,2780,3379,8992,79379,22947,3951
2011,12,11,14044,343,65972,94658,33765,2525.48,958,3134,2197,8020,35136,15556,30944
2011,12,12,97624,2001,5595,79817,74361,2525.48,533,2755,3595,7030,12363,38605,39701
2011,12,13,70404,89911,62738,33783,55256,2525.48,1729,4298,3811,9053,80307,17864,42117
2011,12,14,36349,81892,8414,33547,75897,2525.48,4102,3519,1902,8454,69688,10486,9902
2011,12,15,60750,1574,16722,40697,18026,2525.48,653,3428,1418,8391,38563,40602,29085
2011,12,16,16860,95293,76253,75671,50698,2525.48,949,2046,4803,9362,36944,47051,22912
2011,12,17,69265,86047,36924,47519,73448,2525.48,558,1106,4536,6853,15202,17836,6612
2011,12,18,62290,3251,47343,97637,61642,2525.48,4590,3500,2549,7194,70523,14599,35906
2011,12,19,70107,87825,51646,24910,97188,2525.48,3312,2803,1984,5235,46673,30786,4942
2011,12,20,48199,63158,47687,72735,96363,2525.48,1648,3651,3533,5342,72640,36526,5284
2011,12,21,97600,93583,31379,95149,90778,2525.48,1099,1776,1078,8202,17222,19617,1902
2011,12,22,49038,90457,2421,56378,15693,2525.48,2163,2006,3602,9710,52977,41316,15446
2011,12,23,56486,978,16320,15019,96320,2525.48,1544,3918,3894,5854,10846,39671,38960
2011,12,24,1177,81519,66907,7255,41967,2525.48,1871,1004,2210,5643,47381,24254,35403
2011,12,25,27441,84545,4498,56043,85747,2525.48,3710,2231,4803,9974,73601,21122,7475
2011,12,26,35342,25146,81393,34236,24421,2525.48,526,1948,1032,7042,65554,42999,3163
2011,12,27,8919,8778,34004,1129,70773,2525.48,776,3212,2280,9880,70606,34379,31385
2011,12,28,3707,84317,26611,78510,14346,2525.48,983,1038,1709,7464,18102,32481,1774
2011,12,29,66890,56884,40782,67923,80400,2525.48,2273,4317,1464,5134,13606,17958,6336
2011,12,30,59013,48534,16801,57645,78414,2525.48,2023,3471,3074,8634,93332,19430,37407
2011,12,31,85199,59316,84811,43260,23043,2525.48,741,1283,3319,5758,74205,38719,35085
2012,1,1,17831,44389,37027,95459,67539,2877.74,4470,1071,2415,8490,10836,26174,5616
2012,1,2,54139,9308,64249,39125,2640,2877.74,674,3306,2831,7878,10854,19267,33021
2012,1,3,9676,7633,27587,8902,98190,2877.74,4463,2372,2046,5990,27830,44584,32658
2012,1,4,7106,98654,27009,95873,27121,2877.74,2046,2610,2152,6295,36735,16143,37845
2012,1,5,19316,77410,44451,87147,77696,2877.74,1413,3722,1134,5782,12624,34324,12151
2012,1,6,83010,27088,33049,26408,78578,2877.74,992,2034,4531,8714,97907,12042,10879
2012,1,7,2197,86306,615,65701,22601,2877.74,3196,3268,2462,5302,61766,25158,3702
2012,1,8,71149,34533,28881,57284,34885,2877.74,2959,2893,3592,8126,60653,13521,41505
2012,1,9,68238,81646,65557,44122,62350,2877.74,2124,4545,1120,7738,30246,10156,29816
2012,1,10,1440,78443,79694,65255,87441,2877.74,834,4940,1992,9292,48575,10875,41460
2012,1,11,77150,6535,45122,62094,13894,2877.74,614,2131,3771,7522,42604,16120,5775
2012,1,12,87338,89729,47018,69811,37468,2877.74,4883,1062,2057,9162,36864,25849,27264
2012,1,13,12388,27277,50791,88380,62922,2877.74,606,1422,2252,7079,18515,36145,49366
2012,1,14,99206,44130,34629,2977,51653,2877.74,906,1394,3313,9894,25151,37132,27233
2012,1,15,26082,16387,8743,98140,87315,2877.74,3988,4702,2883,9110,17762,17318,45608
2012,1,16,40497,36392,8579,62749,13472,2877.74,500,2676,2575,9874,32005,11168,27094
2012,1,17,43459,17454,10921,26772,66272,2877.74,520,2353,1366,8998,13698,38829,2425
2012,1,18,34606,97185,4884,7489,38316,2877.74,997,3811,1424,9160,57911,25530,9317
2012,1,19,11670,73157,88208,99245,39383,2877.74,4823,4193,4017,8410,42316,36641,20213
2012,1,20,50872,22573,45347,36035,11571,2877.74,4863,1175,1462,9746,70015,20393,18543
2012,1,21,55415,46013,15557,1122,46941,2877.74,3004,4961,2976,9758,74205,18934,23468
2012,1,22,17776,45381,17904,88145,43828,2877.74,4785,4699,4144,9014,30733,27066,10221
2012,1,23,38674,71949,89594,20753,1695,2877.74,1145,2108,1973,6118,74581,35265,9609
2012,1,24,46522,67586,60227,9498,65149,2877.74,3208,4275,2515,9882,87420,12694,1578
2012,1,25,39036,12206,51042,38180,98690,2877.74,500,3714,1334,9686,90818,38120,48127
2012,1,26,30800,48317,61581,69125,21371,2877.74,4389,2891,1734,9240,93741,12870,2515
2012,1,27,81751,38302,876,94266,17117,2877.74,607,1152,1853,8001,10683,31894,38296
2012,1,28,32480,75930,1961,18907,47120,2877.74,2026,4270,1095,9928,63394,28817,42780
2012,1,29,37474,34136,46709,57573,65103,2877.74,524,1852,1454,6400,41117,28571,6802
2012,1,30,64696,8078,84724,97901,42431,2877.74,4794,4909,2687,8107,10167,18694,45407
2012,1,31,40887,17195,45430,98334,2154,2877.74,2150,4626,4311,7030,13550,24414,25177
2012,2,1,89076,87619,24819,81828,45089,1844.34,1522,4517,4464,6270,11947,16223,3390
2012,2,2,6922,3209,53911,55029,13377,1844.34,2266,1150,1851,9734,49075,42027,5070
2012,2,3,4102,5054,67691,44313,34956,1844.34,4028,1558,1075,8846,22209,15040,8457
2012,2,4,68589,85085,27033,23053,45860,1844.34,4275,4132,2187,9538,24161,11136,38980
2012,2,5,80960,36428,2486,64163,63380,1844.34,1189,3832,4317,7770,44496,24273,17913
2012,2,6,48689,18525,64656,61116,17372,1844.34,3630,2311,3301,5662,25363,16694,3218
2012,2,7,994,30992,19645,43182,6882,1844.34,838,2840,1585,7878,68355,26316,43806
2012,2,8,18199,24545,60149,23869,64777,1844.34,3141,4817,3169,9148,90932,13794,4646
2012,2,9,48718,9564,59204,37019,55226,1844.34,2530,1219,1910,7175,15752,10296,1850
2012,2,10,67333,47201,59336,63918,97487,1844.34,962,2037,3587,6734,55905,33363,27691
2012,2,11,21380,4047,63181,60901,49547,1844.34,4145,3264,1206,6706,51634,12910,4114
2012,2,12,10620,39166,24177,58882,62693,1844.34,4024,1376,3481,6730,10294,17319,39929
2012,2,13,17403,66880,49357,85990,99966,1844.34,4353,1344,1328,8885,98597,25206,5262
2012,2,14,69351,32743,89823,65731,42443,1844.34,2336,3062,1973,6078,28295,26017,41457
2012,2,15,97794,42321,22395,17627,32033,1844.34,4945,4434,2271,8614,35424,32237,49041
2012,2,16,89564,71130,69934,31576,86367,1844.34,1781,2069,2624,5920,37799,26419,18531
2012,2,17,70764,55136,45834,84090,13001,1844.34,918,2145,2800,5010,44771,14832,24129
2012,2,18,47893,79717,14268,80165,80371,1844.34,2401,1286,3524,9366,17861,39890,16044
2012,2,19,67218,40995,28312,1194,53950,1844.34,2612,1064,2598,6900,25153,16950,16112
2012,2,20,13927,85261,94096,46727,84113,1844.34,1559,2005,4935,8742,12169,15305,38867
2012,2,21,24574,40923,17944,78098,23257,1844.34,4339,1825,1798,9003,16048,47099,35805
2012,2,22,45115,85632,88165,99065,25430,1844.34,1015,4355,4929,7670,19534,15394,29670
2012,2,23,15330,30345,63752,50265,88875,1844.34,1921,3447,3194,9865,15802,22802,42273
2012,2,24,52022,58589,95981,28821,37592,1844.34,919,4057,1974,7110,98121,31411,4000
2012,2,25,10106,80489,87119,41387,56952,1844.34,3132,2280,1248,6883,38896,25123,5905
2012,2,26,45508,37170,54923,95054,37035,1844.34,4208,1662,1407,6326,34228,25350,12820
2012,2,27,84188,26500,74408,90170,23288,1844.34,2933,3392,4369,5642,91130,26320,38881
2012,2,28,63660,64264,14953,99909,17499,1844.34,1383,3006,1017,6305,74411,44404,3849
2012,2,29,59125,58620,49813,96884,38808,1844.34,3585,4346,3243,5994,29516,16530,1602
2012,3,1,83802,16275,37595,41557,7406,1673.32,894,1668,3866,5934,11046,49066,13915
2012,3,2,62860,84877,56436,59165,59289,1673.32,4641,2907,2003,7876,56715,17395,1690
2012,3,3,36463,96062,10640,15807,41930,1673.32,4031,2082,4796,6530,99991,17201,27170
2012,3,4,1892,21560,5222,97110,43036,1673.32,1175,1798,1242,5232,81410,19646,10740
2012,3,5,19803,32404,72812,86807,80281,1673.32,553,1742,3292,7544,48900,16573,45879
2012,3,6,91067,32933,75009,863,54558,1673.32,3063,2801,2910,6578,69910,11900,25000
2012,3,7,50376,32439,78192,45992,51402,1673.32,2247,1203,3357,6411,74361,38637,9602
2012,3,8,68642,44916,21732,26934,58812,1673.32,4859,4877,3563,9744,50739,24473,20632
2012,3,9,26219,85155,47275,39129,8439,1673.32,1425,1398,2326,9616,21157,33727,33537
2012,3,10,65570,54758,4932,73927,61169,1673.32,3915,4809,1128,5238,73095,49371,45645
2012,3,11,71279,32955,65601,91194,84174,1673.32,2018,1743,1494,5644,82223,26285,16341
2012,3,12,79182,10001,1452,61508,15969,1673.32,1587,1537,3717,6518,71816,21237,38961
2012,3,13,12163,67084,1048,69075,67731,1673.32,4797,1470,4800,6502,46553,40325,40495
2012,3,14,83090,28573,83421,84585,74217,1673.32,2221,4749,1995,5024,47609,15936,15644
2012,3,15,83985,59197,5853,94055,92067,1673.32,1643,1170,1104,9042,12022,28834,44021
2012,3,16,89537,90804,84195,29337,57554,1673.32,1013,1294,2023,9433,41578,32592,47100
2012,3,17,51429,68800,68694,43424,30176,1673.32,1386,4160,1850,7192,24566,33916,16303
2012,3,18,67612,6210,20850,28716,5253,1673.32,3901,1140,4011,8904,56829,15842,26856
2012,3,19,21548,42843,48559,29923,12277,1673.32,2514,1046,1640,9734,23480,21816,6490
2012,3,20,13863,91219,52329,5714,81162,1673.32,981,3773,4455,6374,77488,21059,26895
2012,3,21,86391,67743,32201,20402,42190,1673.32,4669,3736,3223,6464,10011,26851,5382
2012,3,22,16069,22526,56909,7710,20086,1673.32,4525,3948,4310,7442,56013,35472,46741
2012,3,23,75100,61995,50598,90907,5178,1673.32,1966,1567,2179,8438,28320,17506,44438
2012,3,24,82252,72990,18106,30475,82569,1673.32,3678,3637,1994,9526,12702,37079,44469
2012,3,25,93679,52224,37380,97989,50429,1673.32,4812,1064,1739,6694,32785,26916,43393
2012,3,26,94848,61104,84836,7027,37974,1673.32,1395,1862,1144,5853,50699,35064,13156
2012,3,27,40322,74378,83702,23668,71316,1673.32,2099,4993,3622,8966,79333,18110,6400
2012,3,28,74224,79147,50930,45963,45908,1673.32,2878,1518,1170,8140,47781,49144,1238
2012,3,29,37221,25529,19369,39717,21382,1673.32,4780,3055,2148,9678,13846,14815,36420
2012,3,30,31234,28822,46161,6209,9653,1673.32,1610,3875,1994,8892,46189,33251,41847
2012,3,31,98960,69068,24007,60130,93133,1673.32,625,1704,3667,5414,86420,11278,38140
2012,4,1,27553,45809,91267,68739,63883,1883.27,1324,4056,3594,5074,18708,10440,22434
2012,4,2,54143,18936,97785,69387,65125,1883.27,3345,1096,1393,9664,60027,19074,31036
2012,4,3,20453,6732,39553,31799,9504,1883.27,2268,3407,3113,7078,22146,33347,7306
2012,4,4,42320,38471,42404,60914,77355,1883.27,2705,2848,1398,5489,17235,27874,27464
2012,4,5,32878,1933,28418,54271,46760,1883.27,650,2212,1527,6059,15362,37382,38445
2012,4,6,43365,77631,90791,12830,47517,1883.27,1176,4836,2758,9874,67101,11464,29289
2012,4,7,82396,4808,9313,78795,56649,1883.27,3020,4525,4832,5782,60148,41591,42900
2012,4,8,6235,56656,75156,34115,92715,1883.27,1496,2430,4500,9174,81611,48369,6871
2012,4,9,91575,44140,54558,75685,49072,1883.27,3500,1467,2817,5636,26613,49466,21659
2012,4,10,22065,99634,5344,66897,17424,1883.27,4840,3658,3498,9995,57772,47564,31844
2012,4,11,56866,45621,16347,57719,7908,1883.27,2439,1676,3449,6996,15750,15050,47958
2012,4,12,15007,61371,55340,57825,40536,1883.27,3642,3952,2938,8985,45848,15361,31953
2012,4,13,77182,20689,55372,32032,87037,1883.27,948,3901,2006,9206,17971,49375,29496
2012,4,14,26605,40411,31561,85054,33759,1883.27,3925,3765,2153,8540,22941,24040,5783
2012,4,15,62570,96584,52993,76860,91921,1883.27,3573,4101,2233,9782,17485,39269,15194
2012,4,16,9793,13434,99524,1261,42080,1883.27,1987,3683,4257,8547,70088,24367,17495
2012,4,17,4331,79015,89485,37836,59632,1883.27,3227,3552,4008,7572,15412,17281,12426
2012,4,18,12766,40338,86383,64999,20634,1883.27,620,1730,3652,9782,48037,25732,20220
2012,4,19,53990,65025,44416,44599,29925,1883.27,3966,4254,4870,8450,88441,35853,30857
2012,4,20,87229,16669,24406,96237,30593,1883.27,3517,3357,1506,6252,24708,17140,6170
2012,4,21,36472,45329,63918,86477,81824,1883.27,2208,1634,3331,5960,96763,23255,11956
2012,4,22,53832,65730,73862,80054,40532,1883.27,906,2759,1322,5142,40348,25915,12303
2012,4,23,46482,70218,85626,42989,86470,1883.27,542,4293,2013,8100,25769,15374,10334
2012,4,24,52353,87978,6001,45685,27305,1883.27,3939,1136,4844,5612,77541,25376,2764
2012,4,25,21456,43449,69488,33131,33761,1883.27,806,1593,1405,8254,55933,49226,26188
2012,4,26,87709,16062,38520,59722,56460,1883.27,4909,1374,4969,5909,70847,12274,30641
2012,4,27,55026,56140,9763,39870,15293,1883.27,1597,3099,1512,7437,86230,30863,37304
2012,4,28,93625,61629,77458,90030,22652,1883.27,608,1466,1618,7814,86432,38615,49743
2012,4,29,41121,16342,80131,26090,68603,1883.27,3363,3627,3469,8964,63497,38761,1968
2012,4,30,51782,61447,91861,98885,28884,1883.27,1100,2508,1070,9909,28889,45073,44443
2012,5,1,34498,21785,21808,94978,8217,2558.45,1097,1828,1905,8538,19034,24235,26775
2012,5,2,33255,33140,47705,97732,12989,2558.45,864,4435,1029,8878,13302,10954,2818
2012,5,3,77202,42179,77895,67111,71069,2558.45,3113,1917,1104,9852,16894,19321,22969
2012,5,4,21696,69344,76583,94953,47883,2558.45,4187,1136,1182,6496,95219,14926,2447
2012,5,5,2413,61085,55714,13443,42186,2558.45,542,4386,2562,9512,11422,38630,9033
2012,5,6,2481,25962,10549,29938,87235,2558.45,610,1158,4490,8798,20234,43724,43795
2012,5,7,44640,55775,74861,96578,39018,2558.45,2855,2782,2515,7148,87576,39700,20080
2012,5,8,8954,22843,25439,26516,68707,2558.45,614,2539,1952,8214,17476,24186,44639
2012,5,9,2193,83087,99469,31683,25279,2558.45,822,1269,1938,6618,82846,30846,19704
2012,5,10,3051,60703,88629,50566,10624,2558.45,1618,4576,1622,8408,46091,34105,26205
2012,5,11,43048,61238,87997,30000,19636,2558.45,4185,1828,3558,8182,53510,30188,5473
2012,5,12,39710,95270,16459,31539,11888,2558.45,3736,4937,2710,7365,65503,13362,15657
2012,5,13,59922,38474,22910,91673,36882,2558.45,2129,4928,2942,8630,26279,32578,35354
2012,5,14,85598,30466,4407,90508,66824,2558.45,695,2884,4537,7020,54422,31425,24269
2012,5,15,85515,49511,12715,78225,16876,2558.45,2910,3149,3042,7171,18918,19924,44570
2012,5,16,22525,93303,66205,85468,89780,2558.45,4397,1728,4301,5155,82235,12258,42485
2012,5,17,79424,19283,29009,65314,72789,2558.45,3090,3302,4292,5804,52878,32520,49783
2012,5,18,70375,67141,92022,3417,4313,2558.45,4692,3188,2848,5897,45007,42627,43195
2012,5,19,64734,29405,84356,4035,34560,2558.45,1510,1370,2224,7510,95648,25012,16591
2012,5,20,71653,58739,49667,37297,50895,2558.45,1168,1268,1037,8189,41037,13412,18898
2012,5,21,37736,47082,66243,40584,19331,2558.45,3210,4063,2006,7844,17826,15844,11250
2012,5,22,508,30960,54605,19085,2830,2558.45,4096,1676,1398,7990,44482,26237,1042
2012,5,23,79013,80651,13858,81402,25193,2558.45,3103,2927,3328,8700,14074,37658,4895
2012,5,24,81947,53074,21723,55305,86992,2558.45,3222,3850,3483,7826,22934,26312,26172
2012,5,25,84432,33384,83499,9774,93499,2558.45,2362,3862,3630,6220,70263,11766,27981
2012,5,26,87467,58367,13103,5795,29064,2558.45,3453,1010,1038,6138,66314,23029,16614
2012,5,27,24051,45889,76881,97534,63716,2558.45,822,4498,4549,7402,90623,43047,49815
2012,5,28,18029,92987,31910,43011,25559,2558.45,3185,3024,1891,6287,18819,22307,18526
2012,5,29,39253,78625,49670,25291,60152,2558.45,3320,4201,3224,6238,98087,16592,15984
2012,5,30,7719,88286,22790,57269,78334,2558.45,1667,1361,2750,9868,39371,48308,13413
2012,5,31,83455,32557,61334,60346,55196,2558.45,4004,4447,1480,8673,36090,13118,46505
2012,6,1,50763,52185,59234,42315,66624,2155.23,1384,1260,1282,7158,49593,20077,17525
2012,6,2,56673,45955,92829,21602,1679,2155.23,510,1182,3821,7038,11574,31677,41137
2012,6,3,80758,230,23158,29431,52672,2155.23,888,3433,4677,9672,62099,26300,41141
2012,6,4,87197,28485,13914,43862,68489,2155.23,3939,1350,1636,6248,63113,27491,13507
2012,6,5,80608,68169,78078,15782,49922,2155.23,2458,1366,1793,6968,76460,19464,1766
2012,6,6,78109,86901,72899,54138,56573,2155.23,1790,1038,3481,5694,15958,48322,34998
2012,6,7,74210,34274,89835,16375,73745,2155.23,898,4352,1116,8295,70133,37389,2949
2012,6,8,54859,33944,34420,71652,20912,2155.23,1116,1518,4132,8038,69509,37056,10881
2012,6,9,65364,82652,47178,45198,93355,2155.23,3519,3916,1785,9705,19190,25530,17513
2012,6,10,52654,60509,46235,90123,15156,2155.23,2511,1365,1662,8283,58017,15734,32720
2012,6,11,55516,99134,19299,69648,29500,2155.23,1703,1214,4163,7766,56411,47517,5160
2012,6,12,87746,66283,97786,5883,65989,2155.23,1412,4993,4936,8006,25115,12896,14429
2012,6,13,76718,18980,92809,59733,63615,2155.23,3658,4129,2662,9308,10266,12161,17178
2012,6,14,4468,61832,39729,8631,82065,2155.23,2500,1161,3774,9430,92044,11114,46140
2012,6,15,34714,89809,96108,26002,33808,2155.23,3796,1876,1554,7957,86608,20168,37576
2012,6,16,25135,50267,55650,7798,49575,2155.23,1310,1606,3960,6038,95376,37377,10778
2012,6,17,88531,34229,23539,83657,70867,2155.23,4770,1168,1743,7229,47933,21902,31935
2012,6,18,11157,13082,98779,67711,71039,2155.23,4230,2525,2005,6231,36674,17932,35388
2012,6,19,37009,89337,4679,92322,81728,2155.23,4698,1058,4283,9588,70265,10308,1030
2012,6,20,1524,31388,27081,23267,4969,2155.23,702,1125,1608,9846,12598,16388,41366
2012,6,21,95686,4419,20715,64044,97002,2155.23,1975,4010,3077,6020,42683,44804,23741
2012,6,22,3060,72382,31414,53695,58322,2155.23,810,4844,4417,8628,99462,17570,18031
2012,6,23,26346,10983,70511,47145,21282,2155.23,678,3318,1468,9630,13713,38469,20699
2012,6,24,66142,12041,38832,29219,15046,2155.23,758,4457,1018,8139,88151,44921,47867
2012,6,25,56170,79700,21118,5587,14680,2155.23,1323,1024,2914,6382,88169,35547,36933
2012,6,26,50237,43504,35219,41705,52256,2155.23,1525,3396,2324,6866,63966,42369,48932
2012,6,27,99576,70693,26827,86176,8832,2155.23,2448,1270,1029,8565,70586,25708,31331
2012,6,28,5498,63263,83085,69765,26449,2155.23,632,1684,1108,6881,34740,33364,21254
2012,6,29,72166,97618,18113,49490,99327,2155.23,1858,1046,2771,5037,17781,11603,32080
2012,6,30,16368,65230,42956,43749,33795,2155.23,4456,4292,3156,8892,18122,35956,29895
2012,7,1,80720,12641,87607,3954,63733,1295.03,1118,1349,1770,7866,77028,15494,37323
2012,7,2,83818,8635,72990,68855,26416,1295.03,1573,1644,3900,5321,25438,23794,1900
2012,7,3,31130,81083,33303,23,6491,1295.03,1520,3562,3250,7798,15040,11982,19259
2012,7,4,47802,99986,23332,69589,41945,1295.03,3454,2113,1410,5600,27320,14150,16712
2012,7,5,13741,28894,59757,7641,90568,1295.03,2786,1696,2629,8774,21718,10954,1548
2012,7,6,66699,94591,25387,64949,55070,1295.03,1930,2870,4238,6613,88810,15078,49254
2012,7,7,83326,62265,49648,25023,41412,1295.03,1783,1278,3565,6539,79143,29132,43320
2012,7,8,54439,43282,50829,53421,40722,1295.03,3892,2419,3489,5110,72367,38558,38900
2012,7,9,49884,99298,57781,15474,65912,1295.03,3007,1186,1718,9006,90610,16618,46591
2012,7,10,82327,83746,38122,20892,36638,1295.03,1375,1075,1898,7203,44495,17620,33618
2012,7,11,22455,19740,25040,5945,20370,1295.03,854,1038,3056,9984,85725,45319,47408
2012,7,12,81578,25085,77260,23137,30444,1295.03,1106,2769,2967,9414,50012,18446,17871
2012,7,13,94197,16388,95681,71096,49943,1295.03,606,2397,4915,7414,94693,30284,40176
2012,7,14,43866,55548,66890,73275,6887,1295.03,3593,4816,1642,5853,27952,40846,18967
2012,7,15,30076,50411,53616,98043,10990,1295.03,2647,1558,2718,9368,92633,10670,19980
2012,7,16,54855,97701,91410,31122,44159,1295.03,2758,3024,3002,8062,77650,31240,36103
2012,7,17,79966,62596,86057,90369,24801,1295.03,1214,4875,1550,9518,69270,41760,30361
2012,7,18,37513,88270,13299,90231,2949,1295.03,4243,4154,4983,7004,21628,14141,5932
2012,7,19,19460,49387,68518,93814,60386,1295.03,998,1702,3763,8950,63423,33563,46168
2012,7,20,7823,10990,4792,88594,28524,1295.03,1705,1035,3682,6355,72618,31630,24062
2012,7,21,32287,98214,72137,68622,15218,1295.03,2762,1028,4502,5150,44841,36239,43765
2012,7,22,63800,36248,92943,88915,13710,1295.03,2478,1531,3706,7252,26476,12229,6366
2012,7,23,34035,23182,78266,12717,49537,1295.03,698,3174,1822,5678,66795,47017,17236
2012,7,24,92952,15911,64399,52454,17191,1295.03,3693,2341,1838,7987,86256,25547,9240
2012,7,25,70705,25087,97080,54411,68708,1295.03,1640,2741,3089,5058,31809,28977,23556
2012,7,26,28493,42508,27153,10293,41694,1295.03,2309,2002,1209,6858,13830,19512,10300
2012,7,27,97300,8496,57094,75490,22835,1295.03,1037,4890,3435,8946,80652,37142,43350
2012,7,28,4376,47293,56236,67465,24902,1295.03,2794,4745,1903,9946,80037,38596,38045
2012,7,29,50246,3700,39594,76456,91759,1295.03,2558,1666,4242,9651,80899,23428,9396
2012,7,30,53001,31937,33319,37788,12757,1295.03,1281,2131,2615,7516,15318,10094,13971
2012,7,31,51913,13743,88615,98816,70041,1295.03,3764,1170,2350,9709,13092,30461,18652
2012,8,1,65652,85871,36051,91655,66770,2287.81,1007,3705,4148,8794,27813,23118,9479
2012,8,2,6429,44946,17086,53945,62246,2287.81,2209,1984,4568,7376,46027,19152,35955
2012,8,3,41141,82665,81923,17202,12110,2287.81,2657,4112,3253,8707,85766,31375,12384
2012,8,4,64538,63126,46433,73686,61921,2287.81,3156,3348,4191,8022,38644,47788,24247
2012,8,5,82548,77206,90128,23468,14583,2287.81,3039,2074,1430,5282,89276,13631,36155
2012,8,6,93697,41934,74096,58302,46994,2287.81,1028,1530,2987,9874,12614,10142,9863
2012,8,7,26708,14725,85960,62251,61318,2287.81,758,1806,4513,5590,83684,49095,40957
2012,8,8,2672,16724,21171,54194,48037,2287.81,4177,3084,1478,8272,32738,32076,26799
2012,8,9,68135,38767,59960,7475,91228,2287.81,750,4286,1251,7397,96536,15710,11528
2012,8,10,84706,72927,14138,19219,39444,2287.81,3314,2114,4545,5836,12660,28934,47823
2012,8,11,32635,46838,37019,17718,55110,2287.81,1146,4596,3523,6105,63422,16102,19757
2012,8,12,87633,4860,50390,80236,32257,2287.81,4155,1961,1204,8293,36180,25647,46926
2012,8,13,46116,20847,34115,77013,43035,2287.81,946,2020,4963,5940,26089,15072,46775
2012,8,14,79074,92236,21021,3949,34693,2287.81,966,2324,4302,7190,18911,37910,34443
2012,8,15,33718,53068,71225,86274,17713,2287.81,1921,1502,4602,6035,57191,37636,7405
2012,8,16,59162,29491,79657,69125,38808,2287.81,548,2880,4333,6306,21829,49025,5746
2012,8,17,72364,58233,87703,78018,45025,2287.81,928,1638,1032,7018,81367,43744,6614
2012,8,18,27261,43289,73924,71863,55676,2287.81,850,4836,3309,5506,10294,32116,47468
2012,8,19,77604,50861,49997,91937,38782,2287.81,2314,1145,2761,5016,89162,15580,38178
2012,8,20,67982,21443,2880,44015,41299,2287.81,4110,3558,3886,8782,40420,49561,34247
2012,8,21,91854,32623,30750,85163,4481,2287.81,3630,2084,3273,9978,90372,37055,31062
2012,8,22,88157,47687,48201,50918,9055,2287.81,510,2036,1509,7934,21050,32807,3715
2012,8,23,78533,75161,1367,38771,19547,2287.81,4683,2751,1532,5432,29265,45241,8139
2012,8,24,32846,62896,93678,31119,62875,2287.81,3173,2382,3088,6373,34651,23495,1642
2012,8,25,86441,9707,50532,77950,3993,2287.81,2108,2524,4445,9662,21294,48992,37934
2012,8,26,19318,92330,43096,26431,77762,2287.81,1671,1222,1608,6834,41725,30834,38714
2012,8,27,32104,9899,98217,96544,42625,2287.81,1390,1694,3926,6921,23365,12919,32869
2012,8,28,41207,66826,61796,20653,28005,2287.81,996,2321,1771,9091,73751,19533,49443
2012,8,29,67805,11775,96492,35766,59828,2287.81,1599,1930,1648,9414,19334,23443,4569
2012,8,30,30389,91217,68860,89315,44491,2287.81,3585,1402,1753,6246,12706,19757,8577
2012,8,31,46176,42345,67079,37947,21437,2287.81,3831,1194,3956,6675,41357,28783,7182
2012,9,1,24310,37067,72063,21830,41893,3041.43,2217,4460,1442,7883,93950,11298,45506
2012,9,2,42822,79648,97399,89555,2348,3041.43,729,4692,1182,9462,82480,15544,17156
2012,9,3,13860,88073,43076,50535,45783,3041.43,3129,1443,1138,6454,16554,33521,38212
2012,9,4,42050,76842,32982,39119,51077,3041.43,4762,3897,4283,8670,83451,41630,43285
2012,9,5,75669,19181,86323,92607,9209,3041.43,756,4419,4579,9801,12620,13774,35155
2012,9,6,98013,64435,38157,23290,10979,3041.43,3162,3028,1956,5000,92146,14108,12781
2012,9,7,15780,53261,17300,71415,11774,3041.43,3045,2441,1283,5719,96399,11843,1512
2012,9,8,17227,63125,17615,6806,72926,3041.43,3518,1884,4705,6062,10578,15684,23920
2012,9,9,92159,33741,85065,64484,22589,3041.43,2884,4719,1822,5183,26134,17200,43563
2012,9,10,22287,55532,62389,74922,87603,3041.43,1764,4828,3264,5910,27985,11189,8788
2012,9,11,94650,86504,98480,15707,15882,3041.43,1390,4391,4150,5622,88874,31738,9058
2012,9,12,26369,93112,36458,89544,98295,3041.43,3138,1932,4474,6879,11853,38429,28944
2012,9,13,2019,64970,43258,40283,35700,3041.43,2824,1700,4098,6303,62407,12674,21244
2012,9,14,75361,10150,47076,34511,42957,3041.43,2600,1362,4061,5410,75219,43707,35951
2012,9,15,64354,39711,96993,15181,82942,3041.43,3609,4959,1406,6446,41594,42218,8846
2012,9,16,814,9419,88920,91265,75722,3041.43,2596,1081,2827,9352,15622,37135,17679
2012,9,17,96974,50897,39165,42387,36307,3041.43,2446,2012,4093,9438,32192,13574,14384
2012,9,18,24636,2154,38347,14803,15372,3041.43,3373,2537,1430,9198,23801,47783,46293
2012,9,19,46323,37750,65217,24150,82421,3041.43,2637,1502,4409,6801,38132,37067,17161
2012,9,20,47537,56931,4080,17983,56369,3041.43,1368,2356,4776,9714,28510,36500,2624
2012,9,21,22359,1884,19038,28069,64176,3041.43,851,1004,1939,7420,50999,45711,9191
2012,9,22,74581,44989,91458,25342,78142,3041.43,2409,1364,2872,6488,43659,25593,45943
2012,9,23,69113,15029,72950,40241,41095,3041.43,3092,3453,4695,8481,15756,14838,1460
2012,9,24,37672,50078,10721,50963,57498,3041.43,1674,3429,4411,8131,73771,17552,28072
2012,9,25,426,86181,43230,19651,19021,3041.43,1002,4484,1917,9098,61077,18736,36890
2012,9,26,2356,4170,22817,22051,99004,3041.43,2273,3026,2119,9345,15986,20968,47043
2012,9,27,43769,50664,19398,83180,5147,3041.43,731,1924,1410,7930,41574,31073,43169
2012,9,28,47202,53170,35558,65471,37714,3041.43,4834,1420,2156,8014,94823,16159,46635
2012,9,29,11045,33449,69186,24516,99146,3041.43,976,2913,1582,9772,42444,11688,39527
2012,9,30,24402,59528,83613,36455,3488,3041.43,2527,2041,3355,6178,32511,32420,25187
2012,10,1,57346,5193,49580,37701,16,2074.65,3744,4815,2627,6530,48960,14318,32091
2012,10,2,85096,8226,13696,99977,50670,2074.65,4378,1638,3995,6726,30036,17366,25384
2012,10,3,44712,97078,78889,64148,45941,2074.65,902,4638,4205,6149,57338,49220,27661
2012,10,4,28240,22435,15389,95868,12047,2074.65,4373,2142,3926,6146,97118,11904,14349
2012,10,5,58453,37849,66145,33800,15033,2074.65,4333,4743,1932,9573,23891,21901,12533
2012,10,6,73587,20462,7892,22792,82964,2074.65,2011,2554,2664,7512,23421,16062,15230
2012,10,7,84453,9147,13205,73379,92216,2074.65,4325,2019,4523,7314,13238,45908,26676
2012,10,8,40706,35152,72004,66667,64726,2074.65,4920,3311,4060,5632,61102,32023,12247
2012,10,9,44394,49466,59578,48410,69570,2074.65,4471,4021,3497,7676,27399,17064,49352
2012,10,10,4352,56725,84084,85227,84899,2074.65,1134,1216,2006,6286,92270,18230,34903
2012,10,11,81737,63543,55794,30797,42706,2074.65,2819,2098,4065,8749,35507,18634,33248
2012,10,12,38101,99980,22656,62950,94008,2074.65,758,3358,4482,8204,99936,24380,16407
2012,10,13,49000,81072,49985,85406,50562,2074.65,2887,2297,3500,8681,63094,31205,8607
2012,10,14,8281,42266,68305,7346,81015,2074.65,2331,1894,1494,5382,98416,30501,20164
2012,10,15,97745,94783,45212,37228,58880,2074.65,2959,4231,2571,8600,25988,43132,45149
2012,10,16,2902,28876,41782,57754,3909,2074.65,3959,2189,3493,7240,35886,10859,21228
2012,10,17,60131,44571,12679,96626,75909,2074.65,3478,3653,2228,8690,27232,47459,27447
2012,10,18,50191,5192,21691,9114,49488,2074.65,2245,3740,2906,6198,26494,13166,14031
2012,10,19,81607,81806,41708,61452,21773,2074.65,2310,1902,3516,5390,78527,30776,43947
2012,10,20,78787,38359,20782,1015,43401,2074.65,4826,3590,4557,5746,10842,35396,48014
2012,10,21,16900,21301,4137,9806,81679,2074.65,4323,4636,3787,8318,41087,16911,46983
2012,10,22,74978,79751,48815,29846,31091,2074.65,621,1229,2051,5642,27243,25451,27342
2012,10,23,29417,58422,19042,15326,11291,2074.65,721,3189,1506,9726,54346,23779,38097
2012,10,24,18193,93670,53416,63333,74701,2074.65,1002,1029,1957,9057,95874,17626,10856
2012,10,25,22752,56497,80629,4803,37900,2074.65,518,3667,2645,5647,98993,43935,24225
2012,10,26,20097,66067,22125,95845,37277,2074.65,4623,1906,1492,9391,18801,11192,26471
2012,10,27,50247,65397,43575,73556,60807,2074.65,2954,3557,2296,8583,18874,16547,39449
2012,10,28,49160,51318,50216,31805,16966,2074.65,2092,2061,1626,8442,49257,35255,15561
2012,10,29,57040,18882,40725,59884,74625,2074.65,2427,1222,1273,8078,14777,16702,25878
2012,10,30,36803,42732,1989,49099,67667,2074.65,646,3177,3017,8882,64982,41334,6701
2012,10,31,47774,23427,44748,95752,3995,2074.65,1006,1033,4238,8082,37268,15478,44006
2012,11,1,74697,45085,71586,55698,76214,2021.07,2499,1214,3357,6422,11882,31409,40017
2012,11,2,73597,52493,5779,55810,17475,2021.07,3582,2252,3212,5685,61247,17806,47114
2012,11,3,13045,38633,81456,67479,75902,2021.07,2790,1204,1753,5727,12598,39318,1670
2012,11,4,92096,15147,74616,453,56745,2021.07,1861,1390,1422,7994,86149,30249,43931
2012,11,5,67458,6084,37502,25670,38121,2021.07,4239,1164,2381,8214,34995,13282,48749
2012,11,6,93717,32786,63880,56822,18513,2021.07,1140,1224,1671,6110,11060,24767,36526
2012,11,7,64686,59274,5108,27460,29618,2021.07,2708,2074,1686,5210,39096,18164,7609
2012,11,8,60311,33336,35681,97692,25382,2021.07,2325,1826,4812,7556,92271,38324,20676
2012,11,9,94083,4764,48933,12106,75519,2021.07,1873,1555,1969,8332,12022,47939,26345
2012,11,10,15942,8076,11366,62337,69638,2021.07,1852,4947,1254,8885,27639,41882,1878
2012,11,11,69561,71317,77332,89374,78874,2021.07,4049,2955,1444,9333,85060,32587,35955
2012,11,12,2030,88286,55495,70352,96619,2021.07,3290,3911,3936,9655,91247,33573,5862
2012,11,13,30118,38101,63521,46618,36986,2021.07,3499,2897,3828,5831,28622,15412,7512
2012,11,14,51786,89025,47009,58856,98358,2021.07,1442,1578,1706,6937,70738,33324,48421
2012,11,15,52799,55381,62236,33087,35036,2021.07,1659,1504,4286,6531,28122,11271,19835
2012,11,16,70396,32974,522,49224,15157,2021.07,3276,1942,3167,6636,25797,32877,29144
2012,11,17,35057,83592,49617,88115,80529,2021.07,2790,4678,1478,6377,82764,27121,20355
2012,11,18,86213,65776,24979,10499,12308,2021.07,3122,2702,2425,8643,48277,17582,19453
2012,11,19,34139,87906,877,68659,74542,2021.07,1535,1908,1616,9278,30416,14300,43026
2012,11,20,87858,68207,73176,79944,84585,2021.07,3416,1602,1715,8394,97646,12278,5941
2012,11,21,17847,85769,49429,20273,90764,2021.07,4206,4902,1962,5082,19834,42855,14058
2012,11,22,98108,27800,35158,24724,95303,2021.07,3220,3159,1118,5614,79454,34715,15574
2012,11,23,77337,2871,21864,15404,67618,2021.07,778,1882,1630,5206,22087,12394,19511
2012,11,24,29265,76294,53649,47579,31376,2021.07,1786,4482,2711,7802,70558,12082,13561
2012,11,25,73869,35131,2525,24000,56527,2021.07,3715,1782,1200,9398,81970,18817,31979
2012,11,26,16441,47749,70634,54424,79307,2021.07,1817,4922,1494,6817,88853,16741,42721
2012,11,27,16730,45640,62577,24441,37583,2021.07,3805,1450,4616,6329,51801,41143,49487
2012,11,28,28308,10517,7710,45860,7448,2021.07,4677,1982,3779,6678,94662,33086,39680
2012,11,29,94383,77832,74361,79749,14649,2021.07,2842,2729,3852,7110,72169,12786,13214
2012,11,30,41257,15975,90589,25873,62304,2021.07,3367,1962,4258,7429,69174,26705,42391
2012,12,1,204,33298,67241,1866,27960,1737.74,1247,1592,1038,9422,36791,20604,16679
2012,12,2,5191,84522,95809,96961,73043,1737.74,4568,4017,4183,6792,67672,15860,8596
2012,12,3,80161,90988,77185,3942,60162,1737.74,2401,1486,2186,9292,62229,31498,3890
2012,12,4,17672,74829,53642,8711,67177,1737.74,666,3718,4953,5926,16310,14348,40433
2012,12,5,50070,56599,53366,15606,69744,1737.74,3530,1255,4728,5782,70196,21241,37390
2012,12,6,70957,87598,81606,74495,88592,1737.74,992,1262,1367,9633,31324,34895,10187
2012,12,7,66419,26991,23615,57724,18466,1737.74,2071,4886,3595,7182,16022,34690,41997
2012,12,8,29179,40375,50946,73907,57441,1737.74,622,3396,1590,6220,11594,13681,21142
2012,12,9,69645,25236,36297,21012,1222,1737.74,906,2639,1936,5872,25362,29428,17621
2012,12,10,37870,47435,14315,52817,39223,1737.74,2506,4752,1532,8451,75011,28972,31159
2012,12,11,25945,86512,73722,51035,79617,1737.74,1068,1234,3199,7364,11930,19420,42965
2012,12,12,1337,58883,3412,12300,71107,1737.74,1727,3975,2560,9606,78143,48134,28775
2012,12,13,19905,15650,49240,7789,4101,1737.74,3112,1718,1532,6833,97431,13468,24251
2012,12,14,36150,78500,88695,54350,12216,1737.74,514,3551,1903,7076,25851,38010,41670
2012,12,15,38660,83931,63338,47572,72677,1737.74,2057,2580,2130,5214,16720,27583,41482
2012,12,16,85547,69834,23980,12660,13019,1737.74,4389,4168,1261,8083,19869,28476,21411
2012,12,17,16105,26343,42029,83009,19876,1737.74,1018,4886,3161,5726,22457,40838,34232
2012,12,18,42189,34516,49771,15672,12164,1737.74,3254,2710,2676,7180,10369,32046,16492
2012,12,19,71349,46111,47567,87610,70546,1737.74,2438,1650,3778,8942,86010,30005,17436
2012,12,20,58698,23381,21245,43211,24088,1737.74,810,1276,4568,6523,81947,23084,10054
2012,12,21,49367,91554,20795,2043,25139,1737.74,890,1486,3626,8007,14646,30523,47516
2012,12,22,15443,32887,67174,25573,23705,1737.74,578,3753,2915,6822,41963,17003,19536
2012,12,23,36876,42365,99632,47797,25240,1737.74,880,4605,3131,8026,76647,14621,31579
2012,12,24,55542,93440,27461,65520,41447,1737.74,2395,3241,2146,5920,98813,13750,27909
2012,12,25,15457,70744,99604,8372,63918,1737.74,758,2145,1158,5005,64941,25521,41567
2012,12,26,22936,52174,127,12419,76552,1737.74,3392,3444,1565,6886,30316,44363,43126
2012,12,27,98761,92712,17605,92259,38632,1737.74,3108,4087,3513,5432,62459,17431,16419
2012,12,28,50630,4186,84577,67265,45544,1737.74,2785,3478,4394,9264,97249,10945,15870
2012,12,29,18742,40642,75742,21659,11494,1737.74,1022,1605,3768,7262,18863,15038,6058
2012,12,30,16397,11972,7840,19911,21035,1737.74,2341,1663,1682,8269,38927,10954,36651
2012,12,31,54139,48066,21210,88533,73682,1737.74,829,2422,1834,6310,14081,13214,34811
2013,1,1,96456,29902,29101,96434,65117,1804.84,2830,2087,1394,9092,14473,43694,32853
2013,1,2,52786,86138,84531,41055,41417,1804.84,1544,4481,4823,6428,63162,25985,3614
2013,1,3,48610,71938,1438,40180,2371,1804.84,511,3825,1984,9612,95258,16103,4734
2013,1,4,82465,24441,9544,89509,89885,1804.84,3203,4021,1505,8180,16427,17922,24017
2013,1,5,37700,27972,73756,28875,60752,1804.84,4859,4360,1726,6296,65892,43929,3271
2013,1,6,77383,36404,42755,28370,36016,1804.84,4472,4832,1326,8040,24340,35041,4365
2013,1,7,94385,7544,44064,20890,7982,1804.84,682,1370,4814,5271,74554,15565,10491
2013,1,8,48542,29414,74927,90101,2063,1804.84,4029,4444,3573,6280,24165,45941,7171
2013,1,9,63852,68638,80774,59009,39006,1804.84,4050,3389,1474,8940,70630,13398,21466
2013,1,10,81308,92147,15375,86122,87418,1804.84,3039,2310,1396,9317,58762,37755,39929
2013,1,11,16488,92792,33552,26413,2279,1804.84,2353,1129,2706,9478,25138,31711,7717
2013,1,12,7297,85541,31453,52658,6358,1804.84,2351,2664,1170,7725,90138,47997,18435
2013,1,13,44006,58178,66660,79699,33847,1804.84,3806,1362,4564,7357,76745,36842,25422
2013,1,14,41427,65452,19325,84133,51282,1804.84,2195,4929,1354,9999,43938,19063,10815
2013,1,15,64786,66290,56728,75367,20367,1804.84,4715,4371,2746,6375,60422,21592,13218
2013,1,16,81797,94229,38278,32714,77938,1804.84,4555,1440,1826,5231,36199,14459,31376
2013,1,17,66046,34747,39390,28752,64746,1804.84,2814,1776,1948,7222,21249,36335,33328
2013,1,18,34112,27317,67060,71859,44,1804.84,4802,3192,3061,8080,30905,32350,27482
2013,1,19,29456,461,84419,42634,22045,1804.84,2092,3089,1486,6481,16841,36461,20618
2013,1,20,46162,14656,82345,12131,85550,1804.84,4817,1013,2262,7534,15752,47305,19946
2013,1,21,25710,67674,61850,80123,82106,1804.84,2473,1560,4567,6891,54193,31611,42755
2013,1,22,33861,61287,19701,89225,24120,1804.84,2038,1632,2549,8774,15114,12422,36542
2013,1,23,60681,29933,89112,24295,11809,1804.84,2951,3870,2360,9801,33992,29465,13335
2013,1,24,42556,62818,91027,52123,76061,1804.84,3733,1273,4209,9786,15497,29681,11572
2013,1,25,72680,73888,66314,40229,14623,1804.84,4679,1238,1360,5142,99596,39520,31429
2013,1,26,28478,3900,9743,42190,53701,1804.84,3006,1256,2904,9032,64730,15317,10088
2013,1,27,6957,64817,41591,46166,84603,1804.84,846,2281,3679,8512,13862,28301,23440
2013,1,28,89941,23542,69956,17653,38684,1804.84,3524,3512,3450,9619,42053,43503,19552
2013,1,29,59707,80061,39760,98963,25445,1804.84,4279,2400,1324,8914,78566,20259,20842
2013,1,30,62014,20765,43894,25693,29277,1804.84,3993,1146,2648,7906,69572,10762,7756
2013,1,31,59852,43098,52549,49654,59069,1804.84,3156,3774,4661,9267,17736,16458,44602
2013,2,1,48369,48859,72119,36942,43777,2503.89,3954,1796,2623,9302,26521,10378,42379
2013,2,2,44992,62091,74379,35292,31663,2503.89,1494,1111,4609,9254,50179,24211,27062
2013,2,3,70657,85306,65225,36277,3043,2503.89,2737,2762,1893,9720,18842,14052,31683
2013,2,4,53586,20011,87915,72561,44657,2503.89,4290,1000,2878,7346,41291,40892,14437
2013,2,5,50731,69139,32005,46692,46639,2503.89,902,3646,3841,9946,69922,12970,48536
2013,2,6,514,9012,87350,47407,20220,2503.89,780,1318,2062,8694,62717,23071,42053
2013,2,7,89483,12008,79072,82361,52029,2503.89,3253,2758,1714,6466,49449,18842,36715
2013,2,8,70145,86705,2490,70338,5536,2503.89,4924,1048,2775,7273,69807,17994,22412
2013,2,9,85679,40588,8151,97741,15634,2503.89,2163,2006,4227,5182,15342,10110,20868
2013,2,10,35654,27082,70366,41506,98691,2503.89,1700,1566,2870,9189,71876,28405,36167
2013,2,11,1601,78154,50807,15728,71779,2503.89,3721,2456,2552,8224,71549,19084,36966
2013,2,12,45444,58713,31006,44671,41300,2503.89,2277,1952,3267,5294,34809,43310,34835
2013,2,13,18810,61510,94850,58032,90699,2503.89,1437,3651,1230,7200,24378,33009,16726
2013,2,14,90561,74453,90466,84465,32677,2503.89,4001,3119,1464,5007,39142,28378,12015
2013,2,15,76194,51420,71683,54461,34063,2503.89,2770,4223,4353,5248,27254,25051,6492
2013,2,16,25698,30044,55,86928,83639,2503.89,4936,1110,1966,6754,75014,14265,40786
2013,2,17,88769,69017,42385,25848,10376,2503.89,577,1568,4298,9066,57380,49712,47879
2013,2,18,98752,5152,85288,99457,47771,2503.89,859,4819,3937,7382,76747,17864,12542
2013,2,19,48052,13036,49479,63289,39790,2503.89,3905,4910,4860,5292,70757,36587,24493
2013,2,20,521,7688,39508,66171,99947,2503.89,882,1878,2039,9422,14505,16161,46889
2013,2,21,80063,5366,55982,39000,12632,2503.89,2927,1374,2115,7524,40322,15310,49081
2013,2,22,88250,84228,46816,14463,86869,2503.89,1049,3740,1611,9062,69910,41558,33925
2013,2,23,3798,35793,72960,5837,3314,2503.89,3349,4728,4182,5526,55079,21813,37466
2013,2,24,9763,69359,98848,88231,33116,2503.89,1487,2717,4748,9654,52179,42968,39170
2013,2,25,3579,19581,46710,61543,10138,2503.89,4452,1174,2006,9674,52474,38429,32972
2013,2,26,96229,40825,4510,5411,17859,2503.89,3575,3973,3947,9718,32203,28415,9590
2013,2,27,97944,38691,16133,54044,8345,2503.89,3364,3274,4243,5302,12346,30733,18312
2013,2,28,93045,25621,61020,94513,34385,2503.89,2942,1234,1350,7616,52375,38528,13495
2013,3,1,95951,32502,8693,54726,81057,2044.9,2668,1098,3239,6712,44442,37902,37108
2013,3,2,20077,89070,92146,96502,95238,2044.9,897,2210,1030,6710,71594,13744,39231
2013,3,3,99705,18559,84415,3508,70934,2044.9,3252,3236,1796,8296,37961,11438,22943
2013,3,4,95404,6982,38952,14995,13694,2044.9,4248,1038,1398,7745,62974,13238,49746
2013,3,5,66977,85225,53967,83579,1987,2044.9,2322,3042,1822,8088,37901,14108,41913
2013,3,6,71031,21154,47345,9179,45802,2044.9,3383,2556,2286,7334,72550,22332,35306
2013,3,7,83432,8151,88806,88599,52249,2044.9,718,1162,4708,9320,19154,21694,18133
2013,3,8,17585,16477,6089,94407,14565,2044.9,3514,1946,1495,5858,27477,27296,43990
2013,3,9,7516,55861,84854,16155,23195,2044.9,4838,2977,3258,9995,11575,16502,23756
2013,3,10,28128,16930,86083,14188,92602,2044.9,2233,1537,3064,8321,20944,18980,5237
2013,3,11,52312,95811,87279,50159,18022,2044.9,2454,1082,1240,8659,58042,10161,14756
2013,3,12,52416,12881,33140,50674,89229,2044.9,2531,3707,2996,7236,47895,36949,44715
2013,3,13,25202,50129,29840,63266,58451,2044.9,3597,2113,2945,5875,93623,30966,1578
2013,3,14,50632,87430,6504,37599,66090,2044.9,2760,4856,1110,7262,15118,49358,30898
2013,3,15,41966,19413,33066,36314,23026,2044.9,4615,4578,2441,5806,44195,22243,30961
2013,3,16,36590,92793,49357,99535,45020,2044.9,1853,2002,1760,6722,49601,12849,9332
2013,3,17,606,97362,64058,10736,94613,2044.9,814,2929,1430,6328,11200,24727,15939
2013,3,18,40472,61563,5658,87913,47369,2044.9,650,1266,3996,5863,16195,16094,49853
2013,3,19,35195,13049,16019,98308,32757,2044.9,1156,3362,4332,6294,60449,40296,15620
2013,3,20,57505,70544,59579,59208,30055,2044.9,582,1060,3087,5944,58438,13624,31526
2013,3,21,55797,84946,23469,14794,60810,2044.9,674,2355,4064,9502,10662,14630,39664
2013,3,22,33152,38172,51535,28836,29738,2044.9,978,3593,3879,5062,62800,28933,11985
2013,3,23,76588,63088,15811,36027,85384,2044.9,4185,1179,1102,5316,72324,10858,40601
2013,3,24,22317,23838,65063,91381,91370,2044.9,4553,4520,1022,7439,69707,26337,42078
2013,3,25,89424,5192,79931,4655,254,2044.9,3587,3192,3522,5750,45570,23905,9084
2013,3,26,56351,4756,81437,48249,87409,2044.9,955,1077,3950,9510,17457,35319,3762
2013,3,27,74448,43363,26192,21048,20803,2044.9,3736,1577,1090,7158,47584,17696,45900
2013,3,28,85454,97524,27241,23976,63274,2044.9,2880,4624,2566,9317,67872,31327,22812
2013,3,29,99431,85181,7405,9733,83903,2044.9,982,4701,4576,5002,95748,21730,41214
2013,3,30,17143,25837,64660,34586,52207,2044.9,3633,2660,4767,5873,61635,23040,12244
2013,3,31,85037,25869,9017,78956,71538,2044.9,574,2319,4773,8086,97051,28675,43242
2013,4,1,92104,53377,26180,13348,65477,1683.73,1841,1312,3921,7778,43518,15042,14262
2013,4,2,66412,81179,67284,78638,59167,1683.73,550,1398,2044,8980,72923,25285,6677
2013,4,3,35615,60243,70059,19653,57294,1683.73,1256,1508,3461,7435,95448,33937,48734
2013,4,4,51698,42290,75250,96971,40069,1683.73,4486,2831,2650,8122,17820,41816,35121
2013,4,5,94799,97847,93203,76843,73179,1683.73,3480,1230,2719,9790,44797,16365,16126
2013,4,6,19977,22406,82115,38438,9842,1683.73,2375,2890,1203,7962,74860,42623,27563
2013,4,7,65449,45699,31808,98100,83821,1683.73,1267,4970,3825,5822,71813,37004,49628
2013,4,8,98300,56646,62150,41020,11536,1683.73,2384,2863,1418,5850,86301,21897,23299
2013,4,9,49765,25029,49788,85968,55357,1683.73,4943,1620,3049,6750,35256,36870,41000
2013,4,10,92730,41524,81841,56556,73698,1683.73,4911,1997,1650,8270,13016,18182,20006
2013,4,11,11711,86753,2402,57415,58955,1683.73,4311,3718,1462,5450,11037,35439,5055
2013,4,12,52802,5981,22597,55852,49083,1683.73,2721,1812,1464,7374,98367,39425,7853
2013,4,13,10920,24631,61423,53922,96691,1683.73,4811,4752,3894,7140,82167,11422,40791
2013,4,14,48620,27831,61567,95055,39634,1683.73,996,2434,4936,6188,48285,44018,22604
2013,4,15,77294,7359,85831,93021,64625,1683.73,2445,1895,1531,7318,62168,38221,1110
2013,4,16,51010,86981,79327,44904,30546,1683.73,2751,1042,1360,5669,90570,45308,11494
2013,4,17,48274,87416,54096,43210,6857,1683.73,3579,4149,2443,5762,77170,14144,18733
2013,4,18,22664,75968,98963,64196,36188,1683.73,3768,2196,4462,8094,48452,45007,11131
2013,4,19,59588,46204,6877,81616,38226,1683.73,3275,1498,1214,7370,46059,16150,47447
2013,4,20,16104,49639,92221,74899,71753,1683.73,1965,4416,1709,7486,58611,47896,35743
2013,4,21,58410,77380,1446,22873,75475,1683.73,4231,1413,2452,8926,33028,10982,49898
2013,4,22,54907,76305,53528,56121,90027,1683.73,4190,2481,1929,5534,97379,14754,15939
2013,4,23,58505,79345,48098,36567,76624,1683.73,4462,1366,1790,9066,74257,42266,23061
2013,4,24,18509,8489,60032,47314,65949,1683.73,2990,1718,1442,7870,93326,42094,43061
2013,4,25,83809,73869,14577,65738,46632,1683.73,771,1487,4004,7350,58053,16979,28308
2013,4,26,23282,8869,68365,40074,61128,1683.73,2339,1986,2462,9510,43301,33410,42622
2013,4,27,1783,57644,70617,3851,25514,1683.73,2297,1358,2810,6460,15536,34441,13943
2013,4,28,71533,43535,5930,11889,43756,1683.73,3868,3388,4202,7232,23461,16682,30335
2013,4,29,39855,72153,62671,7317,80875,1683.73,2078,4009,3614,7694,11466,10970,5972
2013,4,30,91637,31509,31155,29447,74734,1683.73,990,1266,3804,5052,58154,42559,38918
2013,5,1,3375,42300,38411,608,65761,2120,1813,4264,4114,7846,35138,40085,5093
2013,5,2,37560,50500,70052,65254,69712,2120,3241,1219,1685,5384,75953,11955,25532
2013,5,3,49280,22220,60760,1801,96726,2120,1008,1750,1969,9418,17059,27729,3319
2013,5,4,10863,73873,98346,94977,70706,2120,1413,3264,1370,5886,89869,20046,33484
2013,5,5,63349,63111,71266,70034,82150,2120,1988,1429,1588,9099,49581,48867,47219
2013,5,6,28770,590,15320,90739,6360,2120,3467,3573,2602,6338,44901,43307,32379
2013,5,7,66649,62667,17924,83336,50484,2120,3381,3831,2254,9302,14454,19403,7793
2013,5,8,71866,48558,17185,74007,57657,2120,2873,1426,3707,8192,77164,12848,16767
2013,5,9,36923,11985,56345,59525,45149,2120,4183,3148,1086,6926,11483,30747,1247
2013,5,10,11251,64865,44579,14857,5864,2120,4260,2728,3352,5806,51734,17360,44796
2013,5,11,84563,40961,53787,68271,29153,2120,4689,1075,4287,7385,41951,17770,47304
2013,5,12,48632,27488,48937,28897,30946,2120,995,2196,1636,9334,73404,47499,10420
2013,5,13,81722,57665,41580,91426,75462,2120,3785,1046,1260,8924,28293,46130,9666
2013,5,14,76228,19335,62206,35515,83073,2120,1301,1703,2995,5237,76951,28941,20509
2013,5,15,82010,52948,37490,23646,89874,2120,1144,1594,4910,5456,63019,10371,10894
2013,5,16,22389,38157,20395,89367,67081,2120,1002,3307,1462,7701,78821,33798,15041
2013,5,17,84562,51476,31855,32558,56713,2120,2850,3721,4456,5339,62366,34329,25158
2013,5,18,92585,49863,72276,77495,78938,2120,4217,1326,3451,7782,90692,13776,35295
2013,5,19,72357,76189,192,89435,40242,2120,4585,1154,1839,5786,90063,14238,45365
2013,5,20,62949,17914,58626,57406,99605,2120,3086,3541,3558,5942,19166,32496,37345
2013,5,21,82009,56606,175,71812,63922,2120,3695,1277,3406,8886,25711,39999,40867
2013,5,22,40603,15297,97506,87443,53088,2120,2346,1036,1958,5971,89793,21439,37570
2013,5,23,19668,64232,29981,23227,10946,2120,722,2954,3972,5896,81117,11602,32368
2013,5,24,13115,26165,5523,12873,55051,2120,4223,1316,2882,6728,99447,32322,47587
2013,5,25,54298,6794,64711,76133,89117,2120,2571,3784,1526,7816,48362,46032,20856
2013,5,26,76271,70437,55339,81596,92685,2120,840,2150,2620,6363,51374,34022,36456
2013,5,27,3950,20598,46028,83184,3678,2120,505,4327,3619,6567,50459,15482,45475
2013,5,28,67423,64383,82873,2510,8286,2120,3541,1824,3022,7768,82502,10706,31235
2013,5,29,56687,49696,49209,19307,6059,2120,4681,1359,1179,5708,19094,41208,1176
2013,5,30,77536,41401,15536,46155,37968,2120,3890,1590,1728,6762,24251,21365,32347
2013,5,31,34349,72793,72274,68723,93024,2120,780,4709,1654,9986,85368,43232,21128
2013,6,1,55050,69592,83102,87110,95487,1519,4644,1886,1197,6462,91205,38544,40663
2013,6,2,31042,12948,1625,34157,37199,1519,3504,1342,2967,7168,35717,15446,39343
2013,6,3,49360,1780,86270,94349,87148,1519,1270,3548,1810,5724,45657,27283,45854
2013,6,4,96387,26655,80522,52584,37454,1519,2479,3494,4674,5456,19002,38224,21727
2013,6,5,14799,3860,64568,92766,57439,1519,3211,1797,3415,6726,17497,21914,16637
2013,6,6,6687,90121,80463,38484,45845,1519,766,3582,4126,6287,27517,22931,42473
2013,6,7,34366,34998,7778,35392,76806,1519,3616,1603,1288,9080,11670,38077,26781
2013,6,8,71172,75284,11227,89588,36117,1519,1501,4154,1638,8316,13989,47392,45077
2013,6,9,67141,79756,55975,52619,42395,1519,549,1759,4840,9678,12151,11645,33492
2013,6,10,26459,85768,3249,73450,56655,1519,1526,2825,1218,9105,33764,48072,20321
2013,6,11,34182,61619,23579,69378,86287,1519,1769,3426,3674,9095,12098,26068,37568
2013,6,12,22587,97946,52828,57428,97624,1519,4072,1766,2097,8673,13883,40103,31331
2013,6,13,8994,91763,67930,20950,97220,1519,756,1400,4663,8951,17129,32301,18046
2013,6,14,46519,251,35728,80193,39346,1519,2612,1931,2420,5440,35710,36396,8124
2013,6,15,6771,21136,43183,90221,9809,1519,1675,1294,1502,7718,72455,12398,7066
2013,6,16,49003,57829,10151,45018,66781,1519,2319,4650,3881,9398,26195,33226,43632
2013,6,17,53875,15160,61511,42647,40600,1519,4042,3722,4707,8926,70294,10867,13573
2013,6,18,45643,16970,12374,27174,47927,1519,4572,3280,2656,6074,58297,25788,34829
2013,6,19,59707,1969,71792,19940,97720,1519,4518,1593,4497,7380,94239,36449,14339
2013,6,20,10953,23283,66524,62013,11859,1519,2879,2500,1490,5252,84674,12438,3170
2013,6,21,20081,90599,64049,79090,23025,1519,4877,4082,1342,6050,19022,38385,38699
2013,6,22,7359,38541,6331,36857,35921,1519,4657,3224,1702,6180,25236,18414,1152
2013,6,23,59350,48117,25916,45840,99721,1519,1608,1153,3891,7008,15242,23267,26942
2013,6,24,15707,36472,72351,72726,45845,1519,1110,3202,4912,7596,12830,32184,41373
2013,6,25,34364,46068,45409,90920,52248,1519,4333,2948,1958,6430,73788,34833,20646
2013,6,26,44894,86749,87339,95137,63757,1519,3404,4463,1646,6102,52188,10054,18933
2013,6,27,32127,79651,70803,78391,13444,1519,574,4158,4632,5982,55077,16474,27214
2013,6,28,92980,30764,36181,28093,32364,1519,4278,3609,3068,5946,88745,26825,26321
2013,6,29,1902,57150,72641,73658,97904,1519,1257,1381,1670,8266,24771,34274,24829
2013,6,30,55625,85346,98433,95258,7681,1519,3489,2011,1260,6021,61456,32988,19863
2013,7,1,40735,42950,95411,40055,31696,2656.19,1955,3844,1227,5612,12430,19326,38588
2013,7,2,6870,49482,23239,85282,74254,2656.19,905,1910,2296,5038,99982,42158,7513
2013,7,3,72356,16995,42784,28378,78451,2656.19,719,1082,1318,9954,75590,16768,42125
2013,7,4,11070,17547,71966,88649,49511,2656.19,1056,1380,1806,8598,58013,31503,25066
2013,7,5,88159,98919,7455,60455,51434,2656.19,2613,1190,1574,5396,68517,35584,23789
2013,7,6,37521,95589,71121,88947,34423,2656.19,714,1843,1961,8072,50491,46471,13064
2013,7,7,35449,57900,19204,76348,88546,2656.19,2850,1703,2487,6654,37158,10272,43569
2013,7,8,55446,56124,413,12580,1520,2656.19,3164,1598,1750,5636,44338,31644,35283
2013,7,9,15052,16405,93488,12013,60437,2656.19,4836,1778,3230,6406,88583,13562,43980
2013,7,10,3961,12787,83480,12800,44443,2656.19,4423,1239,3112,9835,28819,44632,36990
2013,7,11,75118,93336,66377,72341,45324,2656.19,3984,1530,2118,7658,88739,15654,10715
2013,7,12,74156,63576,16144,92386,90320,2656.19,4161,1272,2512,5292,23430,28307,4727
2013,7,13,19631,12854,94547,29096,19041,2656.19,702,1030,3052,6455,99202,28376,39718
2013,7,14,17170,19539,55104,60640,33363,2656.19,898,2517,2418,7041,99903,14089,43843
2013,7,15,18120,99065,24721,35633,98058,2656.19,592,4040,2355,9684,63135,12747,14503
2013,7,16,80908,3215,23258,13960,26022,2656.19,3687,4542,1998,7590,20181,41712,22460
2013,7,17,23986,17432,99231,31404,14473,2656.19,1844,3944,1812,6564,14998,28959,15486
2013,7,18,51067,31220,79352,44774,72409,2656.19,2520,3315,3404,7130,83627,17730,8839
2013,7,19,35942,8667,63968,94292,72458,2656.19,1004,1442,2932,5234,44197,48756,1012
2013,7,20,17072,22394,14053,47973,8958,2656.19,3283,1375,1199,8986,37500,18608,14981
2013,7,21,47825,11373,88276,26229,24855,2656.19,2005,1602,1148,7324,55087,19378,21903
2013,7,22,27826,41092,82173,62110,42678,2656.19,2217,4748,1974,5110,24073,40423,42722
2013,7,23,72603,17357,83151,18803,6344,2656.19,3762,1048,3374,8178,13100,23229,20651
2013,7,24,13941,60106,34026,10862,87431,2656.19,986,1607,1556,9674,10068,11180,5465
2013,7,25,21485,53638,81687,86599,94908,2656.19,2021,2510,4467,5782,10686,45810,5760
2013,7,26,97174,56427,32683,45548,14816,2656.19,542,1862,2239,5505,55968,26021,45783
2013,7,27,90971,52560,73981,53879,14971,2656.19,4463,1454,2686,7501,39404,48945,34049
2013,7,28,63261,32778,32808,2729,92949,2656.19,4890,1473,4601,7858,68373,39417,1824
2013,7,29,59707,3502,84525,98299,5360,2656.19,4319,1329,4404,8300,50207,40727,6846
2013,7,30,98701,26023,93534,36387,99877,2656.19,1684,3136,1440,8992,82216,25016,32939
2013,7,31,86316,63460,81490,10917,77384,2656.19,1685,2090,4716,7562,51740,25075,16215
2013,8,1,76060,87757,33812,74360,54316,1574.97,3060,1689,4424,5798,96565,17362,24539
2013,8,2,27483,59703,83078,78327,58271,1574.97,993,1729,1880,8261,15465,22149,24446
2013,8,3,74948,68908,8218,58862,20648,1574.97,3268,1706,3752,6872,87418,16144,49645
2013,8,4,24323,76831,54758,8747,2629,1574.97,1108,1463,2376,5537,41141,16062,1323
2013,8,5,99984,38487,23729,72271,46748,1574.97,4419,3046,4452,8989,96907,45099,5546
2013,8,6,34986,96528,41807,38739,29960,1574.97,1805,4281,2406,6278,63027,41386,45577
2013,8,7,19238,5488,4202,62966,31025,1574.97,4964,1007,3828,5045,13138,46928,45343
2013,8,8,60591,14050,84975,85044,49391,1574.97,598,4375,4761,8300,23113,24720,48235
2013,8,9,50229,19920,95354,72635,87834,1574.97,756,3422,3867,9158,86388,11244,8381
2013,8,10,96270,67705,58604,96450,72750,1574.97,3377,3340,2282,9418,34735,16058,28234
2013,8,11,42939,81230,42400,54052,85883,1574.97,3772,1110,1784,8260,17500,11948,15514
2013,8,12,48859,55471,29393,29078,90045,1574.97,652,2665,1188,8925,99115,38938,32133
2013,8,13,93511,58845,38631,85793,3549,1574.97,702,2838,1902,5144,16890,13666,39718
2013,8,14,84433,12015,92940,2569,86140,1574.97,3538,1349,3506,8574,80427,29902,18037
2013,8,15,2767,37101,82569,18955,52378,1574.97,2892,1784,1064,5758,48031,10428,31684
2013,8,16,52592,8200,23267,39891,10768,1574.97,1718,1551,2170,6009,14120,18678,40157
2013,8,17,24046,39011,22364,13904,93293,1574.97,3806,1058,1243,6374,31364,17250,2791
2013,8,18,74410,39258,54509,31289,18484,1574.97,1716,1075,2091,5370,27317,16870,2540
2013,8,19,87844,24036,65762,56367,46398,1574.97,1028,1798,1002,6792,11318,28535,46234
2013,8,20,52535,94505,40946,8778,87231,1574.97,3749,2991,2919,8257,18568,46402,22311
2013,8,21,7150,17349,33830,34241,48684,1574.97,3450,2878,1534,9158,18498,47931,11147
2013,8,22,66798,20273,34726,2041,70017,1574.97,1928,3902,1279,8460,47679,49861,35424
2013,8,23,76536,81429,27853,20807,86039,1574.97,3561,4539,1674,7494,60131,35867,37133
2013,8,24,11242,64934,88746,29128,35497,1574.97,2058,3645,4614,8135,20686,18550,47991
2013,8,25,79912,83967,43533,42543,88192,1574.97,2404,1079,1406,8502,18237,41382,7564
2013,8,26,73741,1799,17274,44573,51894,1574.97,888,3134,2337,5537,92261,27833,27405
2013,8,27,83528,85672,12832,18142,30159,1574.97,4124,1421,3835,9008,68964,22026,33518
2013,8,28,6573,61369,19458,28269,97977,1574.97,1002,1717,1700,6560,32641,15486,37696
2013,8,29,30680,29434,87225,89369,14971,1574.97,2201,4849,1508,5366,49342,28019,45838
2013,8,30,29902,88467,54441,80089,3828,1574.97,2115,1751,1124,7924,55019,49101,23405
2013,8,31,91972,91022,87171,64170,44297,1574.97,1907,1327,1202,5484,80695,46918,36164
2013,9,1,64249,11768,69183,60634,77463,2377.37,1886,1866,1641,6975,86107,41398,47202
2013,9,2,5443,12859,92523,43367,67878,2377.37,1690,1030,1497,5859,35898,47661,7976
2013,9,3,87767,27226,29610,79603,24273,2377.37,924,3521,2008,6458,65506,48461,42881
2013,9,4,33660,72393,30743,1653,59368,2377.37,3050,4809,4708,7730,24528,13937,16850
2013,9,5,26253,76219,89189,37751,92078,2377.37,1763,1195,2312,5518,75798,42936,25087
2013,9,6,74253,43075,81458,45253,79533,2377.37,590,4543,1426,6526,31195,45075,46964
2013,9,7,57658,40599,76238,87366,42524,2377.37,1302,3775,1983,6842,22877,35412,1542
2013,9,8,31930,24641,81608,594,72366,2377.37,3529,2969,1831,5386,24573,12715,7406
2013,9,9,38303,34640,42259,74011,75447,2377.37,886,4455,4052,6730,53172,22927,23455
2013,9,10,62441,70828,58055,55776,77670,2377.37,1187,4598,1924,5598,26543,10641,30933
2013,9,11,96553,20074,73612,29736,11413,2377.37,2451,1066,4175,9428,56429,40974,48185
2013,9,12,74516,41868,90430,4920,19895,2377.37,4198,3686,4429,9042,70813,42098,43603
2013,9,13,49538,12001,18050,87814,51147,2377.37,3455,4050,4665,8294,93786,42429,44593
2013,9,14,86603,52590,74849,35779,53651,2377.37,3104,3166,4496,7076,49437,25742,31278
2013,9,15,27136,43637,24429,57917,95890,2377.37,790,1778,3593,8842,49591,24739,45242
2013,9,16,29009,48047,55143,10027,36465,2377.37,3807,4419,2869,7320,75197,37871,15281
2013,9,17,41285,84654,16038,30781,68187,2377.37,2874,1674,1882,7302,69590,37704,15476
2013,9,18,8896,19606,99483,32489,20374,2377.37,3580,4382,3472,5074,75760,16288,15426
2013,9,19,60355,94568,5708,94576,4576,2377.37,2446,1728,1909,9682,92992,13558,47257
2013,9,20,96664,65867,61771,38479,79522,2377.37,1182,3416,2318,5664,37257,37691,31361
2013,9,21,57442,60838,53426,70914,72264,2377.37,3554,3969,1830,9261,43544,44680,29186
2013,9,22,56519,42343,6892,54780,73531,2377.37,4875,1545,1510,6004,25023,45271,49884
2013,9,23,30711,1206,50040,14381,93222,2377.37,2071,1336,4485,7426,37928,36748,37297
2013,9,24,17387,91483,85718,57492,50745,2377.37,3523,3614,4308,5415,78393,27838,45614
2013,9,25,41651,99622,64385,7401,82619,2377.37,4023,4680,1965,5415,44060,12534,5760
2013,9,26,22712,62485,67202,3550,34334,2377.37,1649,3071,1612,9498,41915,13708,5131
2013,9,27,4333,60439,87323,8641,2206,2377.37,2831,3856,1689,7144,67608,30659,32069
2013,9,28,89327,52985,26693,12644,88400,2377.37,4182,2462,4588,6383,47363,33921,20753
2013,9,29,1514,4014,68346,98127,62733,2377.37,3186,2064,1406,5509,92057,39256,10261
2013,9,30,63930,11241,33113,61971,94808,2377.37,2629,1970,1408,5673,13129,24807,17073
2013,10,1,42312,18623,6015,38695,65986,1820.19,1560,4998,4633,8374,32730,34893,6289
2013,10,2,49225,16148,71944,31086,24557,1820.19,758,1602,1336,6984,46955,44088,11200
2013,10,3,15967,47441,30497,1640,76922,1820.19,4417,1178,1142,7062,74279,12536,21657
2013,10,4,3073,47192,92615,94058,18230,1820.19,614,2453,2843,7204,98539,32399,41697
2013,10,5,61150,9906,34548,71813,66891,1820.19,900,4208,1210,5508,13702,22216,31503
2013,10,6,84406,75266,57802,24684,72050,1820.19,2298,1473,1256,9912,85530,30204,48433
2013,10,7,97962,97185,97658,72157,80782,1820.19,908,1930,2454,5455,30095,11402,12549
2013,10,8,86959,62348,4905,48606,25097,1820.19,821,1716,2368,9958,50536,35769,22104
2013,10,9,93407,14188,77243,5382,70452,1820.19,585,3412,1308,9595,40569,23442,29125
2013,10,10,62144,11478,31725,950,16933,1820.19,1645,2006,1048,7901,85199,31967,28172
2013,10,11,50006,56022,7822,63726,17348,1820.19,4495,1518,3896,6188,32487,18706,24710
2013,10,12,22215,68074,44113,14875,17669,1820.19,4668,1163,2510,6393,97113,45795,34682
2013,10,13,14565,20111,82390,71436,64365,1820.19,3403,4369,4962,7576,78094,14628,17590
2013,10,14,52286,43942,68064,57535,87032,1820.19,1882,1204,4976,8022,40471,18996,16904
2013,10,15,62029,45141,31512,74539,97886,1820.19,676,2449,1542,5456,83885,45803,44977
2013,10,16,86665,53641,60173,26627,31217,1820.19,3935,4853,4912,8351,57387,18295,4619
2013,10,17,85255,90622,43893,86583,67969,1820.19,578,1348,1720,6892,20886,43740,34364
2013,10,18,98419,57573,56191,79858,76648,1820.19,660,3311,1419,8766,12588,23987,6428
2013,10,19,73155,90225,73841,88067,58576,1820.19,1361,1518,3201,6605,46763,22521,47581
2013,10,20,50970,68694,68870,96825,22136,1820.19,1917,1116,3680,9459,16762,13368,6109
2013,10,21,2239,42423,36343,28658,60959,1820.19,2644,4112,4207,5682,38531,24135,42632
2013,10,22,56769,61245,84317,11323,27851,1820.19,3843,1438,4773,9065,16704,21908,31081
2013,10,23,25174,65265,58814,5206,94724,1820.19,1884,1961,4349,9166,41970,45307,25576
2013,10,24,73562,44615,45773,22769,53804,1820.19,1903,1152,3251,9830,38245,12212,1322
2013,10,25,62301,72090,17625,62074,91155,1820.19,678,1327,1236,9147,37884,18566,25973
2013,10,26,51076,16121,99274,85425,30699,1820.19,2084,4259,2210,5722,43379,22365,41245
2013,10,27,43512,90284,99290,21763,37856,1820.19,4216,1310,1960,7390,78580,17129,37535
2013,10,28,87813,95267,49809,95402,54415,1820.19,2713,1986,1382,6686,14540,13942,4045
2013,10,29,70935,4350,71474,73146,47206,1820.19,1862,2068,1158,9278,45183,42991,14854
2013,10,30,15039,5752,59499,41014,67592,1820.19,4495,1756,4697,8616,83509,16474,4431
2013,10,31,44701,97575,25953,64865,10913,1820.19,727,1847,2567,7200,71344,18134,33218
2013,11,1,33207,24546,23542,10711,69729,2200.2,748,1831,2382,6761,75774,46813,32885
2013,11,2,41257,47531,46511,81913,47392,2200.2,1612,4965,2925,7828,55878,42494,16974
2013,11,3,23556,54078,80062,27109,25422,2200.2,513,4979,2083,9055,16398,16336,47539
2013,11,4,51940,27790,99995,10675,10904,2200.2,3839,3511,4651,5734,66775,37042,25769
2013,11,5,53675,9740,48361,62952,17569,2200.2,900,2475,4667,7466,84583,12534,4239
2013,11,6,99398,30098,91420,21481,15505,2200.2,995,3795,2602,5989,10821,14857,43462
2013,11,7,38110,34661,33370,77761,21362,2200.2,1155,1430,1236,9515,37986,10156,16497
2013,11,8,50106,43433,17632,24773,45292,2200.2,1212,1040,3664,8983,98872,14168,2216
2013,11,9,42445,44868,64316,96400,7209,2200.2,1256,1298,4797,7886,39430,31159,25138
2013,11,10,43827,20586,22547,70063,66453,2200.2,902,2909,1298,8412,57681,31960,10534
2013,11,11,82769,15246,43001,31433,64229,2200.2,1952,3025,3091,6268,19424,26651,8225
2013,11,12,51406,97033,71969,77555,24363,2200.2,590,3188,3335,7612,54602,31139,11399
2013,11,13,24498,1173,64049,61167,65374,2200.2,3126,3142,3326,9942,79574,33907,38082
2013,11,14,60703,7880,56933,80146,84148,2200.2,1796,1904,1092,5116,29458,30454,42709
2013,11,15,22868,54525,14995,87555,18489,2200.2,3694,2985,1546,9094,16634,10006,19597
2013,11,16,53529,63630,637,23207,66108,2200.2,2113,3161,4441,6502,39658,19790,46563
2013,11,17,39458,46455,56845,45551,57923,2200.2,2356,1588,2179,7416,68344,25667,2656
2013,11,18,93300,3391,35005,80421,18837,2200.2,2914,2364,2784,9902,11923,35243,39156
2013,11,19,62817,85389,44757,83611,15787,2200.2,3550,1595,2220,7018,17145,10294,34415
2013,11,20,64403,25855,2285,21582,65910,2200.2,3600,4208,1510,8604,55980,25558,36981
2013,11,21,87760,5247,14276,6896,71501,2200.2,3490,4317,1586,6502,17927,43724,26199
2013,11,22,37661,6478,15321,84881,68225,2200.2,1374,3978,1023,8658,70559,13874,48818
2013,11,23,11991,512,16142,18713,49116,2200.2,4271,3226,3720,8546,76473,15220,38474
2013,11,24,1097,84964,15890,29035,38210,2200.2,2759,1748,1646,8079,77101,41222,33817
2013,11,25,53249,99829,90202,44273,24839,2200.2,1204,1829,2624,7404,55541,26739,27113
2013,11,26,22172,99813,96319,32244,74711,2200.2,3815,2158,2755,9705,21193,45964,22792
2013,11,27,79874,10305,88187,36520,14736,2200.2,4094,2983,1467,8600,12255,12622,31640
2013,11,28,77760,13461,59488,55384,63510,2200.2,3475,1370,1193,9596,34275,22255,15029
2013,11,29,67585,48092,14415,25340,94149,2200.2,2656,4021,2263,5842,10541,26998,1960
2013,11,30,23834,20988,61334,5302,21635,2200.2,2959,4393,3401,7446,71129,16910,23590
2013,12,1,69605,68944,50020,64398,3219,2563.81,3333,2661,1689,8950,61809,38648,22276
2013,12,2,27682,35832,17264,69876,62725,2563.81,3708,3711,1946,9009,21697,11887,10614
2013,12,3,43321,21091,81641,30767,92220,2563.81,4593,3175,3846,9612,58924,13694,14904
2013,12,4,88240,7259,21079,74929,97284,2563.81,4928,1316,1270,7096,11191,47794,49240
2013,12,5,74157,4900,97858,62456,20262,2563.81,694,3581,1997,9370,10700,15568,19555
2013,12,6,87239,76646,43745,37437,92610,2563.81,852,1708,1278,8282,72129,23561,2669
2013,12,7,27523,2059,81230,78945,81954,2563.81,3091,1110,3672,7300,34917,33933,42421
2013,12,8,26856,75612,13867,205,14299,2563.81,772,2888,3915,5868,71676,26525,40919
2013,12,9,28538,78882,23727,71168,7164,2563.81,4729,1037,4265,9270,29982,46219,45856
2013,12,10,84732,39426,68682,98404,46726,2563.81,3688,4932,1132,5118,90136,26212,3599
2013,12,11,19826,55910,44101,53741,81778,2563.81,540,1666,4658,7992,97834,18173,15778
2013,12,12,16200,8916,85564,30465,1226,2563.81,1683,2308,1322,5364,11526,18047,31898
2013,12,13,15315,49400,7981,27229,28307,2563.81,3440,3131,1538,7794,18223,18507,48117
2013,12,14,46022,98490,95174,57032,18833,2563.81,850,1302,3274,7120,81848,35852,9360
2013,12,15,9018,8532,38161,80340,20249,2563.81,3386,1914,4623,5446,79142,49281,38873
2013,12,16,37188,48935,13765,7565,79180,2563.81,1071,1670,1829,7597,98584,15661,31989
2013,12,17,96957,90142,17046,31584,67262,2563.81,2435,1278,3776,5595,56617,44024,48894
2013,12,18,60820,71356,12292,65444,94075,2563.81,1076,1261,1720,9692,55177,35899,41434
2013,12,19,76830,47602,77452,23659,35199,2563.81,671,3506,1176,9068,80089,33437,26036
2013,12,20,54314,63877,26068,78091,69473,2563.81,3466,1194,4040,6126,12086,14466,32685
2013,12,21,58544,59516,12080,15264,4357,2563.81,2514,2537,1209,5298,37547,32759,17257
2013,12,22,53706,43219,31267,19882,98640,2563.81,4671,2952,1584,5738,47394,27408,27708
2013,12,23,94776,85862,24052,65168,52971,2563.81,985,1513,2005,8064,43128,16361,2491
2013,12,24,41673,26995,13899,72883,88313,2563.81,641,2017,2367,6528,78250,26006,17798
2013,12,25,30968,64274,95312,38904,76365,2563.81,1311,2491,3566,6714,52658,31537,42706
2013,12,26,9205,98644,9403,21210,73060,2563.81,3922,4731,1764,8354,15890,34189,2532
2013,12,27,51970,59608,42559,79338,62867,2563.81,696,1550,2786,5302,49088,44150,37162
2013,12,28,59713,81752,97994,88279,38467,2563.81,1167,4022,1998,5570,85232,10124,17004
2013,12,29,64454,55507,86142,60331,39680,2563.81,872,1648,1065,6870,70985,45284,40107
2013,12,30,56944,92682,55470,74731,9688,2563.81,958,4399,2661,6462,74030,14968,20911
2013,12,31,50230,60198,21503,32229,72120,2563.81,3637,1572,3592,9778,96903,18271,23087
2014,1,1,57776,9921,62303,77558,97258,2576.94,4501,1290,3056,5583,32330,10486,7587
2014,1,2,10816,1730,2980,10394,92112,2576.94,623,2309,3313,9203,40780,21399,26812
2014,1,3,12841,77354,99992,2620,90609,2576.94,3856,4735,1784,9334,58644,16298,34616
2014,1,4,68746,9498,80788,48154,35081,2576.94,3471,2248,1198,7802,72641,23310,13118
2014,1,5,44614,33265,91972,42927,58820,2576.94,677,1660,1456,7021,90631,33416,32752
2014,1,6,31637,89488,14504,92524,66998,2576.94,2019,1494,3997,7806,16438,14070,39501
2014,1,7,77276,48719,12679,24827,32874,2576.94,3136,2486,4936,6459,36765,43755,35320
2014,1,8,5563,17443,65416,48372,30816,2576.94,3139,2451,1885,8995,54974,28883,6047
2014,1,9,18496,38347,64626,33845,2505,2576.94,4274,4780,1295,6952,18454,29168,31226
2014,1,10,82273,69095,56656,33561,41906,2576.94,2315,3819,2214,5472,12190,16070,43421
2014,1,11,65130,10331,36834,27016,39326,2576.94,898,4172,1506,6875,16042,49010,41809
2014,1,12,18101,92292,45143,64397,5596,2576.94,3564,4219,1622,6571,37779,43451,49749
2014,1,13,9992,65096,57272,53559,74179,2576.94,2940,4307,1143,9556,82674,14630,19462
2014,1,14,72934,38573,42345,19440,91801,2576.94,3450,4900,4004,7194,90648,14599,1478
2014,1,15,79694,50566,68820,31240,67137,2576.94,4691,3480,3045,8314,47038,12223,6599
2014,1,16,67776,91331,17884,80272,56104,2576.94,3443,4037,1958,6374,48476,13634,16910
2014,1,17,57502,33279,89887,16506,63224,2576.94,1104,2916,1100,6275,90507,14588,30536
2014,1,18,89227,31551,8069,77272,29865,2576.94,847,3992,2788,5878,94263,18892,21459
2014,1,19,6992,59059,64282,78826,66199,2576.94,2459,3699,2388,9414,40204,25611,29110
2014,1,20,29234,37662,84880,60334,3937,2576.94,1273,3162,3289,9342,86786,12642,41739
2014,1,21,70801,58986,83498,49942,49068,2576.94,3833,1058,3171,9466,51236,19369,44113
2014,1,22,78576,93696,43070,40964,42394,2576.94,2926,1626,2286,8324,31959,15160,49626
2014,1,23,92249,23234,50738,15538,38928,2576.94,822,1079,2860,9794,76020,11927,3876
2014,1,24,79005,61206,34339,32176,10672,2576.94,2897,4247,1252,7798,46562,38015,35575
2014,1,25,26944,45842,9642,64231,46351,2576.94,1805,4950,2538,8894,86839,36465,7954
2014,1,26,42771,71883,78897,55631,56775,2576.94,3910,2130,2474,8248,84306,19006,4918
2014,1,27,70175,52204,65098,65796,79522,2576.94,678,1464,3852,9804,87046,36555,28012
2014,1,28,4110,8852,91506,1648,97747,2576.94,4464,1868,1579,6730,28850,39705,28346
2014,1,29,4630,62761,91836,37105,47361,2576.94,2954,2534,1048,8051,99682,40569,42494
2014,1,30,6063,36197,63387,96268,66001,2576.94,2822,1894,1282,5502,88108,39734,1762
2014,1,31,35377,42573,46603,18308,92286,2576.94,4364,1914,4565,5114,50370,15470,25453
2014,2,1,63325,35813,52447,57728,51847,3264.18,3790,3042,2753,8566,70395,39538,9368
2014,2,2,9232,56857,15175,66263,44966,3264.18,2991,3889,2862,5310,12526,43314,4909
2014,2,3,27016,25794,14232,25920,92516,3264.18,2316,1690,3321,9762,13567,20167,16158
2014,2,4,79131,93710,24562,68236,53767,3264.18,2773,2997,1813,5904,45612,13130,44957
2014,2,5,44208,63604,33372,12070,16254,3264.18,1736,4620,1691,5967,85539,14206,45899
2014,2,6,18477,2857,36399,86798,88971,3264.18,3316,4452,1174,7878,52688,30146,16319
2014,2,7,59187,60462,93144,27352,99762,3264.18,972,3968,3710,7716,72390,10598,5108
2014,2,8,19752,44127,10937,7795,46446,3264.18,2000,4922,2036,8399,68071,21006,12829
2014,2,9,91070,7741,5460,51097,71971,3264.18,1242,1156,1312,5974,58508,17318,24500
2014,2,10,45846,15342,11395,80909,89195,3264.18,3576,1218,1238,9512,33091,14128,1166
2014,2,11,88693,5093,88334,20729,29844,3264.18,1735,2264,1004,7102,88360,18819,22758
2014,2,12,54398,85956,16328,5710,76694,3264.18,3135,3890,1529,9068,36150,12075,41188
2014,2,13,1018,84727,37374,61632,60592,3264.18,3690,4283,3260,6762,70012,38103,36817
2014,2,14,46134,28100,75368,42983,7998,3264.18,1801,2394,1035,8128,68103,18170,30081
2014,2,15,19317,41239,14323,25846,42120,3264.18,2920,3136,1551,6610,19098,28494,16826
2014,2,16,78463,89811,77779,86723,63187,3264.18,1178,1352,2241,5804,68653,16590,14143
2014,2,17,29330,80455,78985,11717,8583,3264.18,2148,4250,1030,5914,86447,13149,13440
2014,2,18,84649,40721,22639,52552,32366,3264.18,1046,2179,4919,5176,13902,13105,43758
2014,2,19,39319,71433,55129,47912,4330,3264.18,4501,1334,4235,9837,61727,29170,23782
2014,2,20,39629,48877,89773,60659,66700,3264.18,670,1347,1940,5606,15622,49305,26221
2014,2,21,22908,84945,76486,72828,60121,3264.18,2284,1590,4523,7413,63701,15204,6740
2014,2,22,81195,44555,65216,1783,20744,3264.18,2304,1518,1648,7076,21030,42518,26944
2014,2,23,13297,77543,93866,46589,56693,3264.18,2246,4600,4060,5083,52427,25532,14116
2014,2,24,11823,54712,91324,22698,12125,3264.18,2901,4671,1872,6244,27805,36674,21377
2014,2,25,30061,75110,13399,22232,28538,3264.18,4749,3186,3323,9942,19126,35016,1574
2014,2,26,89082,17021,80969,4494,22104,3264.18,1378,1138,4458,8116,72974,32935,33396
2014,2,27,75430,27229,58959,7713,30346,3264.18,739,1757,3224,8284,98988,13532,36764
2014,2,28,24919,80090,64948,69595,71408,3264.18,962,1840,4446,7750,97686,15814,36075
2014,3,1,94065,8180,6136,98118,97507,1741.1,3546,4734,3028,5066,71431,18438,39071
2014,3,2,58351,48189,79368,32488,63529,1741.1,3758,4969,2428,9704,47728,19854,36130
2014,3,3,30667,24569,89302,82597,22255,1741.1,4273,1318,1734,6760,30787,35592,47204
2014,3,4,45832,4335,26679,60212,1946,1741.1,2707,1210,2649,7074,18278,42529,48110
2014,3,5,59556,82893,2499,43337,58949,1741.1,3190,4614,1147,8843,72210,29753,16579
2014,3,6,82399,72836,46073,70486,79597,1741.1,1077,1779,2545,5522,18342,15842,26860
2014,3,7,97218,96050,76138,76220,69477,1741.1,3748,4031,1746,7599,72367,19644,1625
2014,3,8,4178,1911,49432,11677,20754,1741.1,1430,3152,1668,7718,73637,13564,37995
2014,3,9,80714,46067,48557,94612,28823,1741.1,916,2392,1314,5896,18611,15128,33252
2014,3,10,4568,53712,94161,21788,91311,1741.1,1604,1840,4789,7388,23516,11096,32880
2014,3,11,85383,81299,25048,12564,85153,1741.1,693,2218,1102,9766,76829,12564,15037
2014,3,12,83853,3635,48670,79506,6578,1741.1,4633,2496,2343,5145,49284,45006,33633
2014,3,13,38026,47241,56847,39167,94629,1741.1,1061,1362,3013,6108,25278,13165,46715
2014,3,14,1145,60972,45384,62248,61573,1741.1,3524,1730,2199,7100,41282,48776,38565
2014,3,15,17178,2268,92626,70873,57414,1741.1,878,1790,1012,9076,67308,16482,8262
2014,3,16,2144,28371,12845,96509,14479,1741.1,1025,1975,4093,5666,94222,10666,38123
2014,3,17,76326,79099,22444,18525,28996,1741.1,3653,2524,1994,5270,33396,39757,13726
2014,3,18,50892,65628,67900,72745,71056,1741.1,4226,3198,3578,8423,69706,44408,35209
2014,3,19,72898,62085,26384,88344,99846,1741.1,732,1170,2407,7804,94695,11402,36958
2014,3,20,67882,94701,23927,50226,87331,1741.1,1335,4573,4302,8478,27317,10357,23676
2014,3,21,25795,32897,99909,89373,51320,1741.1,562,4216,3050,6516,12559,47895,35967
2014,3,22,79827,94273,24067,12234,82077,1741.1,4988,1309,1165,7838,16535,49847,35114
2014,3,23,87590,22871,4421,26892,13457,1741.1,3601,4251,4633,7028,44975,32304,31738
2014,3,24,55828,45109,72874,3879,87978,1741.1,3125,2803,1057,8794,96388,28133,1785
2014,3,25,43657,86377,60796,89822,16644,1741.1,4668,4232,1552,8186,47476,30008,27331
2014,3,26,92179,17430,69260,73164,87291,1741.1,946,3117,1400,9396,63347,13672,14236
2014,3,27,96478,31474,47828,92535,40017,1741.1,2020,3673,1944,7815,89846,13587,44217
2014,3,28,41498,29516,67821,58050,89956,1741.1,4409,3485,4077,7926,88001,36367,31649
2014,3,29,4257,9822,95837,96304,4515,1741.1,4976,1992,2009,8320,19766,47025,9185
2014,3,30,68372,96899,30699,31669,61066,1741.1,520,2562,1412,9427,76963,22719,36898
2014,3,31,27428,97725,87558,76505,87746,1741.1,4223,3353,1546,5678,18658,39893,25559
2014,4,1,80986,7237,23958,5141,17115,2260.73,4864,1486,3033,6158,91429,19750,20983
2014,4,2,33140,10344,37695,12568,3659,2260.73,1346,1383,4322,5712,89128,12474,26766
2014,4,3,78427,97483,91612,36191,18492,2260.73,3138,4476,1445,7095,18494,38559,47857
2014,4,4,64431,10833,85277,82464,32365,2260.73,3745,1856,3401,5786,10775,14128,26706
2014,4,5,18205,67122,8443,48880,99973,2260.73,958,4751,1405,6723,30941,29896,47572
2014,4,6,60932,433,45725,82377,77528,2260.73,2288,3309,2525,8916,57124,26241,16693
2014,4,7,15622,10870,8098,35375,2309,2260.73,2434,1865,1998,7078,85744,18614,18873
2014,4,8,64800,57208,97070,76205,20283,2260.73,2452,1214,1147,8176,79942,10062,44364
2014,4,9,34870,33583,13337,12395,72499,2260.73,3635,4472,1330,6180,39846,49990,20461
2014,4,10,81958,82281,53208,67952,49510,2260.73,1622,4308,2511,7392,90513,32793,5304
2014,4,11,44407,29318,30360,5554,97495,2260.73,580,3715,1588,8886,61109,49087,26655
2014,4,12,60729,16097,69912,58411,79182,2260.73,4753,2491,4742,7960,61794,24251,26110
2014,4,13,99617,48417,88560,28480,48461,2260.73,2624,2866,4742,7984,14772,38588,45425
2014,4,14,50991,91705,87304,27579,81973,2260.73,3017,4052,2212,9280,17463,42746,14765
2014,4,15,5391,8569,70238,30133,52881,2260.73,735,2496,1822,5646,80975,28908,32032
2014,4,16,21072,58601,38127,62166,82937,2260.73,2105,1142,1918,6150,77856,18566,19251
2014,4,17,85525,87227,18332,82737,66507,2260.73,974,1896,1438,8314,18380,13594,2147
2014,4,18,94104,39116,66092,90904,64763,2260.73,1163,2185,3370,5198,80702,37658,13419
2014,4,19,59893,97808,87937,37199,18568,2260.73,1477,1802,4371,9350,12746,35877,32146
2014,4,20,83307,95015,7775,44021,57086,2260.73,3966,2540,1622,8566,58443,46384,26155
2014,4,21,19829,10959,48570,58199,1601,2260.73,2209,2844,3430,9910,15042,11997,29272
2014,4,22,98643,27872,82441,68014,59032,2260.73,3891,3689,3337,8017,19061,20423,1972
2014,4,23,70524,93029,37964,52146,33086,2260.73,3529,4265,3717,6910,43816,41669,12760
2014,4,24,92722,56026,19514,52504,72523,2260.73,4500,1165,3779,6594,39178,37811,34557
2014,4,25,31617,59422,96501,44954,87439,2260.73,1728,2962,3590,6044,10107,16064,15563
2014,4,26,98804,24990,43646,38873,88440,2260.73,542,2513,4838,6407,50016,48712,37462
2014,4,27,50964,80870,19878,29744,10514,2260.73,3906,2129,1181,6758,13770,19918,25409
2014,4,28,28673,35164,29287,53615,21208,2260.73,2994,1362,1478,6586,91587,19174,39394
2014,4,29,75453,88482,83040,35291,4889,2260.73,718,2204,1134,6584,15646,40790,33056
2014,4,30,11993,2206,82920,79526,98964,2260.73,4497,2636,2870,7576,97602,25429,2707
2014,5,1,25597,28145,264,97236,36084,2520.84,2687,4564,1510,8668,45804,18236,35790
2014,5,2,24685,18009,48513,61269,36308,2520.84,4612,3512,3574,5489,53828,41280,5655
2014,5,3,19988,97817,45503,123,95419,2520.84,4651,1015,1742,6267,34602,12158,37285
2014,5,4,38409,7291,42428,23590,47972,2520.84,3177,4007,1240,6092,66627,42547,38232
2014,5,5,28697,72592,97413,33623,58082,2520.84,1254,4420,1662,6757,94542,10826,1241
2014,5,6,24042,30547,81842,5822,66814,2520.84,3684,1838,1526,6111,45162,17666,16445
2014,5,7,70695,3340,9770,76935,42734,2520.84,834,1429,1390,9598,21403,39773,26397
2014,5,8,17191,62658,34194,82599,65767,2520.84,3424,4807,1276,6502,11980,42446,28736
2014,5,9,58063,35665,64021,14501,18128,2520.84,3909,3822,1878,8678,82108,37959,25535
2014,5,10,21428,34295,75741,3120,83893,2520.84,2892,1082,4800,7085,83680,25567,47144
2014,5,11,22173,43458,31727,97807,85076,2520.84,1604,3137,1456,6976,73989,30203,43708
2014,5,12,62512,92899,19026,7738,37930,2520.84,696,1426,1780,5774,78827,35672,17486
2014,5,13,68580,21720,53108,44732,15157,2520.84,606,3680,1596,8377,51486,31671,3140
2014,5,14,62085,24444,41161,74160,61420,2520.84,714,1158,4400,9739,48019,28681,15150
2014,5,15,73578,60068,54390,25358,47856,2520.84,2381,2786,2639,7958,77518,11210,49569
2014,5,16,83629,47817,56476,80225,66194,2520.84,3248,4629,1894,9408,35141,26528,24315
2014,5,17,50911,55856,83164,91663,11948,2520.84,696,1058,2602,8742,27233,10924,31183
2014,5,18,90653,4615,88245,78292,51456,2520.84,2438,1478,4930,7836,31659,12476,15763
2014,5,19,94580,26260,73458,59689,62021,2520.84,2569,2930,1622,5732,20944,18220,24951
2014,5,20,33267,91288,10982,57221,32372,2520.84,2678,4375,4180,7274,34018,10635,38215
2014,5,21,99389,31457,62071,45671,1722,2520.84,3146,1301,1341,7956,72341,48361,10083
2014,5,22,72907,91263,27644,70065,93347,2520.84,4169,2965,1226,6502,12470,38597,48588
2014,5,23,44717,29216,44325,3898,62842,2520.84,884,2229,4798,5920,15810,11520,28343
2014,5,24,3038,82399,24174,55731,30355,2520.84,4092,4613,1954,8087,12068,13827,12867
2014,5,25,46676,1552,56793,2902,8054,2520.84,2851,4122,3897,8527,89371,31739,23331
2014,5,26,46871,20256,43969,56669,29563,2520.84,4540,3951,1248,5065,18758,47325,18221
2014,5,27,54285,75127,33291,74766,89566,2520.84,3592,2592,1752,6978,71846,48924,39321
2014,5,28,35068,79698,18047,53965,64577,2520.84,2055,1446,4025,6024,84467,23587,7418
2014,5,29,64245,85360,22540,31216,10426,2520.84,4893,1061,1942,8183,55826,24616,43574
2014,5,30,17504,44419,77210,58375,22508,2520.84,3651,3926,1814,6818,44243,19370,49056
2014,5,31,65468,96299,21128,9493,92323,2520.84,4431,2919,2305,8322,20486,34082,21947
2014,6,1,65380,15144,33299,43564,70970,2729.83,1066,1740,1476,5793,70599,16883,7916
2014,6,2,59445,44527,61988,1142,88770,2729.83,2960,1222,1006,9838,93742,47444,38020
2014,6,3,91885,83014,71103,30207,3500,2729.83,3454,3879,1680,7038,28794,24001,5185
2014,6,4,36020,89861,55742,3848,42006,2729.83,730,1449,2219,5444,18943,25988,26342
2014,6,5,87090,1904,77408,12588,10709,2729.83,662,3944,1038,7486,65502,24014,21150
2014,6,6,52671,10309,59246,5703,72062,2729.83,4704,4432,4251,5445,28280,36257,38040
2014,6,7,28139,65363,54059,15358,48081,2729.83,2697,1521,1257,5105,64108,15790,23002
2014,6,8,72607,40493,37262,43122,87979,2729.83,3487,2001,3072,5474,62703,11950,2764
2014,6,9,97124,92408,42270,91375,94206,2729.83,3983,3695,2264,8798,54053,16696,36902
2014,6,10,87396,78103,68218,95005,79560,2729.83,3321,2166,2818,9462,11639,27148,32326
2014,6,11,69699,45127,34150,82771,37859,2729.83,607,4981,1234,5762,42707,16169,13206
2014,6,12,29779,3044,54866,82043,17438,2729.83,3738,1184,3372,6955,32541,32932,25271
2014,6,13,15633,45863,35099,4803,12798,2729.83,1951,2495,3215,9838,65265,46073,13090
2014,6,14,45658,82225,97407,67623,25101,2729.83,3791,1230,1730,5008,69624,19308,6466
2014,6,15,80279,84715,30835,83652,68022,2729.83,1583,3654,1188,8033,88456,38386,29728
2014,6,16,81123,86760,20882,89338,35565,2729.83,1762,1221,4722,5520,65195,26175,2499
2014,6,17,38338,65340,13758,14199,20348,2729.83,826,1262,3096,7385,84277,36118,33383
2014,6,18,67113,67213,36125,92703,1598,2729.83,2440,2719,2692,9358,88408,13256,24581
2014,6,19,87173,56523,60830,88248,38395,2729.83,774,1731,2716,9072,14572,28063,26026
2014,6,20,44266,47482,45042,12363,34867,2729.83,4832,1979,2882,7718,11033,30831,45671
2014,6,21,41889,58474,13551,69581,43148,2729.83,4188,1672,1184,7158,51271,29578,18311
2014,6,22,52396,82046,22663,76464,42929,2729.83,4526,2194,3776,5920,99556,44995,46296
2014,6,23,11591,80741,63327,24474,81697,2729.83,618,3584,4184,5207,19044,17378,24360
2014,6,24,19870,58706,71709,27407,85076,2729.83,1984,3822,1078,5998,30285,47952,22980
2014,6,25,42295,51165,35147,52423,17085,2729.83,3769,3674,1794,7095,69499,29842,1055
2014,6,26,67807,41157,69780,33344,26364,2729.83,2027,2584,4353,7480,89990,11572,29297
2014,6,27,53067,63328,9604,74443,75678,2729.83,2394,4323,1053,7796,86746,16284,39890
2014,6,28,41300,516,53164,89447,93964,2729.83,4288,1769,3819,5419,11464,13078,22664
2014,6,29,1068,53492,69119,55422,83579,2729.83,2554,2996,1190,7157,27438,30817,25462
2014,6,30,93399,66186,65142,804,56431,2729.83,3940,2729,1846,8456,14138,45421,18240
2014,7,1,39169,73544,64939,44588,85008,2330.52,655,3499,1942,7428,38429,48755,21473
2014,7,2,44983,91427,3896,98492,35217,2330.52,1890,1401,2558,5396,57831,17149,1066
2014,7,3,17987,71914,2256,96443,75441,2330.52,2561,4608,2572,8851,75548,22579,14030
2014,7,4,50324,21204,27431,7266,38632,2330.52,2373,4965,4990,6268,98456,25206,32213
2014,7,5,27334,90347,26609,76244,99393,2330.52,3392,2378,2704,8030,30172,14497,34440
2014,7,6,26030,27734,79106,13602,6585,2330.52,2532,3259,2208,9963,96876,47191,21006
2014,7,7,12176,69250,47157,2166,61871,2330.52,2371,1120,2311,5446,81799,13694,45614
2014,7,8,71124,75192,69082,43828,3544,2330.52,3324,4572,4690,7574,59525,16274,15606
2014,7,9,74788,62059,55886,66997,92022,2330.52,539,1106,3363,7696,22713,15542,19115
2014,7,10,39662,66437,5790,91973,36769,2330.52,598,2891,1962,9109,68070,49027,3941
2014,7,11,61068,76396,44952,20758,80178,2330.52,3384,4964,2887,9269,38312,41260,4478
2014,7,12,28384,85205,11809,83100,79253,2330.52,4684,3913,2309,7330,27237,20429,1758
2014,7,13,25766,87266,94673,37602,32728,2330.52,1628,3794,4138,7931,14551,35667,12744
2014,7,14,2409,17936,6984,1648,93558,2330.52,2907,3292,1852,9440,21391,26104,45297
2014,7,15,71941,21077,61370,5603,42902,2330.52,1031,1846,1754,5702,22620,24951,38607
2014,7,16,49800,75601,18746,88938,73532,2330.52,4604,2292,3936,6378,93939,27493,49649
2014,7,17,93236,86848,15786,56440,7915,2330.52,2543,1207,4605,7834,14542,33858,3530
2014,7,18,48872,94193,35230,41096,81249,2330.52,1046,1047,4801,9214,36336,23333,7850
2014,7,19,50792,60941,15626,34728,8881,2330.52,3572,3467,4115,8726,91259,13558,25917
2014,7,20,97888,73803,49590,88845,34068,2330.52,4054,2938,1942,8578,24033,43191,17751
2014,7,21,48486,90080,74239,98288,91223,2330.52,2972,3365,4219,9949,93093,13099,26928
2014,7,22,95866,21666,47920,41334,82376,2330.52,4715,1614,4332,5318,85458,29751,39179
2014,7,23,28407,24514,62690,90349,15150,2330.52,4891,3634,4505,7862,78273,17079,3075
2014,7,24,67410,16246,75446,71629,86195,2330.52,1080,3412,2907,5351,39745,10576,34891
2014,7,25,20882,34461,18250,50214,95117,2330.52,4965,4874,4573,9006,30222,26074,3709
2014,7,26,12082,80115,56061,37939,36949,2330.52,886,4357,1931,7558,75985,19478,34335
2014,7,27,15354,77066,67891,54613,42417,2330.52,4895,3297,4799,9004,29863,36267,23988
2014,7,28,98206,76181,26142,59131,1539,2330.52,1556,4971,2829,7616,67910,39777,6364
2014,7,29,58303,22929,10487,25235,69744,2330.52,1064,1448,4889,8954,56060,38658,36473
2014,7,30,19294,32309,18308,94093,26806,2330.52,728,1362,1414,6500,16054,42241,48171
2014,7,31,79216,52049,72213,48398,76017,2330.52,4526,4319,4402,5013,75905,49145,40123
2014,8,1,86970,50594,64079,82276,6655,2188.29,1568,1286,1044,5660,82119,35566,2737
2014,8,2,92372,23482,26270,98872,40326,2188.29,4438,3725,2074,9187,84741,13549,18511
2014,8,3,13715,35413,92952,95080,11318,2188.29,2916,4638,4042,6994,96913,32048,8450
2014,8,4,46084,14834,87363,67128,10494,2188.29,4045,4216,4314,5314,34439,49639,19482
2014,8,5,80177,28879,74717,53604,4418,2188.29,2152,3131,1222,6455,29562,22540,9459
2014,8,6,34905,8831,37179,43948,52178,2188.29,2347,3260,1138,9710,81739,42123,1810
2014,8,7,65544,50785,11340,74859,46100,2188.29,849,2627,1009,5566,96230,45426,45780
2014,8,8,91377,79735,29911,2599,56191,2188.29,1490,1094,3303,5021,35041,20480,9473
2014,8,9,45466,43742,35093,27095,23452,2188.29,4217,1414,2615,6909,96556,30066,16832
2014,8,10,92689,53759,72695,50,69325,2188.29,960,2052,1334,6978,96002,21201,35277
2014,8,11,1211,37494,12296,85866,48867,2188.29,2697,1376,2430,7789,37777,47233,13690
2014,8,12,74621,56996,68932,58588,3905,2188.29,3654,2944,4246,7700,12993,19718,15489
2014,8,13,79329,24821,98327,44340,66559,2188.29,1892,4120,3173,8790,69985,47039,44329
2014,8,14,90582,9035,7723,14364,83176,2188.29,2948,2795,3847,6879,32734,39103,45501
2014,8,15,28720,37741,68400,64318,15441,2188.29,4239,1121,2564,7565,71812,10958,47745
2014,8,16,78247,53706,89595,26420,80598,2188.29,3459,1178,1317,9518,15214,34492,25932
2014,8,17,93034,79842,58640,28233,43073,2188.29,3687,3144,4114,8374,52461,10907,41375
2014,8,18,49831,38054,72029,88748,21971,2188.29,4221,1798,3897,5686,26636,44494,43841
2014,8,19,76100,50096,82025,93770,97629,2188.29,3261,2014,1462,6901,51598,11784,1110
2014,8,20,28276,35287,44032,73742,87373,2188.29,1000,3555,4545,6066,42302,13042,46493
2014,8,21,83222,52876,73085,13471,53044,2188.29,2965,1000,1167,6341,39264,13796,49721
2014,8,22,22964,33878,87163,19426,70779,2188.29,634,1650,4046,5695,89147,27771,38761
2014,8,23,32189,56500,47679,83086,79529,2188.29,953,4101,4207,9038,92571,28603,6333
2014,8,24,45111,16889,74099,11279,39583,2188.29,662,2545,3591,8588,98322,11702,29715
2014,8,25,17349,89988,66128,7748,25683,2188.29,1870,4222,3126,5900,57308,24006,21627
2014,8,26,72233,29614,19460,47792,75004,2188.29,1394,1974,3919,6844,31392,34853,12031
2014,8,27,12911,22819,47399,92855,1407,2188.29,3576,1846,2059,9703,59205,27742,12073
2014,8,28,97683,77428,51965,42161,43328,2188.29,1166,1911,1974,5625,79703,30241,25625
2014,8,29,14008,72450,66708,59279,39295,2188.29,4131,3556,1844,7881,61410,38675,48100
2014,8,30,69955,4987,73783,22014,31043,2188.29,1107,3724,1767,8072,70884,20094,49340
2014,8,31,10049,53403,18359,81639,55380,2188.29,1880,4386,1030,9888,28665,26156,48062
2014,9,1,89149,94714,30309,13383,72476,3101.3,3336,2462,4118,6834,17018,16924,18985
2014,9,2,37810,53581,35225,22234,40817,3101.3,2281,4218,1381,7850,65949,17798,21672
2014,9,3,42153,35336,41305,37092,80353,3101.3,1482,1716,4878,6791,99235,17353,33814
2014,9,4,45776,82572,61168,21246,20625,3101.3,4702,4785,4603,5146,97018,46771,36024
2014,9,5,19303,45653,7342,75684,75925,3101.3,1477,4428,4978,8276,87871,21682,23291
2014,9,6,87947,34355,7536,99177,11146,3101.3,2882,3272,1396,8108,10869,42670,6771
2014,9,7,46426,40572,17456,2381,38203,3101.3,4152,3856,1478,6493,49539,19286,14475
2014,9,8,96137,12369,86831,21115,16503,3101.3,2796,1610,1658,6684,19977,11646,24702
2014,9,9,73455,19212,42529,95501,63261,3101.3,3170,4685,1314,5625,12066,48523,3398
2014,9,10,86452,27571,22381,62930,50416,3101.3,1683,1551,1290,8513,67665,33494,38272
2014,9,11,9568,26815,54295,34975,93499,3101.3,4231,3304,4834,6759,78804,39447,40624
2014,9,12,158,33327,15485,10479,5305,3101.3,716,1755,1472,8180,71037,38240,43903
2014,9,13,18710,2721,84792,35702,37587,3101.3,4195,3505,1975,9841,14831,10956,18810
2014,9,14,30466,19063,5130,56652,65823,3101.3,2450,2331,3612,7935,92809,10546,1178
2014,9,15,38190,84515,47025,26015,98601,3101.3,4254,3661,3485,9045,69362,14856,34414
2014,9,16,34207,38558,70929,46182,78399,3101.3,3006,1790,1174,6282,98219,13422,2113
2014,9,17,73423,60670,85680,23387,54957,3101.3,3655,3146,4355,8154,19160,44307,44841
2014,9,18,92797,99767,44321,46282,65164,3101.3,526,4370,2239,7950,61903,46989,13683
2014,9,19,59450,29911,88558,80625,19399,3101.3,658,4172,3797,6004,48910,35106,3129
2014,9,20,97197,27566,28253,76552,85949,3101.3,2210,1686,3530,6150,41378,45045,13765
2014,9,21,61565,11436,44416,13804,68773,3101.3,2145,4574,2581,8246,25198,38331,22672
2014,9,22,85183,41875,97504,65332,27879,3101.3,884,1427,1354,8689,34330,42631,46414
2014,9,23,8806,21542,87729,88688,69424,3101.3,3733,1986,3245,9010,61143,16748,45459
2014,9,24,17172,54641,2944,86105,36695,3101.3,4435,3228,1368,8290,14270,30598,44494
2014,9,25,51057,3998,72026,41388,49040,3101.3,750,4196,4249,8098,79236,30024,6357
2014,9,26,99909,12970,77365,73154,23822,3101.3,2875,2345,4500,6614,43449,12547,38509
2014,9,27,11665,34238,776,98033,38880,3101.3,4982,4935,4685,6730,47674,40076,20688
2014,9,28,39717,98046,64273,318,52496,3101.3,692,3756,2829,8126,58261,13003,43509
2014,9,29,78919,6137,70349,88419,73308,3101.3,965,4971,1486,8093,99355,19618,30150
2014,9,30,88781,60690,25906,29818,94050,3101.3,4893,1006,2977,8438,66786,13658,23581
2014,10,1,13481,25581,33209,37539,195,1947.68,1456,1330,2911,9758,95989,29412,46212
2014,10,2,72193,97313,60152,56638,96668,1947.68,1769,3709,2026,6378,67758,11958,46122
2014,10,3,27833,34229,16288,28351,1015,1947.68,3729,4494,1718,8289,52032,15238,23113
2014,10,4,853,68489,37922,33764,89716,1947.68,3175,3259,1223,9678,34896,44242,33911
2014,10,5,85800,96666,17952,24179,4605,1947.68,1136,2437,4938,9726,77139,37304,35711
2014,10,6,41889,82221,51800,56933,20510,1947.68,3523,2713,1078,6444,71476,44739,20184
2014,10,7,60355,1005,72999,91578,7035,1947.68,820,2834,2263,7552,33364,41868,24247
2014,10,8,55834,85853,90658,92124,38277,1947.68,4428,1516,1369,7579,53449,12950,34149
2014,10,9,17763,41973,40945,22787,68417,1947.68,3877,1046,1128,6464,36700,12682,28773
2014,10,10,47474,88873,62350,84738,42644,1947.68,2957,4829,1565,9966,13914,36194,45714
2014,10,11,34115,52733,32711,16836,50312,1947.68,598,4426,1680,7362,14434,45603,2512
2014,10,12,22487,57443,90727,68616,80670,1947.68,3130,3143,4002,7814,29232,16004,43779
2014,10,13,12545,88542,22827,10462,38508,1947.68,1655,2621,3863,5718,89457,15527,46132
2014,10,14,14582,25876,49954,91770,19590,1947.68,3724,2075,1928,6486,27042,27981,23518
2014,10,15,4581,65173,56125,53583,82004,1947.68,1580,1808,1026,6134,21361,28756,1709
2014,10,16,46890,84369,17730,62106,96439,1947.68,3984,1020,4413,9558,19141,19002,23539
2014,10,17,83807,72866,27431,31119,33669,1947.68,4099,4600,2004,6330,24535,18000,4473
2014,10,18,49636,2468,45253,39885,3226,1947.68,4992,1467,2333,5452,28572,13772,16614
2014,10,19,42613,88909,91145,92026,99198,1947.68,2380,4355,4502,9366,46825,33170,26638
2014,10,20,75635,5925,4124,27984,53852,1947.68,2336,3486,1125,7588,59722,11382,28659
2014,10,21,90554,44715,17170,57887,63789,1947.68,3010,1400,1001,5506,14777,13302,12094
2014,10,22,72144,8510,65907,87999,29672,1947.68,1168,1658,1142,6602,49641,38859,12732
2014,10,23,70302,11978,8699,1427,35918,1947.68,2129,1470,4487,5650,11494,43275,18421
2014,10,24,47745,55072,99676,15098,16931,1947.68,1648,4073,4314,7554,93423,35337,30805
2014,10,25,76638,14593,6996,11646,72588,1947.68,1857,2889,1318,5555,60667,37236,22990
2014,10,26,10328,29149,80059,39815,14800,1947.68,3089,3895,2191,9116,93992,19121,30768
2014,10,27,79922,91993,74547,35588,55899,1947.68,924,2536,3914,8554,44181,21501,17971
2014,10,28,17262,61039,30743,18580,2946,1947.68,815,3273,1126,8934,53087,35357,41411
2014,10,29,49346,2530,30605,1537,67998,1947.68,2009,4270,2941,7908,99857,38840,40950
2014,10,30,62231,37135,37729,61145,81407,1947.68,3997,1846,4300,9740,33598,12245,31910
2014,10,31,87503,5767,91871,8061,57993,1947.68,4770,2337,3839,6726,25226,31836,11311
2014,11,1,12236,12460,96970,90144,12317,1589.17,3725,4450,4889,6221,47208,21798,2162
2014,11,2,95220,62228,97451,91312,12179,1589.17,690,2944,2918,9577,75936,29228,9697
2014,11,3,79348,99626,9420,86075,24852,1589.17,878,3439,1222,7070,59934,32383,7609
2014,11,4,49232,28661,48187,89121,74882,1589.17,2271,1452,3974,9452,94115,36152,11747
2014,11,5,770,89281,20449,68689,8859,1589.17,4268,4557,2361,7386,13976,14290,12737
2014,11,6,81297,73438,7005,51364,20508,1589.17,854,1091,1950,8284,91563,36832,16939
2014,11,7,10032,18835,89637,358,59909,1589.17,2861,2029,4384,6628,62069,14594,33753
2014,11,8,36046,76339,35505,64759,16379,1589.17,3323,2674,1858,6746,65389,11166,42488
2014,11,9,24971,15488,38876,53273,30125,1589.17,1456,1507,1260,6093,73216,25533,30439
2014,11,10,46198,76078,18915,51934,15739,1589.17,1528,1783,2322,8158,32893,23700,30985
2014,11,11,60872,67570,87727,93149,25601,1589.17,932,1150,4954,9342,15402,15078,3116
2014,11,12,47950,60300,87938,13575,22745,1589.17,928,3941,2230,8758,37227,11902,11154
2014,11,13,71711,3756,21104,29033,22140,1589.17,4084,3010,4270,6334,92510,29870,20350
2014,11,14,92630,54795,46794,77584,55954,1589.17,4014,1050,2287,6616,50181,16384,1284
2014,11,15,74458,21994,51678,28040,96368,1589.17,2360,3077,2659,9640,13461,31150,38905
2014,11,16,5165,48898,30514,59435,72060,1589.17,4305,1040,2818,6098,74975,17014,23024
2014,11,17,53087,342,86731,96726,13646,1589.17,4461,3102,3905,9182,16141,21624,36913
2014,11,18,20044,13502,39702,29056,64670,1589.17,850,4833,4763,5814,45620,23174,19515
2014,11,19,30095,1278,4215,7913,3728,1589.17,4387,3165,4531,9014,69890,43176,29190
2014,11,20,98031,65705,97631,73288,96844,1589.17,4911,3238,4977,7782,62293,24646,30124
2014,11,21,70479,38852,10832,21594,45922,1589.17,4767,2367,2728,8981,16631,11455,6452
2014,11,22,44523,91020,50973,40406,52138,1589.17,4933,1519,1567,7563,39806,49762,20864
2014,11,23,77688,1070,33001,37665,2034,1589.17,2310,3863,1849,6292,10456,29122,11647
2014,11,24,45946,55224,21491,3674,20557,1589.17,1481,1398,4140,9842,10978,47629,38122
2014,11,25,69669,55418,80501,72588,19334,1589.17,3701,2020,2727,6838,51036,39760,36659
2014,11,26,49701,13347,44976,32902,2840,1589.17,2023,3784,2006,9865,68810,47562,5432
2014,11,27,37988,66644,28994,83480,15449,1589.17,2461,1469,2598,8636,74056,41931,1670
2014,11,28,30973,79111,55304,85052,17165,1589.17,4812,1864,1037,6139,16117,38877,6340
2014,11,29,57924,78141,4014,84930,94359,1589.17,3844,3697,1646,7837,32176,21267,22824
2014,11,30,45019,45990,72737,67617,40304,1589.17,900,2627,2254,7555,72678,18846,13145
2014,12,1,13843,42635,56285,99983,58752,2015.16,2905,3244,1064,9186,47602,18838,11514
2014,12,2,8031,96300,60522,2220,44828,2015.16,2237,2169,1762,9718,63824,34020,31789
2014,12,3,73459,51452,42628,71014,24130,2015.16,4908,4324,1032,7545,54306,36135,18398
2014,12,4,59059,28564,5732,74586,87750,2015.16,4288,1570,2336,6161,97999,27164,19686
2014,12,5,4302,61590,50686,25178,92796,2015.16,549,2605,2312,8176,53618,22793,14510
2014,12,6,86575,44880,77118,47607,92425,2015.16,814,1482,1338,5825,42420,14088,31424
2014,12,7,75511,38061,76221,57848,94222,2015.16,1363,3522,2160,8222,23699,11307,40572
2014,12,8,82910,49249,43913,65222,33778,2015.16,3014,1434,3762,5132,84309,19126,13884
2014,12,9,12908,84403,19021,89247,6580,2015.16,4686,3442,4500,5906,56289,43721,11441
2014,12,10,52830,74005,8596,4991,42405,2015.16,2649,1282,4247,5838,13782,48024,48647
2014,12,11,56798,11253,68376,15560,92737,2015.16,3097,1298,4790,8498,11242,26370,19037
2014,12,12,63559,97281,74813,79411,59539,2015.16,4484,2367,1457,8079,33709,30213,47454
2014,12,13,46727,16360,5527,60974,75626,2015.16,3997,2422,1654,7458,64333,32753,28765
2014,12,14,62761,47431,54750,32551,49548,2015.16,554,4457,4623,6436,25220,39161,32344
2014,12,15,63890,14705,51529,1699,12784,2015.16,1911,1732,2949,7588,53186,43574,35239
2014,12,16,48906,78536,42349,88923,72260,2015.16,3027,1371,4111,5562,18166,20010,6682
2014,12,17,91472,41899,65821,71095,58336,2015.16,1607,3576,2096,8984,56627,19846,41041
2014,12,18,96078,54891,27094,30379,58681,2015.16,3952,3937,1406,6300,12859,47426,46632
2014,12,19,89334,67239,15151,43445,60015,2015.16,4807,2837,2322,7946,38931,32009,15425
2014,12,20,69372,81891,70587,91468,76379,2015.16,4050,3807,2103,5000,19186,14280,27214
2014,12,21,99128,59491,81074,74295,42144,2015.16,3072,1476,2523,9574,91273,15586,10285
2014,12,22,84999,71081,21728,58674,49412,2015.16,2034,3782,3901,7954,26601,13118,27011
2014,12,23,37538,85652,56791,19642,88148,2015.16,3128,2274,1819,8998,77920,43962,25977
2014,12,24,17191,32345,25439,11066,1920,2015.16,1306,3269,4143,6076,78294,19906,16712
2014,12,25,96397,85330,88689,71650,79302,2015.16,4632,1839,2293,6422,52832,21792,31642
2014,12,26,88752,62313,25419,40571,69219,2015.16,884,1408,1374,6322,97473,15842,3339
2014,12,27,9387,78780,57224,29882,98166,2015.16,4788,1836,1702,9666,82562,16500,35518
2014,12,28,36471,38547,33340,70116,34969,2015.16,3259,1286,4835,7364,96993,34053,2524
2014,12,29,53368,47878,36814,5402,24201,2015.16,4355,4938,4418,6578,79819,43935,1288
2014,12,30,52096,95960,71201,89295,789,2015.16,794,3610,2308,5485,40077,43628,3763
2014,12,31,58009,48337,53,39196,82014,2015.16,4601,1732,4923,6414,57133,35475,47046
2015,1,1,32841,35414,22824,49419,31585,2485.58,2866,2544,4310,7034,44684,16154,33111
2015,1,2,29307,14647,16733,1144,54724,2485.58,4151,3059,1764,9406,11462,40162,26713
2015,1,3,4300,69509,35086,30715,26642,2485.58,4119,4482,2325,6942,25252,20261,36913
2015,1,4,30053,59471,64158,84363,82983,2485.58,3786,3640,3487,7510,29783,28210,8842
2015,1,5,34935,5287,97622,28052,19986,2485.58,3213,1282,4905,9650,87702,27899,15398
2015,1,6,6563,11822,87382,95240,75116,2485.58,1852,1519,3456,6010,11772,37790,28986
2015,1,7,4852,31020,16432,44692,89242,2485.58,4253,4176,1501,6875,68579,37838,46215
2015,1,8,68625,3145,28475,53531,72795,2485.58,1429,1426,4350,5162,14608,35818,32530
2015,1,9,30500,39152,57338,35308,35162,2485.58,3098,1365,1190,9529,17046,16184,29572
2015,1,10,2096,40310,56713,69949,93537,2485.58,2786,2161,4787,5236,32043,17581,25292
2015,1,11,35143,29825,29642,95845,14987,2485.58,1662,1837,2443,9000,97145,27605,36941
2015,1,12,68572,20244,83971,95514,76125,2485.58,3049,3219,1687,9532,48168,35224,1379
2015,1,13,26405,22307,13738,71192,41272,2485.58,526,1413,1218,9540,88610,13894,45781
2015,1,14,88058,20273,68780,80502,25625,2485.58,4458,1104,2519,9570,12132,44995,32277
2015,1,15,26159,50463,73216,67846,35225,2485.58,4421,1628,1393,6326,49172,17665,37736
2015,1,16,95291,54297,94079,70895,5415,2485.58,4188,4823,4313,9320,13362,11289,49041
2015,1,17,61597,31135,71838,64117,55915,2485.58,936,3424,4712,8678,66270,29936,44251
2015,1,18,2766,2044,57918,79160,35203,2485.58,1824,1844,4089,7254,34091,49503,23442
2015,1,19,6296,28280,25680,41961,7600,2485.58,4601,4196,4842,5782,49664,16934,32356
2015,1,20,85689,25128,50534,46754,90159,2485.58,3041,4275,3846,7310,88434,20400,16804
2015,1,21,40752,1611,17246,34842,25218,2485.58,696,2864,1944,6375,89824,19919,1337
2015,1,22,25084,25778,5468,4926,17217,2485.58,2033,4256,1610,7566,66009,12510,5132
2015,1,23,40722,9052,12397,59569,42714,2485.58,1320,3465,3793,9917,34658,10362,17183
2015,1,24,47606,85355,8227,59926,78083,2485.58,4844,3165,1502,5311,24442,14800,14403
2015,1,25,56795,81476,93005,69757,89043,2485.58,2877,1115,1546,6530,22035,43482,25366
2015,1,26,35160,68357,26948,53953,64626,2485.58,4314,2231,3311,8892,72156,41393,11606
2015,1,27,53295,68353,60911,93475,53664,2485.58,2221,1809,1828,7510,96565,22222,35353
2015,1,28,35592,85795,34690,36360,87420,2485.58,1193,2579,1446,6290,92883,39706,6726
2015,1,29,1098,23551,18290,64410,62443,2485.58,2154,2089,1262,9417,25563,45164,6798
2015,1,30,84770,92785,71974,67950,69363,2485.58,1523,1305,4333,9774,74016,16220,18540
2015,1,31,47939,70211,97037,89372,9703,2485.58,868,1610,4821,7448,91561,17242,6272
2015,2,1,30068,40706,12019,29485,82621,2633.79,4254,1756,1026,8555,61118,14047,7183
2015,2,2,55080,98776,84733,62645,72793,2633.79,582,4354,1225,6305,69056,28849,9190
2015,2,3,11735,96209,25023,41806,4122,2633.79,3674,4189,1400,7044,63673,39667,33639
2015,2,4,80579,94280,81425,26087,92836,2633.79,1485,4266,2670,7570,26910,46814,8895
2015,2,5,16760,53845,22521,72986,70150,2633.79,3186,3235,4137,6426,40041,24610,7929
2015,2,6,26848,35068,58800,33895,58464,2633.79,3562,1602,3104,5382,81480,25939,38826
2015,2,7,80233,54318,6558,54255,11888,2633.79,2420,3647,2311,9940,17984,23812,33468
2015,2,8,47870,86171,72049,68359,79379,2633.79,2968,2577,3508,8120,72824,38323,28442
2015,2,9,6946,12739,93717,40050,34077,2633.79,2341,1330,1742,8898,84915,24105,41549
2015,2,10,38719,2336,2753,42382,58629,2633.79,1194,1497,4610,9198,91207,35341,37089
2015,2,11,33036,528,74271,12896,68648,2633.79,1218,1944,1184,9878,31994,10260,47095
2015,2,12,36484,30688,40922,98702,35938,2633.79,2806,4655,4523,5559,17037,12634,42189
2015,2,13,29000,49584,26001,68611,54178,2633.79,3951,3564,4087,8221,16459,19086,33560
2015,2,14,41669,67678,27384,17853,28964,2633.79,4465,1798,1416,5386,80499,42353,9378
2015,2,15,27575,53307,17010,88450,45218,2633.79,1601,4216,4981,7916,59178,20510,1626
2015,2,16,67514,79482,74075,17953,74056,2633.79,3390,1456,4562,6254,49927,19877,6886
2015,2,17,56503,94393,1677,62919,79779,2633.79,1624,3704,1833,9980,12154,47050,32176
2015,2,18,5384,20108,87620,21717,70413,2633.79,2226,4277,1279,5314,88581,10998,46798
2015,2,19,89538,41973,32410,80452,39098,2633.79,666,1210,1729,8356,74870,22859,32337
2015,2,20,533,12847,12917,52366,67832,2633.79,768,4566,2881,6784,11282,48293,41423
2015,2,21,185,19861,18924,42816,18865,2633.79,4501,3401,1666,7670,10418,19734,7505
2015,2,22,90600,5534,16879,83681,40242,2633.79,1539,1556,4595,5807,18992,38778,41749
2015,2,23,27230,75260,78346,5111,28647,2633.79,4756,1526,2192,8679,17430,11056,5980
2015,2,24,96184,63852,85811,62013,72115,2633.79,1938,4065,2899,5686,62745,12594,41015
2015,2,25,91917,35637,10267,12864,21445,2633.79,2994,3673,1368,6339,70136,40014,19758
2015,2,26,18671,39893,1550,60863,44924,2633.79,3271,1106,1102,8172,19470,16442,5900
2015,2,27,31448,2761,53634,60700,2929,2633.79,3840,1197,2015,7478,24060,23459,16379
2015,2,28,76569,58407,38485,87937,71098,2633.79,4303,4768,1216,5852,66982,26139,24973
2015,3,1,5254,67247,54206,45687,86717,2196.87,2134,1668,2407,7833,17524,15138,28775
2015,3,2,68026,19955,67154,24836,60368,2196.87,1403,3773,1800,9340,89871,36773,6965
2015,3,3,33644,95992,17990,95848,62974,2196.87,3950,3227,2727,9024,30265,30795,44130
2015,3,4,63282,7400,36625,62042,61585,2196.87,2179,1932,1688,5542,70797,16824,11735
2015,3,5,17649,72201,77182,45801,77893,2196.87,2573,1535,4395,6915,23734,42368,33405
2015,3,6,77397,87685,26948,21476,38545,2196.87,2270,3177,1938,5247,80218,17812,23566
2015,3,7,66982,73750,4863,65022,34434,2196.87,3429,3433,4212,9910,14234,16922,42012
2015,3,8,367,13160,86345,79762,46427,2196.87,3481,3822,4115,7154,61649,10666,10079
2015,3,9,55347,13921,70837,52663,35520,2196.87,1563,2500,1156,5566,67521,41942,17408
2015,3,10,24790,90951,76728,5354,7913,2196.87,3810,3278,1922,5238,17594,33251,40962
2015,3,11,76585,42874,23427,90700,41007,2196.87,3358,1352,3995,8902,49014,34514,35076
2015,3,12,14307,76931,53367,71815,9709,2196.87,3756,1708,3190,6836,56203,19710,37241
2015,3,13,64150,36366,60734,84623,86520,2196.87,2874,4455,4350,5230,70155,15356,15126
2015,3,14,92728,29866,78061,91724,76765,2196.87,2589,1070,1454,9262,62885,46416,27075
2015,3,15,49549,42994,97267,94091,99830,2196.87,1545,3979,1186,7272,64953,18124,19822
2015,3,16,5109,49180,88513,45811,40480,2196.87,1166,3207,4885,9226,41282,31649,8668
2015,3,17,32653,224,72721,53010,28884,2196.87,777,3431,3598,6096,72522,44780,35606
2015,3,18,82865,35420,58760,5403,59051,2196.87,4459,1030,2892,9324,26320,29723,23713
2015,3,19,77992,37487,79283,99229,43065,2196.87,878,2069,3492,7206,61430,32375,36917
2015,3,20,5556,77208,60808,506,90252,2196.87,1637,4467,1750,6486,11222,10503,49682
2015,3,21,10462,25682,57366,99706,61358,2196.87,780,4349,2524,5690,54929,46941,33687
2015,3,22,78332,35808,89011,48176,5758,2196.87,551,2664,2647,7710,44522,34250,1794
2015,3,23,73744,56160,40071,75196,26557,2196.87,698,3369,3325,6138,69426,18762,1293
2015,3,24,93103,15207,10385,30627,56622,2196.87,2567,1305,1121,6577,15832,23230,15314
2015,3,25,83370,46384,50896,11018,70446,2196.87,544,4188,2928,5337,35736,10836,45418
2015,3,26,52982,87787,64206,46308,97203,2196.87,990,1246,1590,5526,37283,38163,33632
2015,3,27,76688,81203,89469,94161,14133,2196.87,3743,2501,3036,7990,17046,19366,5302
2015,3,28,96408,70139,15375,80688,71828,2196.87,1524,4809,3897,5729,71116,36099,1111
2015,3,29,5714,88459,26405,70904,99833,2196.87,4066,2871,1241,9784,13566,25373,30040
2015,3,30,36541,37128,72876,4577,38118,2196.87,762,1762,2883,9166,31563,39711,47746
2015,3,31,42248,23088,64521,81145,95170,2196.87,3596,1774,1814,6352,88137,13270,1989
2015,4,1,13556,49502,17633,28443,69238,1879.7,1334,2716,1772,9082,60833,13626,43007
2015,4,2,78026,28062,47863,69163,59626,1879.7,1410,4064,3445,8906,94233,36785,37574
2015,4,3,58855,11468,93584,35207,99605,1879.7,1597,4512,1066,9230,74306,35304,1782
2015,4,4,18589,55642,8021,822,57905,1879.7,799,1868,3267,8661,10194,39244,35207
2015,4,5,32587,32855,88310,17384,58113,1879.7,4168,1967,1714,8216,52173,42670,48895
2015,4,6,14317,43772,72183,46736,69354,1879.7,3391,2941,3482,5536,10238,26386,46490
2015,4,7,57970,85914,12316,87590,14576,1879.7,1833,3513,2965,6006,80897,41078,33760
2015,4,8,96742,51418,58046,23456,15522,1879.7,2477,1189,1693,9330,92924,12102,26571
2015,4,9,17502,41316,60340,35984,14080,1879.7,2369,2048,1367,8358,75989,32294,15454
2015,4,10,91149,69176,45808,74114,67022,1879.7,1543,3762,4474,9588,14306,20000,26705
2015,4,11,16160,86048,56185,2853,57060,1879.7,512,4560,1776,7798,26895,20855,49110
2015,4,12,17397,55617,9257,85116,13005,1879.7,2409,4152,4420,9568,94618,21442,35246
2015,4,13,72626,26162,1557,67100,32103,1879.7,3446,3261,3877,9630,67465,30936,21479
2015,4,14,15092,59069,71849,38221,11012,1879.7,4075,4759,1432,8331,29874,33715,48744
2015,4,15,69930,13636,87869,40702,59556,1879.7,3495,2180,4999,6404,99279,14212,32487
2015,4,16,17883,9078,21715,41760,75061,1879.7,4047,1503,4600,7247,44723,41963,5533
2015,4,17,42343,3800,36723,13054,88483,1879.7,1768,4763,2935,9282,15465,22491,32949
2015,4,18,83475,93961,4672,24827,90365,1879.7,1927,4598,1474,7294,82709,20792,20304
2015,4,19,9175,21757,27297,90127,65356,1879.7,2090,2697,2170,8812,20750,47005,22020
2015,4,20,18114,17520,71769,31049,18508,1879.7,3539,3334,2546,9136,43160,17078,3586
2015,4,21,61219,25088,28862,6951,45082,1879.7,2743,1224,4679,5594,60734,31386,11571
2015,4,22,43411,42825,39085,51934,77989,1879.7,590,1101,3705,7058,43502,12213,9835
2015,4,23,40645,47042,46900,54543,87957,1879.7,3804,4174,1498,8044,72477,42932,40060
2015,4,24,31941,221,63540,97972,87964,1879.7,4357,2725,3449,9596,99658,11438,24274
2015,4,25,44629,64949,73892,54686,18360,1879.7,3250,1450,1584,5078,29897,18743,17394
2015,4,26,36561,5054,34271,84412,25424,1879.7,2343,2363,3319,7126,71686,11282,6748
2015,4,27,81509,1044,59008,81310,85838,1879.7,2747,1817,1318,5992,17854,24677,25019
2015,4,28,66737,1106,50033,47524,47607,1879.7,2619,4167,2687,6492,84930,43110,46282
2015,4,29,6341,62274,16826,29660,19508,1879.7,2293,2367,4554,5314,98677,41743,38512
2015,4,30,24023,57777,54913,80342,90768,1879.7,1370,2504,3872,5642,21379,37830,22768
2015,5,1,70351,21998,51724,53592,23280,2196.19,4931,1114,1658,5942,21412,16521,44834
2015,5,2,79588,38780,6077,12241,37457,2196.19,2614,1934,4084,5920,18886,16416,14172
2015,5,3,4327,59857,48428,42082,97589,2196.19,1117,2938,4607,8396,21530,47886,36258
2015,5,4,55379,97814,49792,67038,20109,2196.19,3558,4695,4982,5986,28287,13791,21204
2015,5,5,36511,80903,59025,21947,30210,2196.19,626,4535,2585,9866,92968,35173,11377
2015,5,6,31186,69087,19464,72145,29632,2196.19,646,1206,1511,9822,68398,41619,7346
2015,5,7,41026,68310,91315,67360,74296,2196.19,1150,2157,3208,6526,65455,13417,35955
2015,5,8,67904,61957,97954,21841,6885,2196.19,3365,4422,1359,5666,26566,11990,40922
2015,5,9,50175,46598,7353,38038,32772,2196.19,4656,3796,4059,7322,57508,34707,25751
2015,5,10,73277,88659,61865,6485,95186,2196.19,1254,4440,4276,9094,10310,12513,27321
2015,5,11,91481,74646,66936,84193,83826,2196.19,1534,1434,1734,7782,88388,22870,43502
2015,5,12,89638,18045,63020,50049,71720,2196.19,4755,4995,1084,5954,67832,37074,20528
2015,5,13,90293,70439,16515,95921,70998,2196.19,3433,2477,3791,6910,63021,42617,17795
2015,5,14,85223,69557,59321,41674,99795,2196.19,895,1576,2105,7838,55832,15326,47710
2015,5,15,30794,40588,15173,72684,3560,2196.19,4757,1694,4794,6272,22476,40791,33005
2015,5,16,60419,30910,19621,69211,38983,2196.19,3179,4204,3550,7499,65877,18344,32643
2015,5,17,85209,96773,74129,67315,7040,2196.19,2490,4184,1899,5334,26867,40459,29961
2015,5,18,52019,36626,663,21813,62898,2196.19,2603,3315,1630,8926,17764,18774,23139
2015,5,19,64867,87057,49939,33417,40909,2196.19,3112,2468,3939,8592,26134,35978,15816
2015,5,20,54905,63626,90164,41805,16288,2196.19,3615,3306,1078,5629,90118,32904,17031
2015,5,21,5121,52723,72573,91873,34947,2196.19,2606,1164,4858,7544,65932,42118,31450
2015,5,22,99712,397,84587,28651,8990,2196.19,981,3893,1406,9222,22049,13980,10722
2015,5,23,4527,70665,91644,74535,52647,2196.19,3790,2766,1682,6362,49638,35782,31763
2015,5,24,94165,67245,18299,95375,34789,2196.19,3844,4499,4626,8430,79501,19944,34231
2015,5,25,65504,60483,90214,56202,31627,2196.19,4539,2505,4279,9526,43391,18277,12263
2015,5,26,52945,67182,26044,20133,79897,2196.19,2266,1678,4277,9174,17174,10417,25682
2015,5,27,41147,55983,44917,25774,10765,2196.19,2092,1268,1252,9250,48821,49230,24418
2015,5,28,70921,28361,1736,86552,99544,2196.19,4828,3839,1398,7038,88972,24908,11479
2015,5,29,72905,11239,31673,32182,68156,2196.19,3950,4301,1144,7742,51426,33260,1374
2015,5,30,44636,3520,25881,62240,45825,2196.19,1470,3096,4414,9557,19647,18957,24703
2015,5,31,91037,74476,4150,36049,71699,2196.19,2308,1918,2063,5332,93135,10446,9474
2015,6,1,68438,14521,97991,72304,65947,2516.47,3291,1644,2131,5530,31642,31833,31251
2015,6,2,23353,81091,67600,52911,17091,2516.47,3946,1565,2058,6346,79616,32883,2910
2015,6,3,73655,40571,69947,98987,50059,2516.47,832,3495,4685,8822,14312,21983,25166
2015,6,4,36425,56795,57802,93556,68677,2516.47,1740,2029,1885,9340,44939,15930,5796
2015,6,5,12250,5238,11894,35660,1584,2516.47,3542,1589,3431,8488,13864,14841,7862
2015,6,6,13654,97760,33338,19691,2934,2516.47,3026,4357,3634,5827,32913,32310,6841
2015,6,7,87975,91006,90692,74860,346,2516.47,778,3946,2219,6874,64605,25154,1983
2015,6,8,31294,49500,83096,96077,87989,2516.47,918,2993,4133,9862,54036,14142,40023
2015,6,9,17448,62063,46425,47434,44242,2516.47,1095,2215,1694,6787,23426,13598,45690
2015,6,10,88770,18614,48691,62342,58398,2516.47,3847,1042,4147,6943,17022,33487,29649
2015,6,11,26966,13038,17834,31100,89997,2516.47,4517,2443,1162,7598,71228,44524,21870
2015,6,12,96631,17324,26740,99678,70463,2516.47,4421,1178,1483,8111,37925,19770,16518
2015,6,13,97760,8125,65924,93260,45068,2516.47,1746,3385,2431,9168,35836,37427,18043
2015,6,14,82801,90354,11223,33084,91296,2516.47,3959,4277,1125,7050,20306,11790,48803
2015,6,15,53569,56080,78525,55052,24192,2516.47,4931,3302,1860,7206,47913,18830,32802
2015,6,16,81601,41013,90731,79032,51944,2516.47,2810,4744,3271,6294,84179,40918,42919
2015,6,17,25539,44492,61549,41665,31542,2516.47,956,1894,4286,9480,56512,28477,48207
2015,6,18,72282,87797,33132,29559,85003,2516.47,1903,1603,2057,8985,61986,24000,31046
2015,6,19,81904,61150,25097,31528,71534,2516.47,2445,2072,1022,5670,55088,13350,25629
2015,6,20,48553,32397,3123,2839,71877,2516.47,2667,1028,3782,7150,12848,48785,9635
2015,6,21,44548,54676,31741,66605,10013,2516.47,1957,3268,4875,8405,39795,42761,43727
2015,6,22,24034,28593,56186,94153,78939,2516.47,2165,3842,1974,5287,46680,48249,27626
2015,6,23,91274,60700,25111,55057,7850,2516.47,802,2397,1204,7762,35353,46217,31530
2015,6,24,45660,8663,4486,16888,7069,2516.47,1000,2453,4224,8770,57958,34514,10633
2015,6,25,76163,70124,44709,52536,1763,2516.47,784,3035,3439,5894,64443,26289,41389
2015,6,26,57424,84637,28687,59981,52922,2516.47,2549,4933,4054,7034,31820,12474,30392
2015,6,27,54019,24173,59928,59595,72710,2516.47,4109,3871,4360,8817,11318,12254,17886
2015,6,28,96559,18543,15511,64998,44437,2516.47,2638,3211,1894,5362,78191,33863,29954
2015,6,29,83069,67093,48797,72123,44127,2516.47,948,4496,2492,7070,74091,10201,46969
2015,6,30,95114,18201,59073,99474,23370,2516.47,596,1279,1518,8918,17629,12330,26831
2015,7,1,75268,90725,14706,77945,85268,2247.55,2364,2360,3717,5838,12838,27038,14922
2015,7,2,66787,27336,64531,27662,1427,2247.55,2774,1966,1318,9022,59347,43339,41085
2015,7,3,44197,11980,55064,81655,29609,2247.55,4065,1227,1948,7552,15523,14298,11225
2015,7,4,95045,92888,55928,25114,58726,2247.55,2151,1032,1101,6078,69525,47527,18767
2015,7,5,24119,8652,33506,90627,47252,2247.55,3965,1447,1183,5381,73101,17143,9205
2015,7,6,32958,88520,88372,51258,18643,2247.55,4824,3686,1782,6086,38799,21859,3895
2015,7,7,79519,7304,97372,75620,40338,2247.55,4498,1624,1899,6016,87785,39151,16897
2015,7,8,32208,38104,30599,69744,43485,2247.55,1886,1441,3571,5257,27698,27213,20053
2015,7,9,45505,82523,57252,42287,9627,2247.55,4145,4144,3353,7868,81115,10042,46051
2015,7,10,11117,70614,57202,3017,9969,2247.55,2167,3528,3090,9117,44623,26574,44988
2015,7,11,9170,81510,19368,17741,23120,2247.55,1305,3623,1888,9826,27261,11142,47066
2015,7,12,30960,57759,61063,50665,1980,2247.55,2059,3095,4143,8530,32463,10938,42179
2015,7,13,29248,74631,13993,12338,63749,2247.55,536,4269,1476,9270,23362,29595,8616
2015,7,14,38048,1020,64571,83988,35929,2247.55,4553,1887,1894,9990,33903,34273,8184
2015,7,15,59146,60963,97369,4642,45224,2247.55,910,4470,1638,8204,12670,14774,29833
2015,7,16,49065,74776,90185,5541,65759,2247.55,1488,3805,4565,6058,16606,16086,13547
2015,7,17,90595,60050,33733,56537,77018,2247.55,809,1162,4950,9068,40803,40173,17637
2015,7,18,714,909,80997,21529,91358,2247.55,3794,1773,1162,8978,62314,41041,1028
2015,7,19,58877,80155,61200,89795,62565,2247.55,584,3158,1602,6102,26046,19350,15344
2015,7,20,74361,66856,54925,19311,37738,2247.55,4484,3450,4340,6832,76330,20698,12081
2015,7,21,7341,15126,77472,98976,60456,2247.55,1369,4332,1291,7568,18262,48856,6138
2015,7,22,99264,65766,68367,24657,72490,2247.55,3418,1849,2620,9400,66160,15357,44414
2015,7,23,26776,91997,70161,56116,98829,2247.55,3165,1168,4319,6989,10296,19130,12843
2015,7,24,59479,61513,90460,12123,95433,2247.55,2330,4696,3054,5696,35704,20544,15938
2015,7,25,90110,79124,17394,67731,10171,2247.55,4439,1945,1901,9599,18834,40729,49906
2015,7,26,48795,18931,96898,43114,22272,2247.55,4240,1749,1257,8478,93871,41690,18394
2015,7,27,36989,21202,86387,51396,33251,2247.55,1939,3359,2565,5684,14892,27735,22091
2015,7,28,55591,6882,81033,47492,92833,2247.55,4573,1626,2079,7822,17622,14350,6798
2015,7,29,86216,15333,46100,82474,52737,2247.55,515,1076,2524,6516,57471,27126,39972
2015,7,30,15344,95763,50487,49262,51448,2247.55,3348,3389,1160,5934,87232,23993,7928
2015,7,31,13883,41806,31972,55962,25981,2247.55,632,2195,4748,6410,11020,17484,33064
2015,8,1,17888,23561,16611,11141,97385,1466.97,2836,3146,1158,8418,60945,34854,43737
2015,8,2,1798,687,66015,92531,4272,1466.97,1412,2428,3331,8725,88408,37746,6360
2015,8,3,99037,16957,2495,65448,44329,1466.97,4532,2216,1243,9206,73356,39979,36331
2015,8,4,81232,16193,99478,91806,24642,1466.97,1659,1439,2461,5358,35321,48084,26776
2015,8,5,15386,58087,60514,3717,36812,1466.97,2815,1706,2229,5094,17647,26558,48922
2015,8,6,12993,38532,88775,5588,59675,1466.97,566,1820,1027,5043,49062,35668,28483
2015,8,7,71819,25723,78460,65633,84749,1466.97,3716,1134,3219,9446,20202,41382,13782
2015,8,8,5856,78018,77231,88085,54679,1466.97,4642,2670,4761,9768,89609,25787,11230
2015,8,9,14604,1528,83045,25631,96572,1466.97,1298,4741,4180,6110,66725,17866,32107
2015,8,10,86244,46795,75415,74463,87376,1466.97,844,3230,3633,9427,81315,28311,45617
2015,8,11,37009,12310,12335,86770,48431,1466.97,3908,3033,4823,7838,10040,32746,18296
2015,8,12,60412,66314,17488,34592,38776,1466.97,4872,1782,2359,5286,99480,34734,1142
2015,8,13,97255,31678,44318,87240,57457,1466.97,1902,4464,4293,8482,97586,19075,41985
2015,8,14,78885,26495,98461,98708,54800,1466.97,1453,1562,1141,5292,66153,24916,3476
2015,8,15,65858,92378,49936,13217,94016,1466.97,4303,1269,2444,8620,78508,21252,15768
2015,8,16,50605,10412,65718,21250,71000,1466.97,660,1235,1149,5137,64942,27300,13304
2015,8,17,58614,96396,8863,44755,78041,1466.97,1022,3897,3745,5957,73466,27761,41369
2015,8,18,18078,37770,85383,31874,46390,1466.97,3126,1993,2006,8843,34594,44357,30244
2015,8,19,48499,74920,60594,54648,46410,1466.97,3300,1014,3283,7162,66128,16323,25536
2015,8,20,48531,52151,76573,32277,4461,1466.97,1389,2537,2807,8123,54410,17846,1558
2015,8,21,8367,57537,63894,31725,42732,1466.97,1082,1229,4759,6675,62229,36168,48489
2015,8,22,28563,10530,57543,66846,67692,1466.97,4520,1222,1652,9810,64850,30281,23671
2015,8,23,42484,7592,19171,46644,35715,1466.97,3543,1762,1117,7437,92157,23848,23581
2015,8,24,92278,18240,81431,82037,4915,1466.97,4557,4829,1090,8426,33026,38231,43660
2015,8,25,32123,48900,70806,24296,41345,1466.97,928,1502,4598,6902,63174,45313,2008
2015,8,26,13679,76719,55747,61148,70508,1466.97,1348,2784,2495,5566,61172,15074,47904
2015,8,27,92790,95730,53591,63330,4182,1466.97,2912,1303,1042,5070,60598,43212,36618
2015,8,28,57078,97879,93392,16677,37977,1466.97,3341,1654,4636,8184,29154,20143,6567
2015,8,29,48343,96855,99280,30838,45985,1466.97,4599,3773,2533,8189,18454,43066,10452
2015,8,30,91159,52719,45722,43027,57789,1466.97,1238,4866,1108,9630,47894,17060,22672
2015,8,31,2549,76236,26532,52185,76675,1466.97,3679,1654,3891,7958,55854,14875,22038
2015,9,1,6806,70001,53647,11347,4807,2158.7,2505,2525,2433,7562,31665,31456,46713
2015,9,2,98123,62884,52006,44105,10778,2158.7,1652,3364,3414,5188,80038,25451,10531
2015,9,3,20220,5056,94344,24530,77262,2158.7,4290,1702,1152,5884,11764,16729,25571
2015,9,4,6002,30622,74255,14788,92506,2158.7,1243,1979,1310,8249,51083,45933,22273
2015,9,5,25132,14088,99298,94898,45628,2158.7,708,1702,1496,8422,90375,28004,29337
2015,9,6,72967,96018,78423,68538,55307,2158.7,544,1308,2160,5873,76095,46017,6539
2015,9,7,98146,22339,52997,83302,36940,2158.7,586,3423,4518,9950,73320,30145,20432
2015,9,8,6924,10022,62344,7667,41066,2158.7,2022,4032,1542,6796,98921,20394,19071
2015,9,9,19688,541,81703,56848,92767,2158.7,4216,2263,1487,8564,13842,49779,24150
2015,9,10,8996,2503,28203,59866,30091,2158.7,1362,2013,1544,8705,44680,18961,1523
2015,9,11,87776,63055,99346,69215,76204,2158.7,4608,1790,1342,7662,69089,24277,14620
2015,9,12,61812,88306,31542,74652,93222,2158.7,782,2216,2312,8984,62081,37402,38458
2015,9,13,86859,34796,24416,14755,53501,2158.7,614,2627,4854,9413,43193,41057,35448
2015,9,14,14033,32803,36948,45545,36817,2158.7,1173,4980,1396,7714,89631,15686,6037
2015,9,15,72525,30414,22483,29837,15750,2158.7,2238,2607,1430,8005,33714,11134,1842
2015,9,16,59806,33783,79542,24660,49548,2158.7,716,4932,1888,9015,25476,17420,22735
2015,9,17,41404,28002,23686,52097,45717,2158.7,2362,3240,1433,9698,64428,17078,29669
2015,9,18,95760,98019,27494,31470,56024,2158.7,3383,1666,4989,5858,56839,10889,11208
2015,9,19,55659,38908,40822,27548,57923,2158.7,2604,1364,1310,6289,67773,12742,32650
2015,9,20,22310,56488,90959,15095,51332,2158.7,3628,3442,3404,9038,11263,25780,5387
2015,9,21,12330,64647,57961,23671,97571,2158.7,4559,4581,3707,5380,97128,27982,14801
2015,9,22,8030,49733,43660,18681,42374,2158.7,1398,1034,4272,8709,96128,15718,27786
2015,9,23,70448,19757,15399,23853,70878,2158.7,984,4558,1308,7898,23229,10472,26663
2015,9,24,38745,24141,74813,92453,49522,2158.7,878,3902,4376,7270,17878,46749,38293
2015,9,25,8231,334,94136,92504,99043,2158.7,4459,4489,1846,9857,19396,47248,40264
2015,9,26,2872,92030,96808,10533,15975,2158.7,763,1070,1066,6927,63522,26401,36389
2015,9,27,95220,309,305,49596,80755,2158.7,2696,1374,1856,6831,97839,41317,9239
2015,9,28,63447,42299,27160,89818,18509,2158.7,2065,2731,1942,7478,48263,11208,3205
2015,9,29,52965,80379,32279,13494,87306,2158.7,4894,3876,3813,6550,48471,25919,12154
2015,9,30,65790,27520,31257,8065,703,2158.7,4382,4148,2746,6541,53965,22606,45448
2015,10,1,57384,60338,91332,57608,24954,1919.35,1924,1354,1170,6822,92637,29675,2540
2015,10,2,96664,7866,58489,69567,56338,1919.35,720,1734,2016,9771,14726,27463,1532
2015,10,3,9154,65060,81562,2047,19026,1919.35,3144,2760,2209,9475,50367,22162,20520
2015,10,4,92016,77292,43846,9538,34061,1919.35,4212,2076,1410,7700,16642,17037,2835
2015,10,5,14813,68350,33598,46829,28121,1919.35,644,3626,4568,8557,55672,34945,34509
2015,10,6,59078,3817,27706,56287,43293,1919.35,4800,1659,3068,8645,61196,38480,44425
2015,10,7,91481,409,85557,52181,14461,1919.35,569,4273,1899,9166,92453,31372,18551
2015,10,8,70028,33098,84999,85948,88008,1919.35,892,2084,2191,9908,19722,20483,7023
2015,10,9,75726,30875,88495,80146,69520,1919.35,3626,2351,2802,8694,45883,47262,16043
2015,10,10,39086,47805,42888,42337,83324,1919.35,3708,3350,1142,5058,39297,39149,1694
2015,10,11,48434,76542,52586,25625,57843,1919.35,2459,4919,3181,7694,30065,39053,22308
2015,10,12,16996,65044,82757,99798,85578,1919.35,3411,1014,2796,5312,83351,26119,28641
2015,10,13,40697,73412,45822,41839,64823,1919.35,988,3255,4363,7156,38879,18557,1471
2015,10,14,72234,1339,18478,91767,68644,1919.35,819,1286,4937,7162,14366,31866,14895
2015,10,15,8569,31551,72882,1365,20554,1919.35,3836,1249,2347,6009,12382,27169,22585
2015,10,16,57481,50429,56777,51844,50354,1919.35,1753,2586,4697,5230,14353,48340,12008
2015,10,17,20125,11525,331,66414,91453,1919.35,3279,1910,1910,9350,17737,20573,18470
2015,10,18,60097,27926,31824,22445,83935,1919.35,965,1414,1691,5494,19230,16422,1264
2015,10,19,34750,46364,90984,80800,17946,1919.35,4139,4421,3212,9470,20834,24665,21689
2015,10,20,14292,19114,41038,64312,6627,1919.35,1237,1722,3051,9412,89166,36986,25127
2015,10,21,50676,55133,44753,68719,94227,1919.35,762,1338,2077,8097,26126,11062,20715
2015,10,22,49786,21619,5796,99351,1089,1919.35,744,1731,1496,7756,96043,18721,26630
2015,10,23,72884,63633,35444,75935,63045,1919.35,4272,3719,1094,6182,82437,40320,24611
2015,10,24,11092,19552,52000,44522,64002,1919.35,895,3786,4744,6794,29488,17184,28127
2015,10,25,44673,69856,48916,6768,83965,1919.35,986,1847,4942,7526,49133,37986,11311
2015,10,26,51895,44759,1706,47989,85136,1919.35,4660,1226,1398,6659,57099,13078,1000
2015,10,27,1138,52996,30538,882,71039,1919.35,4417,2062,1233,6676,38830,30197,10027
2015,10,28,44644,14319,3397,85939,41603,1919.35,3924,3496,2288,7958,57836,48775,2531
2015,10,29,8829,12497,11354,45227,35509,1919.35,625,1645,2800,5040,37527,25190,18454
2015,10,30,68894,71945,57253,15127,71630,1919.35,1676,2625,1753,5072,18563,34707,12435
2015,10,31,33955,92488,78205,31243,822,1919.35,1369,4650,4889,7723,54876,16749,2393
2015,11,1,16855,53395,80329,25722,7274,1417.6,4614,1150,4122,9740,67199,41557,21871
2015,11,2,87769,16177,34663,52842,34740,1417.6,1795,3579,1138,8790,44400,32670,35722
2015,11,3,80760,70403,63912,54835,25280,1417.6,2362,3485,4054,8094,84206,41328,30661
2015,11,4,15913,78821,53251,11388,4913,1417.6,4296,2681,2978,5110,61874,16306,36802
2015,11,5,6032,48670,47649,36310,99412,1417.6,3979,1523,3803,9242,67709,20434,8402
2015,11,6,79903,65073,95272,13957,75467,1417.6,1636,1379,4649,9974,19118,45914,29478
2015,11,7,78041,38415,88596,31019,8725,1417.6,1439,1107,1990,5440,67416,31254,1910
2015,11,8,23842,2748,27778,18997,1990,1417.6,783,3243,1910,7406,12200,19086,45487
2015,11,9,63237,189,60109,37886,41428,1417.6,3799,1648,3992,8746,66837,18146,29227
2015,11,10,5568,34629,90176,21059,50069,1417.6,2312,1074,3043,6441,25610,11385,23945
2015,11,11,8280,81394,9629,85191,48800,1417.6,3919,2035,3369,6214,66273,46148,38181
2015,11,12,9606,16425,31968,59950,55172,1417.6,4017,1486,4784,9192,98148,49853,15157
2015,11,13,99489,66813,6467,92533,63254,1417.6,3917,1533,3469,9897,73075,28621,32077
2015,11,14,68079,43347,7009,22800,73726,1417.6,608,4682,1058,7266,59631,27581,39634
2015,11,15,98775,95001,54672,64911,20545,1417.6,1115,1366,1978,7582,28917,15590,2821
2015,11,16,19659,32835,3476,49481,62732,1417.6,3101,2161,4896,5874,69960,19956,26551
2015,11,17,41096,5260,9656,47154,88878,1417.6,4734,4003,4286,5757,68914,34830,19287
2015,11,18,48578,50030,21216,915,37612,1417.6,1504,2270,4318,9979,13510,28402,1134
2015,11,19,12882,51204,25564,49130,2665,1417.6,4102,3759,3487,8757,14538,22365,11877
2015,11,20,54396,48351,42721,18682,44109,1417.6,4863,4037,1664,8702,19912,15627,11635
2015,11,21,7564,26456,89250,6883,62787,1417.6,578,1344,4906,6846,24796,32571,12352
2015,11,22,22724,83899,42683,56212,52656,1417.6,4928,3402,4649,7648,58435,25109,16300
2015,11,23,65636,78300,84148,43652,35731,1417.6,4278,3293,1906,9770,50175,49692,44099
2015,11,24,77232,35460,91713,57139,62660,1417.6,1061,1734,1759,5095,74297,35766,16509
2015,11,25,81395,69226,9170,12397,23227,1417.6,2505,3861,2255,8004,48864,14337,17605
2015,11,26,98456,24495,57632,35362,89375,1417.6,1405,2958,1950,9469,40096,19954,24159
2015,11,27,92331,12510,56716,9090,27605,1417.6,1207,1434,1590,6728,37747,12346,31014
2015,11,28,4334,41605,45030,82941,29610,1417.6,2278,3064,4740,5074,79777,24114,10246
2015,11,29,11772,47535,7073,87742,7005,1417.6,4074,1382,1029,5790,24775,19986,13521
2015,11,30,63156,52335,61690,79746,89064,1417.6,914,4748,2392,7295,92688,13442,15789
2015,12,1,89967,47770,58634,77580,43899,1948.32,4351,1433,1172,7092,14789,36044,32748
2015,12,2,36168,30476,78427,68310,71603,1948.32,1464,3936,1453,7561,29351,42241,48413
2015,12,3,79828,39100,49634,93476,31789,1948.32,2368,3106,3460,6001,15686,27359,19340
2015,12,4,75101,5038,85145,81273,98482,1948.32,2317,1000,1760,5743,19309,34714,49934
2015,12,5,60508,67126,75003,36961,94688,1948.32,4201,1742,3453,5186,84341,41593,4355
2015,12,6,80878,1710,29701,14339,77711,1948.32,1697,2811,1775,6841,50435,15256,45387
2015,12,7,93127,17753,16258,56239,79848,1948.32,952,1706,4044,5954,10018,30083,1919
2015,12,8,86661,39220,20950,30115,50759,1948.32,1707,2987,3352,7759,62325,17158,5292
2015,12,9,29498,70375,70227,96273,63568,1948.32,2881,3045,4766,7990,29283,34613,20662
2015,12,10,62409,36588,7673,97805,18895,1948.32,2887,1118,3262,5189,35668,40372,17691
2015,12,11,86833,73729,88360,10185,57840,1948.32,1247,3689,2411,5922,99961,15814,17038
2015,12,12,18488,94195,90377,73254,4685,1948.32,4218,2093,1247,7590,64897,25141,19661
2015,12,13,65934,9138,80697,39196,74327,1948.32,4567,1158,2796,8566,87694,46988,32717
2015,12,14,51316,15295,678,5080,96768,1948.32,2410,1046,1185,5582,19466,32221,16991
2015,12,15,32447,29079,99315,5047,60969,1948.32,1539,1901,4701,7184,82448,30379,30565
2015,12,16,42657,78368,57890,81805,62647,1948.32,3792,1282,1764,5821,35392,23997,45584
2015,12,17,12813,57803,5604,40350,70590,1948.32,2570,4387,4541,8237,40785,16861,10464
2015,12,18,68802,37326,43764,74855,30913,1948.32,962,3568,1872,6254,55373,33577,42564
2015,12,19,58706,50518,13891,35936,46340,1948.32,4932,1016,4789,5535,32204,10378,15636
2015,12,20,42351,21127,46119,81892,9364,1948.32,3753,3164,4228,8868,69370,21493,36904
2015,12,21,1432,24604,45062,22363,54078,1948.32,2291,4135,3656,5078,65070,46347,16787
2015,12,22,18170,91355,38203,57959,23242,1948.32,4689,1194,1532,7159,63835,17248,20407
2015,12,23,34063,78941,11765,74644,37809,1948.32,1136,1194,1486,7549,94306,19642,31136
2015,12,24,40689,16599,5304,24345,85485,1948.32,2043,1910,1727,5245,77963,10630,20374
2015,12,25,12004,79005,66913,19888,26164,1948.32,2135,1578,4688,8900,51221,13849,30749
2015,12,26,30036,13710,35794,52126,37611,1948.32,3293,3298,3049,7202,18994,48533,30100
2015,12,27,20322,6038,68539,98401,47635,1948.32,4721,4637,3210,5980,79525,34374,12855
2015,12,28,30086,33013,77305,39775,81913,1948.32,4975,3299,3586,5768,80425,46196,44878
2015,12,29,2220,25071,90848,65270,75020,1948.32,646,1390,2231,8693,93741,29865,9842
2015,12,30,77900,9815,39504,36110,92800,1948.32,1835,2885,3392,8288,79011,16657,35381
2015,12,31,59017,98987,94957,33955,71107,1948.32,1503,3325,3156,7350,38594,16360,41734
2016,1,1,85102,3516,79423,147,13609,1522.29,3045,3422,1495,8246,16222,33227,25641
2016,1,2,83695,55460,51620,14186,34471,1522.29,4554,4808,4585,7026,20914,37670,34629
2016,1,3,70012,94240,70827,7362,49187,1522.29,905,1288,3869,6679,50785,12477,29002
2016,1,4,42320,45183,35901,90167,75689,1522.29,3393,4382,3933,5013,89920,16816,18475
2016,1,5,59642,79475,8212,5579,2983,1522.29,4601,2994,1068,6982,96707,21606,45478
2016,1,6,25782,67613,72246,24651,50645,1522.29,2127,4315,3212,9379,99482,10253,23031
2016,1,7,57854,72876,35988,81787,14241,1522.29,1541,1942,1554,8902,95812,16738,25908
2016,1,8,26582,55414,97711,82651,2194,1522.29,4256,2974,3382,6502,52624,45378,10770
2016,1,9,99533,6104,54694,84098,95484,1522.29,4350,3336,2051,5542,51475,15296,4176
2016,1,10,6246,8017,47878,11627,89122,1522.29,1342,2054,1807,6614,14704,34000,10043
2016,1,11,61175,18962,78327,55909,95464,1522.29,1286,1347,2054,5979,11796,48889,30951
2016,1,12,26508,56147,2226,53559,52837,1522.29,2553,4081,4421,5431,87059,49894,20053
2016,1,13,35474,39755,31949,67281,90159,1522.29,2633,1332,1966,5959,14490,27429,46654
2016,1,14,26911,24879,5129,80317,97211,1522.29,4205,3717,4423,7782,93627,42259,16926
2016,1,15,17836,21181,1341,28609,96612,1522.29,3502,2084,4506,7350,15717,34664,4753
2016,1,16,7104,33351,2350,89070,29310,1522.29,2850,2571,1650,8672,69239,48030,25942
2016,1,17,37609,98445,71748,27032,62580,1522.29,4291,1766,2906,6983,25374,49518,31727
2016,1,18,8088,53877,47955,52594,30679,1522.29,3610,2782,3373,9274,43203,18080,30024
2016,1,19,48253,42407,31607,15425,46738,1522.29,4806,4345,1294,7905,27728,44573,1704
2016,1,20,49632,13372,91340,52539,356,1522.29,3408,4794,1941,5438,77388,17620,33066
2016,1,21,12739,97351,71755,42464,19662,1522.29,1498,4265,3715,6220,16042,36804,31310
2016,1,22,50304,95849,21150,82298,63755,1522.29,1871,3385,3601,8210,82275,45308,15231
2016,1,23,1277,50684,20104,4570,83399,1522.29,3541,2488,2545,6647,54951,13558,13844
2016,1,24,57958,56451,47824,31673,5908,1522.29,3477,2562,4714,5978,54859,39820,13866
2016,1,25,87561,31731,53206,66163,16294,1522.29,2822,3921,2516,7925,38490,35914,35482
2016,1,26,11769,93385,98403,55666,20032,1522.29,4223,4340,1156,7047,26013,32063,3355
2016,1,27,47265,10843,4626,23331,33173,1522.29,3150,1476,2567,6356,13018,23860,25837
2016,1,28,68190,81070,57782,70706,78996,1522.29,2972,2115,2359,5526,79133,17496,12624
2016,1,29,41081,98357,53084,83589,65404,1522.29,651,4020,2642,6628,52350,11640,45449
2016,1,30,12466,15502,92901,36385,48210,1522.29,1596,2750,3568,8764,13850,38915,46148
2016,1,31,63353,92780,12384,2065,80507,1522.29,807,1586,4872,8054,21527,21628,41517
2016,2,1,53531,649,64686,90160,69351,1449.76,3976,1203,1104,5360,49412,17216,36853
2016,2,2,31957,98515,52173,82686,18323,1449.76,2389,1101,4822,6510,91607,11338,41088
2016,2,3,57965,29547,51212,88208,51074,1449.76,1602,4603,4839,5178,11114,18388,22840
2016,2,4,64493,46443,10394,26949,18155,1449.76,552,1462,4672,8162,65499,18702,26158
2016,2,5,11516,44242,20448,81339,25047,1449.76,2676,3011,4305,7958,87570,41730,28408
2016,2,6,49431,34173,62686,89270,61812,1449.76,4811,2655,1594,5204,69604,19026,23801
2016,2,7,17714,55157,37564,8738,9233,1449.76,3083,1504,2304,9776,18437,22350,3064
2016,2,8,99643,61115,71714,73948,87706,1449.76,677,2136,4807,8362,42757,21619,9284
2016,2,9,68515,57569,14275,21462,99125,1449.76,2562,1838,1574,8630,41927,30970,1918
2016,2,10,49541,76364,18071,96845,31247,1449.76,547,2240,3973,7234,21187,13502,36508
2016,2,11,32897,53217,55168,59056,47931,1449.76,674,2797,2002,5234,54258,20969,47925
2016,2,12,61532,63173,4160,33271,93298,1449.76,592,2838,2450,5014,56034,20048,46088
2016,2,13,17875,57934,17289,31848,31547,1449.76,4878,4442,4395,5618,39849,22325,4828
2016,2,14,19323,70525,21475,91168,48178,1449.76,2136,1060,1054,6296,75682,14906,42085
2016,2,15,28736,6276,24097,67538,71290,1449.76,2585,1040,3064,9870,37363,35962,30131
2016,2,16,42405,3594,66757,83152,24992,1449.76,1828,1340,3481,6616,51832,41658,6606
2016,2,17,85388,30321,84072,56997,12969,1449.76,3254,1703,1028,9430,18490,14710,9754
2016,2,18,58833,63178,59186,13249,50755,1449.76,4210,4510,2846,5966,92661,24189,12901
2016,2,19,72573,64491,34855,66054,57794,1449.76,4064,4532,3358,8135,32880,46327,3039
2016,2,20,67889,71135,4383,50270,49837,1449.76,3939,3669,3152,9476,21917,10259,29976
2016,2,21,92378,37481,69770,41576,19799,1449.76,764,2370,3273,5014,74776,17418,28784
2016,2,22,53657,15193,93303,3367,23328,1449.76,1045,2567,3669,6998,74188,29858,42536
2016,2,23,404,94480,88528,9908,73957,1449.76,1518,2685,1266,5290,24260,13974,26797
2016,2,24,51424,40025,9150,11049,6995,1449.76,3466,1310,4117,8120,80368,38796,33926
2016,2,25,80656,46415,62717,10678,16843,1449.76,535,3597,2736,5414,59856,21692,36905
2016,2,26,22211,46376,20730,19192,19016,1449.76,4618,1790,1365,8767,97838,16728,44990
2016,2,27,29046,26305,69010,44515,80777,1449.76,3311,1432,2143,9546,88461,28985,49378
2016,2,28,15636,78997,78935,63372,74411,1449.76,1415,2972,1518,8496,32163,20533,38792
2016,2,29,83486,68134,23676,84851,96902,1449.76,4561,1902,4169,9854,70460,44945,21514
2016,3,1,70124,22730,56444,48855,11191,1429.03,4490,1538,2067,8436,80948,35858,1782
2016,3,2,61982,10274,37377,478,58789,1429.03,640,1922,2936,6098,40175,35801,24262
2016,3,3,11080,66122,99971,6002,52934,1429.03,1653,4409,3997,9449,88263,11540,11269
2016,3,4,57583,69106,18079,54650,29672,1429.03,508,1652,1314,8482,16972,12822,15380
2016,3,5,18499,8797,44067,32787,26667,1429.03,3588,2745,1714,9830,43746,36000,34242
2016,3,6,46179,26753,75410,46529,66202,1429.03,3068,3783,4130,6146,78432,28801,13673
2016,3,7,91526,85293,86806,33530,29530,1429.03,674,4379,1787,9490,13517,13453,11639
2016,3,8,78983,82106,17551,62049,83369,1429.03,3048,4546,4400,9809,92426,20601,11297
2016,3,9,69835,50495,10737,18965,26642,1429.03,4117,4518,1636,7446,84400,36694,5522
2016,3,10,28913,35075,1074,65700,29815,1429.03,4152,1254,3048,6702,14226,12768,14592
2016,3,11,24352,1598,42316,45104,7760,1429.03,705,2593,1588,5596,96557,44581,34742
2016,3,12,48315,10675,79100,39129,27949,1429.03,822,1860,4925,6506,38912,11092,29852
2016,3,13,24192,68065,86241,37240,31120,1429.03,566,1822,2739,8675,16925,15498,39790
2016,3,14,59769,48983,9444,77709,91777,1429.03,2289,1442,3026,7741,95570,27326,6001
2016,3,15,97593,87746,34187,28871,80994,1429.03,4962,1536,2515,6202,58775,19974,23099
2016,3,16,82345,25136,93161,6436,50163,1429.03,3285,1283,1710,7728,15994,33548,10086
2016,3,17,70081,26282,39991,19459,60375,1429.03,1784,2966,4658,7322,86836,37003,1914
2016,3,18,36774,93151,58540,10641,85706,1429.03,626,3049,1302,8786,90836,25316,33667
2016,3,19,35224,45474,67952,10644,93202,1429.03,4191,4633,4576,8694,99091,24950,21944
2016,3,20,2448,12228,32917,42106,59550,1429.03,930,1322,4255,5766,13934,31312,36106
2016,3,21,4018,38941,99362,79172,47727,1429.03,840,4302,2022,8791,19900,11575,6550
2016,3,22,77087,20490,41209,91663,71024,1429.03,1612,4822,3878,5881,48279,28428,6652
2016,3,23,68339,43740,41103,13946,14091,1429.03,526,3107,3357,7838,13631,17436,14418
2016,3,24,67522,50824,66739,35896,55967,1429.03,2471,3053,4876,5031,24715,17251,43036
2016,3,25,11684,7681,7074,96914,23562,1429.03,1693,3251,4091,5602,22196,29533,5353
2016,3,26,63566,83807,63994,66923,44779,1429.03,710,3651,4799,7610,64546,12390,43977
2016,3,27,26837,78370,50171,73065,33402,1429.03,642,1436,3918,7389,58349,22479,24887
2016,3,28,69095,44,47083,68186,99192,1429.03,4071,2756,4437,8064,46030,14215,35631
2016,3,29,72041,96742,59219,33192,30542,1429.03,626,3729,2134,7814,46794,15166,23765
2016,3,30,75366,37111,13324,74284,50852,1429.03,3114,4945,3067,6548,17962,37258,21673
2016,3,31,62179,18555,50015,31616,12971,1429.03,2182,1362,4138,5630,34553,39679,46046
2016,4,1,84862,29762,63652,85341,76556,2050.57,2057,1718,1565,7692,80868,49589,31891
2016,4,2,97159,17167,37658,73707,21650,2050.57,885,1555,1282,7714,69525,37327,24916
2016,4,3,46036,70888,12818,67436,21793,2050.57,3952,1653,2257,8955,16702,25164,2497
2016,4,4,57198,85404,5182,18763,53097,2050.57,3352,1606,4568,6009,40313,15148,2403
2016,4,5,47277,92551,14125,38559,76403,2050.57,2237,3789,1786,5054,22577,18074,1526
2016,4,6,23904,51530,15686,22513,76838,2050.57,4029,4034,1584,5562,69149,45235,40384
2016,4,7,37965,37502,61842,73885,59863,2050.57,1453,3490,1056,7746,78401,15274,18507
2016,4,8,61931,20639,58953,49171,92046,2050.57,3202,2300,3059,7990,71164,26248,31530
2016,4,9,30624,85194,76635,72763,20757,2050.57,2997,3720,4636,6191,48957,19006,45784
2016,4,10,81050,96763,99342,8459,58693,2050.57,2269,1974,4732,7573,86145,13564,27743
2016,4,11,69104,60700,55430,18515,50940,2050.57,4762,2915,1787,5614,70677,32543,26595
2016,4,12,83533,55028,7617,83169,17571,2050.57,4019,3619,4687,8360,14164,44731,22926
2016,4,13,36103,35699,81707,50835,23273,2050.57,3964,2375,4902,5745,10889,12194,17852
2016,4,14,72340,72004,10110,84128,9752,2050.57,3022,3283,3517,6990,92804,36087,47139
2016,4,15,29916,51824,1060,15956,26536,2050.57,686,2637,1566,9598,29823,49811,8137
2016,4,16,26596,3788,8539,71499,49534,2050.57,3692,3224,2782,5206,38703,33885,19428
2016,4,17,7292,71727,43522,75810,45069,2050.57,3248,1336,4500,9307,14592,31035,36326
2016,4,18,3797,67978,93673,63984,26723,2050.57,3794,3317,4987,9358,24815,25872,39848
2016,4,19,8112,24860,64097,32246,35013,2050.57,1130,3656,1766,9651,50817,35946,2801
2016,4,20,45977,29066,43635,66829,24726,2050.57,2863,3521,1050,7887,92504,11977,1862
2016,4,21,47736,72651,15295,7723,61335,2050.57,3594,1604,2673,8094,18042,49038,6463
2016,4,22,16843,84173,7695,24073,10177,2050.57,1371,2504,1150,7670,39333,45005,24864
2016,4,23,70932,37197,73527,22539,61437,2050.57,4515,1056,1384,6161,33245,32718,32383
2016,4,24,88976,83192,18516,86650,97234,2050.57,2039,1742,3434,9733,54500,13610,2910
2016,4,25,50949,30872,36115,71229,67230,2050.57,1234,4512,3996,6112,77050,40432,25448
2016,4,26,88496,61566,15956,59880,94079,2050.57,3950,3054,1670,7644,86055,28680,15553
2016,4,27,96728,38095,9109,50162,14180,2050.57,3771,1086,2184,6237,36355,44413,29962
2016,4,28,41686,68942,48926,87034,75055,2050.57,2465,4901,3892,9772,56132,47971,25976
2016,4,29,91677,65083,97378,73124,8901,2050.57,1803,1264,2878,7264,55788,16526,33433
2016,4,30,73578,85912,17185,762,52149,2050.57,1527,1550,1550,7382,97218,30239,19892
2016,5,1,91036,26493,23025,17160,82625,1439.68,3835,2707,4724,7862,56607,34508,37348
2016,5,2,50115,78587,72387,27379,50727,1439.68,955,1637,2979,8068,10284,44223,24444
2016,5,3,29596,15324,99409,90049,12542,1439.68,4180,3577,3843,8846,20736,21467,46000
2016,5,4,69553,45925,19175,4277,27883,1439.68,578,2996,2071,7523,21726,37797,42134
2016,5,5,68320,39034,90787,42651,57103,1439.68,1873,1697,1247,5276,93097,40140,45925
2016,5,6,64985,2278,43718,53828,34483,1439.68,600,4034,1730,6638,24662,20964,30807
2016,5,7,69308,79800,65314,72731,23676,1439.68,528,1994,2425,7666,34644,49527,3392
2016,5,8,13591,37871,86225,24838,56856,1439.68,1330,1840,1599,5047,92019,32433,29323
2016,5,9,22206,33667,36468,65288,94489,1439.68,1252,1246,2281,7917,52877,30956,27483
2016,5,10,21309,79758,89303,63734,97425,1439.68,3260,2366,4521,5837,68556,11078,40300
2016,5,11,45160,49887,89569,43111,91286,1439.68,544,3491,1046,8363,78778,26094,31589
2016,5,12,5846,31383,22594,79480,49300,1439.68,1787,1960,1580,6090,50693,35356,41824
2016,5,13,22742,30307,29076,17263,96144,1439.68,3638,2654,2517,8207,17116,38802,47632
2016,5,14,56148,9013,68646,71402,37377,1439.68,3848,4573,3806,6441,55404,44458,47425
2016,5,15,28265,32193,31419,16198,14635,1439.68,2905,2375,3769,6980,70989,41264,48464
2016,5,16,60964,39628,15271,24833,14187,1439.68,3635,1362,2751,8632,58087,11479,48740
2016,5,17,96057,71936,87406,91216,24729,1439.68,673,2993,1398,6896,85542,11984,42810
2016,5,18,81907,19800,59715,27029,66781,1439.68,3292,2743,1354,9915,52576,14054,30704
2016,5,19,48655,32564,87556,22758,97548,1439.68,4237,3604,1154,6598,18886,25009,11995
2016,5,20,80804,53197,44355,72158,36640,1439.68,3144,3545,1048,7859,45573,32828,29897
2016,5,21,68563,30219,76924,55246,46486,1439.68,2467,1182,4766,8182,34248,42314,45852
2016,5,22,22017,68486,2271,72298,6480,1439.68,3658,2283,2989,8013,75792,19266,19794
2016,5,23,54262,53937,44526,20310,8148,1439.68,4489,3062,3021,6413,48307,49506,6452
2016,5,24,8617,20775,10998,19736,97149,1439.68,3401,4164,1478,5438,15636,36562,45246
2016,5,25,66817,71473,40198,39806,95838,1439.68,785,1718,1278,5110,86760,44425,15990
2016,5,26,33114,56250,3840,86135,19015,1439.68,640,3983,4273,6637,63718,36422,2148
2016,5,27,58236,92120,21939,88319,39143,1439.68,4880,2310,3928,5750,62115,29765,46105
2016,5,28,13772,44253,96216,50,54563,1439.68,827,4028,1164,9342,90162,24591,32976
2016,5,29,83166,75804,34927,72440,88793,1439.68,882,2027,2115,7016,35345,12609,48645
2016,5,30,59608,76579,84920,93536,74361,1439.68,4652,3131,1286,5868,18162,12201,47035
2016,5,31,35196,15361,66230,90773,46379,1439.68,1716,4544,3546,6642,18335,14794,22744
2016,6,1,9901,17071,38755,23404,68769,2109.6,3011,1414,2635,5806,36058,49670,1365
2016,6,2,32552,24190,57309,84772,28723,2109.6,4966,1766,3442,7091,13636,41186,35862
2016,6,3,8808,52710,56085,41802,71045,2109.6,3440,1898,3198,8547,17418,11966,26128
2016,6,4,46264,3711,73665,48899,96610,2109.6,4920,4160,1082,8581,30283,28986,9723
2016,6,5,24443,50250,39421,59238,77341,2109.6,1775,2499,1206,5728,60653,36338,12586
2016,6,6,48988,50446,83635,8538,78993,2109.6,503,1050,3044,8454,90506,18642,37983
2016,6,7,20242,5427,50166,86857,10360,2109.6,842,1154,2050,6490,10391,40742,30449
2016,6,8,84201,77167,59595,15848,16378,2109.6,2185,1716,1394,8718,90253,16037,20248
2016,6,9,6507,27109,7645,14551,37628,2109.6,4204,4220,4929,5721,61077,46640,48151
2016,6,10,82523,43272,97795,29573,64887,2109.6,1666,1786,3055,6260,81286,34433,24538
2016,6,11,66508,99824,16150,53553,1996,2109.6,4589,3501,4863,7180,23052,37491,22756
2016,6,12,41737,58609,61712,78018,60682,2109.6,4657,3203,2412,9838,89127,47298,39141
2016,6,13,63342,75795,29090,81398,22055,2109.6,830,4914,1551,8331,58466,28546,10376
2016,6,14,71087,94408,53401,20951,37993,2109.6,4793,1080,1412,5722,74097,12093,42805
2016,6,15,41998,15108,71650,40762,53912,2109.6,4411,2252,1570,7012,98649,24977,10777
2016,6,16,60229,14480,79892,86780,79164,2109.6,1678,1026,4116,5078,87551,13870,4710
2016,6,17,77883,28697,99542,45647,31554,2109.6,4091,4902,1702,5740,30663,18026,39991
2016,6,18,22870,35075,76262,75792,84928,2109.6,768,1318,2094,5342,31935,10126,41263
2016,6,19,1721,79966,51507,67189,65044,2109.6,649,4277,4106,6542,19722,32011,5411
2016,6,20,76533,95368,21914,97983,41108,2109.6,3342,3976,4003,5955,56120,38930,18929
2016,6,21,57219,6889,50439,79313,53901,2109.6,569,1250,3691,8427,22809,10087,48727
2016,6,22,20190,9811,19365,20649,96353,2109.6,2659,4236,1007,7470,87218,43466,40641
2016,6,23,59854,76914,73796,80209,42869,2109.6,992,1438,1803,5929,12102,14120,29916
2016,6,24,34656,9024,62677,29700,57452,2109.6,4786,3992,1647,5502,14640,24351,1838
2016,6,25,66143,67301,13588,2150,58226,2109.6,1968,4430,1722,5763,14639,13194,17159
2016,6,26,15679,131,86083,52482,52412,2109.6,889,2067,2208,8565,33118,31011,48185
2016,6,27,56755,22905,75004,68402,48407,2109.6,4104,1812,3296,5392,49402,47873,39645
2016,6,28,56202,61371,82304,66625,47134,2109.6,1268,2811,3424,9430,31645,15836,46943
2016,6,29,36887,7535,69256,44095,62452,2109.6,1457,4205,1138,6461,15862,40035,2374
2016,6,30,22458,13063,20937,12106,52106,2109.6,4978,4659,1709,9154,91283,45195,20340
2016,7,1,43904,58007,69001,82606,89652,1792.77,4492,3537,4091,9938,75988,12938,34837
2016,7,2,21397,95194,48094,54210,99152,1792.77,3018,3565,1769,5123,80671,12108,4482
2016,7,3,65102,5331,10171,23735,12966,1792.77,4310,3221,4723,8311,55826,19375,5366
2016,7,4,83148,91671,82913,3592,71610,1792.77,1407,4357,1814,9012,79918,35950,25254
2016,7,5,45335,72937,14516,37104,78060,1792.77,4212,4512,1868,5734,83246,29834,45187
2016,7,6,47452,62558,3056,27175,10869,1792.77,2901,1498,1904,8694,13958,19490,25234
2016,7,7,87420,40367,80575,57866,31220,1792.77,3815,1553,3428,8331,13656,27839,10493
2016,7,8,69870,29221,87352,3091,71307,1792.77,2924,3757,4506,9354,45932,26726,20598
2016,7,9,43917,58834,87095,27173,71000,1792.77,2037,3418,4122,8963,32636,10692,17405
2016,7,10,39456,92804,98247,89236,51135,1792.77,2074,2356,2475,6286,40446,45134,28256
2016,7,11,91376,89723,63892,40882,58406,1792.77,3960,2321,1206,8502,29494,22360,9824
2016,7,12,54811,27884,47132,28934,6848,1792.77,626,2654,2570,8873,51890,40057,29768
2016,7,13,93481,85317,93766,50956,6095,1792.77,2441,3821,1170,6333,71054,48690,34212
2016,7,14,2509,5015,17364,3870,26069,1792.77,1230,1768,1093,6732,26164,14292,13210
2016,7,15,19481,76791,93299,8403,42016,1792.77,4811,1000,1857,8576,11242,19303,11541
2016,7,16,92788,15245,83125,49425,91578,1792.77,3114,1782,4193,5478,14307,12974,4179
2016,7,17,45040,90538,98845,52485,30251,1792.77,1776,1082,3151,5430,90837,10166,25009
2016,7,18,21616,55649,12015,84825,14226,1792.77,4127,3364,1413,7251,72789,17402,31170
2016,7,19,7783,37256,64782,66976,19086,1792.77,4940,4125,2330,7580,16609,32580,45441
2016,7,20,25146,99739,15016,43297,59814,1792.77,4815,2780,2852,8181,98957,42077,5853
2016,7,21,79351,53085,31795,25764,6689,1792.77,1458,4470,3190,7591,81445,27276,4584
2016,7,22,73033,66386,41402,75363,66523,1792.77,4294,1668,4100,9309,51316,17590,24363
2016,7,23,61514,71132,48047,39367,35665,1792.77,2795,1526,1439,9589,57130,23127,13356
2016,7,24,525,53589,53950,58716,31181,1792.77,991,1138,3132,7498,95926,16246,1747
2016,7,25,68107,20221,9027,58560,75883,1792.77,3824,2395,2826,6454,93113,33491,10344
2016,7,26,36578,40910,98506,69370,20499,1792.77,2496,2375,1162,6446,96090,23108,5636
2016,7,27,14545,48434,93673,32677,58530,1792.77,710,2987,1170,9061,12438,18404,39599
2016,7,28,19405,26724,72153,83584,99946,1792.77,2074,1523,2526,7754,11794,18764,15266
2016,7,29,53920,14741,96753,79496,77539,1792.77,2603,2083,3979,6275,41111,32508,9195
2016,7,30,52226,91147,91848,94748,66561,1792.77,4504,2316,1469,6654,85899,36414,43395
2016,7,31,83274,69326,89290,5801,51258,1792.77,738,1478,1274,7746,16518,20164,45182
2016,8,1,69979,12248,61455,32606,69712,2821.77,1182,2209,2161,5929,43769,11907,10315
2016,8,2,25434,62439,48377,43442,48338,2821.77,1715,4015,1758,5040,85272,35614,34792
2016,8,3,14045,6801,28241,92326,24176,2821.77,4800,4153,2004,7606,26758,46715,48405
2016,8,4,67921,27941,23925,86434,40222,2821.77,3341,2007,1484,6148,25448,11173,34047
2016,8,5,64213,68516,45189,54646,17383,2821.77,1611,1426,3612,9712,23751,44139,46813
2016,8,6,49608,19904,4645,26612,77510,2821.77,3326,1746,1398,7216,48215,32268,31403
2016,8,7,97650,46557,30628,60486,9626,2821.77,1658,1590,1896,6847,44835,16660,22428
2016,8,8,63660,1447,6105,33625,2650,2821.77,4115,2256,1111,8760,95220,19954,46208
2016,8,9,96515,68547,21755,72210,98502,2821.77,829,1150,1525,5854,72987,42502,19970
2016,8,10,40236,44647,49045,81179,77846,2821.77,856,2856,1677,8312,91480,30678,43880
2016,8,11,24520,35597,99288,90631,709,2821.77,1955,2222,4405,8709,85783,27907,44508
2016,8,12,58679,6613,90410,91556,74421,2821.77,828,4656,3043,9454,12186,17990,13398
2016,8,13,9686,84395,60097,21364,62707,2821.77,3393,2226,3525,7680,94208,20585,1578
2016,8,14,62188,61164,17808,41594,49873,2821.77,4500,4902,1555,6261,16457,15766,3592
2016,8,15,89659,66868,31985,14054,66322,2821.77,1293,2358,4917,5494,13721,15256,44171
2016,8,16,60672,98468,94850,80549,66148,2821.77,1133,3335,1573,8940,86280,32798,5411
2016,8,17,38884,22133,57701,65440,48394,2821.77,2767,4404,2377,9512,68457,40050,40511
2016,8,18,75274,1104,32409,20191,93846,2821.77,4166,4516,1908,9015,35064,27096,12483
2016,8,19,60778,36198,71784,43704,71490,2821.77,1501,1522,1547,8998,92164,44941,24416
2016,8,20,41064,74932,99346,14793,6035,2821.77,4842,2659,1609,7216,34202,45454,34155
2016,8,21,82438,78369,66323,43387,33736,2821.77,1834,4513,3935,9950,38216,41777,17739
2016,8,22,49386,31070,68503,62286,97975,2821.77,2226,4038,1949,5856,53830,24335,10667
2016,8,23,23430,25026,88347,25040,44981,2821.77,1845,2417,1842,9520,87155,16214,22549
2016,8,24,37259,90342,45518,7547,81664,2821.77,4323,1049,2506,7825,93334,45480,1526
2016,8,25,94844,16913,84519,63145,56188,2821.77,2479,1946,1078,8738,37359,14830,4702
2016,8,26,64727,74206,84828,81995,93726,2821.77,2998,1976,3675,9744,38529,10339,38335
2016,8,27,94953,4205,7741,42459,38382,2821.77,2939,3224,1390,8809,96368,23229,17427
2016,8,28,59863,50200,19198,72293,8730,2821.77,4702,3455,2114,9068,71801,14392,6558
2016,8,29,19216,21153,4527,97892,16020,2821.77,4582,2324,3612,8674,86134,16022,9409
2016,8,30,32453,90426,51571,83143,95588,2821.77,2723,1826,1694,8272,27742,39571,14292
2016,8,31,31182,57445,29379,78296,88327,2821.77,1838,2541,3684,6365,21784,18842,1181
2016,9,1,12719,98380,12090,11393,84515,2142,814,4939,2006,9690,70526,12649,14084
2016,9,2,82414,42329,93492,40687,86423,2142,1867,1814,3793,6515,48544,46325,49416
2016,9,3,34706,72439,35010,91071,10575,2142,4547,3293,4444,6578,51037,38958,6066
2016,9,4,65721,11235,80251,64079,70925,2142,1727,4690,1626,6571,26728,12230,17129
2016,9,5,85987,14948,72450,81132,81463,2142,2457,1168,1135,8818,23590,36710,37346
2016,9,6,34884,63139,76356,55681,14776,2142,4638,1847,4978,9990,77278,42255,27393
2016,9,7,8370,20358,11946,50530,56929,2142,2760,4266,4972,6274,40398,17787,5026
2016,9,8,88907,34208,83956,31395,63026,2142,3104,4261,3387,8928,69941,34514,23898
2016,9,9,88204,30932,47715,59535,72173,2142,1789,1893,1426,6134,47422,18294,24993
2016,9,10,85112,26535,61545,71436,78096,2142,4222,3354,2501,9529,14748,31879,18295
2016,9,11,63428,99205,62493,83167,43664,2142,2681,3218,4716,5395,24104,18240,48786
2016,9,12,6740,42246,81486,52089,72332,2142,718,3794,1794,8615,61582,16242,45261
2016,9,13,66910,805,49597,35764,40335,2142,2642,1958,4900,6486,13146,39915,30697
2016,9,14,95272,37313,4486,74988,2708,2142,4580,4446,1680,7417,77887,19048,28591
2016,9,15,2678,48606,49666,90825,97221,2142,2066,1958,2052,6038,16245,18738,11248
2016,9,16,3711,240,88852,99963,46726,2142,4877,1996,1600,8734,33335,14854,8483
2016,9,17,72953,9268,90654,43789,66686,2142,4659,4362,3497,9324,76538,47070,34893
2016,9,18,80573,33605,43905,8977,72971,2142,2714,3032,1740,5844,92994,39817,26502
2016,9,19,91400,32872,98166,53547,93587,2142,3401,1538,2120,5406,26678,23805,31501
2016,9,20,10299,46338,9520,60148,32015,2142,3569,2586,1014,7660,21562,17980,36059
2016,9,21,60327,15629,2018,37067,98546,2142,1883,4944,4235,5048,43491,37821,45013
2016,9,22,22902,78245,20713,80022,20003,2142,742,1652,1430,9697,23151,16902,13743
2016,9,23,15756,46722,71033,51771,30547,2142,2107,1756,4574,9124,44291,23119,8947
2016,9,24,90489,37528,29416,34725,28928,2142,3897,1828,2502,9609,48201,15454,39259
2016,9,25,73353,68380,50509,99785,14430,2142,3230,1536,1733,5614,14658,33631,23661
2016,9,26,70913,91766,90857,95487,87243,2142,4957,2730,4027,5862,28806,17954,35149
2016,9,27,69984,17705,86136,53838,43666,2142,2694,3369,4068,9118,49505,49849,1388
2016,9,28,98215,24088,96386,51300,69702,2142,4931,1236,2809,8586,52451,40051,11045
2016,9,29,77288,3761,84135,82667,84486,2142,621,4468,3348,6226,16620,14038,29293
2016,9,30,53797,82352,56736,89217,6907,2142,4065,1472,1342,5451,89124,16382,6242
2016,10,1,24056,73348,82009,66195,25800,2027.32,4834,1832,2546,8852,30396,14774,38413
2016,10,2,59474,1217,65188,78934,25875,2027.32,2730,3225,1182,7814,31483,12302,38554
2016,10,3,77365,69309,98211,29168,58433,2027.32,2014,2487,2939,8054,65033,30090,14593
2016,10,4,62435,41220,92355,51333,73,2027.32,4523,1804,1306,8566,54831,16193,22751
2016,10,5,39616,3914,90771,1256,25860,2027.32,4137,4575,2914,7347,48742,16346,38607
2016,10,6,81940,40757,65186,86231,31132,2027.32,2673,4917,2790,5027,61250,16886,46571
2016,10,7,64130,30774,96464,4449,81836,2027.32,1993,2802,1726,8242,39057,47419,1295
2016,10,8,32723,8195,16995,40637,91894,2027.32,1982,1542,2845,8698,76415,20328,15738
2016,10,9,18738,25441,80247,22880,50468,2027.32,2093,1906,4973,7124,35397,36808,7849
2016,10,10,91204,38743,40963,62764,32859,2027.32,758,1170,4566,7066,12442,46459,30020
2016,10,11,75618,13199,86645,14816,1718,2027.32,602,1850,4851,6994,59686,21670,29412
2016,10,12,39590,3133,2619,44563,26690,2027.32,2722,4244,3110,8684,97007,25968,4368
2016,10,13,85057,73542,7902,5975,67071,2027.32,3785,2687,3668,5429,57502,45385,14118
2016,10,14,1193,58999,82193,22396,40740,2027.32,4065,1346,1363,6082,41243,17646,41880
2016,10,15,67404,88967,38649,60514,94003,2027.32,2834,4058,1108,5950,11142,42619,2009
2016,10,16,41205,20171,51660,84873,41952,2027.32,1610,3144,3159,5154,65539,25251,9162
2016,10,17,3386,75958,5581,64749,88994,2027.32,4152,2748,2141,7801,49614,46144,46824
2016,10,18,59810,52449,41555,1711,79536,2027.32,4330,1488,3109,5989,21964,10130,42940
2016,10,19,71503,68575,64557,56015,13729,2027.32,1265,2114,3757,6404,81862,27750,46449
2016,10,20,50021,67368,16851,18515,75169,2027.32,4658,1329,3912,5138,53039,14799,16465
2016,10,21,65504,63722,35540,44965,26063,2027.32,1377,2565,2429,7534,69931,22509,23856
2016,10,22,93734,51197,5976,32491,54394,2027.32,1592,1540,1557,6896,39279,46725,37839
2016,10,23,76260,20290,14407,95173,42855,2027.32,1323,4709,2519,8214,69674,23581,33798
2016,10,24,52070,36052,87499,10851,83337,2027.32,3360,3422,4977,9335,42264,45722,7430
2016,10,25,93526,18858,32841,65083,28653,2027.32,3159,4911,3761,8917,16435,17967,22120
2016,10,26,42716,42760,92677,90235,37326,2027.32,698,4395,1105,8046,16310,14442,28703
2016,10,27,41448,99958,24217,82778,5646,2027.32,3499,4170,1689,7691,80605,30341,16481
2016,10,28,16164,25117,51606,24925,84035,2027.32,2891,1749,2151,7706,33335,14477,18041
2016,10,29,80623,13503,70225,11728,97521,2027.32,2521,1310,1738,6188,54449,26072,20470
2016,10,30,49571,49301,91595,51260,76993,2027.32,2953,3155,1910,9558,18079,14054,38552
2016,10,31,33951,27323,57156,61103,45594,2027.32,1931,2567,1406,8650,54295,34217,40491
2016,11,1,13169,5890,69404,96259,60339,2754.13,2180,4638,4774,6888,86630,24677,11828
2016,11,2,11393,96138,4698,60951,30569,2754.13,4901,4242,2258,9450,19836,49100,35104
2016,11,3,14287,62404,35798,26442,33051,2754.13,844,1219,1816,9454,58829,10402,20015
2016,11,4,89353,21010,62232,59127,50801,2754.13,3804,2193,2703,9716,39495,16554,15215
2016,11,5,89958,50749,82515,82216,39456,2754.13,2668,3741,1106,6940,96534,14156,2351
2016,11,6,3480,38305,76728,95735,65830,2754.13,3327,1518,2917,6910,14308,40070,1909
2016,11,7,8477,64465,18616,86181,19318,2754.13,4452,4274,1758,6646,15694,14666,8111
2016,11,8,95670,5511,34761,93128,38976,2754.13,3635,3806,1910,5958,70892,14302,47647
2016,11,9,52272,19220,6962,41542,62482,2754.13,1611,1926,2085,7542,57138,37754,37622
2016,11,10,74689,67943,47030,99900,61261,2754.13,918,3281,1733,5678,66408,15708,21224
2016,11,11,63325,90045,90867,65628,6760,2754.13,3758,1558,2329,7071,16923,19630,11759
2016,11,12,94693,14887,47121,13130,31465,2754.13,884,1153,3552,8540,22404,16165,20611
2016,11,13,85489,3323,55799,78574,35353,2754.13,4281,1238,4955,6026,97008,13782,38560
2016,11,14,63258,30767,27097,76939,87839,2754.13,3100,3882,1610,7382,12012,23075,10373
2016,11,15,20832,79249,29229,25737,9866,2754.13,3253,1705,1307,8112,90278,23011,17985
2016,11,16,2611,912,38041,47566,2411,2754.13,631,2019,2167,5466,58957,36357,1401
2016,11,17,19453,28410,85240,11063,28631,2754.13,4137,1638,4203,9717,91550,19068,13604
2016,11,18,47703,99804,47126,35362,80207,2754.13,3372,2817,3314,5540,46734,14162,37404
2016,11,19,64166,62367,39096,62685,21447,2754.13,4041,1806,2814,5134,68312,37796,14405
2016,11,20,64237,2451,53611,89793,98520,2754.13,3860,2573,2667,9382,97934,15758,11513
2016,11,21,9742,72660,57044,48057,1777,2754.13,558,1892,1143,9430,44978,37589,3778
2016,11,22,74985,94020,28488,34151,44653,2754.13,1947,1998,1214,7666,15033,30473,46801
2016,11,23,53423,40246,93048,31090,12584,2754.13,640,2325,4992,9462,86733,31768,40982
2016,11,24,66137,8218,64063,32280,68798,2754.13,4869,1142,3059,9426,10636,14064,9041
2016,11,25,77861,32584,89306,9815,24494,2754.13,586,4267,1880,9687,25356,23519,20691
2016,11,26,57021,30673,12197,37014,93031,2754.13,3781,1046,3498,5696,15606,42296,48930
2016,11,27,91884,44020,68783,11296,25080,2754.13,728,2940,3354,8198,29106,11418,29419
2016,11,28,1707,69395,47115,62642,35434,2754.13,2512,2454,1702,8550,45819,28877,38823
2016,11,29,96342,64601,20748,19841,63797,2754.13,3488,2031,3916,7270,99678,13996,44898
2016,11,30,76689,91390,33289,5043,72406,2754.13,4241,1882,3141,7707,69457,33574,12395
2016,12,1,38322,76029,62377,19383,21848,1711.94,723,2800,3353,5563,82948,39602,7606
2016,12,2,80404,71332,78520,77674,71011,1711.94,714,2399,2155,8462,51157,18226,8868
2016,12,3,82703,41621,52691,20410,27430,1711.94,3291,1512,3645,5668,85133,16845,36266
2016,12,4,49626,17209,85998,94331,69125,1711.94,3933,4527,1134,8804,43553,27638,18946
2016,12,5,87672,14268,90039,29827,22728,1711.94,4375,1746,4167,6846,25839,26597,7548
2016,12,6,39684,5483,92349,68329,47503,1711.94,1525,2128,1041,7522,15630,30165,43834
2016,12,7,6468,8096,29694,63097,86900,1711.94,734,4570,3865,7124,20748,26592,23247
2016,12,8,54672,71477,48375,70192,74895,1711.94,3140,4577,1047,7390,99257,43550,40566
2016,12,9,15674,50784,57031,43067,4658,1711.94,3232,2477,2936,9277,90573,26187,14841
2016,12,10,58876,97660,50759,79093,94785,1711.94,684,4455,4334,6710,35998,34228,37859
2016,12,11,60976,49139,48806,57024,70979,1711.94,573,3003,1550,7603,46070,36207,14416
2016,12,12,38796,69303,63685,28084,54932,1711.94,4271,1334,3269,5554,18510,29405,20610
2016,12,13,59240,31287,45213,18575,1698,1711.94,4154,2672,1426,8634,36047,17680,31212
2016,12,14,98728,52973,20684,46630,26928,1711.94,4188,1456,2407,9225,93806,14686,16754
2016,12,15,49835,14430,37497,34456,85811,1711.94,3860,1402,4385,9073,96328,46082,13099
2016,12,16,56637,65483,75107,3338,99795,1711.94,1017,4873,1942,6834,61502,14822,11155
2016,12,17,24807,77044,73130,77215,56269,1711.94,904,1102,4069,9516,56910,16231,33288
2016,12,18,17852,87123,77634,12237,46196,1711.94,4670,4183,1602,6129,22521,21942,40314
2016,12,19,43636,43539,3169,24114,1592,1711.94,1519,1398,1713,8070,14478,14333,14671
2016,12,20,20641,20869,36789,51062,75622,1711.94,2292,3473,1650,5142,22061,43368,43699
2016,12,21,51592,46733,62552,23740,62862,1711.94,2034,2848,4963,5202,46961,46554,35073
2016,12,22,96225,94834,89305,54291,15834,1711.94,3623,2825,1166,5411,15574,11526,9269
2016,12,23,15462,71180,15584,96283,48810,1711.94,4650,1752,4377,8553,56844,13590,37646
2016,12,24,3627,68879,86439,64942,433,1711.94,2847,1656,4584,7152,67298,26770,49752
2016,12,25,26421,52275,29596,56558,57686,1711.94,3668,3147,1013,8512,85781,19822,33483
2016,12,26,31897,41784,2927,32626,60337,1711.94,2567,1286,3648,5357,45255,29080,9771
2016,12,27,65110,73104,42090,26046,6608,1711.94,2815,3027,3013,9674,11884,16478,25740
2016,12,28,82246,84606,41551,19611,95209,1711.94,784,2105,4114,8710,76082,45802,27332
2016,12,29,68482,88651,26118,13482,20360,1711.94,3914,1902,1664,7355,11514,33786,37725
2016,12,30,43095,30682,16815,21109,79445,1711.94,4511,1689,1110,8558,97651,35268,39104
2016,12,31,74745,3436,78726,60211,12147,1711.94,1012,1979,4810,8481,10460,30169,4809
2017,1,1,69375,81991,13386,3082,9857,2336.19,1176,1084,1382,7282,19982,19441,47173
2017,1,2,73148,81672,9502,20561,79324,2336.19,618,4110,4847,5514,11256,11007,11122
2017,1,3,77879,24588,70818,26361,51401,2336.19,3918,2126,4328,9242,40208,18378,1984
2017,1,4,5828,86385,99723,36166,86373,2336.19,606,4519,2727,5866,96431,13402,19705
2017,1,5,92582,91736,12514,48781,63602,2336.19,4787,2831,1061,9814,84191,32461,40122
2017,1,6,97943,79462,69588,47272,71766,2336.19,1455,3944,1179,6177,30110,48903,9796
2017,1,7,42234,52069,74775,59962,99881,2336.19,4715,2461,4292,8942,41241,42893,21206
2017,1,8,58703,1029,17078,39764,47985,2336.19,2224,1862,2082,7274,19108,18847,1269
2017,1,9,51608,16006,62792,64139,38535,2336.19,4394,2120,1322,8346,73433,11202,9254
2017,1,10,25375,63149,70016,4667,81730,2336.19,3912,1754,4988,7982,96546,42972,27609
2017,1,11,98610,85123,55251,95692,26934,2336.19,890,4892,3509,5622,75383,16414,31153
2017,1,12,69288,54778,65516,46962,25298,2336.19,4515,1352,2097,7126,71690,33826,38949
2017,1,13,38491,35603,40610,99831,32944,2336.19,2802,1552,2277,8820,43596,15562,37156
2017,1,14,45558,40839,76808,59067,873,2336.19,2461,1512,4671,5964,49825,14968,18543
2017,1,15,31926,90694,31993,34023,1576,2336.19,4200,1418,1282,9358,56248,38579,3683
2017,1,16,28317,65404,36484,66946,29809,2336.19,3860,1717,2270,8106,50783,38142,46432
2017,1,17,10562,94597,41007,50233,87574,2336.19,1552,1712,2877,7098,69873,49452,40833
2017,1,18,67227,20427,72223,39215,11588,2336.19,4145,1256,1878,6981,39553,12782,44824
2017,1,19,93413,88414,48104,30683,30433,2336.19,738,1996,4834,5080,15164,13760,15239
2017,1,20,33368,39131,49612,47597,2675,2336.19,2049,1253,1262,5623,41819,34202,35837
2017,1,21,80447,85966,40459,7025,82947,2336.19,3410,2710,4777,7865,39745,31561,30012
2017,1,22,59456,24923,88908,85643,83810,2336.19,4402,3529,1238,9013,81125,18594,46485
2017,1,23,1202,44527,57247,73817,80151,2336.19,3018,1948,1382,9666,83973,11030,49066
2017,1,24,11192,47384,93392,95969,91602,2336.19,2530,1056,1534,6437,36698,24571,49489
2017,1,25,29274,36101,8101,81241,1466,2336.19,2233,4019,3752,9479,92835,13902,39227
2017,1,26,24897,50854,90852,26280,82034,2336.19,1959,3224,3559,6702,11100,30160,41177
2017,1,27,86191,33076,97570,76953,65865,2336.19,2876,1489,1720,5976,92729,38185,34268
2017,1,28,65203,44963,7205,98956,70794,2336.19,4209,1390,2244,6412,21969,15629,16392
2017,1,29,27589,65281,58855,82501,18336,2336.19,4012,1764,3826,6581,14182,46042,14400
2017,1,30,60850,82059,7532,47570,58035,2336.19,2106,3237,1575,5663,38544,32369,1078
2017,1,31,92055,84106,28060,75652,36871,2336.19,1280,1630,3012,6486,63310,32699,16381
2017,2,1,92324,3578,11064,35257,17760,2888.75,2457,4817,4637,6378,74203,31250,7106
2017,2,2,28486,13793,92826,20501,68689,2888.75,3906,2794,1924,7342,12042,18689,41547
2017,2,3,78543,86827,16703,95029,66490,2888.75,2266,3812,4330,6668,10420,37089,49402
2017,2,4,26788,22879,53259,41425,99257,2888.75,4026,4093,2606,7434,64593,26295,27463
2017,2,5,39751,9853,95442,25708,30762,2888.75,4397,4303,3283,7451,20684,19118,1458
2017,2,6,43205,12951,29937,62536,32632,2888.75,976,4418,4587,9235,13622,28843,40358
2017,2,7,13050,6221,22938,70656,4425,2888.75,3302,4174,3734,8743,69881,44496,3883
2017,2,8,26553,80631,70152,31189,24434,2888.75,2312,2638,3785,9026,46525,36417,40836
2017,2,9,88959,62502,12188,84898,31737,2888.75,3740,1137,1214,6677,48145,40026,29383
2017,2,10,90561,61448,84201,20647,86544,2888.75,598,3095,2416,5294,44283,41850,20435
2017,2,11,42482,46597,75841,46268,95198,2888.75,4036,1024,4866,7575,85404,32955,22366
2017,2,12,56958,65497,94093,92561,68527,2888.75,2586,1782,1389,6288,96084,39284,8590
2017,2,13,3574,61228,52380,87342,12874,2888.75,4191,1446,1936,5562,17973,37512,13016
2017,2,14,93749,33362,4372,78616,60938,2888.75,1570,2894,1623,8086,26806,40149,6128
2017,2,15,96957,59394,15588,49698,8885,2888.75,3981,3809,4251,7712,16150,18476,28025
2017,2,16,70728,11695,90183,63043,83078,2888.75,1906,1826,1517,5138,71793,18806,8157
2017,2,17,77405,99716,36702,65381,38082,2888.75,1881,1494,4252,7652,84734,14488,13508
2017,2,18,81846,90068,93298,87449,47781,2888.75,924,3507,2494,6106,97902,20571,9449
2017,2,19,20615,64809,13750,78485,52439,2888.75,2290,1194,1609,5638,11574,39691,35543
2017,2,20,30204,49809,91081,85808,3630,2888.75,602,1826,2234,7196,89274,30014,25816
2017,2,21,69394,11551,64875,23240,24009,2888.75,3811,1960,3936,7834,39459,46374,12777
2017,2,22,59456,53102,58922,61065,3446,2888.75,2107,1270,1655,8188,35807,13282,20496
2017,2,23,356,2456,58463,82590,62402,2888.75,2604,1794,1286,7478,55034,15999,14089
2017,2,24,56607,15198,76975,543,89110,2888.75,3269,4916,1782,8790,42333,11376,16434
2017,2,25,59038,59441,55684,95694,83981,2888.75,2329,4335,1222,7144,66925,22699,7844
2017,2,26,91233,95882,20847,66872,73360,2888.75,4222,4965,3781,6196,46859,29242,42233
2017,2,27,8982,60129,94160,94868,48671,2888.75,551,2708,3636,5182,19753,12617,2845
2017,2,28,80430,72083,96953,7081,99227,2888.75,1131,1866,1110,6668,73682,15821,30230
2017,3,1,89257,12139,65695,65453,58999,1649.42,4433,1942,4096,5652,84149,16594,44938
2017,3,2,86204,8210,86929,58791,27963,1649.42,571,1718,2850,5312,15623,43079,49546
2017,3,3,75136,22435,85543,8465,12469,1649.42,766,1724,3502,6072,67176,38852,1364
2017,3,4,11010,57962,74331,16458,43614,1649.42,4749,1169,3040,6742,21311,27354,24832
2017,3,5,77576,76883,43752,90426,55887,1649.42,4857,2373,3160,7034,55837,26980,9375
2017,3,6,53115,6216,28705,32969,22289,1649.42,1820,4649,1545,5016,66107,30158,12233
2017,3,7,53687,40857,92680,53080,18887,1649.42,876,1462,2225,8378,12986,29463,13991
2017,3,8,99911,19449,26837,98071,21200,1649.42,950,1342,1998,7414,23634,43881,49026
2017,3,9,82339,95456,93531,68884,74311,1649.42,798,2996,1846,8073,81075,35732,9638
2017,3,10,38417,61510,48547,45642,2046,1649.42,1456,1956,3938,8292,16378,25138,18139
2017,3,11,67318,57782,32157,88911,44240,1649.42,4143,2930,2597,5358,28165,41907,5791
2017,3,12,18664,43560,69905,51862,67986,1649.42,3946,2753,1606,8844,84746,47238,17332
2017,3,13,36983,26203,65547,57274,10847,1649.42,3763,3163,2409,7422,83426,33001,48277
2017,3,14,86710,32570,75932,54308,91596,1649.42,2566,1066,4008,8822,62120,48345,4097
2017,3,15,66155,66067,71099,27699,51264,1649.42,1288,3245,2046,6834,61870,18498,5845
2017,3,16,71464,60634,3760,60225,91553,1649.42,3225,4614,4755,9156,48921,11350,37186
2017,3,17,89606,77840,37962,53614,76663,1649.42,1958,4168,3852,9408,86866,15990,16435
2017,3,18,45253,78156,54714,43651,51342,1649.42,2894,2804,2217,6653,99381,35121,16584
2017,3,19,60192,92607,79736,96299,78116,1649.42,2648,2720,2848,7878,37685,49510,45009
2017,3,20,78397,55996,75031,77249,45404,1649.42,3716,2007,1942,8429,50657,41393,11897
2017,3,21,15013,19904,30550,8582,92909,1649.42,3703,3099,3889,6886,49397,17004,29931
2017,3,22,34800,73399,1077,57648,51713,1649.42,3509,1878,4756,8539,23708,40159,38762
2017,3,23,10436,67425,63519,66840,82206,1649.42,4584,2218,1750,5970,11608,19390,30528
2017,3,24,67769,15855,29143,6658,5646,1649.42,3661,1806,3289,9484,98091,20001,28540
2017,3,25,79851,87953,66462,74607,36492,1649.42,1117,3278,3946,7966,46469,22504,6523
2017,3,26,41515,21054,69723,91945,58892,1649.42,2986,1659,4080,7128,33316,29725,41874
2017,3,27,75669,73330,70170,60310,14419,1649.42,1663,4268,2564,6258,85226,25407,34613
2017,3,28,69647,32696,88686,59946,43683,1649.42,2449,1638,2560,8523,93492,31451,35156
2017,3,29,26749,61479,58111,50829,74960,1649.42,1905,1264,1107,6862,27288,11877,7779
2017,3,30,68039,23952,6146,56955,3429,1649.42,2361,3074,1770,8446,49371,14774,7724
2017,3,31,22555,98173,2001,95115,33048,1649.42,2918,4796,4675,8294,26976,14634,11845
2017,4,1,23883,31614,6267,7309,58902,2350.87,1699,4205,1292,8653,10562,48365,18145
2017,4,2,31016,92060,5136,18415,57784,2350.87,2320,1920,1198,9766,89003,18489,21941
2017,4,3,95353,65152,58165,12734,8480,2350.87,2892,2361,4411,8326,56022,29664,22799
2017,4,4,62303,64074,28870,2945,12727,2350.87,2661,1638,1266,9148,94859,14049,47855
2017,4,5,27441,52180,70005,84086,20967,2350.87,2574,2670,1862,5974,45403,15342,25360
2017,4,6,49889,83296,14056,4300,43807,2350.87,640,2460,1014,5537,25404,29581,36430
2017,4,7,43392,9418,39675,99658,14919,2350.87,534,2358,3065,6415,42795,40383,1784
2017,4,8,8127,95370,73055,64990,6108,2350.87,1683,2000,3105,5974,76646,28263,34810
2017,4,9,63521,43315,724,14023,38852,2350.87,3603,3594,1897,9630,14604,33167,42481
2017,4,10,16869,44663,41879,36286,77430,2350.87,1669,1122,1686,9723,50545,10038,34674
2017,4,11,84533,13581,74851,18990,90671,2350.87,2252,4190,1162,8666,68213,16365,1497
2017,4,12,56809,78169,64961,25058,44151,2350.87,3225,1018,1930,7222,97304,34360,45917
2017,4,13,34777,73974,19917,31172,40049,2350.87,3674,4580,1602,8524,59922,41063,36814
2017,4,14,76373,73527,61607,87536,87855,2350.87,3900,1014,4339,5212,86072,18490,29820
2017,4,15,47481,10650,29509,4412,77105,2350.87,522,1880,3489,5594,43052,23537,43165
2017,4,16,94557,76727,14471,11302,1603,2350.87,3716,2974,4270,5302,65509,18477,24393
2017,4,17,26494,35763,29492,50834,87327,2350.87,4323,4807,2564,5183,55570,36020,31916
2017,4,18,24701,27046,47902,58190,18437,2350.87,1727,2992,1562,5108,40645,15950,7306
2017,4,19,36942,59362,96312,17564,39685,2350.87,1040,1177,3935,7566,33362,17613,28174
2017,4,20,63800,69038,52421,22717,50574,2350.87,3736,1122,1387,5988,33462,36175,24343
2017,4,21,46647,81542,15520,47030,44091,2350.87,742,2383,1878,6742,31299,21562,6165
2017,4,22,56204,17340,54092,70139,49224,2350.87,4103,4375,2843,6524,68443,23416,3807
2017,4,23,97219,43532,15042,48607,66522,2350.87,1133,4519,1397,6653,76549,13690,14857
2017,4,24,39170,58268,20576,71048,36298,2350.87,3961,2500,1142,9405,78990,18406,1875
2017,4,25,33212,83095,80517,6055,55971,2350.87,823,3188,3843,6982,18146,41716,15312
2017,4,26,25721,69281,21236,88471,52286,2350.87,1662,1454,3756,8978,62502,25053,14137
2017,4,27,84113,21464,33907,69679,50869,2350.87,819,1754,2342,7688,12982,18312,12897
2017,4,28,99352,68662,21502,8195,29526,2350.87,1262,1598,1631,7710,60068,43916,6000
2017,4,29,84339,71731,85372,73095,20320,2350.87,4500,1576,2040,8406,13636,11666,14226
2017,4,30,77655,43986,53341,89998,61674,2350.87,4661,1024,1191,5038,85571,40717,26179
2017,5,1,18186,78668,10146,72036,55088,2210.13,2726,3169,1580,5820,63488,20010,20415
2017,5,2,76673,84273,72051,41431,91086,2210.13,4085,1270,1004,5434,13095,14166,41312
2017,5,3,16448,90473,64727,28963,92396,2210.13,3828,1932,1878,5350,98968,21901,21796
2017,5,4,60740,71695,65071,66525,33867,2210.13,2886,1088,1078,5186,51969,11918,44911
2017,5,5,98953,87407,88043,9957,29193,2210.13,4843,1290,4314,7438,74602,33061,17491
2017,5,6,82717,4783,59994,49531,45108,2210.13,1431,1704,2007,5716,72371,47226,8962
2017,5,7,97764,41611,7766,43299,82900,2210.13,1270,3203,3493,5382,16330,42685,26087
2017,5,8,34507,54356,54678,58821,65277,2210.13,3233,4344,4061,8227,13874,45521,29280
2017,5,9,43541,1658,1369,90549,70863,2210.13,4126,4977,1701,7594,44627,30952,40092
2017,5,10,4330,40898,29157,84175,57915,2210.13,3212,3772,4375,7889,83945,39651,3669
2017,5,11,93522,92179,53996,43935,60406,2210.13,4455,3946,2230,6654,10846,39444,34222
2017,5,12,30916,14973,74422,78969,43216,2210.13,1273,2544,1298,5429,31719,34212,19050
2017,5,13,25450,24932,42986,49825,72821,2210.13,827,2693,1870,6174,26628,45866,43283
2017,5,14,10396,66084,16165,28978,6908,2210.13,3421,4174,1982,5694,33142,35197,27011
2017,5,15,28244,59416,49094,4543,31197,2210.13,3754,2997,2095,8091,39173,11268,47165
2017,5,16,41374,95001,93962,93187,21175,2210.13,4052,2921,3025,6302,93250,19874,20590
2017,5,17,48579,11672,64107,6913,20867,2210.13,3461,4109,4368,7554,70003,36916,13601
2017,5,18,54720,25111,9915,93167,39554,2210.13,786,2279,1790,8870,90465,31614,49088
2017,5,19,68042,95870,45889,71067,17438,2210.13,2350,1015,2162,7808,89279,17550,39139
2017,5,20,7762,97741,69842,97130,71647,2210.13,804,1365,4955,5126,35884,18062,39846
2017,5,21,25752,73023,1788,86192,20475,2210.13,4157,3516,4473,7030,75934,21910,8605
2017,5,22,69185,89638,4278,52699,67446,2210.13,2078,1718,2648,6919,88687,29295,9909
2017,5,23,66765,39086,22013,48072,15749,2210.13,2580,1499,2271,5822,44042,17745,24249
2017,5,24,79325,28201,72614,83798,74598,2210.13,2060,1134,4537,5388,12831,21982,14901
2017,5,25,52599,69910,13542,60247,96830,2210.13,893,4945,2665,7906,28017,23414,2229
2017,5,26,68507,80598,31266,15778,67669,2210.13,4875,1992,4860,9982,47142,10809,41661
2017,5,27,53741,69203,70944,8278,28244,2210.13,530,1692,3684,5206,57440,16865,33775
2017,5,28,78734,29686,46811,36400,23944,2210.13,1165,2450,3128,7574,24579,11604,41180
2017,5,29,65443,24455,19142,1655,13296,2210.13,2464,2035,1837,6824,75313,30081,16284
2017,5,30,83534,21926,77275,37218,82079,2210.13,878,1632,1514,7204,13562,21047,1067
2017,5,31,74777,39728,13498,62906,29863,2210.13,502,1246,3883,8400,13311,17070,38078
2017,6,1,25776,75567,72317,25535,67232,1365.6,4067,1026,2376,5284,87586,13442,18750
2017,6,2,83072,64750,10547,66669,78313,1365.6,2797,4391,1443,5686,80605,49520,31595
2017,6,3,55757,92263,94757,9952,5574,1365.6,1782,2700,1702,5451,73234,12435,3287
2017,6,4,4201,98654,84296,82929,61291,1365.6,1371,1438,2983,6548,43734,47647,21882
2017,6,5,54864,1532,98391,32660,38586,1365.6,3531,1396,1258,6584,36997,26831,28997
2017,6,6,62927,132,40884,58131,35583,1365.6,1918,1135,4122,9774,39063,13540,30470
2017,6,7,9448,35435,83832,62431,75057,1365.6,1429,1271,1826,9648,78930,12662,27566
2017,6,8,20168,27463,27433,91426,70750,1365.6,4608,3675,1834,5491,16326,16495,30782
2017,6,9,55961,45077,88983,85084,66290,1365.6,3200,2088,4832,8154,70870,19582,28046
2017,6,10,35949,97300,1160,97750,38472,1365.6,3136,3638,2552,7710,66416,44653,30091
2017,6,11,22702,51025,28330,19966,76517,1365.6,2812,2476,2915,7206,33911,30556,36488
2017,6,12,69841,42112,72646,49673,50495,1365.6,4560,1443,2167,8314,17718,11990,43516
2017,6,13,2162,15033,70629,9714,56953,1365.6,719,1005,4421,9048,15971,30937,37045
2017,6,14,1888,68784,29766,99803,10579,1365.6,726,1702,2140,6016,46442,38987,30030
2017,6,15,12872,67355,91783,86391,89426,1365.6,4732,1587,2359,5360,17652,30663,42327
2017,6,16,38758,38372,76670,43179,3772,1365.6,944,1326,2775,7734,21812,38353,42641
2017,6,17,50262,2172,85124,88755,71527,1365.6,4093,1508,1114,5875,13994,18818,47918
2017,6,18,94554,18224,12637,1913,19937,1365.6,2576,1750,1364,5597,34575,21487,46641
2017,6,19,84590,75043,43499,62365,61627,1365.6,2070,3240,3833,8802,33346,21712,15311
2017,6,20,16464,27440,88814,31735,29667,1365.6,2783,4219,1880,7114,42484,46816,8658
2017,6,21,44765,41413,38214,46129,33362,1365.6,3967,2950,4182,7465,80314,25809,22789
2017,6,22,92777,47385,70402,92962,15931,1365.6,1025,2393,2538,9839,80479,27204,3748
2017,6,23,78497,33264,17776,21729,31387,1365.6,4897,1150,4375,6230,38630,17736,26612
2017,6,24,95900,22599,85687,60082,50064,1365.6,2242,4191,4737,5296,68505,45667,16002
2017,6,25,92743,49531,78061,40281,19370,1365.6,3836,4217,3155,6478,35946,39541,8541
2017,6,26,44576,37196,15693,78952,60306,1365.6,1687,2556,3272,8726,48990,43336,4323
2017,6,27,14728,51233,18880,44465,40229,1365.6,1484,2970,1915,7238,89603,22636,37385
2017,6,28,59437,23440,3207,83944,91404,1365.6,3485,1968,2699,5529,31282,12046,5505
2017,6,29,26204,94322,41914,19477,43048,1365.6,4164,2774,3487,8043,18591,48715,40904
2017,6,30,85429,41428,48039,22344,42324,1365.6,1331,1760,2432,9084,16510,18836,37642
2017,7,1,25541,21168,62741,97422,68802,2259.39,3625,3122,4010,9453,12350,14913,32098
2017,7,2,38618,80297,39753,36661,15240,2259.39,3440,1666,2858,6334,98990,13712,4821
2017,7,3,88468,17103,50636,3005,19158,2259.39,3046,4698,1990,8582,58471,42143,35824
2017,7,4,84236,82097,5267,58246,57902,2259.39,4510,1518,3084,9263,49531,23324,11437
2017,7,5,34084,87972,79991,53294,65108,2259.39,606,4926,2434,7131,72930,31592,45333
2017,7,6,12956,62329,76291,86298,14468,2259.39,3441,3702,3210,7424,73300,14936,1114
2017,7,7,61496,12811,20335,85932,8426,2259.39,4255,2508,4188,5598,95801,11304,19866
2017,7,8,931,22298,25574,13366,99430,2259.39,4957,3736,2184,7599,15033,16016,14857
2017,7,9,88713,59827,6707,38275,93534,2259.39,738,1380,4168,6072,57312,17594,46359
2017,7,10,52290,82920,76455,26478,88518,2259.39,3477,4448,1820,6582,19165,26686,22257
2017,7,11,55259,64123,55423,32444,18074,2259.39,1798,1785,1634,7018,45060,13050,36809
2017,7,12,76215,7151,44253,85384,73223,2259.39,4329,1863,1682,8570,68340,39353,17917
2017,7,13,84392,83170,95154,11650,23573,2259.39,3335,3830,1144,7670,27625,29217,30671
2017,7,14,13271,84425,52356,59905,64281,2259.39,2776,1000,1844,7029,42230,10491,13768
2017,7,15,94946,77912,52355,12134,90047,2259.39,2839,1590,1798,5994,18791,10140,37047
2017,7,16,60016,73479,55323,71160,99941,2259.39,764,3210,1366,9084,89467,30708,49301
2017,7,17,82852,22244,37556,3769,15625,2259.39,611,1922,4048,5940,39055,30447,29786
2017,7,18,36364,56895,87590,72932,86240,2259.39,3071,1254,1210,9502,33765,46151,6381
2017,7,19,4047,50495,9362,4123,19579,2259.39,4830,2429,2424,9574,22549,12222,48829
2017,7,20,18524,53161,96323,8925,52478,2259.39,4371,3841,3624,6634,61772,11215,35379
2017,7,21,99693,11197,57470,95903,32295,2259.39,3405,1340,3081,7767,56814,27660,7588
2017,7,22,32948,57997,96442,70372,80383,2259.39,4772,1062,2151,6094,40534,24629,18992
2017,7,23,87825,29906,29823,12802,39570,2259.39,4016,1236,4142,5974,67867,11558,7947
2017,7,24,5426,76274,4129,63507,94041,2259.39,2518,3339,3939,7930,13711,15673,10943
2017,7,25,72952,69836,47284,45103,22282,2259.39,1083,1458,4074,5905,39259,23643,37818
2017,7,26,23853,63276,29257,59347,61114,2259.39,2135,1538,4749,5082,30045,19318,47125
2017,7,27,8559,3916,43481,43850,57876,2259.39,4522,1662,3378,6806,92281,32012,23544
2017,7,28,10976,94717,8471,45051,10623,2259.39,3693,1662,1004,8614,10172,22118,47730
2017,7,29,77779,37308,55009,67528,84924,2259.39,2668,3481,1314,9254,53682,13196,35054
2017,7,30,1045,29557,10376,60775,52715,2259.39,2786,3690,3724,5054,17490,40698,19009
2017,7,31,15338,43786,91525,26343,8088,2259.39,4812,1740,1454,9820,69744,13272,18050
2017,8,1,37413,66465,76548,64914,20147,2297.61,957,4703,2822,6176,19406,14710,6096
2017,8,2,85871,66108,31908,53479,91200,2297.61,702,4985,1958,6070,43072,48531,38958
2017,8,3,42675,45291,70240,28847,15035,2297.61,646,2447,4687,5952,33712,29834,26872
2017,8,4,65420,16022,79538,48242,59105,2297.61,1424,1326,4414,9376,31157,21965,48307
2017,8,5,3641,16326,6951,475,44188,2297.61,4005,1861,1665,5597,15707,26699,16376
2017,8,6,28821,32133,95499,38508,41456,2297.61,3341,1874,1583,8470,55116,37040,45563
2017,8,7,78890,37893,14719,59656,52576,2297.61,1620,2567,2200,8571,73042,12784,45876
2017,8,8,4947,88400,9601,32964,90349,2297.61,4662,4168,3792,6082,74028,15247,41661
2017,8,9,33428,58722,38475,95012,22953,2297.61,3403,3193,2834,6252,77848,16761,9943
2017,8,10,8998,9469,5681,87550,64392,2297.61,3937,4337,3474,9889,18470,23822,28723
2017,8,11,61550,78316,92992,51694,66181,2297.61,3293,4607,2092,7098,10970,31396,33372
2017,8,12,31710,59374,99590,95896,38848,2297.61,4008,2844,3258,9386,51745,17649,27438
2017,8,13,13412,62035,53340,96886,81925,2297.61,2059,3473,1658,6402,11519,32838,21992
2017,8,14,79774,94813,32447,21867,16580,2297.61,3262,4640,2006,5714,60535,24341,9769
2017,8,15,96642,89544,38538,16252,24232,2297.61,3901,3994,2317,7194,67231,34241,40283
2017,8,16,25584,54292,94067,92243,50694,2297.61,1432,1898,1618,7766,68685,33328,5586
2017,8,17,50000,71948,14321,85494,91152,2297.61,4834,4145,1510,8371,20396,21334,24856
2017,8,18,88654,4298,91681,57323,57890,2297.61,1563,4825,3203,7958,92067,30248,8913
2017,8,19,7568,33500,10716,24318,23731,2297.61,3997,3729,2700,8318,75574,17712,29401
2017,8,20,79526,35409,79349,60277,50132,2297.61,2962,1158,1606,9642,12459,28284,49746
2017,8,21,48555,20375,94462,78110,38709,2297.61,3358,1276,1379,5425,86945,26461,36529
2017,8,22,81179,60943,66543,48879,65613,2297.61,4081,1174,3876,6870,21766,44007,42117
2017,8,23,19528,19729,15497,39922,25723,2297.61,4557,1268,4681,9018,68738,13590,44308
2017,8,24,31899,43449,66019,68279,45227,2297.61,4739,1404,1609,7634,91634,12222,19316
2017,8,25,69751,32068,57361,79980,51850,2297.61,3986,1376,1718,5834,11298,14570,45479
2017,8,26,142,45856,47910,81176,74875,2297.61,917,3124,1448,6584,91402,38026,33001
2017,8,27,52603,52495,80783,15564,80129,2297.61,2785,1230,1682,6018,46209,22685,22417
2017,8,28,96976,86549,60415,28534,42383,2297.61,814,3876,3919,5430,56403,25145,21713
2017,8,29,83076,57321,48271,75877,56960,2297.61,3902,1836,3518,9380,41476,10006,6025
2017,8,30,83454,85615,71230,20642,87112,2297.61,3327,1786,1382,6582,28972,29073,33791
2017,8,31,58158,31139,37950,92077,81215,2297.61,3574,1292,4376,8196,56517,41335,10705
2017,9,1,86773,67249,79092,97810,25077,1807.33,2614,1390,1670,8256,14154,21813,1798
2017,9,2,27936,14594,42152,98029,59918,1807.33,1185,2408,1877,9236,19926,10354,37577
2017,9,3,98188,85616,86958,12736,58486,1807.33,1956,1609,1892,9626,59418,13314,44645
2017,9,4,62841,57033,64012,50864,75289,1807.33,2676,3223,4110,9502,17603,19028,28166
2017,9,5,68757,73789,92789,76986,38403,1807.33,4567,2941,3377,5762,82029,16438,47763
2017,9,6,27522,65338,19824,39414,27737,1807.33,4086,1162,2626,6206,57791,44266,29242
2017,9,7,67616,30468,63843,76727,78000,1807.33,2106,3107,1942,5014,40092,19986,31446
2017,9,8,69009,19660,79282,68738,2537,1807.33,1952,1062,1647,6775,85822,20735,11311
2017,9,9,42370,94910,77665,94996,84360,1807.33,613,3326,2275,9455,61404,10274,35456
2017,9,10,902,39863,23382,72488,11109,1807.33,2475,2006,4485,8108,65206,18373,13474
2017,9,11,55772,92159,64783,82419,55286,1807.33,4506,4006,3217,7170,25353,12576,16957
2017,9,12,82626,80968,30904,81253,423,1807.33,2878,1323,3522,7611,90162,19270,8660
2017,9,13,77438,72638,56100,76923,67099,1807.33,1647,2869,4815,6429,21639,35100,21306
2017,9,14,59738,91146,15460,37956,38316,1807.33,1883,2293,1779,8286,34897,38554,40813
2017,9,15,72799,92777,56230,21321,90388,1807.33,950,2824,1554,6812,61098,19902,46393
2017,9,16,74707,72746,25349,4522,65527,1807.33,974,1086,4485,5762,79571,18316,13341
2017,9,17,62246,96455,46447,378,60594,1807.33,3931,4743,1914,5160,71063,47211,47696
2017,9,18,57905,68366,81388,93287,21768,1807.33,2117,1473,1583,7646,17347,13462,42487
2017,9,19,17159,23322,55079,71644,44755,1807.33,796,1999,1103,7198,14762,16106,34650
2017,9,20,41291,62660,57792,48114,74173,1807.33,658,2076,3572,6712,41714,35339,28855
2017,9,21,85551,53833,48165,33486,7651,1807.33,1947,1160,3832,8130,12803,33586,15512
2017,9,22,36675,9953,56939,84131,69899,1807.33,3530,2540,3326,6322,75654,33850,30667
2017,9,23,11529,37331,65927,25101,80395,1807.33,1791,1898,2825,9922,99430,14686,23994
2017,9,24,6820,62730,42988,95653,64756,1807.33,590,2781,3446,5066,15358,34697,22143
2017,9,25,99548,26795,12238,59226,93117,1807.33,3075,2002,1574,5353,62449,21968,4244
2017,9,26,99347,39241,4266,93524,80549,1807.33,1702,2368,2776,8398,83020,47531,20048
2017,9,27,59537,44963,81666,57983,63844,1807.33,2679,3390,1722,5106,22615,36190,49929
2017,9,28,75513,15691,57188,33439,91044,1807.33,1759,1742,1894,6024,17590,11564,19637
2017,9,29,96072,28321,59498,95200,99362,1807.33,4083,3897,3831,6054,33232,17674,8870
2017,9,30,40677,92264,31065,83752,63533,1807.33,4941,4045,1452,7128,88835,43117,20032
2017,10,1,60595,16212,88346,36619,32829,1693.35,4041,1148,4971,8492,60510,45192,10475
2017,10,2,19677,35760,99024,60425,68992,1693.35,2452,1255,1894,9694,41139,16246,33051
2017,10,3,21146,96537,2572,14626,85373,1693.35,2742,1942,3251,9786,98937,11080,12041
2017,10,4,92914,64331,22229,29237,24924,1693.35,4428,4599,4850,9803,10056,20193,49091
2017,10,5,22854,22477,81449,53321,40032,1693.35,710,1176,4124,5492,75802,20848,22589
2017,10,6,84783,19897,66816,13034,52336,1693.35,940,1600,1434,5398,14386,21358,32105
2017,10,7,28137,47969,32310,79339,87772,1693.35,4532,1977,1161,7332,96649,16192,37334
2017,10,8,36273,66820,93722,55398,39561,1693.35,1245,1398,1552,9412,53728,24458,35876
2017,10,9,41517,60546,36059,4304,89592,1693.35,661,2728,2566,7970,97066,45337,9599
2017,10,10,61656,12951,38667,54169,10284,1693.35,1713,1555,3486,7094,18304,24399,35316
2017,10,11,66310,10903,15094,88433,86667,1693.35,2890,3183,1448,5300,48838,35310,35174
2017,10,12,74899,24500,53039,82465,48822,1693.35,4153,1829,4407,9172,80997,12094,16458
2017,10,13,84488,67711,68951,19327,64497,1693.35,3725,2157,4508,8818,51941,18950,37255
2017,10,14,93993,14832,45711,39712,46484,1693.35,982,2733,1626,8834,36549,18614,10901
2017,10,15,10870,30704,43754,6629,79876,1693.35,4023,1438,3813,7973,12790,39662,24752
2017,10,16,1580,10118,36820,16089,18937,1693.35,3615,2928,1296,5677,68991,32780,5114
2017,10,17,6578,60365,20514,58329,4777,1693.35,514,1997,4118,9006,54978,11350,7064
2017,10,18,60110,84002,97412,85275,81975,1693.35,4936,4905,3921,8108,15993,42857,13805
2017,10,19,33222,65961,72138,85870,77990,1693.35,3649,1846,2845,5515,59246,22621,7481
2017,10,20,78931,50852,70972,99401,69858,1693.35,4745,1318,1302,7026,31592,16562,25950
2017,10,21,27313,22882,8182,51235,67342,1693.35,896,1914,2839,5172,11162,13414,40528
2017,10,22,40062,87786,18100,74259,93301,1693.35,3232,2230,4549,8416,71630,30758,27347
2017,10,23,26505,87728,77077,52807,1236,1693.35,2434,4900,4253,7898,96134,31594,25021
2017,10,24,58847,22930,64861,81687,21863,1693.35,3867,3276,1746,6966,52534,15081,17645
2017,10,25,10665,65767,37312,55214,66322,1693.35,971,2825,4372,6104,61983,46959,25294
2017,10,26,4421,39418,91860,68674,41386,1693.35,546,1583,3627,5950,98269,15489,4346
2017,10,27,49125,97137,43766,20906,30456,1693.35,986,1119,4770,9649,96333,11092,12653
2017,10,28,81295,98657,70270,10667,78057,1693.35,3978,2476,3022,5837,67501,45759,32254
2017,10,29,86536,84122,62344,30163,65603,1693.35,651,4726,4101,5769,35632,20908,10613
2017,10,30,68422,21619,62028,79544,77621,1693.35,635,3914,4721,7310,85933,17777,24713
2017,10,31,59511,59912,66606,47533,42101,1693.35,4644,3635,3228,7978,75149,33830,34107
2017,11,1,70802,14909,39405,42923,66893,1631.7,2695,4863,3692,7238,82483,13404,10313
2017,11,2,64227,41398,3126,75132,27331,1631.7,993,2241,3859,9764,29342,37966,37255
2017,11,3,24522,74330,22547,12861,49480,1631.7,3164,1632,2636,7568,79554,18146,22729
2017,11,4,77882,23602,25745,32926,30840,1631.7,1329,1190,4624,5807,86548,43307,8228
2017,11,5,69414,53894,96901,23274,68772,1631.7,2591,4644,1924,9398,22505,16403,26243
2017,11,6,89218,670,3036,26854,34590,1631.7,2734,2470,3894,9830,61747,36085,48942
2017,11,7,98058,8078,97504,64035,90237,1631.7,2341,4649,2945,8492,99274,23068,34052
2017,11,8,96837,26866,32713,13761,93355,1631.7,1515,2571,2238,9550,25777,13666,21570
2017,11,9,14844,89864,35651,53738,79695,1631.7,1174,4103,1827,7364,58137,28415,47399
2017,11,10,37730,15479,4417,92027,86073,1631.7,1446,4260,1908,8326,13020,40263,3692
2017,11,11,52081,9536,39187,24319,25438,1631.7,2498,1632,2531,9501,26721,33577,31316
2017,11,12,13252,82896,77681,51431,36574,1631.7,4845,1318,2648,8532,82680,20072,35819
2017,11,13,4305,30479,69333,51214,10989,1631.7,2828,3068,3239,7014,87387,19446,32353
2017,11,14,44683,51238,6661,32214,50739,1631.7,2142,1394,2629,9822,31771,19202,49734
2017,11,15,61993,27969,76209,29642,28583,1631.7,4713,2886,1446,5398,14742,16706,25241
2017,11,16,67751,8280,79776,92343,71647,1631.7,2370,1328,4751,5383,64893,14806,33515
2017,11,17,15117,97036,82184,47746,6858,1631.7,3299,1686,3275,9507,14843,36857,30308
2017,11,18,84748,30909,36097,90466,16307,1631.7,3524,1666,4827,6608,18216,16473,36548
2017,11,19,86814,51474,49154,37917,33209,1631.7,1110,3325,2433,9302,12422,10422,14047
2017,11,20,84954,45723,35845,59581,71582,1631.7,1438,2681,2948,5078,79498,30606,17040
2017,11,21,19082,3023,47368,80261,22674,1631.7,1733,4486,4296,8982,63755,15018,6471
2017,11,22,92637,19866,5830,20070,74512,1631.7,2064,1642,1334,5826,35397,18259,34605
2017,11,23,6301,81836,40941,20601,80722,1631.7,1206,1154,4813,8574,96415,28839,36792
2017,11,24,71397,9501,4678,95693,88092,1631.7,3197,1464,4650,5378,17149,45513,18433
2017,11,25,9983,4214,71331,6661,43474,1631.7,1272,4773,4914,8564,86725,15966,6728
2017,11,26,85356,37933,18142,41522,52859,1631.7,730,1222,1761,5037,36299,44852,30909
2017,11,27,9823,5849,25580,14473,81227,1631.7,4985,2561,3293,5290,14221,23119,9081
2017,11,28,4395,5494,89245,9309,54059,1631.7,1295,4413,1046,5789,97286,33112,25971
2017,11,29,93050,17647,23719,49811,59037,1631.7,4662,3858,2217,6594,83330,13444,26370
2017,11,30,95675,9668,71006,75321,90984,1631.7,3439,1729,3424,8080,21038,27482,1579
2017,12,1,48686,33248,10260,10827,46887,2580.81,3876,4532,4794,7382,23568,26163,9724
2017,12,2,64702,8779,8382,1296,8461,2580.81,3321,3128,1078,8641,25463,43464,38178
2017,12,3,3433,37193,16889,7469,58231,2580.81,2473,3268,1318,8180,34094,14426,10723
2017,12,4,23809,37971,71741,73603,8010,2580.81,4766,2710,1791,9008,90357,45252,11662
2017,12,5,29029,3679,63381,4563,92321,2580.81,4378,2104,1035,5098,19572,10038,38844
2017,12,6,41990,23399,40239,2312,37484,2580.81,871,1291,3655,7938,51246,12094,24333
2017,12,7,41978,67365,25727,78769,91864,2580.81,4020,2243,1113,7400,58157,44785,32436
2017,12,8,92596,72536,56891,18632,3803,2580.81,601,2144,1212,5839,80807,14810,42815
2017,12,9,66524,6680,31340,11531,36996,2580.81,4546,3972,1301,6624,57740,16338,32586
2017,12,10,39060,81762,11760,75174,85514,2580.81,1310,3109,2451,6410,13092,12606,19917
2017,12,11,86016,65046,41103,18580,40885,2580.81,2275,3759,4940,9966,35290,48287,38262
2017,12,12,18904,99837,77260,85205,22814,2580.81,3368,1872,3113,5946,53397,18626,35001
2017,12,13,41396,6061,13088,83847,99261,2580.81,2804,1627,2576,7822,36559,14812,42532
2017,12,14,42169,8835,88573,3461,45153,2580.81,1748,4055,1910,9007,49259,12863,23863
2017,12,15,30360,8980,41089,63473,80459,2580.81,3451,1853,1897,6182,22051,32510,10838
2017,12,16,70423,84857,50490,94351,5115,2580.81,4163,3634,2234,7735,67095,14782,37049
2017,12,17,87950,85196,37794,44352,64203,2580.81,3567,4562,1031,8126,74386,42841,37053
2017,12,18,91845,72838,31047,25095,729,2580.81,2604,1150,4306,8900,81852,25772,3099
2017,12,19,11495,41016,39408,40081,5103,2580.81,3819,4403,3049,6478,53755,38603,6503
2017,12,20,38666,77323,83166,51049,58330,2580.81,998,1525,1741,5182,91619,13821,23905
2017,12,21,60739,65576,51324,15045,90022,2580.81,817,2867,4191,6576,57947,45646,33177
2017,12,22,69431,71767,5050,77480,39732,2580.81,1082,4748,2478,5600,62148,10807,8805
2017,12,23,39505,22391,93686,2598,13680,2580.81,1419,4417,1770,7742,11638,14516,35305
2017,12,24,50919,12984,75121,41463,59560,2580.81,2108,3989,2538,8658,12946,27269,49420
2017,12,25,17315,88903,72018,69793,54503,2580.81,1952,4006,2908,5166,96604,11786,34166
2017,12,26,92294,79376,93709,59526,97118,2580.81,1778,3036,3857,7622,11710,19102,49523
2017,12,27,57671,42959,50110,95209,1468,2580.81,3829,3781,1832,6838,19734,16334,6578
2017,12,28,11364,18231,26694,84272,25220,2580.81,2210,2512,4024,7271,77038,32493,39650
2017,12,29,96794,93817,96882,42004,2068,2580.81,1771,1089,1388,6881,71297,47157,2732
2017,12,30,69811,60127,82291,31643,37325,2580.81,4329,3687,1798,8246,49311,47017,3569
2017,12,31,30672,52874,80883,66048,50145,2580.81,3540,3290,3088,5422,21645,36507,7921
2018,1,1,68417,62597,43844,81650,33894,3166.23,1460,1514,1998,9454,47695,19136,7353
2018,1,2,63784,12736,47714,54806,78399,3166.23,1828,2623,1236,7875,97768,49885,44732
2018,1,3,66417,77411,17974,61839,99056,3166.23,4991,3823,3429,6262,65473,17323,4482
2018,1,4,43891,16934,44047,66238,32740,3166.23,800,1523,1668,7036,67680,49227,41743
2018,1,5,34597,85862,46851,10210,53737,3166.23,1446,1504,4732,8850,98342,15178,10971
2018,1,6,15254,74687,53964,98683,11225,3166.23,2357,1467,2721,6404,37704,35460,19437
2018,1,7,84499,29857,98336,21680,53370,3166.23,2258,4318,3229,7510,30879,38317,32369
2018,1,8,61432,7327,74823,32516,18099,3166.23,2655,3351,4202,6618,48385,41779,23165
2018,1,9,92407,97096,63247,45128,89852,3166.23,1939,1412,1622,6538,12380,17174,1912
2018,1,10,43996,49639,4846,28577,66451,3166.23,1893,4233,4403,6890,76749,27501,2078
2018,1,11,31233,79405,27205,95435,52375,3166.23,2213,4780,4036,6811,89907,28887,25590
2018,1,12,84114,53199,69589,31272,14826,3166.23,3151,3820,4310,6002,87396,30761,48321
2018,1,13,5074,54291,74995,80829,12358,3166.23,3329,3589,2499,7570,55376,49873,1744
2018,1,14,77476,58942,44654,82864,25754,3166.23,1751,4866,4111,5386,57490,35288,1836
2018,1,15,46013,5642,10462,10323,74990,3166.23,1083,1158,3499,6078,77243,30857,47858
2018,1,16,67822,35574,40799,15322,53811,3166.23,1546,1285,2006,5114,30501,47221,46175
2018,1,17,43465,92253,7088,63928,39944,3166.23,4216,1920,1570,9677,96278,11560,30930
2018,1,18,23887,37362,57976,8739,53440,3166.23,947,2613,2143,6745,69286,40954,35219
2018,1,19,42921,833,88592,14389,93385,3166.23,1609,3201,2696,5048,17128,17640,19093
2018,1,20,15979,32697,53596,2549,42374,3166.23,930,2612,3587,8435,91350,23378,49874
2018,1,21,90007,97298,10992,93502,60395,3166.23,4455,4666,2462,9399,34054,14406,30278
2018,1,22,74844,45664,76752,2541,97065,3166.23,750,3042,2928,8758,31942,13302,43881
2018,1,23,6354,28756,84267,9941,83543,3166.23,3318,3548,4265,5366,67050,49659,25617
2018,1,24,7292,17858,69327,21106,57257,3166.23,3304,3452,1614,5055,50992,28812,3381
2018,1,25,15288,37525,8207,74569,77652,3166.23,1222,4004,1050,7958,10296,18798,40149
2018,1,26,52457,9968,42347,41722,20630,3166.23,2732,2920,3606,7058,49026,17214,25749
2018,1,27,96792,93683,65667,78540,15090,3166.23,2351,1729,1078,5557,21297,14538,33011
2018,1,28,22058,97520,48543,7314,74360,3166.23,1111,1815,1334,9628,84888,22139,25192
2018,1,29,76911,92621,50060,20517,86032,3166.23,4082,4174,1914,6101,77713,40561,15438
2018,1,30,69112,51417,3643,55999,33326,3166.23,536,1558,3810,5430,79047,29521,24940
2018,1,31,60622,71511,56337,62132,22673,3166.23,4270,4582,1548,5526,36450,10346,7577
2018,2,1,90533,68106,7944,42986,45819,2361.39,3449,3586,3498,8904,46911,43437,14857
2018,2,2,4984,18647,48600,90414,14046,2361.39,2387,1908,1626,9518,24580,16778,28121
2018,2,3,13790,24163,91285,64472,76965,2361.39,1942,3848,3321,9780,26834,40492,10217
2018,2,4,19742,55284,4079,88240,39731,2361.39,3028,1065,2340,5968,67830,16385,17343
2018,2,5,41100,35218,18294,8260,64737,2361.39,1643,3525,3387,8570,42996,26703,9226
2018,2,6,84497,89939,60553,12818,61177,2361.39,3309,1844,4021,7490,85509,15103,37387
2018,2,7,91083,99890,76169,93423,62870,2361.39,1159,3968,4216,8916,12228,43952,43999
2018,2,8,3679,45224,38830,3419,69504,2361.39,514,1434,3115,7025,83169,15643,31826
2018,2,9,44412,2831,46562,19785,26571,2361.39,4887,2652,3311,8510,27426,11180,48423
2018,2,10,71407,53587,31502,50623,14392,2361.39,926,4421,1656,6107,54191,41160,10082
2018,2,11,64285,50666,77864,52400,7691,2361.39,4395,3454,3863,7718,88238,40433,11033
2018,2,12,29379,23127,24439,94042,50534,2361.39,918,3291,3154,6160,88913,18897,18217
2018,2,13,13157,16192,19672,34813,82299,2361.39,2324,2934,4527,6326,15334,48570,23863
2018,2,14,81221,49730,33377,61436,47038,2361.39,3221,2767,1092,9011,86808,27978,21615
2018,2,15,77228,8383,66270,31735,61458,2361.39,631,4613,4078,6654,25778,10946,21536
2018,2,16,10518,68103,65664,51397,88291,2361.39,1318,1736,3430,9694,63650,10467,47350
2018,2,17,71310,31872,19587,48754,57235,2361.39,3083,4462,2481,9353,82548,17888,22748
2018,2,18,47241,99532,99905,51319,36187,2361.39,4047,3055,1166,9711,14451,14779,25683
2018,2,19,17061,30771,16995,80492,80465,2361.39,2310,3125,3868,6508,33231,36103,30646
2018,2,20,65997,26315,36918,13478,2020,2361.39,3768,4259,1422,5025,18806,21534,19466
2018,2,21,97060,70978,50942,7197,90689,2361.39,3328,4101,2515,5322,20944,18672,15394
2018,2,22,52320,44607,93810,81189,87856,2361.39,2291,1694,4706,9110,10998,21726,27041
2018,2,23,56378,38802,20986,91726,93827,2361.39,4612,1782,3893,8998,14434,49581,37916
2018,2,24,12299,52763,40035,41166,24438,2361.39,1004,1756,1937,5334,57944,19594,10979
2018,2,25,4051,41588,79997,73757,78500,2361.39,974,4876,1526,5650,26602,29009,30030
2018,2,26,20736,22567,36248,29629,69472,2361.39,562,1770,4796,7822,39287,44233,1374
2018,2,27,79280,6137,20990,1217,66795,2361.39,1008,1698,3225,7356,44601,31725,45287
2018,2,28,3738,6436,66602,38921,89256,2361.39,4281,1343,2121,6880,72323,12814,9556
2018,3,1,17886,99716,23710,36187,55355,2024.45,940,1491,1636,6681,28285,16922,34295
2018,3,2,44042,99131,86500,51399,60084,2024.45,1487,1518,4826,6759,72126,10733,18225
2018,3,3,11041,14822,59208,64273,87145,2024.45,3186,1382,1867,8247,57568,32221,27153
2018,3,4,92543,73034,10065,14179,6067,2024.45,2452,1862,3832,7912,17857,30267,38351
2018,3,5,68529,89346,96786,69707,16105,2024.45,888,3497,1494,9646,15548,37229,35264
2018,3,6,16799,92308,24964,10018,556,2024.45,3591,3097,1916,8655,23627,27982,32532
2018,3,7,23358,87432,28090,77190,37735,2024.45,2456,1262,2996,9654,75968,34100,12300
2018,3,8,22210,72761,43950,38647,12407,2024.45,2227,1124,1542,7190,55574,10933,18072
2018,3,9,49722,30518,70383,21638,99174,2024.45,971,2530,2792,6742,16072,35527,44010
2018,3,10,22712,39881,41790,90708,76827,2024.45,1160,4036,1870,5874,37682,35628,34111
2018,3,11,19533,79910,81186,79912,63452,2024.45,2196,3172,3629,7579,51161,49154,3113
2018,3,12,37941,83485,38038,35734,43897,2024.45,1260,2960,1394,9401,90019,14110,20462
2018,3,13,79864,97532,2557,3086,48994,2024.45,3714,3525,2851,6251,64788,16302,6591
2018,3,14,89364,21986,45827,89346,49565,2024.45,4851,2504,1823,5786,23237,14152,13340
2018,3,15,13350,10850,56384,40044,56604,2024.45,3563,1466,3934,9914,39552,18568,46404
2018,3,16,19062,78267,94158,88265,30870,2024.45,918,1585,1870,6202,25930,46846,8946
2018,3,17,12788,30782,50704,25963,73671,2024.45,3033,3371,2494,5769,43414,24097,40293
2018,3,18,18525,3330,10564,62459,65801,2024.45,3090,1213,4733,9018,89477,25603,2006
2018,3,19,41193,26748,12189,38476,9844,2024.45,1673,2630,1034,9534,64944,25273,4471
2018,3,20,59022,47979,94998,76516,20100,2024.45,612,3623,3093,7527,17433,23893,4764
2018,3,21,27644,5524,25108,88729,87771,2024.45,683,1290,2684,5752,19446,33879,30937
2018,3,22,63694,1816,22863,65298,70545,2024.45,1922,1844,2136,7706,22432,22235,37807
2018,3,23,6684,89397,10859,81129,66924,2024.45,982,4566,1406,6480,99647,37938,28293
2018,3,24,77418,80331,83254,51454,89555,2024.45,1684,3247,1562,7254,18544,38458,49748
2018,3,25,78706,75468,34376,47194,43739,2024.45,781,1714,1203,5992,31549,13127,6808
2018,3,26,91284,52924,24046,57804,99404,2024.45,741,3172,1530,5346,60977,19868,23693
2018,3,27,95094,12663,63177,13008,3561,2024.45,1466,3617,4892,5841,45811,33630,48074
2018,3,28,9002,97945,405,71557,60936,2024.45,1035,3571,1228,5081,26374,16984,48306
2018,3,29,65126,38468,10157,85501,33814,2024.45,1781,1062,1254,5270,74617,20060,37487
2018,3,30,89384,76084,18679,79276,28278,2024.45,2905,3630,3785,6628,25186,12154,30842
2018,3,31,61616,42575,24644,79196,67656,2024.45,1179,4132,1682,5386,50985,12012,1018
2018,4,1,62767,1260,26675,54077,92230,1357.53,3459,4664,1764,9086,29293,12605,46735
2018,4,2,68345,82924,57743,98006,24463,1357.53,972,2036,4810,5168,51043,22180,13816
2018,4,3,67700,176,28017,6740,67513,1357.53,1913,1146,1629,9939,84355,43858,34019
2018,4,4,6675,44168,78524,88439,99606,1357.53,2396,2949,1490,5990,65955,31554,7817
2018,4,5,55306,41928,98591,26469,13448,1357.53,3648,1147,2512,6664,87886,17910,15986
2018,4,6,60683,21153,80305,62313,81092,1357.53,1170,2765,1494,9396,92556,41136,31012
2018,4,7,58863,76305,9086,49603,17795,1357.53,2508,4452,3320,9830,15920,13119,41393
2018,4,8,78436,64569,44267,60948,41233,1357.53,972,3267,4657,5134,80579,12118,32154
2018,4,9,88641,53102,54867,30171,4148,1357.53,1306,3009,1398,6744,28963,24224,13775
2018,4,10,88137,26472,63677,37809,55274,1357.53,928,3708,1042,5194,94655,18101,45949
2018,4,11,93700,21981,52721,63357,29609,1357.53,924,3248,4104,6730,48419,23251,49652
2018,4,12,65450,19726,2613,21880,16470,1357.53,1103,1926,4398,6132,58766,29671,31576
2018,4,13,72081,59695,79732,48950,21242,1357.53,3402,1292,2719,6122,94649,42327,40740
2018,4,14,85774,41459,60577,4878,43134,1357.53,4481,3582,1302,7093,30461,27894,8996
2018,4,15,95022,42917,98853,85772,19049,1357.53,1795,1129,2313,6134,40078,19654,7619
2018,4,16,2266,23481,86199,31337,75955,1357.53,3664,1727,3657,8490,82956,48142,47200
2018,4,17,59588,43790,6725,4660,90884,1357.53,2553,2256,2806,5650,17546,31854,3538
2018,4,18,55377,36175,39336,89042,64054,1357.53,3947,2670,4245,9910,14007,45199,29414
2018,4,19,27346,4024,73279,82355,38264,1357.53,1004,2850,1376,7156,18861,23611,22588
2018,4,20,73464,17768,42220,86270,15525,1357.53,4475,1810,4125,7632,59941,29530,46600
2018,4,21,69577,20241,78554,88823,50387,1357.53,756,4083,2935,7158,76437,19318,8913
2018,4,22,62592,56935,65401,95320,76861,1357.53,3931,1322,3380,9270,52944,33905,1238
2018,4,23,24102,87420,4806,23228,61231,1357.53,4109,2159,1339,7662,35981,13870,31100
2018,4,24,6575,52707,62161,35862,42711,1357.53,3411,1234,1884,8811,10086,38744,38599
2018,4,25,85778,35905,55420,4158,13407,1357.53,3062,2508,2135,9220,77087,23365,8364
2018,4,26,40320,12549,20525,58011,10212,1357.53,1088,3137,1138,8248,68999,34626,22858
2018,4,27,43199,72411,6281,55084,57575,1357.53,746,3351,4157,7834,63860,38915,6902
2018,4,28,40315,18276,26424,52450,77496,1357.53,2167,4166,2411,9043,92176,17958,19863
2018,4,29,51902,34617,8464,93818,22866,1357.53,4795,1063,1225,8670,37498,40151,27463
2018,4,30,7977,14031,99855,83486,45982,1357.53,2401,2647,3341,5176,71449,25836,30067
2018,5,1,13617,26355,83803,9012,18532,1657.77,2264,3147,2591,8718,92364,11406,9129
2018,5,2,65878,74781,43984,66953,28631,1657.77,1281,2660,1390,9014,20002,30406,34135
2018,5,3,63520,7642,78749,95049,95443,1657.77,1439,4058,2291,6593,18069,15822,20937
2018,5,4,5722,95335,85322,89665,82768,1657.77,1070,4996,1430,5053,48301,13800,44039
2018,5,5,95540,55935,72814,95880,47053,1657.77,1286,1924,3151,5574,21972,13593,44159
2018,5,6,42323,84764,39004,39614,31357,1657.77,1787,3429,3759,6932,43093,17878,7074
2018,5,7,83852,94165,32876,69022,89218,1657.77,4173,4757,3462,7974,96988,16758,47529
2018,5,8,82498,89627,43791,649,61013,1657.77,4242,4687,1877,6500,59300,14585,32115
2018,5,9,26671,47441,68015,11782,37254,1657.77,4660,1104,1118,8887,90125,10841,11109
2018,5,10,26416,5651,11951,79878,77638,1657.77,1743,1486,4917,6886,77134,25930,25292
2018,5,11,39001,7729,11970,5879,77327,1657.77,936,3996,1126,9670,15778,22314,21270
2018,5,12,15939,11791,93419,37563,40678,1657.77,4755,2092,1102,6126,63321,49535,49896
2018,5,13,18350,76417,76022,33267,33303,1657.77,548,2303,2236,7517,94533,18278,19508
2018,5,14,25140,31349,74911,60201,36179,1657.77,3867,3468,3830,8637,12070,25859,7041
2018,5,15,58534,87139,59304,80432,80197,1657.77,1318,3545,1602,9386,48163,48695,38977
2018,5,16,58199,73713,37351,51787,27582,1657.77,1348,4072,4584,7611,45625,32114,48236
2018,5,17,4652,94493,584,39835,53130,1657.77,2045,3014,1798,5426,16900,13312,22966
2018,5,18,30326,4764,21549,62071,93455,1657.77,766,3005,4776,8946,19791,14866,19713
2018,5,19,12705,26141,72783,92289,40104,1657.77,754,1106,4251,5378,15190,32380,18408
2018,5,20,80656,49339,10396,7111,40688,1657.77,3762,2364,1308,5310,49435,16114,35193
2018,5,21,21375,76554,34120,97503,41022,1657.77,1212,3725,1403,7998,62365,36506,3912
2018,5,22,8754,3121,97613,38005,60810,1657.77,1736,1464,4243,7131,48575,21282,14906
2018,5,23,98677,62338,8647,54985,14000,1657.77,1098,1726,2338,5218,49228,16730,24434
2018,5,24,25482,66793,78438,21885,57139,1657.77,3390,1792,1627,9446,20247,37436,7156
2018,5,25,87260,56985,78902,67855,20468,1657.77,4136,4143,2517,8280,90479,36516,43829
2018,5,26,88569,27931,4595,55908,99501,1657.77,619,4981,1240,5408,46865,27754,3824
2018,5,27,32564,21608,59998,9191,93962,1657.77,1627,1221,2229,7550,49075,24048,30246
2018,5,28,85709,54565,93193,8226,68700,1657.77,1093,3619,4305,5688,45878,43805,1078
2018,5,29,35864,26498,68787,72831,18259,1657.77,584,1652,3610,6934,76364,13924,32004
2018,5,30,7180,22992,45146,60761,81224,1657.77,4808,3283,1158,8714,15730,12598,10573
2018,5,31,60729,85306,23808,5034,67346,1657.77,3839,3208,3887,7964,92391,47145,36038
2018,6,1,59328,97967,35944,86262,90683,2744.43,4792,1110,1364,8982,11248,38289,16220
2018,6,2,21714,10884,69778,82418,18744,2744.43,3145,4049,1062,8179,87746,12513,36318
2018,6,3,13371,7308,91401,63700,99699,2744.43,1032,4025,2864,8328,45287,43546,38546
2018,6,4,14548,55080,73573,92265,41985,2744.43,553,3697,2056,6682,46114,47151,1173
2018,6,5,3000,5613,67553,79476,70144,2744.43,1989,3513,2606,9741,47212,12304,5300
2018,6,6,88288,9598,21330,57504,7926,2744.43,1049,2472,3048,7854,31088,30032,16617
2018,6,7,92147,11642,60082,20555,94677,2744.43,2705,2675,3159,5258,93503,48302,22548
2018,6,8,90558,35493,98168,53164,85234,2744.43,1819,4872,1329,6306,47375,29254,45381
2018,6,9,36118,64778,18079,90518,72103,2744.43,549,1210,2160,6982,18614,21836,49168
2018,6,10,69530,68861,85865,97690,4119,2744.43,2343,1027,1211,8326,80542,32796,29368
2018,6,11,72244,12362,22670,43573,65510,2744.43,2826,2978,2525,7302,17000,39628,36397
2018,6,12,6424,95397,20229,83585,42379,2744.43,1772,1908,1595,7636,25949,27065,37736
2018,6,13,53356,38293,54445,84567,48804,2744.43,2363,2398,2347,6384,80970,29208,34987
2018,6,14,59133,20149,47188,26659,77406,2744.43,2638,3828,2431,5742,67412,19628,22035
2018,6,15,40602,39186,38070,63549,13174,2744.43,1965,1529,2311,5666,51095,17466,14019
2018,6,16,96396,84811,4866,60095,41195,2744.43,4303,1338,2336,5694,43337,49741,2188
2018,6,17,24877,25976,83570,92308,45194,2744.43,3469,2147,2871,6538,65695,36044,17335
2018,6,18,20558,89014,18926,39221,50423,2744.43,3038,3170,1183,8520,23264,28730,36374
2018,6,19,46444,12568,45410,85132,81762,2744.43,4872,1638,1073,9596,15297,26266,38747
2018,6,20,52128,50119,94766,91351,6658,2744.43,2395,3566,1662,6320,99138,16248,26814
2018,6,21,32694,22177,79419,20230,82785,2744.43,632,1168,1602,5830,30710,29716,19036
2018,6,22,15819,15583,36355,63244,376,2744.43,4509,3855,3122,5086,60205,41131,18004
2018,6,23,27441,3953,84698,93267,66626,2744.43,866,1350,3715,6578,35899,21499,1574
2018,6,24,40673,1211,67079,88627,28283,2744.43,3342,1838,4722,8454,23695,30098,47789
2018,6,25,39053,79558,15306,73527,30185,2744.43,4657,2624,1640,5706,50890,12440,25511
2018,6,26,32246,93109,78111,70961,14746,2744.43,2460,1769,1572,5890,60396,26207,14011
2018,6,27,90032,95091,36660,19754,82492,2744.43,1203,1543,4912,6062,11421,20096,10356
2018,6,28,73372,42431,44073,69187,58137,2744.43,1626,1554,4422,9736,77693,35520,11315
2018,6,29,40099,86506,7290,88024,62397,2744.43,4230,2427,1950,7182,88532,27971,34038
2018,6,30,77597,54737,15867,17509,52597,2744.43,3956,1944,4717,8028,11505,44205,27288
2018,7,1,43132,50939,80118,69221,44984,2441.74,670,1489,4278,7396,93885,39668,15638
2018,7,2,94276,62665,35149,95166,51197,2441.74,4113,1874,3985,6622,74881,12554,13120
2018,7,3,26931,849,42342,91312,12355,2441.74,2005,1837,1574,7122,41057,15171,2899
2018,7,4,79112,83081,46661,34743,13126,2441.74,4410,2401,4561,9558,18918,37110,6898
2018,7,5,22678,8032,9395,68015,31006,2441.74,638,2936,1062,5968,49247,13830,34276
2018,7,6,2230,16253,85668,72418,79728,2441.74,2588,1590,2509,9766,19874,11278,43078
2018,7,7,7499,695,63036,43413,10253,2441.74,522,4281,1337,6268,17295,37342,31954
2018,7,8,40545,57934,95279,42021,57265,2441.74,850,4493,3482,7869,48262,39561,10878
2018,7,9,17299,52204,64752,59808,2805,2441.74,894,1654,1730,9668,70066,18335,41037
2018,7,10,93136,16941,67617,99473,73210,2441.74,3166,3753,1108,9604,55773,32814,1265
2018,7,11,42027,27976,8660,35509,2197,2441.74,622,4495,1938,6173,95654,28281,6923
2018,7,12,97210,27449,54936,5292,22279,2441.74,3626,1765,3294,7595,47589,47855,41355
2018,7,13,8860,756,61609,84409,81905,2441.74,3574,3931,3060,8586,59439,30257,33734
2018,7,14,31861,862,16105,57338,7035,2441.74,618,4243,4207,6905,19078,27837,11759
2018,7,15,14612,49514,25955,89259,57109,2441.74,2113,1944,4298,5074,66727,22555,23544
2018,7,16,65160,16655,96487,43221,75241,2441.74,4829,2100,1786,9170,64437,30172,5926
2018,7,17,84044,66408,768,39603,39665,2441.74,3791,1266,1167,9745,59886,33275,10303
2018,7,18,33289,13352,15595,23940,28426,2441.74,1494,4937,3975,5970,69509,40567,32322
2018,7,19,65258,25691,97668,38397,97976,2441.74,3568,3370,1215,9336,54325,14230,28457
2018,7,20,45991,88117,71509,22158,64215,2441.74,1784,2502,1097,7378,37793,11760,47747
2018,7,21,69700,50640,32165,85028,59972,2441.74,1946,1902,3715,9614,79977,41690,1674
2018,7,22,84423,98546,40061,45639,34234,2441.74,2870,1575,3854,5910,18732,13068,44386
2018,7,23,98477,6869,76923,75926,94247,2441.74,3152,1222,1707,6668,81677,41679,31069
2018,7,24,48342,73624,83261,8409,79590,2441.74,854,4012,3134,6511,19310,28720,13238
2018,7,25,17249,88873,25296,16103,39603,2441.74,522,4430,2248,9810,30355,11495,10381
2018,7,26,3514,44861,58146,1573,91529,2441.74,4603,1222,3445,5736,64630,18784,39823
2018,7,27,22453,31082,73400,588,37593,2441.74,659,4840,3273,7702,87295,44227,49402
2018,7,28,31335,82818,98658,14936,71615,2441.74,1430,1479,1862,7486,93052,48105,45365
2018,7,29,90750,69008,54328,20547,11872,2441.74,4933,1360,1390,9684,67614,20334,35310
2018,7,30,35438,13274,91528,23711,84229,2441.74,2937,1914,2991,5902,46849,49606,28823
2018,7,31,28312,39632,57438,34888,90559,2441.74,2992,2659,1708,7352,34558,14072,16842
2018,8,1,80844,14748,21724,529,82363,1784.94,965,1987,4937,6028,96215,45111,8411
2018,8,2,60318,28131,23103,43265,91332,1784.94,1575,1936,1498,6462,37873,29691,39061
2018,8,3,55808,35534,65541,59479,70092,1784.94,1163,2286,2064,5784,67814,18862,45965
2018,8,4,27650,20133,71414,77587,12513,1784.94,2697,2829,3463,8634,32445,19794,33982
2018,8,5,51213,20373,67110,14063,43188,1784.94,3753,3994,1868,5646,74824,26959,4984
2018,8,6,87963,5989,10598,65027,75228,1784.94,804,2876,4896,8570,96814,27408,28413
2018,8,7,12552,19512,16590,57367,98015,1784.94,2160,4226,1528,5046,79640,28946,49036
2018,8,8,65606,23395,27941,22474,65393,1784.94,784,3354,1830,6381,34733,16684,19118
2018,8,9,71146,75538,35913,2394,4108,1784.94,1153,1658,3589,5496,74024,16603,32727
2018,8,10,28131,67538,32183,13890,44512,1784.94,2836,2006,1798,7128,48941,16960,11823
2018,8,11,6246,31078,86668,47703,23811,1784.94,738,1308,1937,6650,13701,16870,21401
2018,8,12,65729,59856,34056,34318,22599,1784.94,921,2080,3321,6216,80969,11358,24433
2018,8,13,61278,40158,79301,96495,43639,1784.94,4806,1235,1350,6473,13938,15832,44594
2018,8,14,54226,11029,27141,67516,27680,1784.94,3560,3407,2049,8967,44077,12008,40843
2018,8,15,59752,61351,23080,68073,10806,1784.94,2256,2082,1126,5826,84928,20548,20401
2018,8,16,77502,14736,86784,69524,47561,1784.94,722,1786,3102,8848,69301,22133,1454
2018,8,17,69691,54214,81893,3092,89533,1784.94,4090,4284,2319,8706,33708,48124,25970
2018,8,18,2571,87318,70208,79481,36578,1784.94,1380,4079,1222,6336,99954,18550,5136
2018,8,19,20238,1663,51922,48340,30512,1784.94,954,1553,3139,9486,19645,14023,37575
2018,8,20,28335,78736,79660,32006,77258,1784.94,1482,1179,2037,6689,75659,14486,29721
2018,8,21,88177,92040,84046,90752,11555,1784.94,886,1791,2014,9159,80130,32525,34001
2018,8,22,63086,16955,49080,87577,19320,1784.94,1599,4005,3811,7611,12362,41068,35077
2018,8,23,27332,58845,37248,60721,91886,1784.94,4334,1414,2649,9474,87165,49204,29259
2018,8,24,15085,44404,97348,17099,53563,1784.94,976,2999,4432,5055,20575,30103,27479
2018,8,25,16484,38527,10461,80295,36138,1784.94,2715,3468,1667,5286,24188,23553,22824
2018,8,26,36926,54876,86320,90927,85960,1784.94,550,1043,4239,7478,34493,37801,23485
2018,8,27,31309,470,37153,42093,31877,1784.94,2196,3359,1253,5322,28654,48743,7728
2018,8,28,21832,82722,12212,3500,74036,1784.94,3404,2312,3979,9723,18239,19886,2753
2018,8,29,69560,74722,10982,3799,12200,1784.94,2951,4859,2296,5103,15686,44172,11827
2018,8,30,19183,90501,42533,31788,73157,1784.94,530,4988,1066,9094,14839,10646,37539
2018,8,31,61847,24596,87960,85826,20671,1784.94,2115,1902,2271,9448,10379,18952,6199
2018,9,1,18331,85683,63571,79786,87635,1369.27,3967,4486,1627,6102,83995,16690,7744
2018,9,2,27638,78984,74425,36732,10175,1369.27,4929,4769,1476,7106,55439,28283,1423
2018,9,3,29222,62021,75556,68670,88752,1369.27,4943,2081,2060,9866,12902,41047,1379
2018,9,4,7610,18538,85534,24237,49292,1369.27,3401,3280,4863,9177,30011,41389,19529
2018,9,5,86952,44941,42511,42686,62047,1369.27,2320,2619,1321,5760,76288,15072,14302
2018,9,6,14254,62585,88506,17667,12451,1369.27,590,1094,1612,9718,60647,42256,8076
2018,9,7,96480,5401,85537,77695,40930,1369.27,4084,2880,1840,6406,86917,10488,15549
2018,9,8,42249,24239,62859,18570,53466,1369.27,4994,4071,3083,9712,13966,30533,5500
2018,9,9,29280,43155,66945,55892,53753,1369.27,4499,1583,4343,5878,44278,13258,43944
2018,9,10,81937,29715,50857,75129,57661,1369.27,744,4908,3364,9578,34830,48181,37775
2018,9,11,65078,51177,32253,99513,72380,1369.27,870,1658,3495,6692,73902,13600,1398
2018,9,12,57285,38402,30184,22980,4790,1369.27,4603,1725,1064,7494,61854,44540,40814
2018,9,13,34586,8574,94449,29302,34504,1369.27,2483,1874,1806,6087,15444,19186,29279
2018,9,14,92782,61842,70845,86277,75183,1369.27,1228,3818,1714,5538,71797,20641,11099
2018,9,15,3578,1401,23720,40458,98213,1369.27,4997,2797,1006,5797,78451,11354,1926
2018,9,16,75077,72287,77287,71883,98374,1369.27,2420,1154,4572,9244,93783,46107,42732
2018,9,17,5716,60012,94926,21568,72776,1369.27,2209,2705,4475,9150,49514,32687,16724
2018,9,18,84206,84512,31838,94704,46661,1369.27,2409,1736,3926,9696,19952,13651,26641
2018,9,19,42428,83744,21159,13352,28361,1369.27,4458,4076,1304,8778,71995,30432,31294
2018,9,20,37460,14205,89490,38287,12837,1369.27,2326,2041,4866,9163,16204,36526,39004
2018,9,21,12156,80507,24616,27434,30203,1369.27,1084,2629,4681,8594,18734,13042,1888
2018,9,22,9888,61792,97119,17545,32528,1369.27,4328,4986,1022,7644,16556,28858,35466
2018,9,23,59173,45600,25901,99039,31115,1369.27,564,4621,4503,6531,87054,44706,33998
2018,9,24,77470,28139,33688,12152,6734,1369.27,1545,2972,4164,5015,50516,46691,36021
2018,9,25,90481,64845,16679,6503,85014,1369.27,732,4185,3254,5074,43223,34368,41304
2018,9,26,95259,45141,93990,26114,71672,1369.27,2171,4141,1076,6942,77644,48618,31044
2018,9,27,73232,69190,81592,87396,74205,1369.27,4087,4684,3304,7117,87539,14669,48460
2018,9,28,8421,22901,58856,11675,84162,1369.27,2394,1552,3570,5480,21884,35242,2079
2018,9,29,70131,9057,736,95664,46268,1369.27,634,4498,3920,8577,23246,17934,44732
2018,9,30,7037,73686,35513,36693,40803,1369.27,1362,1158,1912,7254,93600,46464,23052
2018,10,1,55995,58588,92219,28730,80473,1848.52,874,1770,4547,7062,68499,39278,27461
2018,10,2,87861,4350,19551,46438,27596,1848.52,3474,1280,1790,6518,42082,15294,40379
2018,10,3,57881,24009,27598,68098,17609,1848.52,3097,4954,2649,5315,18683,29473,24063
2018,10,4,49128,50247,35354,10027,61122,1848.52,4304,1362,4554,5206,11771,17262,3853
2018,10,5,75585,81598,53431,17827,88116,1848.52,3120,2002,1756,5814,30445,19833,11865
2018,10,6,1133,43543,59789,33782,65210,1848.52,4607,4336,1270,5278,24362,22543,44824
2018,10,7,51518,90019,87877,76072,91577,1848.52,3220,2160,1244,8002,10782,19360,49648
2018,10,8,26220,84460,15357,78445,11530,1848.52,3277,2661,1402,8065,62795,20905,12154
2018,10,9,2890,42403,1595,47960,73715,1848.52,1854,1918,2327,9470,10486,23903,42309
2018,10,10,74379,29524,7417,71975,43878,1848.52,1334,1686,4566,6094,48540,21096,8756
2018,10,11,35197,96819,33758,57245,21236,1848.52,4501,4124,1254,6095,88435,29021,46553
2018,10,12,4757,75290,70605,37084,66373,1848.52,2338,1510,2782,8918,29076,11659,21908
2018,10,13,9862,70412,48109,19429,59806,1848.52,524,1353,4818,5134,84949,31054,46649
2018,10,14,3539,29452,71531,58845,91899,1848.52,4217,1654,2959,9654,50089,34331,26319
2018,10,15,46730,43781,91434,80864,44887,1848.52,3874,4748,2273,6982,90528,17078,20511
2018,10,16,19984,31053,94785,46154,38038,1848.52,3559,1575,1082,5798,13750,17435,29734
2018,10,17,57761,20990,30442,42072,95812,1848.52,1403,3892,1336,8386,39755,35549,46884
2018,10,18,4699,14983,56650,11972,38317,1848.52,814,4651,4581,6262,20805,32619,47178
2018,10,19,69920,30717,90547,95457,12159,1848.52,4243,1270,3308,6036,44694,24119,7319
2018,10,20,72920,37450,99365,29935,21638,1848.52,1836,1336,1842,9684,38307,25122,5472
2018,10,21,52016,33710,99774,62949,40248,1848.52,1919,1406,3999,8818,21975,46157,36931
2018,10,22,26137,67571,98781,54445,59959,1848.52,4916,2878,2275,5126,79164,18912,43475
2018,10,23,66104,11001,45249,52910,15839,1848.52,3031,4205,4969,8322,63505,40217,49909
2018,10,24,31088,91778,16737,15087,10596,1848.52,2595,1731,3985,5464,15066,48943,5064
2018,10,25,2554,18797,48174,99829,29429,1848.52,3741,1883,4690,5606,64792,36880,27339
2018,10,26,96602,59176,87438,46572,53333,1848.52,3140,1552,4072,6228,32209,19667,17296
2018,10,27,57644,76157,22751,96629,35237,1848.52,571,2789,4074,6838,53970,44854,30279
2018,10,28,87436,89064,6739,58478,69405,1848.52,726,2358,2058,9147,45281,12790,21531
2018,10,29,16443,14774,17514,75515,1002,1848.52,754,4996,2230,7932,71624,27466,49723
2018,10,30,14563,83548,15257,79990,43645,1848.52,4843,2431,4641,6354,11828,10397,35579
2018,10,31,69465,51268,42756,16523,16767,1848.52,3264,3209,2809,6286,17456,20162,38037
2018,11,1,70258,95159,59082,54542,66783,2247.8,920,1682,3156,5444,10326,20086,2901
2018,11,2,40289,57759,44728,38222,80020,2247.8,4037,2638,2880,6911,64404,18214,5125
2018,11,3,6528,97614,71431,73657,22690,2247.8,507,2946,1751,5941,63839,19885,41593
2018,11,4,18842,49295,52920,3350,14740,2247.8,3435,1379,2356,9038,25952,17375,13247
2018,11,5,39639,66343,65014,3871,39606,2247.8,1139,1133,3383,7569,19789,16072,45770
2018,11,6,35514,26650,75371,38617,8943,2247.8,3502,4135,4855,5714,63836,35946,39210
2018,11,7,41020,53624,23678,94728,88138,2247.8,2102,4127,2324,6944,64350,38281,15983
2018,11,8,39238,20490,34415,98973,64411,2247.8,1396,1275,3557,6766,54892,22499,20557
2018,11,9,12328,63395,82987,33535,41168,2247.8,4481,3539,1797,6326,93266,21286,13175
2018,11,10,75493,21722,65414,24169,15189,2247.8,2450,1564,1604,6864,69749,47366,29764
2018,11,11,33773,51146,63643,47330,24264,2247.8,1180,1590,3280,9166,86477,11608,18535
2018,11,12,32341,55959,54339,65490,65469,2247.8,3127,1932,4326,9796,65129,14006,47606
2018,11,13,14657,77580,87997,97614,40797,2247.8,1331,4568,1002,5330,38250,15858,7746
2018,11,14,76212,24431,2450,74492,9950,2247.8,1643,3641,1236,7918,24131,43056,5279
2018,11,15,64939,43611,370,50617,28504,2247.8,2835,4512,4430,5831,57125,16578,15500
2018,11,16,29929,34809,7500,71524,76135,2247.8,2382,2345,1502,6183,43189,46480,45750
2018,11,17,61462,6185,55123,22698,7166,2247.8,753,3456,4215,9930,55424,17719,45606
2018,11,18,47975,23260,27232,23757,95443,2247.8,1687,1514,1868,8382,96894,28002,1428
2018,11,19,9936,34277,96701,96467,90460,2247.8,4299,3272,2425,8852,90969,35942,6242
2018,11,20,76379,73076,74399,15594,55551,2247.8,4664,4876,4434,6504,59984,14877,46176
2018,11,21,60308,16672,6601,12177,97210,2247.8,1530,2144,4123,6470,19963,10934,19847
2018,11,22,25824,29263,29208,88249,10036,2247.8,4191,1413,1920,9892,18358,47857,36529
2018,11,23,11117,34376,34086,96904,77623,2247.8,1780,4282,2093,9474,66458,24303,44071
2018,11,24,4579,22989,47800,75054,92572,2247.8,2340,3394,3376,6218,13296,39763,34115
2018,11,25,34428,97187,42529,76736,62128,2247.8,4592,4596,1078,8678,86499,39236,10888
2018,11,26,19101,64632,43519,46194,49364,2247.8,1848,3941,4317,9306,45347,16490,26329
2018,11,27,18763,97688,92987,48492,95587,2247.8,3254,1462,3167,6334,13506,41647,15982
2018,11,28,8023,97694,81244,19637,22724,2247.8,926,1823,3725,8743,17502,14440,34095
2018,11,29,11424,91218,84734,77093,42218,2247.8,674,1968,2767,8319,18950,23353,30081
2018,11,30,60653,14078,69720,73821,44861,2247.8,1819,4234,1034,9414,88870,29587,42820
2018,12,1,30447,71411,28586,15542,92132,2048.65,1965,4700,2758,8124,41917,15688,43026
2018,12,2,55743,2897,85607,414,28720,2048.65,1065,2796,1302,9780,16062,37850,8961
2018,12,3,33057,73243,78364,12471,78465,2048.65,978,3910,1436,9136,24452,16814,7951
2018,12,4,47589,67770,3897,91700,71827,2048.65,4538,2568,1126,5144,27981,43780,45814
2018,12,5,60457,5400,52929,71840,40285,2048.65,4690,3341,1530,8053,17374,41346,6937
2018,12,6,62356,78143,66610,74421,99058,2048.65,3616,2998,1526,5034,54697,47008,7414
2018,12,7,28326,4236,90930,9740,55732,2048.65,3519,2540,1332,6448,17546,47298,35263
2018,12,8,29737,64070,86992,76268,18475,2048.65,3965,2182,3648,9334,71602,49058,39155
2018,12,9,7988,66572,62057,83170,49084,2048.65,1530,3761,3692,7632,14030,25775,33106
2018,12,10,89074,23372,74668,46088,79820,2048.65,3385,1826,4468,6728,17470,44295,29048
2018,12,11,52235,52493,7830,35884,53068,2048.65,1293,1054,2354,9701,60576,11438,45784
2018,12,12,62807,23459,21552,32851,77270,2048.65,3625,2694,4774,6596,28781,10946,41404
2018,12,13,28693,88519,86855,4513,51599,2048.65,666,3833,2873,5986,56068,27292,5382
2018,12,14,18773,7362,4700,81127,37063,2048.65,3916,1220,1510,6819,49070,32354,31628
2018,12,15,88223,7696,81401,69350,40989,2048.65,1647,1032,1974,9853,90545,16651,10183
2018,12,16,55235,5705,86837,29460,28694,2048.65,3104,3817,1090,7803,61295,14746,42905
2018,12,17,59431,70213,19900,64516,17032,2048.65,3221,1606,1664,9252,90955,34005,18970
2018,12,18,71156,53955,36390,2561,3808,2048.65,4211,1602,3991,6047,19438,44036,26935
2018,12,19,15304,77957,57854,65569,72112,2048.65,4247,1541,1434,9146,12408,39096,19149
2018,12,20,74468,75630,60703,67484,36604,2048.65,1488,2758,1963,8470,26670,42122,18010
2018,12,21,81165,12234,17516,46508,68281,2048.65,1895,4935,1676,8870,65503,10288,22368
2018,12,22,66602,51103,36682,72314,40249,2048.65,1409,1067,1071,8463,98551,44026,15442
2018,12,23,72825,40,18137,11140,70622,2048.65,3261,3138,2040,6278,14645,41673,44808
2018,12,24,9497,71542,41609,42525,2642,2048.65,2663,4242,4566,5638,57908,31167,23465
2018,12,25,66139,85670,62235,23562,90486,2048.65,2587,3309,2177,5723,90801,47798,10786
2018,12,26,96883,44063,15937,53924,31192,2048.65,1948,1384,3475,7122,99563,37468,30583
2018,12,27,93373,47227,23064,67940,47924,2048.65,4106,1682,2992,5390,53974,23477,30972
2018,12,28,22127,87914,53140,99304,39989,2048.65,3453,1871,4354,9390,14302,35545,43941
2018,12,29,9973,19095,92585,44800,89003,2048.65,2267,2375,1462,5330,66666,20001,42148
2018,12,30,2654,65773,50415,85647,43465,2048.65,960,1190,3653,8614,81245,48641,20741
2018,12,31,88907,44700,85513,9614,24090,2048.65,662,1682,3104,8200,11564,33459,9011
2019,1,1,93832,32187,18321,15515,98853,2019.16,4519,1962,1542,5590,24440,25827,38322
2019,1,2,11994,90032,50833,56960,87629,2019.16,866,3679,1338,5479,89120,10349,49475
2019,1,3,16990,55886,54806,87437,67450,2019.16,646,2633,1802,8351,93147,16118,4617
2019,1,4,23026,27667,32983,28113,64185,2019.16,594,1177,3806,9062,33136,11542,7424
2019,1,5,36951,95355,16467,38290,67186,2019.16,4990,1064,1472,9795,87963,45273,5587
2019,1,6,24413,37995,22907,77567,22699,2019.16,925,2075,1424,8907,13088,40608,32406
2019,1,7,36331,76832,33138,16489,14309,2019.16,4275,1258,4332,5998,11808,11517,32626
2019,1,8,6328,70890,62045,84152,90686,2019.16,4425,1449,1422,9354,25367,43404,16361
2019,1,9,1090,71293,5480,77514,50201,2019.16,4473,2882,1686,7934,19371,19510,12020
2019,1,10,66588,3647,87122,60920,4388,2019.16,3789,2066,3910,7185,11218,20947,43021
2019,1,11,83546,56996,2397,4253,25679,2019.16,2656,1767,1662,9488,17150,31960,44116
2019,1,12,97860,55106,84843,19414,39068,2019.16,3924,1320,1136,9618,82926,11302,20566
2019,1,13,35418,21716,4722,15680,38902,2019.16,1626,3798,4286,5374,43050,14964,15940
2019,1,14,49491,7060,41733,64899,92900,2019.16,1858,1526,2470,8052,10171,13084,12365
2019,1,15,84971,65448,78545,25534,24197,2019.16,3188,1942,4538,7909,91645,19194,11472
2019,1,16,40201,94625,9943,29487,99999,2019.16,4450,1690,1403,5078,47090,35654,2993
2019,1,17,81252,10301,92765,15074,58354,2019.16,2962,4675,4735,6507,85208,25284,19289
2019,1,18,44331,88397,1251,43869,96306,2019.16,694,1505,3871,9918,82343,15510,9248
2019,1,19,94299,43147,86063,70703,62033,2019.16,2708,3283,3453,5473,74708,18158,33154
2019,1,20,84762,62672,77834,85849,29179,2019.16,1132,4860,2790,9558,33728,30448,13043
2019,1,21,21631,65093,33306,41854,90047,2019.16,2075,1404,3795,8138,87751,20827,15650
2019,1,22,81292,60460,80464,41097,25933,2019.16,4255,1396,4194,7088,12894,13372,5172
2019,1,23,16483,24027,53233,84274,52762,2019.16,1073,1496,4757,8766,32596,41156,3314
2019,1,24,46380,94673,91854,5175,42811,2019.16,2354,1842,1415,9169,81549,32348,29605
2019,1,25,10693,40805,9394,44888,94246,2019.16,4611,1464,2666,8402,95000,15427,22288
2019,1,26,97510,92426,6171,98619,6805,2019.16,4774,3183,4790,6538,74710,17914,5119
2019,1,27,77584,33417,65758,34000,72586,2019.16,2699,4629,4463,8444,44516,48708,47308
2019,1,28,97085,69129,25789,59751,63325,2019.16,1529,2185,4566,7699,75803,36370,37141
2019,1,29,69170,81931,5906,18961,63558,2019.16,4264,2493,1562,8182,15698,19320,46968
2019,1,30,73682,56896,35303,94497,15340,2019.16,4557,3775,1222,5345,88525,44974,29819
2019,1,31,72486,80055,38512,2052,94106,2019.16,4773,3275,2597,7031,98587,42506,30668
2019,2,1,42852,50000,20735,69226,74196,2642.79,2906,1090,3060,7520,62782,16954,6407
2019,2,2,63313,91558,69530,98658,96436,2642.79,2494,1489,1448,9546,86947,16386,30857
2019,2,3,60672,50223,45336,37703,65162,2642.79,3053,3012,4193,5139,77238,28389,37843
2019,2,4,37898,36497,9480,45959,90252,2642.79,786,4915,1438,6070,68572,26606,38614
2019,2,5,83279,56068,69448,68999,61966,2642.79,1736,2636,2968,7072,76691,17954,22747
2019,2,6,84915,21097,12495,5460,86236,2642.79,3848,1966,3932,9680,86442,15536,6085
2019,2,7,98294,36632,35452,94817,89055,2642.79,1422,2332,2795,7222,41330,19070,20377
2019,2,8,29969,43068,93749,69290,6492,2642.79,3770,2757,2887,5242,13216,44122,36792
2019,2,9,25053,97066,34608,83986,6746,2642.79,873,1390,1570,5326,16207,29439,37402
2019,2,10,38053,87630,68124,30848,61204,2642.79,1959,2524,3873,8270,76813,25364,9455
2019,2,11,98852,50584,83122,6740,69553,2642.79,2213,4604,4754,8172,94941,16499,46338
2019,2,12,5575,60815,54243,95960,78492,2642.79,1750,1543,4430,9873,47391,35634,20450
2019,2,13,85680,65703,43159,54553,77763,2642.79,1268,1614,3258,5741,83353,22810,36324
2019,2,14,58432,16919,67416,68186,85092,2642.79,1037,1340,4523,5279,11934,18014,12357
2019,2,15,25729,94727,34558,16511,70952,2642.79,2144,1631,4003,6646,27535,41765,48301
2019,2,16,47978,90157,34732,51237,35898,2642.79,4046,1370,1355,7813,95218,36446,34437
2019,2,17,86523,12608,43464,26046,67887,2642.79,4059,4966,2517,9946,26476,28468,46440
2019,2,18,93270,94974,85100,73625,6628,2642.79,1741,1924,4143,6473,22193,10090,28988
2019,2,19,17262,62592,82074,68617,86758,2642.79,1414,4631,4898,9764,15676,24136,27292
2019,2,20,27669,76088,84103,85186,71056,2642.79,502,1362,3255,5858,54300,11235,26931
2019,2,21,60445,86043,32193,79588,68868,2642.79,980,1128,4680,6116,54745,36437,20738
2019,2,22,10345,76160,26069,243,57390,2642.79,4378,1409,4183,9674,86595,21591,8097
2019,2,23,18115,32954,18620,72723,64411,2642.79,3957,4855,3962,5012,20794,27829,22921
2019,2,24,53239,71775,13958,2919,4828,2642.79,708,1523,2566,7134,48117,10526,35055
2019,2,25,56226,38848,52717,6761,13680,2642.79,3351,3146,3616,6656,20868,12138,5664
2019,2,26,36244,71178,94235,11558,53679,2642.79,738,1916,3155,6047,26186,24334,31381
2019,2,27,71103,81895,55859,65021,80024,2642.79,1327,1248,4175,5395,59360,39206,20328
2019,2,28,41060,4065,37353,46028,67388,2642.79,822,3630,2101,9640,31539,15779,24573
2019,3,1,87278,39048,60529,73325,65235,1323.26,778,3480,3424,8630,59855,43752,1215
2019,3,2,74830,12456,52928,60226,71817,1323.26,2636,1770,1686,7336,43267,36762,42134
2019,3,3,79071,63250,48865,5063,94789,1323.26,2435,2065,1686,5936,71741,13102,30996
2019,3,4,24179,32521,81462,97603,74671,1323.26,2706,1714,1062,5134,26077,41940,41318
2019,3,5,19120,43714,17821,31310,7377,1323.26,4423,2798,1386,9639,15732,35476,27440
2019,3,6,80636,70297,17542,17031,9613,1323.26,3659,1206,3155,6472,64096,29177,39284
2019,3,7,74142,71804,95030,44267,48789,1323.26,1206,4259,1171,6214,31920,19630,21107
2019,3,8,97819,66345,7699,38508,82336,1323.26,3983,2970,3560,6130,96352,44524,31912
2019,3,9,97161,15012,94667,35316,47837,1323.26,4492,1977,3269,5874,66243,12058,25115
2019,3,10,13333,68803,12670,94505,89182,1323.26,756,1999,2286,9806,25506,19252,44591
2019,3,11,71719,15843,88945,6631,23720,1323.26,1154,1768,1660,5820,72546,14496,35297
2019,3,12,37287,53391,86474,557,29265,1323.26,3966,2597,2871,6570,53453,27052,19070
2019,3,13,2578,69210,30404,29864,25368,1323.26,837,2085,3104,9134,14890,11823,22263
2019,3,14,46430,71222,49055,79442,33394,1323.26,3937,1370,1342,6763,71236,36959,37953
2019,3,15,15833,203,95909,70056,41838,1323.26,2107,4415,4922,7510,90630,10289,49362
2019,3,16,16125,46468,73728,4229,7601,1323.26,2403,1558,1654,7809,49823,48409,43795
2019,3,17,35762,10114,69090,43457,56877,1323.26,840,4060,1879,6323,75467,15069,40326
2019,3,18,42037,72575,75837,76959,16437,1323.26,3599,2561,4286,7326,53141,12982,16467
2019,3,19,21122,85546,39973,86138,83355,1323.26,4546,1902,1261,9988,78924,39489,39797
2019,3,20,26666,59340,94902,83546,52015,1323.26,3614,4050,4294,6486,87360,42082,20369
2019,3,21,57269,40960,24644,2907,68287,1323.26,1145,4407,1034,9906,91896,29388,44138
2019,3,22,18618,92795,31209,34879,62783,1323.26,4367,1610,1656,9268,89345,37837,10133
2019,3,23,5989,4312,48240,65283,95114,1323.26,2365,3733,2911,8360,71640,11197,35600
2019,3,24,92498,44138,66957,88532,56607,1323.26,4272,1862,2998,5480,26454,47133,8853
2019,3,25,41966,67175,52934,27789,86443,1323.26,1978,3783,4293,6569,74065,40758,8631
2019,3,26,98522,31431,59492,91433,29792,1323.26,2629,3640,2972,5937,43524,30931,47484
2019,3,27,11142,27797,72508,79140,59629,1323.26,1272,1593,1135,5557,45734,18930,48962
2019,3,28,70540,44065,77714,49833,6986,1323.26,590,1022,1836,6434,96938,12056,18131
2019,3,29,80270,65920,697,88243,1857,1323.26,525,2997,3368,8032,16988,47997,44221
2019,3,30,73346,51114,65943,55834,46672,1323.26,4763,2210,2092,8828,83395,29078,11677
2019,3,31,3311,23986,84585,19224,56772,1323.26,1279,2041,3794,7934,41635,32003,47876
2019,4,1,27161,95001,30918,1545,19842,1418.27,4889,1920,4856,5846,33978,22885,28915
2019,4,2,71838,67541,61330,7018,50936,1418.27,666,1273,1344,9551,48044,39219,40408
2019,4,3,10832,1438,19366,9160,59425,1418.27,1707,2936,2721,5258,17950,32562,1369
2019,4,4,77891,95723,19870,22748,42797,1418.27,1984,4634,1388,6636,38003,22323,3848
2019,4,5,30074,48332,79949,71418,94236,1418.27,1988,1418,1574,5420,30577,10424,27994
2019,4,6,80427,82285,8144,93148,81262,1418.27,2061,4151,4698,7754,98250,17494,28977
2019,4,7,32131,10235,98481,53519,99901,1418.27,2194,4973,2519,8598,17742,11754,2837
2019,4,8,66488,61083,33173,12271,23788,1418.27,3829,4213,2386,8324,97360,20008,30102
2019,4,9,87301,55775,19151,28351,34058,1418.27,2197,1187,1386,7029,19706,10239,33754
2019,4,10,96218,61901,6565,13738,395,1418.27,992,1882,1582,5016,95504,25528,24307
2019,4,11,55118,29334,29742,33856,4010,1418.27,3854,2662,4228,9357,52364,33285,43455
2019,4,12,63111,64562,15825,23450,7944,1418.27,806,4160,3782,5924,17897,14177,35531
2019,4,13,47265,59742,97412,49005,51110,1418.27,884,2578,3600,5078,56434,42609,42916
2019,4,14,64081,66641,66624,79661,12350,1418.27,4297,1866,4901,5121,15261,15698,18989
2019,4,15,97005,31655,28358,10787,54612,1418.27,1315,3227,3699,8726,83584,12330,12607
2019,4,16,31642,74469,28740,86594,95095,1418.27,555,1062,3165,8742,55186,46867,1526
2019,4,17,31167,836,72327,47421,45958,1418.27,1616,2961,1196,9973,70099,13124,3940
2019,4,18,78933,11416,24785,17632,66494,1418.27,3792,3135,2837,8883,17430,44283,8369
2019,4,19,70409,46636,69811,54926,58815,1418.27,1792,1332,2184,7686,53752,18002,41349
2019,4,20,60763,41722,63807,96357,41695,1418.27,2913,1978,1672,8108,70962,44518,1062
2019,4,21,52419,94755,59006,51608,79990,1418.27,890,1618,1721,8238,21674,31887,10086
2019,4,22,73402,89820,88220,31938,30291,1418.27,2782,1052,1750,5890,15070,16192,8325
2019,4,23,83198,23026,95071,61223,67076,1418.27,740,1700,2138,9500,87452,23479,16033
2019,4,24,24831,49695,40229,47904,81748,1418.27,4790,1500,1721,8734,19789,48363,11903
2019,4,25,92687,72572,5769,9084,21864,1418.27,2174,1110,3906,8596,66282,15981,9529
2019,4,26,60981,72023,68179,38119,53120,1418.27,2949,2950,1676,8177,25853,19775,21983
2019,4,27,30081,71997,7628,98154,6359,1418.27,1517,4044,1339,8637,24479,38202,27417
2019,4,28,28166,91654,59616,77072,86603,1418.27,4404,2582,4272,7878,16494,33743,25898
2019,4,29,65917,30003,61694,3946,98181,1418.27,646,4612,2247,7700,42765,48605,3900
2019,4,30,91469,55635,14002,7809,74272,1418.27,2362,3789,1134,7938,12212,16735,38481
2019,5,1,37970,80671,94852,31904,82724,2071.84,4172,2725,1640,8117,10905,26891,28595
2019,5,2,74542,55518,69139,22242,14636,2071.84,3710,1106,1744,7870,44541,20224,17744
2019,5,3,233,63331,66710,38563,91895,2071.84,4141,4863,1898,7994,61767,13190,49798
2019,5,4,8939,92292,92268,65579,10409,2071.84,2469,4949,1654,7959,23543,39677,3174
2019,5,5,95703,37254,76300,93799,91476,2071.84,758,1707,1054,6882,46621,42416,20841
2019,5,6,29586,65763,38633,10053,96107,2071.84,4594,1750,2690,7474,86975,19450,1630
2019,5,7,1387,29446,20752,92782,73757,2071.84,2458,4459,4251,8757,79609,11462,10647
2019,5,8,95950,26337,13787,12824,39773,2071.84,1592,4357,2522,7478,95761,38628,10408
2019,5,9,76976,85356,60026,86018,83569,2071.84,944,1307,2798,5150,94088,16554,47002
2019,5,10,3218,92899,52366,33821,51657,2071.84,4547,3957,3311,6676,93133,14435,31976
2019,5,11,13741,14726,83793,72615,74950,2071.84,1243,3276,1260,5102,54293,14828,29554
2019,5,12,18270,76113,82488,27420,18683,2071.84,3974,3251,4474,6339,72072,37482,26576
2019,5,13,94667,11620,1440,69330,81305,2071.84,3764,1396,1308,7556,84011,19446,44573
2019,5,14,63462,95255,85227,44722,82875,2071.84,902,2496,1272,8389,44915,10806,39520
2019,5,15,84966,38890,88918,70792,1582,2071.84,3273,1247,1278,6064,65577,36616,27342
2019,5,16,20638,65694,98014,46287,33251,2071.84,3237,3063,3630,8463,74137,26504,32025
2019,5,17,4336,40,94001,19967,24781,2071.84,632,1097,4157,5902,96888,45738,5269
2019,5,18,53244,5162,8339,58557,31227,2071.84,1524,3215,1930,9537,30853,11134,40268
2019,5,19,57914,10443,34979,51544,75259,2071.84,4400,4593,4154,9514,99559,33934,9116
2019,5,20,10021,86545,60033,20531,62447,2071.84,2620,2041,3434,7310,90597,26012,23273
2019,5,21,47578,52123,94228,19891,28012,2071.84,1804,2277,1875,6782,53820,27133,41433
2019,5,22,85898,14573,6727,95052,85678,2071.84,686,1404,4181,6918,32579,37979,22638
2019,5,23,94995,65201,20022,89781,38863,2071.84,792,1440,1806,6371,22682,23456,26971
2019,5,24,67805,64487,25734,36032,41270,2071.84,3164,2166,1830,6242,38570,12507,45906
2019,5,25,25232,261,24557,34414,21983,2071.84,3744,3328,3688,8765,39461,27550,7137
2019,5,26,2089,71606,80343,97533,97978,2071.84,988,2133,2511,6156,18164,17570,3025
2019,5,27,75332,97681,35947,2162,83923,2071.84,4668,4153,1128,9224,59918,29462,40869
2019,5,28,12713,15016,79144,51401,90133,2071.84,3951,2220,1742,9293,89753,18182,18605
2019,5,29,28671,27094,3024,96182,6520,2071.84,4961,1850,1822,7259,11926,35493,37540
2019,5,30,64481,15032,44648,55609,70608,2071.84,1423,3320,1874,6918,51072,26065,20918
2019,5,31,15523,96376,18286,22084,22022,2071.84,2974,1392,1484,9426,46872,16016,24391
2019,6,1,68186,56206,35109,41797,56569,3329.63,1276,2951,1601,8237,58558,10102,20603
2019,6,2,96013,58231,4804,92931,25656,3329.63,4804,2030,1020,6488,44051,39896,30869
2019,6,3,6214,11095,57733,68564,57967,3329.63,3452,2503,3292,9912,84300,11212,32088
2019,6,4,90515,6929,49164,38468,1518,3329.63,986,2529,3656,8594,90459,24311,24074
2019,6,5,43010,15264,46342,24867,78504,3329.63,1114,1068,2839,8846,85983,42158,6746
2019,6,6,20934,70788,51014,25578,90701,3329.63,1789,2566,3594,9246,36034,10111,35314
2019,6,7,76379,43373,57642,75035,71866,3329.63,697,4874,1068,8182,56092,40923,14453
2019,6,8,85136,87208,91992,19328,92406,3329.63,1485,4691,1974,5006,55268,11638,44328
2019,6,9,14165,58411,69734,72759,10715,3329.63,4221,3444,1843,6438,94830,14862,22120
2019,6,10,87668,10528,84935,83736,72567,3329.63,1010,4053,4585,6012,93380,36991,41027
2019,6,11,77329,4866,66683,58796,83717,3329.63,4609,2880,1712,5622,86990,23779,38303
2019,6,12,22814,36212,27224,4657,59427,3329.63,3364,3445,2581,6606,63532,21499,22055
2019,6,13,678,54543,95554,45263,37544,3329.63,3605,1224,1278,5287,90019,43867,38934
2019,6,14,3591,20981,8100,16655,21676,3329.63,876,1690,2652,7657,81849,23430,45090
2019,6,15,89712,40214,86876,38645,99865,3329.63,606,1893,1301,8226,78507,25197,1662
2019,6,16,60983,77114,6422,87486,58753,3329.63,1352,2342,1062,9451,78997,38151,12793
2019,6,17,893,35783,48993,64898,3440,3329.63,3327,4502,2406,6250,48147,14518,30842
2019,6,18,58315,24644,20516,79617,96693,3329.63,4813,4026,2488,7586,61512,19990,49024
2019,6,19,90379,59217,13584,40503,65021,3329.63,502,1834,4714,8006,47161,14506,8933
2019,6,20,41192,35490,74009,28598,43397,3329.63,2220,1710,4502,9087,81326,42546,38508
2019,6,21,68111,52492,66574,60599,30078,3329.63,3191,1807,3653,8126,93662,35025,44438
2019,6,22,67059,38669,67291,28125,32667,3329.63,3982,3857,1292,5992,18806,19386,14452
2019,6,23,37851,51027,11400,33706,20115,3329.63,1251,4576,1569,9176,81527,16006,9078
2019,6,24,53614,9719,44807,73620,67845,3329.63,4996,1254,2136,9174,95730,26154,38469
2019,6,25,56739,4714,16364,23031,4057,3329.63,4071,3258,2548,7670,91963,22662,35170
2019,6,26,85900,18216,43591,47469,27392,3329.63,1819,2357,1187,6625,87328,19031,25118
2019,6,27,55094,62325,86638,48582,4612,3329.63,4735,2701,3433,7450,11846,14988,32369
2019,6,28,42620,49803,65748,45168,26625,3329.63,4181,2524,1862,7772,76344,19669,7712
2019,6,29,69242,48164,33379,20430,81141,3329.63,812,2585,3031,8802,18806,16006,20707
2019,6,30,41171,92254,81696,44604,16056,3329.63,3444,3675,3581,8392,20194,41557,48779
2019,7,1,4377,20434,84181,48501,13131,2132.32,4093,2645,3580,7062,58786,24287,20203
2019,7,2,26688,11372,73671,1842,28891,2132.32,3011,2495,1432,7942,53551,24489,27665
2019,7,3,72411,28579,39423,22954,48773,2132.32,1208,3148,1413,6990,18000,14543,30981
2019,7,4,51943,52095,42190,21876,39321,2132.32,2514,2359,1910,6184,84200,23940,17328
2019,7,5,80201,43564,27789,55912,47530,2132.32,810,1291,4917,6175,59245,17388,31340
2019,7,6,17156,6806,28191,84921,38546,2132.32,816,1840,1986,8724,28715,20309,12543
2019,7,7,41685,57582,52669,86735,43766,2132.32,2027,1298,1758,9640,12580,44314,36870
2019,7,8,2507,59333,96958,28776,45508,2132.32,3816,4014,4359,8358,63935,17905,6203
2019,7,9,10902,29752,41098,41890,70461,2132.32,3550,3496,3745,9822,15230,15478,19813
2019,7,10,34441,8610,44180,31225,29777,2132.32,538,3634,2443,5002,77409,44303,23112
2019,7,11,45051,81227,73318,24411,29585,2132.32,3667,1837,4707,9764,15079,20167,3605
2019,7,12,85929,43630,98664,29674,41201,2132.32,3535,1992,1726,8142,23217,34984,30247
2019,7,13,67178,15108,33619,15973,3956,2132.32,1627,1462,3606,9945,12250,18198,27381
2019,7,14,53550,64788,11381,69610,80904,2132.32,4776,3183,1440,8440,29208,43993,42812
2019,7,15,85039,79096,35986,40246,73162,2132.32,946,1690,1334,5200,89014,44617,9203
2019,7,16,2581,15643,76328,27539,31940,2132.32,3432,1982,3586,6164,55097,44489,32448
2019,7,17,68976,11227,44025,71769,66019,2132.32,761,1056,2327,7014,15316,41840,23233
2019,7,18,27302,49236,98531,34316,40788,2132.32,578,3367,4539,6478,87257,11894,3898
2019,7,19,4060,2042,53319,83999,28207,2132.32,3487,3533,1998,8864,85301,18364,24769
2019,7,20,62097,17415,85773,30777,85514,2132.32,3968,4166,4012,7499,63481,49799,43426
2019,7,21,7749,8766,59519,27288,46730,2132.32,1006,1588,1422,8435,34787,43375,46776
2019,7,22,89556,79627,6909,41902,84843,2132.32,540,3291,1962,9586,94067,11489,8563
2019,7,23,55816,83036,40656,14828,86887,2132.32,4627,4634,4254,8300,38273,42335,20489
2019,7,24,37274,33391,59477,2443,98179,2132.32,2169,2733,2006,5429,29635,25084,44264
2019,7,25,60344,6253,38376,86321,68643,2132.32,4161,1628,3182,9422,71988,11430,48795
2019,7,26,91658,2968,62408,37264,93466,2132.32,4599,2090,1722,9075,65884,14953,1372
2019,7,27,99692,78054,52687,6286,29835,2132.32,2721,1494,1278,9826,76498,12554,48674
2019,7,28,17596,7012,47082,65778,78181,2132.32,2198,1190,3389,9605,39805,31854,35422
2019,7,29,96638,85757,78945,47061,74833,2132.32,2013,1760,4233,8486,13512,19067,44829
2019,7,30,96078,11234,59246,17356,63683,2132.32,4979,2630,1866,7060,63407,19991,2096
2019,7,31,22483,96958,72534,77224,76563,2132.32,4077,4552,3095,8756,36612,39279,12340
2019,8,1,64979,80155,4787,62383,10019,2114.61,3459,1252,1616,8698,10358,17898,40206
2019,8,2,32147,98917,9710,35560,78677,2114.61,4393,1276,2234,6494,68548,14573,29702
2019,8,3,77046,58101,79022,81419,11065,2114.61,1971,1042,4807,8109,54776,24825,18301
2019,8,4,74667,13237,12430,40470,21756,2114.61,4720,1042,3984,8868,11634,15330,30069
2019,8,5,64131,96558,99647,32718,48174,2114.61,3642,1814,2646,5336,22988,14870,18195
2019,8,6,77317,86312,29754,58476,54421,2114.61,4652,1786,4117,8358,85908,17862,34530
2019,8,7,92151,60629,22479,37487,45059,2114.61,1499,1090,2552,9230,74609,11460,44643
2019,8,8,45692,88253,30945,88338,97268,2114.61,2047,1880,1596,8152,49410,11016,20285
2019,8,9,89035,99064,56456,19504,77498,2114.61,1728,2008,4344,9078,23485,30754,8717
2019,8,10,71553,84985,22648,29105,62482,2114.61,4830,4524,1860,8534,12861,15480,47257
2019,8,11,52411,71262,6416,9007,59414,2114.61,1375,3447,2593,9182,67951,15090,22179
2019,8,12,67899,56032,51090,3596,66590,2114.61,701,3141,2263,6706,67246,21096,40927
2019,8,13,36958,18429,95622,55170,555,2114.61,649,4316,1095,6844,78323,11028,24835
2019,8,14,65596,31051,20309,53189,40233,2114.61,4630,4483,1994,8314,28078,43583,4612
2019,8,15,9350,28780,98078,1613,68481,2114.61,2709,1778,3751,9374,76958,10662,15324
2019,8,16,9517,47609,69974,5613,57378,2114.61,2473,2972,4346,8276,92512,35931,48297
2019,8,17,35098,43495,60415,12092,45566,2114.61,675,4914,3623,7286,72879,16894,4845
2019,8,18,35428,61941,23893,35531,46623,2114.61,1187,2490,4811,5034,78102,22188,1714
2019,8,19,87162,71928,61513,82860,86062,2114.61,3790,1158,3870,5556,33249,25787,20377
2019,8,20,401,5277,47054,34025,91733,2114.61,2479,2159,3224,5458,79041,44846,19933
2019,8,21,9928,31581,17338,74739,54094,2114.61,3278,1254,3719,9590,40465,19780,11792
2019,8,22,45167,59257,7291,59037,54813,2114.61,1175,1565,3520,8228,21941,20252,6892
2019,8,23,18162,74421,13765,16386,83497,2114.61,2584,3423,1486,5122,84513,11183,9158
2019,8,24,39417,97792,68790,23136,72582,2114.61,4267,4099,4862,6557,18984,39675,9255
2019,8,25,89802,60663,27593,68322,58892,2114.61,3573,3404,1250,8689,26141,23802,49534
2019,8,26,77848,20078,17226,18586,31351,2114.61,1120,1544,1774,9828,10254,19294,1740
2019,8,27,40516,19523,38916,25379,52432,2114.61,1405,2232,1769,8997,26905,10710,14756
2019,8,28,58531,81832,10417,98836,50521,2114.61,2637,4719,2987,6215,79656,17382,2911
2019,8,29,74307,25777,91458,90189,57038,2114.61,1356,2553,2585,9014,22931,12748,18064
2019,8,30,31380,4337,64954,73149,29686,2114.61,674,3215,1654,6929,13638,40562,41860
2019,8,31,69840,42393,85283,42828,14960,2114.61,3517,4265,2067,5334,95805,14104,31291
2019,9,1,7163,78010,43328,73787,941,2979.63,1517,1628,1001,9340,67665,39212,49697
2019,9,2,1179,72233,29255,18109,75636,2979.63,2947,3027,1451,6262,32986,10994,19818
2019,9,3,10644,38604,76161,81970,50761,2979.63,1359,4274,4626,8374,64412,15422,6618
2019,9,4,97087,85930,89900,28088,80596,2979.63,2300,3125,4797,6554,16233,10874,7566
2019,9,5,82724,20534,39812,70527,67660,2979.63,4620,3303,4104,5780,60272,44865,39150
2019,9,6,72398,47984,85492,23377,95374,2979.63,600,2459,1676,5194,20547,32780,49905
2019,9,7,22760,87848,30907,52558,754,2979.63,4341,3477,4024,8230,54003,13542,13492
2019,9,8,36007,9976,46340,80112,25757,2979.63,1328,4505,1904,6819,37881,16320,22964
2019,9,9,43076,13177,75133,78910,94724,2979.63,3041,2482,4878,5299,86391,10246,45680
2019,9,10,38792,77086,84109,39168,7591,2979.63,2203,3596,1592,7094,40059,13104,4465
2019,9,11,76507,31388,37406,63806,24560,2979.63,1477,2634,1167,6466,62895,15890,41639
2019,9,12,17289,7290,49725,17167,82589,2979.63,2798,2731,3201,8258,76899,37143,36117
2019,9,13,89075,455,97092,69867,53998,2979.63,2765,1016,4890,6522,94308,18908,37152
2019,9,14,38162,40786,93437,75681,62396,2979.63,1570,1035,1324,7646,29554,28913,22684
2019,9,15,93763,47353,32997,23316,81963,2979.63,1810,2389,1702,7814,57255,30699,26248
2019,9,16,11054,66373,27555,95944,12896,2979.63,1745,2408,3999,5181,43088,15502,21863
2019,9,17,4217,51011,70135,542,8657,2979.63,806,3771,2040,8802,58438,45354,49689
2019,9,18,71403,35250,32744,98105,9152,2979.63,650,1702,2723,5428,32499,15830,6351
2019,9,19,60924,54245,69379,39923,85778,2979.63,4021,4994,1180,8320,13784,19374,28819
2019,9,20,83844,2694,39960,47236,47848,2979.63,3941,4249,3647,6770,33705,18310,48399
2019,9,21,64388,28861,95707,53463,51570,2979.63,874,2492,3802,9366,68767,34579,28206
2019,9,22,86333,99141,90926,82513,83296,2979.63,2349,3490,1857,7330,47077,31057,14165
2019,9,23,42059,56019,307,92058,14056,2979.63,1207,3443,4224,6540,31905,47146,34013
2019,9,24,91472,3691,59639,6626,44853,2979.63,2556,1185,1026,8482,13697,19802,44758
2019,9,25,12647,17399,43387,45857,61060,2979.63,1913,4469,1482,7152,27879,10537,40464
2019,9,26,93936,79087,55333,73161,58705,2979.63,622,1470,1866,6296,73152,17126,37239
2019,9,27,57407,80709,83318,17656,95543,2979.63,2552,4541,1540,7290,70397,16362,13368
2019,9,28,27755,13663,43999,90589,73586,2979.63,2477,2521,2315,5630,57033,26019,21878
2019,9,29,10049,93692,92547,17329,89988,2979.63,4460,3745,1407,5566,97753,41949,15699
2019,9,30,82498,75306,66491,29615,28948,2979.63,4143,3053,3253,8141,63641,13688,3240
2019,10,1,31120,24361,53686,53930,97746,2786.13,668,1436,3603,8028,97775,20654,46058
2019,10,2,83470,61522,33414,52600,75627,2786.13,838,2283,3205,9432,96230,27796,25363
2019,10,3,18855,69285,11051,33348,32926,2786.13,4717,1614,3601,9754,50677,12702,17890
2019,10,4,85812,31007,14135,90768,61368,2786.13,1421,4837,4782,9678,13788,15408,11910
2019,10,5,86549,48886,49044,61106,29949,2786.13,3902,1302,4558,9952,98501,13835,45275
2019,10,6,84194,34571,44233,92795,24325,2786.13,994,1488,3620,5978,17255,19987,11262
2019,10,7,74240,95029,64825,80375,89863,2786.13,2134,2762,3850,9494,53868,40150,28614
2019,10,8,56453,59123,55305,87363,59075,2786.13,1197,4619,4727,7154,68765,45403,20158
2019,10,9,23044,84258,71892,98016,46588,2786.13,3002,1662,1062,9179,17552,13490,5499
2019,10,10,94145,79688,99504,37995,90866,2786.13,4496,3669,3845,9800,51031,17114,19724
2019,10,11,86310,18581,63891,7389,46715,2786.13,2791,1109,3264,8350,84124,46203,49008
2019,10,12,46534,2127,33382,47061,17658,2786.13,638,1801,1252,6007,66147,37838,1880
2019,10,13,72083,10644,1508,928,26796,2786.13,1550,3104,3822,7198,36844,17462,18891
2019,10,14,50800,89637,52998,416,47024,2786.13,2970,3556,1210,6352,56968,23257,37122
2019,10,15,97287,43474,85060,27908,29481,2786.13,745,1563,3202,7218,18842,10004,1207
2019,10,16,52495,56746,18103,72669,74890,2786.13,3205,1388,1878,5118,42456,24309,21299
2019,10,17,29677,55428,34219,1629,1780,2786.13,4885,4065,1011,6296,43324,46844,7539
2019,10,18,43856,25422,98408,22058,9026,2786.13,2054,2871,1414,6062,66891,15236,33602
2019,10,19,32808,90097,7278,10094,82652,2786.13,4403,3679,1512,9956,30307,39643,16086
2019,10,20,92512,21545,55061,43524,97842,2786.13,1719,3048,1326,5126,80105,49182,48385
2019,10,21,5080,7160,43406,95427,85021,2786.13,2014,2827,1745,5214,44272,15748,10298
2019,10,22,66729,95028,60780,88242,80001,2786.13,4236,2512,3983,9297,32387,43176,7439
2019,10,23,14034,89107,1225,54192,60585,2786.13,3373,1336,1192,6272,77441,12434,47682
2019,10,24,89781,54456,40392,22878,55099,2786.13,3626,3179,4691,9405,42772,19394,34665
2019,10,25,6845,87009,48557,52180,86306,2786.13,1707,1386,1401,5872,54530,13337,30944
2019,10,26,26965,74256,29001,48157,53739,2786.13,4369,3518,2249,9530,66396,48700,6443
2019,10,27,95777,21375,86880,91821,37132,2786.13,1512,1338,3011,6420,12506,19317,29652
2019,10,28,13716,24214,36009,117,53497,2786.13,3453,1870,1145,8805,44969,34884,6891
2019,10,29,31600,99339,94755,25202,10451,2786.13,3901,1227,3876,7132,14399,18950,27503
2019,10,30,23136,65912,12688,56147,98684,2786.13,1815,2398,2111,7823,12514,15750,41547
2019,10,31,34714,92320,48773,32212,17477,2786.13,3447,4076,4431,9116,74277,19882,43742
2019,11,1,64531,42462,87285,58015,56861,2401.87,1149,4123,3684,7304,37806,26582,39645
2019,11,2,45464,50205,25046,89639,79071,2401.87,704,2741,1566,5840,10444,35871,27006
2019,11,3,72715,54294,45304,67268,44923,2401.87,4323,4452,3998,5930,67466,30858,15186
2019,11,4,98957,64968,36334,83993,18616,2401.87,574,4078,1400,5620,70068,19765,24140
2019,11,5,28978,10773,7507,54756,83688,2401.87,1979,1401,3369,9158,40021,28291,12724
2019,11,6,33820,79345,37745,57818,38657,2401.87,582,2613,1530,5470,21605,21497,21563
2019,11,7,65500,48533,85576,6195,84153,2401.87,2311,3129,2768,9817,84237,32807,21996
2019,11,8,78893,91217,55562,62262,59851,2401.87,553,3669,4926,9308,51486,29935,45583
2019,11,9,66212,6514,67549,69094,14226,2401.87,590,4724,1586,5044,18230,18194,5506
2019,11,10,64514,60934,84024,47282,10751,2401.87,1440,1998,2180,8034,68256,16310,34613
2019,11,11,97584,75162,45700,88863,19811,2401.87,3797,2373,1402,5404,71467,10182,13538
2019,11,12,8203,62058,46704,78593,70928,2401.87,4485,1790,4906,9860,99073,37008,48974
2019,11,13,50825,45514,43003,43005,47516,2401.87,1386,1718,2771,7085,33960,38933,27611
2019,11,14,86975,69110,41308,23377,71807,2401.87,720,1361,1183,7058,91305,28462,12775
2019,11,15,2384,40791,13903,28642,7004,2401.87,2001,2827,4841,5004,13462,38708,29328
2019,11,16,68967,28571,159,71739,85657,2401.87,2023,3982,4580,8330,28711,41387,1918
2019,11,17,97457,19067,4101,4993,56126,2401.87,3454,4860,2547,7428,14038,19110,45406
2019,11,18,43037,85504,33731,34230,26860,2401.87,2937,2178,4484,9448,83916,31492,1840
2019,11,19,39920,27292,70476,59500,95623,2401.87,2238,3078,4604,5382,14422,14172,49187
2019,11,20,83096,97878,81943,35644,11587,2401.87,1545,1958,2299,5275,10418,30511,35445
2019,11,21,96190,94494,42690,75675,83942,2401.87,2166,1766,1022,7641,99712,15870,42958
2019,11,22,43180,83303,75302,94137,70994,2401.87,1217,4088,3952,6328,12176,31890,6076
2019,11,23,84956,17630,2866,72256,62905,2401.87,4118,4094,1094,7258,51120,19208,24422
2019,11,24,4765,8287,59421,91365,52281,2401.87,2235,1811,1182,8888,11904,46132,25485
2019,11,25,54964,7166,16573,75269,6677,2401.87,2158,1632,1637,6375,80239,19541,22657
2019,11,26,67149,99358,94988,2416,77517,2401.87,2975,2280,1502,7504,73644,39378,46108
2019,11,27,89233,47232,51190,80724,12472,2401.87,3207,2435,1318,9779,59055,37330,23490
2019,11,28,98788,82566,95315,55425,8942,2401.87,1318,2441,1262,5324,94856,18778,25554
2019,11,29,48766,49184,67411,35864,62932,2401.87,994,3515,1990,6430,49238,33462,7408
2019,11,30,16272,92446,17250,96926,68577,2401.87,608,2364,3869,9126,39140,34162,26305
2019,12,1,30459,76605,95443,33117,87813,2833.16,3233,3348,2983,7318,16279,21742,30574
2019,12,2,25690,84795,42734,68472,34033,2833.16,4743,2829,4796,8020,11405,19686,42548
2019,12,3,14981,95122,77674,27256,34263,2833.16,1435,1072,4792,6877,30540,17922,11837
2019,12,4,7451,45126,12305,71787,95574,2833.16,4880,1262,4729,5236,12182,30113,44936
2019,12,5,61513,90830,22943,71309,88850,2833.16,966,1526,1652,7786,47437,30083,1412
2019,12,6,45975,78873,77509,17119,22102,2833.16,2426,1818,4526,9472,34042,15099,24401
2019,12,7,49667,43923,2715,95749,12889,2833.16,2213,4400,4629,6062,62061,19350,8801
2019,12,8,82209,52174,25013,28030,36312,2833.16,4465,3637,4025,8325,15755,12264,38802
2019,12,9,42726,24535,68384,12252,29266,2833.16,2351,1162,2699,9590,14776,25587,2426
2019,12,10,5218,99598,49989,4847,31106,2833.16,1028,3313,1158,7393,57694,33238,28402
2019,12,11,72547,82160,31876,56573,485,2833.16,4051,4562,3517,7434,71813,34134,13984
2019,12,12,66212,65517,45770,28911,45582,2833.16,4498,2150,4102,6774,88348,16559,19506
2019,12,13,99240,14378,46225,96166,98123,2833.16,4403,1346,2430,7631,43592,19266,3919
2019,12,14,57967,22644,78829,62836,70078,2833.16,3321,1288,2510,9090,81551,44444,16995
2019,12,15,44948,86050,61595,14050,73240,2833.16,1960,2478,1354,6378,68643,45146,49944
2019,12,16,13456,14400,65815,32238,8383,2833.16,2855,1348,3402,6082,45535,34832,25760
2019,12,17,30031,58857,87473,78893,34299,2833.16,3336,4246,1424,9872,19304,44663,19024
2019,12,18,1227,72961,17142,81899,82497,2833.16,2044,2303,1536,9210,44540,24918,2138
2019,12,19,84970,28749,7619,49725,8137,2833.16,4556,3166,3361,8380,33410,29011,3154
2019,12,20,57405,6748,58258,45181,58031,2833.16,4844,4256,2217,6684,57506,39713,34258
2019,12,21,25475,50903,52018,58363,10113,2833.16,3280,1434,3009,7250,77510,16145,12910
2019,12,22,76756,78419,20664,5117,66799,2833.16,4128,1118,1652,8737,85735,18851,4075
2019,12,23,59347,91932,94460,16564,15269,2833.16,2629,2095,2867,8054,15457,29331,1966
2019,12,24,53908,15091,57118,28270,22341,2833.16,4414,4096,3045,5078,20564,46196,34628
2019,12,25,69153,21045,53103,29974,79783,2833.16,734,4128,2120,9635,72044,28741,5190
2019,12,26,11601,61026,35837,30820,2024,2833.16,630,2282,1383,7250,17942,10162,1294
2019,12,27,68248,94967,4173,97646,10045,2833.16,802,1106,1572,6600,25521,41915,24737
2019,12,28,18486,7050,97396,81958,66685,2833.16,698,4636,1816,6534,41807,48839,35792
2019,12,29,64181,1958,37475,30564,51930,2833.16,639,1486,1400,6163,34174,42091,4378
2019,12,30,97253,44368,87640,59386,24015,2833.16,2652,2499,1561,5047,24457,13010,13161
2019,12,31,840,1508,14234,47656,98043,2833.16,2847,3574,4350,6673,25489,26279,6041
2020,1,1,77482,62809,86747,33645,96983,1358.39,2248,1349,1477,6633,65364,45989,28838
2020,1,2,24286,24216,32552,55686,65025,1358.39,2876,1532,1382,8646,80926,22422,2149
2020,1,3,49731,59501,13125,32756,84990,1358.39,662,2470,2212,6904,12467,49195,39405
2020,1,4,52094,76068,56897,34923,82702,1358.39,2264,3338,4180,6167,95375,44204,38613
2020,1,5,48316,68252,27089,31050,5136,1358.39,4824,1217,3866,5906,15922,35208,8015
2020,1,6,22353,74132,64031,24566,47388,1358.39,966,1674,2565,6730,50755,13014,26498
2020,1,7,51974,14372,91309,31154,10539,1358.39,1709,1710,4935,8798,22607,26422,36685
2020,1,8,43165,92432,47641,27032,75380,1358.39,2239,4084,2096,6269,55001,39483,1614
2020,1,9,69120,11466,5316,38037,24826,1358.39,1006,3150,1793,7314,24303,13683,22423
2020,1,10,351,32366,88890,55287,51164,1358.39,1708,4327,1146,5700,37710,12010,11497
2020,1,11,47314,49950,26095,89410,42572,1358.39,1006,3042,3912,6912,66078,33738,47448
2020,1,12,89335,72085,26889,92481,85751,1358.39,1163,1101,4909,5646,57739,17424,17545
2020,1,13,22901,5800,78104,59532,1501,1358.39,1542,1390,2115,7986,54575,24686,15815
2020,1,14,11437,66172,52729,20349,83084,1358.39,886,3770,3594,7368,81250,18700,35159
2020,1,15,97576,87414,95447,13837,98819,1358.39,1260,3070,1374,9363,97602,43188,19538
2020,1,16,91530,85497,58355,73646,99485,1358.39,4683,1850,1838,7538,47621,44888,29282
2020,1,17,18923,34412,83659,42518,48091,1358.39,3214,2017,3673,5622,75853,33843,14909
2020,1,18,49550,57114,38267,24886,32830,1358.39,3074,4358,2716,5570,14355,37200,2221
2020,1,19,22062,29040,48122,17514,12804,1358.39,2401,1725,1505,9674,90594,10948,12095
2020,1,20,93672,58809,72966,62346,38821,1358.39,2540,4721,2284,6518,45959,21465,48820
2020,1,21,53027,64034,12177,90743,73166,1358.39,2943,1878,1150,9694,29091,18373,26532
2020,1,22,4511,57846,16452,67368,70257,1358.39,3315,3928,3558,5154,42625,37378,23398
2020,1,23,16453,5166,58453,38737,5973,1358.39,1554,3998,4796,8730,66093,15932,4412
2020,1,24,65262,94037,53188,37185,2805,1358.39,1909,3666,1054,8360,91033,10380,32279
2020,1,25,78111,69350,90661,76669,36983,1358.39,806,3434,3450,8850,17054,44422,33286
2020,1,26,93262,35077,19774,78058,73807,1358.39,1018,1710,1254,5557,92604,15410,35867
2020,1,27,87837,14514,39077,44312,69227,1358.39,1043,3688,1630,6842,40356,11198,46462
2020,1,28,11341,70755,22579,49792,59606,1358.39,565,2866,1177,6690,47276,39984,31102
2020,1,29,32557,83295,11757,45163,88853,1358.39,1924,3040,1870,6000,37351,20803,4361
2020,1,30,62463,24748,84492,94625,86451,1358.39,3769,4143,1954,5408,63934,37911,41200
2020,1,31,33801,90852,40778,99979,37543,1358.39,1314,1450,2700,8070,47965,42904,4406
2020,2,1,24890,2297,40360,57243,56000,3061.45,1056,1502,2006,7032,83549,19558,27516
2020,2,2,10802,97693,31513,13502,77979,3061.45,3653,3829,1552,7272,22723,30958,19424
2020,2,3,36298,9175,85011,20720,73492,3061.45,853,3380,2914,6213,71974,18913,44267
2020,2,4,43729,8031,49661,22087,55064,3061.45,1644,2216,2253,6322,12069,41583,49562
2020,2,5,8932,75724,10413,1837,55707,3061.45,2794,2004,1526,8322,29075,48505,49489
2020,2,6,94775,54930,63238,7689,21143,3061.45,1601,1222,3242,5236,13262,14657,35213
2020,2,7,92175,44954,96875,55780,34462,3061.45,2362,4745,4666,8264,61581,13460,8944
2020,2,8,73616,60728,65082,48630,44884,3061.45,2134,4657,4085,6086,47345,36579,44157
2020,2,9,11936,40299,67802,55179,82913,3061.45,4835,1526,2415,6132,47218,33228,21111
2020,2,10,92006,44581,42974,93024,68708,3061.45,1100,2322,1154,9518,14616,26516,4555
2020,2,11,25339,4438,82526,74424,81162,3061.45,1003,4448,1422,8804,64626,19433,29871
2020,2,12,16267,50815,44520,48682,50228,3061.45,3262,3584,2670,9950,51608,37729,8090
2020,2,13,12143,17709,96405,93776,65243,3061.45,594,1170,3145,9169,81355,11326,3708
2020,2,14,49041,58711,15107,35562,87516,3061.45,4994,1134,3251,5865,85167,29830,46086
2020,2,15,73956,33430,88416,42978,41017,3061.45,706,3158,1770,7110,46934,11364,6376
2020,2,16,80819,83579,46258,5316,19100,3061.45,2325,3139,1323,8783,20052,40190,27614
2020,2,17,71221,41399,26677,50824,23617,3061.45,654,3923,1624,9069,56900,10590,11844
2020,2,18,25445,53959,55800,15880,47422,3061.45,1557,4591,4015,8342,66258,38114,19086
2020,2,19,78132,93584,22607,64456,68719,3061.45,997,1291,1761,7673,14238,40377,9011
2020,2,20,25869,87769,54301,87493,73190,3061.45,1485,4985,1510,8636,30865,45283,27553
2020,2,21,14074,18775,89875,33089,69293,3061.45,2554,2424,1067,6512,28231,18358,6133
2020,2,22,1876,99229,7430,18637,13255,3061.45,4013,1926,3664,9665,59319,16420,14544
2020,2,23,57218,65805,23192,55080,44441,3061.45,736,3513,4182,7894,15916,24826,20409
2020,2,24,62723,11860,22251,28790,54725,3061.45,1279,1599,1062,7426,75235,45668,1958
2020,2,25,34605,50601,51143,69621,80266,3061.45,2825,3834,2617,8198,17836,37057,10462
2020,2,26,71425,9277,95571,76959,15867,3061.45,1785,3588,1735,8080,23729,36459,19876
2020,2,27,40870,20010,43059,23284,40070,3061.45,3951,4673,1597,6445,44293,31862,34646
2020,2,28,13260,22120,35697,5877,39488,3061.45,4286,1834,1974,9734,16918,19718,10962
2020,2,29,91085,72360,81045,22820,62748,3061.45,4278,3616,2486,8688,26899,47556,21126
2020,3,1,62203,72230,21283,65000,16524,2540.97,4610,4994,1606,7942,94481,16153,3145
2020,3,2,76126,21746,2744,47334,25969,2540.97,3417,3327,3947,9958,61074,40073,21552
2020,3,3,86867,81043,97560,71907,24294,2540.97,1591,2847,3697,5756,67847,14710,45116
2020,3,4,32370,62458,71567,3914,79297,2540.97,1419,1714,4145,5514,11050,46465,16048
2020,3,5,77067,57525,61145,96014,35114,2540.97,1086,1979,4613,9998,10238,10259,22220
2020,3,6,61466,1830,63107,45163,31056,2540.97,1734,3424,4763,6610,83690,10832,30954
2020,3,7,15701,20110,60834,19846,75624,2540.97,1310,2689,2464,7454,65055,22577,29941
2020,3,8,66026,17494,10910,1992,67492,2540.97,2250,3957,4328,6862,74119,36735,37500
2020,3,9,72663,52207,66513,98778,85507,2540.97,4188,2558,1274,5522,37403,12286,1694
2020,3,10,61314,20066,31329,15131,63873,2540.97,4059,1249,3876,5310,64592,31368,46384
2020,3,11,68820,26843,26678,24501,84904,2540.97,2587,2565,4354,8208,72694,21213,17149
2020,3,12,44302,93235,88772,30965,74609,2540.97,3251,2273,2592,9168,83755,42816,42528
2020,3,13,20963,4168,5419,51191,35488,2540.97,3910,1328,3205,5587,61511,48108,20011
2020,3,14,92737,89099,72026,78443,83199,2540.97,4655,3851,4305,8427,74816,45265,11072
2020,3,15,80955,84420,13892,59899,8999,2540.97,4067,1312,1813,8980,97502,14642,47647
2020,3,16,10848,46414,90665,40405,38353,2540.97,3512,2440,2625,6889,25883,40823,2176
2020,3,17,87961,91891,84676,58619,46670,2540.97,3883,2623,1078,7774,15526,35612,25844
2020,3,18,31774,22942,48277,49939,63779,2540.97,3591,4625,3543,9862,15030,13248,12131
2020,3,19,62783,69895,27041,20409,13137,2540.97,2583,2448,1166,8610,76066,15680,19276
2020,3,20,70806,96303,51812,47420,30429,2540.97,3031,2201,4978,5258,12140,25108,22038
2020,3,21,43439,32084,49734,68334,42692,2540.97,2933,1825,2362,9958,58585,30498,31116
2020,3,22,44250,52522,97947,5416,47484,2540.97,4603,3289,1667,7766,65708,17095,40366
2020,3,23,69804,15093,95650,64782,96400,2540.97,4889,1189,1224,5974,40875,15267,24142
2020,3,24,3443,88809,53446,70805,80135,2540.97,1302,4384,2255,5600,46151,44739,28383
2020,3,25,55966,92107,63029,42633,89873,2540.97,1080,4675,1510,6946,40808,22932,45089
2020,3,26,95871,97050,29122,68447,3025,2540.97,598,2818,1509,9863,93622,21643,36349
2020,3,27,98246,61277,12380,95502,26877,2540.97,1592,2842,1284,5972,41826,40510,8532
2020,3,28,81061,17907,186,57594,5988,2540.97,525,1857,4395,5998,86656,23771,7347
2020,3,29,62348,86723,96590,70209,56586,2540.97,1851,1182,2839,8472,83035,44716,6564
2020,3,30,29115,55980,93911,79752,91952,2540.97,1613,3012,4995,6312,30605,42334,2089
2020,3,31,10498,77483,10545,64893,53481,2540.97,822,2179,1126,6450,19166,23211,47201
2020,4,1,60592,60746,42361,14823,43782,1938.97,586,4760,2338,6262,91712,49427,3429
2020,4,2,76654,81077,85775,29805,28034,1938.97,1653,1867,3652,7897,75347,17702,28109
2020,4,3,92914,23880,2479,60872,42619,1938.97,794,3209,1435,7752,34383,46568,25690
2020,4,4,31182,94672,12681,94872,51064,1938.97,4298,4068,3172,6424,73872,46205,20745
2020,4,5,90886,46878,68073,95890,84775,1938.97,3094,2688,1654,9302,38559,42621,9773
2020,4,6,92615,90304,62184,45402,68056,1938.97,3321,4236,3942,8078,94108,25005,12919
2020,4,7,91747,4759,19074,9919,17536,1938.97,2476,3420,1174,6900,17266,40948,9298
2020,4,8,33025,2404,34989,33028,19329,1938.97,2001,3294,1686,8378,90047,14610,39900
2020,4,9,83455,48369,63847,7397,19370,1938.97,2401,2467,1698,7826,37386,12952,24307
2020,4,10,27124,26215,37725,99650,83115,1938.97,1950,1139,2141,7782,65518,46469,8386
2020,4,11,98191,57520,41116,94745,28056,1938.97,4354,1510,4530,9553,35258,15251,31163
2020,4,12,30212,17661,42720,25629,35487,1938.97,4932,3962,1319,5322,78611,11580,30106
2020,4,13,67395,51914,21925,44536,60205,1938.97,1004,3394,1314,8471,69490,11454,3796
2020,4,14,29634,28846,17233,25516,84751,1938.97,766,4961,1502,9837,56942,38341,2491
2020,4,15,96295,11875,33656,18966,20884,1938.97,4751,3277,1074,6064,32812,40736,28619
2020,4,16,66823,90169,15483,44490,4992,1938.97,874,4624,1422,7443,76491,14919,34973
2020,4,17,36286,33610,29882,39141,33448,1938.97,2481,1093,1878,9158,65059,18342,3176
2020,4,18,39755,6163,56914,36639,69190,1938.97,2374,1012,1245,5722,96853,19926,6078
2020,4,19,94182,47065,52213,24351,14508,1938.97,4270,2144,1718,5503,12578,28464,45056
2020,4,20,5031,118,90910,20080,27606,1938.97,3716,3712,2130,5629,20350,47672,5969
2020,4,21,68060,14078,37,64305,6934,1938.97,1893,2466,3953,7462,41817,24812,46890
2020,4,22,11866,97440,41957,6883,99295,1938.97,1698,4324,4710,5224,40755,17346,14594
2020,4,23,14929,29472,92381,77059,91454,1938.97,4730,4512,1807,9542,40168,13174,12731
2020,4,24,21656,38414,67560,81961,5224,1938.97,1772,2088,3167,8729,23970,22461,25729
2020,4,25,79675,92021,43138,44385,34628,1938.97,3052,4555,4716,7166,42966,37521,33894
2020,4,26,74516,84049,97034,17675,8816,1938.97,4119,1822,3319,6746,28783,13542,3555
2020,4,27,93760,85556,46983,16928,637,1938.97,740,1270,4324,8878,41047,13952,20953
2020,4,28,82772,10452,79860,28840,72237,1938.97,1361,3103,3226,9746,97129,48393,39178
2020,4,29,49653,81250,11568,57973,49281,1938.97,1514,3039,2258,8497,59966,18502,40351
2020,4,30,5802,32060,55910,1479,30938,1938.97,1782,1110,3759,6594,58899,45995,46957
2020,5,1,41613,59099,90398,21360,56229,2166.81,1011,3829,1458,8983,12466,14130,38791
2020,5,2,16851,46149,65671,51700,22468,2166.81,3852,4526,1660,5330,85463,44133,24917
2020,5,3,7113,31876,17894,35107,7127,2166.81,2277,3739,4339,5358,70098,11919,13889
2020,5,4,47817,57462,15749,14526,2798,2166.81,2937,2008,1357,7224,87698,15326,35210
2020,5,5,44877,77903,74703,25702,53234,2166.81,4835,1697,3392,8170,11803,15519,10166
2020,5,6,67969,30433,64259,73660,39459,2166.81,1930,2274,3169,8070,18152,27318,1428
2020,5,7,19240,56090,63318,16950,76050,2166.81,2125,1860,1110,7342,46626,14855,17368
2020,5,8,88346,82814,91553,96739,36894,2166.81,2257,1214,1190,5744,94873,39599,19709
2020,5,9,43576,63157,93226,68097,47187,2166.81,840,1426,3819,8732,83375,19746,11378
2020,5,10,26101,36853,97146,87723,48681,2166.81,2577,2026,2937,8268,50116,46182,43772
2020,5,11,30190,78726,17397,80331,71593,2166.81,1281,1519,1778,9506,99615,10642,28623
2020,5,12,7237,11383,21743,7408,70116,2166.81,2275,2567,3322,8850,19126,23354,21470
2020,5,13,24544,19219,60381,83833,29700,2166.81,790,4889,1156,7536,56571,43517,26849
2020,5,14,58738,42853,25037,66868,38711,2166.81,2184,1902,2386,7862,53353,38853,24653
2020,5,15,81749,36981,51421,56423,17753,2166.81,4776,3648,2279,5334,42480,33331,18062
2020,5,16,83358,38848,93221,88932,52612,2166.81,2448,2700,3995,7485,94568,47705,16144
2020,5,17,48490,16753,10005,876,77031,2166.81,4729,3778,3042,7501,15200,12854,29710
2020,5,18,91916,94978,9443,95547,51487,2166.81,3877,4843,3474,8449,40126,42437,18276
2020,5,19,4593,22576,20139,29940,46413,2166.81,3997,1253,2810,8012,12128,24840,14707
2020,5,20,63,68210,99972,33105,92064,2166.81,512,3978,2852,6045,79524,44338,31524
2020,5,21,94321,8403,45535,34148,63204,2166.81,1584,2796,1888,6722,97735,37351,2013
2020,5,22,77781,91733,98605,25591,12086,2166.81,872,2148,1646,6582,61604,14866,27086
2020,5,23,98278,61856,4040,41131,87902,2166.81,1820,3573,3318,7422,32720,21521,33565
2020,5,24,15720,75658,55670,56659,22380,2166.81,734,1350,1489,8966,25750,39927,3406
2020,5,25,2404,92534,18428,30403,59288,2166.81,936,2565,3239,9016,98695,12492,30032
2020,5,26,54420,50516,77418,62738,80575,2166.81,610,1293,2147,6280,52951,40878,26491
2020,5,27,76038,13314,41039,53879,88633,2166.81,3805,2387,2026,8584,37789,10582,33142
2020,5,28,74969,4606,25232,33208,59109,2166.81,2051,3527,1596,9468,92616,21367,23927
2020,5,29,32311,43227,84013,34458,65859,2166.81,682,3247,1629,5462,12126,21613,3317
2020,5,30,32220,72284,95354,24247,67221,2166.81,560,2188,4099,7143,91747,13207,49495
2020,5,31,41070,20151,26735,48215,9619,2166.81,934,3281,3929,9946,92738,11139,35703
2020,6,1,84427,19388,56245,17154,47866,2442.07,724,1500,4562,9970,14910,39057,44210
2020,6,2,81883,45909,59509,99026,54008,2442.07,1446,4157,1614,8174,17654,12110,22717
2020,6,3,56948,58410,46787,93246,67500,2442.07,2860,1926,3664,5456,85431,41529,7926
2020,6,4,99666,51156,28031,55581,57479,2442.07,989,4360,4011,8102,54738,48018,31751
2020,6,5,9566,11185,22177,25369,32198,2442.07,3225,1002,1436,5366,15094,48212,22305
2020,6,6,64289,97955,16491,7954,69763,2442.07,834,1568,4429,7738,41359,26907,1922
2020,6,7,91968,18701,82620,85979,55551,2442.07,3996,1990,4894,5058,13680,47091,37358
2020,6,8,94829,61,18941,91894,56424,2442.07,1458,1434,3340,5906,28665,18102,34035
2020,6,9,91223,44500,3882,60652,4717,2442.07,3910,1683,1202,6529,99013,17630,11594
2020,6,10,23888,33010,17312,88782,21887,2442.07,2224,1714,1128,7516,24960,46982,40499
2020,6,11,71551,81419,34047,36243,54367,2442.07,4344,1186,3563,8226,12488,44631,12712
2020,6,12,36172,10150,41315,32817,13032,2442.07,694,1918,1040,8675,42051,27926,6680
2020,6,13,59174,60628,60994,16085,98145,2442.07,3067,1046,2371,7113,22289,21737,35954
2020,6,14,26178,76634,83679,66093,51212,2442.07,723,2382,2771,8389,36551,45802,6270
2020,6,15,41421,21564,82721,47461,56591,2442.07,784,1536,1750,6380,48200,16246,41124
2020,6,16,22334,61268,2294,6057,24733,2442.07,4145,2261,2567,7823,49705,18779,24583
2020,6,17,34094,76781,72514,66865,61522,2442.07,2666,2941,1979,6982,50402,14306,9065
2020,6,18,69214,25790,35686,87316,78522,2442.07,3562,2206,1504,5855,39614,10382,33886
2020,6,19,30438,83760,86203,48005,27936,2442.07,3135,3380,2688,5649,45244,24209,35908
2020,6,20,31066,74263,93504,78046,2353,2442.07,2966,2917,1046,7312,75232,30919,43906
2020,6,21,33889,78795,98126,95393,84650,2442.07,4333,1526,2850,8710,79443,15785,37740
2020,6,22,36443,12579,44166,65483,34580,2442.07,4692,1300,1375,6400,60042,48727,5762
2020,6,23,93453,58009,86645,79499,8013,2442.07,1769,1900,2023,9798,53645,41673,28230
2020,6,24,28986,67979,73112,83188,68514,2442.07,3973,4955,1485,9490,70438,16064,2555
2020,6,25,15253,26483,98062,27980,76030,2442.07,3059,1676,2464,6055,81683,13666,8104
2020,6,26,24285,58453,98729,81309,33347,2442.07,2981,3683,1703,6092,61870,21568,18726
2020,6,27,65000,27196,42877,46485,53039,2442.07,2548,4642,1148,9910,12621,48529,29667
2020,6,28,35066,55681,34363,83882,1737,2442.07,709,1020,4497,5790,23680,24195,16046
2020,6,29,24516,46662,19231,77572,59107,2442.07,4139,4105,1000,8090,70589,44038,47453
2020,6,30,71682,49490,78681,44182,26452,2442.07,2710,2869,1982,6858,61750,15070,41302
2020,7,1,2461,7443,50319,58251,31124,1918.35,4117,2784,1670,6688,36890,15106,40866
2020,7,2,75829,77348,48549,17844,64289,1918.35,877,3778,2618,8694,56581,28919,8939
2020,7,3,59122,34451,92254,2546,96202,1918.35,3367,1462,4766,8685,89615,45889,7324
2020,7,4,19552,88733,90026,45999,81774,1918.35,4898,2601,1240,9606,91796,34904,43269
2020,7,5,93737,97674,15035,31355,64085,1918.35,1626,3205,1066,8879,25750,18619,21616
2020,7,6,42556,4118,49985,7322,49156,1918.35,4562,1078,4683,5939,31056,26456,39600
2020,7,7,69208,956,410,6176,35754,1918.35,2431,1694,2583,8817,77196,36667,8559
2020,7,8,10433,53823,9873,32851,39055,1918.35,2821,1609,2444,7805,10574,21599,1976
2020,7,9,73757,24845,6658,34793,67136,1918.35,2600,2695,1974,8734,58870,14262,37715
2020,7,10,2921,82654,52969,25504,21471,1918.35,2171,1902,1386,8395,81105,39393,30166
2020,7,11,90371,48927,21003,62816,83085,1918.35,766,3192,2480,7424,24336,34616,26285
2020,7,12,61491,1938,87312,32864,96300,1918.35,4989,4219,1538,5926,41074,33008,12534
2020,7,13,39476,53246,31263,56167,91642,1918.35,560,3363,2646,5838,77530,27082,12368
2020,7,14,59200,78298,66627,43032,2074,1918.35,3999,3563,4252,7662,96426,21903,40964
2020,7,15,60196,52768,37475,21734,45726,1918.35,1093,1552,3146,9454,57719,39787,28549
2020,7,16,81076,69632,54503,58722,2546,1918.35,2155,3096,1682,8782,21128,28755,32034
2020,7,17,26098,31480,8671,51702,29143,1918.35,3604,1388,4215,8694,43775,36293,21449
2020,7,18,89627,64869,37846,37773,33577,1918.35,3911,4652,1547,9542,89725,14550,11917
2020,7,19,13152,58234,94894,39834,77016,1918.35,4940,4464,3853,7230,71165,42995,16022
2020,7,20,15059,44770,15037,89274,72200,1918.35,1918,3177,1334,6116,32302,39960,25164
2020,7,21,8033,42566,4613,5933,7332,1918.35,2729,1834,3923,7622,93019,12290,10691
2020,7,22,49997,77960,81755,13850,87922,1918.35,3196,2979,1598,8232,17220,10394,19272
2020,7,23,13397,50524,97121,69781,46640,1918.35,4740,1024,1988,5710,76956,45671,29423
2020,7,24,91396,16038,32507,76671,33660,1918.35,3960,3655,4837,7066,97504,15526,25526
2020,7,25,6338,20701,10739,36730,75286,1918.35,672,1366,2570,5594,74813,15562,35696
2020,7,26,82216,50906,36587,70556,47963,1918.35,1226,4357,1872,5084,16027,29590,29895
2020,7,27,56963,71340,63247,76800,8406,1918.35,4557,4742,2803,6618,67823,39440,27103
2020,7,28,47343,23496,94474,66266,76289,1918.35,1827,4855,2895,8413,45410,13878,35639
2020,7,29,98308,27989,56568,60591,59426,1918.35,750,1387,1174,9778,93186,18692,22596
2020,7,30,96882,94096,83435,11037,5744,1918.35,962,4437,1105,5234,35702,17393,1259
2020,7,31,96940,67530,58601,66187,52295,1918.35,2044,1212,3351,7234,27543,15562,20363
2020,8,1,84077,24164,72846,3855,33702,1621.48,735,2796,1324,8123,49891,17878,41538
2020,8,2,44952,19330,40,56253,71384,1621.48,4543,1090,2385,5730,15128,12748,33786
2020,8,3,2775,74514,27452,42739,2057,1621.48,604,1132,1494,9000,89987,25795,35228
2020,8,4,86033,7075,53592,27357,51551,1621.48,2642,1501,1042,5374,52754,26899,19836
2020,8,5,36468,38650,82165,78853,90732,1621.48,2952,4858,1188,5403,52596,32645,39725
2020,8,6,36983,24247,85131,29077,68742,1621.48,4871,4773,3543,9640,98482,16445,41470
2020,8,7,44651,51125,62948,167,20159,1621.48,3417,1625,1414,7766,51830,11434,32054
2020,8,8,48011,26135,71293,28600,27891,1621.48,1244,4872,4486,6374,93949,33227,40241
2020,8,9,87844,65173,4354,2740,89988,1621.48,4184,1988,1663,8483,67507,13654,19188
2020,8,10,80537,10926,79800,67592,52860,1621.48,764,1748,4116,6669,29468,16118,47982
2020,8,11,73262,57065,83231,37749,69792,1621.48,2327,3986,3704,8032,93077,48691,27180
2020,8,12,43572,62263,16034,30236,27098,1621.48,3409,2634,4465,9560,75225,13676,33541
2020,8,13,97543,20603,80898,71659,53624,1621.48,822,1884,3782,6502,80984,19925,26718
2020,8,14,66779,84665,43912,25483,92697,1621.48,525,1268,1216,6558,82855,18114,3342
2020,8,15,90100,52617,66687,917,2177,1621.48,945,1070,3865,7398,16350,48840,41912
2020,8,16,88561,94097,75726,88695,67344,1621.48,4971,1922,2725,8882,75955,16774,23062
2020,8,17,88576,82833,19395,20531,89392,1621.48,4583,1694,1217,6269,13110,39745,18602
2020,8,18,4534,94056,5817,83399,55899,1621.48,2239,1630,3993,8642,65856,37688,9897
2020,8,19,13730,40828,54514,87808,76062,1621.48,4581,4637,4652,5382,85167,35395,46821
2020,8,20,8929,64751,47590,96498,11021,1621.48,1242,1905,1107,8262,31655,43357,10701
2020,8,21,18308,80247,4168,38653,4563,1621.48,2692,4644,2202,7205,22451,13086,20024
2020,8,22,44026,93385,67902,90030,64,1621.48,860,3991,4171,9366,10986,11543,19421
2020,8,23,50067,91731,93449,37527,142,1621.48,883,3448,1430,5642,57100,26264,25104
2020,8,24,87779,99793,60909,14982,13350,1621.48,3245,2374,4447,5006,63755,19030,49712
2020,8,25,71919,5533,18502,6090,94900,1621.48,3984,1317,3424,7432,98843,14917,40342
2020,8,26,18889,79728,83366,24239,97483,1621.48,1854,1070,2961,8240,16054,36310,6818
2020,8,27,43827,34839,60037,69627,37337,1621.48,4136,1224,1362,7990,48048,40575,23792
2020,8,28,54332,32034,1893,19108,9466,1621.48,4024,3353,1815,7492,68943,44297,17089
2020,8,29,40559,52151,95910,13520,96266,1621.48,1181,1443,2341,5148,26069,34678,46152
2020,8,30,32714,5207,26638,78390,35549,1621.48,3964,4879,1718,7208,25339,32536,24686
2020,8,31,54297,9364,77242,67464,93106,1621.48,3112,1590,4687,8054,63535,10952,12538
2020,9,1,96069,67396,33867,88639,9818,2884.17,1351,1046,1533,6092,50571,36219,18545
2020,9,2,35057,56803,59290,72265,82142,2884.17,2913,2857,1706,6166,15542,47956,8178
2020,9,3,4842,50978,78996,78864,30865,2884.17,786,3285,3694,9254,48275,33511,39948
2020,9,4,34152,85979,14887,95685,2071,2884.17,3255,2126,4964,7804,25742,37105,31810
2020,9,5,32075,85008,61315,17494,95385,2884.17,1801,1870,4606,6438,95440,26822,12277
2020,9,6,67096,60829,20108,40791,76435,2884.17,653,1937,4360,5540,38974,12870,18383
2020,9,7,53702,87230,9909,8666,11127,2884.17,2123,4553,2010,6884,77046,48746,2004
2020,9,8,2067,75201,65324,31673,52349,2884.17,3494,4444,2943,8602,60234,30730,10764
2020,9,9,13337,17240,57668,67698,72780,2884.17,968,1481,1854,6358,35146,27701,46642
2020,9,10,2392,13622,87255,39402,37060,2884.17,4500,4125,1716,9823,70797,16412,30654
2020,9,11,30588,95644,43998,84883,40598,2884.17,612,3934,2823,6570,37983,26954,20584
2020,9,12,86274,78463,53436,86497,28851,2884.17,550,2593,3555,7804,86995,21966,4935
2020,9,13,14810,7848,11092,87015,77671,2884.17,1568,3257,1958,5565,93140,13478,48241
2020,9,14,76150,8753,21120,13973,98385,2884.17,926,4658,2565,5782,87506,16415,9103
2020,9,15,32001,18057,14010,66908,52214,2884.17,3874,3374,1694,6317,70389,19225,17357
2020,9,16,80911,81958,27484,91147,37523,2884.17,3331,1046,2079,9451,43995,10464,36976
2020,9,17,38554,1275,61475,76119,28341,2884.17,3886,1692,3389,9247,59951,15702,48981
2020,9,18,22956,15178,35329,48159,81496,2884.17,2383,3757,4026,9814,86255,41549,5718
2020,9,19,64546,44587,71573,42978,40390,2884.17,3441,3943,4546,5098,71413,44238,31921
2020,9,20,46600,30300,87283,46341,35899,2884.17,3294,3853,2411,9975,23363,10258,47234
2020,9,21,72045,7100,39016,76072,34670,2884.17,2620,4215,1208,5544,42192,26598,41623
2020,9,22,53817,61986,21894,19715,43253,2884.17,3952,1203,4958,9942,52544,42208,43307
2020,9,23,64821,67191,51063,27232,17166,2884.17,3841,4210,1524,5722,65281,16194,24426
2020,9,24,831,99254,31762,87039,21150,2884.17,4988,4966,2290,8233,94680,11894,23954
2020,9,25,77893,8634,18098,34203,26220,2884.17,1410,1039,4184,7472,34622,21349,36994
2020,9,26,51899,38464,76912,49775,97672,2884.17,968,3501,2797,8172,15206,28947,42193
2020,9,27,88035,48233,53914,40325,16467,2884.17,2218,4358,4930,6668,28560,16150,14946
2020,9,28,73662,71323,23542,44198,48796,2884.17,547,2045,2979,8810,66819,10651,8165
2020,9,29,67356,49141,9153,25153,63222,2884.17,912,2608,1268,5798,24284,42095,27397
2020,9,30,55663,92856,2806,45593,79524,2884.17,3094,4536,4039,7988,13734,17834,47718
2020,10,1,45634,84880,5484,54444,68052,2984,1798,3543,2991,6616,96764,35387,32487
2020,10,2,83755,80725,61017,74472,5010,2984,1485,2864,2268,8429,93739,19985,3112
2020,10,3,86525,79628,39026,20865,93362,2984,3368,3994,3091,5203,19590,26142,6860
2020,10,4,67691,47941,26038,25682,27596,2984,1068,1350,4878,8437,17454,24887,22802
2020,10,5,41549,65011,39104,13818,73440,2984,646,1315,3821,9179,97179,22183,49195
2020,10,6,12392,26900,77530,20483,62104,2984,2976,1145,1612,9013,88178,29207,3672
2020,10,7,78167,15599,6910,98045,4036,2984,4283,1936,1806,8386,92105,30236,25435
2020,10,8,27581,42260,56552,72755,31440,2984,4937,3830,1982,8818,80664,25437,20084
2020,10,9,92491,93641,21583,60455,49006,2984,4661,3523,1711,5856,41568,45746,26113
2020,10,10,88358,97204,7683,95155,91943,2984,790,1758,2047,8293,17266,39838,49788
2020,10,11,18377,3566,33669,31712,8737,2984,2148,1226,1362,5083,61680,39681,30685
2020,10,12,71196,17694,33205,12907,80617,2984,950,1334,4680,5384,96832,46622,41125
2020,10,13,98828,88575,32497,57227,36868,2984,2064,1006,1042,7084,13258,19778,41126
2020,10,14,27769,10456,87357,68445,55539,2984,4477,3086,3082,7681,55992,30050,49037
2020,10,15,15159,30998,81729,36191,30038,2984,2812,3864,2134,5308,86090,20354,28561
2020,10,16,22786,49507,91951,83829,46591,2984,3606,4358,1434,7774,42802,27603,45258
2020,10,17,6352,17280,20690,5786,41313,2984,836,2822,1562,7564,18034,20420,43034
2020,10,18,62478,58177,15637,29612,39838,2984,4965,2622,1232,8267,46450,14174,1727
2020,10,19,53525,16410,88533,59238,73725,2984,3192,1427,1317,7772,17774,38981,47687
2020,10,20,83267,88050,28157,23650,71966,2984,4069,4442,1697,9705,64054,12342,37169
2020,10,21,27784,30372,14157,95368,4992,2984,4541,3515,3368,8073,34104,33444,26960
2020,10,22,62112,87297,79872,43429,77530,2984,2410,1602,1485,6918,84445,16912,32085
2020,10,23,64087,94868,92894,92136,4573,2984,3669,3708,1046,8366,44075,25014,23300
2020,10,24,51138,53618,83530,60858,68043,2984,4301,1506,1282,8534,89934,15164,33987
2020,10,25,22610,88697,75961,25447,15615,2984,3897,1053,1624,6296,18190,42549,26758
2020,10,26,66443,48211,41258,2818,22389,2984,2831,4877,1653,7713,50734,39696,1685
2020,10,27,61700,95036,2555,99334,35560,2984,4497,4520,2537,6809,99967,29503,42489
2020,10,28,83568,217,41909,71544,93360,2984,898,1154,4659,8053,78971,33399,46450
2020,10,29,39739,23156,23277,11392,67221,2984,2439,3919,1618,9993,44604,37308,24011
2020,10,30,78835,75455,28182,92724,82264,2984,2226,2182,3364,8280,70078,38076,28149
2020,10,31,26937,50523,14231,21596,88577,2984,1346,4666,2708,9254,56057,49928,9554
2020,11,1,39850,45200,86734,26195,6157,2832.8,598,1610,2222,8216,80225,46722,24042
2020,11,2,36331,62409,41440,16818,48839,2832.8,3753,4360,1702,6830,17182,19650,29516
2020,11,3,53047,48955,68712,64021,5013,2832.8,722,1213,1598,8386,87407,36347,34992
2020,11,4,76131,8789,34310,44706,22892,2832.8,2779,1156,1942,9218,92390,25780,14535
2020,11,5,95086,52496,41494,21535,50548,2832.8,1185,4945,4736,6248,83965,16100,45782
2020,11,6,11240,65674,77314,41431,17763,2832.8,4129,1010,4860,8438,54950,29104,31073
2020,11,7,42974,29082,4678,36268,28301,2832.8,3400,4737,2267,6245,61272,32815,13421
2020,11,8,82027,18810,52761,93115,45058,2832.8,4214,1296,3751,5768,97727,11494,3079
2020,11,9,305,8209,63112,90165,53000,2832.8,4268,1954,3494,9846,48591,16302,34414
2020,11,10,53719,43344,47885,35986,79589,2832.8,638,2967,4317,7913,71081,39374,25509
2020,11,11,7344,96649,45671,42447,15880,2832.8,634,1183,2958,9560,12706,20957,9750
2020,11,12,9189,41969,33282,89036,98619,2832.8,2181,2336,1568,5698,18726,21156,48225
2020,11,13,86926,89827,15476,31243,44092,2832.8,616,1434,3205,5288,10233,15436,36558
2020,11,14,42389,21898,31621,26699,96674,2832.8,4007,2213,2640,7288,27600,11259,4321
2020,11,15,11866,24783,63596,53434,2552,2832.8,941,1668,4448,6417,53423,34891,34622
2020,11,16,9327,74041,86327,8884,73032,2832.8,4319,1706,4808,5939,58470,31481,12912
2020,11,17,10260,22478,70048,39253,19767,2832.8,511,2983,3781,7478,11398,41333,47648
2020,11,18,15081,8710,63515,5881,15127,2832.8,771,1618,1964,6908,49687,30360,16938
2020,11,19,56361,74008,95781,91170,46299,2832.8,4002,2910,3079,9049,12162,29197,20603
2020,11,20,6698,62674,77181,45479,93132,2832.8,3163,4563,2306,6677,30443,18784,28597
2020,11,21,83616,87568,59590,90945,31017,2832.8,1305,2377,4635,6884,94898,45934,9277
2020,11,22,54040,33901,18845,47119,59303,2832.8,2668,2008,1302,9848,27829,19514,47359
2020,11,23,64798,30994,60431,68456,14023,2832.8,2239,2637,4792,6370,19766,25809,7226
2020,11,24,88810,76240,29539,4797,76029,2832.8,730,1222,4688,5926,93537,11254,40789
2020,11,25,49637,86206,16342,59668,72407,2832.8,534,2203,1516,5964,11326,11086,10524
2020,11,26,63190,9250,19529,74335,72431,2832.8,602,2591,2053,6033,82387,43081,24463
2020,11,27,86822,49471,39501,77862,51749,2832.8,3204,1385,1200,7246,77404,24353,49390
2020,11,28,21421,72939,61557,29289,45255,2832.8,1179,4796,1463,5726,99130,15245,17215
2020,11,29,11522,15626,42837,28575,61659,2832.8,1655,4831,1046,7507,59044,18302,41577
2020,11,30,26897,3601,60532,78844,64499,2832.8,3196,2270,2226,9514,31559,38833,37937
2020,12,1,82739,13630,24783,69798,12760,2062.65,1318,4736,4216,9892,22746,40792,40028
2020,12,2,47900,87578,98191,25407,62974,2062.65,3654,1574,4220,7498,47424,22156,7337
2020,12,3,67047,49695,15735,31800,97606,2062.65,1006,1402,4548,9808,50140,47307,4568
2020,12,4,11280,47811,8396,60496,57703,2062.65,2639,1953,3718,5829,63711,48044,31142
2020,12,5,39518,32367,64619,73738,96217,2062.65,2245,3262,3088,7980,11413,25694,12043
2020,12,6,98900,7884,72390,33449,29135,2062.65,2107,1682,1692,5503,17260,10747,38883
2020,12,7,36645,1252,99053,71716,67081,2062.65,4759,2950,1482,5902,96687,24050,12765
2020,12,8,79124,58934,3665,57212,53266,2062.65,4257,3516,2961,7999,15782,16830,15079
2020,12,9,76882,15425,8862,79926,20928,2062.65,2024,3923,3725,6077,61990,27157,42474
2020,12,10,35194,31750,50108,63028,82479,2062.65,3429,2953,2080,7093,35165,41697,46796
2020,12,11,38524,775,60214,77837,38774,2062.65,4932,2006,3954,5145,28284,31233,28531
2020,12,12,97619,85309,21509,41344,57738,2062.65,3501,4282,1600,9930,72309,14079,33500
2020,12,13,98108,75739,8385,20188,99185,2062.65,3236,2707,1362,8450,15544,15801,9902
2020,12,14,83333,61829,64161,93639,16974,2062.65,4871,1896,4104,5472,72287,14806,42445
2020,12,15,46231,57141,61125,77832,92101,2062.65,3262,1734,1058,6646,26747,24708,49787
2020,12,16,76549,54985,62417,53577,59787,2062.65,729,4470,1140,9889,53108,23113,44313
2020,12,17,58686,94332,4057,52791,57063,2062.65,4632,4645,1187,8462,13828,24640,42696
2020,12,18,31895,38443,64849,57420,71441,2062.65,3479,4340,4283,7247,17916,10852,7948
2020,12,19,71560,19999,14892,44052,69888,2062.65,2164,3573,3682,7573,97715,16846,34352
2020,12,20,46621,2348,88095,29161,808,2062.65,3800,2702,1716,5000,12956,28156,1923
2020,12,21,92948,21305,92498,88584,98553,2062.65,4004,1463,1763,5248,30515,33003,26766
2020,12,22,59600,64032,77929,54635,17957,2062.65,3083,1868,4342,9486,10089,45149,25644
2020,12,23,29452,13890,27852,86168,98890,2062.65,4323,3188,1981,6354,96771,36885,1364
2020,12,24,66291,40777,73349,29406,16025,2062.65,2408,1975,4247,6688,46609,18555,20216
2020,12,25,32332,69693,99485,43026,97222,2062.65,3175,1672,4814,9542,12839,10120,9574
2020,12,26,49408,43516,63245,21389,83040,2062.65,3273,4329,2143,7973,78735,49519,10016
2020,12,27,18190,57496,41496,18789,14185,2062.65,2343,1515,4149,6370,11796,37722,4457
2020,12,28,62754,44069,14396,18921,42799,2062.65,3975,2205,3453,7219,13593,36493,43587
2020,12,29,13588,38219,52175,30731,52545,2062.65,510,1476,3405,8097,11756,18941,30910
2020,12,30,42554,43217,81809,33055,96397,2062.65,777,1014,1769,6126,10774,40920,37702
2020,12,31,11463,84750,83126,14917,38322,2062.65,2761,1908,1289,9935,98990,20185,13072
2021,1,1,95593,90919,21955,33690,13144,2219.94,2595,1360,2703,8034,69108,26757,40896
2021,1,2,62779,60963,74879,30655,71737,2219.94,2117,1486,3924,6780,94807,28347,15799
2021,1,3,7499,63068,29637,77434,78410,2219.94,982,4002,2092,5882,24043,20236,16175
2021,1,4,90184,32991,42949,29240,74993,2219.94,996,4122,4371,7062,84777,11107,28409
2021,1,5,96674,43247,33946,61950,32984,2219.94,602,1954,4523,6284,34266,11762,45105
2021,1,6,52459,45250,93288,25904,94538,2219.94,2491,4721,1673,5439,13960,41665,33683
2021,1,7,83848,86309,95788,89571,17183,2219.94,678,1726,1514,7870,92156,39497,46917
2021,1,8,46081,32453,29979,70604,35090,2219.94,4888,2547,4494,6360,13450,20383,14246
2021,1,9,16859,25942,5105,83532,97733,2219.94,1548,2932,3076,7384,87502,10528,35417
2021,1,10,66957,54533,85467,23471,55509,2219.94,2968,2940,2779,9298,88543,27868,43976
2021,1,11,23544,78433,65417,49390,77960,2219.94,4773,4817,2512,9902,94700,35244,45219
2021,1,12,42999,52601,33177,81075,6289,2219.94,2685,3244,1563,9018,13066,13423,37032
2021,1,13,48480,26035,81364,91259,85334,2219.94,4127,1894,1043,7230,74618,18014,36260
2021,1,14,46114,60744,70173,83626,68325,2219.94,918,1322,3825,9510,17508,40113,31225
2021,1,15,21782,77787,29710,29698,32291,2219.94,3120,2121,1366,6758,88380,20495,42776
2021,1,16,93448,73860,12076,74491,41107,2219.94,4844,3571,3788,6368,87197,48465,3046
2021,1,17,17594,38772,59788,51419,23522,2219.94,1531,1242,2675,7592,91352,44965,34889
2021,1,18,80368,84473,8440,65530,91661,2219.94,2376,1862,2030,8914,75949,28136,46820
2021,1,19,67498,25795,31708,47639,62163,2219.94,1103,4755,1546,8998,31173,13901,35257
2021,1,20,73484,39057,75557,36159,76649,2219.94,2475,3368,2732,5914,38897,18796,16909
2021,1,21,69086,7627,60853,72468,72079,2219.94,1955,1864,3948,5015,19917,41110,36803
2021,1,22,16624,32373,37219,7004,20968,2219.94,904,4450,1286,6460,46960,33152,34744
2021,1,23,63369,94436,6521,31101,66703,2219.94,1845,2139,4396,7698,24607,15662,11771
2021,1,24,4501,57915,13754,83449,22930,2219.94,910,4553,2395,8970,62908,13478,1078
2021,1,25,95577,83813,97813,35729,96625,2219.94,3880,1344,1130,7042,23796,38614,11125
2021,1,26,53524,30643,90754,22920,14693,2219.94,745,1098,1968,6870,18992,28908,31713
2021,1,27,77226,76255,84814,75974,87088,2219.94,4335,2663,1533,7010,18391,44509,47722
2021,1,28,54625,3624,37206,26537,95377,2219.94,1502,1034,2996,8608,18118,22688,11003
2021,1,29,36673,1620,58233,42652,28823,2219.94,1560,1047,1182,6373,82020,23269,43577
2021,1,30,20448,77709,55933,68333,71209,2219.94,2842,2184,4299,7286,85073,12064,40676
2021,1,31,27402,66576,87632,35398,55184,2219.94,4437,1856,3773,9021,34507,22595,42154
2021,2,1,22420,28643,45133,95146,27016,2105.32,592,4723,2038,7858,92283,47713,34754
2021,2,2,13119,34468,8365,79519,35893,2105.32,1919,2468,3375,8669,74003,10528,30745
2021,2,3,49459,82212,4302,98481,33072,2105.32,3781,1842,1891,5265,66987,15258,43249
2021,2,4,70020,98932,19982,77058,99209,2105.32,1122,3678,3083,9487,16402,48976,12265
2021,2,5,46584,31469,17797,64959,90138,2105.32,982,1904,1482,6140,54427,23434,41800
2021,2,6,39389,44562,11629,27632,79827,2105.32,2889,1197,3899,9222,59606,43107,28617
2021,2,7,91487,50730,21787,54571,66569,2105.32,4898,3151,2802,7694,94461,34291,46335
2021,2,8,95846,69948,40240,86209,82440,2105.32,994,3180,1168,7623,82163,35406,11019
2021,2,9,32592,41406,17956,26491,20628,2105.32,4598,2114,4643,7736,83036,27563,27563
2021,2,10,4071,52935,57067,98226,56981,2105.32,2516,2825,2826,5520,39034,20266,1528
2021,2,11,33775,81381,58447,89354,19004,2105.32,1111,1594,3366,5419,94437,18994,6962
2021,2,12,52982,30388,47461,13977,88124,2105.32,2891,3545,1134,9924,13550,23114,46849
2021,2,13,66485,89288,25940,4311,12043,2105.32,928,2168,4058,5726,51522,14413,31326
2021,2,14,72689,8986,66009,71055,84405,2105.32,918,3737,2184,7730,84065,45307,26798
2021,2,15,709,41957,3853,16843,56914,2105.32,1308,4749,1262,8600,44060,44656,26976
2021,2,16,46278,1341,6826,25336,17068,2105.32,4749,4755,1462,8466,60809,12838,24700
2021,2,17,98907,67211,54531,6091,21071,2105.32,2749,3131,1904,7953,71325,20170,4949
2021,2,18,64929,77635,9920,97543,26235,2105.32,2199,2511,1672,5376,14199,38739,20332
2021,2,19,40076,53949,78495,56464,76058,2105.32,2256,1315,4217,8139,13757,26640,5656
2021,2,20,83088,31507,14772,96344,69460,2105.32,1513,1490,1462,5580,48282,12642,36097
2021,2,21,79469,6834,95181,51141,72210,2105.32,1231,2284,4679,8686,85100,22088,9380
2021,2,22,6734,42357,63404,62303,70496,2105.32,3942,4934,1782,7436,66278,44477,27161
2021,2,23,56163,49144,61570,36245,41929,2105.32,3913,1397,1685,7270,88889,38895,9853
2021,2,24,79825,45122,17532,75856,12551,2105.32,2943,4283,1340,5414,97938,31835,2632
2021,2,25,4859,36881,1771,29877,6947,2105.32,705,3108,3543,9130,15704,41824,34401
2021,2,26,28480,90970,29574,45165,61415,2105.32,832,2590,4935,7943,33445,42486,18463
2021,2,27,86927,81389,28122,48267,9087,2105.32,1454,1214,2940,8224,60172,19886,26060
2021,2,28,82625,17231,49347,32520,35858,2105.32,4343,4336,2372,7842,19010,18934,31403
2021,3,1,59913,7730,68667,44208,57527,2334.81,2485,3915,4274,5752,64353,31685,11153
2021,3,2,8559,94651,94626,6783,71175,2334.81,758,3404,1561,8277,24261,44316,30864
2021,3,3,78974,4950,16689,32890,14451,2334.81,1620,1438,2259,9494,51273,14786,33179
2021,3,4,67792,98759,3702,73418,10863,2334.81,894,4420,2704,6080,42554,15414,18055
2021,3,5,96945,64665,38636,59858,19295,2334.81,4173,3267,4198,7213,47508,15000,29250
2021,3,6,20393,69130,5715,27652,75769,2334.81,3789,3559,2098,9990,16977,49312,23340
2021,3,7,96898,22081,35086,75954,38161,2334.81,1184,1456,3656,9446,27666,27950,43992
2021,3,8,60422,31840,92570,60972,85406,2334.81,972,2149,1126,8038,66152,10678,40078
2021,3,9,87731,74943,44887,76181,3785,2334.81,994,1372,1647,6929,76635,19258,28216
2021,3,10,20922,19172,22617,95930,344,2334.81,954,2116,3473,5610,54440,15350,1162
2021,3,11,39230,46765,38732,64789,44803,2334.81,2466,3884,1178,7352,25064,49962,4885
2021,3,12,21920,16910,16997,38567,43839,2334.81,4726,1111,4154,8694,77040,45850,9984
2021,3,13,15329,83624,22967,30154,66424,2334.81,778,2005,4170,9115,86793,35325,27407
2021,3,14,90352,69260,50562,86530,12965,2334.81,2844,1235,2535,9840,89802,36373,25627
2021,3,15,46176,15881,33838,75330,64575,2334.81,1179,4902,4501,8118,10055,27276,10878
2021,3,16,54257,56792,15634,94780,42260,2334.81,1456,2610,3038,7017,35492,17354,2427
2021,3,17,22644,54689,68590,31531,74529,2334.81,4256,2055,1975,8093,12384,37901,24744
2021,3,18,45323,49917,84156,56176,26767,2334.81,3452,2374,2354,9085,92153,19236,44212
2021,3,19,67865,4962,58577,72255,68332,2334.81,960,2326,1878,7278,38857,11986,10421
2021,3,20,81998,23114,93044,88973,57559,2334.81,1874,2880,1695,8302,59056,14813,21780
2021,3,21,71593,8861,12189,55300,74298,2334.81,4912,3513,2007,9840,47119,10338,20694
2021,3,22,50261,53080,17665,15369,43982,2334.81,2708,1966,1982,6078,31302,14206,6522
2021,3,23,2532,24529,72778,90579,1911,2334.81,794,3502,2045,7874,45153,31342,31834
2021,3,24,70978,26419,6209,12985,66259,2334.81,3322,2871,1407,7966,64591,16740,3328
2021,3,25,13861,52301,9071,9848,33052,2334.81,4743,1934,1253,5050,58865,33163,40373
2021,3,26,706,80610,73018,57751,14542,2334.81,900,1046,4589,6642,14855,10847,18172
2021,3,27,81333,38178,60071,4092,95517,2334.81,831,4377,1962,9901,35576,26365,24663
2021,3,28,36627,31672,94653,34232,84193,2334.81,2394,4897,4126,6726,59000,15019,3518
2021,3,29,8583,64446,50538,69524,92451,2334.81,1723,3782,4922,6793,77874,31790,31745
2021,3,30,81456,65058,41168,58418,61312,2334.81,1135,4289,4767,5787,48520,25311,43096
2021,3,31,49305,65915,26561,99783,72678,2334.81,4801,2612,1357,6790,67135,25159,35561
2021,4,1,63859,48943,49710,20653,43169,1792.33,2107,4577,4019,6877,85888,32114,31500
2021,4,2,94365,16530,73234,90152,65050,1792.33,807,2315,1457,5589,19993,43369,14897
2021,4,3,36743,17606,9728,68433,84741,1792.33,1867,4951,1510,6334,85603,19410,34887
2021,4,4,13077,4063,50631,52096,80940,1792.33,561,1242,4400,5014,81806,12966,2871
2021,4,5,5044,53966,98118,62853,9555,1792.33,1222,1296,3419,9234,31081,19511,34463
2021,4,6,33540,29301,34463,83721,60878,1792.33,4772,1250,1950,6582,58752,37771,36418
2021,4,7,13274,75666,29428,99026,65813,1792.33,4826,2208,1662,8600,50060,41105,11234
2021,4,8,98758,72635,53755,83529,4936,1792.33,3040,3475,4135,7502,38547,41364,34836
2021,4,9,23921,64672,98022,80753,41427,1792.33,3523,4699,2439,7950,70076,14603,6774
2021,4,10,59185,36255,18164,40736,551,1792.33,3192,1328,2210,8298,99188,28498,34577
2021,4,11,3134,52229,33326,33622,56083,1792.33,1337,1354,2895,9359,77106,44321,38225
2021,4,12,12485,95631,65373,61276,43581,1792.33,2231,4116,1703,6454,76203,38605,35449
2021,4,13,94971,24397,4265,68534,42695,1792.33,3383,2180,2032,6708,12153,44467,19805
2021,4,14,84933,69843,40822,37828,25554,1792.33,3501,3038,4910,7756,99313,23490,17929
2021,4,15,65675,91545,8960,53730,18292,1792.33,2334,4613,1830,5910,98146,34957,35163
2021,4,16,82756,61530,63490,71140,74590,1792.33,606,4521,1836,5570,13701,37390,25643
2021,4,17,7061,78555,25429,36971,92428,1792.33,1812,3101,3990,8522,11830,17281,41094
2021,4,18,53639,70517,96895,79549,33468,1792.33,857,1222,4274,8702,14882,13864,11394
2021,4,19,36341,19321,39738,98178,8453,1792.33,567,1034,3344,7347,68834,14258,19791
2021,4,20,68441,11999,15226,33783,64123,1792.33,1063,2760,3924,8630,13660,13743,43409
2021,4,21,42056,94519,79966,31330,38865,1792.33,802,1557,1416,5162,89734,44155,1334
2021,4,22,21074,91654,76020,85771,19001,1792.33,2894,3792,1851,8119,53927,37325,44854
2021,4,23,17880,54991,55086,31805,85653,1792.33,547,2707,4616,7490,59037,34832,18747
2021,4,24,91897,70583,26390,27600,21866,1792.33,3106,4291,1950,8260,45061,25832,32476
2021,4,25,25331,87956,79626,82182,62427,1792.33,859,1254,4894,7622,28462,13808,33553
2021,4,26,76043,40362,50959,72011,48579,1792.33,1843,1826,1930,9584,12582,35147,9996
2021,4,27,82061,88884,94439,38893,69361,1792.33,4725,4690,3806,8710,93224,22585,39500
2021,4,28,44255,29084,2892,65501,36380,1792.33,3751,3774,4418,9710,12694,12018,47706
2021,4,29,66058,7628,9824,62988,73565,1792.33,3135,1976,1682,5156,10868,12462,26954
2021,4,30,48426,25594,96240,8584,36296,1792.33,1168,1901,4898,6726,62402,37630,5816
2021,5,1,51154,16405,18888,90864,17189,3165.03,1921,1168,3059,6260,14732,25012,21885
2021,5,2,34396,86709,57202,43322,13929,3165.03,3098,4522,4989,6076,75817,27157,8751
2021,5,3,64203,72720,12056,30966,51474,3165.03,4082,3978,2441,7969,19694,49630,16038
2021,5,4,36206,83116,7151,34265,19376,3165.03,4277,1054,4942,6478,29796,38870,21883
2021,5,5,91581,37895,94745,46570,87280,3165.03,694,1481,4633,8566,82447,27458,36915
2021,5,6,84524,27882,46437,16966,92203,3165.03,2947,4759,1500,6838,79023,41473,22631
2021,5,7,11980,54653,77949,53274,87483,3165.03,3495,4062,1990,6490,41984,49269,7745
2021,5,8,90155,82063,17104,66140,50549,3165.03,3597,1302,3783,5494,68389,18766,15903
2021,5,9,12665,51337,97097,84762,41434,3165.03,2586,4764,2124,6886,23037,15478,42472
2021,5,10,10983,31533,30022,89325,51125,3165.03,4946,1278,1706,8226,23769,37320,38358
2021,5,11,87952,17367,88745,48087,73753,3165.03,1775,2768,3469,7752,15554,49902,7134
2021,5,12,6343,12821,36019,69819,99707,3165.03,777,1388,1939,7150,16365,16138,9056
2021,5,13,55508,71312,15695,42279,43361,3165.03,950,2663,3182,9398,12101,46934,39465
2021,5,14,58180,28877,66055,66649,59100,3165.03,2902,1794,2756,8920,51612,48814,19937
2021,5,15,44328,88742,25856,51268,55892,3165.03,683,2750,3532,5538,70029,23245,42222
2021,5,16,97194,82332,37261,86729,67027,3165.03,3662,1710,4590,6069,16422,14790,49363
2021,5,17,86006,41109,35485,85114,26382,3165.03,568,1426,2190,6135,21975,48081,3449
2021,5,18,68357,47659,92185,98241,5389,3165.03,1485,3933,4544,8746,11332,27922,12214
2021,5,19,74461,55677,69481,69051,71746,3165.03,4092,4102,3794,9162,75567,11527,27687
2021,5,20,94378,75847,32237,86568,1982,3165.03,1000,1378,3222,6378,68578,39962,4212
2021,5,21,21750,56416,58896,82647,65162,3165.03,568,1956,1585,7414,25024,24682,30910
2021,5,22,74087,64117,98785,92882,55046,3165.03,760,4422,1646,6002,52341,17502,24352
2021,5,23,73561,3342,38869,8135,46527,3165.03,3096,4627,1782,6696,67273,11727,23799
2021,5,24,4253,77843,17702,57190,74243,3165.03,1871,3329,3193,5310,57562,44590,9078
2021,5,25,71359,28323,44013,37909,31320,3165.03,1439,1231,1047,5307,29365,28925,46354
2021,5,26,85459,77462,63553,82025,17157,3165.03,894,1409,1910,7804,94950,49262,30827
2021,5,27,53234,76823,63944,76428,73830,3165.03,2369,1540,1180,5558,99448,13851,21506
2021,5,28,44088,5888,35083,60135,51195,3165.03,4059,3004,1908,8964,35028,18138,14448
2021,5,29,49791,95133,96826,74811,89289,3165.03,858,2522,4950,8746,35301,17568,41777
2021,5,30,92226,22671,20320,58406,70405,3165.03,2256,4492,2006,7338,90978,19116,19768
2021,5,31,88138,46391,62558,46398,65355,3165.03,934,1222,4070,8639,12622,14710,47587
2021,6,1,13083,57233,11718,67451,8886,1784.8,1028,1556,3520,8876,18312,19290,36850
2021,6,2,23043,49157,1647,46733,40136,1784.8,4870,2877,3757,5098,68231,37695,11200
2021,6,3,3082,99728,13118,38074,6034,1784.8,4840,4115,1412,5830,11702,10297,27828
2021,6,4,79760,78947,58206,3280,29732,1784.8,2919,4125,1358,9142,15858,32161,26519
2021,6,5,75766,67081,85039,65875,48348,1784.8,3569,2781,2996,6086,11718,25381,3270
2021,6,6,10867,87047,10850,12279,79957,1784.8,2575,4715,4065,7133,79347,10306,30120
2021,6,7,73652,58619,24275,15678,39537,1784.8,2839,1654,2212,5764,97528,21911,40133
2021,6,8,52500,67451,39693,21848,50489,1784.8,2229,2706,3945,8870,89984,28901,11899
2021,6,9,54550,28913,4970,79967,26046,1784.8,982,1048,4286,9388,31725,15175,1348
2021,6,10,15873,45917,46830,39437,45147,1784.8,2700,2645,4511,7392,19492,45000,10710
2021,6,11,45644,33074,89059,94589,57504,1784.8,3489,3404,4307,9630,16750,16704,29044
2021,6,12,45479,59838,82753,21118,35578,1784.8,1292,2802,1746,6252,14486,38244,30830
2021,6,13,60183,34939,35890,4695,18684,1784.8,1046,4326,4807,5104,75266,28662,5382
2021,6,14,84148,98756,7068,8455,59919,1784.8,1510,1614,1626,8534,42865,43556,31790
2021,6,15,21445,79158,11359,14543,78631,1784.8,2786,3813,4887,8675,43507,19718,18597
2021,6,16,60409,59554,85601,65216,64658,1784.8,950,1326,1956,7297,89963,35891,10867
2021,6,17,99087,81475,57641,7066,72089,1784.8,621,3532,1015,7946,24426,24645,1022
2021,6,18,96928,77213,29811,83167,82240,1784.8,4440,4000,4222,6390,40567,30232,39670
2021,6,19,50907,798,11742,26881,68095,1784.8,4123,3533,4530,6763,90598,21619,1705
2021,6,20,53622,57572,81504,49637,19551,1784.8,633,2829,4494,7254,32348,48086,22283
2021,6,21,76466,36789,57087,25689,26830,1784.8,2272,4087,3451,8036,37319,32897,47654
2021,6,22,2070,16444,66431,17953,69559,1784.8,4571,4531,1912,7426,11048,16853,23381
2021,6,23,9709,46154,16036,25556,32950,1784.8,3641,4414,1523,7079,51454,28352,48384
2021,6,24,11085,40079,38793,9536,40444,1784.8,3785,2513,3906,6298,60465,28465,26112
2021,6,25,64949,66389,17997,12252,70167,1784.8,4105,1227,1021,5998,21782,35322,39869
2021,6,26,76228,61776,61089,77751,75207,1784.8,2455,1290,2621,5018,12178,18844,12544
2021,6,27,37359,20964,51931,46266,12531,1784.8,1082,3830,1487,5430,12174,31653,28748
2021,6,28,15299,1540,77881,17672,13032,1784.8,2993,4258,2789,7094,67008,19347,16015
2021,6,29,42978,5816,55639,11951,67063,1784.8,1367,1556,3779,9649,83390,17661,17817
2021,6,30,34749,24473,11493,46236,16255,1784.8,4241,2905,1890,8473,65576,48496,33927
2021,7,1,34923,54107,48630,65357,37467,1757.68,4685,3282,4967,5984,26696,15576,17978
2021,7,2,90708,47470,62915,96709,30860,1757.68,1457,1683,3419,8098,17190,17404,46928
2021,7,3,54638,52196,94163,93112,34124,1757.68,3951,1618,3116,8932,67105,16935,9011
2021,7,4,63262,8143,26570,53229,61131,1757.68,1011,1837,1480,9174,48545,47946,3266
2021,7,5,87206,96355,35983,11977,90400,1757.68,674,1388,3819,9682,54499,42942,40273
2021,7,6,40200,18451,44693,69668,63736,1757.68,1602,1996,4940,6352,80225,47422,11798
2021,7,7,32790,7589,65612,49877,97867,1757.68,2822,1423,1863,5302,29751,33614,30509
2021,7,8,90429,426,95003,15600,81615,1757.68,3542,3165,1322,9586,15674,14391,15855
2021,7,9,31384,44436,91389,67676,23959,1757.68,1449,1747,1116,7060,13256,19552,21614
2021,7,10,77570,20799,11195,20785,87307,1757.68,750,2735,2723,8446,93334,11388,40947
2021,7,11,47959,68229,93855,48616,87815,1757.68,3006,1110,2474,6038,19577,36432,1688
2021,7,12,8712,17380,59533,4266,64440,1757.68,4036,3360,4657,6362,95496,13938,32508
2021,7,13,98882,66247,1052,72957,64704,1757.68,3646,2661,3966,8852,77628,33132,10738
2021,7,14,56892,90636,35035,19366,11382,1757.68,2150,1445,3343,8034,40710,19134,20965
2021,7,15,96894,71099,43848,16552,12682,1757.68,4867,1562,1942,7414,84519,36645,39344
2021,7,16,51656,29518,15659,46974,68370,1757.68,1458,1613,1126,7844,60978,28007,43288
2021,7,17,85161,99481,64453,73504,13867,1757.68,3990,1530,1261,9189,27311,10598,5163
2021,7,18,58533,67179,16858,96827,24449,1757.68,4823,2455,3597,7366,39429,48318,17729
2021,7,19,25122,2240,89932,41748,84,1757.68,4754,1006,1742,8424,75099,30609,17263
2021,7,20,55722,34090,7722,48335,53279,1757.68,3629,3163,3562,6838,41341,18734,35033
2021,7,21,4567,57518,51818,68164,89352,1757.68,2833,1658,3485,5540,72571,19852,41247
2021,7,22,90028,42326,95166,73122,92885,1757.68,726,3606,1422,7803,96940,40336,20265
2021,7,23,29188,50570,34852,64102,53760,1757.68,3463,3325,1142,5281,42840,11540,42546
2021,7,24,82880,75675,2942,92718,14792,1757.68,2638,1170,4189,8320,10643,43426,25513
2021,7,25,772,97079,8385,37830,74882,1757.68,3166,1714,2246,9369,84522,26005,5325
2021,7,26,71915,24339,684,21977,15972,1757.68,4093,3850,1901,7034,15848,16692,9876
2021,7,27,88899,26910,4215,39441,57417,1757.68,2866,3188,1936,5030,12369,12706,14859
2021,7,28,12927,40536,39943,85173,36258,1757.68,2530,3171,1310,9140,46500,31126,24466
2021,7,29,4441,56946,96329,72695,53981,1757.68,4386,2878,2509,9953,82318,19734,4249
2021,7,30,74812,81537,79467,3100,72787,1757.68,2620,1436,3723,5136,87237,34980,41836
2021,7,31,3381,31120,9504,68536,75685,1757.68,1013,1477,2949,9394,69171,33281,6004
2021,8,1,24910,26160,30452,1215,24831,2675.52,2377,2718,4843,5476,95505,23030,35378
2021,8,2,34450,97571,71754,97013,1160,2675.52,794,2279,1237,5279,24315,38592,6734
2021,8,3,51293,37145,51542,13634,22668,2675.52,1575,3929,3686,6766,65143,18516,1175
2021,8,4,95108,57522,41235,26303,69350,2675.52,4332,3798,1332,8758,13110,14638,3092
2021,8,5,77820,17555,453,60409,2834,2675.52,4001,4125,3264,6894,84111,15046,41120
2021,8,6,18070,97039,64861,11756,40417,2675.52,1623,1875,3877,8428,78177,39578,46357
2021,8,7,73654,27510,93378,40667,64948,2675.52,3839,4119,3094,9291,19527,47279,10540
2021,8,8,50412,34881,17758,45028,18128,2675.52,958,2548,1062,7171,64303,22026,1869
2021,8,9,73528,27279,23902,93757,47840,2675.52,3334,1492,1888,6136,62159,27239,2079
2021,8,10,3604,87351,86359,48050,96643,2675.52,1680,3405,3470,9437,16874,41597,22238
2021,8,11,47658,70743,44146,62916,14266,2675.52,4941,2792,3430,8842,97900,32621,24801
2021,8,12,77273,97588,54115,39565,90651,2675.52,1803,1220,4975,9513,75006,32969,32626
2021,8,13,8103,86688,12727,81573,16125,2675.52,4521,3782,3253,7158,26697,22518,21159
2021,8,14,74819,77992,26664,59601,36834,2675.52,2222,1862,3502,5386,86374,45505,24564
2021,8,15,11666,53178,56111,31641,39043,2675.52,962,2144,4156,7386,28717,18550,47470
2021,8,16,31200,34591,30415,55805,84610,2675.52,3322,1568,1455,9980,35380,18590,23465
2021,8,17,45902,43955,35099,756,6643,2675.52,1260,3307,1001,8723,66299,46395,21473
2021,8,18,66193,63614,93541,16701,73655,2675.52,1980,4853,3199,7504,60657,15626,38610
2021,8,19,87212,55332,33589,55019,60318,2675.52,4658,2570,4274,8942,23325,35916,35321
2021,8,20,48934,85939,70576,56288,4662,2675.52,2682,2205,1840,5158,15650,40494,36875
2021,8,21,51184,87238,95348,24384,985,2675.52,3543,4547,2687,8483,59565,17454,22357
2021,8,22,33804,35577,43279,63078,63038,2675.52,700,1970,3894,5920,84609,23555,16605
2021,8,23,39148,87293,77113,55988,99867,2675.52,1481,2402,3254,8180,16284,35591,31018
2021,8,24,46889,6681,90139,74576,55165,2675.52,578,1306,2984,8562,68397,31021,16057
2021,8,25,21519,95,9344,90413,2368,2675.52,648,1514,2597,7431,13853,13815,43954
2021,8,26,54801,76687,81218,23056,34867,2675.52,3646,1754,3739,5136,72681,16950,5707
2021,8,27,97545,67966,5575,15529,22881,2675.52,1549,1510,1702,9010,51163,42785,40324
2021,8,28,16199,47835,50652,30148,5267,2675.52,3962,1206,2542,6158,99473,17530,30857
2021,8,29,63591,24472,6867,92330,55961,2675.52,2584,3504,3865,8159,69033,12418,29548
2021,8,30,4835,81935,63848,11605,4180,2675.52,741,1729,4197,5598,66876,13190,15011
2021,8,31,68601,27192,77234,26143,85076,2675.52,1254,3665,2530,8120,57347,23490,26708
2021,9,1,49932,43348,17886,64443,12381,1800.67,629,1342,4829,7233,31198,16192,20983
2021,9,2,17976,67928,11742,5720,51157,1800.67,4320,4699,4789,6814,79774,32848,12557
2021,9,3,68070,44792,380,26190,2139,1800.67,1561,3422,2216,8902,49216,45948,23870
2021,9,4,51781,34846,72968,52963,32080,1800.67,506,1406,3444,7247,72125,11914,4166
2021,9,5,9804,62798,50652,99593,95965,1800.67,2441,1570,1569,9172,22926,10059,46778
2021,9,6,89394,19489,94834,22963,33935,1800.67,534,2067,1018,8229,55029,27326,44051
2021,9,7,78747,56888,10085,83544,54135,1800.67,4495,1186,1359,6499,96233,23675,48563
2021,9,8,53277,95027,54061,61198,94199,1800.67,2609,3592,1475,9798,13118,46761,26988
2021,9,9,42845,8169,48829,38093,66399,1800.67,1770,1496,3448,7450,61391,13934,20210
2021,9,10,6770,888,44224,84481,23739,1800.67,3156,2014,1835,8894,54564,46034,40458
2021,9,11,5556,42174,45979,18383,40968,1800.67,606,1382,2052,5334,38256,19614,18885
2021,9,12,66887,36379,37652,60335,44586,1800.67,4269,1354,1281,8492,35835,40019,49043
2021,9,13,25302,93992,17035,93490,22560,1800.67,4523,4467,1054,7442,62849,37442,37951
2021,9,14,87090,27994,87607,80494,58319,1800.67,602,1556,3593,8608,15190,23178,25863
2021,9,15,93342,26160,74534,9624,11005,1800.67,4642,2657,1432,6066,46146,19254,10369
2021,9,16,70979,2022,4090,17454,3875,1800.67,4896,2315,1284,5014,87809,35954,16940
2021,9,17,34718,44458,27511,29663,38757,1800.67,2840,2097,1130,7373,41720,32916,29402
2021,9,18,54094,7716,35575,91157,90744,1800.67,779,3074,3742,9830,95527,15902,31721
2021,9,19,38160,424,11285,49445,9279,1800.67,806,1418,4902,5828,90009,48658,49094
2021,9,20,8663,59202,47108,64223,2928,1800.67,3491,3372,2895,9065,64529,14582,38829
2021,9,21,80786,31661,81713,64528,2881,1800.67,4848,2392,1498,6132,23188,19645,43593
2021,9,22,11578,58587,96345,71480,37848,1800.67,1489,1509,1907,7202,27084,14834,2706
2021,9,23,22425,6928,38207,51672,5993,1800.67,630,3129,1504,6758,84009,19980,19088
2021,9,24,46967,68858,27373,73687,64990,1800.67,3331,2918,1006,6028,64397,29698,1132
2021,9,25,8734,50887,42560,86993,84483,1800.67,1826,3259,2922,6385,74930,15266,35996
2021,9,26,25473,46593,18397,92573,16320,1800.67,3904,4637,1262,6276,53323,10442,2406
2021,9,27,73189,63008,45522,15039,69036,1800.67,1088,4120,2156,5110,97465,27990,9919
2021,9,28,55996,49292,1250,65271,72029,1800.67,536,3853,1934,5284,22777,21795,42533
2021,9,29,17690,1682,51434,88952,24310,1800.67,2906,2497,4115,6864,28887,19502,21109
2021,9,30,29698,56329,79976,6854,26329,1800.67,1196,3675,3083,9810,80297,15112,27441
2021,10,1,77187,45318,66807,92471,68095,1462.77,670,4775,1386,5463,94084,27495,38602
2021,10,2,73371,7934,27963,93150,53173,1462.77,2847,4500,2440,6052,52180,21232,47466
2021,10,3,47249,67209,14316,66047,47506,1462.77,3727,4691,1096,8678,17162,18390,45780
2021,10,4,15488,43675,45318,21874,59138,1462.77,720,3859,1526,7376,58361,49563,5754
2021,10,5,7501,81209,75416,84941,43613,1462.77,2524,2213,4804,6839,89611,17332,27597
2021,10,6,32620,83339,83354,23716,43873,1462.77,4258,4359,1092,7486,97584,36030,16868
2021,10,7,16682,63306,84891,13072,73341,1462.77,2634,1690,1632,8050,82132,12550,43252
2021,10,8,81999,54657,7989,76803,41496,1462.77,936,4114,2290,5168,14182,15038,13952
2021,10,9,52036,13441,33226,12577,74368,1462.77,3607,2400,1894,9849,36824,33806,30810
2021,10,10,93101,99459,64647,50264,53861,1462.77,1038,1726,1434,5379,12660,18574,46779
2021,10,11,5683,64477,33397,2973,99645,1462.77,1838,3032,2370,6415,80608,18090,47579
2021,10,12,73578,45568,91843,84044,95417,1462.77,4202,4868,4477,5200,55131,48337,28667
2021,10,13,11980,22523,34197,29766,14254,1462.77,4047,4935,2684,8796,39260,43681,46857
2021,10,14,86375,16099,11714,80098,58867,1462.77,4539,2443,2889,6381,16486,49657,42322
2021,10,15,85049,17041,54527,29526,82242,1462.77,2862,4220,3531,8410,40337,29136,26010
2021,10,16,25268,45738,99073,69304,84534,1462.77,2984,2259,2134,9404,67356,46000,4685
2021,10,17,33372,31896,78444,87613,4630,1462.77,2269,4677,3322,8147,35554,10563,11283
2021,10,18,34158,79769,21136,99041,58180,1462.77,3177,4798,3562,7212,85453,16200,27826
2021,10,19,48286,98439,95355,35420,39488,1462.77,2772,4210,2310,6215,93174,31939,29064
2021,10,20,87498,46797,37969,32173,54944,1462.77,4087,1838,4643,7446,20845,44174,23523
2021,10,21,74401,15375,43973,97963,8976,1462.77,1057,3612,4215,7763,25383,16630,29426
2021,10,22,13179,23156,89266,40490,15724,1462.77,2428,4572,1186,6502,51744,16883,48793
2021,10,23,272,10833,22337,69915,7408,1462.77,4088,1807,4907,8834,79769,15606,9534
2021,10,24,20191,2179,73847,64406,36294,1462.77,812,4472,1574,6430,89961,20812,15582
2021,10,25,85223,78742,90385,30811,89139,1462.77,4045,4410,4313,5476,75676,26720,42130
2021,10,26,62267,6118,74880,37174,80530,1462.77,2407,1448,3178,7605,81477,18952,4649
2021,10,27,43188,78642,75296,98277,65072,1462.77,4088,1202,3998,5824,97455,49488,15257
2021,10,28,34306,77854,55251,3619,80587,1462.77,1690,2853,3396,6306,80026,33925,30928
2021,10,29,26218,33787,50998,15748,61392,1462.77,1571,4578,2467,6866,19206,42539,48827
2021,10,30,82124,4647,59185,42474,80472,1462.77,1961,1128,1700,7212,34747,31431,22993
2021,10,31,94492,31438,74285,47888,19360,1462.77,3164,1928,4449,5513,77676,15840,20664
2021,11,1,19248,86772,41808,36114,22330,1912.87,4588,1976,1234,7061,23799,49226,1408
2021,11,2,85376,54928,66424,32588,6027,1912.87,3430,3816,3491,7669,73175,25506,14208
2021,11,3,5834,35104,79956,71348,12780,1912.87,2038,3378,1114,6614,84492,37600,12149
2021,11,4,10896,35433,30929,53483,12495,1912.87,4060,2869,1007,5484,46808,32033,4728
2021,11,5,49692,6591,2202,54535,14260,1912.87,806,1444,1832,6348,24143,11936,25377
2021,11,6,4849,26183,4343,70120,86380,1912.87,4072,2275,1246,5000,67109,19464,5187
2021,11,7,59729,36170,67334,2088,71654,1912.87,4120,2696,2083,5358,92231,17694,30494
2021,11,8,28051,38625,4140,54883,81325,1912.87,846,2525,4464,6190,72644,40844,28283
2021,11,9,36727,46717,54472,93697,68070,1912.87,3161,2797,4101,6846,46236,45755,37933
2021,11,10,77341,80357,99804,30776,33031,1912.87,3470,2433,2010,5228,48667,44687,42035
2021,11,11,47244,75866,47213,18061,7406,1912.87,522,1962,2925,9727,70532,16054,19857
2021,11,12,67660,33694,95144,58113,96892,1912.87,906,1176,3087,8438,21359,37470,41380
2021,11,13,28410,19830,81256,75421,38791,1912.87,926,2385,1586,7319,20445,29545,29923
2021,11,14,3528,95702,6382,2805,41781,1912.87,630,1592,1958,5293,83904,23849,26914
2021,11,15,23025,4124,14434,77465,24147,1912.87,4934,3908,1973,6189,44328,27115,35793
2021,11,16,92464,80788,29501,98252,64459,1912.87,4149,2985,1999,8630,70790,15150,49947
2021,11,17,27444,40941,29572,54402,22587,1912.87,4602,1962,3951,9035,39426,24449,29828
2021,11,18,61180,4361,43358,33153,66902,1912.87,1619,4365,1176,6120,73968,15634,4038
2021,11,19,72419,34470,33621,50770,85000,1912.87,4549,2442,3054,7718,83195,16992,20763
2021,11,20,30301,77799,78956,80604,3186,1912.87,1405,4365,4094,8982,97517,22347,18382
2021,11,21,51505,74138,81713,52681,96610,1912.87,3315,1546,1502,8287,36148,15718,22034
2021,11,22,5402,7051,36649,99808,7524,1912.87,1800,4175,3994,8458,51131,17179,19845
2021,11,23,30489,38889,81545,85935,86355,1912.87,3282,2858,1816,6346,90539,48864,45415
2021,11,24,94732,25207,84244,1235,93494,1912.87,890,3894,3793,8382,15053,10598,20392
2021,11,25,98285,31854,21845,12279,43961,1912.87,810,1612,3215,7354,93087,14569,39328
2021,11,26,39121,1370,68781,25024,24069,1912.87,3887,3799,4525,8974,36385,44370,9320
2021,11,27,61227,61826,9617,5020,23915,1912.87,2688,2198,2875,9074,50829,33187,24670
2021,11,28,212,96640,40341,28427,40346,1912.87,4347,4466,1149,8127,20841,41569,33429
2021,11,29,3799,44730,10370,4676,85564,1912.87,4045,1789,4932,5013,68161,15198,13107
2021,11,30,66036,40850,3749,38911,51734,1912.87,2097,1944,2568,8790,96722,15838,4578
2021,12,1,56070,87381,29720,84198,24574,2534.52,4347,4302,3010,9023,71218,27468,37642
2021,12,2,8069,34360,52401,49435,2521,2534.52,948,4721,2699,8768,11454,17266,33951
2021,12,3,42829,79751,76198,87971,92825,2534.52,1540,3894,4195,5234,49443,28768,1886
2021,12,4,50254,53791,14424,14616,62814,2534.52,2083,2234,1270,6758,36668,38873,35642
2021,12,5,44787,52138,98595,82486,22869,2534.52,1114,2048,2503,7336,70019,15328,26402
2021,12,6,479,36560,80575,4674,49172,2534.52,3441,1562,1342,8442,30391,29325,30018
2021,12,7,49858,72476,66560,86211,83312,2534.52,1435,3097,1716,9974,26935,10936,19580
2021,12,8,82783,34402,92985,5287,34417,2534.52,1966,4894,1840,7540,39567,15086,13004
2021,12,9,63910,89361,80864,64069,53578,2534.52,3393,4786,1446,6304,22348,49744,27607
2021,12,10,45884,63784,44195,33952,3814,2534.52,4887,2947,1882,8458,24585,22650,37482
2021,12,11,17228,61552,7545,49495,79092,2534.52,4581,3000,4175,7214,23421,22752,13464
2021,12,12,39403,66815,58892,55837,93120,2534.52,1932,1446,1046,9942,89306,15188,31240
2021,12,13,19960,34194,68136,58194,4770,2534.52,843,3349,1258,9488,87843,16068,42722
2021,12,14,34555,18777,25421,3731,30573,2534.52,2834,1327,2008,6930,58515,41479,48842
2021,12,15,82966,46800,96834,44341,79279,2534.52,4528,1188,1685,8040,90135,15622,36140
2021,12,16,86737,37331,96156,73714,8423,2534.52,4781,2976,2775,5201,46706,49700,34000
2021,12,17,30396,89542,52380,62404,91267,2534.52,3882,1176,4045,7067,34923,19675,10895
2021,12,18,19560,44452,1618,72597,38468,2534.52,814,1555,1766,6558,15268,15454,41753
2021,12,19,26910,71402,96834,29685,36604,2534.52,736,1998,4432,8115,45753,14112,9892
2021,12,20,75362,65988,47635,49408,83055,2534.52,878,3965,4713,7051,91561,14532,48911
2021,12,21,45156,21965,72441,90591,64875,2534.52,4446,1783,1878,7631,37819,28417,4061
2021,12,22,33876,33557,95416,83308,81672,2534.52,1710,3385,3507,5646,22792,22913,7521
2021,12,23,19608,74579,41880,79321,11631,2534.52,850,1785,1756,5300,63727,11958,33441
2021,12,24,86706,24527,44766,62168,82158,2534.52,584,1032,1141,9434,15692,14164,32586
2021,12,25,76224,72403,87550,99731,9452,2534.52,2644,4058,1272,7070,24731,29254,26694
2021,12,26,30668,34937,86040,2425,33934,2534.52,822,1286,1300,6524,99158,39154,16120
2021,12,27,99110,89743,5188,31603,8447,2534.52,2118,4669,1980,9668,12182,35437,37232
2021,12,28,92714,39749,80848,10338,20624,2534.52,4591,2642,1866,7962,86418,14312,21931
2021,12,29,8103,58178,27791,98748,74702,2534.52,2901,1366,3042,9440,38116,15690,26949
2021,12,30,63024,235,58863,89010,66255,2534.52,798,1310,1438,7997,85657,10786,9615
2021,12,31,59929,25250,20332,33147,83585,2534.52,606,1686,4927,8088,13580,11970,6751
2022,1,1,94687,46143,60783,20480,611,1470.39,3502,1698,2485,8863,83451,13834,18624
2022,1,2,29662,58772,69166,67660,60781,1470.39,3939,2381,3537,7085,85965,15287,21855
2022,1,3,17384,94004,46567,1824,789,1470.39,4563,1930,1590,5686,15954,15650,2547
2022,1,4,25322,15809,82848,19159,4673,1470.39,2609,4333,2773,8126,18344,18553,32651
2022,1,5,96333,62284,20936,54870,55722,1470.39,1509,3104,2256,9427,91280,18044,23253
2022,1,6,18327,20844,29872,99719,27542,1470.39,748,2862,2986,9146,72020,32658,45826
2022,1,7,63571,60982,16992,21344,19108,1470.39,1248,1791,1322,7080,86661,36044,1689
2022,1,8,16789,39523,75502,34045,55302,1470.39,3440,3627,3976,8312,73346,31518,16782
2022,1,9,60490,55068,733,38476,35988,1470.39,1133,4557,1526,8964,20900,19194,22754
2022,1,10,6166,93501,986,36489,87037,1470.39,3885,3824,4872,8782,54220,15174,3999
2022,1,11,81168,22661,88802,85144,20973,1470.39,3013,1462,3566,7502,36289,19553,28500
2022,1,12,22852,57424,69111,72938,11901,1470.39,3483,4417,4863,5821,87257,36899,6363
2022,1,13,79820,26143,7076,56045,40529,1470.39,1218,3047,3955,6371,39543,21280,11296
2022,1,14,54872,88909,19095,88438,22655,1470.39,4343,1857,4158,9805,51147,14830,5384
2022,1,15,66169,9631,91828,82384,85452,1470.39,634,1623,1579,5428,37667,28460,45438
2022,1,16,70357,8886,32860,70664,1609,1470.39,1943,1479,1311,7389,61269,10454,22403
2022,1,17,82774,35613,78528,28284,95418,1470.39,694,2937,4304,7521,76672,24756,29675
2022,1,18,89311,62307,22732,27243,71368,1470.39,702,1723,1280,9836,28739,37243,10399
2022,1,19,43669,37035,60076,4980,64425,1470.39,1648,3549,3308,5910,91832,35077,21345
2022,1,20,29850,77527,63016,85507,71401,1470.39,1614,1430,3346,9345,87952,39713,39688
2022,1,21,9744,10007,47790,11731,81273,1470.39,3973,4940,3562,5400,46271,27986,26529
2022,1,22,96745,67920,57888,86405,84448,1470.39,1482,1306,3598,9004,16154,14998,49721
2022,1,23,90537,59121,92062,8883,8466,1470.39,4948,4560,2724,5484,46290,16014,46366
2022,1,24,39266,61617,28937,52828,37017,1470.39,2166,1958,3126,5053,36517,43925,25208
2022,1,25,54774,24352,74575,98373,75201,1470.39,4722,1484,1201,8135,90971,24666,7081
2022,1,26,34502,5920,25580,57226,68657,1470.39,2573,4273,4837,6509,77101,12854,38222
2022,1,27,81717,24268,69672,41195,29321,1470.39,510,1814,1892,6046,15170,22092,6189
2022,1,28,83127,61245,87830,65680,99381,1470.39,1698,1934,1072,9138,23810,36081,45154
2022,1,29,70499,1384,10355,36689,7893,1470.39,4894,1930,3074,9565,47154,23747,3808
2022,1,30,32106,48627,74194,78998,41025,1470.39,2442,1016,1959,5271,12374,32691,5716
2022,1,31,16777,62881,32925,34202,45158,1470.39,574,1322,4469,6988,68696,48713,6735
2022,2,1,8591,4674,95223,34508,68181,2398.14,2964,1806,1742,8314,74183,31581,35322
2022,2,2,95757,14687,64894,17380,20869,2398.14,4156,3749,1861,9428,45258,19947,47585
2022,2,3,21344,77267,44418,68332,45963,2398.14,968,1818,4156,7054,10832,32336,43131
2022,2,4,48728,4729,65495,24595,83043,2398.14,2527,1270,4363,7420,28881,41584,39678
2022,2,5,51358,63038,91686,48219,47747,2398.14,3165,4089,4210,8934,53773,26524,36944
2022,2,6,22066,5605,47430,86222,69011,2398.14,4909,2738,3920,6598,58684,23314,19193
2022,2,7,40082,81212,84817,10797,84985,2398.14,2380,1341,3087,8140,84559,40834,13699
2022,2,8,47362,19077,26276,77924,98012,2398.14,4447,1428,3357,8228,39001,37367,46401
2022,2,9,87422,73911,21458,77694,74314,2398.14,2360,1502,2705,8734,57895,12689,30142
2022,2,10,65875,76628,99031,58963,87046,2398.14,1148,4406,4017,8775,12329,17028,33590
2022,2,11,71529,83129,53457,89886,17710,2398.14,3604,1482,2719,5686,99175,23385,8810
2022,2,12,11556,82888,20484,89261,35065,2398.14,1949,2290,1014,7331,76252,42051,28379
2022,2,13,50921,8753,92810,86291,83881,2398.14,3318,1662,1950,6264,61645,38679,21491
2022,2,14,81937,71602,60162,81009,3016,2398.14,745,1856,3576,9894,36535,43640,25690
2022,2,15,85960,4838,10932,57318,72169,2398.14,720,4441,3640,8529,25731,12520,3536
2022,2,16,46372,45402,84281,67342,18529,2398.14,1021,1817,3878,6182,14177,13014,12278
2022,2,17,58224,84923,84170,16801,76151,2398.14,890,3461,1893,7723,35778,14062,37057
2022,2,18,57612,51499,69856,2604,76380,2398.14,1475,2750,2339,8458,90092,25868,45587
2022,2,19,94385,12466,9038,28263,95000,2398.14,2860,3223,3136,8146,70023,10358,23215
2022,2,20,19087,96816,79101,77332,50892,2398.14,2745,4854,2729,7600,43809,25460,31231
2022,2,21,89539,75285,98212,46879,7392,2398.14,4098,1775,2120,8135,46389,28471,4656
2022,2,22,71350,44251,81695,79486,42632,2398.14,1475,3069,4885,5575,55401,32128,1718
2022,2,23,6807,79499,56983,5888,57100,2398.14,2699,2989,1075,9078,19744,49818,1594
2022,2,24,16918,65318,17946,50390,13453,2398.14,882,4801,1288,6907,80638,33920,30687
2022,2,25,44978,77115,78342,9863,69042,2398.14,3342,2199,4593,5324,14438,12206,1670
2022,2,26,16116,12139,66034,8543,24401,2398.14,4712,2670,2570,5324,24411,37375,42254
2022,2,27,39696,19625,88529,80985,96533,2398.14,1256,2861,2633,9597,84075,48026,19168
2022,2,28,9693,42418,40227,55638,57742,2398.14,3681,1734,3154,9438,15102,15120,4665
2022,3,1,56167,81578,7243,15176,5989,2149.94,4870,1236,3145,5854,38497,18664,44618
2022,3,2,17111,96359,31298,76709,96786,2149.94,2752,4202,1814,8389,13295,13846,29325
2022,3,3,33423,19856,90074,74489,34958,2149.94,2808,2475,4205,5050,22650,12430,47629
2022,3,4,9668,77521,43511,9165,13376,2149.94,2829,1837,4717,9126,39897,15718,32008
2022,3,5,4803,59002,47057,57057,17391,2149.94,3975,2164,1558,8106,41653,47867,26704
2022,3,6,68029,49462,55343,63586,80864,2149.94,550,1070,1865,9996,99694,35240,27993
2022,3,7,7001,93876,48430,18071,3003,2149.94,2276,4156,2328,5685,97565,31071,38328
2022,3,8,82389,61541,48236,78948,31941,2149.94,3166,4968,1412,8509,63553,36564,6241
2022,3,9,92854,45036,43447,64719,70029,2149.94,1310,3381,3368,9490,27803,22722,9494
2022,3,10,19420,70080,13232,83100,75765,2149.94,4170,4505,3688,8758,53452,20628,10797
2022,3,11,34999,96619,20597,7053,11480,2149.94,4968,4333,1082,6840,85403,15565,1014
2022,3,12,79261,51715,25299,32629,66455,2149.94,1703,2225,4532,9878,85324,15297,3102
2022,3,13,62083,65848,89803,50771,94606,2149.94,1398,1920,2576,8006,69359,13366,9607
2022,3,14,8848,29329,21094,54384,49096,2149.94,1300,3355,3210,6422,77335,41016,6497
2022,3,15,81052,99039,43242,20585,50325,2149.94,2233,2406,4413,8387,63176,10750,28567
2022,3,16,34346,34575,51326,23274,42921,2149.94,3681,1767,1365,9558,22503,15460,20686
2022,3,17,51272,25156,43816,9482,53107,2149.94,1006,4157,1541,7488,71093,36865,37503
2022,3,18,38658,39679,15625,33071,14418,2149.94,3440,3762,4727,6118,72036,22647,28801
2022,3,19,26804,12070,40768,93169,73197,2149.94,4980,4467,4777,8795,50300,15776,29623
2022,3,20,6298,17151,8394,59191,27243,2149.94,2408,1808,1044,8032,15322,49934,29487
2022,3,21,56833,53763,15050,86560,76233,2149.94,559,3035,1022,5366,12555,38702,37086
2022,3,22,12301,37536,29522,33430,22683,2149.94,1313,1358,3324,9706,20874,40566,29823
2022,3,23,95545,83283,22819,47414,61315,2149.94,2348,4499,3254,9618,37410,34487,38141
2022,3,24,15835,29322,3875,47693,62000,2149.94,1395,1312,1669,5916,24081,18714,32783
2022,3,25,45739,31747,71037,59064,47805,2149.94,981,4700,1545,8799,14238,11466,41911
2022,3,26,76940,4463,3711,1547,33212,2149.94,1033,1618,1798,9907,13089,48794,41122
2022,3,27,22690,49485,39446,9360,31754,2149.94,574,3843,1624,9834,69258,18866,29879
2022,3,28,14362,85241,35482,22259,40392,2149.94,502,2331,3409,5180,35229,46620,42596
2022,3,29,36302,21263,78370,23097,27522,2149.94,1890,1758,2295,7687,75922,39048,41459
2022,3,30,7567,10986,82892,35543,33437,2149.94,1323,4149,2390,6804,86408,27781,2151
2022,3,31,5752,77879,11465,69161,73059,2149.94,2132,1434,4307,8166,65160,11829,46694
2022,4,1,37051,78393,25607,81090,54315,2277.03,534,1651,3898,6902,31439,16048,14655
2022,4,2,68226,95589,19791,31382,98349,2277.03,2132,2578,1582,5298,81989,38433,13924
2022,4,3,4777,24054,89094,81630,89214,2277.03,4940,2615,4314,5547,23704,33628,1856
2022,4,4,6554,45065,31632,20452,1967,2277.03,2851,1543,1270,5292,17924,23359,13071
2022,4,5,36566,71409,82290,78306,94053,2277.03,3090,3828,3331,8762,80457,43896,14279
2022,4,6,73106,46750,36512,68772,38649,2277.03,3751,1686,1632,6262,82005,39950,26569
2022,4,7,13453,84858,26494,4816,23851,2277.03,4526,1690,2177,6815,38720,26229,10770
2022,4,8,57447,21812,41410,62130,10347,2277.03,1026,4804,4967,8889,68575,39968,38219
2022,4,9,85458,3680,1523,23442,54062,2277.03,3391,3866,4736,6236,88681,17184,33528
2022,4,10,67006,83208,85355,15535,76375,2277.03,3115,3820,2238,5876,95950,38936,40428
2022,4,11,54095,68329,88741,55415,77218,2277.03,774,2675,2000,6522,19814,31408,7317
2022,4,12,96784,82213,31627,97873,88449,2277.03,2811,1806,1218,8165,14798,12593,36660
2022,4,13,48593,61809,46414,27183,94037,2277.03,1119,3131,2043,9728,19897,20613,8716
2022,4,14,78528,31632,99641,55875,44888,2277.03,2283,3022,4320,8909,55894,39121,2109
2022,4,15,71922,95058,77280,8140,3224,2277.03,732,3167,1962,7006,11702,19520,47324
2022,4,16,58566,27822,17652,85610,49033,2277.03,2574,2560,1072,8886,83434,30418,3901
2022,4,17,24323,87070,4793,24996,22332,2277.03,946,4252,2096,8208,19198,25319,10688
2022,4,18,21423,23125,59840,13259,22975,2277.03,2778,1539,1438,6781,83500,14746,21542
2022,4,19,70682,6075,8659,56213,28289,2277.03,2982,3963,1038,7774,10310,17845,42094
2022,4,20,84814,40779,12098,56911,81230,2277.03,3581,4003,3965,9554,32261,26939,14490
2022,4,21,96314,15040,58479,12028,31821,2277.03,1774,3853,4405,7166,91417,18102,8332
2022,4,22,93878,94400,78010,89393,18527,2277.03,3589,4691,1826,5687,92953,26678,38320
2022,4,23,50177,41536,45682,20494,82660,2277.03,2432,3973,4334,9078,91000,15024,44296
2022,4,24,30594,84127,76361,11352,2264,2277.03,804,2492,3529,9526,15142,13407,17779
2022,4,25,19430,41827,33100,81231,77514,2277.03,2908,4041,3939,9941,64534,16599,26053
2022,4,26,80589,61967,61925,89924,50581,2277.03,3782,2526,4755,9718,17764,22018,19277
2022,4,27,24273,45627,84511,2803,76737,2277.03,1209,1165,4573,5660,77395,22086,2748
2022,4,28,8066,1656,66128,92005,87949,2277.03,4955,3537,1354,6879,74812,25911,47014
2022,4,29,22509,38595,89790,92264,78737,2277.03,4281,4361,1298,8791,22163,14958,15019
2022,4,30,51539,54725,49898,12464,36738,2277.03,4549,4802,1651,7028,53158,49600,43645
2022,5,1,28115,34490,5725,81346,9302,2593.32,3853,4247,2777,6116,59335,11214,47989
2022,5,2,76750,78697,79793,25542,17212,2593.32,3431,3288,4774,5895,25025,19552,33526
2022,5,3,56797,69828,21423,90178,22986,2593.32,570,2451,3215,5304,48797,13868,37375
2022,5,4,90636,69003,28116,94765,65120,2593.32,3912,3220,2499,7420,83761,49711,37452
2022,5,5,43583,93546,88000,43357,15793,2593.32,4479,3940,4203,7286,79117,22188,29377
2022,5,6,44629,66041,5993,82845,75040,2593.32,1712,2026,3791,9510,76790,10534,4790
2022,5,7,94984,90704,63484,77483,761,2593.32,3545,4342,3493,7896,16230,39285,13597
2022,5,8,27273,23531,78227,26476,80785,2593.32,822,1764,4735,8134,24608,31126,23696
2022,5,9,42150,87674,13153,82293,78854,2593.32,3907,1574,1998,7390,67670,47758,39944
2022,5,10,47339,77569,58453,20833,91817,2593.32,1006,4089,2384,9400,61916,49520,12503
2022,5,11,78392,43285,41286,34479,14293,2593.32,605,2793,4918,8757,55086,15123,32246
2022,5,12,85053,58994,55312,82051,42736,2593.32,4808,1425,3254,9234,27257,25070,39335
2022,5,13,17116,53728,44160,35852,58423,2593.32,754,3165,1434,6657,87644,46357,22429
2022,5,14,58903,69602,69151,45174,48359,2593.32,1648,3411,4581,8312,31813,42316,24237
2022,5,15,37647,27975,65095,87253,82587,2593.32,2322,1053,2430,5678,51905,37205,42352
2022,5,16,95263,87278,90371,60975,80287,2593.32,3683,1090,3967,5678,17065,12326,44367
2022,5,17,83423,43715,62090,83005,42027,2593.32,1672,1024,1876,6766,83276,20815,43903
2022,5,18,15471,11951,36869,77901,84785,2593.32,910,1398,2402,7342,73725,39040,38774
2022,5,19,16195,47409,60934,96515,90243,2593.32,798,3665,1712,7281,73021,30090,27999
2022,5,20,97536,31046,76115,35765,54165,2593.32,1579,4634,2693,6904,63886,22477,25743
2022,5,21,98574,78993,85229,7328,17173,2593.32,1368,4718,1361,7301,46232,12956,8954
2022,5,22,51652,71425,2974,89717,58706,2593.32,4806,2593,3391,9122,16724,27555,25995
2022,5,23,38016,81289,47190,42061,91088,2593.32,4538,1012,1420,6118,13340,39944,11077
2022,5,24,75072,26061,89663,81433,99714,2593.32,740,1364,3671,7436,57432,48729,35896
2022,5,25,6060,27240,71323,29452,5865,2593.32,3358,1918,2319,6900,18406,34758,46032
2022,5,26,14329,33183,90772,20749,49301,2593.32,2044,4371,1523,6706,22155,46236,20464
2022,5,27,18954,32897,13953,42626,62962,2593.32,2706,4021,4976,9028,14824,37192,21386
2022,5,28,25060,38183,97424,18731,25083,2593.32,4840,4410,2897,9926,76510,32197,49716
2022,5,29,31075,69907,22921,93950,52966,2593.32,1537,1918,4324,7990,30895,14580,45077
2022,5,30,58228,88602,42659,89556,33982,2593.32,1747,1598,3369,8350,10474,13834,23835
2022,5,31,23887,30316,9215,73136,57279,2593.32,1685,3353,3335,9220,98654,41300,2077
2022,6,1,55193,29571,50358,42035,76819,1867.77,1613,1771,3005,6168,15753,13690,23996
2022,6,2,49268,91146,85210,73438,17973,1867.77,3675,3287,1166,6811,11140,49007,5013
2022,6,3,74849,10271,87343,69454,8926,1867.77,1839,1906,4564,8548,38855,11126,28643
2022,6,4,32544,55469,33155,31902,77989,1867.77,3741,2255,2756,9974,17044,40728,15260
2022,6,5,45315,47073,39016,25894,50236,1867.77,1252,1478,1203,8594,94536,46480,10934
2022,6,6,73589,36376,93302,48153,44925,1867.77,887,3819,3976,9041,25720,48316,32157
2022,6,7,14301,30814,25572,3409,21116,1867.77,4137,1430,1040,9504,17360,12560,8969
2022,6,8,10438,66280,81359,97994,94874,1867.77,825,4813,4974,8264,32965,12510,42247
2022,6,9,52636,48853,16422,56613,14246,1867.77,4928,4897,4307,6852,48306,10423,42143
2022,6,10,55821,58796,93206,61861,8300,1867.77,4487,1574,4511,5845,33082,45736,18233
2022,6,11,24444,43908,80550,69418,64387,1867.77,667,2022,1286,8386,73634,18642,29867
2022,6,12,50584,44915,70567,39891,41767,1867.77,1665,2586,4019,6222,75798,18614,35225
2022,6,13,94455,10286,37408,95318,42483,1867.77,1053,1926,2101,6438,36343,11487,36842
2022,6,14,17822,28364,28510,12893,36805,1867.77,3560,2387,3410,9126,43629,10362,18496
2022,6,15,44351,26648,19116,38370,2870,1867.77,2040,2324,2903,6462,17996,30385,11266
2022,6,16,97642,48,63664,44743,88002,1867.77,1229,1654,4722,8798,18714,31526,1142
2022,6,17,19587,57276,85266,82997,66402,1867.77,4525,2104,1092,9992,65473,16832,28895
2022,6,18,51258,38866,72088,89161,49666,1867.77,898,2306,2479,9561,16810,35481,31081
2022,6,19,65921,80982,7656,10643,82073,1867.77,2168,3011,4997,7433,17359,32750,26371
2022,6,20,22681,38237,9855,78222,78229,1867.77,2984,4486,1100,5722,34998,30210,41681
2022,6,21,38857,20897,43869,36336,70459,1867.77,3168,1378,4602,5824,63373,48026,18621
2022,6,22,72195,55542,82390,88544,49328,1867.77,1293,2007,2985,7500,66580,32566,49750
2022,6,23,89181,19566,78405,36078,77341,1867.77,2640,1196,1312,5730,52532,37461,13403
2022,6,24,61482,7053,90192,11084,52877,1867.77,932,1422,1862,7851,29965,24785,3565
2022,6,25,73953,17612,63145,11938,15112,1867.77,855,4291,1292,9259,56720,42982,29725
2022,6,26,69015,89361,75531,19666,98574,1867.77,2126,1014,1467,7317,87489,17402,44415
2022,6,27,883,62951,62119,42693,37154,1867.77,2477,1105,1046,6973,39395,41157,42084
2022,6,28,26698,251,61801,8692,39511,1867.77,3025,3524,4233,7120,44541,22806,18522
2022,6,29,87971,1668,99213,55790,65337,1867.77,558,2570,1004,8602,25262,12658,36702
2022,6,30,47039,59092,14264,73085,56065,1867.77,4242,2762,1070,9606,15620,26122,20011
2022,7,1,75831,50999,51502,35738,95540,1409.35,3707,3558,4872,9496,95247,42925,40660
2022,7,2,55982,77818,58930,94584,19433,1409.35,2973,3523,2702,8534,34588,29064,12088
2022,7,3,61653,33703,49325,54047,57860,1409.35,1314,3689,2797,5640,69426,18786,41800
2022,7,4,39827,9487,84600,29699,5335,1409.35,2624,1315,4016,7905,72251,43448,29847
2022,7,5,76345,30225,71972,85399,77635,1409.35,4462,4286,2965,9526,93333,30824,22912
2022,7,6,21939,91000,80866,81088,40167,1409.35,776,4992,1130,6166,26043,31464,1202
2022,7,7,16575,48668,59133,90591,62925,1409.35,4038,4269,4311,9478,24667,21946,47736
2022,7,8,11626,89131,11233,84592,19270,1409.35,840,2559,1916,5276,38646,16726,20918
2022,7,9,79278,74424,48428,55408,11152,1409.35,3223,2725,3137,9450,34668,19374,24471
2022,7,10,60091,18707,41683,54403,7421,1409.35,2700,4046,1832,9398,14578,14916,32703
2022,7,11,91203,35405,65013,19471,48038,1409.35,2905,2314,1580,6332,99073,21936,20011
2022,7,12,10803,52298,66015,50292,64653,1409.35,2704,1095,1490,5982,11849,43161,1376
2022,7,13,93442,54550,62208,81626,24834,1409.35,4078,2387,2600,7222,68210,31990,15845
2022,7,14,6805,56116,25657,17591,92448,1409.35,878,4601,3379,7598,86244,24383,24731
2022,7,15,38927,38949,15479,74668,49688,1409.35,2828,4480,4580,5750,41105,11542,43680
2022,7,16,62232,46536,4506,96184,33330,1409.35,3173,1142,3830,6134,57724,37629,22716
2022,7,17,44913,13603,73583,38292,35496,1409.35,2674,1556,1086,9020,65440,14814,9827
2022,7,18,4537,83269,40648,19118,79656,1409.35,4883,3238,3288,9388,54422,11617,31753
2022,7,19,68457,48948,1752,13639,69130,1409.35,1268,1602,4430,9686,68684,41277,25828
2022,7,20,1030,97712,32051,16157,58569,1409.35,2322,3104,2111,7969,98573,43119,13844
2022,7,21,19723,73457,51358,64363,69198,1409.35,979,4005,1079,8176,67643,40208,5780
2022,7,22,36263,18912,70603,25693,76467,1409.35,3321,2495,4701,6926,93651,28269,5639
2022,7,23,45568,7326,7727,59031,45296,1409.35,2149,1369,1108,7024,45731,31657,6300
2022,7,24,25639,88063,35663,96718,48498,1409.35,3278,4760,3569,7770,26804,15035,3306
2022,7,25,95871,26479,92531,65573,58203,1409.35,802,1038,1210,7919,79151,21505,2534
2022,7,26,24220,31302,69227,20328,51161,1409.35,1984,1798,1458,7646,89868,34221,31310
2022,7,27,40952,43147,85334,95873,67027,1409.35,907,4248,4968,6884,44820,29522,28491
2022,7,28,22323,55015,49644,48534,72934,1409.35,1390,2152,1670,5617,33831,27607,28795
2022,7,29,53279,35816,4407,89003,89814,1409.35,4576,2117,2420,5074,42989,20798,44275
2022,7,30,19752,53898,47,91072,73687,1409.35,593,1009,2585,7862,60894,21870,11220
2022,7,31,99032,97285,35376,75479,19254,1409.35,3086,3884,1374,7698,77886,11187,19207
2022,8,1,83815,58305,71891,75077,1295,2224.19,4827,1543,1782,5899,45229,12066,9041
2022,8,2,22845,57591,35595,93082,18485,2224.19,3464,2121,2840,9718,67726,28398,7466
2022,8,3,19733,56611,99773,43577,50850,2224.19,4398,4663,1242,6288,19488,13078,27313
2022,8,4,91681,20920,74806,33472,6819,2224.19,1480,4662,2625,8427,39095,12462,20036
2022,8,5,62245,47560,60936,71437,64207,2224.19,4834,3938,1624,5959,43867,19854,28662
2022,8,6,93272,38266,87137,95240,20907,2224.19,3502,3938,2795,9659,62409,40965,46877
2022,8,7,9695,98891,86980,3673,3670,2224.19,2486,1836,1338,6852,37349,20544,42428
2022,8,8,38435,87184,70836,40059,53143,2224.19,2531,2765,4319,6020,58005,40225,14703
2022,8,9,9249,56508,35517,27044,46167,2224.19,4360,2213,3167,7691,92237,16836,47926
2022,8,10,30119,41076,82750,36458,50849,2224.19,3353,4282,3634,8386,45693,43128,20099
2022,8,11,25243,38225,55895,94563,50597,2224.19,1139,4844,1758,6655,12986,49276,13900
2022,8,12,50934,3952,37842,64101,91644,2224.19,2289,3113,2505,6390,90922,38353,46431
2022,8,13,32842,14277,43989,56476,24817,2224.19,955,1094,4257,7426,60973,44854,39682
2022,8,14,52101,62113,54699,55211,15121,2224.19,839,1053,1889,8680,46505,19884,7939
2022,8,15,5112,43795,24351,8969,56538,2224.19,2322,4378,1810,5270,45853,20717,15273
2022,8,16,97344,28161,37129,41601,66363,2224.19,1454,3462,1565,7505,90025,41685,48102
2022,8,17,81796,10865,74091,60037,69545,2224.19,4921,1007,1494,5054,99976,37279,20597
2022,8,18,85896,63651,26658,48149,71313,2224.19,898,3655,2023,9410,10255,33385,38863
2022,8,19,70447,63063,18200,63364,70568,2224.19,934,3714,1790,9139,28750,19970,8225
2022,8,20,49736,75024,12345,46831,45647,2224.19,4109,2894,2322,7119,96042,13634,28673
2022,8,21,15982,31260,48642,49357,19957,2224.19,4093,1754,3311,7300,70117,25230,25250
2022,8,22,91870,25167,93945,27311,54307,2224.19,3647,1602,4070,7343,67223,19442,39047
2022,8,23,6017,67686,23963,98339,94805,2224.19,3325,2137,2615,6646,92846,37571,20005
2022,8,24,18568,41940,94326,73231,41937,2224.19,3460,3806,4609,8756,77468,10267,14444
2022,8,25,47804,42468,97014,78226,19811,2224.19,4293,2178,3273,8256,56869,18868,30589
2022,8,26,98261,35195,2920,82229,94865,2224.19,4799,3432,4056,8260,12086,45993,45766
2022,8,27,44921,17828,46152,50882,26584,2224.19,2501,1486,3790,9038,68963,34952,39972
2022,8,28,21455,23258,77132,69729,1514,2224.19,509,1125,1102,8428,98353,30410,34001
2022,8,29,60546,68154,10195,14603,48631,2224.19,595,4902,1036,6746,60783,23971,13210
2022,8,30,13070,88285,64711,11860,29151,2224.19,1811,1220,3282,7894,36685,41147,33674
2022,8,31,57943,82195,7274,59841,46976,2224.19,512,2520,1118,7270,22122,10236,5627
2022,9,1,49070,81368,11043,22168,42152,2666.87,974,1787,1076,6904,75938,16101,1367
2022,9,2,10260,26544,5737,34202,79581,2666.87,3496,1774,4156,8336,25101,26135,46884
2022,9,3,24940,32623,32619,75386,71097,2666.87,1743,1518,1834,9138,58685,27602,4085
2022,9,4,505,10275,90743,82933,73722,2666.87,4033,3980,4575,9038,34534,39155,16681
2022,9,5,18006,59383,67282,38514,27719,2666.87,4648,2658,1357,7248,44395,28805,42384
2022,9,6,17704,32491,65324,19507,31629,2666.87,3461,2132,1280,8416,31416,40708,24010
2022,9,7,37236,46803,24690,46811,67924,2666.87,2317,1866,4957,9598,24442,29027,25576
2022,9,8,28334,5443,48038,69691,19062,2666.87,3496,3116,1275,7648,72623,22903,8785
2022,9,9,4181,52437,21389,71168,6640,2666.87,1876,3874,1926,5844,14082,33882,19157
2022,9,10,28493,59354,69811,79802,95304,2666.87,750,3637,1047,6446,19368,11750,10605
2022,9,11,48355,8176,4578,89630,88348,2666.87,3885,3879,1986,6625,96399,10538,43553
2022,9,12,85782,8276,12854,1741,61193,2666.87,1974,1036,1198,8136,17582,40897,19890
2022,9,13,98742,77370,14535,31141,16940,2666.87,2600,1206,1638,7068,54923,13790,40567
2022,9,14,97082,50161,78673,59422,66786,2666.87,3400,3919,4698,5042,70659,27242,25072
2022,9,15,77495,72634,99631,73089,77122,2666.87,686,1734,4188,9862,14014,12480,1820
2022,9,16,51791,5956,77775,16885,9485,2666.87,1676,2918,4210,6830,82339,15995,32698
2022,9,17,73124,10741,34915,72822,68346,2666.87,574,2192,1830,6045,51632,38032,21926
2022,9,18,67865,31971,80247,63406,43196,2666.87,885,1337,4556,7328,28221,19040,3602
2022,9,19,2709,14899,41959,1919,96599,2666.87,4266,4722,2742,5532,58895,19582,40651
2022,9,20,73811,25312,14632,1073,91357,2666.87,922,1156,3234,5703,38978,15572,16265
2022,9,21,89305,31216,69120,98861,84875,2666.87,4252,3934,4942,5136,22205,41541,13693
2022,9,22,33214,22824,27616,17308,58356,2666.87,4746,3517,3173,8766,49590,35882,2863
2022,9,23,50643,55047,11456,65229,40750,2666.87,4362,1405,3000,9676,45265,49226,16786
2022,9,24,38526,79519,19513,83469,88434,2666.87,1361,2998,4540,5328,55305,39248,41718
2022,9,25,88191,25052,87766,32717,25782,2666.87,4950,2775,3754,5524,58004,49503,37356
2022,9,26,79543,13719,95910,93895,38552,2666.87,3120,3428,3396,5274,93248,41829,7527
2022,9,27,70703,34610,79828,51595,36290,2666.87,842,1674,1536,9930,73548,18606,1485
2022,9,28,48668,74851,95094,57422,87608,2666.87,3277,3501,4519,5538,77395,17718,19450
2022,9,29,93065,70516,47851,62814,99500,2666.87,4642,1553,2060,6646,38148,28350,41100
2022,9,30,52307,28991,69183,45195,40303,2666.87,3864,3970,3932,5309,46391,37891,9083
2022,10,1,69669,21393,60630,5207,98788,1971.29,4623,1318,4253,7436,85153,36704,15052
2022,10,2,98431,71708,45118,15605,26208,1971.29,4263,1646,4001,9457,11852,34435,23468
2022,10,3,9674,823,84720,84983,47214,1971.29,1092,3234,4002,6156,54792,18292,22611
2022,10,4,54477,69416,44796,50083,63204,1971.29,1786,1634,3007,8255,77238,10566,46301
2022,10,5,38075,61502,15765,97076,7312,1971.29,1510,1984,4790,5172,18319,16720,43969
2022,10,6,55192,64412,41590,99194,3838,1971.29,3334,3313,2149,9481,24747,45353,46383
2022,10,7,65783,27887,6988,142,76142,1971.29,708,4216,2079,5658,27643,19390,1166
2022,10,8,36793,75507,2727,81583,8088,1971.29,4937,3279,1858,7879,78824,11302,21046
2022,10,9,60614,53512,80312,42763,72993,1971.29,4467,3774,2945,7806,55268,18182,5060
2022,10,10,28385,15977,39655,90464,25153,1971.29,1205,1944,2804,8931,59878,14406,17299
2022,10,11,99978,66168,14171,1787,14047,1971.29,3784,1011,2858,8200,50126,35850,42996
2022,10,12,25507,54594,90978,74804,82401,1971.29,998,1578,3573,9896,17599,14930,46246
2022,10,13,7195,10157,65670,49999,89088,1971.29,890,1694,3066,5678,23554,38465,41900
2022,10,14,40760,47339,29477,3618,51435,1971.29,820,3292,4196,6797,68096,32948,29603
2022,10,15,9395,68339,60085,87968,8235,1971.29,1692,1746,4191,7436,81779,19270,44036
2022,10,16,31965,99022,31400,40031,46787,1971.29,3495,2545,2292,8658,15040,20078,4954
2022,10,17,3927,63336,63371,54475,10133,1971.29,2422,1766,1156,7726,23845,24391,31467
2022,10,18,57894,31890,56173,78437,21955,1971.29,4419,3918,3325,5818,10300,15478,37952
2022,10,19,7124,88797,87657,25768,13121,1971.29,2197,3398,4858,5568,87873,10806,11524
2022,10,20,23387,91648,37221,55896,71859,1971.29,582,1103,1326,5630,24540,47612,27418
2022,10,21,90762,45312,17883,60439,97482,1971.29,549,4604,3331,9126,46724,46451,28184
2022,10,22,76082,58922,79850,67293,50842,1971.29,3634,4228,2074,8858,30123,13932,34075
2022,10,23,99625,26762,10036,25284,79572,1971.29,4247,1684,1238,7130,47123,43719,1866
2022,10,24,35314,24025,14677,68645,4935,1971.29,1447,2368,1673,7648,64660,37515,11401
2022,10,25,28076,33295,61744,20150,55502,1971.29,876,1478,1331,7638,96761,30902,8219
2022,10,26,77749,86009,33939,73987,9491,1971.29,4058,1155,2790,5086,29799,42724,47414
2022,10,27,92839,77599,40093,29512,5248,1971.29,2026,3322,4399,5121,69823,26252,21105
2022,10,28,19692,70257,14083,71023,80725,1971.29,3276,3472,3204,8890,48811,39046,10844
2022,10,29,65981,49222,203,3771,64308,1971.29,1495,3497,3952,5888,12062,29199,30002
2022,10,30,24045,36388,78874,94796,31509,1971.29,2399,2552,1246,5958,38574,32380,15049
2022,10,31,78678,73204,7206,91882,25419,1971.29,928,1398,1589,9110,11521,18054,22369
2022,11,1,58017,92098,1436,60956,95106,2582.77,1351,2844,2211,6146,95705,14528,46987
2022,11,2,33547,63258,58916,85029,1832,2582.77,526,1398,3501,7786,16804,20869,41297
2022,11,3,19220,24556,8811,66702,36077,2582.77,536,1806,4507,8324,87751,30964,27411
2022,11,4,41663,89104,78810,83875,1602,2582.77,2485,1499,2771,6401,52879,11918,24515
2022,11,5,74050,32938,47342,72551,21229,2582.77,4771,1818,1404,9876,23500,23832,30498
2022,11,6,12344,84037,84277,31851,78713,2582.77,2814,1530,3835,7975,20601,45436,38381
2022,11,7,32490,28087,46937,86613,10840,2582.77,2567,4888,4104,9908,57438,20332,49816
2022,11,8,86758,33562,10780,8163,34847,2582.77,1994,2189,4668,5256,95391,13380,1274
2022,11,9,71004,74559,50108,64839,32534,2582.77,1626,1375,3795,7134,67987,19278,20709
2022,11,10,39731,10555,94524,88835,16815,2582.77,519,4924,3227,5310,28086,12322,18314
2022,11,11,53283,10081,16616,4303,9056,2582.77,4034,1078,2916,8294,44896,35450,12007
2022,11,12,54851,21524,16826,69998,61438,2582.77,984,2519,1719,6859,22706,44885,34813
2022,11,13,75173,98226,64810,9752,876,2582.77,2825,1028,4328,5792,74811,28383,42896
2022,11,14,24151,8847,8443,27068,9341,2582.77,2517,1094,2565,5694,50540,35355,19691
2022,11,15,96859,46525,2875,8578,53384,2582.77,3463,4907,1509,8272,54659,23737,41933
2022,11,16,27521,33837,44247,46849,45981,2582.77,1583,1110,1226,6377,97197,19948,35411
2022,11,17,2421,76067,50491,26338,71761,2582.77,1692,3619,3906,7422,93548,33641,1031
2022,11,18,72852,47012,94902,29362,81637,2582.77,3098,1026,1100,7402,88708,12080,15913
2022,11,19,99107,80292,32211,59715,96670,2582.77,4662,1794,1826,6505,41778,19888,45761
2022,11,20,13888,53472,78559,77795,743,2582.77,2787,4945,1910,5386,35658,33458,22107
2022,11,21,88601,38757,58967,4701,18806,2582.77,1780,2911,2965,5343,77626,40986,47675
2022,11,22,61104,23641,56428,99282,20146,2582.77,4220,1570,4381,7778,44531,35123,14559
2022,11,23,76238,72319,75069,28060,95008,2582.77,1517,3607,1680,7878,18670,34640,10728
2022,11,24,84510,71441,18905,12475,3136,2582.77,4813,4238,1522,5194,63520,23020,12883
2022,11,25,57151,72741,23406,41532,76872,2582.77,3006,4460,1606,8075,97519,12974,17937
2022,11,26,45155,75389,51574,10990,12224,2582.77,1982,1732,4025,7158,25558,47161,6234
2022,11,27,43769,95372,27752,96643,54317,2582.77,1014,1466,1486,9419,69350,23587,7624
2022,11,28,93708,28709,43048,50315,46784,2582.77,3279,3289,3658,6204,35631,10881,6919
2022,11,29,58790,47614,57614,19168,94852,2582.77,1328,4971,4895,7046,51613,49211,33172
2022,11,30,18056,37629,60678,14772,63400,2582.77,3358,3459,1558,7757,40125,38223,46380
2022,12,1,58405,46514,69686,60962,98497,1356.9,4750,2461,4531,8917,57312,37702,30567
2022,12,2,21598,12284,82598,32030,80249,1356.9,1436,2876,3838,9726,97628,21569,48161
2022,12,3,69566,71088,63010,33675,11213,1356.9,1053,1946,4098,5974,63281,28946,1234
2022,12,4,87657,83033,41408,92188,38302,1356.9,1241,1251,2354,5191,24632,15214,48720
2022,12,5,43352,91069,41832,68542,72276,1356.9,958,3192,1898,9472,16446,17878,39460
2022,12,6,20706,79272,56783,1156,20010,1356.9,878,4017,4448,7860,16204,24101,20065
2022,12,7,36580,12446,50353,80286,23989,1356.9,2888,2340,2404,6071,35881,21031,41337
2022,12,8,1883,92345,45576,28781,11818,1356.9,4594,3874,3064,6376,50030,19425,3794
2022,12,9,92793,46484,93443,28593,84345,1356.9,2694,2275,4796,9398,17561,28784,25999
2022,12,10,60736,21802,46125,59492,67873,1356.9,523,4754,1414,9830,14886,10106,48359
2022,12,11,46245,14481,51395,95661,87209,1356.9,1438,1353,1232,9926,24945,31307,17777
2022,12,12,17232,43992,18584,88380,29743,1356.9,3515,1829,4297,5992,82672,17052,2497
2022,12,13,44351,13196,28276,35053,5647,1356.9,3924,3242,3993,5318,63902,11201,43162
2022,12,14,23095,45341,57555,3706,52926,1356.9,726,1318,2843,9948,74887,38937,48853
2022,12,15,72445,58403,95767,63094,4395,1356.9,1614,1686,2986,6241,10166,29984,28440
2022,12,16,9403,54074,14579,83396,75744,1356.9,948,1582,1454,9720,18894,43098,28482
2022,12,17,33708,20260,79607,92903,56560,1356.9,1840,1450,4248,7926,16906,49994,20846
2022,12,18,88750,46415,15092,13089,12656,1356.9,4424,3409,2017,8016,21804,27760,31593
2022,12,19,68837,99106,92950,25362,33961,1356.9,4812,2667,4807,6230,76921,21366,28196
2022,12,20,1617,75114,83075,47217,85425,1356.9,2210,4173,4289,8653,14482,16944,41523
2022,12,21,60246,63039,5355,62263,53394,1356.9,1374,2229,2615,5675,47590,26575,43511
2022,12,22,10224,98755,60595,91383,29526,1356.9,4100,1141,3981,8726,94709,14405,3869
2022,12,23,20050,91920,4932,74339,20574,1356.9,1282,2170,2934,6636,75785,41327,8545
2022,12,24,6500,32160,63557,49115,14188,1356.9,2042,1534,2605,8988,32144,22130,27500
2022,12,25,72857,61245,19624,18191,73420,1356.9,2595,3468,2604,7526,84158,19068,14333
2022,12,26,62424,25441,56700,50358,88430,1356.9,3037,4928,2002,7945,44042,45183,32485
2022,12,27,31797,2437,35946,74403,21426,1356.9,2884,1276,1380,5026,28823,35456,34442
2022,12,28,13193,61420,45277,35797,15298,1356.9,660,4072,4875,8377,60782,19322,29435
2022,12,29,862,68820,54585,81858,73117,1356.9,3392,4913,2415,5689,79315,10394,14979
2022,12,30,30131,58552,65826,75817,41060,1356.9,2624,1218,2420,5812,22752,16306,44650
2022,12,31,2336,34431,98143,73563,2808,1356.9,3218,3668,4095,8318,15094,17211,8925
2023,1,1,11623,22125,52901,57313,17792,2469.74,2442,1343,1106,9610,33754,10230,8093
2023,1,2,7236,20711,73691,80137,43464,2469.74,3823,2893,2254,9574,97052,17530,27761
2023,1,3,21957,17073,11626,26112,18951,2469.74,1596,1925,3665,9002,16978,11718,45189
2023,1,4,38941,8032,94152,45562,87643,2469.74,1832,4877,4968,6874,91365,24783,44259
2023,1,5,14635,90189,19029,23241,78927,2469.74,770,2235,3153,8747,43346,18455,16081
2023,1,6,63937,21295,15381,47602,52143,2469.74,828,2434,2649,5913,52995,31643,19618
2023,1,7,20172,99828,42873,1492,53055,2469.74,1275,4040,1564,5303,14572,36056,34238
2023,1,8,61385,98052,53292,94538,33152,2469.74,4344,2087,4283,9460,61040,11138,12990
2023,1,9,30695,42802,10212,74696,18715,2469.74,1338,3885,4386,5562,56729,32440,13207
2023,1,10,99800,83005,16481,56930,28308,2469.74,2985,1043,4517,5266,18870,37668,40114
2023,1,11,91970,96278,1108,42605,91003,2469.74,772,3048,4948,5592,29096,40015,12148
2023,1,12,35151,51787,95253,30889,17350,2469.74,3328,3500,4985,6161,90429,29645,1982
2023,1,13,36275,99767,85689,90792,62395,2469.74,4811,4363,3898,5918,96967,12514,2622
2023,1,14,58066,42349,44301,79367,14293,2469.74,733,4443,1535,7950,96683,17778,39749
2023,1,15,82968,76365,92385,34305,72526,2469.74,3949,1278,2580,5990,32295,11327,32815
2023,1,16,18612,27107,32043,17510,23026,2469.74,974,2442,2710,6190,93160,18355,29011
2023,1,17,90515,28894,84151,32050,76232,2469.74,933,1110,2197,9669,19718,46074,30834
2023,1,18,98836,40157,71227,97769,56147,2469.74,4095,1109,3331,9166,24970,10862,19874
2023,1,19,36500,65084,16504,24211,65849,2469.74,2565,2714,4909,6144,19082,47492,9664
2023,1,20,23901,12049,23043,81099,28071,2469.74,2172,1905,1522,9510,24673,28254,49249
2023,1,21,50976,121,69364,14308,91259,2469.74,2015,4109,1546,7046,84671,15948,44334
2023,1,22,59535,43589,47036,30796,86656,2469.74,3287,1122,1662,7681,16022,24621,18152
2023,1,23,66930,35179,51528,89039,66282,2469.74,2292,2256,2673,6026,31563,18742,42553
2023,1,24,63694,64932,60745,39463,14802,2469.74,3783,4335,4004,6614,21482,25660,45417
2023,1,25,28970,16122,2569,25522,33803,2469.74,598,2084,2104,8021,12254,28385,10575
2023,1,26,26927,89767,45643,19600,42775,2469.74,1234,1468,3488,6978,62282,23290,43558
2023,1,27,58747,76066,63978,47752,53236,2469.74,4763,3557,2933,8683,24078,13958,1813
2023,1,28,69258,90573,85173,31362,24947,2469.74,1099,3224,1060,6994,16730,40187,41295
2023,1,29,15299,40410,46656,90140,53740,2469.74,4781,2486,1354,7670,76589,20941,8938
2023,1,30,61923,32705,69499,96209,91388,2469.74,4296,1298,1853,9468,16724,16312,9929
2023,1,31,57115,84457,26376,38175,22550,2469.74,3361,4200,2311,5502,60691,41050,30551
2023,2,1,40473,69889,84364,583,46478,2380.61,3857,4181,1155,5698,70568,17436,5306
2023,2,2,55714,47565,642,5182,72275,2380.61,2295,3082,1519,6821,11984,48421,8793
2023,2,3,11536,66185,35733,52904,26876,2380.61,4561,3699,3023,9142,10278,25852,43135
2023,2,4,91934,95843,21387,33090,87260,2380.61,1877,2972,1752,7518,48153,44497,8307
2023,2,5,92663,26801,33932,10534,43623,2380.61,3954,1509,2099,9382,24412,10662,45916
2023,2,6,87821,60326,39026,67196,96955,2380.61,3048,3887,1853,8878,38328,39113,6012
2023,2,7,39093,55206,82086,94964,89076,2380.61,812,1737,3391,9744,17254,33365,46592
2023,2,8,35660,67577,4875,64112,78615,2380.61,4437,1435,2316,9640,49982,19270,45640
2023,2,9,30827,59383,24511,99032,90169,2380.61,3144,4261,3044,7670,40576,23471,12839
2023,2,10,66822,96390,21562,56565,2486,2380.61,1282,4496,2760,7508,18607,26374,30184
2023,2,11,89500,54398,59162,28169,45565,2380.61,3790,2742,4878,8300,91773,25047,25497
2023,2,12,51140,29919,20661,85536,66501,2380.61,4006,4673,3977,9222,12484,26462,11237
2023,2,13,77104,28872,47312,74864,56381,2380.61,2589,2231,1667,6751,90399,32231,15919
2023,2,14,52248,54191,74974,53478,42491,2380.61,4876,4981,3017,5536,95516,29517,33100
2023,2,15,26774,20876,45543,17103,67795,2380.61,4917,4897,2003,7228,36112,19735,1780
2023,2,16,23147,3703,31967,76167,46806,2380.61,3397,4052,1556,9723,68881,19046,22367
2023,2,17,49175,13759,29029,62192,79295,2380.61,3060,2419,3123,7214,39522,45918,40897
2023,2,18,71734,65792,90816,68737,23020,2380.61,4823,2517,1982,6790,38683,43787,43281
2023,2,19,9157,13434,9192,85713,79509,2380.61,1110,3682,1830,6490,14460,37477,28073
2023,2,20,23740,81638,26249,1863,85240,2380.61,2780,3324,2913,9906,58413,20932,32123
2023,2,21,98229,13237,49803,45211,27,2380.61,708,4182,3270,9090,11246,14130,38486
2023,2,22,58965,48710,42813,67148,15200,2380.61,4624,3938,3026,7224,57153,49617,16390
2023,2,23,79348,4934,22943,27261,76234,2380.61,4545,4461,2295,8704,36023,27322,47708
2023,2,24,69185,7725,52857,87456,88617,2380.61,2937,2581,4164,6070,31080,10715,30456
2023,2,25,43492,2057,16007,91519,99281,2380.61,2487,3627,4444,6781,11786,20678,23160
2023,2,26,94489,20434,61492,21785,84781,2380.61,926,1294,1591,9342,57771,10208,13868
2023,2,27,15122,92062,74142,60638,69164,2380.61,1353,2654,2277,7432,20524,13124,5222
2023,2,28,26871,78013,85186,21315,74794,2380.61,1992,4282,4210,9836,14846,45342,7426
2023,3,1,89229,15659,5295,23895,89783,2700.1,746,1843,2347,9458,51006,27568,31855
2023,3,2,53711,63661,51198,23774,84186,2700.1,643,2197,4292,7862,53342,33069,24108
2023,3,3,80303,22625,27280,50139,46395,2700.1,802,1254,3279,7390,75869,44413,22622
2023,3,4,3695,31238,76257,42395,63595,2700.1,4962,3657,2275,7512,57430,41460,27263
2023,3,5,11620,24427,70010,87264,12737,2700.1,674,4390,2328,7936,75881,17454,23352
2023,3,6,86585,26075,60698,91216,97915,2700.1,629,2961,4155,8237,60355,47749,36567
2023,3,7,5501,46670,97759,12776,84182,2700.1,587,1610,1944,6948,83063,25055,21542
2023,3,8,30300,69748,34446,92628,83711,2700.1,2702,1646,1401,9512,94214,34315,10327
2023,3,9,31318,79844,68629,31825,74433,2700.1,925,4932,2005,7378,18128,26186,28984
2023,3,10,81578,45999,88340,77545,52947,2700.1,2599,3246,2502,7044,92225,15138,37755
2023,3,11,63724,26280,44212,125,21031,2700.1,791,3699,4620,9420,17046,25404,38426
2023,3,12,64756,96450,5338,56761,6486,2700.1,2947,3062,1747,7638,81958,29693,30749
2023,3,13,25393,910,29292,82895,54306,2700.1,928,3028,4148,8246,34504,35179,21518
2023,3,14,55800,85297,70231,6772,21069,2700.1,2175,1656,3555,7738,42584,12794,20755
2023,3,15,84614,91884,10807,61361,29522,2700.1,2405,4913,1110,6697,54160,30682,42765
2023,3,16,58215,10972,98712,22363,11994,2700.1,3893,4144,4863,8258,90915,11872,49568
2023,3,17,81231,39443,58108,81138,93308,2700.1,2529,4272,3926,8335,55632,19226,17044
2023,3,18,7452,63038,26065,33829,99735,2700.1,4510,4300,2547,9573,13015,35892,46577
2023,3,19,79142,36909,36389,30357,47385,2700.1,1288,3614,3098,6046,19512,42757,43656
2023,3,20,77791,97281,87030,3069,11968,2700.1,2867,1550,3402,9366,69598,38137,9014
2023,3,21,96861,84110,28790,20760,30035,2700.1,3004,4175,1190,9392,39532,42449,41805
2023,3,22,53049,42173,87417,52499,2920,2700.1,520,1428,1610,8636,17782,39119,47168
2023,3,23,7650,57997,74891,46052,74632,2700.1,540,2843,4949,9330,24955,41336,10841
2023,3,24,87487,97960,512,98904,23704,2700.1,2705,3103,4919,5121,45601,17838,6396
2023,3,25,58641,7209,14900,69441,55845,2700.1,4912,4845,4376,9802,25897,30360,15029
2023,3,26,60643,26438,68204,21945,72120,2700.1,4632,1926,3821,6495,74861,47525,9511
2023,3,27,2892,48919,40629,34163,94040,2700.1,3353,2680,1142,6514,38472,31987,2583
2023,3,28,14634,63385,78185,20362,79539,2700.1,2073,1533,1871,6546,94829,35342,4082
2023,3,29,11140,24462,11301,34962,70957,2700.1,2486,1662,1432,9466,24362,11824,2515
2023,3,30,58401,92716,14505,84544,92320,2700.1,2882,3304,2713,8598,43666,28603,19329
2023,3,31,65149,77092,85137,28372,78721,2700.1,3713,4860,1566,5014,24821,16184,46318
2023,4,1,23660,98287,61665,79478,22649,3129.33,2878,1715,2992,9714,24035,14652,23489
2023,4,2,21656,63692,56387,82722,23710,3129.33,4221,1612,1478,5194,79521,32795,34990
2023,4,3,72659,69382,19927,64025,10555,3129.33,2904,1140,1299,9568,30043,15300,28014
2023,4,4,43058,84274,13368,97402,23047,3129.33,4722,4701,2446,7460,43774,41155,37403
2023,4,5,78803,7997,41957,65281,16941,3129.33,4427,4598,2211,8716,53622,17766,21479
2023,4,6,12367,27879,84684,55019,47448,3129.33,646,1856,1434,7380,17058,38397,31079
2023,4,7,87441,25333,99451,4887,2793,3129.33,2393,1594,1221,8710,63226,18161,43226
2023,4,8,42181,27655,74113,49392,28360,3129.33,3509,1462,1236,8193,95744,19412,27735
2023,4,9,15624,32415,26269,30976,82452,3129.33,4372,1243,2209,5175,14972,41354,46878
2023,4,10,28401,69876,89301,79622,74226,3129.33,4134,2757,1533,9206,82148,41244,18880
2023,4,11,82334,82011,81971,54299,66556,3129.33,566,2178,1480,6330,29505,25284,44067
2023,4,12,79560,15231,11528,51770,406,3129.33,4475,3805,3884,8775,24778,29461,19010
2023,4,13,17655,88913,12219,30540,59864,3129.33,1784,2196,4080,7414,12846,41987,10719
2023,4,14,64174,2909,74167,7006,35591,3129.33,2289,1262,3901,5718,83270,19306,3672
2023,4,15,79179,42746,64464,84415,7874,3129.33,3875,1879,4506,9810,88771,17506,39242
2023,4,16,19516,76908,12918,28597,63366,3129.33,583,2538,1046,8878,50896,46965,25764
2023,4,17,31126,99538,12115,50027,59707,3129.33,685,1958,1678,5046,39650,28707,11738
2023,4,18,39391,19878,36940,50249,12323,3129.33,4617,3190,3969,7534,76786,32334,25711
2023,4,19,59650,13722,26226,21025,41176,3129.33,2989,2300,3010,6455,38678,19069,27122
2023,4,20,58193,24364,24306,29028,90865,3129.33,4086,1606,1550,8270,96854,12508,13957
2023,4,21,3088,17824,77051,22057,51710,3129.33,4391,1358,3909,6968,32382,41436,20189
2023,4,22,40442,66724,13737,33452,13179,3129.33,2520,1371,3130,6366,13046,33994,2416
2023,4,23,7135,24485,30601,23672,1863,3129.33,1179,4949,1629,9581,43358,13338,43807
2023,4,24,99770,64102,41049,32,11070,3129.33,1467,1510,1505,5204,84961,19684,39783
2023,4,25,23972,3835,41056,17102,47013,3129.33,2448,1006,3641,8810,94169,16855,7806
2023,4,26,8208,46702,21806,86189,76283,3129.33,4527,1052,4264,9350,76083,13380,15164
2023,4,27,46711,33903,8196,3216,5459,3129.33,2899,1572,3342,5046,79235,10354,9509
2023,4,28,4464,96684,47205,3106,61084,3129.33,4960,1294,3075,8117,71831,30709,41375
2023,4,29,39633,87711,73114,85249,44638,3129.33,1933,1347,4451,8822,94563,19666,49197
2023,4,30,59638,83815,50692,72980,14122,3129.33,4686,4936,2961,6890,54393,20396,29927
2023,5,1,90707,6040,59044,48824,94223,1761.81,3456,3284,2866,8438,42921,28415,39754
2023,5,2,31991,34270,94219,82119,45185,1761.81,3107,3998,1170,7439,59471,12448,49128
2023,5,3,97126,94409,55410,10368,48802,1761.81,1336,4507,3197,6214,18762,17552,25807
2023,5,4,96485,9492,7056,25704,99548,1761.81,4118,1537,1204,9386,30008,45781,49977
2023,5,5,13816,88116,91133,96339,35555,1761.81,3786,4031,1334,8918,75751,10165,1218
2023,5,6,72707,57088,66025,87256,13819,1761.81,1026,1655,1550,9433,52358,46098,20708
2023,5,7,85762,72829,43988,86360,87517,1761.81,3492,2683,3463,9624,14021,30369,23996
2023,5,8,90229,39161,79402,51592,19709,1761.81,3108,3766,4943,8276,96021,17532,21505
2023,5,9,31193,8400,85417,27744,27833,1761.81,802,4945,1954,8370,16304,14470,4127
2023,5,10,74529,81150,32155,52992,20774,1761.81,3360,2353,1687,9113,95297,37747,12528
2023,5,11,66970,73406,62866,11913,33891,1761.81,2026,1435,3637,8794,18366,27821,8887
2023,5,12,42922,49372,57768,69876,49904,1761.81,698,4431,1572,9204,77422,42346,40424
2023,5,13,11732,77136,19700,29772,72601,1761.81,2518,4570,4754,6294,67834,10002,31349
2023,5,14,5623,54861,36432,89261,60008,1761.81,3433,2928,2684,9670,89155,27588,11962
2023,5,15,81625,6206,2020,53197,55410,1761.81,1894,2141,2929,6406,96912,11881,45795
2023,5,16,12943,80783,1452,34049,27519,1761.81,804,4493,1006,7342,55105,16857,19287
2023,5,17,3791,88539,36138,31475,79740,1761.81,838,2715,2850,7434,30911,13070,25294
2023,5,18,23229,92807,86754,12510,90753,1761.81,4390,1782,2151,8806,70447,24670,1782
2023,5,19,77833,75845,74164,18331,34025,1761.81,1540,4166,4158,7677,85641,13897,29269
2023,5,20,12971,27408,91613,60822,54842,1761.81,876,4421,3034,7186,13870,10286,38877
2023,5,21,67204,97674,75185,64355,89868,1761.81,762,2699,2827,5891,19118,21852,45632
2023,5,22,41512,53922,26019,75671,41600,1761.81,919,1852,1706,7778,48094,26612,28012
2023,5,23,52761,28528,21035,17147,12066,1761.81,2284,1250,3341,7468,76327,48208,44317
2023,5,24,9453,98056,32260,63632,93948,1761.81,976,1862,4914,7854,27480,46513,34642
2023,5,25,5866,33401,33788,77637,47285,1761.81,4249,1396,1761,6570,33542,10366,31882
2023,5,26,2304,5827,50800,60646,69647,1761.81,850,1830,1533,7465,75434,14726,43479
2023,5,27,8459,10918,87292,13373,5124,1761.81,1238,1988,4523,8950,19938,11807,31124
2023,5,28,8259,25579,44556,35020,83566,1761.81,1550,1748,1130,7412,62866,36274,28098
2023,5,29,17180,4424,98077,75065,61889,1761.81,1897,1698,4428,8790,10358,11816,23511
2023,5,30,61664,76310,16893,26188,86335,1761.81,4346,1898,3800,8902,45964,47366,38223
2023,5,31,93352,52515,49588,93628,42568,1761.81,1253,4746,3228,8668,51162,11469,28806
2023,6,1,78060,98168,68621,24952,98239,2261.33,1615,1808,2768,9154,93585,45990,24524
2023,6,2,99853,4531,26143,98755,66847,2261.33,3458,1434,3095,8370,78279,15270,23509
2023,6,3,14691,54378,1482,9020,5540,2261.33,1859,4951,1117,7354,24902,25708,12951
2023,6,4,36356,11518,16608,60476,57024,2261.33,1465,1876,1075,5224,71982,47921,26546
2023,6,5,22469,80441,33634,61916,98878,2261.33,702,3567,2641,6626,22587,38180,28265
2023,6,6,44600,15799,88132,72069,93983,2261.33,2776,1689,1816,5958,14338,14279,13035
2023,6,7,57282,13630,87508,88357,62589,2261.33,2629,1046,1282,5238,63324,10328,9490
2023,6,8,80879,93493,68728,63520,25142,2261.33,3051,4740,4816,6183,41808,10230,7667
2023,6,9,85570,55938,96840,42825,86674,2261.33,3455,3954,3984,7766,48662,46573,4004
2023,6,10,20453,51292,97982,76735,20258,2261.33,3245,1135,4797,6658,81006,46290,11306
2023,6,11,57343,49058,82383,97160,21593,2261.33,3661,3513,1480,8166,82690,49505,40544
2023,6,12,64505,56146,43460,14842,17109,2261.33,1414,2560,1116,5747,30646,46373,8474
2023,6,13,3406,78892,13861,74555,12217,2261.33,845,1830,1130,9579,83069,31868,44867
2023,6,14,10123,63084,21734,22955,23585,2261.33,2459,4440,1148,9110,19281,27677,4424
2023,6,15,90744,47048,31590,66860,72796,2261.33,4584,2552,3830,6898,67106,19254,28588
2023,6,16,4663,54304,88310,64939,23884,2261.33,3158,1458,1636,9792,73312,24397,37731
2023,6,17,89316,95772,78839,66237,78043,2261.33,540,1166,1406,7446,68349,34314,48120
2023,6,18,86794,47934,43219,60624,41379,2261.33,3022,2392,1970,5354,27330,21215,26677
2023,6,19,39062,90489,71573,6228,75381,2261.33,624,1047,1322,5814,47283,35050,44885
2023,6,20,73935,23901,20188,35454,32107,2261.33,1119,3899,1470,9337,95874,44200,38537
2023,6,21,56014,58897,56593,53346,26580,2261.33,4560,1993,1536,6133,88220,32495,1134
2023,6,22,7370,85197,63543,48026,61012,2261.33,4427,1297,2429,9615,86750,49535,27178
2023,6,23,24504,89222,18435,77326,34911,2261.33,2877,2275,4557,6646,76973,32489,14310
2023,6,24,61098,51534,14483,51861,14019,2261.33,708,1388,4250,9782,85765,15261,19055
2023,6,25,74133,1546,16559,41562,21161,2261.33,1097,1336,1934,5883,39341,10143,19661
2023,6,26,6545,27219,83772,96103,88041,2261.33,3591,4137,2277,9425,17350,42648,10745
2023,6,27,94832,68059,80389,99082,15013,2261.33,695,4144,4050,7220,30706,21562,32506
2023,6,28,49619,88156,83579,74852,64039,2261.33,4995,1935,1166,5118,83037,18150,22920
2023,6,29,95863,27981,3668,24492,3758,2261.33,2139,3588,1779,7768,14021,36792,37370
2023,6,30,62738,94717,42289,46788,24675,2261.33,4702,4292,2501,9274,49143,15794,22995
2023,7,1,491,44828,74041,35609,44217,1950.9,1470,2196,3590,5962,92305,35959,28571
2023,7,2,39454,90894,7740,19686,21267,1950.9,2422,2335,3171,5561,57009,42518,10884
2023,7,3,30264,31302,70020,14896,96797,1950.9,3798,2287,4090,9191,49247,33306,27912
2023,7,4,57762,97071,21855,6352,69385,1950.9,3663,3837,1404,6402,28522,42671,14160
2023,7,5,93638,27297,75007,96809,72859,1950.9,4326,4473,4668,9346,50721,26464,32016
2023,7,6,3610,89520,90104,92701,35063,1950.9,2358,2824,2773,8436,15527,22157,39352
2023,7,7,78373,24191,30995,99778,56945,1950.9,2448,1933,4517,7454,63742,42375,25870
2023,7,8,65822,53069,28202,45490,28767,1950.9,3305,3728,4793,8409,41428,19856,28923
2023,7,9,84113,139,29033,36886,64352,1950.9,4042,2724,1782,6388,58853,16806,44560
2023,7,10,98610,1302,25333,18128,35108,1950.9,1854,2280,3494,5055,62769,14482,5427
2023,7,11,33978,1075,52342,35124,45836,1950.9,4979,1299,1066,8032,99536,24611,10122
2023,7,12,44923,74931,33688,46377,97672,1950.9,4775,1280,1614,6459,30759,11652,42541
2023,7,13,51886,57615,78933,26732,29022,1950.9,698,4351,4127,5380,14474,21315,41702
2023,7,14,92807,69454,83967,3067,69817,1950.9,4029,1090,3433,7716,77467,12218,33504
2023,7,15,20257,98595,68738,46802,61406,1950.9,3453,4642,3462,7385,56373,19942,49497
2023,7,16,45439,86719,81836,20918,85756,1950.9,2232,4914,3466,6199,97980,18282,12662
2023,7,17,26055,92010,15725,840,36078,1950.9,1944,1333,3137,8162,19486,19542,43192
2023,7,18,41530,27940,99185,31345,15325,1950.9,750,1534,3628,8367,81679,10735,5559
2023,7,19,61029,40265,55650,59495,82816,1950.9,4128,3869,3342,9852,19426,14419,19982
2023,7,20,69397,83005,87105,77534,25038,1950.9,2076,2919,4529,5234,30615,49853,6591
2023,7,21,34523,80796,26968,93151,29163,1950.9,982,1590,1615,5887,66036,14430,25000
2023,7,22,95870,10165,89652,74212,86369,1950.9,3631,1538,3716,8378,49650,40105,15712
2023,7,23,98679,13079,23025,33208,75691,1950.9,4413,1774,1582,5474,19715,29948,3640
2023,7,24,67732,89954,86491,49347,15842,1950.9,542,3062,4042,9779,18254,31763,2527
2023,7,25,35492,7257,37528,50560,99345,1950.9,664,4374,1607,6518,47581,17310,3530
2023,7,26,33,63347,35216,50820,6080,1950.9,767,1366,1236,7230,55861,43429,4931
2023,7,27,86137,85990,21492,81532,22122,1950.9,3294,3964,3725,6638,24523,13069,40117
2023,7,28,20704,31540,77444,53663,77933,1950.9,2312,2965,4723,7527,45136,27154,41377
2023,7,29,68811,92256,17317,30047,25866,1950.9,3475,2002,1048,9942,93533,13992,23178
2023,7,30,1435,56828,87957,65160,74001,1950.9,4580,1055,1722,8375,64718,18650,28832
2023,7,31,79753,43383,48973,828,40911,1950.9,2981,4720,2715,6626,56118,28581,44109
2023,8,1,79594,56936,26699,40912,66821,1650.94,2345,4999,4998,7724,13999,40181,40691
2023,8,2,68438,41408,66904,6814,6126,1650.94,2917,4507,3234,7498,13548,47342,37911
2023,8,3,48078,32842,59,9727,88960,1650.94,905,4904,1926,7603,42167,18746,44992
2023,8,4,44646,866,8746,5996,24723,1650.94,2528,3159,1016,9432,16324,11950,39097
2023,8,5,33695,19242,68841,36930,22986,1650.94,623,1062,4803,7033,80789,30114,25610
2023,8,6,12025,58047,15020,30303,62003,1650.94,4048,2999,4403,8300,28995,49125,23539
2023,8,7,63243,41524,8638,60098,37308,1650.94,4430,2354,4203,8270,40635,33540,24962
2023,8,8,40232,91259,70956,81387,74645,1650.94,1501,3020,1142,5754,33323,38144,18097
2023,8,9,16411,48724,11145,90815,72870,1650.94,1291,2463,4366,9866,28912,18026,6492
2023,8,10,56243,8343,55381,16798,72965,1650.94,684,4548,3625,5198,10934,28269,46016
2023,8,11,55741,22436,81291,81884,65308,1650.94,582,1718,4688,7523,88884,10258,30966
2023,8,12,54015,11528,21373,68382,42809,1650.94,2759,4050,4979,8139,32199,47944,1174
2023,8,13,20507,32537,77493,24132,20182,1650.94,3753,1852,2214,6395,74156,42521,38427
2023,8,14,47361,44185,90592,27049,58060,1650.94,958,2074,2355,7374,96807,11062,45828
2023,8,15,83968,49567,65566,75300,74058,1650.94,3243,4563,1652,7087,35046,33185,47765
2023,8,16,21866,53800,75460,49080,86547,1650.94,2953,3906,1278,9802,77307,18211,49616
2023,8,17,60725,89618,96638,84432,23300,1650.94,946,3619,4362,5736,98918,33419,43445
2023,8,18,46980,38514,27983,93632,71953,1650.94,3169,3817,4532,9970,59249,36078,29381
2023,8,19,50948,33555,86338,77452,98451,1650.94,662,1062,4613,8651,59957,18538,29997
2023,8,20,68448,10904,32884,27810,60119,1650.94,1228,2097,1666,5562,11814,17246,31802
2023,8,21,1295,10251,52437,50827,11583,1650.94,3257,2529,1591,9594,39980,10041,28038
2023,8,22,85943,1995,35569,71908,60646,1650.94,1171,4092,4133,6662,56901,49251,11878
2023,8,23,78561,34482,6350,65228,56396,1650.94,3845,4042,1334,5276,24868,11614,23431
2023,8,24,37023,44478,24144,98614,50424,1650.94,534,1365,1118,6927,16554,43116,14125
2023,8,25,38805,5797,72209,94290,36204,1650.94,3541,4763,1295,9890,79990,19043,45463
2023,8,26,39673,20189,43086,89705,29174,1650.94,1318,1196,3783,5461,64809,29206,34306
2023,8,27,55938,56169,15573,38409,83096,1650.94,2876,3252,1994,6006,32541,48547,40197
2023,8,28,31899,26083,13312,44547,42325,1650.94,3589,3348,4841,6062,88052,18040,9654
2023,8,29,57332,55723,25212,2467,47537,1650.94,1673,4825,2541,7204,58233,11988,6373
2023,8,30,70146,56110,241,16139,42547,1650.94,4685,1602,1798,8706,51694,33893,32783
2023,8,31,54003,81636,32242,196,54662,1650.94,4210,3345,2368,6254,30811,12522,36647
2023,9,1,28837,76083,86040,58786,34316,1566.87,3931,1777,4620,5069,65675,13754,14380
2023,9,2,76107,72824,5323,20456,24519,1566.87,809,1153,2809,8102,77167,40807,39216
2023,9,3,66568,5513,49528,67341,52676,1566.87,838,2864,1866,6468,56649,32533,5785
2023,9,4,57610,85581,55663,38582,47002,1566.87,2335,4460,1036,7657,76267,35031,37690
2023,9,5,13226,67077,57537,17387,58081,1566.87,4545,4647,1567,8154,16690,18496,34704
2023,9,6,46209,15531,7108,28075,25113,1566.87,1960,4073,1388,5254,37654,29042,30109
2023,9,7,86665,6342,68503,97178,80351,1566.87,3560,4927,3197,6096,43665,10550,11122
2023,9,8,57153,18211,43630,13720,42284,1566.87,2962,3491,3852,6421,32918,25316,1970
2023,9,9,26531,26231,24390,8572,75205,1566.87,3965,1868,1088,8820,59045,31438,28396
2023,9,10,99942,23958,7719,44492,30055,1566.87,2121,3558,4594,6070,17277,11877,1384
2023,9,11,59073,56593,16721,59277,3014,1566.87,4592,1800,2220,5333,70818,17425,15991
2023,9,12,3729,41137,45646,4817,79957,1566.87,2606,4897,3648,5334,40740,25054,4692
2023,9,13,61709,87862,78613,31303,94965,1566.87,4531,4036,3834,5216,29664,21847,12243
2023,9,14,58595,14257,34096,67167,55942,1566.87,943,4669,2401,6589,80837,42357,21266
2023,9,15,1281,99796,38608,46281,10121,1566.87,2687,3180,3561,5312,35834,28525,29348
2023,9,16,44894,95366,48914,13728,87969,1566.87,1927,2914,4185,9526,46433,15126,28578
2023,9,17,73640,97377,41148,36042,93966,1566.87,3398,1597,3131,6724,74230,14603,38337
2023,9,18,29058,28270,52784,12619,60921,1566.87,1143,1638,1366,6408,35893,18650,38618
2023,9,19,34986,37821,67570,60523,6547,1566.87,2000,1558,2731,6304,16227,38048,30355
2023,9,20,21484,10978,49647,75967,60688,1566.87,570,4744,3497,9705,18714,29417,40229
2023,9,21,14676,26210,51584,15010,82618,1566.87,4664,3954,3001,7182,94476,14548,3830
2023,9,22,33941,36477,44735,61672,35976,1566.87,4720,3810,3290,5718,49776,48977,10962
2023,9,23,5947,6699,55074,74444,16405,1566.87,878,1079,4996,7214,62440,32613,23788
2023,9,24,75626,82106,16568,33627,2044,1566.87,3174,1976,1854,9260,14007,16198,27396
2023,9,25,36574,30080,90009,24865,95798,1566.87,802,3095,2835,5267,92538,45591,6138
2023,9,26,19055,29103,43023,19052,899,1566.87,1664,2875,3920,9178,42854,11936,5464
2023,9,27,78332,57381,58299,58556,16642,1566.87,4753,4566,2384,8982,94430,14533,22306
2023,9,28,37252,84625,32629,16439,29892,1566.87,3382,1218,1252,7756,84348,37871,41519
2023,9,29,93220,2366,80748,13492,53302,1566.87,806,1632,3685,8220,90187,46678,39954
2023,9,30,82763,81294,16246,85148,62408,1566.87,4680,1010,1651,8661,48800,15798,10676
2023,10,1,77183,23193,60801,64940,23893,2909,4510,1257,1552,8718,79558,16678,48673
2023,10,2,40161,11192,15762,34266,1379,2909,3380,2671,3685,8527,61430,39360,12441
2023,10,3,34560,77441,17365,83221,26242,2909,4752,4775,3450,8982,84714,22343,25259
2023,10,4,15577,75578,64953,61348,79932,2909,3423,1606,2054,9185,70709,39784,44512
2023,10,5,57978,4090,72457,36663,38969,2909,2374,4879,4031,9738,89452,20272,1982
2023,10,6,34998,79205,6400,49800,29757,2909,3494,1685,3043,6904,39384,12974,41115
2023,10,7,14311,2809,99418,86365,98346,2909,1148,2674,1144,9922,18682,29535,20127
2023,10,8,31548,51711,35768,75579,11450,2909,2202,2798,4423,8601,28949,17302,25220
2023,10,9,76068,17445,12217,59111,87244,2909,2084,1553,1532,6038,17106,35458,1602
2023,10,10,7981,96770,58133,98549,78079,2909,4435,4625,1070,6774,85203,13331,17469
2023,10,11,21774,47406,42482,26197,32359,2909,1728,3426,3875,5296,67536,42470,21432
2023,10,12,73250,5974,94024,44011,43828,2909,820,1807,1413,7914,66707,39491,14645
2023,10,13,87773,27496,15469,39656,24050,2909,2986,1656,1570,5468,88371,13139,17024
2023,10,14,16900,65100,21566,22127,86749,2909,4596,4997,1426,9952,20360,21605,5454
2023,10,15,39616,82533,23414,51029,86486,2909,1872,1228,3967,9390,30264,24369,6473
2023,10,16,89365,33252,20193,70145,95072,2909,4635,1970,1590,9670,50448,43115,8564
2023,10,17,43007,65045,53113,70785,90016,2909,2390,1974,2357,8650,97010,25194,39825
2023,10,18,88628,70235,82156,38948,58928,2909,3316,3291,2023,7026,34787,14198,12421
2023,10,19,58424,34424,85417,48439,71976,2909,1553,1333,2260,8214,17014,23627,35865
2023,10,20,17195,44509,69610,5904,43016,2909,1097,1642,3206,6516,70589,12133,32972
2023,10,21,92026,83906,76777,54049,33766,2909,2494,2189,3690,5830,56979,10806,27916
2023,10,22,65127,98534,98352,98739,25904,2909,2365,3097,1329,7926,49001,17406,1910
2023,10,23,91298,46451,52340,44504,26056,2909,2988,3080,3186,9764,88480,23303,39281
2023,10,24,77681,15975,65493,72723,45237,2909,4740,1714,2357,8092,25452,13260,22473
2023,10,25,54914,47818,22710,16244,56144,2909,1939,2441,1740,5630,16602,26920,38063
2023,10,26,44912,81286,11354,84450,47402,2909,2752,1433,3512,6500,14156,43748,16186
2023,10,27,62070,53897,20464,99427,8341,2909,4038,3254,1510,8099,95849,32580,12268
2023,10,28,22515,32789,46374,73380,38420,2909,1651,4682,3659,8722,84131,32412,21023
2023,10,29,10543,41884,73847,59055,81481,2909,4154,3549,4602,5969,59327,32943,4355
2023,10,30,68238,54718,62550,94675,72818,2909,3606,1683,2538,6332,11382,12309,8399
2023,10,31,27355,84418,61992,96014,78775,2909,3425,1346,3006,8623,81074,35838,46123
2023,11,1,66581,29389,13933,72551,5068,2622.27,2139,4785,1562,7282,48954,17142,13228
2023,11,2,61772,76990,58065,18104,78404,2622.27,924,2820,2365,7822,57946,44840,20375
2023,11,3,2601,79967,49199,21224,77393,2622.27,553,3973,1562,6766,32875,35844,35037
2023,11,4,20417,6367,61982,96193,58180,2622.27,3070,1302,4276,9142,54406,32679,10936
2023,11,5,41509,99864,61852,40227,57687,2622.27,1418,1638,1116,10006,97861,43509,19799
2023,11,6,85653,74767,53835,82782,81956,2622.27,3625,2371,4427,6958,14915,33958,3062
2023,11,7,74246,77986,20261,78522,99121,2622.27,1200,1980,1774,6112,97206,14920,24667
2023,11,8,59202,98625,41559,75319,65593,2622.27,746,2597,1086,9013,50378,12493,39420
2023,11,9,58427,35356,14866,67854,82314,2622.27,3163,1558,2766,8423,35079,23238,29781
2023,11,10,79443,12632,80219,70325,52035,2622.27,1006,1236,3753,6802,11654,24346,43778
2023,11,11,32574,88086,41944,79464,43451,2622.27,1957,1876,4028,6358,86081,42693,8674
2023,11,12,52955,54245,15604,77073,59020,2622.27,630,3461,4665,8614,25137,31699,17035
2023,11,13,90659,60382,59288,99412,53536,2622.27,3757,2461,1630,8238,81924,10080,12194
2023,11,14,40726,90234,28309,1106,13408,2622.27,3798,2714,4985,5753,59786,44005,14390
2023,11,15,42788,76450,98819,22453,56979,2622.27,504,3988,1388,6143,63399,16930,23957
2023,11,16,24690,53510,73039,91320,85562,2622.27,1400,2639,1548,9708,43744,24955,21315
2023,11,17,60451,3896,57670,45436,79649,2622.27,4440,2436,1058,8259,61240,33587,33809
2023,11,18,12216,48097,47576,29257,10593,2622.27,3481,1154,1680,5752,26600,16397,27327
2023,11,19,44187,44353,9037,22087,90414,2622.27,3393,1736,4379,7415,96298,19028,19133
2023,11,20,21224,85740,7817,47833,90351,2622.27,1419,3917,4857,5346,48173,10449,35409
2023,11,21,22673,48008,12083,3509,20879,2622.27,1257,1416,4387,6610,14038,39800,38683
2023,11,22,80778,16897,40664,86510,4312,2622.27,537,1886,4052,9705,89718,45754,36962
2023,11,23,81466,37490,64672,31323,49188,2622.27,3123,1859,2204,6870,91719,14434,12846
2023,11,24,75241,77977,95852,74628,89622,2622.27,779,1751,3953,5798,73260,19616,15706
2023,11,25,74756,45150,11503,13809,24855,2622.27,914,2671,1413,9526,53994,20600,17573
2023,11,26,69784,78470,92461,46988,98676,2622.27,1421,1098,3508,7258,81246,18129,34180
2023,11,27,89331,62026,54881,54636,83468,2622.27,4252,4574,4641,8454,18966,14495,28141
2023,11,28,69680,80650,53520,57445,21236,2622.27,3045,2370,2334,6857,70709,17361,23866
2023,11,29,87389,48483,7629,65897,22108,2622.27,766,2789,1808,5258,98776,11638,38875
2023,11,30,49752,23029,25294,39393,75136,2622.27,990,1166,1362,7734,18610,48263,30028
2023,12,1,96656,71986,66311,99865,42695,2063.74,2253,1177,2652,6308,29636,12879,33673
2023,12,2,19880,73778,80131,41491,88906,2063.74,1241,1934,2494,6985,13714,10114,30850
2023,12,3,33578,64588,29551,73689,99550,2063.74,4016,2557,1151,5382,12421,25197,44166
2023,12,4,20352,99675,32727,44356,69177,2063.74,2234,4055,2491,7365,30545,41397,28715
2023,12,5,84567,38139,69684,57061,1477,2063.74,933,1405,4043,7370,41446,14398,23105
2023,12,6,16002,95463,66150,98505,32142,2063.74,3701,2492,4597,6428,96848,30125,28572
2023,12,7,35143,70435,69182,3987,7800,2063.74,1735,2365,1148,5702,65777,38397,16079
2023,12,8,20875,41712,39803,91270,63547,2063.74,4861,1808,3063,7363,94403,25204,47601
2023,12,9,22287,18106,94050,16884,90886,2063.74,3361,1027,4035,5094,46365,14750,7250
2023,12,10,14973,8101,10553,1894,55871,2063.74,590,3096,4393,6582,84365,47939,26331
2023,12,11,27694,45580,93840,37109,72943,2063.74,3665,1580,2699,9066,44815,13584,38243
2023,12,12,12668,58177,55965,6703,40719,2063.74,3537,2043,1782,5442,73936,49004,2330
2023,12,13,11773,64228,92102,46166,10673,2063.74,922,4717,3397,8600,91826,27691,26467
2023,12,14,58891,86844,39272,97942,75910,2063.74,2878,3576,2263,7694,95278,49334,34088
2023,12,15,2524,20169,71378,45658,55611,2063.74,4662,3734,2244,6763,46251,11694,11666
2023,12,16,29582,6708,7635,67980,77356,2063.74,670,2597,2655,9894,66890,28564,15813
2023,12,17,35382,94769,83493,77645,94963,2063.74,1978,2486,1190,9424,43143,37252,45123
2023,12,18,42726,87806,87339,84970,40921,2063.74,2886,1014,1649,7518,54833,11702,33590
2023,12,19,77685,66856,2954,80340,18150,2063.74,520,3530,1938,5099,31175,25926,19844
2023,12,20,70222,24506,73413,1865,5566,2063.74,4116,3290,2065,6455,33259,27986,32909
2023,12,21,26397,71146,64841,83046,33018,2063.74,3401,2053,2880,5422,14794,21030,36026
2023,12,22,22551,99000,74561,3515,74099,2063.74,792,1354,1593,9205,62536,17334,22088
2023,12,23,18466,68005,449,55531,60812,2063.74,4868,2208,1205,9426,70253,20574,1110
2023,12,24,50734,20008,97629,53615,72714,2063.74,996,1615,1724,5556,31481,27174,21373
2023,12,25,87645,27275,87847,50590,12832,2063.74,4099,1296,4739,9547,12742,45550,16735
2023,12,26,69607,53048,99111,7164,67756,2063.74,4090,4841,1456,8070,19258,44788,35717
2023,12,27,45795,95804,6405,82519,77712,2063.74,4693,1707,1511,7792,32296,10694,4238
2023,12,28,80627,51396,41991,31718,87295,2063.74,3619,3253,3216,5470,96768,32323,45170
2023,12,29,28447,90859,33517,50522,15281,2063.74,628,1075,1830,8065,43593,44542,4676
2023,12,30,22304,69639,26250,20167,83531,2063.74,861,1026,2645,9203,12225,46292,24899
2023,12,31,50725,55845,19546,65293,14927,2063.74,3968,3372,3524,7484,10245,38804,32666
