year,month,day,sales1,sales2,sales3,sales4,sales5,rent, employeePayment, electricity, gaz, vegetables, meats, otherIngredients, publicity
2015,10,1,57074,23189,14970,73411,62784,1831.42,958,3269,4980,9596,56946,12563,45428
2015,10,2,81583,39130,16133,88789,21148,1831.42,4120,4515,4456,9791,51588,35915,49015
2015,10,3,41504,2755,28133,92379,80841,1831.42,2270,2913,2527,7239,27676,31662,12987
2015,10,4,22667,47788,76284,12648,18933,1831.42,870,1867,2359,7694,22007,43507,33231
2015,10,5,56710,26129,44375,87518,55920,1831.42,4784,3774,1420,7916,12316,12261,12315
2015,10,6,30904,18424,50175,99783,62015,1831.42,1444,4681,1990,7728,13680,27274,44203
2015,10,7,40959,5243,94142,13318,12938,1831.42,3176,2006,2277,7814,89867,48196,16150
2015,10,8,96218,79652,28323,27638,97568,1831.42,1250,4822,4250,6425,44604,31265,34476
2015,10,9,628,76050,32299,58970,130,1831.42,1244,1087,2572,6310,70756,30509,45979
2015,10,10,46535,10286,82860,5164,94188,1831.42,4711,1756,3729,8034,50746,32649,39079
2015,10,11,98862,6997,27472,68113,29774,1831.42,729,1753,1668,8768,11454,30958,38429
2015,10,12,26710,58319,38398,94282,5057,1831.42,1143,2942,1590,8014,73106,46330,9154
2015,10,13,63082,9170,53087,48163,57204,1831.42,811,1065,1668,9280,40529,40602,3833
2015,10,14,63064,72611,87356,43893,36990,1831.42,1202,3698,2748,9599,57979,39156,9431
2015,10,15,5105,49123,57100,40896,39478,1831.42,2225,3910,1462,5126,67072,12930,46558
2015,10,16,60497,97885,85348,71326,72520,1831.42,3279,1934,3486,7978,12178,14686,25877
2015,10,17,41418,53381,31878,25518,32980,1831.42,1026,4435,1683,8125,95330,11160,6209
2015,10,18,34683,98908,30071,6761,55572,1831.42,1042,1067,1378,5586,15006,16566,47143
2015,10,19,63618,48376,68536,62104,80363,1831.42,574,3131,1810,8666,80001,49776,30714
2015,10,20,68369,11028,54213,40052,99153,1831.42,2563,1558,4802,7633,56946,36725,15895
2015,10,21,11128,92990,69145,38859,30731,1831.42,928,4348,2615,8000,72803,17978,22889
2015,10,22,21061,3087,72462,71507,81598,1831.42,1282,1317,3489,5494,12746,12641,2463
2015,10,23,7742,90284,29180,88896,4269,1831.42,620,1614,1819,9538,70606,42549,2479
2015,10,24,84005,26066,53250,21620,66413,1831.42,949,2473,1994,8411,58979,27088,26054
2015,10,25,80874,30262,93407,44364,72109,1831.42,3356,4849,1410,8888,68744,10678,16127
2015,10,26,87719,10717,42427,99538,5481,1831.42,3438,1682,1802,6782,43807,38214,29385
2015,10,27,54094,99758,25688,99585,44521,1831.42,3024,1602,2632,5574,86108,19740,1019
2015,10,28,68910,9466,15942,91672,94706,1831.42,3701,2423,1753,7480,98312,33585,1038
2015,10,29,6865,56751,39422,95019,84791,1831.42,3233,1950,4337,5272,54819,43857,49581
2015,10,30,76292,14197,85604,23924,66979,1831.42,790,2239,2528,9262,43910,17180,21712
2015,10,31,93346,78965,91009,21451,56445,1831.42,710,4660,2423,6534,91031,13565,39321
2015,11,1,24265,18802,26079,15889,89973,1386.07,2179,4168,1890,9846,87499,19918,36288
2015,11,2,8822,39739,73835,1130,2,1386.07,4474,3965,3428,5924,51761,29101,32421
2015,11,3,87312,47774,41525,98120,38805,1386.07,4860,4420,2006,7574,95309,46567,21442
2015,11,4,53578,87489,50736,41821,36296,1386.07,1774,2006,4325,5608,46246,44326,38235
2015,11,5,58029,57073,73292,47810,89350,1386.07,1910,1660,4177,9582,74780,27982,25053
2015,11,6,6228,15993,7403,62823,83283,1386.07,4389,1859,1552,6476,78679,18408,2712
2015,11,7,31064,96806,4316,25389,72415,1386.07,4714,1794,3986,9357,10955,29687,16914
2015,11,8,50762,37866,6348,39939,39004,1386.07,2920,1583,3471,6730,40757,46753,47480
2015,11,9,94387,50147,33614,17291,42975,1386.07,1489,4037,1830,7157,15777,14216,28645
2015,11,10,64071,35492,61011,4409,61201,1386.07,4095,1961,1183,7238,51900,31539,21967
2015,11,11,54275,36173,43123,67747,27848,1386.07,851,3586,1538,8938,55876,43351,33880
2015,11,12,59462,48719,83742,84912,45876,1386.07,4127,1297,1362,6489,30706,28914,49519
2015,11,13,48456,81154,40877,90992,37949,1386.07,3882,2223,1652,8046,76321,11714,9129
2015,11,14,32236,57173,60791,98965,71638,1386.07,3667,1098,1736,9662,32361,27611,33019
2015,11,15,8280,31489,70262,75994,7978,1386.07,1259,2785,3472,8570,80128,36421,1946
2015,11,16,87616,69011,28645,65621,17367,1386.07,1472,4601,3489,9078,64917,17398,21318
2015,11,17,65281,73585,97577,63370,82346,1386.07,2332,1976,4129,7593,99321,16926,46290
2015,11,18,78561,20581,91245,77034,99069,1386.07,4806,3035,1734,9614,68655,40452,37725
2015,11,19,96120,40128,40054,74609,88742,1386.07,1087,1526,4906,5015,33743,43603,21323
2015,11,20,1306,41076,580,95435,18670,1386.07,3893,3581,1954,5986,13942,19549,49901
2015,11,21,9214,36773,22585,82300,11575,1386.07,2751,2693,4071,9156,82302,11282,7593
2015,11,22,50479,39742,39540,45386,94757,1386.07,3988,1061,4357,5920,15706,49378,23283
2015,11,23,55821,21742,62961,92654,43232,1386.07,2202,2444,1699,9182,34744,34625,19927
2015,11,24,58732,7496,42320,22803,53005,1386.07,1967,3482,1438,6054,65219,41822,40974
2015,11,25,21141,20561,87885,51851,76481,1386.07,1228,2300,3825,8790,24954,43408,12085
2015,11,26,50468,53509,62206,73519,21000,1386.07,3143,4730,2148,6814,18885,40152,13302
2015,11,27,24140,27205,93636,21206,75064,1386.07,3028,1203,4414,7264,48053,11798,8855
2015,11,28,29349,49283,4548,79526,29823,1386.07,2934,1641,4361,5139,70159,20361,45854
2015,11,29,48441,94656,16444,85589,77822,1386.07,2093,1961,3885,5728,23166,20300,1681
2015,11,30,60935,52547,66504,56702,69811,1386.07,2595,4158,1598,6998,78684,10013,14558
2015,12,1,67971,23008,95062,3110,9519,2559.58,2901,4173,4569,9841,81995,16250,31775
2015,12,2,61935,309,11488,64015,39827,2559.58,4949,2373,4642,6630,62183,29199,31788
2015,12,3,10598,77695,59391,44093,56379,2559.58,4791,4348,1990,9714,43809,34633,35757
2015,12,4,82979,11711,55160,47549,97904,2559.58,630,4838,3814,7989,23852,43640,37155
2015,12,5,6129,65154,86014,70771,46804,2559.58,4970,2401,2243,5712,17845,14973,14550
2015,12,6,27821,73989,55674,52936,25194,2559.58,2569,3171,2544,5466,72071,25447,49483
2015,12,7,96235,52222,1638,50049,60211,2559.58,790,1338,1995,6054,53461,15226,41843
2015,12,8,26956,3432,27553,69199,45496,2559.58,523,3316,1484,6196,26251,27282,11750
2015,12,9,72031,13821,85455,15927,72901,2559.58,2725,4134,1099,9363,35534,10674,23878
2015,12,10,1206,95576,85353,24553,57982,2559.58,3351,4936,3596,9050,70486,16394,38814
2015,12,11,357,71010,77408,52447,27206,2559.58,4728,1184,3831,6166,31513,23084,20012
2015,12,12,21765,89239,92219,47864,64954,2559.58,1876,1158,4680,8580,90711,47661,27754
2015,12,13,23746,85415,82598,82342,24023,2559.58,2785,1470,1806,6544,93176,17649,3084
2015,12,14,16556,39258,83237,66740,87144,2559.58,4823,3907,1386,8393,73122,35293,31102
2015,12,15,42499,56352,67804,82179,24932,2559.58,4839,1238,1633,8788,47370,10630,24867
2015,12,16,48224,66508,57738,88668,63053,2559.58,1316,1928,1523,5904,62698,43666,1840
2015,12,17,3358,68874,18927,23698,67268,2559.58,694,1117,4751,9497,16602,12080,8401
2015,12,18,84365,88136,71065,60998,83277,2559.58,3004,1499,1294,5741,20167,30698,34787
2015,12,19,3008,92836,76658,9531,65093,2559.58,4549,3449,1876,9664,17006,24552,5709
2015,12,20,63228,33841,50671,27980,43339,2559.58,742,4054,3453,5750,10112,13081,8967
2015,12,21,72569,99408,94582,73863,35149,2559.58,912,3156,3935,7854,64038,10768,31101
2015,12,22,35983,99940,73830,93268,54767,2559.58,2820,2994,2520,9694,62325,42210,32328
2015,12,23,43809,12692,36265,23614,50474,2559.58,1695,3041,2074,7628,13256,17158,7668
2015,12,24,28729,84169,63083,69016,64443,2559.58,4395,1726,3412,8224,93692,48179,27122
2015,12,25,46904,27865,16174,79424,12707,2559.58,2985,2866,2541,8508,12831,16038,44851
2015,12,26,98269,99527,81056,71695,13507,2559.58,548,2234,4832,9703,11250,18558,44312
2015,12,27,86825,1998,76052,30238,66574,2559.58,4768,3476,3959,7598,18514,26665,36096
2015,12,28,72144,97238,15884,79685,37840,2559.58,4050,1107,4593,5105,24154,16208,28715
2015,12,29,45770,4424,335,56954,64127,2559.58,1227,2303,1285,8630,13892,12858,27937
2015,12,30,94726,58661,26335,8685,35954,2559.58,1701,3096,4176,7584,16558,13498,1939
2015,12,31,96300,58183,55827,57245,9640,2559.58,696,1760,1520,8146,28713,31234,29981
2016,1,1,61294,48538,22603,69924,78782,2461.84,4649,3793,3147,9685,89746,30085,35461
2016,1,2,41388,14195,95614,25324,18327,2461.84,2974,2860,1159,5218,10026,18374,48981
2016,1,3,26915,90613,68248,58944,19326,2461.84,1613,1246,4370,8440,50542,43151,49482
2016,1,4,26029,31544,46945,4176,37581,2461.84,4260,1306,3588,9874,20643,18266,3043
2016,1,5,45207,74970,11127,16366,86541,2461.84,3857,3454,1188,8446,88749,39915,29978
2016,1,6,17938,40363,36886,32308,30931,2461.84,926,1958,1674,8754,77485,39255,3780
2016,1,7,41797,11746,84575,25385,57972,2461.84,3650,4530,1539,9094,52247,49431,21570
2016,1,8,1106,36105,12886,38048,4561,2461.84,2962,3849,4701,9662,71156,21983,17987
2016,1,9,34980,12967,78942,86654,1721,2461.84,2260,4868,4523,6835,85252,17704,22779
2016,1,10,98405,45255,78378,11296,16383,2461.84,726,3840,3081,9963,71887,16002,46977
2016,1,11,74303,66202,42844,49004,97401,2461.84,986,3731,3318,6279,51737,45038,30352
2016,1,12,55410,43998,4908,56285,37185,2461.84,554,1941,1766,9860,79588,34500,6512
2016,1,13,56838,6668,18341,56271,46631,2461.84,1615,2284,2780,5810,10586,20181,40228
2016,1,14,66163,89978,35265,25833,72609,2461.84,870,3017,2351,8546,84302,14342,37002
2016,1,15,14994,15786,52829,66760,25647,2461.84,2611,3835,1774,5952,71457,16598,48770
2016,1,16,92532,64425,55704,65313,236,2461.84,1845,2749,3320,7109,24933,20928,8343
2016,1,17,90464,95804,48947,54167,4286,2461.84,998,4278,4033,8478,19182,41031,33249
2016,1,18,73004,86353,6219,28440,88657,2461.84,1857,1188,3452,5130,62852,25039,44028
2016,1,19,77256,31050,74141,25576,34511,2461.84,1503,4973,1228,7234,95491,15513,49074
2016,1,20,45050,66898,51144,10436,91132,2461.84,2818,1974,1237,6374,17860,44893,19885
2016,1,21,34417,72135,42434,9221,91048,2461.84,4259,3302,2686,9512,93877,37197,21638
2016,1,22,73825,56733,28523,85054,68535,2461.84,1918,4935,2263,8838,56722,14746,40367
2016,1,23,54299,74542,95233,26888,31283,2461.84,3133,1406,3995,9206,91271,13302,20510
2016,1,24,52205,75531,68345,21243,66635,2461.84,3439,1862,1658,6638,41863,20192,28574
2016,1,25,93681,75135,66480,944,59549,2461.84,689,1654,4095,7273,73438,45377,23203
2016,1,26,47783,61572,27428,56778,92138,2461.84,3172,1396,1172,7868,81936,27215,18699
2016,1,27,36443,6728,17674,4453,60042,2461.84,4644,3721,1023,9054,71016,10571,9538
2016,1,28,14326,86706,57122,28421,13979,2461.84,626,3112,2130,7577,51242,10070,30560
2016,1,29,36276,24415,77666,46857,82283,2461.84,4071,1366,1329,8097,39528,42722,9602
2016,1,30,33987,80525,96445,85010,71649,2461.84,1932,2325,1046,9053,47098,13718,17461
2016,1,31,15966,53600,95314,8096,71177,2461.84,606,3804,1948,5476,70660,19603,46556
2016,2,1,11085,4681,45016,85534,60561,2713.31,871,1085,1078,7110,29085,34346,37739
2016,2,2,49165,47763,54865,18218,11213,2713.31,4182,4812,2378,8630,35988,13933,22066
2016,2,3,83698,59793,1255,2783,46806,2713.31,1469,4241,1889,5682,76126,18802,37210
2016,2,4,46927,11998,9888,47461,32878,2713.31,3159,3393,3086,9375,16610,14299,5325
2016,2,5,91441,67146,95464,75171,42128,2713.31,920,2176,2596,6709,44959,20753,31452
2016,2,6,93920,26429,44995,2161,69265,2713.31,2314,1191,4469,7116,80003,48698,37473
2016,2,7,68878,28163,97092,88317,47539,2713.31,3967,1350,2198,8870,30501,11364,30054
2016,2,8,45882,35957,97855,69830,59019,2713.31,582,4289,1196,7742,87801,21209,42814
2016,2,9,39401,75117,87401,88870,88670,2713.31,2567,3899,1918,8150,62215,25808,33757
2016,2,10,31065,81183,31140,44615,95613,2713.31,594,2845,3948,8146,44027,22966,27993
2016,2,11,57312,84610,58608,59257,2891,2713.31,940,3642,1525,8446,47512,26546,46410
2016,2,12,17975,51432,446,46245,52443,2713.31,2053,4858,1622,9544,44472,22158,12661
2016,2,13,47537,44765,30005,77837,59263,2713.31,2155,2925,4992,5762,92181,44234,40384
2016,2,14,72172,22648,52878,10049,56866,2713.31,1595,1191,4524,7040,37435,36966,16742
2016,2,15,16054,75841,53177,76248,45385,2713.31,4758,4272,3765,8982,13874,18028,47650
2016,2,16,1498,86969,67306,92842,12731,2713.31,2076,1254,3486,9953,27654,10712,9488
2016,2,17,73047,64250,62895,57571,17643,2713.31,889,3695,1170,8140,26294,37906,1350
2016,2,18,61715,91053,63532,36833,2167,2713.31,1212,3663,3960,8517,12857,33042,16993
2016,2,19,14357,99934,649,12843,56239,2713.31,4545,4284,3904,7439,12854,26546,28304
2016,2,20,47770,14096,76594,40292,78162,2713.31,4549,1227,1644,8080,18832,28811,19241
2016,2,21,41425,80624,48827,11737,19142,2713.31,4779,4849,2968,7146,62692,18166,11684
2016,2,22,40083,63590,96195,48988,11030,2713.31,1885,1270,3496,8479,31793,16028,49402
2016,2,23,4072,26343,80590,30716,84424,2713.31,878,2199,1258,8526,53936,12244,40001
2016,2,24,2741,65068,55967,97062,76847,2713.31,2619,3281,3600,7638,82268,25981,35011
2016,2,25,43216,90506,17484,73064,75337,2713.31,1073,4407,1970,8014,10123,42745,49277
2016,2,26,68015,2354,34946,54991,43411,2713.31,1107,2503,1230,6862,59564,47146,38882
2016,2,27,84789,23536,96780,83389,67350,2713.31,721,1916,1820,6418,16332,11241,45400
2016,2,28,92481,13758,57002,804,91772,2713.31,3548,1137,1668,8493,31128,29240,33477
2016,2,29,33727,8588,91744,4027,42014,2713.31,2525,1802,1194,8618,26542,24896,1308
2016,3,1,52265,18165,61962,11821,34497,1925.94,653,3253,1694,5854,56376,13679,23203
2016,3,2,15005,32515,65862,43499,63643,1925.94,2224,2229,1844,7603,30595,18042,45102
2016,3,3,81481,73750,45698,45785,292,1925.94,1840,3907,1910,7612,80728,39606,36946
2016,3,4,7005,1382,54213,3560,39190,1925.94,3591,4193,4454,9452,14043,39448,26941
2016,3,5,60906,7621,28031,47750,5224,1925.94,3604,1703,2374,5294,48839,49017,8626
2016,3,6,17600,70681,34278,72710,54482,1925.94,3667,2837,2738,9231,97749,21927,15006
2016,3,7,76173,97693,26121,51979,47145,1925.94,1427,4401,2784,9457,72150,19359,40165
2016,3,8,94435,7107,72415,43161,87760,1925.94,2177,1710,1933,6454,94419,12767,21254
2016,3,9,57812,89440,40605,6902,38671,1925.94,3828,1194,2397,5234,83173,15893,4706
2016,3,10,77818,74601,40295,41954,10410,1925.94,1312,1195,1814,5622,64355,23662,12445
2016,3,11,21332,72885,45373,13266,99340,1925.94,2384,3502,1935,5986,80404,16957,6145
2016,3,12,87695,59233,48153,40092,96886,1925.94,2337,4702,2277,5272,33007,49038,47678
2016,3,13,41429,60672,70234,77331,60750,1925.94,2344,2081,3824,9069,11698,23163,34589
2016,3,14,35214,4083,13019,13501,53423,1925.94,924,2468,4006,9932,13912,32244,43423
2016,3,15,42639,86250,73299,81268,98881,1925.94,620,1262,1977,6890,17639,44079,6307
2016,3,16,67831,34984,42513,91656,14053,1925.94,1170,1244,4644,8386,95469,28066,4211
2016,3,17,53963,25928,1888,39322,20889,1925.94,1565,3527,2048,9736,44794,14998,15800
2016,3,18,1170,91453,57590,84500,8343,1925.94,4930,1173,2915,7442,84180,23320,41581
2016,3,19,58005,15351,38938,32649,75892,1925.94,2066,4853,1686,8953,69174,47574,34408
2016,3,20,11105,90740,77454,13153,1956,1925.94,876,4476,1974,8022,15930,38394,22249
2016,3,21,95955,65258,30920,38870,52700,1925.94,2189,2055,1802,7479,59703,22693,15100
2016,3,22,18239,53123,68899,11277,48428,1925.94,3850,4532,1382,5322,89036,47119,38074
2016,3,23,41257,19470,66597,71309,23844,1925.94,1054,4797,3533,6974,75019,21232,36924
2016,3,24,88426,3561,48289,35228,71040,1925.94,4272,1268,3817,6352,16905,42245,24344
2016,3,25,97597,42109,18130,59113,44765,1925.94,1232,2372,2987,9180,73680,16830,7166
2016,3,26,92456,99735,2981,60989,73061,1925.94,3573,1486,2911,6436,13065,18951,44352
2016,3,27,3909,3691,90933,97727,46862,1925.94,1323,1628,1298,8914,19921,11062,7839
2016,3,28,81618,42506,29787,24605,31686,1925.94,2787,2002,4552,7119,11918,17940,3467
2016,3,29,21471,16407,70452,19382,79620,1925.94,4684,3528,3558,5617,81254,16771,49869
2016,3,30,19808,37578,27581,86106,28382,1925.94,3519,4998,1359,6620,50955,17618,47503
2016,3,31,63124,58743,94891,99028,85862,1925.94,2992,2331,4130,9600,43064,25101,12724
2016,4,1,47750,8630,14575,59719,6236,3155.47,4525,3812,1142,5630,72193,39132,31347
2016,4,2,95502,98545,95493,38807,49500,3155.47,3281,4593,1131,7308,26806,23854,49890
2016,4,3,25302,50490,19337,20097,93554,3155.47,4760,1302,3067,5687,16470,18616,44439
2016,4,4,27034,96898,19468,52312,62528,3155.47,1444,4380,2909,6586,13186,38760,8014
2016,4,5,3178,31468,13354,80661,65129,3155.47,4514,1746,2000,6806,10525,18006,6512
2016,4,6,34642,41639,58209,4061,87326,3155.47,4715,1430,2478,9183,83021,10926,25581
2016,4,7,23549,40818,25739,62810,10458,3155.47,1569,3634,3096,5126,10646,18224,5277
2016,4,8,37786,65162,58654,44786,55365,3155.47,1690,1357,2168,9898,10417,30845,35531
2016,4,9,95480,90134,61556,67958,5669,3155.47,4314,4216,3098,5646,92025,28556,10930
2016,4,10,16682,59947,58543,19778,41221,3155.47,4353,1458,4350,9358,40142,12142,19190
2016,4,11,64889,1833,12424,8410,38084,3155.47,4254,3562,4325,6550,17871,34993,39193
2016,4,12,61740,53538,80562,79838,14943,3155.47,4745,2975,3884,6586,84104,12922,38939
2016,4,13,52478,88458,1814,3180,67816,3155.47,4245,4055,1190,8020,57464,48223,8308
2016,4,14,77213,96720,48138,22891,13882,3155.47,2883,1972,4545,9604,88161,34487,16009
2016,4,15,43736,12908,98815,8973,96196,3155.47,866,3672,1375,7198,51851,11094,32919
2016,4,16,91902,77449,4599,68394,31821,3155.47,2968,4032,3781,8910,48274,39014,12063
2016,4,17,13466,6159,80987,33012,60956,3155.47,3850,1042,2055,5340,30014,28250,19149
2016,4,18,65584,61796,43275,53312,95390,3155.47,3853,2290,3925,6912,72036,20745,11478
2016,4,19,91867,55005,46130,67000,2463,3155.47,1014,1864,1914,7000,65290,27869,44405
2016,4,20,22501,49142,15264,4556,48159,3155.47,4157,1638,3425,8783,83404,18814,45279
2016,4,21,70261,8611,22457,59186,22062,3155.47,1282,1146,1708,9678,97279,34663,44493
2016,4,22,53169,53294,591,70083,6646,3155.47,4303,4146,1374,9566,50053,29532,15882
2016,4,23,41197,65564,9626,64622,24347,3155.47,4787,4607,2992,9006,70144,40053,9383
2016,4,24,33089,82780,70334,15290,25192,3155.47,4952,3359,2257,8838,64793,43902,33965
2016,4,25,82777,29097,89401,14151,8663,3155.47,694,1211,1718,6011,30832,45715,39455
2016,4,26,45394,46973,40323,63386,69217,3155.47,4791,3656,4598,6476,50298,18406,26820
2016,4,27,90441,50251,45853,44050,67146,3155.47,4303,4921,4741,7418,80423,14755,10646
2016,4,28,33159,6810,30967,54528,42822,3155.47,998,4566,1054,6917,67952,10691,28152
2016,4,29,83737,87744,45700,9687,10572,3155.47,827,1011,1248,6072,61412,29745,45998
2016,4,30,33677,65716,96020,73418,59420,3155.47,4524,3929,4604,7402,63456,17564,42795
2016,5,1,80052,63344,37822,36969,47648,3107.94,2056,1742,1136,6198,62313,13132,48513
2016,5,2,23922,79677,69162,46953,41089,3107.94,1980,1804,1277,6749,82575,16318,15259
2016,5,3,41274,91506,20029,43117,71314,3107.94,4462,1364,3500,7283,88332,12306,28806
2016,5,4,42148,41741,57891,69064,4835,3107.94,624,1862,1232,9166,16832,14652,20205
2016,5,5,76396,5392,80478,87674,92141,3107.94,3097,4766,1828,8125,92882,42223,13053
2016,5,6,23283,48698,93588,81783,42333,3107.94,2930,1674,1398,5821,69895,11199,48273
2016,5,7,82378,61872,6307,98610,39361,3107.94,2282,2107,1461,5528,36132,44954,31071
2016,5,8,32165,44230,94721,3074,72355,3107.94,1648,1988,2651,5236,93771,11336,3955
2016,5,9,69861,81702,12169,26225,27523,3107.94,2423,1251,1174,5878,24861,15998,48416
2016,5,10,41153,97144,48106,93966,49904,3107.94,3919,3419,3467,9991,12006,17174,34239
2016,5,11,53947,63142,29163,6598,34730,3107.94,4285,1892,1984,6453,63517,14861,22934
2016,5,12,61221,67294,91114,37859,77376,3107.94,3856,4879,3117,7878,45196,29372,15975
2016,5,13,86201,84117,94144,31020,34108,3107.94,4545,3053,1102,7426,11003,26210,45637
2016,5,14,32994,45289,63504,53981,8095,3107.94,806,4314,4313,6307,14356,21688,27021
2016,5,15,42282,61030,22920,71751,79344,3107.94,2475,1895,3584,6502,12915,10794,18117
2016,5,16,73607,77461,7098,65088,87521,3107.94,2649,1866,1092,9286,14406,16774,34453
2016,5,17,98174,42393,73502,92487,68700,3107.94,527,2332,4407,9798,15435,15034,47027
2016,5,18,87915,99263,35647,56499,60881,3107.94,542,1688,3726,8991,32278,12598,14914
2016,5,19,49796,39929,99465,45888,11081,3107.94,662,1220,1759,9927,34444,16811,23016
2016,5,20,36954,14972,94144,11361,51122,3107.94,1463,4036,1606,6934,11886,19470,25931
2016,5,21,98376,3781,53265,57102,19124,3107.94,4700,3918,1822,5516,14806,11642,35543
2016,5,22,74884,81233,78509,56644,21160,3107.94,3454,4464,4275,7908,17478,45397,29305
2016,5,23,59881,83641,50786,1425,17103,3107.94,3849,1829,2804,6940,88931,18279,29024
2016,5,24,75361,24984,87199,17183,76852,3107.94,1437,1735,4588,5222,24730,37099,18357
2016,5,25,10603,48185,11564,71231,98486,3107.94,1627,4717,3731,7538,76142,47185,30092
2016,5,26,12788,96344,95368,11944,69810,3107.94,922,1521,1276,7556,95055,18836,1312
2016,5,27,68482,81494,70572,68070,62792,3107.94,702,4745,4837,6176,60975,24675,45302
2016,5,28,63175,43955,49393,93259,94071,3107.94,1795,1858,3230,8678,35153,24391,41887
2016,5,29,52813,81729,85913,94798,31854,3107.94,3634,1366,3812,9062,68403,15920,47320
2016,5,30,12212,89924,64054,88401,39359,3107.94,3075,3885,1370,9902,28495,29405,25029
2016,5,31,54355,85291,2616,8937,53806,3107.94,3327,2969,1708,5591,17767,17703,37770
2016,6,1,47754,68038,11724,64663,52794,2194.4,1873,4068,1494,5274,14779,41464,36032
2016,6,2,44702,33665,76800,57170,62160,2194.4,2876,3801,1446,6812,33958,12941,6206
2016,6,3,70141,56929,65144,22084,91048,2194.4,4994,1286,2235,6150,19814,20028,32847
2016,6,4,69102,96689,45450,35538,78315,2194.4,2001,3015,3892,7612,96537,22403,10229
2016,6,5,76359,24414,52557,51531,77578,2194.4,824,2717,4795,5967,69801,13622,36516
2016,6,6,95166,41148,5995,12401,24218,2194.4,3781,4670,1670,8470,45207,33514,42161
2016,6,7,20811,72210,72883,31055,92363,2194.4,4809,3720,1542,9490,36602,37761,19420
2016,6,8,58881,17427,51832,18676,79746,2194.4,869,4910,4131,8215,87311,19701,37985
2016,6,9,50377,2445,29372,5577,63027,2194.4,896,3836,4492,8325,14890,21854,40932
2016,6,10,14097,34700,56927,40633,23417,2194.4,4745,2297,3659,6576,17324,23404,9881
2016,6,11,50913,3195,98316,46397,27762,2194.4,2449,3137,4422,8172,19446,17448,1979
2016,6,12,19104,55510,67637,14948,187,2194.4,1801,1278,4929,5686,87618,23345,48879
2016,6,13,86313,32364,71995,29972,45293,2194.4,3375,2556,3865,8042,58952,36626,39320
2016,6,14,70021,57754,31117,74443,85927,2194.4,3242,1238,3043,5878,19977,19581,31183
2016,6,15,24757,23131,50216,91038,99563,2194.4,4383,1758,1548,6377,32197,31840,37834
2016,6,16,42049,85573,60750,67266,53616,2194.4,1006,4987,2455,5470,30782,29733,19702
2016,6,17,98895,89025,84763,18290,31256,2194.4,2870,2363,1158,8884,63401,26488,21092
2016,6,18,42271,27785,78715,45171,80514,2194.4,3363,3914,2835,8234,12368,32802,10912
2016,6,19,90166,26424,22791,83973,94136,2194.4,3705,4381,3948,9650,27670,40203,3573
2016,6,20,2264,81893,62568,62838,86330,2194.4,4325,4951,1814,8039,90122,16969,25969
2016,6,21,45303,83486,5884,58139,53950,2194.4,940,4114,1190,5878,44439,15326,28416
2016,6,22,33655,8145,91060,92604,72965,2194.4,4158,1894,1974,6930,54417,13246,35083
2016,6,23,4046,10096,48256,90502,28135,2194.4,2471,3437,3214,6718,47927,17040,4730
2016,6,24,8122,5220,52631,79313,85303,2194.4,990,3956,1565,8226,27911,10882,47070
2016,6,25,87132,27071,86111,20459,5148,2194.4,982,4193,1974,8369,99694,11461,6880
2016,6,26,43100,73518,1251,97666,53225,2194.4,1181,1345,4396,5163,40657,12110,49178
2016,6,27,72233,1648,75008,10150,53698,2194.4,1031,2180,2692,6996,93990,17840,19271
2016,6,28,80374,34105,93386,47348,38827,2194.4,3808,1925,2949,8694,95942,36173,43080
2016,6,29,25588,2124,97519,79985,77287,2194.4,1034,1750,1175,7393,76020,26224,38177
2016,6,30,63017,97052,99758,25709,20546,2194.4,4900,2270,2852,6580,64617,16678,43748
2016,7,1,39779,64956,79315,99837,60898,3108.55,1776,4373,4357,7070,56659,33885,31840
2016,7,2,74147,38883,40062,17893,31255,3108.55,2260,4657,1042,5946,81554,19590,16286
2016,7,3,32870,98825,3995,36155,63443,3108.55,3871,4572,3331,9084,35760,29228,37025
2016,7,4,76377,77537,24954,22087,15649,3108.55,971,1147,1847,9566,40391,34453,47966
2016,7,5,28671,37652,29111,11065,60620,3108.55,2206,4840,4489,7552,62347,39283,10666
2016,7,6,94577,11219,25208,79260,72109,3108.55,3488,4836,3504,6892,86922,20505,10969
2016,7,7,47759,9247,76653,84606,71631,3108.55,4058,1652,4694,9052,27717,31665,17044
2016,7,8,25187,31276,57859,51028,38829,3108.55,1663,4756,2775,7510,29016,19883,20206
2016,7,9,59191,37505,84721,14048,87298,3108.55,4552,1046,2240,7556,36013,35223,37995
2016,7,10,10952,21425,1876,81998,35946,3108.55,3662,2483,2220,6110,44862,16048,45945
2016,7,11,8078,1526,65805,55854,99749,3108.55,736,3938,3676,6808,72985,18678,44821
2016,7,12,64804,73890,3735,78396,51446,3108.55,3618,3748,2523,7414,60745,29820,6100
2016,7,13,44143,90761,23656,21363,78633,3108.55,3762,1710,1395,5919,42563,36143,18519
2016,7,14,47092,34652,61435,12121,27813,3108.55,4446,2615,1013,9074,87362,17630,1554
2016,7,15,40632,67334,87560,34508,65532,3108.55,4327,4673,4064,7983,47388,17697,48305
2016,7,16,72854,17503,4408,59249,53422,3108.55,1744,1036,4325,9530,28985,42137,13323
2016,7,17,90302,93432,51105,47667,94316,3108.55,1477,4946,2152,8082,85805,37683,38468
2016,7,18,92341,50134,13709,47758,54469,3108.55,1806,3673,3599,5140,19273,48372,11097
2016,7,19,65888,81018,65238,80213,36900,3108.55,2350,3553,4005,6918,91219,48320,44223
2016,7,20,28274,47697,49620,50426,91733,3108.55,4460,1730,1909,8169,48182,12764,35425
2016,7,21,29266,46341,16403,24217,48906,3108.55,2589,4792,3045,7826,11356,19945,35677
2016,7,22,32050,50059,13499,36055,39866,3108.55,4375,3138,3766,5686,18564,10498,4718
2016,7,23,35771,73025,77276,37681,57546,3108.55,828,1811,1797,6812,11027,37054,25458
2016,7,24,62489,83617,51847,95534,37796,3108.55,1830,4844,4613,5328,22250,19478,29556
2016,7,25,16399,72978,53970,85165,73324,3108.55,2014,4094,3261,9290,63126,35807,38886
2016,7,26,81100,89888,22619,69250,16700,3108.55,2655,1088,4966,6902,14860,37761,49998
2016,7,27,70410,89256,73958,16375,84585,3108.55,853,2334,4185,6174,18850,17730,46208
2016,7,28,45060,97217,84307,23321,52859,3108.55,4127,1270,2320,7010,35911,20371,47433
2016,7,29,48096,58567,65912,98062,49421,3108.55,822,1181,2591,9779,52556,13527,23337
2016,7,30,55987,54762,97214,41524,10936,3108.55,778,1998,4632,9390,79314,32490,32416
2016,7,31,48476,54795,49153,85796,52892,3108.55,2518,1982,4982,8429,99047,25754,35064
2016,8,1,1222,61937,90710,61001,14493,1814.32,3339,1220,2802,9782,96540,14518,20589
2016,8,2,7951,68887,46202,92642,64553,1814.32,2468,4346,4196,9615,72238,45612,45045
2016,8,3,32134,89577,71947,70564,88625,1814.32,3680,4845,4636,5741,67198,24128,47701
2016,8,4,76331,16890,59734,60485,8104,1814.32,2053,2406,1511,6520,25047,12138,22626
2016,8,5,84652,98868,41763,78848,58483,1814.32,811,1240,4929,5524,61178,24905,30353
2016,8,6,60459,76212,31103,20095,81953,1814.32,575,4634,1541,6660,51470,12004,48301
2016,8,7,75639,28525,88404,33502,68132,1814.32,917,2782,3669,7680,47981,37151,29803
2016,8,8,28033,38794,77767,64314,17903,1814.32,4218,4712,1508,5286,31159,29812,5298
2016,8,9,34974,58087,4448,66516,44747,1814.32,3864,1736,1596,7267,70238,35276,22270
2016,8,10,73422,26156,38059,2091,23836,1814.32,593,3220,1185,9711,32533,25439,2393
2016,8,11,55009,21753,70153,2869,58426,1814.32,2681,3398,4397,6970,76265,20495,1312
2016,8,12,25750,15130,57233,42896,58749,1814.32,3171,2169,4977,5174,50611,10165,43823
2016,8,13,84975,72557,94738,42512,72269,1814.32,2950,3628,1526,8918,46497,23799,27271
2016,8,14,22118,95531,33551,97867,65363,1814.32,3362,2463,4945,7814,66710,14070,9816
2016,8,15,35769,94883,32216,22098,77465,1814.32,2262,3790,1735,6999,21301,10355,49179
2016,8,16,70623,55604,3984,52349,60059,1814.32,1148,2175,3714,9698,80042,10428,16833
2016,8,17,19514,14757,67893,60811,23055,1814.32,856,1462,1682,9423,97271,39652,34603
2016,8,18,24954,45887,18443,13041,89238,1814.32,3395,1211,1699,7472,28560,38109,6096
2016,8,19,76916,4709,86637,55631,30759,1814.32,2410,1623,4138,9974,43786,37192,33031
2016,8,20,51258,4643,12367,13446,30418,1814.32,3098,1510,3228,7892,68411,27465,25991
2016,8,21,60341,58159,53678,88392,51890,1814.32,1500,3805,3297,9488,12742,13334,48590
2016,8,22,78872,33198,17031,93010,49853,1814.32,1554,2461,1810,8920,30906,28579,10817
2016,8,23,1263,357,83951,89491,4602,1814.32,3308,4941,3223,6684,53332,45113,18714
2016,8,24,51927,46185,40271,71576,42025,1814.32,3334,1800,1222,5364,13905,40458,41058
2016,8,25,32534,60460,57920,30696,35732,1814.32,4275,3346,1078,9577,59188,10135,38827
2016,8,26,28291,42497,91429,71514,12186,1814.32,2978,1882,2296,6506,52038,49321,44761
2016,8,27,80658,6725,70217,71265,62090,1814.32,3074,1958,2284,5994,41669,13016,1926
2016,8,28,91173,945,66363,96707,60522,1814.32,3194,1374,4399,9254,93029,12936,25551
2016,8,29,75736,92360,93401,83032,31961,1814.32,3704,2617,3515,5273,15542,46956,11791
2016,8,30,35747,28309,57931,13032,30655,1814.32,2399,1826,1896,8761,34884,43769,15952
2016,8,31,50664,74431,15286,51415,89054,1814.32,4351,4788,2025,8216,64171,48985,24667
2016,9,1,12877,61604,20761,48150,78189,1741.5,504,1496,1998,6566,53502,15910,34069
2016,9,2,55678,91681,91199,80791,42918,1741.5,2806,2347,1604,5572,12810,41270,1320
2016,9,3,96276,87541,74649,70379,51713,1741.5,2624,1890,1588,9736,45441,29777,23634
2016,9,4,43806,45689,2626,2156,58968,1741.5,1457,2002,2808,8024,28139,40725,6129
2016,9,5,85328,75946,24426,18284,91518,1741.5,906,2793,3366,9014,74523,36430,30826
2016,9,6,74188,13500,83723,75777,73237,1741.5,553,3393,4851,9070,51900,11510,29164
2016,9,7,30659,28359,97520,94820,12366,1741.5,1896,4044,1603,6321,32328,18954,25659
2016,9,8,73500,8235,13618,8218,58789,1741.5,4647,4327,1640,8369,25103,41228,38142
2016,9,9,23885,97009,24622,98736,87892,1741.5,526,4901,1232,5564,29720,33597,26523
2016,9,10,4788,47970,63995,6391,90643,1741.5,2214,4141,1826,5832,72358,46048,46323
2016,9,11,33974,83358,61728,51966,78079,1741.5,3194,1962,1598,7815,17050,17766,3184
2016,9,12,60690,98661,39337,81922,61438,1741.5,1871,2576,3377,5865,10646,24020,35409
2016,9,13,8540,37533,88162,45800,83365,1741.5,1847,3689,1902,9926,85655,18670,26873
2016,9,14,23110,45202,56623,39654,13017,1741.5,4087,1078,3684,6856,71979,16473,40025
2016,9,15,68833,20203,49050,18562,32420,1741.5,2581,1926,1900,7095,86757,41616,4368
2016,9,16,40320,44957,41659,16901,64884,1741.5,1560,2992,3866,9080,27645,18234,43666
2016,9,17,34560,88086,8293,23245,71509,1741.5,1069,1692,1826,5119,75254,49246,46625
2016,9,18,9487,17836,6557,17739,81283,1741.5,707,1601,4622,7365,38502,35857,9667
2016,9,19,11031,10063,40203,16249,54598,1741.5,4482,1028,2284,5560,45105,43793,34200
2016,9,20,55752,51175,486,72578,6294,1741.5,3175,2132,4927,9474,66222,15132,25740
2016,9,21,54399,91930,29164,25373,75647,1741.5,2582,3028,1754,7784,19276,31381,34018
2016,9,22,1984,53760,86891,74269,12887,1741.5,4413,3637,3169,5030,57566,11640,31996
2016,9,23,43343,95743,54300,53270,56827,1741.5,2182,2576,3803,6345,69300,17826,20522
2016,9,24,6715,46883,23831,17147,64667,1741.5,4879,1650,3217,7106,57270,42455,43107
2016,9,25,50117,91684,11093,49638,42934,1741.5,1804,2627,2105,6103,55896,15754,35012
2016,9,26,46626,49432,97860,75429,55777,1741.5,1229,3843,4042,8822,12341,28708,17160
2016,9,27,63167,27221,61711,92736,45342,1741.5,794,1858,3367,5280,61446,10642,35333
2016,9,28,47647,33252,5281,44752,59355,1741.5,694,2331,1960,5796,14111,49088,27530
2016,9,29,80054,10342,77932,10448,30401,1741.5,507,4918,2492,7150,19006,29185,40273
2016,9,30,18903,54198,74643,62271,16833,1741.5,4923,1672,2044,6806,25582,27750,2442
2016,10,1,40618,83,74693,53511,30546,1539.74,4915,1782,3064,5942,87639,16684,23782
2016,10,2,65871,13910,92182,49441,32916,1539.74,4694,2112,2361,6964,20297,31154,21368
2016,10,3,11888,1129,33199,98444,43063,1539.74,2527,3679,2383,7220,53542,15866,10950
2016,10,4,27354,3458,15168,95418,80173,1539.74,918,1042,3067,8640,11834,15983,2807
2016,10,5,66360,96529,69448,45073,59846,1539.74,1227,3084,2224,9425,86527,18998,6097
2016,10,6,36727,49056,50319,64110,2628,1539.74,3390,1332,2318,7124,58101,37490,3861
2016,10,7,72716,44561,49885,5783,23201,1539.74,3117,1832,4598,7565,50983,34443,28071
2016,10,8,63662,27211,22529,87239,52989,1539.74,3877,4714,1638,8400,70176,43441,25408
2016,10,9,8057,24919,56126,31727,94828,1539.74,568,2542,3787,5452,89676,48339,14228
2016,10,10,79875,77795,4251,54473,51712,1539.74,546,1518,3796,8306,18962,14342,5234
2016,10,11,85908,72840,57851,76723,77036,1539.74,1515,1443,4296,5292,33169,14123,28027
2016,10,12,73221,68738,31666,48360,70542,1539.74,3050,1690,1982,7300,21239,33551,37695
2016,10,13,38886,42860,15276,54034,87008,1539.74,817,2915,2077,7670,49637,15158,34239
2016,10,14,8047,52505,1908,93696,95146,1539.74,2818,4717,1390,5836,33076,14126,35077
2016,10,15,43531,96127,57474,75371,79779,1539.74,3921,1654,2924,8402,89049,24932,45066
2016,10,16,24787,11220,14200,48217,91240,1539.74,3680,1284,2692,9558,18674,44190,30189
2016,10,17,2017,67152,28908,38535,72988,1539.74,592,2869,4462,9418,24591,16994,11985
2016,10,18,14484,83513,5610,52408,74061,1539.74,3691,1662,1764,8494,63415,47116,44659
2016,10,19,4431,12096,29107,37124,79036,1539.74,1313,1052,1188,6572,19586,44928,38439
2016,10,20,88557,81531,44150,79372,949,1539.74,4964,1754,3604,5573,84191,18044,18741
2016,10,21,50232,77883,74217,72462,2126,1539.74,929,2907,1078,5035,60030,45114,37632
2016,10,22,69827,57696,42519,91768,84269,1539.74,3048,4176,4986,7197,68547,10935,28457
2016,10,23,15939,18512,92719,895,90437,1539.74,4911,2020,1144,8264,45833,39621,26910
2016,10,24,88111,31763,28881,54190,63151,1539.74,655,2976,2958,9060,41095,13578,5264
2016,10,25,52982,44144,69108,29320,91342,1539.74,1606,3631,3870,9325,24525,29306,4007
2016,10,26,92587,84438,36327,80083,34917,1539.74,1055,3027,1126,5182,93568,19562,32160
2016,10,27,36552,25576,59105,99510,101,1539.74,4440,4433,4343,8547,98752,16358,1670
2016,10,28,2554,21712,75668,91424,37389,1539.74,2082,1326,1972,6826,42761,18070,1614
2016,10,29,21921,28817,91630,68547,60105,1539.74,3322,3007,2124,7426,12517,43576,1550
2016,10,30,37626,8310,13010,98321,73209,1539.74,722,1532,4824,9530,83537,14286,28114
2016,10,31,58921,70620,49892,59902,10380,1539.74,2151,2299,2820,9078,13670,14277,42653
2016,11,1,95520,27285,48806,32946,39802,1445.73,1923,4462,1742,6410,37670,16208,42382
2016,11,2,68305,29785,32385,10680,13322,1445.73,4599,1198,1690,5853,10671,28492,35950
2016,11,3,58005,59324,16313,78138,76521,1445.73,1170,3392,2874,9962,37689,14027,30590
2016,11,4,73710,40965,94843,95453,42561,1445.73,3012,1738,3648,6486,21543,16652,32513
2016,11,5,46346,7496,8614,32186,53349,1445.73,2029,2704,1312,6694,22193,37832,35638
2016,11,6,90284,38365,92577,64510,3341,1445.73,4889,3401,1230,9731,10420,13790,30267
2016,11,7,38596,83218,41007,17245,93615,1445.73,565,4959,1397,8646,88497,12204,28903
2016,11,8,86169,15527,83802,97481,75221,1445.73,1664,1856,1432,8492,62717,30403,5996
2016,11,9,40860,57607,73805,12090,63690,1445.73,2232,3637,3579,6486,52233,22193,29011
2016,11,10,78493,94151,28506,81242,44682,1445.73,2338,2201,3880,9190,61033,40453,33355
2016,11,11,43488,79051,38662,4199,89644,1445.73,4601,1014,1378,9524,42591,39026,1379
2016,11,12,70120,84824,74016,48700,84415,1445.73,2244,4258,1626,8434,60500,31432,26249
2016,11,13,15456,97839,28635,80689,35331,1445.73,2493,3817,3717,6154,99367,16730,39668
2016,11,14,77533,321,5215,52870,75079,1445.73,3248,1549,3981,9082,10248,49747,47807
2016,11,15,8513,63846,29007,45264,45947,1445.73,1695,2754,3696,6754,58442,39027,39507
2016,11,16,61350,95936,34197,46419,88442,1445.73,1131,1956,1958,6345,35195,41666,33565
2016,11,17,90504,43444,3217,55838,25707,1445.73,1936,1150,3661,7294,12185,39608,29817
2016,11,18,56801,55234,33715,60498,26915,1445.73,876,4615,4443,5238,51034,42884,42157
2016,11,19,83637,88518,75210,50226,31215,1445.73,1891,3070,3847,5107,10259,45906,10405
2016,11,20,41277,32196,62829,34938,99491,1445.73,897,2642,1599,9232,49491,23513,41367
2016,11,21,33120,65368,78130,53915,15441,1445.73,1798,1742,4032,8360,65653,15246,29164
2016,11,22,48765,57546,19669,18965,69005,1445.73,1222,1632,2123,6582,61570,27965,29928
2016,11,23,1769,68820,50608,48368,93432,1445.73,1881,2902,1894,5110,96817,47258,1750
2016,11,24,45526,59968,12688,95910,98328,1445.73,2507,3444,2237,7176,82408,37594,28341
2016,11,25,27104,29983,64227,5579,40385,1445.73,3543,2153,1946,8198,90520,20751,42149
2016,11,26,66955,28754,63654,32421,28764,1445.73,4679,1290,1790,8718,86549,11822,26823
2016,11,27,37059,64058,14914,5649,61234,1445.73,4594,4688,3655,7650,10267,34040,13674
2016,11,28,82322,10163,42546,93290,60666,1445.73,794,2619,1819,6502,76392,13878,33066
2016,11,29,87221,22424,13928,40363,81142,1445.73,1831,4551,1780,6745,56551,16950,1938
2016,11,30,20419,16146,63160,80427,56319,1445.73,4466,3639,1292,7011,48280,43310,39779
2016,12,1,78673,37282,34600,89070,13674,1820.26,2641,2448,1874,6016,49941,22289,41535
2016,12,2,41188,846,69528,64285,57397,1820.26,4702,3542,2508,5128,29860,13638,27998
2016,12,3,45947,68500,29932,69310,16780,1820.26,2090,1803,1874,6689,17224,13810,23242
2016,12,4,34576,9867,59349,6389,59222,1820.26,3678,1760,1150,9124,81044,33883,9291
2016,12,5,8907,82100,57426,16416,63580,1820.26,1405,4526,3488,6336,95187,21619,3638
2016,12,6,15930,37278,33423,92805,13968,1820.26,4704,4894,3217,5404,71283,18790,17000
2016,12,7,1047,66314,85552,27534,30871,1820.26,1417,4776,1782,5194,72543,28626,16596
2016,12,8,5185,18950,54505,93673,11638,1820.26,594,2567,3321,5066,36723,33640,49692
2016,12,9,32066,52780,98535,25283,44536,1820.26,4073,1934,2482,5976,89467,49704,19818
2016,12,10,78924,17237,39482,43971,18784,1820.26,2596,3967,2325,7100,17639,17936,28377
2016,12,11,93144,49284,2883,96465,30703,1820.26,902,2767,1558,9992,17638,35975,5958
2016,12,12,31161,14828,47910,83644,10804,1820.26,3347,4726,1940,9180,33696,39748,37378
2016,12,13,67558,6293,13716,31235,49745,1820.26,818,2888,1990,9431,55704,27692,31356
2016,12,14,81741,85810,6813,23181,47153,1820.26,4156,3312,1041,7065,61955,12814,11215
2016,12,15,94443,61656,59275,65409,836,1820.26,1508,4744,1240,5224,15979,31712,42972
2016,12,16,32932,22529,24601,29922,48313,1820.26,3966,1974,2465,6294,69585,29617,46657
2016,12,17,91993,78742,24283,34386,35807,1820.26,3933,1601,4244,6424,12009,31432,2590
2016,12,18,72531,99870,82529,4499,85094,1820.26,1210,3024,2388,7162,64298,16486,48508
2016,12,19,23819,38265,48457,22637,35395,1820.26,3605,3738,1782,5784,94475,32589,18042
2016,12,20,95478,98409,79191,76074,77968,1820.26,3857,1006,2420,6386,54996,17742,7552
2016,12,21,71246,57559,26891,8634,1073,1820.26,685,4890,2156,9142,63878,47550,7541
2016,12,22,93536,48837,41289,90319,41724,1820.26,2907,3552,1056,8449,45978,28491,35764
2016,12,23,26001,19836,95342,49773,76222,1820.26,3638,2467,4247,7554,72452,41671,16690
2016,12,24,9422,99491,66562,87931,74985,1820.26,970,3519,1266,6252,58837,14842,46793
2016,12,25,95237,98097,23609,45761,16546,1820.26,603,3897,4421,5944,25022,31995,19587
2016,12,26,52634,83661,45815,93233,1894,1820.26,4903,2667,4108,7816,15597,25444,34619
2016,12,27,80961,17430,93965,76589,60551,1820.26,1644,2139,3602,8374,17899,16499,19154
2016,12,28,39839,24855,91750,45612,27151,1820.26,3958,4783,1783,9772,89367,35029,16772
2016,12,29,24392,40623,62697,74852,74791,1820.26,602,1512,1454,9942,48691,22625,28294
2016,12,30,96118,95336,44765,79720,65588,1820.26,2571,1777,3869,8650,67389,31019,29016
2016,12,31,37444,11348,27155,54227,17473,1820.26,4255,1863,3495,8303,33066,14637,32874
2017,1,1,49715,20389,58672,60327,69081,2030.58,2796,1544,3764,5040,46355,37779,47649
2017,1,2,81439,68133,8001,85759,51874,2030.58,3201,4573,2525,7570,97045,15398,39020
2017,1,3,99388,55261,5246,84044,88327,2030.58,1991,3041,1623,5662,14719,42055,19883
2017,1,4,69663,87516,72823,78427,56384,2030.58,1205,2821,1526,8420,39932,38239,35530
2017,1,5,29577,79486,67813,28454,73266,2030.58,3851,4005,1006,5448,73048,24796,14858
2017,1,6,51684,20040,62838,74659,42055,2030.58,1713,1716,1424,5887,13000,16666,43909
2017,1,7,7770,89053,91981,44136,79611,2030.58,2374,4186,1398,6539,37640,16390,31913
2017,1,8,81397,97844,90021,17867,63293,2030.58,4014,1327,4460,8203,11980,15742,29421
2017,1,9,32112,89051,85935,29888,61290,2030.58,4046,1670,1482,6027,29545,11092,42430
2017,1,10,24292,78273,86631,52042,94812,2030.58,3057,2559,3466,9429,26777,18110,40623
2017,1,11,55203,85792,49438,71015,40347,2030.58,3880,2458,2176,9638,18697,38465,21775
2017,1,12,23597,2745,40229,21431,95124,2030.58,3874,4414,4397,5504,87808,25560,36126
2017,1,13,26128,57218,68121,64594,16647,2030.58,4055,3200,3393,9698,59214,14986,11250
2017,1,14,36619,4447,42550,30147,35614,2030.58,4963,4209,1402,5191,80639,25466,11248
2017,1,15,11318,95866,11233,92067,81370,2030.58,2627,2496,1257,8426,88441,39256,49041
2017,1,16,79701,3849,77457,93094,68693,2030.58,3185,1662,2469,5734,51808,43082,3024
2017,1,17,83334,53125,68644,63677,78316,2030.58,4142,1978,1499,6727,14403,42869,15635
2017,1,18,65768,82031,66718,22026,50482,2030.58,1281,1518,1466,5089,23275,10404,21512
2017,1,19,58113,2813,82067,31935,24899,2030.58,822,3232,3351,5622,88260,48018,1894
2017,1,20,75647,43756,20356,37147,10483,2030.58,1367,1249,3140,9436,14626,33621,34759
2017,1,21,50948,42260,13803,42660,47350,2030.58,3063,1813,1241,5954,53747,31140,3430
2017,1,22,68061,95117,5725,87764,21481,2030.58,2134,2126,4091,9986,50624,14573,43985
2017,1,23,57248,46992,57176,90388,42781,2030.58,730,3727,4061,8334,52738,27762,21802
2017,1,24,73945,72154,99576,30186,89988,2030.58,2677,3047,1143,9753,62163,10522,19676
2017,1,25,43739,64298,16102,14182,86787,2030.58,3755,1570,1254,5930,67124,22849,16727
2017,1,26,24084,57485,82930,38145,77999,2030.58,2258,1942,4173,7366,98480,14160,35668
2017,1,27,17862,42510,72208,15357,92264,2030.58,4331,2353,1846,6784,66534,14510,34371
2017,1,28,49863,61642,78543,79933,97572,2030.58,4133,3007,4502,8414,76151,13853,45667
2017,1,29,20435,8411,65796,44608,56597,2030.58,3767,1628,3137,7326,22517,15400,30628
2017,1,30,98050,73201,84106,13069,39985,2030.58,4874,4847,2281,9768,86131,26204,1290
2017,1,31,71788,71617,64212,91290,40032,2030.58,1494,1817,1477,7290,21424,17730,6716
2017,2,1,96544,45235,7407,43870,84104,3009.61,1918,2303,3263,9984,97287,40255,39159
2017,2,2,86214,87135,2537,12334,89618,3009.61,4120,1234,4304,7078,17617,32371,45093
2017,2,3,13257,94435,63849,16899,15859,3009.61,1168,2401,4859,8574,72622,13962,18274
2017,2,4,64086,14542,37618,87349,85881,3009.61,2603,2093,3391,6491,12598,28008,34905
2017,2,5,41585,84900,89243,67241,76662,3009.61,963,1269,2645,9811,23168,33503,6860
2017,2,6,64437,24337,62257,60648,49263,3009.61,961,3347,1554,8578,11286,13286,34880
2017,2,7,13483,94652,40098,51874,7496,3009.61,1234,4079,2126,7342,32671,35139,40876
2017,2,8,25041,98635,41410,42686,44798,3009.61,2541,1180,1090,9604,86232,18138,14578
2017,2,9,6029,27194,67876,71801,22124,3009.61,4804,1220,1862,6253,15354,13714,34924
2017,2,10,37130,16418,68853,95608,18246,3009.61,747,3285,1509,8654,18654,11306,1524
2017,2,11,53086,94865,3244,58351,49662,3009.61,4229,2042,3020,7104,43842,10296,39476
2017,2,12,98380,100000,7102,94307,96253,3009.61,4079,4733,2006,5874,45341,28298,27285
2017,2,13,84456,92441,37937,17318,64597,3009.61,3623,4033,1054,8219,92383,18326,40260
2017,2,14,87695,21613,73179,37068,35070,3009.61,3562,4800,4724,8090,60458,45976,33374
2017,2,15,75652,74539,12063,35705,73823,3009.61,720,4629,1195,8291,91946,47143,23756
2017,2,16,24903,86923,81177,76378,85142,3009.61,2513,4187,2875,7044,26254,29296,39912
2017,2,17,16770,34818,29098,66494,83185,3009.61,3821,3836,1810,7134,94540,17098,5908
2017,2,18,30991,24896,45250,97186,9539,3009.61,680,4440,4117,7454,10817,25610,37196
2017,2,19,31768,88332,14799,59644,71728,3009.61,3939,4848,2221,8786,71341,25406,41053
2017,2,20,90297,16515,34243,87094,73751,3009.61,2713,4740,1382,5934,18278,45920,45135
2017,2,21,40158,78959,30362,80628,20816,3009.61,1237,3934,1732,8350,44929,33940,41179
2017,2,22,78441,222,38789,70662,84610,3009.61,2419,1257,2996,6036,78351,16746,10130
2017,2,23,74501,52417,21487,60883,55379,3009.61,1802,1887,1350,7163,17742,22242,6117
2017,2,24,44695,15105,41177,90556,52492,3009.61,848,2283,2679,9636,34297,37288,2459
2017,2,25,6119,96717,94899,49115,26083,3009.61,860,1174,2017,7406,61464,13747,39602
2017,2,26,76168,18267,41987,11243,21783,3009.61,4836,1476,2309,7364,73383,18582,1718
2017,2,27,59823,14232,98437,62502,10221,3009.61,1142,1338,1612,8390,81804,21883,32734
2017,2,28,66994,64017,72466,9011,67715,3009.61,2757,1934,4900,9496,87827,13374,1158
2017,3,1,87664,89511,14258,45029,79246,2061.48,4850,3477,3846,7418,20049,12931,15411
2017,3,2,49847,36388,58733,27239,18192,2061.48,4231,2207,4433,9593,66273,36067,30617
2017,3,3,42351,26508,70968,23446,14335,2061.48,1746,3350,3511,6003,63378,12756,44002
2017,3,4,67766,84581,72586,47964,68285,2061.48,894,4482,1522,5979,61720,13564,42635
2017,3,5,82948,72304,62124,2381,91897,2061.48,4799,1206,1256,5766,90396,15606,28398
2017,3,6,86120,62143,20293,85983,48146,2061.48,798,2263,4603,7676,80226,19239,1046
2017,3,7,46664,41122,3723,8389,77101,2061.48,1953,1814,4098,6998,78779,45994,15443
2017,3,8,78826,99932,96594,66434,75698,2061.48,3376,3169,4131,5020,64151,13628,36990
2017,3,9,5044,29243,45892,89647,83272,2061.48,3885,4934,3591,5224,38322,27043,26119
2017,3,10,44403,26628,53443,98501,77057,2061.48,846,2233,3504,7439,55019,40554,48574
2017,3,11,60781,39748,18724,26264,44768,2061.48,4892,4810,3469,8570,55808,11740,32875
2017,3,12,44606,31047,58027,28197,10006,2061.48,1591,1528,4328,5570,85611,32736,12701
2017,3,13,39960,46459,21322,88464,20250,2061.48,748,2382,2439,8194,23645,27207,26341
2017,3,14,63320,79890,43370,91789,82026,2061.48,4880,2982,1576,7906,87531,13172,49179
2017,3,15,90607,9123,27342,46287,509,2061.48,4022,1898,1534,6696,45282,46012,12953
2017,3,16,9389,7005,93395,41829,87449,2061.48,784,1544,3281,8756,58907,11658,17040
2017,3,17,94287,78788,54641,40863,73046,2061.48,2444,3652,1294,9166,26290,18154,42172
2017,3,18,54090,21666,24974,29853,38362,2061.48,2216,4101,3611,5610,11868,31060,36608
2017,3,19,69002,57669,48180,82283,36426,2061.48,594,1432,2226,9876,87926,41624,7088
2017,3,20,7105,85371,71629,74751,26508,2061.48,2904,1948,4583,8468,26800,24296,47919
2017,3,21,70838,69017,38399,64449,20979,2061.48,508,4980,3348,7386,88614,21125,10680
2017,3,22,17128,98908,18189,35706,80193,2061.48,2329,2296,2836,8957,78399,34343,6115
2017,3,23,96877,37656,31293,32812,21886,2061.48,2108,2722,4813,7462,73522,47143,24445
2017,3,24,38890,19032,3476,73590,29072,2061.48,4714,1198,2349,9255,98255,15602,42091
2017,3,25,85370,25586,7542,93207,24543,2061.48,3901,2770,4948,6210,86934,11833,35941
2017,3,26,82343,10395,70908,42156,72253,2061.48,4298,2493,4812,5558,17478,25235,44430
2017,3,27,51217,45798,87786,74918,41405,2061.48,3810,1774,1626,6351,36332,10110,36042
2017,3,28,88645,80234,6644,28593,71780,2061.48,860,4121,3971,7684,12628,42575,43578
2017,3,29,38466,68279,20069,18279,27405,2061.48,4865,3620,3301,7651,69889,24705,21152
2017,3,30,50045,48700,67832,78023,51404,2061.48,542,1814,1508,7084,68639,22528,4164
2017,3,31,47115,75417,43002,67438,53101,2061.48,1364,1565,1066,6433,26195,17664,21982
2017,4,1,86062,62637,33590,50065,32527,2262.73,934,1225,2478,8130,48980,12994,8296
2017,4,2,25025,89028,63744,78563,74019,2262.73,2028,4434,1258,9466,10166,17605,2624
2017,4,3,85831,10453,24217,98616,53000,2262.73,2552,1678,4517,6141,10962,37043,41881
2017,4,4,40789,21937,84621,99620,16419,2262.73,2613,2795,3980,6356,36357,12999,33602
2017,4,5,78980,94738,62434,90956,20556,2262.73,4912,2738,1772,9128,21353,11123,31321
2017,4,6,91010,70258,16537,61879,52752,2262.73,3921,4891,1234,9893,19030,43071,38365
2017,4,7,99847,88476,50867,38828,14832,2262.73,1826,1366,3313,9926,18022,18868,3576
2017,4,8,11932,92382,57959,20056,91511,2262.73,1179,3871,1852,8144,60749,35024,29313
2017,4,9,52432,26023,44917,29085,75916,2262.73,3508,1534,1222,9374,30941,40437,20779
2017,4,10,9303,99120,16953,7616,29731,2262.73,2835,3014,1803,6422,94421,34665,34422
2017,4,11,96459,91953,33537,78732,6020,2262.73,3756,4803,1659,5024,15578,28926,10638
2017,4,12,62155,42396,21041,37761,48123,2262.73,4550,2424,2452,6038,81391,47183,1982
2017,4,13,12276,24227,71550,39079,41373,2262.73,3743,4182,2923,7272,32914,30294,15971
2017,4,14,34269,46671,55098,87280,38047,2262.73,1206,1670,2732,7246,37961,32206,25338
2017,4,15,5581,82512,39631,73033,60366,2262.73,1567,2640,1600,8116,11719,19324,21022
2017,4,16,40440,1815,73508,14715,41799,2262.73,566,2418,4443,6458,79698,14988,6422
2017,4,17,41796,95905,7690,75880,49503,2262.73,3086,1462,4513,7716,44467,19542,12003
2017,4,18,35091,31035,77520,13043,5504,2262.73,2366,1894,3756,5873,77008,31906,5591
2017,4,19,28647,72017,74326,98090,38475,2262.73,1930,1621,1279,5972,72501,15781,4024
2017,4,20,7975,30588,87217,52489,44656,2262.73,3718,4745,4069,7589,92787,34572,31684
2017,4,21,89532,41507,30515,29641,47380,2262.73,1546,1026,1792,8922,90467,11622,23875
2017,4,22,72599,12399,63692,38878,58371,2262.73,1011,2696,1779,8227,51536,11434,36193
2017,4,23,6263,25256,7533,85332,9197,2262.73,4904,3728,3177,6770,44720,11124,16672
2017,4,24,40646,56267,97936,52889,74843,2262.73,4957,2440,2152,7306,86318,41874,38403
2017,4,25,19841,73682,74572,2972,48261,2262.73,758,4522,2714,8290,56205,43263,42460
2017,4,26,54962,26110,8344,29492,59233,2262.73,918,1229,1372,9335,85469,17046,3064
2017,4,27,54090,5427,47965,87595,89076,2262.73,4468,1098,4315,6406,28239,22575,1280
2017,4,28,12852,75350,27098,96918,13640,2262.73,750,4952,1538,8523,14443,10854,33303
2017,4,29,67939,65844,17578,93621,31531,2262.73,4143,1250,4824,8458,73214,30251,3047
2017,4,30,92742,69035,55520,33409,55779,2262.73,983,4981,1866,9432,81898,10910,1926
2017,5,1,88432,6755,74852,3307,37551,1583.45,1245,3393,1094,9740,51276,29526,42552
2017,5,2,75361,36897,54351,33821,26463,1583.45,1561,1002,1473,6322,67626,13176,34603
2017,5,3,82306,52608,48395,31739,34507,1583.45,825,4289,1950,8142,42595,14500,3845
2017,5,4,64580,30193,17895,91060,11410,1583.45,1937,1770,2418,5178,20590,48880,19171
2017,5,5,92242,63504,60729,65067,39826,1583.45,1649,3483,1934,6395,70221,31820,28356
2017,5,6,56592,67399,71110,33543,55779,1583.45,3042,1709,1026,9182,27768,38011,30058
2017,5,7,67811,64706,74782,90229,72345,1583.45,930,1886,1578,5092,46004,31404,11724
2017,5,8,60897,84007,86240,58211,70402,1583.45,646,1993,1750,7492,76887,12340,22813
2017,5,9,7550,24930,49050,84152,23571,1583.45,2162,1380,2874,6600,97961,46570,26818
2017,5,10,75019,69774,27509,82949,2315,1583.45,704,4562,3871,6943,54125,44272,23514
2017,5,11,89756,60509,87618,46318,38001,1583.45,3657,1902,1582,7706,62405,45708,14505
2017,5,12,876,34568,37089,58750,14215,1583.45,650,1178,1175,9180,88532,39841,1402
2017,5,13,39046,19238,35757,12917,36181,1583.45,2189,2288,1586,9334,88605,18994,39882
2017,5,14,42016,63616,66644,64154,71322,1583.45,4861,3549,4967,6612,47298,44181,29049
2017,5,15,14704,68971,99766,52231,18152,1583.45,2071,3548,3887,7827,86465,10067,38299
2017,5,16,34061,60007,18708,84450,21165,1583.45,543,4531,2280,8774,43684,17212,7314
2017,5,17,17588,53546,47151,97555,33200,1583.45,1736,2902,1123,7853,16484,30626,10802
2017,5,18,12504,8556,4176,36391,52736,1583.45,2810,3147,1302,6098,15826,38162,40641
2017,5,19,55183,9493,67695,42463,81679,1583.45,2416,1244,1276,9142,13172,14475,11379
2017,5,20,91720,21261,78730,4196,29114,1583.45,4821,1617,1030,8996,78007,39207,45214
2017,5,21,45989,90818,92356,12987,38688,1583.45,1149,3869,2148,8843,36332,15334,46305
2017,5,22,96574,53749,19445,94202,34667,1583.45,598,2738,1894,7524,46933,15693,48969
2017,5,23,98971,81755,73663,35444,37104,1583.45,4650,4443,1598,6724,12430,13878,18023
2017,5,24,46014,13580,7749,68162,98775,1583.45,3340,1418,1074,8282,11812,31550,10433
2017,5,25,73105,30930,40641,59685,34688,1583.45,764,1206,1370,5392,85452,39135,37574
2017,5,26,33415,26456,38579,8606,76165,1583.45,2484,2178,4587,6584,90339,13361,1009
2017,5,27,23369,95032,75062,70253,19168,1583.45,3154,2271,1891,8795,68307,12930,30963
2017,5,28,96369,43686,12941,98401,25430,1583.45,2535,3843,2551,6114,67448,33716,14745
2017,5,29,27123,6285,55895,8063,69221,1583.45,2775,2588,2617,9188,79192,26784,12586
2017,5,30,60151,47348,85409,88395,56143,1583.45,2676,3862,3752,10006,83615,39181,3716
2017,5,31,11714,21151,14377,69265,13617,1583.45,4332,1488,4461,6342,65153,23682,31826
2017,6,1,52929,82623,28134,48470,61816,1805.47,4971,1038,3029,6740,98008,26745,21270
2017,6,2,81043,66871,6850,78011,50486,1805.47,1075,2988,1658,6798,12902,17178,46032
2017,6,3,11025,58696,63047,2604,23849,1805.47,3119,3129,1414,7604,41598,13869,3081
2017,6,4,38874,66570,55736,61904,96288,1805.47,630,3681,1966,7426,71691,15242,3744
2017,6,5,24233,94120,91792,993,85812,1805.47,4576,1835,3443,8974,15790,17298,9749
2017,6,6,8407,88910,1774,60462,6514,1805.47,682,1739,1292,6418,39994,38931,9724
2017,6,7,162,94995,32613,53480,73196,1805.47,2283,2428,4775,5426,14772,19062,20657
2017,6,8,75175,74349,13774,43619,29676,1805.47,2262,4433,3473,6342,14894,41339,29565
2017,6,9,30111,5578,19431,72755,51996,1805.47,1686,3508,4418,8606,21988,43965,9425
2017,6,10,64955,79272,41394,96082,44698,1805.47,1667,1224,1866,7206,79842,42893,6166
2017,6,11,56358,48457,47327,91183,35196,1805.47,2521,1250,4150,7834,54411,10018,28574
2017,6,12,27728,66098,37358,82146,26749,1805.47,1111,1702,4968,7722,87784,16018,9346
2017,6,13,56375,804,52243,19593,27597,1805.47,2485,3953,3244,6163,75136,48439,48437
2017,6,14,54737,24010,30097,38887,92314,1805.47,2735,1590,1220,5093,18538,27353,34508
2017,6,15,20791,61002,85408,75760,44858,1805.47,3129,2583,1418,6723,37175,34295,39544
2017,6,16,41512,49661,18250,54756,42177,1805.47,4546,1912,3746,9642,52151,26059,43386
2017,6,17,50502,59887,46101,17459,21332,1805.47,1163,2122,1288,5856,34233,36848,14639
2017,6,18,2467,58715,4433,9166,35438,1805.47,3461,1948,2620,6870,48055,49796,41608
2017,6,19,71448,83954,63061,21546,49948,1805.47,2605,1822,1450,8566,34259,12781,15212
2017,6,20,91048,45423,71256,33039,58346,1805.47,4886,2164,4202,5430,86329,15991,5489
2017,6,21,98631,46143,9292,22603,7853,1805.47,3750,1312,2651,7270,17197,15206,7347
2017,6,22,83375,81155,24400,74825,91212,1805.47,3957,2258,4080,5213,31648,28778,8659
2017,6,23,80702,51535,55943,61257,8558,1805.47,2247,2187,4766,6539,46141,28970,8624
2017,6,24,60238,34892,40975,17890,86702,1805.47,1839,1350,1364,6238,61251,46888,24524
2017,6,25,24897,65210,45499,45330,56775,1805.47,928,3827,1334,5516,15083,19941,27147
2017,6,26,71377,8684,93481,92495,95223,1805.47,1465,1811,4512,9786,12114,27566,39622
2017,6,27,36963,47893,47642,8992,30483,1805.47,2231,1731,1846,7729,17060,13580,25246
2017,6,28,11228,73872,17408,72612,86625,1805.47,2553,4352,1174,6033,66847,11022,32492
2017,6,29,92008,88313,24560,66520,67104,1805.47,4085,1698,3504,8079,29408,25338,30613
2017,6,30,33325,1640,97070,40131,35721,1805.47,3710,3299,4352,9006,52262,14666,30482
2017,7,1,94816,81682,11135,47202,48529,2256.77,4208,3192,4794,8346,36647,35406,13883
2017,7,2,66166,73417,30263,90597,2825,2256.77,3920,1640,4022,6582,72887,49503,21953
2017,7,3,465,52539,20209,21582,4801,2256.77,1542,1946,4217,9028,79521,24097,27537
2017,7,4,99264,35082,43642,4058,57161,2256.77,815,4677,1046,9746,30273,39232,46641
2017,7,5,74382,70546,26400,43404,50948,2256.77,4259,1411,3176,9467,89345,39329,15639
2017,7,6,7004,97240,21650,32574,16268,2256.77,3022,1882,1251,6042,52291,19536,1171
2017,7,7,79657,24459,49442,66066,26888,2256.77,604,2621,1612,6818,77376,33911,29715
2017,7,8,97336,52988,85324,81865,32455,2256.77,1193,1630,3259,5694,18970,20878,41021
2017,7,9,10365,27758,69114,62968,27126,2256.77,2730,1782,1736,8714,72847,39102,21405
2017,7,10,18239,44497,23076,84851,26194,2256.77,3761,3529,4791,7126,21745,18038,16805
2017,7,11,27809,92939,58057,32420,2133,2256.77,4650,3848,1900,8763,91815,34026,12792
2017,7,12,76520,80898,57161,38735,19422,2256.77,2837,4011,1720,7264,55213,17049,46360
2017,7,13,84069,90327,56931,53861,27116,2256.77,1106,4923,2965,8374,14810,12908,28676
2017,7,14,9658,73346,35298,32910,12109,2256.77,3287,4979,4361,7302,43714,10134,43465
2017,7,15,86807,87904,14146,77663,55168,2256.77,1063,4236,4685,8700,93096,36800,19359
2017,7,16,63021,65555,58076,67338,96069,2256.77,3786,2077,1990,9083,54986,13575,11771
2017,7,17,52548,38275,68556,93261,95074,2256.77,3395,1880,1446,7540,75894,21691,12270
2017,7,18,53252,86958,10928,12937,87655,2256.77,1088,1358,1868,8336,34363,48349,20376
2017,7,19,35935,8150,20427,87402,17233,2256.77,2329,1131,1558,5884,79391,25112,41766
2017,7,20,64506,32787,23345,81030,16680,2256.77,2720,4930,3899,5110,99218,13116,15591
2017,7,21,376,15307,57228,86306,89470,2256.77,4654,1755,1091,5762,45509,33323,41591
2017,7,22,13199,12839,35807,59590,48723,2256.77,4701,4579,4336,8806,26960,47367,15199
2017,7,23,39989,79681,67298,58889,76033,2256.77,892,1408,3173,9021,79065,16010,16516
2017,7,24,46964,63720,45751,79408,85153,2256.77,4082,4702,1826,9788,74291,19171,41260
2017,7,25,96440,75346,15103,77128,99744,2256.77,4495,1083,3095,8144,31323,14127,42063
2017,7,26,41013,13118,6888,39186,68491,2256.77,3180,1842,4672,5283,11212,18966,35953
2017,7,27,12895,40296,65880,33345,5185,2256.77,3867,1623,1867,5302,95102,47962,6523
2017,7,28,92385,69598,4047,46832,44095,2256.77,2311,1846,3486,8406,40643,16976,35370
2017,7,29,70152,177,48783,36176,5460,2256.77,3703,4705,1186,5934,68049,21825,9995
2017,7,30,42458,3270,39801,74325,53592,2256.77,3639,2327,4500,5380,18328,14946,34904
2017,7,31,94407,86471,50053,42894,87021,2256.77,1221,2171,2224,5003,19406,12683,7049
2017,8,1,13403,63741,17992,15689,31791,1403.55,3145,1411,4617,8822,10014,14520,39818
2017,8,2,87462,83682,35374,46499,92841,1403.55,904,1334,1724,7604,82683,23772,1310
2017,8,3,76372,56207,80997,17727,65906,1403.55,4076,1328,3771,6850,11347,21913,10032
2017,8,4,93238,85846,73325,89207,51020,1403.55,3727,4832,3360,5452,10710,37552,44679
2017,8,5,55772,42235,99568,38848,42385,1403.55,2619,3755,4808,7240,52833,20713,32251
2017,8,6,19999,88263,32725,93771,41683,1403.55,683,4919,1269,5360,40477,47288,10425
2017,8,7,16391,44205,52121,94751,16009,1403.55,3655,1780,2036,8222,10627,20772,19803
2017,8,8,96825,39600,5880,51633,49567,1403.55,2346,4565,1975,5718,63335,38657,8714
2017,8,9,81847,95371,39929,28116,17083,1403.55,1755,3473,1934,7574,28223,13950,30406
2017,8,10,80030,43231,28751,8419,41453,1403.55,4190,3276,1681,5718,89909,11247,5731
2017,8,11,60136,78608,30813,7111,30,1403.55,2119,3228,2222,8218,42695,39304,10500
2017,8,12,32453,84452,72778,89767,11031,1403.55,1737,2412,1176,7386,15830,18388,17354
2017,8,13,63922,11373,56665,75603,29147,1403.55,1850,4281,2884,8038,12743,24266,12926
2017,8,14,10867,24863,72495,33089,93262,1403.55,2392,2066,1994,5170,31832,27023,15190
2017,8,15,78876,78570,34436,39459,70410,1403.55,2846,4330,4341,6974,26285,23488,16618
2017,8,16,10141,63136,29122,68026,63502,1403.55,3643,4367,1727,9166,14920,19988,41866
2017,8,17,62679,96201,18408,78672,57723,1403.55,2046,1597,3809,5676,76055,15570,1990
2017,8,18,55803,50255,66253,66496,97470,1403.55,4983,2609,2024,9105,91986,35526,42538
2017,8,19,77323,50630,26246,60402,98119,1403.55,1742,2149,1253,5149,72172,15930,33702
2017,8,20,5390,94219,40573,50551,83404,1403.55,1120,4205,4585,9518,11410,47054,32980
2017,8,21,24911,12037,21017,13287,47494,1403.55,3812,1167,1336,5058,12614,44454,29355
2017,8,22,25112,38312,71604,87717,93461,1403.55,1691,1678,4345,9082,65751,16430,10128
2017,8,23,65243,31872,93306,81181,80597,1403.55,3234,1022,3746,5602,18792,15192,15359
2017,8,24,44958,83958,48759,41294,75368,1403.55,2099,1830,3637,8310,18214,48450,1338
2017,8,25,183,96238,13652,70881,44853,1403.55,4980,1446,2626,9286,15262,16454,45756
2017,8,26,49997,2214,30081,10095,17816,1403.55,2685,2772,4182,6443,20417,40901,15226
2017,8,27,33122,72518,57732,21760,28925,1403.55,1561,4106,1218,6564,99986,36070,28630
2017,8,28,62320,24968,78869,6299,59606,1403.55,4520,1916,1110,7694,36047,22875,2848
2017,8,29,26179,70085,2001,91713,36528,1403.55,2613,4648,2638,6696,15528,13134,38770
2017,8,30,1678,60673,2022,92896,27238,1403.55,644,1826,3326,8742,12206,19283,2008
2017,8,31,43385,43080,61589,48445,4033,1403.55,2672,1562,4071,6024,38274,36950,13988
2017,9,1,87240,22952,88785,10288,47063,1493.1,1964,2735,2367,9758,51324,15727,45347
2017,9,2,82881,73585,9054,23418,85792,1493.1,1802,3870,1277,6422,49254,20265,44690
2017,9,3,19271,95817,20689,41647,34091,1493.1,2792,2681,1942,6334,64320,44004,7640
2017,9,4,36923,76285,68092,643,13848,1493.1,1369,1727,3000,7126,20144,45143,19416
2017,9,5,36464,3299,40366,59094,34898,1493.1,710,1048,1770,6398,28518,35877,39620
2017,9,6,90390,31311,89911,87332,22887,1493.1,2688,1160,1866,5779,76802,10713,4231
2017,9,7,51548,59524,73793,60900,51299,1493.1,1042,4113,3587,6407,63206,14836,10289
2017,9,8,86027,58917,51708,87814,91668,1493.1,3690,3408,1535,7210,85740,12518,30226
2017,9,9,84183,33429,26935,31049,65560,1493.1,1761,2106,1938,7650,78005,47262,20089
2017,9,10,92194,34048,51376,22133,46807,1493.1,1968,4184,1202,8676,36997,47869,30935
2017,9,11,18902,77040,96279,46790,6992,1493.1,3914,1173,3150,7200,22221,13709,48371
2017,9,12,77290,30335,30817,73254,12240,1493.1,1867,1580,4221,9198,42917,12064,8822
2017,9,13,35529,29887,71565,41732,84915,1493.1,952,1406,1212,8582,66956,42592,8562
2017,9,14,83305,97224,119,31455,54424,1493.1,686,3064,4026,9358,37669,47617,38692
2017,9,15,17506,74537,18403,93079,79132,1493.1,926,1011,2558,7022,89094,42472,11321
2017,9,16,95584,61400,12640,97537,46334,1493.1,1481,4638,3171,6599,61092,47594,45949
2017,9,17,45291,22609,95660,30669,31293,1493.1,3286,3798,4217,6090,58228,19700,33329
2017,9,18,24361,73687,50712,31919,60709,1493.1,742,1292,2557,6774,70180,13890,6159
2017,9,19,65683,76662,9881,75206,99613,1493.1,2799,4903,4933,9630,75571,15166,20974
2017,9,20,84492,20210,22729,25061,83251,1493.1,4760,3962,4643,7322,72233,15351,30957
2017,9,21,84334,12976,87996,1891,82710,1493.1,2133,3391,4837,8082,23596,34450,8177
2017,9,22,79339,62749,95706,5625,13911,1493.1,3202,4753,4190,5930,39813,14890,37629
2017,9,23,83239,926,47755,37882,29102,1493.1,3233,3434,2963,7580,31677,15672,19988
2017,9,24,15757,13811,80417,66947,22176,1493.1,2748,2866,4464,9805,39842,13375,20365
2017,9,25,17434,19397,44481,41624,21679,1493.1,840,4916,2923,6350,42798,47024,1304
2017,9,26,49510,12384,60460,82473,86316,1493.1,4497,2072,2298,5090,85370,10825,42137
2017,9,27,31630,19471,95044,31095,49276,1493.1,821,1708,4281,6642,24684,25959,34886
2017,9,28,22300,6452,80877,40224,35974,1493.1,3599,1962,3761,8126,84307,10162,40027
2017,9,29,72547,15157,73501,94845,26422,1493.1,2022,3051,3340,7065,11004,27615,8871
2017,9,30,1952,82671,10677,72585,4324,1493.1,3544,1623,3163,5772,83198,44137,1713
2017,10,1,86798,95973,70912,67209,96632,2229.35,4754,1788,1690,7678,38209,24710,25988
2017,10,2,22974,12613,69404,6391,18110,2229.35,3341,1568,4046,7478,21455,25758,47019
2017,10,3,45823,48079,33923,7947,47629,2229.35,838,1564,1735,7359,17985,13494,44412
2017,10,4,39699,74093,65155,55539,25044,2229.35,508,4368,2328,6004,70758,16790,19717
2017,10,5,13023,95453,83922,53422,92731,2229.35,4179,4904,4806,9453,62850,17434,5377
2017,10,6,40217,72947,68213,96952,86658,2229.35,1670,1355,1641,7326,81894,18036,2550
2017,10,7,51541,28496,82405,222,44500,2229.35,2011,3873,1319,7284,27294,24049,19516
2017,10,8,72662,72827,45306,42468,68632,2229.35,4902,3848,2453,8942,22151,34110,8156
2017,10,9,47016,88822,10466,40010,36999,2229.35,3045,4890,2206,6802,10232,31705,8712
2017,10,10,42670,88475,71932,23989,55760,2229.35,4389,3420,3403,9694,87239,14080,49226
2017,10,11,67850,63494,82236,81655,24312,2229.35,764,1327,4560,5172,11336,12910,20739
2017,10,12,1294,85734,67801,54852,42536,2229.35,1557,1702,2738,9690,18394,49849,39265
2017,10,13,40418,39934,94622,28822,99628,2229.35,2208,3828,1446,6430,81834,19666,31862
2017,10,14,21534,47599,57346,31094,56533,2229.35,720,4177,1542,8156,29028,13302,35034
2017,10,15,67421,81938,98507,61511,6778,2229.35,1360,2195,3984,5981,92368,29964,24052
2017,10,16,87843,94577,80145,49550,95372,2229.35,567,1904,1868,9264,64350,48813,11980
2017,10,17,94298,74706,72991,81416,69214,2229.35,4717,2985,3956,9576,14496,40734,2020
2017,10,18,49980,25857,54282,30316,31838,2229.35,1631,1032,2577,6776,15534,11822,46650
2017,10,19,85108,53853,86205,27389,63117,2229.35,1202,3765,2964,9192,55180,27177,16907
2017,10,20,1212,66251,80164,85169,92179,2229.35,2254,2157,1867,6535,88824,18704,44660
2017,10,21,9537,15457,21089,67114,38585,2229.35,558,3691,1873,5244,51079,12692,23022
2017,10,22,89525,77282,30107,47489,92827,2229.35,1017,4037,4241,9510,95557,26419,1640
2017,10,23,82192,4164,34929,19059,67051,2229.35,4115,1586,1130,5203,60051,44144,40105
2017,10,24,64578,96465,17836,57803,19083,2229.35,4144,4958,3900,9782,72446,21726,35268
2017,10,25,78594,63464,82117,62835,50997,2229.35,605,4539,4541,6885,68598,47943,44026
2017,10,26,46991,72714,90883,2551,14269,2229.35,3047,3845,2398,7126,36648,16480,1878
2017,10,27,32502,67145,91439,27755,27747,2229.35,832,1340,1942,8610,69174,27399,30237
2017,10,28,24679,41133,76940,39220,48018,2229.35,3514,1078,4602,8802,13910,15222,45538
2017,10,29,95331,26958,60421,42729,74192,2229.35,560,1693,4212,6710,50799,16630,47069
2017,10,30,13587,66632,14651,89990,80933,2229.35,2389,1230,1309,8666,61181,11366,1494
2017,10,31,56218,14696,687,7172,59093,2229.35,2393,1558,2905,5636,13502,32096,30949
2017,11,1,55415,55142,26798,88765,5941,1541.1,3702,3924,1110,8691,69856,32639,1461
2017,11,2,26081,91819,40301,36761,69352,1541.1,2977,4046,3017,6500,59490,43965,45980
2017,11,3,5247,30265,51871,54412,60119,1541.1,645,1074,1812,7598,17214,27752,1306
2017,11,4,95255,22999,66677,77718,48043,1541.1,1708,1926,4702,6732,27235,30405,2885
2017,11,5,79341,36565,14453,58710,53066,1541.1,4026,3311,1128,7248,12722,47029,40295
2017,11,6,37567,29720,12563,9379,89867,1541.1,3483,1472,1209,6511,95541,20603,16859
2017,11,7,39397,72251,11078,451,5612,1541.1,856,1303,4877,6670,60012,44294,38313
2017,11,8,51955,29039,2606,88866,82639,1541.1,895,1702,2751,9628,45935,17617,31680
2017,11,9,48020,49419,69090,4229,52282,1541.1,4831,1677,3233,9074,16970,25196,30984
2017,11,10,90574,39337,92852,81803,17349,1541.1,1096,1318,4605,5053,74520,47243,19216
2017,11,11,76734,76768,17448,54485,91577,1541.1,3453,4595,4152,7798,60176,31434,29735
2017,11,12,4878,1360,89464,74463,53621,1541.1,4658,4194,4983,8861,25996,37331,14296
2017,11,13,28077,68446,72987,42682,13499,1541.1,4924,1918,1260,7458,61067,48553,13859
2017,11,14,53459,15873,88149,98964,39768,1541.1,1749,2002,1036,6212,35459,19656,14677
2017,11,15,509,1470,80203,86844,60332,1541.1,4175,4759,2002,7036,47441,18006,22552
2017,11,16,27372,87366,11079,84349,77442,1541.1,4253,1810,4370,7516,29863,10489,38498
2017,11,17,18431,26613,21486,84467,29177,1541.1,958,1036,1118,5486,32880,17801,23297
2017,11,18,39581,23408,72561,30577,86921,1541.1,1422,1296,3719,5010,31343,18710,20002
2017,11,19,67351,80597,48413,71721,34350,1541.1,2209,4131,1239,7158,53597,13622,28276
2017,11,20,43344,90425,96453,34462,7454,1541.1,3614,2033,4091,9462,93961,22363,45685
2017,11,21,27529,45384,3007,51248,24237,1541.1,3759,1586,1297,7172,79658,31999,34350
2017,11,22,95448,28220,51131,16688,98266,1541.1,3455,2960,1504,6259,17556,18957,21081
2017,11,23,41945,27388,82343,27388,18563,1541.1,4751,1090,1686,5524,13689,12274,26304
2017,11,24,53460,98801,53861,1109,15973,1541.1,3107,2772,3089,9590,60811,26355,49871
2017,11,25,71671,44267,50668,99527,40526,1541.1,4835,3821,3180,7177,26209,21742,9442
2017,11,26,93481,25961,84185,31519,45070,1541.1,3793,4880,3026,8020,15989,28998,14226
2017,11,27,13877,15449,73123,91966,66039,1541.1,4672,4060,4551,5340,53586,35077,33934
2017,11,28,11134,88422,33899,14314,5599,1541.1,2408,1750,2419,5898,46949,47489,26460
2017,11,29,67171,57095,62370,96549,21100,1541.1,1898,4975,1342,5021,43293,42549,44711
2017,11,30,48955,27966,46611,43507,63306,1541.1,4935,4438,3618,5185,88752,10568,1646
2017,12,1,57513,26000,40417,10457,89301,1396.77,2626,1394,2979,8358,83845,27689,4258
2017,12,2,16074,35174,4201,47447,78467,1396.77,2752,1431,3360,5230,86089,19826,46751
2017,12,3,83898,76880,64879,29084,81984,1396.77,2080,4495,2798,7496,49952,23450,25448
2017,12,4,28107,43931,86197,11086,34458,1396.77,534,1882,1782,9327,14328,33680,20042
2017,12,5,22430,27081,6465,82142,16044,1396.77,2049,4940,1578,6928,29023,34120,8906
2017,12,6,98728,12456,23616,32878,36305,1396.77,1327,4410,1686,5056,91847,34659,39920
2017,12,7,12565,96974,51542,34132,22653,1396.77,4163,1433,1316,6979,43574,41696,32222
2017,12,8,65885,1977,57990,68022,25257,1396.77,2141,3983,1650,8462,56860,17062,37013
2017,12,9,98381,29540,32887,48583,88415,1396.77,3241,1966,3058,9142,51461,27063,24734
2017,12,10,83356,85626,38497,25361,42605,1396.77,3409,4841,4047,5622,92862,18616,32072
2017,12,11,44763,45004,49639,60583,53464,1396.77,4058,1843,2389,7806,13910,40803,22851
2017,12,12,3030,50019,58134,41089,51153,1396.77,3151,1728,1572,6647,92572,20528,25948
2017,12,13,55071,75982,95370,55470,17380,1396.77,4772,2141,4586,6166,22724,19402,4584
2017,12,14,53613,68135,71246,22354,30080,1396.77,4508,3108,3041,7998,74196,11102,38024
2017,12,15,79942,8700,56406,7866,65348,1396.77,4745,1698,1310,6467,75887,17388,48978
2017,12,16,11051,57012,37184,76990,4127,1396.77,1391,2738,4393,7986,96444,24472,26260
2017,12,17,72012,92305,23934,26406,46299,1396.77,1951,2591,3181,9426,66808,38528,48130
2017,12,18,70039,61555,25298,11349,68022,1396.77,758,1722,1810,7221,72412,45026,17537
2017,12,19,99833,85156,69117,44226,69145,1396.77,3698,1155,4217,8983,83912,20515,31913
2017,12,20,73465,15864,63108,96646,20573,1396.77,1525,1230,2821,6360,15734,42194,46268
2017,12,21,60712,88349,3971,67964,11922,1396.77,4341,1753,1538,8458,55979,47034,26383
2017,12,22,30371,91030,4542,4588,50013,1396.77,1455,3476,4317,7382,20122,24889,38455
2017,12,23,67182,38000,31852,91356,81175,1396.77,4901,1886,3510,7752,26201,14134,33811
2017,12,24,96607,5544,62186,74497,70354,1396.77,1530,2075,1897,6071,38015,41909,34517
2017,12,25,30878,79471,31739,35196,16737,1396.77,1436,3917,1211,8288,91624,37386,18213
2017,12,26,58451,91527,45625,13313,11750,1396.77,3744,4707,2368,9158,99203,14073,21826
2017,12,27,93151,20734,81150,35049,63158,1396.77,3309,4034,4986,5047,45581,31722,19165
2017,12,28,43260,38371,31992,49472,63011,1396.77,1857,2812,1494,9954,51124,19200,23617
2017,12,29,70659,31222,84304,64380,73504,1396.77,3452,3005,1194,5953,18053,14198,33507
2017,12,30,45118,61364,10488,76456,52763,1396.77,3177,1022,1592,6521,61845,23801,6070
2017,12,31,80138,98703,11614,27984,97536,1396.77,2578,3193,3958,8233,48924,33813,12738
2018,1,1,77378,66820,8685,19683,1225,2314.19,1152,3939,4272,7607,31702,41693,8786
2018,1,2,82138,44077,2485,38659,5922,2314.19,3795,1960,4250,6270,18510,33340,26286
2018,1,3,67061,3056,77299,55295,68333,2314.19,3386,1428,1280,8310,81743,28211,27465
2018,1,4,77208,62896,57152,12832,20504,2314.19,4525,2640,4281,6732,41298,10414,5206
2018,1,5,16000,76446,76178,36602,55928,2314.19,4941,2987,1814,7194,78281,48778,11040
2018,1,6,91057,21668,60840,68044,90090,2314.19,2606,2296,1942,9757,96480,42333,42584
2018,1,7,41315,17358,44974,90596,40719,2314.19,2149,3069,1710,8326,19352,10846,2624
2018,1,8,65718,29613,74336,12517,43205,2314.19,1294,1234,1988,8486,35007,13429,18969
2018,1,9,47422,97615,97079,52900,33724,2314.19,1585,1526,1840,5830,81985,13134,43559
2018,1,10,75535,44136,41056,87307,98814,2314.19,3654,4531,1382,9341,77047,39895,1464
2018,1,11,14662,4694,90508,21650,9532,2314.19,702,1952,4481,8509,26204,23204,41868
2018,1,12,42068,37790,48243,52983,10700,2314.19,967,2585,1440,8118,12498,39528,30229
2018,1,13,12749,44899,70412,9440,90592,2314.19,686,1038,4856,5100,43254,44387,13811
2018,1,14,14413,94686,51341,53894,43195,2314.19,3450,1074,1685,8044,54595,42384,27545
2018,1,15,38273,75563,61323,45340,53938,2314.19,4868,3037,3816,5279,17666,35759,17567
2018,1,16,85443,74515,57364,70299,47061,2314.19,4685,1472,1654,6025,31718,19422,1246
2018,1,17,9922,75169,56462,41607,83213,2314.19,696,2837,2971,6690,83176,13826,11057
2018,1,18,45584,34397,56298,90752,56029,2314.19,1510,1470,4640,7756,11768,12238,15127
2018,1,19,844,76454,80878,12498,8832,2314.19,3698,3752,4115,5398,60359,14746,12596
2018,1,20,67569,77055,57869,86892,55072,2314.19,634,1318,1793,6448,15524,47821,41046
2018,1,21,81575,34268,89292,37568,34493,2314.19,619,1370,1806,6014,47833,19048,17412
2018,1,22,50444,31532,37801,70911,88043,2314.19,4590,1962,1565,9862,75205,46636,14512
2018,1,23,89856,35357,63643,81650,68158,2314.19,822,1083,2018,5894,14630,13032,21400
2018,1,24,68878,60623,91847,79095,98471,2314.19,4494,1094,3914,8647,36176,16628,6032
2018,1,25,99511,10767,80272,7429,59578,2314.19,4064,4432,2185,8128,47433,41694,21830
2018,1,26,21811,93257,57779,43830,61075,2314.19,1692,4951,4754,9790,25398,12930,27781
2018,1,27,80923,56245,18492,1189,24892,2314.19,4497,4402,1786,6121,31830,41363,4668
2018,1,28,77951,2247,7148,1488,52658,2314.19,3182,4468,1092,7312,34649,41615,20934
2018,1,29,61445,51342,87919,16200,76232,2314.19,4424,3505,1836,8544,74694,10804,29669
2018,1,30,75287,84192,51559,57073,6665,2314.19,4787,4614,1280,7770,19702,18606,33389
2018,1,31,9221,11989,29113,89762,79301,2314.19,1376,1498,1454,5646,73295,24038,13762
2018,2,1,42720,97544,51229,63339,72238,2332.68,3625,2781,4943,5697,95797,13331,28385
2018,2,2,26838,96765,15319,65125,99219,2332.68,4344,1206,1738,8220,13726,45541,19964
2018,2,3,11834,63955,26996,47480,37251,2332.68,2794,1321,4929,8054,59660,14102,1034
2018,2,4,58760,14638,42652,88703,26687,2332.68,3385,3523,1774,8438,18647,12678,38450
2018,2,5,20020,9344,61990,51799,73449,2332.68,2339,1154,4153,8680,49113,11050,35200
2018,2,6,41721,61908,15430,6650,42283,2332.68,702,1041,4726,5648,12200,32764,25090
2018,2,7,57621,24481,86289,92834,74537,2332.68,3616,1824,1272,7858,62706,20431,21288
2018,2,8,7157,10046,22066,72663,733,2332.68,1769,3805,4437,7198,65454,41719,21179
2018,2,9,98640,41975,9113,4718,61147,2332.68,2482,3766,1040,7550,27952,46928,15208
2018,2,10,61410,71569,57837,92041,93527,2332.68,3824,2034,3291,7182,12106,30376,36895
2018,2,11,38420,97819,39182,87857,21369,2332.68,4576,1142,4314,5040,24725,40460,20988
2018,2,12,20249,78560,75579,92641,18682,2332.68,4568,1606,1734,7522,88483,34977,3531
2018,2,13,50651,17308,18364,30295,84549,2332.68,670,2967,4934,9851,10824,26302,40765
2018,2,14,70839,90401,12663,66505,95441,2332.68,1964,2040,2299,5096,41032,15846,3741
2018,2,15,86074,80602,47425,77525,94358,2332.68,3853,1360,3215,7148,91654,16490,35908
2018,2,16,54334,2325,77084,9268,68528,2332.68,1921,1444,4659,9178,22222,40099,37908
2018,2,17,68325,29187,38493,16976,28082,2332.68,2956,1024,1477,5380,24383,37187,29525
2018,2,18,67641,19590,48548,37208,33159,2332.68,1322,2491,3877,8405,13110,43756,6554
2018,2,19,56313,15032,99474,50972,29616,2332.68,2423,4291,2234,9098,31267,11667,21696
2018,2,20,91792,99224,42175,84622,30957,2332.68,1808,3596,2499,5830,35803,35657,32911
2018,2,21,93261,43478,39501,52138,11884,2332.68,2245,3195,2641,6902,35519,47257,2611
2018,2,22,49767,92943,11549,17001,21562,2332.68,918,4704,4743,7194,14325,11408,9168
2018,2,23,86457,86134,20648,88956,22841,2332.68,964,1100,1279,7574,84589,28162,22803
2018,2,24,33075,96835,12711,716,24906,2332.68,4324,4671,2523,8930,16056,29084,48230
2018,2,25,1393,53043,8789,76136,56589,2332.68,3186,3044,1208,5185,48351,14792,23115
2018,2,26,24340,89316,80893,40620,86132,2332.68,562,4205,1910,8400,36273,19925,31835
2018,2,27,78777,50598,10949,52652,92823,2332.68,1735,1144,3366,6876,12246,11306,35324
2018,2,28,96343,17594,20704,38294,52779,2332.68,3085,2118,4722,5430,34089,10853,19055
2018,3,1,35575,96412,77185,66123,32685,2650.45,4898,3281,4410,7550,92456,19478,13463
2018,3,2,45638,19376,64453,18866,22430,2650.45,858,1014,2813,7012,18316,48220,42111
2018,3,3,56587,2624,22943,73269,53065,2650.45,874,3638,1558,8969,54760,29242,1254
2018,3,4,78784,16012,28877,19546,29914,2650.45,631,1110,2059,5942,94416,45840,37685
2018,3,5,2195,25976,52216,81360,79477,2650.45,4579,2415,1402,8873,25683,33407,11369
2018,3,6,69022,97469,38398,81932,62790,2650.45,1174,1572,1052,6402,61117,10878,43159
2018,3,7,94087,56750,47337,51146,16833,2650.45,1985,1542,2728,9200,16738,13556,41753
2018,3,8,76921,46318,32324,57264,31544,2650.45,670,1138,1827,9068,82495,15638,24360
2018,3,9,38579,10022,92541,80452,82776,2650.45,885,1861,1654,6452,44358,43591,3658
2018,3,10,41327,91345,95322,9055,6897,2650.45,3962,3817,4729,5174,57432,12554,12060
2018,3,11,11998,64456,23189,177,93524,2650.45,1144,3453,2057,7378,28904,14832,22036
2018,3,12,97342,81142,8047,24101,64363,2650.45,2691,1386,1750,9364,31094,16997,2405
2018,3,13,91425,36410,67167,82506,74048,2650.45,546,1044,1650,8317,86220,15280,24599
2018,3,14,50353,37365,63734,98762,97401,2650.45,4946,4741,1110,7992,35193,20845,8990
2018,3,15,90397,19237,76534,50498,98602,2650.45,3846,1377,1586,8166,88882,34436,23981
2018,3,16,41963,10364,36833,63721,38681,2650.45,4000,1566,1768,5478,20498,24168,23053
2018,3,17,68076,50445,85262,74559,4789,2650.45,816,1536,1043,8288,78385,18606,20456
2018,3,18,62269,12232,61022,39010,29596,2650.45,4797,2910,2970,6629,51630,31650,16256
2018,3,19,49682,30631,53388,26450,89717,2650.45,1969,4144,1372,8954,48702,45469,23886
2018,3,20,39039,94106,57006,95082,32394,2650.45,4726,1014,3974,7099,50023,19854,1744
2018,3,21,9708,39822,14185,2678,82803,2650.45,680,2484,2796,6854,75285,18865,32167
2018,3,22,94305,8608,9362,51338,10839,2650.45,1806,1228,3520,5526,61309,14758,8064
2018,3,23,21907,27388,28280,2234,70840,2650.45,3507,1898,4476,5392,99575,17278,44656
2018,3,24,24858,66608,66115,54006,87027,2650.45,4222,2682,1359,8583,49019,43549,7753
2018,3,25,56647,62178,59778,25167,32342,2650.45,2432,1208,4826,5758,72832,35665,37439
2018,3,26,65367,1340,48916,16195,60383,2650.45,4825,1982,1450,9194,39245,34828,48491
2018,3,27,6396,28468,48864,72755,43404,2650.45,1303,1878,1412,9758,41568,17516,47883
2018,3,28,79872,353,95705,44698,87416,2650.45,1714,4134,1228,5629,85328,46611,18538
2018,3,29,10472,51506,48203,58274,150,2650.45,4454,1544,2267,8317,79299,25670,37448
2018,3,30,56200,61955,92072,32612,20740,2650.45,2716,1230,1402,6852,61659,37759,33640
2018,3,31,38311,74726,6894,40891,36707,2650.45,3853,3529,1431,8254,21803,26580,8574
2018,4,1,31258,83125,71771,89575,62424,2633.87,2125,1470,1738,8782,61469,11720,13793
2018,4,2,85158,78432,56200,38579,40091,2633.87,3240,4815,2203,8272,67873,42128,10311
2018,4,3,54337,31403,18560,6393,69558,2633.87,896,1638,3264,8046,13490,14088,45140
2018,4,4,97812,85219,14122,70028,12660,2633.87,882,2816,1522,8433,52747,10463,41943
2018,4,5,58744,45988,41631,92299,96471,2633.87,4427,1624,1822,9338,57199,10463,9504
2018,4,6,64479,19448,27631,59095,69819,2633.87,2485,2629,2292,5928,54008,14951,1456
2018,4,7,54902,29891,62769,25276,94677,2633.87,2090,3419,2854,7452,62070,40677,15516
2018,4,8,19577,96498,57837,76835,82188,2633.87,3650,1665,2187,5150,22111,37005,31388
2018,4,9,98355,70950,20987,50648,33909,2633.87,1950,1358,1236,9446,30436,15912,24995
2018,4,10,26586,98880,69333,20793,8953,2633.87,1469,3528,4251,5657,21715,26438,31403
2018,4,11,17045,25366,89457,84232,72998,2633.87,1236,1351,3868,8574,38350,49128,27920
2018,4,12,33569,70302,54291,54806,81372,2633.87,717,2957,4957,6401,45101,25261,1079
2018,4,13,4156,56571,70143,64759,58580,2633.87,1197,1256,2222,7005,76207,40219,41858
2018,4,14,24925,13796,77923,40146,72371,2633.87,625,2290,4278,9915,93447,10534,32626
2018,4,15,77347,64166,24959,93656,36919,2633.87,3917,2426,2981,9059,22184,12550,20060
2018,4,16,80917,29734,93537,14491,26739,2633.87,1061,3015,1242,8983,24512,19886,36096
2018,4,17,47961,30138,27256,67239,6406,2633.87,4240,1798,1219,9198,93758,17990,20703
2018,4,18,95611,29028,11917,38592,34439,2633.87,1504,1706,1558,6392,46196,23276,34101
2018,4,19,52488,67258,7644,68730,82594,2633.87,3694,1905,3645,7301,14144,11286,32156
2018,4,20,38004,98385,1506,55576,23935,2633.87,590,4544,1995,7954,58136,41433,11616
2018,4,21,72434,30993,23141,68972,97385,2633.87,2248,1223,2946,9891,51304,15198,19337
2018,4,22,48400,41351,98797,43397,58652,2633.87,1150,3007,2676,9007,68582,12958,29293
2018,4,23,90623,78648,87508,63970,16981,2633.87,816,1540,2987,8543,74737,13456,11996
2018,4,24,64232,83338,72947,33530,83229,2633.87,850,2979,1953,9254,15464,40605,24252
2018,4,25,29862,68878,53613,73891,64237,2633.87,501,1211,3545,6026,35180,17110,38547
2018,4,26,91357,90584,56291,84344,85479,2633.87,1067,4710,1442,5990,83239,30297,47380
2018,4,27,20969,85013,94629,2923,85582,2633.87,4879,1794,2585,9843,11378,14646,2357
2018,4,28,68390,31186,23034,1935,60547,2633.87,3811,3254,1262,5842,52597,10182,8214
2018,4,29,88834,60017,338,35902,56735,2633.87,1198,4054,1293,6686,96976,36874,49930
2018,4,30,79536,73208,35021,67121,3051,2633.87,598,2791,3242,8327,12164,15140,40706
2018,5,1,91241,33395,98043,32695,2345,2122.45,1527,2360,1466,7570,35446,15288,48670
2018,5,2,39980,29502,66582,17159,42830,2122.45,1693,1037,4827,7636,35439,45532,19808
2018,5,3,15461,39584,50128,73788,45661,2122.45,1680,3253,3662,8662,85947,16246,15268
2018,5,4,69745,23827,29719,51456,97607,2122.45,3095,2585,4666,6028,71095,37495,15166
2018,5,5,85836,67789,69885,7015,47955,2122.45,3899,3414,1259,9026,53553,23271,5325
2018,5,6,50646,76587,76525,99308,97661,2122.45,1665,3756,1297,6384,35211,17014,12472
2018,5,7,61550,68307,54194,72568,84335,2122.45,1414,1521,3077,6299,19786,14776,25290
2018,5,8,17976,95140,20798,79235,14166,2122.45,2505,1162,1884,9030,80470,14949,24352
2018,5,9,57854,47136,48707,60504,59872,2122.45,759,2772,4928,9914,10339,19262,1110
2018,5,10,40242,36755,72137,49672,49406,2122.45,2054,2380,3515,8418,62966,15370,32025
2018,5,11,18556,81824,88843,85845,77206,2122.45,793,1094,4152,5851,95562,18056,35665
2018,5,12,16122,72674,46797,1050,87626,2122.45,1663,4219,1593,5151,10242,25998,23488
2018,5,13,73528,17297,59731,67043,77853,2122.45,1074,2759,1754,6269,98603,48077,39049
2018,5,14,81934,65750,49489,47438,81601,2122.45,2813,4073,4075,9609,31474,38053,11403
2018,5,15,9449,34491,82273,36043,9642,2122.45,3392,3169,1162,8960,50211,20367,42515
2018,5,16,59876,41287,33127,97100,53908,2122.45,1529,1690,3831,8206,99630,45431,31731
2018,5,17,22421,72444,25858,72848,8405,2122.45,900,2852,3173,6354,70246,17815,23684
2018,5,18,2039,14992,17337,44554,35819,2122.45,4920,1396,1550,8046,18300,29092,33900
2018,5,19,46129,20675,31286,59960,98044,2122.45,1743,1882,3358,7914,93311,28114,30916
2018,5,20,87636,20564,45967,95810,13737,2122.45,3624,2126,2556,7312,93031,49726,32566
2018,5,21,31212,74304,11772,72750,72351,2122.45,3193,4830,1590,9478,94790,39634,20917
2018,5,22,46746,66534,76450,66456,80486,2122.45,4569,4472,1676,6888,80281,36764,36113
2018,5,23,89454,10258,85243,53362,57570,2122.45,3087,3781,3929,9726,61530,41279,28275
2018,5,24,85776,29724,76111,43718,45555,2122.45,4703,3651,1166,6153,75107,16974,37253
2018,5,25,78618,86029,51447,1646,59269,2122.45,3409,3721,3337,7158,16726,15907,31729
2018,5,26,34631,71522,4689,3560,52733,2122.45,4839,3507,3645,7301,98576,24199,32571
2018,5,27,40906,98281,82852,27395,90786,2122.45,4368,4402,1690,8694,71048,35959,24311
2018,5,28,93895,25810,1033,68585,65814,2122.45,4491,1802,1986,5531,20355,43720,19468
2018,5,29,4454,81547,98580,33099,18848,2122.45,2298,1104,1788,6501,14022,18925,13509
2018,5,30,97164,97867,4680,73854,60033,2122.45,1164,1146,2889,7197,38863,16374,42080
2018,5,31,46665,39707,16851,54005,45238,2122.45,4077,4690,3751,5322,99140,15830,37206
2018,6,1,6439,46407,54305,29292,49905,1744.6,1454,4122,4261,6660,40506,36340,39582
2018,6,2,59177,27138,20582,86374,82353,1744.6,4389,2058,3838,6798,83647,14800,36989
2018,6,3,17472,49690,42499,46480,48831,1744.6,3996,1620,4206,6610,17264,18230,46449
2018,6,4,32883,60071,89585,43496,93083,1744.6,4835,2259,2228,6769,38632,11874,30091
2018,6,5,3758,88023,77992,57596,7769,1744.6,1342,1591,4032,7690,88070,42862,27991
2018,6,6,36641,77067,80835,95847,36720,1744.6,1308,1916,4521,7206,29448,17603,14451
2018,6,7,40983,75636,19863,14563,42405,1744.6,1000,1161,4221,9686,20108,36989,24848
2018,6,8,42829,1451,44933,3213,41643,1744.6,1074,4634,1421,6532,90480,29492,33003
2018,6,9,7712,11789,65446,82233,39033,1744.6,1188,1590,3232,9638,10929,11989,11246
2018,6,10,77250,97777,8151,56471,62615,1744.6,4811,1795,2413,9496,25007,20408,44612
2018,6,11,54099,37435,15043,80520,30696,1744.6,662,4758,3663,7262,53343,39048,5524
2018,6,12,69406,19532,69064,72638,21934,1744.6,4626,1080,4121,9129,88357,23087,46345
2018,6,13,3741,48170,94883,82506,69265,1744.6,2913,3362,3676,7956,20233,20723,36243
2018,6,14,39832,96597,91834,89847,38405,1744.6,3894,4161,1059,8628,96799,19345,45177
2018,6,15,77007,31426,34881,71128,6907,1744.6,4214,1998,2758,5449,19018,23375,39590
2018,6,16,91692,28770,13090,81720,63078,1744.6,2442,2908,1271,8560,18224,16598,33324
2018,6,17,55805,88002,25190,53216,68664,1744.6,2560,1348,4766,7594,33148,43024,21989
2018,6,18,63383,93715,20024,67493,49164,1744.6,867,2206,4648,5094,38925,37726,29528
2018,6,19,19985,57720,40635,66256,68348,1744.6,3635,1016,1818,8825,93718,39110,16094
2018,6,20,47166,66280,1132,33284,6424,1744.6,1308,1157,2993,6331,53650,43509,34280
2018,6,21,92211,10870,50716,66859,81179,1744.6,4584,2514,3712,6314,83770,48411,5994
2018,6,22,44017,67406,88915,14464,92583,1744.6,4925,4748,1086,8518,73031,38039,32634
2018,6,23,5336,15692,74198,49682,62023,1744.6,3190,1178,1238,8534,53795,10426,44200
2018,6,24,16251,58380,70114,96316,36303,1744.6,4726,1306,3993,9993,11134,46575,20236
2018,6,25,48979,81061,2676,14243,52117,1744.6,2281,3804,2750,5670,23485,36125,42060
2018,6,26,37030,66676,56710,8451,76933,1744.6,2401,4535,1958,7742,11710,37890,10505
2018,6,27,34103,66929,34562,4448,33274,1744.6,2374,2251,3108,7670,96493,45224,45697
2018,6,28,62110,15128,69029,86212,24310,1744.6,2336,1339,1090,5398,69789,18825,8866
2018,6,29,72255,63543,78361,73843,27409,1744.6,3085,2862,3842,5302,82309,17116,1136
2018,6,30,24695,49685,99368,84155,36087,1744.6,731,4547,2340,8958,12278,13262,12214
2018,7,1,89448,29341,81870,34846,15482,2902.48,3451,4023,1654,7294,12874,12320,1400
2018,7,2,41732,647,46164,20730,82957,2902.48,1776,3992,2646,5930,11510,24859,13280
2018,7,3,41662,15978,18552,22774,16736,2902.48,2750,2534,1796,9248,73731,31375,36554
2018,7,4,61667,97184,26751,23425,10830,2902.48,745,2560,1518,7662,73289,49489,49535
2018,7,5,95188,51418,98482,74186,97349,2902.48,4045,4009,2240,7596,78134,15327,16264
2018,7,6,54150,7237,87863,86396,18209,2902.48,4122,4874,1094,7224,19650,35957,11594
2018,7,7,26760,5396,54870,76941,53656,2902.48,1429,1622,1866,5078,39380,43276,44512
2018,7,8,57526,88426,48639,6118,72374,2902.48,1444,2875,1474,5658,29270,18569,43125
2018,7,9,37253,79745,64796,12381,56969,2902.48,4690,3727,4841,9559,77019,19706,34446
2018,7,10,30423,3449,25044,26352,61063,2902.48,979,4939,4200,7822,41056,41573,14424
2018,7,11,44095,12502,84449,94456,88160,2902.48,4376,1763,4814,8352,70496,33135,30071
2018,7,12,28617,85187,83215,34810,71098,2902.48,4658,1520,1398,9701,44223,41097,10235
2018,7,13,477,96555,76037,69677,97525,2902.48,1249,2970,1902,8230,68777,14934,17094
2018,7,14,58473,48154,92222,84640,92325,2902.48,2774,1890,4255,7974,55750,35352,12718
2018,7,15,27575,66761,53225,7610,2814,2902.48,534,3289,1446,8822,89317,15766,13800
2018,7,16,74540,16919,65849,36838,45321,2902.48,2295,3793,4130,5868,88432,41454,1966
2018,7,17,74938,56207,28747,39193,23547,2902.48,896,2473,2608,7718,75082,36773,1708
2018,7,18,74273,40141,6415,84627,97587,2902.48,3856,3478,2650,8518,25315,15950,45732
2018,7,19,42034,28963,78116,41164,24831,2902.48,3969,4767,4105,7716,55311,29004,16548
2018,7,20,78565,62561,46478,62526,23034,2902.48,4298,2305,3051,5713,98284,41989,21560
2018,7,21,51445,7141,80468,80447,98198,2902.48,4769,1582,1097,5778,97746,25928,5784
2018,7,22,15785,46716,92048,54890,40784,2902.48,3893,4348,1271,6070,81873,49304,13712
2018,7,23,18282,31172,62962,96333,86885,2902.48,3322,4681,3386,5141,51479,32935,11246
2018,7,24,7277,22601,55870,58375,55486,2902.48,654,1269,1683,5412,42510,14942,3616
2018,7,25,6413,76405,76815,32684,73127,2902.48,3339,1408,1211,5234,16398,18904,25040
2018,7,26,22547,8767,80481,7285,93909,2902.48,1571,1184,4560,9794,75910,26397,31961
2018,7,27,32409,26565,14019,49092,69267,2902.48,2910,2030,4285,6076,41066,22411,6530
2018,7,28,91117,55758,30172,13680,17059,2902.48,4478,1924,4382,6311,79593,13190,34265
2018,7,29,84624,86166,70828,39184,64959,2902.48,1933,2366,3302,5951,62810,17850,46738
2018,7,30,68833,2073,50951,18118,18149,2902.48,1881,1242,4126,7052,55647,47536,8369
2018,7,31,37669,95127,69846,97052,47790,2902.48,1693,2412,1956,7520,87947,16914,49440
2018,8,1,69881,30633,73913,82185,9795,2718,2368,1866,1142,5486,30015,17016,32833
2018,8,2,58720,71984,88982,45772,27632,2718,4792,4109,2715,6843,86898,22154,2870
2018,8,3,63537,19311,74111,1058,7258,2718,1667,3490,3008,5579,92026,47803,7377
2018,8,4,24764,59395,76022,24898,61233,2718,4752,4951,4372,5085,82075,38355,6037
2018,8,5,57956,81868,77465,30671,78711,2718,2824,2246,1376,6582,59655,39985,30715
2018,8,6,50663,77675,49828,5023,69606,2718,4177,4368,1248,5199,35618,12480,41854
2018,8,7,67588,85371,98785,61960,56809,2718,1666,4763,2726,8270,45433,41436,30860
2018,8,8,91197,14610,35,7573,57896,2718,3910,4909,3716,7484,46283,23322,26043
2018,8,9,55592,15462,34043,73192,77013,2718,671,4599,1383,8920,22911,28191,19661
2018,8,10,15315,39578,42955,78041,50061,2718,828,1256,1410,8890,65181,43595,4740
2018,8,11,28258,29092,34857,81974,59181,2718,1647,4771,2952,8198,87962,39964,31140
2018,8,12,58055,39987,50917,29438,90794,2718,3980,2460,4756,6582,16852,29816,23828
2018,8,13,38026,52682,37426,90078,4897,2718,3672,4505,4401,9770,47830,23581,18959
2018,8,14,32373,69479,54706,45325,57873,2718,588,1862,4005,6205,61716,39799,42668
2018,8,15,76385,35697,28612,22493,68984,2718,2309,3360,4496,6086,29790,19392,45464
2018,8,16,91397,13463,68898,55798,64696,2718,4378,2067,2558,7110,42391,26782,16729
2018,8,17,9456,94033,92709,8461,96590,2718,4611,4325,1473,6454,11818,41808,20777
2018,8,18,88687,30480,31521,19535,86566,2718,3927,4313,1125,8362,50110,22172,11311
2018,8,19,57257,45841,69240,76167,96277,2718,4300,1472,2015,8361,30543,18604,11631
2018,8,20,49138,45156,24283,71963,4730,2718,518,3415,1579,7995,29302,19496,36101
2018,8,21,5658,68230,63810,13135,8758,2718,622,2366,1111,9100,74884,38739,30272
2018,8,22,82529,44186,94471,20896,38899,2718,4499,3035,1521,7572,76350,41250,25015
2018,8,23,16234,56473,1019,82813,84468,2718,3660,1477,4901,8821,19611,40010,30321
2018,8,24,79093,4919,38729,71557,75816,2718,600,4695,4150,9542,95590,13048,13614
2018,8,25,96133,51443,17436,99006,31576,2718,520,2809,1610,7625,46973,17382,43786
2018,8,26,37946,15635,73907,69199,64456,2718,4209,4900,4788,7937,31456,40603,43519
2018,8,27,77903,91752,65300,52053,62870,2718,1452,1442,2331,5240,74358,10259,10890
2018,8,28,9026,80967,8069,75636,88592,2718,3065,1537,2027,6971,12087,17835,5042
2018,8,29,26842,21297,27736,41630,85587,2718,3585,3488,1894,7778,31893,30164,9192
2018,8,30,91126,29698,5518,19810,44938,2718,614,3963,2194,8986,45950,15785,46229
2018,8,31,59530,89016,8675,62910,22340,2718,744,4180,3410,8479,90810,43996,20763
2018,9,1,55748,7486,84965,85984,39379,2268.47,2108,4075,1998,6548,14013,49578,31481
2018,9,2,9690,84329,26773,14178,30279,2268.47,542,4294,2584,9320,57985,18822,42558
2018,9,3,65,7166,13109,58544,14328,2268.47,2565,1334,4590,7772,56057,20320,7106
2018,9,4,41715,49519,5748,95065,79140,2268.47,4642,3829,1790,5686,19358,17071,36113
2018,9,5,80324,25770,2718,97908,95090,2268.47,2605,1294,2867,5714,70048,48547,10703
2018,9,6,39172,78966,68622,3762,89200,2268.47,876,1836,1108,6180,42329,19688,24680
2018,9,7,98646,86972,58518,35438,58386,2268.47,2508,1110,4997,5225,52968,31439,44229
2018,9,8,82280,21926,42945,66500,3992,2268.47,886,3162,4662,7344,63275,13861,29346
2018,9,9,74699,3709,61127,65248,66242,2268.47,4936,4886,1778,9805,10646,15163,3456
2018,9,10,4034,2833,20225,40384,24410,2268.47,1822,1689,2821,9542,73188,48165,39545
2018,9,11,60464,54587,91328,85127,88254,2268.47,688,2952,4663,5646,44551,40904,20956
2018,9,12,12626,79488,22143,19405,89294,2268.47,919,3326,1650,9214,33709,32411,22467
2018,9,13,27040,21884,5453,71214,53003,2268.47,4378,3465,4578,5710,98591,37832,44993
2018,9,14,98013,30284,17137,72677,23102,2268.47,4932,1462,1175,8427,55130,46820,11688
2018,9,15,90894,56051,40147,48896,93546,2268.47,1306,1937,3443,6759,16310,31445,40209
2018,9,16,31752,27529,11264,81331,54586,2268.47,514,2598,1489,9002,41626,29590,26207
2018,9,17,30690,71559,31670,88217,39986,2268.47,726,2230,4201,6170,12477,19099,36800
2018,9,18,98096,43785,6037,26539,96896,2268.47,2984,4998,3066,9247,42680,12651,14187
2018,9,19,45454,78195,81602,18296,47197,2268.47,2885,4238,1138,5906,82454,17475,23228
2018,9,20,49059,33844,14707,8260,25379,2268.47,3710,3473,2319,9746,66363,34214,27184
2018,9,21,30285,90700,45566,88351,9947,2268.47,2354,1752,1440,8955,12808,29988,38246
2018,9,22,38536,4285,24227,49674,66544,2268.47,2148,1212,1876,8206,23860,48606,23034
2018,9,23,75391,17572,38432,79062,33670,2268.47,4628,1254,2006,5193,68656,21792,4795
2018,9,24,13439,2363,93545,96231,17671,2268.47,2571,1205,1932,6308,22230,13930,16296
2018,9,25,6183,39379,19077,79411,3938,2268.47,3016,1368,1859,6447,74740,26881,9289
2018,9,26,21243,54369,7188,16737,79562,2268.47,4880,4352,1830,9564,11174,28580,42196
2018,9,27,81073,48154,1138,18005,31304,2268.47,1479,3837,1826,9030,33248,49386,39720
2018,9,28,99845,27617,95066,93056,44065,2268.47,1288,1658,1062,6960,14746,36440,36159
2018,9,29,52024,69627,45793,62934,34404,2268.47,2865,1934,2232,5354,33480,29887,17727
2018,9,30,65074,71313,33725,60523,11868,2268.47,4909,3063,1892,5334,21119,21357,33325
2018,10,1,57408,53016,14364,17236,84114,1854.32,4258,3739,2947,8794,18010,30673,1618
2018,10,2,56409,36324,29258,81763,86156,1854.32,1835,2467,4221,7428,85687,42545,9145
2018,10,3,83619,13751,69839,71298,34870,1854.32,3781,3629,1134,6298,25864,11027,41196
2018,10,4,10300,11475,81120,23247,43666,1854.32,554,1425,3289,9529,98187,24444,35615
2018,10,5,75027,61375,98265,34248,85084,1854.32,1792,1014,4053,5976,56351,15275,33952
2018,10,6,4179,1485,73905,31094,44630,1854.32,2120,1280,2594,6488,10879,37611,16121
2018,10,7,25206,31152,4037,63495,97033,1854.32,4291,2058,4949,5120,12620,15032,18576
2018,10,8,2859,99451,50087,16912,78786,1854.32,2186,2963,2922,9798,30408,18903,6438
2018,10,9,4915,88882,56536,32509,12121,1854.32,1471,3678,3565,8262,33524,11950,17415
2018,10,10,75435,37816,84009,55384,56723,1854.32,842,1874,2468,6854,92844,10094,6667
2018,10,11,93293,91383,569,17567,80178,1854.32,2821,1606,1210,9356,33952,14682,47330
2018,10,12,26772,70424,18361,41689,27284,1854.32,3638,2717,1052,7647,74453,12775,1886
2018,10,13,60666,94870,38708,99486,81724,1854.32,738,1367,1286,7658,25285,35815,47904
2018,10,14,64988,28107,37259,1198,3816,1854.32,2232,1182,2986,9622,88626,35269,21211
2018,10,15,68830,42266,4339,74883,96265,1854.32,4009,1929,1398,5442,56414,21736,28792
2018,10,16,56973,73505,79456,12611,91163,1854.32,4777,2502,1112,8170,90051,19366,21094
2018,10,17,89599,72284,16305,47585,72877,1854.32,4205,3057,2196,7096,32939,19634,4932
2018,10,18,32336,86949,16742,38700,96018,1854.32,880,4341,4363,6243,98303,36877,39508
2018,10,19,27337,63081,59380,92888,81468,1854.32,3606,2417,1714,9830,51353,10942,49432
2018,10,20,16194,559,69001,63390,70455,1854.32,3201,4141,1592,6294,57840,33961,18292
2018,10,21,62154,84629,3303,57869,90872,1854.32,4746,4559,1037,7782,43798,28856,1606
2018,10,22,86261,22405,66275,24328,17316,1854.32,1621,3508,4538,5038,13250,19998,17628
2018,10,23,55266,52804,40486,76858,25451,1854.32,818,3955,2953,7702,61824,40176,48326
2018,10,24,48430,22923,24736,29467,59752,1854.32,4674,1012,2290,7654,70339,40957,34887
2018,10,25,24929,21961,90819,75819,58935,1854.32,2162,4199,3223,7647,14826,15025,20421
2018,10,26,52325,34579,18982,51631,65051,1854.32,1806,4831,1414,5798,75649,29830,47158
2018,10,27,67781,324,42195,75071,7625,1854.32,2380,3904,2198,6406,24722,42484,28886
2018,10,28,43619,38237,73036,33194,75884,1854.32,3219,3207,1373,7114,96189,46423,30444
2018,10,29,80710,37997,42607,17141,37243,1854.32,3322,1014,3578,5517,96444,26202,18256
2018,10,30,84403,28825,75107,67953,68375,1854.32,882,1992,4416,6952,45186,30299,16181
2018,10,31,63915,9758,74860,95288,93310,1854.32,3062,4018,1614,7020,91158,12638,21049
2018,11,1,4481,84013,3855,76350,96810,2842.5,2104,1985,1515,5056,10360,37695,46409
2018,11,2,55494,38705,8465,38965,83891,2842.5,4231,4999,4974,7030,13262,17375,5116
2018,11,3,55286,93679,59124,22306,84837,2842.5,3933,1348,2126,7787,98370,35287,38115
2018,11,4,74196,75475,77274,12063,20532,2842.5,1110,2376,2689,9158,47692,42932,3986
2018,11,5,29690,83276,52932,76017,30499,2842.5,4743,1576,1270,5218,24440,17459,6241
2018,11,6,23333,48374,73129,61812,92513,2842.5,2098,3060,3325,5854,95122,13942,37851
2018,11,7,94709,77585,92585,37399,68511,2842.5,670,4552,4904,9613,13850,20402,40277
2018,11,8,22206,16664,56186,88477,1882,2842.5,935,1566,1434,5415,13538,37863,46978
2018,11,9,33266,16828,20924,96591,7552,2842.5,1798,2259,1334,5734,56009,44845,32399
2018,11,10,62364,36340,25750,2268,2306,2842.5,2669,4510,4332,5206,29338,17565,32670
2018,11,11,42184,85274,9132,3887,30689,2842.5,3102,1254,1386,5377,93248,12986,28861
2018,11,12,27776,6400,71851,70463,12134,2842.5,624,4496,4199,7408,93115,32856,27861
2018,11,13,40078,65785,7368,5762,27343,2842.5,3326,1766,3331,8810,89764,35371,36706
2018,11,14,44023,47867,65678,89711,43245,2842.5,4301,2371,1677,9286,57833,43810,8927
2018,11,15,59013,39493,84660,39564,46901,2842.5,2420,1977,4911,6139,92738,14450,27775
2018,11,16,99197,82418,89484,37528,97580,2842.5,2899,1601,3466,9866,31312,12278,29249
2018,11,17,80207,90614,90435,61884,21766,2842.5,2046,2129,4112,6705,36693,17364,14620
2018,11,18,50832,59114,70695,27095,21605,2842.5,700,1610,2201,6166,58328,19570,29785
2018,11,19,15784,97580,17735,75603,2508,2842.5,3664,4066,1011,5450,77301,44129,49047
2018,11,20,50071,49348,91259,70535,22405,2842.5,4250,3236,4768,9898,10870,41372,44304
2018,11,21,4730,31031,62174,83283,67567,2842.5,4415,4701,4432,7149,75303,13194,20502
2018,11,22,42548,70321,52358,14911,55771,2842.5,792,2192,1462,6650,92726,17763,29660
2018,11,23,77306,46978,91000,97075,88274,2842.5,3446,4354,1174,5022,92637,38982,7682
2018,11,24,37473,52053,38684,71905,45554,2842.5,814,3100,4307,7820,12070,12868,13988
2018,11,25,23565,28403,78623,35276,61405,2842.5,3038,3709,1029,6374,52135,39303,37701
2018,11,26,68071,90583,48658,23135,91202,2842.5,2116,1142,4698,7152,16930,10512,41295
2018,11,27,47492,58479,59704,48151,52385,2842.5,4579,2300,3820,6412,27575,35224,29067
2018,11,28,87255,96966,40286,38284,57355,2842.5,2586,1777,4355,5202,81263,13826,42422
2018,11,29,243,43381,51935,26294,76885,2842.5,1544,4375,1814,7600,72525,28783,35218
2018,11,30,36667,93457,21085,60487,93011,2842.5,2062,1086,3329,8699,18547,35683,15012
2018,12,1,12487,77461,26828,71435,58725,1772.71,1676,3456,2022,8652,11692,14394,1574
2018,12,2,12219,36068,63640,69819,24945,1772.71,1484,3400,4858,6654,11410,11222,42423
2018,12,3,61737,91675,89552,80436,26575,1772.71,4260,1678,1626,7439,26846,10475,41587
2018,12,4,17528,14875,28932,35903,29197,1772.71,4493,1414,3042,9484,11232,17986,40624
2018,12,5,28260,34069,52739,58118,33743,1772.71,691,1942,2175,6406,92265,15101,30502
2018,12,6,33182,16526,70514,68581,83966,1772.71,4055,1492,2234,8686,37394,15574,47360
2018,12,7,81314,93241,99197,90708,29077,1772.71,870,2335,2200,7783,31805,10942,26781
2018,12,8,58285,17497,6421,46813,25444,1772.71,1913,3624,1563,8779,43556,15528,15038
2018,12,9,46139,38964,33373,74725,79654,1772.71,3858,1942,1711,8054,51673,25787,37120
2018,12,10,91187,76719,83124,68387,70854,1772.71,680,4138,3776,8452,92302,24219,14929
2018,12,11,33491,54216,49196,81406,19347,1772.71,1933,1970,3066,6657,56561,27719,9104
2018,12,12,33777,5421,5038,46840,69827,1772.71,2627,2365,1132,5750,62103,36986,23063
2018,12,13,87031,57785,82477,52159,92589,1772.71,2730,2430,1410,8277,23835,14692,24779
2018,12,14,17382,37121,46530,65448,83779,1772.71,4519,3906,1214,9122,80746,11041,19443
2018,12,15,3972,53374,4759,70104,25476,1772.71,2089,3857,2004,9565,97367,49938,16862
2018,12,16,80696,40098,92369,42394,48376,1772.71,2085,2108,3324,9966,63907,13846,16205
2018,12,17,89409,73427,87362,30624,4336,1772.71,3016,3306,2832,5558,78409,29659,34460
2018,12,18,45988,1852,8517,3338,7769,1772.71,3275,4816,2333,5643,47209,27060,5884
2018,12,19,78200,54295,9169,31525,24261,1772.71,4978,1910,2854,8691,60643,33541,23076
2018,12,20,73151,35012,8200,27335,14138,1772.71,1993,1070,4811,7474,79814,28932,2961
2018,12,21,54098,33090,33749,16431,95085,1772.71,4842,3284,1603,9010,19262,25863,30958
2018,12,22,58438,6139,22236,21292,94831,1772.71,4832,2980,4242,9383,95315,48380,49232
2018,12,23,32345,18661,24858,37156,66875,1772.71,1087,1952,4112,6187,53753,49196,4672
2018,12,24,97145,13596,22481,48748,98958,1772.71,962,2394,4779,6406,95038,44609,43641
2018,12,25,62430,16223,28942,13024,45607,1772.71,1403,2950,4269,5234,31457,26143,40609
2018,12,26,7284,97546,63467,77748,30085,1772.71,1944,2229,2166,9424,75976,46123,17220
2018,12,27,9418,33292,3518,59197,96490,1772.71,658,1110,1130,5450,88293,26736,14908
2018,12,28,6060,66050,71039,81681,85014,1772.71,4175,3649,1392,7641,86396,46477,2496
2018,12,29,21213,13341,73707,68379,79118,1772.71,853,3534,4325,5846,64082,12166,16035
2018,12,30,65631,592,3789,96761,66042,1772.71,4848,3452,1680,7158,70132,25848,8435
2018,12,31,63382,10660,84498,79775,98301,1772.71,1251,1738,1182,6309,20594,46055,37247
2019,1,1,51448,942,98022,2171,65024,3183.71,4152,1966,1680,7264,48008,10238,26540
2019,1,2,87113,36461,62302,64351,22946,3183.71,4083,3604,3999,7724,48257,26245,38150
2019,1,3,66461,84122,43184,99122,21069,3183.71,2817,2515,1532,8790,91037,37908,5592
2019,1,4,38730,91542,19875,1762,88806,3183.71,3227,2269,1400,5528,56619,43640,17883
2019,1,5,90031,704,93597,45382,40913,3183.71,2978,3725,2327,7513,22846,13395,41854
2019,1,6,3105,20664,52263,59638,32854,3183.71,3897,2935,1193,7552,12106,12712,9653
2019,1,7,18007,79277,48621,55054,14805,3183.71,870,1186,2295,8641,66567,29559,5241
2019,1,8,66848,54546,3285,9175,2060,3183.71,3921,1515,3146,7535,81152,12352,26132
2019,1,9,17188,11402,16640,84734,61526,3183.71,1084,4531,1963,9704,50936,33120,22688
2019,1,10,11297,65982,54307,49944,90975,3183.71,4503,2821,1771,9139,66995,10182,20875
2019,1,11,91623,72269,31699,54770,29805,3183.71,3473,1991,1218,7798,48076,17102,29203
2019,1,12,22800,89161,98013,24764,95218,3183.71,2883,2865,4929,8541,89161,22255,48949
2019,1,13,49416,35017,80078,57540,84156,3183.71,2721,1566,1396,9419,46899,31849,13425
2019,1,14,28623,30373,45193,69227,30485,3183.71,1355,3283,3781,5719,94398,43998,43270
2019,1,15,34668,68634,33217,65949,97176,3183.71,3203,2942,2393,8280,20481,15810,22378
2019,1,16,48058,88204,33679,83751,3975,3183.71,599,2596,2301,6398,14646,15580,46930
2019,1,17,20413,89530,27422,19195,91601,3183.71,4544,1267,1805,9112,17144,15950,21820
2019,1,18,17842,13124,83275,91587,81404,3183.71,4487,1634,3311,9517,45914,28637,20109
2019,1,19,96448,11514,61235,23749,38658,3183.71,2886,1714,1190,5307,94615,26890,29409
2019,1,20,63479,40513,19511,86636,19625,3183.71,1967,2466,1200,8054,29052,38956,28078
2019,1,21,10351,94892,84769,35014,94410,3183.71,3650,2208,3548,9958,30956,13557,30684
2019,1,22,20646,28843,88980,5936,70502,3183.71,4177,1358,1810,8687,36967,26435,49947
2019,1,23,46766,43936,30254,4318,50530,3183.71,4625,1768,1108,8798,12244,31310,25658
2019,1,24,91430,92247,88519,66330,33484,3183.71,4887,1950,1021,5218,76415,12246,35827
2019,1,25,85165,91945,18207,58328,10633,3183.71,4762,3749,1874,5498,94418,32342,21527
2019,1,26,57025,54045,59574,43926,98439,3183.71,1587,1219,1690,7350,72548,13898,21818
2019,1,27,82285,52436,84379,63306,54006,3183.71,1179,1054,4090,9386,13849,46074,27146
2019,1,28,20913,48612,69824,52726,46331,3183.71,606,3354,3285,9290,63632,33075,14242
2019,1,29,82810,5220,55647,63225,51678,3183.71,2123,3961,1982,7853,97266,15958,28196
2019,1,30,55000,28446,6511,40442,94184,3183.71,1515,1447,1674,5390,84172,48004,36712
2019,1,31,86932,35592,67711,21570,30232,3183.71,996,4392,2914,6643,92617,18394,31343
2019,2,1,86093,38553,68173,63946,52171,2542.5,602,1967,3374,8386,15016,45085,35513
2019,2,2,44957,38951,96760,67647,23124,2542.5,930,3714,3826,8851,10606,26520,11116
2019,2,3,79848,34691,29435,22843,43660,2542.5,778,4751,1154,9828,10049,14912,1542
2019,2,4,30422,61698,70772,5149,70140,2542.5,1585,1670,2224,9697,82742,13408,28275
2019,2,5,90813,53673,31767,35991,78876,2542.5,2511,3722,3106,7810,97917,48118,3417
2019,2,6,92324,8302,77870,13957,3211,2542.5,1408,4984,2320,8531,55132,19742,4271
2019,2,7,36806,71718,67555,70382,1415,2542.5,2081,3579,1310,8847,44569,49195,1218
2019,2,8,12264,57081,74271,16722,15379,2542.5,1191,4053,1840,5413,38009,16403,38540
2019,2,9,79684,25770,66388,62004,84301,2542.5,814,1105,1890,8369,91487,43707,37872
2019,2,10,65018,34921,52287,1691,10120,2542.5,2237,3734,1182,7859,71807,35666,46856
2019,2,11,96399,53000,9720,9592,28413,2542.5,994,3095,4850,8733,86451,40502,14081
2019,2,12,62957,17266,27961,88897,31987,2542.5,2603,2004,1448,9788,15046,30838,35800
2019,2,13,98098,32284,19573,68386,40144,2542.5,816,2893,4378,6474,62484,39142,41380
2019,2,14,60555,4831,97239,66757,29916,2542.5,2259,2871,3658,6314,98120,31997,1654
2019,2,15,37371,30724,95354,8090,31966,2542.5,568,1414,4034,9694,14799,49177,10400
2019,2,16,32583,85203,52072,93314,81677,2542.5,2455,3582,1486,6045,41691,15653,30908
2019,2,17,12439,98951,58526,62450,522,2542.5,4446,4243,3720,9799,62332,16366,6646
2019,2,18,50199,67612,98452,9233,25167,2542.5,4762,2748,1156,6380,67413,29184,29603
2019,2,19,24093,66222,4120,59831,78619,2542.5,1836,1057,1112,5926,53506,27985,45811
2019,2,20,73359,14305,32229,93431,54104,2542.5,1820,4301,3523,6623,29885,14786,44561
2019,2,21,6227,54648,77790,53735,64185,2542.5,4271,3277,2776,6790,64459,12798,11556
2019,2,22,49201,6296,13804,26665,23009,2542.5,4649,2718,2965,6877,12308,16614,33662
2019,2,23,31438,84322,72722,26313,60945,2542.5,1353,3522,3606,8294,37257,37791,2608
2019,2,24,85698,52881,42421,29826,56271,2542.5,1220,1822,3175,6375,48486,10170,6880
2019,2,25,50038,53136,65255,48003,90013,2542.5,1423,2801,1458,9144,64113,33020,21404
2019,2,26,8104,10467,16544,98063,50961,2542.5,2205,3010,3032,9260,82835,29302,20153
2019,2,27,17857,35408,17477,47384,1784,2542.5,4919,1820,1826,5173,16174,25461,15963
2019,2,28,52929,48950,79615,25005,38095,2542.5,3024,2549,1897,7422,76963,37857,10080
2019,3,1,29169,7220,84104,40146,90056,1970.03,4354,1814,2233,6978,43597,29547,29758
2019,3,2,38009,11770,14997,19534,44297,1970.03,3813,3245,2775,5718,47691,12854,6810
2019,3,3,4547,10242,99752,95466,87205,1970.03,1537,2725,1180,6992,89222,19910,37610
2019,3,4,36751,63577,93051,50336,1667,1970.03,1235,4674,4769,7583,75560,18140,3000
2019,3,5,50746,64374,18663,3521,94544,1970.03,1375,4089,1595,6126,94554,30151,16355
2019,3,6,70088,67444,29229,31269,24437,1970.03,3855,2538,2027,8257,44225,33693,18452
2019,3,7,61258,90461,39721,42379,68045,1970.03,1443,3789,1005,7350,38661,40548,15281
2019,3,8,52812,55037,5990,45759,87516,1970.03,910,2602,4339,5990,10454,25127,1100
2019,3,9,6294,4079,2666,88322,12336,1970.03,3366,4944,3703,8886,32322,21747,46892
2019,3,10,76071,118,56889,72077,70224,1970.03,2624,4386,1938,8614,85145,17842,45551
2019,3,11,85511,27408,12057,86202,98898,1970.03,1329,1598,2708,7998,19738,16396,33631
2019,3,12,77238,14583,56341,30942,59022,1970.03,4040,1606,3780,9154,14344,25355,38664
2019,3,13,37832,86145,14743,4770,71111,1970.03,575,2972,3646,7631,59173,42543,16240
2019,3,14,21262,70503,64087,75323,84498,1970.03,3070,3086,3533,8830,25379,13906,23951
2019,3,15,19426,94421,15350,24559,53054,1970.03,1265,2236,1462,7359,12005,46123,22518
2019,3,16,63599,3933,69096,7245,91564,1970.03,1140,4177,1054,7542,20851,15972,28269
2019,3,17,20530,78922,94059,9063,93332,1970.03,4320,4109,1750,9348,70019,33263,19439
2019,3,18,43539,86285,90500,68552,33645,1970.03,1026,3594,2789,6473,37191,30704,18857
2019,3,19,11095,3332,76234,26218,33558,1970.03,2189,1782,2357,6247,95852,16398,47085
2019,3,20,72038,85173,31151,18600,6195,1970.03,3214,4732,3805,5065,34636,15234,1170
2019,3,21,43923,32015,67397,83064,98489,1970.03,506,4582,2918,5420,52151,15664,4588
2019,3,22,36142,94341,28267,28500,46940,1970.03,540,1346,1296,8042,53928,31837,24119
2019,3,23,95564,72144,97922,99369,97209,1970.03,3170,2482,4572,6918,56897,29412,32558
2019,3,24,41506,3370,5347,65776,26075,1970.03,4954,3567,3189,9154,14142,15128,7498
2019,3,25,25044,53959,50458,50687,48353,1970.03,3875,3915,2881,6796,59636,12892,20739
2019,3,26,29355,29159,80277,10279,66077,1970.03,1042,3933,3246,5582,12130,15672,3526
2019,3,27,85238,46015,94241,53427,46940,1970.03,3554,1982,1617,5364,39020,36321,17659
2019,3,28,56103,37896,80238,65336,34692,1970.03,3128,1618,1562,9522,90675,17811,6226
2019,3,29,38283,96718,91745,11529,24458,1970.03,2201,4694,1430,5794,79472,14228,47805
2019,3,30,55452,64380,95444,27069,99744,1970.03,4742,2197,2358,6331,53884,14110,34464
2019,3,31,32557,42013,3800,34292,26770,1970.03,2102,1403,2544,6646,92931,48354,44476
2019,4,1,36485,74401,84525,74278,53874,1623.93,4729,3252,3429,6308,34347,17010,7987
2019,4,2,52892,22897,26604,29223,76781,1623.93,3130,3792,3805,9714,61913,14632,1014
2019,4,3,30876,43317,88529,41074,52601,1623.93,1779,4084,1283,5322,63362,15156,36883
2019,4,4,90643,9444,99761,10424,82593,1623.93,4668,1836,3355,7624,81058,18550,1870
2019,4,5,57630,75542,85280,27787,87963,1623.93,2418,1590,1861,7299,92615,18932,13546
2019,4,6,34182,74396,64899,61817,57052,1623.93,1972,4045,4055,6178,74468,12026,44613
2019,4,7,93544,55490,4836,83251,63114,1623.93,4737,1494,4139,5017,64881,48453,2247
2019,4,8,98563,73652,33644,21776,70951,1623.93,2589,1126,2006,9978,66948,40409,26260
2019,4,9,23452,10274,70807,93859,69710,1623.93,1857,4605,2115,8045,62855,30228,45275
2019,4,10,86644,12594,17324,80783,63963,1623.93,4235,2524,1720,9231,10566,26806,32205
2019,4,11,71843,98241,48291,88849,77080,1623.93,609,1070,3215,6415,94388,44277,31591
2019,4,12,28042,57599,23883,45158,41996,1623.93,780,3638,1374,9060,25772,29644,36738
2019,4,13,41265,5008,58521,13473,34239,1623.93,1630,1080,3764,5118,11280,13654,9173
2019,4,14,52863,6890,67727,27431,89657,1623.93,1707,2698,1065,5589,79207,28060,12116
2019,4,15,98679,20945,6699,30714,80006,1623.93,724,2621,3829,5230,51093,38068,32471
2019,4,16,60755,7724,10501,34519,28996,1623.93,1714,3210,1374,9441,41992,16646,38134
2019,4,17,47909,13700,85082,83974,25641,1623.93,2033,1350,1926,8731,71383,31589,14289
2019,4,18,17554,98094,19212,71383,83324,1623.93,802,1746,4380,5320,94947,23375,20305
2019,4,19,40789,13015,37938,2163,82456,1623.93,4545,1482,4980,9262,30688,15846,29930
2019,4,20,18915,92722,92644,20500,77805,1623.93,2088,1458,3471,5226,83091,28146,30379
2019,4,21,91605,75247,38576,2337,77902,1623.93,711,3689,2889,5622,37203,11696,49876
2019,4,22,76283,6750,8412,2616,61376,1623.93,4587,1642,3172,7174,17141,25976,39100
2019,4,23,43962,35582,37686,38785,56882,1623.93,1931,4837,2374,7462,67173,13264,37129
2019,4,24,21734,9237,41669,975,5590,1623.93,2670,1872,1973,7433,84487,13348,28873
2019,4,25,26533,55427,76343,74705,19010,1623.93,2032,4322,1698,8622,18106,18650,9836
2019,4,26,8199,51390,99840,36925,23249,1623.93,3552,1333,2600,5220,62308,14542,33365
2019,4,27,80445,41331,96415,82418,28765,1623.93,766,1214,4031,8460,46353,38040,47254
2019,4,28,48297,79738,83715,93714,50808,1623.93,2363,1458,4562,8554,28633,42810,1822
2019,4,29,11919,72186,70497,20871,73759,1623.93,834,4202,4134,8178,36620,11622,32805
2019,4,30,61784,98739,74548,30816,37199,1623.93,858,2006,1989,8922,95559,34148,37253
2019,5,1,7923,75858,6658,36477,4492,1338.58,4746,3028,4964,5617,66786,19120,49469
2019,5,2,21030,20990,9607,85561,73962,1338.58,2343,2699,3404,8158,26249,14026,28858
2019,5,3,13367,11745,90350,32289,7304,1338.58,4383,1578,1707,6040,84406,37550,40851
2019,5,4,91861,49154,80580,78177,34771,1338.58,3648,2151,1058,6520,57711,25019,13718
2019,5,5,52113,21408,64071,71869,99566,1338.58,3876,4283,2064,5577,61571,25719,40321
2019,5,6,26428,47307,57298,9488,39700,1338.58,2037,1559,3561,7946,26088,24683,8057
2019,5,7,57687,39737,46835,58745,62992,1338.58,998,1455,2305,8382,13322,16454,20899
2019,5,8,4507,48552,87507,22923,482,1338.58,4994,1908,2736,8643,52747,18787,15430
2019,5,9,96700,49786,16699,20261,43754,1338.58,4943,2791,2523,8130,92888,11866,42787
2019,5,10,79029,43005,93323,37686,57191,1338.58,907,3049,2901,6836,17323,28382,12998
2019,5,11,48844,82318,21643,77932,20962,1338.58,3070,4012,1064,9768,70625,10262,24391
2019,5,12,22556,81921,18425,21431,40051,1338.58,3296,1750,1346,5950,89467,44210,11313
2019,5,13,22321,85376,38612,222,85141,1338.58,4955,1370,4604,6597,44618,41917,5936
2019,5,14,7340,7689,42283,47867,87458,1338.58,3499,1398,4827,6560,31442,19830,12908
2019,5,15,10940,31091,86661,81608,24062,1338.58,817,2733,2855,8868,62954,12995,26129
2019,5,16,36717,74262,13332,91321,7211,1338.58,4590,4550,1286,7518,78768,19447,7950
2019,5,17,54780,43620,79460,49607,26895,1338.58,2188,4185,3343,7708,35792,48756,27254
2019,5,18,96330,77963,61490,74185,42392,1338.58,3531,1866,1046,6438,86779,38619,40796
2019,5,19,57517,2722,53170,39507,44594,1338.58,3953,4372,1909,8412,65331,35155,48290
2019,5,20,32018,82520,89342,6713,2721,1338.58,1821,4049,4447,6630,89585,28190,25134
2019,5,21,40459,59470,73650,71867,42684,1338.58,980,1662,4502,8182,39705,24096,26782
2019,5,22,28297,65011,39821,20206,53423,1338.58,1712,1791,4023,8494,17018,13496,5152
2019,5,23,2540,30326,22146,21987,29988,1338.58,738,1797,2551,6006,58664,46587,28083
2019,5,24,66960,85502,46787,46463,65509,1338.58,1910,1318,2854,6730,46713,37629,2845
2019,5,25,48235,18426,39421,52258,95832,1338.58,4000,3370,4601,7497,36708,24589,14277
2019,5,26,25581,53238,11387,29484,43417,1338.58,1070,1727,3256,5724,89541,20116,36403
2019,5,27,42054,76452,80273,26260,3183,1338.58,3888,1416,1762,9661,20025,15196,26986
2019,5,28,83938,79026,72316,94892,92876,1338.58,832,4807,3613,7218,64290,38381,9025
2019,5,29,49974,40362,65110,38230,79571,1338.58,3345,2975,2454,9948,64234,10326,4651
2019,5,30,48307,44476,18405,10069,64137,1338.58,4014,4425,3806,6329,59316,26681,38430
2019,5,31,65354,95149,77841,60320,58720,1338.58,3700,1718,3844,7628,79625,28414,42132
2019,6,1,4323,16390,82267,9292,96976,2321.13,3949,1450,2658,8044,21938,22439,49255
2019,6,2,68032,2717,56246,24362,78385,2321.13,1066,4885,2119,5484,48604,35602,49280
2019,6,3,81439,90001,34447,61600,69626,2321.13,1411,1226,1212,5029,15942,17868,29213
2019,6,4,44284,89892,380,28294,73909,2321.13,732,3292,1386,6670,99005,19770,38671
2019,6,5,38962,21424,26008,32433,4162,2321.13,4387,1951,1936,8833,63550,16940,40964
2019,6,6,48047,76315,57240,10000,71344,2321.13,3928,1979,3072,5660,76624,13362,23182
2019,6,7,40683,27358,27978,82069,67040,2321.13,3190,2352,3405,8406,71136,18918,26983
2019,6,8,35162,55524,70870,32478,90710,2321.13,4417,3755,3438,6028,65106,31133,1556
2019,6,9,62543,50388,63113,25616,36048,2321.13,610,1729,3446,6564,75149,16837,39738
2019,6,10,50260,9692,89190,15017,70242,2321.13,584,1642,2201,7508,54232,22910,26678
2019,6,11,38281,53650,78018,81719,43011,2321.13,2852,1116,3510,9294,47520,45909,43124
2019,6,12,48406,42821,38991,31852,66098,2321.13,790,2708,1534,9446,64076,10424,14140
2019,6,13,97260,64364,32180,45813,68225,2321.13,3722,1504,1413,6192,18330,49423,36412
2019,6,14,6215,33780,21329,16078,42448,2321.13,1986,1716,3020,7329,39056,10469,18849
2019,6,15,31469,54098,43178,71652,74679,2321.13,2076,1937,4321,9862,17749,22545,23607
2019,6,16,17020,2824,79051,73433,82267,2321.13,4207,4833,1878,8726,20910,42555,49978
2019,6,17,95737,99249,99761,23758,16578,2321.13,4226,4398,2914,7522,52401,33944,38818
2019,6,18,17363,50830,72235,21684,81438,2321.13,4229,3456,1032,9631,88240,15564,6336
2019,6,19,5961,77448,12611,56069,4336,2321.13,4975,1302,4121,9482,23829,32050,49873
2019,6,20,3554,58056,46449,12820,68164,2321.13,3115,1060,1031,5349,23561,47468,15203
2019,6,21,91686,17791,62277,33549,23774,2321.13,1325,1085,4316,7882,18505,48651,1044
2019,6,22,20161,83481,65076,69282,48217,2321.13,2684,3121,4664,7894,97292,47827,5257
2019,6,23,45687,10409,33354,28071,12110,2321.13,538,3794,1056,8344,53694,31181,6915
2019,6,24,21036,95021,77267,65352,65309,2321.13,720,1902,1216,5430,71102,10172,45772
2019,6,25,17040,55139,28294,96704,85623,2321.13,4530,2661,2346,8480,75731,14455,41939
2019,6,26,51150,67622,84603,58558,21789,2321.13,1090,2824,4668,9708,24527,14976,38297
2019,6,27,11832,54883,16798,7436,66666,2321.13,2607,3704,4389,9038,96759,45011,37900
2019,6,28,54191,41290,9025,22889,35526,2321.13,3696,3026,2377,9310,77936,40517,34756
2019,6,29,59299,84027,49694,8968,83736,2321.13,600,1142,1850,7092,19353,28472,24222
2019,6,30,61344,86961,12177,20733,15566,2321.13,2096,1107,1577,9030,18002,18454,25288
2019,7,1,12693,37833,44606,33695,15769,2447.61,2992,1147,1168,7866,16234,41741,1475
2019,7,2,42256,28153,37197,15700,47507,2447.61,2043,1646,4197,8264,66383,19485,15670
2019,7,3,96224,52492,2415,87345,77840,2447.61,4572,1883,1974,8364,40577,40821,20869
2019,7,4,92004,33570,6969,93172,35530,2447.61,1264,4136,1354,8461,19680,15212,23203
2019,7,5,20483,86879,66032,14680,17359,2447.61,516,3581,1257,5870,14950,45448,48767
2019,7,6,90151,80498,2332,65204,21027,2447.61,1024,3030,1478,9344,22553,28359,42909
2019,7,7,18899,23819,22496,86605,78632,2447.61,1817,4113,1132,8410,30144,11706,32331
2019,7,8,32967,80662,66501,50577,33592,2447.61,1024,1654,1264,8356,10604,18006,33779
2019,7,9,91265,77674,47389,84095,73370,2447.61,2453,2267,1926,9906,95223,10198,36294
2019,7,10,67280,97041,4208,19193,97593,2447.61,2111,1128,1365,9936,81135,14956,34353
2019,7,11,38742,43512,5051,35722,91868,2447.61,3727,4484,4372,8990,99930,27741,26700
2019,7,12,87409,12385,86361,13873,63685,2447.61,3966,2315,4976,9526,66507,42569,31585
2019,7,13,90231,54971,39481,21596,9935,2447.61,2903,1174,4126,8622,12118,22346,20616
2019,7,14,51006,54476,88183,71731,71943,2447.61,823,4351,1848,8536,89575,30533,38113
2019,7,15,50121,24894,27849,61449,64420,2447.61,4017,1001,1366,7004,92596,25612,10709
2019,7,16,30465,11853,40641,10944,36159,2447.61,4641,3515,2216,7823,91597,34158,7741
2019,7,17,92288,73774,59862,9137,42310,2447.61,1021,3781,1374,7382,86581,21453,15789
2019,7,18,60930,40600,42456,26609,50449,2447.61,3572,2265,3255,5564,24560,15765,1404
2019,7,19,33306,24202,35634,61874,28377,2447.61,2383,2015,2355,8597,62503,26016,43583
2019,7,20,4386,68525,84798,95068,35099,2447.61,1521,1027,3330,5328,38987,45130,21380
2019,7,21,76732,73913,8748,56340,65829,2447.61,3456,4133,3860,8188,77358,18588,33308
2019,7,22,67673,39743,55605,1380,78340,2447.61,2396,2724,4336,8545,94144,17766,34460
2019,7,23,66277,60666,66814,10959,85994,2447.61,1089,4076,1065,9574,35415,11893,22154
2019,7,24,80849,23873,77380,71061,64314,2447.61,4649,3337,1672,6450,49717,11054,4738
2019,7,25,96065,43466,4600,31753,38363,2447.61,1186,4639,1530,9352,31949,28105,48744
2019,7,26,91506,38039,57182,87571,85580,2447.61,815,1427,2821,9546,37487,13486,8950
2019,7,27,30637,43489,61825,41468,21446,2447.61,3342,3862,2710,7941,65614,26072,27894
2019,7,28,66685,68154,47064,58797,37506,2447.61,1901,4010,3403,7094,32932,18982,29014
2019,7,29,19384,98748,1762,68557,74647,2447.61,2043,1158,4089,7318,63101,20535,5602
2019,7,30,88113,26444,54398,92175,94385,2447.61,3246,2420,4516,6678,36216,42021,36364
2019,7,31,60676,89470,71032,10431,99905,2447.61,765,1288,4063,7526,16814,43709,3964
2019,8,1,2592,98992,34922,62811,78445,2514.39,2274,4888,2557,5800,15624,28920,21809
2019,8,2,94047,93046,83438,92061,45614,2514.39,4087,1435,4194,9518,67691,33157,41811
2019,8,3,41636,3331,68573,5514,23879,2514.39,4993,1469,3976,9914,11272,22421,28634
2019,8,4,31723,89258,77310,74280,65058,2514.39,4551,1854,2330,5986,67516,14296,9286
2019,8,5,11152,52957,15732,40346,48827,2514.39,3502,1874,3104,8427,95974,43335,49775
2019,8,6,37061,20968,86157,47390,97234,2514.39,4810,3955,2397,6952,19586,12455,41789
2019,8,7,22757,89139,54264,41440,58479,2514.39,735,4629,1087,7818,19958,39913,38132
2019,8,8,37593,99830,46727,57049,74609,2514.39,776,3020,1910,5794,75409,27254,42702
2019,8,9,94681,95220,22562,8430,8691,2514.39,2236,1447,2638,6026,89238,22468,8501
2019,8,10,79632,94974,8451,87071,49144,2514.39,3336,3087,4605,9206,76487,18436,18425
2019,8,11,49116,93224,37235,29137,96116,2514.39,2742,2147,4215,5303,15576,32905,12644
2019,8,12,20156,2814,80705,67794,60665,2514.39,1614,1647,1267,5064,43718,46762,19943
2019,8,13,49841,3407,49850,84447,9821,2514.39,662,3936,1834,7245,17726,32027,42690
2019,8,14,76242,27167,39175,457,88822,2514.39,4713,3977,1098,6770,93122,15062,21103
2019,8,15,33065,16089,7580,14333,31153,2514.39,1094,1996,2407,7296,81791,47228,17650
2019,8,16,69986,91803,72517,22250,55401,2514.39,4276,2993,1862,9802,48449,25631,26941
2019,8,17,97257,14515,50961,87525,61285,2514.39,3456,4349,1523,9578,25033,15362,10436
2019,8,18,30038,2480,5022,17445,46128,2514.39,1024,2464,3614,7090,54713,12022,36813
2019,8,19,96833,8990,98360,33643,35144,2514.39,4274,2400,2675,7798,19924,10632,13161
2019,8,20,70670,74733,66013,47194,37120,2514.39,1221,3508,4877,6242,17305,22356,7398
2019,8,21,63055,48330,4822,58021,68223,2514.39,4739,1014,4876,6206,98697,20019,9535
2019,8,22,86260,74324,68772,80287,910,2514.39,1949,2931,4779,7962,51476,16899,5048
2019,8,23,25360,22698,16760,51589,98940,2514.39,3945,3345,3746,8766,52717,16968,34065
2019,8,24,88301,77457,48375,89529,16908,2514.39,900,4518,2746,9352,16156,38656,47072
2019,8,25,99720,68106,26588,95851,86068,2514.39,4101,2779,2112,5861,79367,32403,28064
2019,8,26,96278,3313,27101,95024,32079,2514.39,1991,1731,3626,6718,42611,13780,29818
2019,8,27,90142,68512,26404,27889,79536,2514.39,1544,4254,1338,9483,91456,13084,42560
2019,8,28,3899,20559,40864,21011,82772,2514.39,3413,4048,4895,8358,74072,38325,20231
2019,8,29,76683,52416,25057,50309,79134,2514.39,2193,1264,2531,9948,13515,32066,34021
2019,8,30,42508,96412,27673,69525,5895,2514.39,2608,4792,1039,6952,47154,38810,19130
2019,8,31,60054,568,17859,99949,97433,2514.39,3274,4114,2050,9682,24423,22535,8283
2019,9,1,97969,58163,82587,14270,88030,1827.93,1776,4440,3677,5314,13382,27806,14653
2019,9,2,41613,32831,50198,65084,79985,1827.93,1489,1903,3217,5778,94335,47852,39008
2019,9,3,46064,68451,24903,75747,9226,1827.93,800,2193,1952,8386,37814,19972,13790
2019,9,4,19392,10944,60775,78069,53596,1827.93,2226,1734,1194,9722,76643,46627,17461
2019,9,5,27783,18133,93532,67352,75923,1827.93,842,3337,2668,7350,30435,31893,37867
2019,9,6,53896,36237,5440,42200,40975,1827.93,3532,1490,4196,9306,54785,15594,43254
2019,9,7,46768,27012,19353,63411,65787,1827.93,1389,4920,1950,9920,77272,12814,45996
2019,9,8,74140,92476,61092,46808,48934,1827.93,3701,4180,2763,8022,61379,35089,41528
2019,9,9,93746,96264,45456,47943,75571,1827.93,2086,3689,3604,5782,18451,25742,16593
2019,9,10,3786,94841,35664,34266,81114,1827.93,2019,1038,1762,8111,16542,20695,12936
2019,9,11,9639,47113,89876,53754,97605,1827.93,3842,2702,3870,5262,71996,11594,17607
2019,9,12,17243,44083,94482,77199,51873,1827.93,2940,1324,4124,9920,12560,10484,29285
2019,9,13,84243,79647,76842,6006,97758,1827.93,3052,3747,3717,9280,93852,22674,45254
2019,9,14,66887,32696,80377,47109,33345,1827.93,2900,1938,2806,7476,44136,14678,2373
2019,9,15,43018,63430,36688,83495,18385,1827.93,734,3979,3961,7730,24984,12310,9315
2019,9,16,93531,34389,76819,52248,33669,1827.93,4921,1120,4717,5297,64015,12278,20671
2019,9,17,74022,66917,20001,86828,97002,1827.93,2857,1371,3918,9100,39865,28654,30490
2019,9,18,63860,61301,97634,19173,43226,1827.93,2243,3107,3358,9061,10720,14062,38970
2019,9,19,36084,30277,23934,55802,51927,1827.93,890,2299,1217,6298,29127,18218,37950
2019,9,20,42057,96985,24590,85975,17882,1827.93,981,3093,2107,8614,17265,35332,30807
2019,9,21,33937,89509,38441,7295,54922,1827.93,672,1005,1775,9222,46806,25053,10148
2019,9,22,42556,88374,17354,13773,49941,1827.93,3342,1997,4816,5874,94323,44050,46481
2019,9,23,3739,91657,8496,45846,70272,1827.93,2530,4207,1621,9318,27853,36542,25761
2019,9,24,78822,58526,77548,85597,13132,1827.93,650,2038,4078,8720,17366,45371,40706
2019,9,25,57188,506,3721,33356,39790,1827.93,2405,4879,4700,5900,22077,26323,48044
2019,9,26,78014,85960,96883,9635,88282,1827.93,1176,3454,3260,5494,85402,12744,24736
2019,9,27,47134,46053,1135,92565,56760,1827.93,2935,3946,1302,6650,47302,26295,3298
2019,9,28,6051,74708,36175,12103,26961,1827.93,3425,4973,1134,6666,30959,15195,8252
2019,9,29,26395,27136,48650,26008,33564,1827.93,894,1404,1456,6237,73261,12894,34053
2019,9,30,59535,77549,67163,96041,69204,1827.93,2335,1042,1058,8510,87356,48836,14465
2019,10,1,92134,70162,43677,93794,1121,2681.06,1539,4607,3873,5102,78171,15860,8872
2019,10,2,34002,75221,4382,90240,64834,2681.06,1125,2381,1112,8694,11584,21928,7598
2019,10,3,50854,3190,93805,75716,6898,2681.06,754,4031,4153,8857,18362,30273,42641
2019,10,4,44081,45716,74882,17954,24615,2681.06,2230,3615,4624,6612,65206,18924,19405
2019,10,5,20562,31333,68191,78026,9851,2681.06,1306,2055,4315,7670,52771,12436,29775
2019,10,6,19104,27953,21597,48257,63162,2681.06,4882,3593,2839,9763,57899,33805,30773
2019,10,7,55520,130,8774,16496,63094,2681.06,2304,1078,1663,8054,94384,47865,23980
2019,10,8,6621,60691,24922,5936,20802,2681.06,2148,1256,3348,7498,18078,17861,44045
2019,10,9,80869,99395,41455,73709,85510,2681.06,2513,2380,2187,5286,73875,45280,15706
2019,10,10,6619,16180,11640,44634,43026,2681.06,3851,4645,1714,8566,55581,15498,6025
2019,10,11,44169,67730,60124,82517,17827,2681.06,1729,3694,1734,8183,88754,48596,30989
2019,10,12,73890,96269,55977,6077,45259,2681.06,2708,1876,2383,5700,12862,10828,46205
2019,10,13,51725,21714,71407,34791,71838,2681.06,3658,2357,1069,5133,14873,28895,26988
2019,10,14,96122,31603,27590,9209,6138,2681.06,2804,1378,3964,7570,18806,24222,16345
2019,10,15,9985,52868,42452,88721,98568,2681.06,972,1643,3378,7578,11534,15215,5314
2019,10,16,8876,56444,97573,19945,87930,2681.06,794,1638,1751,5570,19230,49240,28798
2019,10,17,25477,17415,11972,70793,97548,2681.06,1367,3883,3644,5750,12603,48563,30778
2019,10,18,91836,39437,65207,85214,21325,2681.06,1780,1551,1584,5702,82847,43716,32993
2019,10,19,25854,48039,44120,2605,57171,2681.06,3196,3999,2496,5654,69791,35043,3730
2019,10,20,60946,47511,8927,60942,67681,2681.06,857,4515,2318,8574,61080,14994,37883
2019,10,21,40408,27861,77898,96196,8565,2681.06,4911,4417,1142,6262,53373,48657,10745
2019,10,22,54113,71571,97657,41609,18090,2681.06,3003,4034,1310,8281,56328,15342,33800
2019,10,23,6164,32186,74859,99835,89601,2681.06,1180,1360,1278,9078,42555,10144,35939
2019,10,24,86175,98819,39486,27662,99202,2681.06,1318,4665,2132,5366,27625,15222,9211
2019,10,25,24126,70629,10609,71788,55262,2681.06,2130,2777,1825,8340,77611,21426,33289
2019,10,26,30631,25144,84139,10782,50574,2681.06,849,3100,1863,6774,80761,14842,43046
2019,10,27,80897,23432,27082,94382,63758,2681.06,4603,2882,3038,6563,59670,13300,21059
2019,10,28,19853,63153,91078,51678,41493,2681.06,4455,2122,1534,7196,99256,10757,18689
2019,10,29,16639,15106,13858,58503,3144,2681.06,2270,1594,4401,5704,94772,14510,10971
2019,10,30,46763,20728,2393,4802,57292,2681.06,3101,2143,1566,9178,45172,49410,28415
2019,10,31,94219,34629,87886,4402,8222,2681.06,1510,1212,3598,6906,16066,21741,37142
2019,11,1,48337,22133,73443,24041,33258,1512.93,803,3984,1697,5604,27627,11774,37953
2019,11,2,93706,21123,59383,19236,66296,1512.93,4805,1856,1677,8422,25496,11510,8793
2019,11,3,32070,66709,68769,43789,82775,1512.93,2830,1111,3994,5258,71503,28603,6862
2019,11,4,60578,42307,32588,83627,34263,1512.93,782,4319,1337,8952,79906,13984,10216
2019,11,5,3265,9712,64908,66294,60271,1512.93,1464,2339,3464,6366,52479,22591,6757
2019,11,6,8447,35310,20055,53793,7935,1512.93,2395,4863,1798,5366,68489,34478,41558
2019,11,7,41550,53579,45151,39240,14403,1512.93,3223,4018,4768,8976,10262,45038,25057
2019,11,8,91240,33128,3730,81056,51065,1512.93,3646,4510,2870,7926,13302,32156,6209
2019,11,9,81611,62050,17020,48179,43384,1512.93,4008,1285,1790,8326,40524,36192,1861
2019,11,10,35568,60100,20211,70336,60935,1512.93,1725,3525,1353,7254,65933,37417,36875
2019,11,11,74367,19580,96928,82237,9633,1512.93,744,2594,3630,8240,55772,32014,26582
2019,11,12,65976,4781,49652,54119,15292,1512.93,1662,1726,1626,6873,37545,43913,40176
2019,11,13,30100,19271,28791,16453,37429,1512.93,3870,1794,1320,7149,10383,13288,44724
2019,11,14,93732,41128,64234,98714,5244,1512.93,2079,2570,1137,6730,58040,12866,36358
2019,11,15,3258,14704,7287,86237,7929,1512.93,1501,3027,1842,5291,70831,34233,44832
2019,11,16,70016,24702,46029,671,8204,1512.93,2309,3286,3890,7894,16999,35485,6412
2019,11,17,74252,80432,39409,31741,93514,1512.93,4521,1771,2151,8159,99359,20079,47449
2019,11,18,89344,45861,74459,69797,21152,1512.93,4030,2518,1343,6410,16386,44546,45291
2019,11,19,39174,81850,29185,69416,19744,1512.93,4901,1414,2967,5358,42087,36480,46185
2019,11,20,74462,46609,49604,2966,91120,1512.93,3044,1878,4822,7720,66611,32326,48963
2019,11,21,75498,86994,39845,61841,53404,1512.93,2739,3928,1234,7722,78343,32330,14386
2019,11,22,64460,99597,92677,7427,60258,1512.93,528,4719,4075,9862,37684,10400,1116
2019,11,23,58826,77081,85658,70000,7288,1512.93,2325,2784,4261,8522,60977,18042,2269
2019,11,24,22908,33717,17945,69142,51992,1512.93,2823,1451,1778,8150,40229,22494,46289
2019,11,25,27968,16841,23566,58396,26704,1512.93,3590,1880,1033,5599,88231,28321,27602
2019,11,26,17869,6910,77458,73482,65432,1512.93,2498,3338,3502,6794,73831,40494,38435
2019,11,27,13083,41656,73298,25320,18508,1512.93,4165,2826,1719,7730,21221,39774,29879
2019,11,28,31684,84812,8007,2717,50412,1512.93,2389,4631,3146,9704,74464,18577,46238
2019,11,29,13282,73315,73268,1785,90110,1512.93,3630,4543,1846,7738,61214,23613,47100
2019,11,30,61806,75380,86440,24877,29462,1512.93,4650,2496,3824,5322,80213,25587,7662
2019,12,1,77603,60219,38393,68802,51036,2274.26,2083,4349,1589,7318,30810,10040,23323
2019,12,2,58850,50355,81499,7129,27921,2274.26,580,4652,2903,5494,49113,31916,5112
2019,12,3,41165,42963,57093,80174,23176,2274.26,848,2129,4250,7632,18334,10285,32681
2019,12,4,93486,719,988,6428,938,2274.26,2819,1138,3503,8646,83266,26424,31798
2019,12,5,85782,68552,46077,10037,95066,2274.26,1952,1230,4503,5397,16403,44030,11542
2019,12,6,64430,31823,27513,73680,1986,2274.26,644,1914,1036,7656,18250,47802,29796
2019,12,7,99454,1070,23941,14310,65388,2274.26,733,1169,3461,6332,61205,14138,23559
2019,12,8,14703,19511,39758,85559,51260,2274.26,4588,1386,4334,6914,89367,22671,22513
2019,12,9,69600,56037,34495,113,23693,2274.26,4266,4498,3814,9126,70159,35553,2745
2019,12,10,28117,10893,86723,36579,30406,2274.26,1457,1862,1206,5142,30665,11278,14281
2019,12,11,85079,26607,67090,5765,66411,2274.26,3435,1010,1646,5870,52474,35241,22809
2019,12,12,15675,16742,41092,85841,21300,2274.26,1394,1546,3494,8946,18698,18899,11251
2019,12,13,88749,75156,14008,5243,87722,2274.26,2995,4151,3982,6436,94915,20393,11025
2019,12,14,29246,23351,22756,90795,2633,2274.26,2387,4659,3322,6968,36851,29622,25230
2019,12,15,44730,58246,11743,99577,82715,2274.26,3475,2814,3299,8834,18828,26020,46793
2019,12,16,59860,82405,31524,80194,38842,2274.26,1938,4438,1140,9693,75232,35125,26439
2019,12,17,64924,67620,19785,73246,17451,2274.26,4219,3532,1233,7313,78108,30299,6636
2019,12,18,94106,46584,34466,32405,45419,2274.26,4776,1629,2631,5312,14646,31472,43875
2019,12,19,49090,85114,65911,31583,74807,2274.26,1707,1081,1465,5696,45679,17842,7495
2019,12,20,25831,81251,37449,57064,44917,2274.26,3714,1522,3491,8180,16550,23909,15557
2019,12,21,98407,78907,45539,41038,17911,2274.26,3861,1999,1494,9054,14933,12682,13714
2019,12,22,78618,31641,12419,36436,84484,2274.26,1703,1286,2051,5503,83729,16967,24450
2019,12,23,97412,87445,72342,75903,41977,2274.26,1164,1558,1729,8054,81420,39639,26472
2019,12,24,58120,36634,72992,23298,57758,2274.26,4634,2726,1844,8404,89161,36752,37925
2019,12,25,82854,17217,47067,71257,82720,2274.26,3224,1482,1898,6917,88737,42920,47149
2019,12,26,53389,4902,33303,41470,82956,2274.26,1109,2427,2708,7382,80724,25465,31075
2019,12,27,8377,76711,94544,60646,85115,2274.26,2398,4319,2273,6598,55576,16345,33706
2019,12,28,7965,43801,12828,58909,20718,2274.26,1828,1858,2817,5962,31926,11556,1565
2019,12,29,48910,79388,63201,16618,99840,2274.26,3434,4568,1987,9330,85213,22101,10277
2019,12,30,53036,98964,22774,86661,59781,2274.26,3005,2744,3501,5833,43005,25570,28350
2019,12,31,33750,11186,66028,56568,12669,2274.26,2340,1578,1750,7598,94547,26236,14306
2020,1,1,69335,67157,55508,38665,52371,2390.65,3051,1333,1734,9432,27465,11435,43962
2020,1,2,97718,95211,49937,29903,38216,2390.65,3651,4400,2885,7286,78421,38542,25507
2020,1,3,98911,56352,48588,57155,50899,2390.65,675,1584,1980,7534,91600,10702,24825
2020,1,4,41496,99652,78389,74582,10716,2390.65,1016,3432,2415,5952,54686,11270,5854
2020,1,5,77811,18338,21384,85696,38557,2390.65,4238,3818,2507,9177,10973,39757,16157
2020,1,6,64002,86649,92695,22335,34183,2390.65,3036,2030,1222,5726,82963,11013,34295
2020,1,7,33631,68981,35798,51046,21285,2390.65,3028,4095,1446,6174,18422,30080,40484
2020,1,8,76920,41733,33900,65779,30911,2390.65,1887,1263,2872,9172,33597,48406,44873
2020,1,9,98877,82987,6789,99175,94411,2390.65,1539,4392,3732,9374,95438,46368,39753
2020,1,10,52820,18467,95464,94344,95582,2390.65,4424,2500,1042,8323,54630,15686,12959
2020,1,11,69548,76518,29569,17420,91100,2390.65,825,1327,1151,5238,21853,13838,13166
2020,1,12,28719,48393,1307,87451,10729,2390.65,3818,4899,2914,5634,74242,43495,13097
2020,1,13,24945,48667,32348,95987,73342,2390.65,4291,2888,4847,7728,60307,37298,3330
2020,1,14,7025,92486,93626,69529,31452,2390.65,2794,1422,1846,7382,63971,40950,15479
2020,1,15,73550,64142,87202,37816,59776,2390.65,2663,1071,1462,5110,97058,49803,11444
2020,1,16,49693,11350,42693,29540,71561,2390.65,1837,4936,1836,6814,64464,19288,19352
2020,1,17,58645,23611,19809,38867,84064,2390.65,1168,3964,2921,6748,11779,24048,33780
2020,1,18,11165,9443,41473,37627,55806,2390.65,3782,1004,1231,5662,51388,37791,38531
2020,1,19,32178,84578,49080,60367,27744,2390.65,950,1387,2154,9814,41605,37569,13545
2020,1,20,39946,87774,11534,4219,21143,2390.65,4619,3658,4107,6091,10578,19678,23314
2020,1,21,24622,56420,26762,7205,85598,2390.65,1347,2774,4078,6966,78140,13652,44502
2020,1,22,40323,14499,93209,93830,70665,2390.65,1398,1228,3938,5874,31180,26432,1166
2020,1,23,82598,75800,25092,31705,61891,2390.65,2969,2863,1008,6082,26419,36096,27729
2020,1,24,90585,87767,20223,69663,14545,2390.65,2836,4867,4213,9614,65048,49877,14716
2020,1,25,53563,12799,26839,92501,72083,2390.65,580,4679,1422,6166,10974,12059,8019
2020,1,26,54457,55706,31275,71308,68140,2390.65,2403,3723,1811,7964,44738,26356,7694
2020,1,27,8693,37575,47576,54258,56323,2390.65,4134,4884,1773,7325,18737,13856,28976
2020,1,28,71696,4023,68536,21866,30751,2390.65,3924,1558,3328,6234,72865,27820,37624
2020,1,29,39245,46621,86544,1057,40598,2390.65,3764,4290,1559,5386,19899,15774,47634
2020,1,30,70315,90387,84119,12088,87712,2390.65,2295,4406,3229,6718,81271,15946,2856
2020,1,31,98455,31549,55538,58136,29452,2390.65,955,3695,1374,8850,86103,31972,44755
2020,2,1,79868,97615,54396,37559,17514,1821.93,2872,2899,2748,6312,11962,15603,28630
2020,2,2,78608,71370,38834,5791,68993,1821.93,597,1892,1054,5084,46343,25808,9165
2020,2,3,97392,31392,33536,86242,17495,1821.93,868,3714,4473,9825,51272,13338,15508
2020,2,4,38455,59146,37591,51203,11810,1821.93,3158,1768,2273,8343,12559,22618,49553
2020,2,5,47508,33157,39511,44914,28241,1821.93,2074,1272,3597,9894,28224,17443,2207
2020,2,6,2469,7,81158,81942,9832,1821.93,1631,4637,2927,9221,32192,19736,32431
2020,2,7,98775,31703,26505,36048,70046,1821.93,3665,3904,4923,9066,95170,33163,5416
2020,2,8,16735,82245,75147,66684,2854,1821.93,4126,1314,4729,5284,14486,45912,19724
2020,2,9,64067,15246,26902,71994,64468,1821.93,1729,3241,2147,9180,15640,43544,25446
2020,2,10,90002,90659,27450,94925,21539,1821.93,4440,3272,1215,5938,21307,24068,38972
2020,2,11,72014,55434,45742,8095,87070,1821.93,726,1135,4600,7260,23128,29067,49356
2020,2,12,89058,31210,8661,96206,82148,1821.93,1101,2148,2663,9902,83424,19201,40654
2020,2,13,88874,44217,23826,10089,96508,1821.93,508,3520,1917,6249,76615,15978,45133
2020,2,14,61957,63326,55123,26558,76938,1821.93,1976,2000,2164,6989,78552,24311,44604
2020,2,15,37643,84654,12812,1658,34557,1821.93,858,3429,1804,9376,33518,13274,46237
2020,2,16,56168,379,21833,73085,96629,1821.93,2071,3584,3124,8546,12014,21414,14800
2020,2,17,59502,73471,37410,1666,86812,1821.93,977,1620,1238,5140,42462,12246,15962
2020,2,18,67729,29673,74953,24534,24356,1821.93,2844,1054,1670,6028,53606,38180,24823
2020,2,19,47180,47031,13118,41657,11929,1821.93,3070,1429,4432,7814,73094,15200,14611
2020,2,20,82793,15424,48401,99759,70565,1821.93,1281,4644,1886,5180,79177,11241,40863
2020,2,21,67408,73375,58116,8960,5755,1821.93,3492,2934,1456,6609,10942,13566,28075
2020,2,22,7572,24013,74814,28357,90844,1821.93,951,3635,1035,8714,89745,32951,14260
2020,2,23,91567,41027,37596,28454,99964,1821.93,1046,2370,1499,8334,92682,12253,16774
2020,2,24,8589,56175,81540,45,49136,1821.93,3428,1706,2845,9196,85062,23688,42482
2020,2,25,58853,21015,13676,54888,21719,1821.93,2838,4636,1608,7174,58089,10763,3422
2020,2,26,8560,80489,44486,31411,61003,1821.93,3663,4590,4693,6250,85986,17666,3520
2020,2,27,34037,89415,31888,66883,360,1821.93,1922,4211,4315,9718,30451,42385,33302
2020,2,28,40372,84642,22023,17523,76428,1821.93,4637,1338,1951,9123,32748,17250,46464
2020,2,29,92643,92765,23896,18689,34320,1821.93,3868,4707,1304,5755,67941,16006,9882
2020,3,1,74865,91571,29725,11815,22022,1905.06,3537,3014,1966,6059,99442,23299,38463
2020,3,2,80698,17133,66604,36173,66234,1905.06,694,3997,1156,7718,19346,21037,20909
2020,3,3,74076,94376,3038,16183,78670,1905.06,1591,3533,1965,5294,81699,15338,35396
2020,3,4,76131,50237,88354,52967,36296,1905.06,1265,3344,2631,9220,69516,15486,4148
2020,3,5,30130,14684,62862,91286,94890,1905.06,3674,3964,4609,8063,85147,28278,38882
2020,3,6,33460,93091,48164,60425,14407,1905.06,763,1888,1450,7638,59854,49097,29863
2020,3,7,50968,2473,82443,88599,11693,1905.06,2463,3173,2993,6734,65810,44235,18311
2020,3,8,60559,60838,79552,76520,58901,1905.06,4797,2359,4141,9312,69136,19626,31051
2020,3,9,65527,11252,11789,61977,41720,1905.06,1073,2686,1894,7040,97636,17342,37995
2020,3,10,61827,90100,76685,61172,61777,1905.06,1758,3686,3332,5270,31557,12232,42496
2020,3,11,48713,2707,70945,22854,22019,1905.06,2753,2544,2683,5893,65872,18814,40081
2020,3,12,43888,76946,18441,34355,86814,1905.06,2865,4991,2528,9549,42514,10646,32429
2020,3,13,72045,14274,55695,91729,81936,1905.06,3961,1304,4957,5058,53501,11975,37252
2020,3,14,81338,97607,15872,65373,69852,1905.06,1126,3738,1590,5918,64444,11853,31744
2020,3,15,58347,17310,26845,80875,63212,1905.06,2882,1607,4984,7162,43336,48271,35712
2020,3,16,40828,13650,28919,47137,54907,1905.06,4111,2595,2729,5366,17967,32580,48772
2020,3,17,89430,9094,96320,64471,35012,1905.06,2675,3357,4425,5872,90584,15282,27116
2020,3,18,71584,88467,9244,87920,42044,1905.06,1190,4222,2580,5870,46359,37486,18932
2020,3,19,46585,21823,90082,59314,13158,1905.06,3246,3938,3493,7406,83408,18504,8049
2020,3,20,48033,26085,78215,42458,11957,1905.06,1445,3539,2264,8194,71458,49307,18799
2020,3,21,10973,74001,98531,93554,5461,1905.06,1039,2044,3063,7473,27710,46220,44890
2020,3,22,61874,85957,31512,95368,73226,1905.06,922,1257,2355,8437,80067,19311,14920
2020,3,23,27236,12865,69203,84501,54906,1905.06,666,2230,1012,5041,92135,11330,7013
2020,3,24,76283,39527,21222,59347,77000,1905.06,1918,3873,1239,6868,50592,24464,48932
2020,3,25,34702,30816,62075,92057,5606,1905.06,1368,2840,1910,6922,33692,26263,42142
2020,3,26,3936,50205,8494,51300,65246,1905.06,4124,2880,1506,5346,17226,33506,1268
2020,3,27,90630,5497,88732,41870,8927,1905.06,2685,3627,1490,9528,52035,16904,5676
2020,3,28,3253,29756,57641,74611,76679,1905.06,873,1965,2888,5718,48264,39486,41333
2020,3,29,42699,68742,97367,99205,10440,1905.06,4062,1068,1440,7793,59289,11718,14593
2020,3,30,93469,41976,21698,96312,3087,1905.06,4758,1339,3488,9622,80949,46518,23734
2020,3,31,70084,98175,93484,44324,23893,1905.06,3809,2942,1841,9470,82146,14558,8101
2020,4,1,47562,54701,48561,85355,30343,1616.87,730,3669,1976,7838,91755,22061,10279
2020,4,2,12597,98095,25550,91348,95396,1616.87,2782,3569,1903,8450,17461,40003,22069
2020,4,3,22268,404,33197,3443,98903,1616.87,1914,1463,2881,6826,48169,38223,36829
2020,4,4,7105,59697,76893,55433,67535,1616.87,2493,1483,3094,9395,87830,28489,35000
2020,4,5,41464,81965,88412,89719,20422,1616.87,4722,2688,2628,5846,62483,37882,5873
2020,4,6,16100,94398,698,90333,91224,1616.87,3555,4679,4915,7226,70112,42449,48867
2020,4,7,73151,63958,88933,72597,83353,1616.87,2438,1167,1398,5849,30886,45500,43115
2020,4,8,61722,26961,54541,702,56231,1616.87,3583,2329,1420,5632,62661,18995,17024
2020,4,9,20852,57569,33676,45767,45720,1616.87,3215,3870,1822,7010,91466,10422,20140
2020,4,10,36615,58905,57673,28046,31106,1616.87,3545,2827,1870,8884,19770,38101,38559
2020,4,11,11462,48465,76783,39234,4097,1616.87,4581,1299,3364,8256,87065,25436,39445
2020,4,12,44748,25282,94307,45196,68782,1616.87,1700,1747,2381,9373,49792,16982,2125
2020,4,13,24284,89690,17666,56155,84128,1616.87,4255,1940,2362,8366,51173,12810,27547
2020,4,14,76834,25755,54111,6551,50363,1616.87,1986,1461,2808,5298,73009,17941,41176
2020,4,15,94769,34710,89690,88502,70435,1616.87,1988,4718,4171,9316,50872,29650,39482
2020,4,16,58552,11480,41591,50914,48869,1616.87,678,2054,1222,8382,48604,17936,9116
2020,4,17,91714,46943,29399,90875,39587,1616.87,3815,4354,3468,9722,22856,23903,18760
2020,4,18,20691,36197,34974,49862,67202,1616.87,863,2105,3676,7453,93018,12544,35846
2020,4,19,62921,89447,20951,14143,39985,1616.87,2079,1698,1496,7829,22572,12174,19555
2020,4,20,96589,97740,6790,66409,62597,1616.87,1663,3286,3545,6574,49499,15746,45998
2020,4,21,43834,61715,7852,57510,15520,1616.87,1406,3439,3020,7356,17878,13005,17223
2020,4,22,43264,41014,11056,59760,35195,1616.87,2194,3134,2718,5335,14542,26666,49980
2020,4,23,1333,37559,26305,16230,95547,1616.87,1975,4380,3869,6179,13241,19388,42156
2020,4,24,39754,49648,47829,62774,7005,1616.87,778,1098,4127,6833,26378,15673,6763
2020,4,25,3165,74925,13808,50884,30260,1616.87,3901,2943,2259,6902,64172,27806,44702
2020,4,26,12362,62501,33539,82584,85032,1616.87,1971,4784,1427,6151,87557,19783,46780
2020,4,27,72914,29689,70051,3393,82874,1616.87,4065,1038,2705,5754,53273,34316,12781
2020,4,28,43927,47175,82261,26186,83733,1616.87,696,2446,1166,7772,95029,10315,12785
2020,4,29,662,47001,35100,97089,63153,1616.87,1871,2417,1878,6556,72162,17922,39010
2020,4,30,32406,41228,70313,20111,40453,1616.87,4427,4378,2112,6088,26915,37196,39938
2020,5,1,47260,15995,41109,1141,11024,2042.65,1801,4376,4227,5241,53880,16482,17776
2020,5,2,48465,22650,59638,68090,94812,2042.65,1000,1039,4224,6957,92843,16674,27560
2020,5,3,7737,77222,57626,77128,4137,2042.65,2951,1395,2168,6726,68888,38192,44823
2020,5,4,18187,87042,78921,53766,18636,2042.65,2001,3451,1826,6582,51541,16613,32801
2020,5,5,15551,68389,2653,46127,21698,2042.65,584,1582,4068,7913,22913,43204,45496
2020,5,6,19088,15865,60953,96256,82628,2042.65,799,2166,3233,9719,70931,18220,46193
2020,5,7,28872,99286,51673,674,87276,2042.65,2286,4177,2953,6290,65303,26002,19566
2020,5,8,81786,65592,71789,87206,39857,2042.65,828,3943,1918,7713,71550,19102,44703
2020,5,9,20258,72351,43065,69844,68422,2042.65,3063,2293,4632,9735,14318,16908,13996
2020,5,10,25653,81605,52438,13606,67895,2042.65,4608,1031,4684,7748,53236,39540,17742
2020,5,11,22451,49998,98484,49370,24064,2042.65,544,4320,3735,8331,14163,43509,36386
2020,5,12,48679,68580,57155,94664,74667,2042.65,2923,1306,4428,5910,13924,14726,21473
2020,5,13,98102,69885,36058,14138,97634,2042.65,3677,1435,1994,8512,17318,46057,5646
2020,5,14,54899,77424,56731,29986,12107,2042.65,3494,2137,1658,7000,71800,46843,37246
2020,5,15,18473,99724,47163,4253,96436,2042.65,2926,1788,3675,5510,25026,27660,27439
2020,5,16,15981,78705,14096,87976,63569,2042.65,778,3466,1174,6942,64804,38486,16253
2020,5,17,60713,54651,31976,32889,1652,2042.65,4731,1475,4850,6893,40728,16285,3776
2020,5,18,4333,15007,43527,84360,25343,2042.65,2019,1322,3609,6114,45649,27177,18554
2020,5,19,8719,46035,61997,35099,19501,2042.65,3584,1564,2802,5559,29453,49453,26801
2020,5,20,25687,25537,35930,61889,68783,2042.65,3173,4466,3015,8052,73825,33357,26658
2020,5,21,6606,35845,91033,70215,28311,2042.65,3743,2029,4067,8394,72127,18568,36682
2020,5,22,35244,62064,31485,33047,83975,2042.65,2499,4660,2826,9570,87900,21608,27290
2020,5,23,61438,66074,61075,69454,20478,2042.65,4162,2082,2095,6518,13648,15405,1252
2020,5,24,46877,43745,68787,45944,35836,2042.65,863,1079,4328,9422,16530,19654,7266
2020,5,25,89638,36625,45667,8816,21406,2042.65,1775,4194,1994,8412,84999,36469,33567
2020,5,26,25453,20515,63553,12548,30709,2042.65,4305,3936,2296,6192,39880,23132,43553
2020,5,27,86710,37096,44212,6038,65796,2042.65,2044,1762,1312,7710,80600,39069,48337
2020,5,28,21278,77377,54617,37270,51578,2042.65,790,2030,1102,7294,11868,14390,39616
2020,5,29,63548,66587,1127,844,96031,2042.65,3975,2739,4454,9086,10266,10249,7359
2020,5,30,99227,47173,32035,540,34884,2042.65,960,2512,1363,9366,26133,15890,28988
2020,5,31,50193,16224,51323,26674,86219,2042.65,3863,4765,1590,5398,66960,36220,7253
2020,6,1,40937,18960,19507,91827,24089,2322.33,1053,1260,4494,7944,22495,23481,46109
2020,6,2,63905,95008,79845,74482,21141,2322.33,1025,2364,1866,8110,39934,29063,4138
2020,6,3,34267,89700,19255,85609,56660,2322.33,660,3947,1582,5654,11558,31226,5475
2020,6,4,26276,13180,2487,87122,21124,2322.33,603,1379,2693,6799,75860,23834,41335
2020,6,5,10937,33238,27551,32749,33641,2322.33,3163,2906,3535,7548,69866,46546,17485
2020,6,6,35597,80527,60495,26383,10694,2322.33,2608,3320,2151,6446,40442,49626,32621
2020,6,7,17781,17398,51006,70475,74197,2322.33,660,1485,1455,9134,50585,10095,43219
2020,6,8,88399,95101,94354,61934,58871,2322.33,4831,4466,4746,5325,37200,21791,14220
2020,6,9,84298,94809,41465,96449,87607,2322.33,1074,1739,1320,6874,17140,12416,48259
2020,6,10,56651,85578,24041,49458,90140,2322.33,4553,3537,4726,8566,56822,44948,24626
2020,6,11,34479,81654,39415,95577,83332,2322.33,2367,2628,2774,8831,80429,41732,42967
2020,6,12,7090,42856,13472,39097,56288,2322.33,610,4289,3965,5692,78747,14104,38389
2020,6,13,76671,54653,8994,62749,24911,2322.33,2696,1490,2469,6934,71316,30800,15816
2020,6,14,56429,55037,14781,60555,63868,2322.33,2286,2309,1548,8470,42757,43408,11562
2020,6,15,20499,4410,72699,60817,90103,2322.33,4920,1772,2449,7838,29520,13711,17798
2020,6,16,66082,37217,39453,13551,17031,2322.33,702,3458,1618,7370,50364,46024,10769
2020,6,17,19749,19003,49686,6870,1113,2322.33,566,2963,1852,9328,98779,13254,42443
2020,6,18,7126,90052,70079,45927,90318,2322.33,4637,1399,4518,9089,86301,36548,15951
2020,6,19,76211,47005,76359,42015,55192,2322.33,4390,1291,1458,8160,98161,13189,26723
2020,6,20,62871,48440,17505,76075,4120,2322.33,4380,2596,2686,5810,73522,29356,32636
2020,6,21,98113,83160,85756,67631,48602,2322.33,4178,4811,1678,6888,83177,40603,22057
2020,6,22,73611,87569,98248,35687,57996,2322.33,938,2217,1199,5472,13291,15318,46409
2020,6,23,81719,9024,92915,20758,74834,2322.33,974,2945,1904,5868,56927,14548,32789
2020,6,24,7925,27458,55712,43338,74346,2322.33,594,4307,2809,8539,16346,17156,38890
2020,6,25,61300,31574,54375,22499,80658,2322.33,4168,2375,3041,6878,99484,34226,34018
2020,6,26,96223,49598,57173,62171,85466,2322.33,3070,4742,2909,5134,69431,32254,30452
2020,6,27,20376,36076,12915,63185,968,2322.33,1692,2266,2185,8598,18022,15694,29261
2020,6,28,35085,5286,36571,44478,18721,2322.33,3703,4942,1314,8938,93464,37469,36055
2020,6,29,32680,2888,13564,90589,68022,2322.33,4194,3396,4070,8462,67932,36389,32995
2020,6,30,97721,64625,98656,74907,32044,2322.33,2748,3479,1410,5670,27956,12974,16125
2020,7,1,56660,87777,23730,75240,81242,1401.94,2918,4128,1114,9726,68501,40460,27551
2020,7,2,54053,56898,75883,22514,24830,1401.94,962,1620,2279,5994,54200,43403,12272
2020,7,3,44241,37680,64814,46263,81988,1401.94,4339,3647,1726,8850,30238,23017,37648
2020,7,4,51972,38157,7146,9438,69367,1401.94,4897,3418,1018,5780,62283,40076,41999
2020,7,5,38052,98870,12234,65331,10361,1401.94,3734,1914,1890,9899,17215,19694,16435
2020,7,6,27548,17907,57453,69324,42328,1401.94,2340,4298,1702,5837,14970,45212,37691
2020,7,7,7836,69985,34983,73083,95765,1401.94,4510,1414,3839,8095,31850,39199,13619
2020,7,8,74530,56937,26505,94996,63189,1401.94,2448,2087,2977,9810,76410,20304,10072
2020,7,9,58943,68751,30955,1141,940,1401.94,1352,3774,1026,7686,98208,33142,1042
2020,7,10,77657,77719,99663,6496,2166,1401.94,695,1695,4801,8551,88042,17989,31514
2020,7,11,48623,1843,75077,42952,73095,1401.94,4608,2036,1588,9142,33176,37527,1487
2020,7,12,77957,45881,62654,15335,9919,1401.94,3476,2575,4931,8139,94070,14204,10862
2020,7,13,96005,39766,50145,806,44669,1401.94,3795,3290,1380,7446,52594,29474,38187
2020,7,14,28063,32203,77863,64651,42765,1401.94,3530,1450,3270,9534,36054,33188,11039
2020,7,15,58398,884,70764,13329,65375,1401.94,1777,2730,1912,6921,78535,15620,14835
2020,7,16,91460,63683,75263,47840,23907,1401.94,3665,1968,1078,6138,32970,19175,27857
2020,7,17,98918,51501,56248,72188,49037,1401.94,1728,2433,4537,9994,37113,24911,42303
2020,7,18,23678,23892,52642,60982,60813,1401.94,2953,2272,2563,8215,16463,11822,47529
2020,7,19,62425,10130,19790,38835,98009,1401.94,3009,3278,1234,8524,14606,19648,2760
2020,7,20,22912,73546,93434,32449,32390,1401.94,3711,2418,4437,5418,33399,31602,30547
2020,7,21,56585,76353,227,84148,10921,1401.94,1968,3344,3170,7058,12178,15072,16690
2020,7,22,40870,86541,70810,77834,798,1401.94,3833,1110,1172,7266,88860,44913,22627
2020,7,23,4165,12572,67332,74955,21628,1401.94,1556,3211,3435,6278,78711,17450,1474
2020,7,24,39824,30680,94052,99347,18790,1401.94,1877,1010,4122,7686,70195,26271,22583
2020,7,25,313,34029,66332,62837,7647,1401.94,2749,3162,4114,5081,12494,11492,5192
2020,7,26,42165,26025,305,35600,49159,1401.94,1307,1366,1047,5878,18750,11188,29016
2020,7,27,72941,77910,53551,82063,5596,1401.94,3333,2259,4125,8198,11654,31771,23746
2020,7,28,46208,59198,9934,30322,631,1401.94,2414,4146,1734,5448,94746,18370,29403
2020,7,29,48087,67406,26272,90486,17764,1401.94,1673,1418,1766,5223,89118,47159,30952
2020,7,30,45321,13805,69419,19446,4821,1401.94,2568,2380,1416,7718,97701,13398,20867
2020,7,31,73257,50117,22546,45035,19188,1401.94,971,2273,1048,8998,57759,35163,33644
2020,8,1,25785,42220,64758,47361,31339,2551.61,2680,1494,2687,8478,82666,34905,11917
2020,8,2,62399,50047,31322,6253,64101,2551.61,860,4216,3617,7230,49755,33612,11073
2020,8,3,23219,17029,84661,15462,91140,2551.61,1358,1924,2043,6116,64284,19476,19824
2020,8,4,64385,73317,71228,62072,18147,2551.61,1977,1100,1198,9310,86797,34392,20246
2020,8,5,5723,99011,14961,55692,56258,2551.61,4303,4475,3095,5190,11288,39235,14716
2020,8,6,60140,82648,22512,38535,35116,2551.61,4619,4499,1463,8822,61571,10962,3148
2020,8,7,22444,8549,91508,42736,19551,2551.61,3479,1122,3666,9592,80964,49923,44657
2020,8,8,39507,36621,45752,53955,76936,2551.61,3189,3426,4686,5700,16634,24801,7040
2020,8,9,68848,72932,90654,61663,25130,2551.61,3976,2573,2124,7878,13330,46674,2225
2020,8,10,91493,66493,38300,85159,41284,2551.61,1434,2142,2236,7084,67448,49171,35617
2020,8,11,70577,10638,18951,26616,92690,2551.61,2768,2888,1622,8421,55902,41675,27263
2020,8,12,76998,44880,5601,54122,41715,2551.61,2148,3206,1830,5447,34717,10990,28614
2020,8,13,41064,2504,66235,29652,16041,2551.61,730,2968,1352,8260,29583,19712,33683
2020,8,14,41388,63705,47601,57934,88478,2551.61,4609,1930,4734,5209,35948,22800,19856
2020,8,15,33823,19449,56008,45280,24897,2551.61,3020,2311,4579,9846,28315,25619,7077
2020,8,16,30642,23491,28588,91313,37616,2551.61,1025,1446,3227,9964,69640,43056,24524
2020,8,17,44833,69250,24884,25919,90811,2551.61,3719,4633,1150,8694,86264,21528,10833
2020,8,18,28155,637,20193,37734,81244,2551.61,4704,1884,3349,8291,19548,42316,48508
2020,8,19,99167,96926,37671,37394,21904,2551.61,1802,1735,2911,6770,18022,33722,7311
2020,8,20,98870,74078,24708,79151,95156,2551.61,2030,4661,2960,7158,77394,25555,27324
2020,8,21,2082,57099,53792,90431,81742,2551.61,2746,1826,1090,6769,34653,17050,23340
2020,8,22,10432,47808,75256,19696,69494,2551.61,4769,3362,4690,6694,63864,36197,1238
2020,8,23,88152,97248,25859,16112,50822,2551.61,1666,2903,3054,7266,59685,24796,19605
2020,8,24,85150,8785,72057,71767,11906,2551.61,582,2336,1748,7602,42031,40362,23062
2020,8,25,72508,78153,25077,63550,38981,2551.61,4747,2132,1188,7858,59595,13474,38942
2020,8,26,11563,17615,22617,4617,29424,2551.61,764,4572,2438,8354,86338,19343,32303
2020,8,27,23587,82977,58032,94456,54871,2551.61,1169,3729,4567,6245,14566,33548,16416
2020,8,28,81539,73378,77033,84079,65336,2551.61,2440,3249,4241,8438,14217,33665,36628
2020,8,29,58711,26335,14590,66149,10507,2551.61,1843,4092,1054,9875,44899,10262,17281
2020,8,30,76291,96069,98856,70858,88667,2551.61,757,1556,1736,7789,70635,11198,22487
2020,8,31,34418,24428,70800,88659,84484,2551.61,3675,4546,1351,6540,25694,38209,35018
2020,9,1,43891,88655,20802,3766,49906,1370,1407,2326,1135,7264,50992,29973,42281
2020,9,2,88023,37549,25838,2164,24536,1370,1580,3962,4187,6394,49798,25556,3388
2020,9,3,30267,9345,86908,49884,51391,1370,866,1150,1046,7582,99045,46380,41469
2020,9,4,99863,95453,58707,7350,79070,1370,2323,3443,3598,9512,85606,17974,9699
2020,9,5,82900,38540,53449,73439,80131,1370,3994,1748,2590,9042,76632,13981,3247
2020,9,6,93723,63413,75614,40197,87347,1370,1576,3560,2815,5282,10910,31884,41012
2020,9,7,21333,64586,81680,1284,44098,1370,769,3348,2177,9217,16787,18659,33639
2020,9,8,78817,82134,45408,91407,34388,1370,1739,3109,3156,7420,84657,11014,38392
2020,9,9,54717,37587,9064,57532,32869,1370,768,1116,2262,7447,71836,11359,36326
2020,9,10,21086,77606,21060,59615,53175,1370,3273,1990,1332,5494,39749,20719,4199
2020,9,11,94777,27841,15181,12933,91546,1370,4787,1261,3775,6774,20145,12014,16190
2020,9,12,96528,75914,73550,13790,29713,1370,1500,2150,1398,5128,43116,17746,11738
2020,9,13,83111,21391,57212,19443,77776,1370,1513,2551,2504,8045,14758,49050,13313
2020,9,14,54235,36624,11664,8011,13178,1370,1006,4704,1730,7326,39845,20138,48161
2020,9,15,62645,31346,53641,18339,60257,1370,3558,3366,4498,7121,79160,12273,46757
2020,9,16,30434,2026,1178,4291,40071,1370,3340,4305,2340,5450,18667,35517,19366
2020,9,17,29517,46026,95222,69942,46933,1370,1431,4576,2763,6423,44266,43019,35067
2020,9,18,39533,4177,2739,74031,21299,1370,2656,3083,1134,6230,72373,40346,48251
2020,9,19,39551,42066,51004,11891,23422,1370,2407,4289,1400,8980,55582,12627,19671
2020,9,20,60399,28367,88556,43162,54790,1370,2532,4321,3350,6518,84704,24648,49174
2020,9,21,19874,3713,42732,20150,23898,1370,1000,4799,3522,6026,91689,13295,31458
2020,9,22,97522,5449,82585,13218,30781,1370,2196,1178,1533,6086,50691,37674,38168
2020,9,23,29926,53224,48349,83276,74847,1370,4275,4719,3116,6728,31220,43365,49405
2020,9,24,64817,8068,73165,54691,35919,1370,2986,3440,3005,9270,63009,33785,31206
2020,9,25,5090,55206,41316,71623,52310,1370,649,3587,1581,8004,98214,36427,42007
2020,9,26,23402,72491,47499,76518,22202,1370,1234,2017,3138,9398,41707,39056,45071
2020,9,27,40604,9694,72497,59961,76617,1370,3745,1705,2063,5060,69680,18754,35506
2020,9,28,43419,95330,57960,5000,69327,1370,1427,4079,1654,5277,15654,17217,6175
2020,9,29,349,88183,70587,19839,47581,1370,3894,4535,4691,7743,64495,31307,28646
2020,9,30,99601,74593,13013,6664,26005,1370,2388,4422,4373,5702,74421,30051,49045
2020,10,1,32201,89131,74242,53831,91079,1662,530,4260,3396,6038,43192,23394,7811
2020,10,2,49263,64080,28086,13358,44927,1662,2958,1750,3756,9621,61874,37801,9393
2020,10,3,2010,31297,98527,58710,22071,1662,2934,4270,4060,8528,24452,41491,28579
2020,10,4,36339,94983,87104,64736,85351,1662,3129,1940,1464,5142,64322,22006,46649
2020,10,5,41959,77281,7877,47067,13255,1662,1219,1615,2399,6098,13362,39469,19752
2020,10,6,61029,94612,10093,45089,73140,1662,1579,1668,4527,5750,90564,31229,34545
2020,10,7,86684,45046,82195,13763,43964,1662,768,2273,1262,7300,49340,19755,46518
2020,10,8,79749,16912,1372,13500,83010,1662,4321,4037,4010,9413,10966,17012,8048
2020,10,9,30310,58410,34332,76189,98445,1662,2418,1479,2645,9612,15242,46608,41248
2020,10,10,52482,1011,48883,8984,11008,1662,3738,2107,1485,7606,20607,30847,14575
2020,10,11,4510,89929,91237,23520,85694,1662,3373,2354,1476,5418,17096,36272,13067
2020,10,12,40304,15962,87753,42949,21926,1662,909,1528,1708,9592,99742,47716,19347
2020,10,13,85718,78481,71176,33555,74943,1662,4401,4451,3062,7990,19322,14966,41783
2020,10,14,85057,67696,32463,72885,66752,1662,509,2055,3318,9613,66355,11595,41006
2020,10,15,98960,72265,2355,35668,43408,1662,4735,4124,1929,7358,62679,38223,18449
2020,10,16,79046,43433,67675,77109,15423,1662,3567,1831,2396,6029,89715,20499,3349
2020,10,17,67035,65225,93907,56705,44838,1662,3300,1254,3878,7006,95816,42286,10263
2020,10,18,21808,11904,37763,18737,82815,1662,3311,1860,1878,7950,55320,25648,16794
2020,10,19,10686,48888,92480,98082,74918,1662,3581,3303,1054,9978,31360,41313,48548
2020,10,20,39102,16013,1462,87981,19371,1662,1618,1177,1076,5926,76265,24699,13630
2020,10,21,67527,99577,86560,27753,6914,1662,4752,2599,3471,8584,15680,14740,8232
2020,10,22,27132,614,89396,23607,79454,1662,4919,3554,3119,6381,22886,22490,20756
2020,10,23,80011,35857,13668,21896,86590,1662,1595,4115,1732,9506,81867,12775,39934
2020,10,24,7739,17972,30375,47562,46556,1662,2301,1526,3020,6814,13645,42473,12407
2020,10,25,88805,78565,77380,41924,61298,1662,4413,2660,1122,8876,79555,22711,1098
2020,10,26,50719,26151,93179,56580,92010,1662,4354,1099,4369,6080,63660,11858,41398
2020,10,27,78488,25962,62316,57860,94010,1662,1684,2813,1762,8136,41089,32174,25961
2020,10,28,10682,55503,6187,63157,16288,1662,867,2005,3244,5398,39937,20253,35742
2020,10,29,86796,25644,52705,96165,58077,1662,3441,2915,3677,6118,10774,19038,16365
2020,10,30,23069,43811,68205,10297,54226,1662,3822,4907,1147,5008,28063,47435,9294
2020,10,31,67103,30283,80793,95347,25681,1662,1951,2476,2725,8126,24992,20801,20730
2020,11,1,93434,73717,92401,40542,843,2317.13,4961,4652,1998,6610,98877,10584,11439
2020,11,2,65433,80137,36436,30442,24552,2317.13,3895,1186,1014,9241,96866,14022,33871
2020,11,3,57545,25695,30822,58552,67040,2317.13,2274,1824,1382,8278,17366,42532,1623
2020,11,4,78817,13680,87185,24812,20290,2317.13,854,1454,3902,5780,32515,23453,2414
2020,11,5,66756,62763,10992,97771,88356,2317.13,866,1808,1256,6687,20802,33295,24211
2020,11,6,64662,29429,10121,6352,46807,2317.13,3883,1254,2517,6067,66785,44159,43839
2020,11,7,54833,63237,96234,70087,96122,2317.13,4892,2877,2862,7134,76999,46217,45101
2020,11,8,45094,59218,42117,11351,72257,2317.13,997,1917,1910,9006,43268,21856,29271
2020,11,9,31308,92152,13831,88826,44571,2317.13,4336,4402,3852,5569,85841,39973,30617
2020,11,10,40670,95734,19203,48532,16617,2317.13,4748,1710,1770,6442,89412,44026,12554
2020,11,11,98839,50410,80944,23889,21528,2317.13,744,4186,2714,9574,74363,27284,40564
2020,11,12,6543,73700,93040,50395,69269,2317.13,1720,1289,4613,5922,91172,15172,28881
2020,11,13,38477,35921,69292,26599,55489,2317.13,1977,4326,1890,8554,78214,13344,25056
2020,11,14,24837,90311,32531,57551,16238,2317.13,1187,2779,1196,9398,89526,16214,6895
2020,11,15,55811,96247,8856,30424,38521,2317.13,4356,3348,1906,7306,19947,15588,1238
2020,11,16,15056,6925,62116,40521,91197,2317.13,894,1032,3344,5504,89935,45933,6683
2020,11,17,75994,57475,18714,72939,18053,2317.13,4152,3862,1684,8730,20637,18724,24592
2020,11,18,64389,74994,52707,16689,14994,2317.13,4477,1878,2281,5900,86921,19829,39006
2020,11,19,75980,23491,52215,39324,76238,2317.13,524,3582,4623,5302,41520,34027,42150
2020,11,20,94914,97026,24242,32103,61386,2317.13,2811,1556,1223,6869,58813,17569,44879
2020,11,21,65875,83292,13971,78156,2589,2317.13,4337,3567,1476,6551,34242,33322,17244
2020,11,22,8701,69500,1905,24676,56174,2317.13,502,2438,1802,9295,99540,18187,43426
2020,11,23,60526,7353,60313,13101,84222,2317.13,669,1448,3768,7998,60955,21356,19126
2020,11,24,28236,75293,99924,68969,41844,2317.13,2291,1895,1718,8902,15854,42543,34167
2020,11,25,63973,82977,59982,37127,98624,2317.13,1665,1010,3226,8329,88601,17447,9523
2020,11,26,67456,85623,33896,2576,12967,2317.13,3932,1201,1214,6934,26521,28339,44852
2020,11,27,90726,28813,95235,27096,49361,2317.13,4638,4684,2485,5971,83163,17461,3158
2020,11,28,55494,54829,92962,38720,3159,2317.13,2519,1965,4889,5542,89540,12855,47915
2020,11,29,83970,29825,70409,54114,86385,2317.13,3804,3461,2094,8086,20556,41454,46930
2020,11,30,13548,56547,37491,32386,52519,2317.13,1198,4363,1834,9159,79435,11344,37006
2020,12,1,1955,98310,89668,74721,4202,2368.58,3690,1542,2930,9155,53114,19859,2523
2020,12,2,44312,46576,11954,54702,83485,2368.58,4601,1270,3602,6986,17810,10607,19760
2020,12,3,83185,33265,18794,58696,12700,2368.58,3473,4653,4798,8140,11460,15352,30138
2020,12,4,40663,80768,15731,29945,26275,2368.58,1156,1180,1771,8932,25287,15255,35197
2020,12,5,80574,9889,71639,54176,43227,2368.58,1134,2762,3802,6280,17809,26501,30539
2020,12,6,62770,66284,57507,7569,20776,2368.58,2920,2790,1703,5002,15478,11942,29585
2020,12,7,90199,40243,89916,38322,84705,2368.58,4929,1138,2794,6298,35804,16470,31555
2020,12,8,38458,33291,60135,52261,49571,2368.58,974,2340,1168,8972,36260,31354,27945
2020,12,9,48557,25533,59145,41612,30535,2368.58,4589,2084,3473,6926,91757,16364,33232
2020,12,10,82412,61687,89807,40207,19606,2368.58,2578,3063,3901,8140,10323,16952,25611
2020,12,11,12010,21789,37164,88941,90761,2368.58,598,1346,3955,5791,13632,45841,23424
2020,12,12,29023,74574,99278,68848,25431,2368.58,2025,4194,2721,6376,80752,22327,41036
2020,12,13,8795,54683,30391,84048,88748,2368.58,3870,2108,1710,6034,12106,18614,7066
2020,12,14,35810,92696,74339,34766,54839,2368.58,1958,3860,2544,6236,69059,37974,37971
2020,12,15,87272,46085,28521,39993,45621,2368.58,3671,4414,3955,5413,54813,19054,9273
2020,12,16,48831,63684,86164,44037,9718,2368.58,2706,1879,2610,7044,96644,22448,8564
2020,12,17,25016,93603,72661,3912,89839,2368.58,1885,3461,4156,6758,33454,49776,41721
2020,12,18,46031,78478,20543,26338,53892,2368.58,794,4073,4039,6250,63109,15108,25356
2020,12,19,6471,25816,26988,24082,79213,2368.58,1529,4227,4938,9190,16286,39776,39984
2020,12,20,27263,16376,33239,31419,53134,2368.58,1195,1042,2873,6978,41853,48116,33045
2020,12,21,93446,37246,67191,32485,35153,2368.58,2592,1623,2467,7526,65704,13502,30300
2020,12,22,80916,78586,72259,30854,64128,2368.58,1982,1389,4475,6572,22808,32609,46749
2020,12,23,35969,20356,14478,13842,38445,2368.58,1958,1889,4928,9148,80725,45080,6331
2020,12,24,75800,94671,3056,64619,35603,2368.58,2649,2869,3697,9824,80075,27824,35112
2020,12,25,18008,67058,19215,47484,19982,2368.58,1444,1908,1446,7438,86142,49877,8375
2020,12,26,33604,64453,98120,43532,9953,2368.58,4964,1514,3514,8019,66722,25468,28845
2020,12,27,93132,99373,58339,73181,20632,2368.58,1004,3639,1822,6570,86122,16320,4766
2020,12,28,11297,48919,30457,22730,9840,2368.58,2607,4794,2403,7078,13334,14720,16599
2020,12,29,65923,24643,9460,55790,49014,2368.58,2609,3496,1118,9226,31676,46185,26183
2020,12,30,27065,49034,51177,65239,85604,2368.58,3393,3252,2568,7708,52333,28759,3651
2020,12,31,86801,24941,88555,84204,28371,2368.58,2910,1300,2874,7370,66434,31887,8233
2021,1,1,80396,56737,85459,52696,88413,2558.13,4759,2445,1058,5430,39401,19174,47996
2021,1,2,84744,69006,21744,54946,21339,2558.13,3097,2631,4056,9230,91001,13640,1016
2021,1,3,66563,1647,96515,83933,84433,2558.13,3836,4828,1490,5646,17523,12518,44755
2021,1,4,9995,13635,10053,75519,74985,2558.13,4692,1080,3458,5584,47377,12306,49454
2021,1,5,83291,5475,18780,38699,64127,2558.13,2339,1386,2779,5205,30973,12212,26134
2021,1,6,26312,41162,93393,94154,53161,2558.13,826,3154,1812,7510,55024,32238,10916
2021,1,7,26266,66069,24671,61076,98857,2558.13,2223,3498,2521,9450,37196,41647,22048
2021,1,8,78489,55888,88688,6268,87446,2558.13,4831,1878,1654,8223,24262,13982,19661
2021,1,9,55491,91023,93489,12745,67835,2558.13,1334,4099,1874,6004,71526,29788,48513
2021,1,10,74404,88750,28287,51925,57457,2558.13,4923,1898,4074,8610,58564,41519,31836
2021,1,11,34624,9748,71629,95446,54324,2558.13,779,4813,3264,5619,38909,21098,12243
2021,1,12,84132,244,81550,31416,86248,2558.13,1204,1310,3176,5842,28926,15633,3076
2021,1,13,87678,55202,67930,58105,53813,2558.13,975,3435,2593,7920,15478,13842,42846
2021,1,14,16198,42364,33082,35814,77983,2558.13,1911,3465,2234,9634,19770,24834,21992
2021,1,15,57888,87437,51837,32417,93280,2558.13,3049,2308,2316,9350,55412,22480,47116
2021,1,16,75177,71389,27268,44122,91696,2558.13,2389,2893,1214,7670,43706,14196,27500
2021,1,17,88814,66971,59014,77401,88135,2558.13,3586,1022,1330,6774,94790,15961,18895
2021,1,18,33890,59192,63271,2559,91522,2558.13,758,3049,2774,9254,43522,14470,35035
2021,1,19,96158,10912,38716,82373,27735,2558.13,2920,2899,1496,8286,26651,20230,48774
2021,1,20,7181,95238,32605,79863,32013,2558.13,2176,2253,1585,7222,84811,44458,27395
2021,1,21,76833,26203,77509,15960,78509,2558.13,868,1017,4646,9144,89741,17474,37383
2021,1,22,84270,69015,41632,50014,7301,2558.13,1002,1674,4872,5704,27046,28236,18284
2021,1,23,96594,89223,10491,83179,31021,2558.13,2636,4205,2855,6014,40164,32715,11654
2021,1,24,8880,86946,40086,89878,72442,2558.13,3609,1710,1606,7990,23075,22492,29827
2021,1,25,24876,43319,69677,21101,12518,2558.13,4336,4110,1900,6178,17290,33318,46724
2021,1,26,4185,2630,57524,58392,74126,2558.13,2459,4356,1978,7544,89233,23425,14040
2021,1,27,93723,87843,30136,8916,44436,2558.13,2759,1334,2881,7436,13534,41751,3212
2021,1,28,30512,72452,67214,16457,48630,2558.13,1126,2813,3483,5622,27557,18960,25855
2021,1,29,54041,35017,84670,55025,82561,2558.13,3449,2634,3097,9884,12462,38884,23903
2021,1,30,28149,65662,40899,57382,99450,2558.13,4132,4960,1464,6346,62768,11630,14014
2021,1,31,58553,28896,70612,53388,68897,2558.13,2347,2937,3184,7016,94313,32096,48169
2021,2,1,39116,24731,91721,14053,42633,3473.96,3552,3293,2854,5933,15494,18219,46957
2021,2,2,31419,54055,4684,14117,16823,3473.96,2668,2069,3092,9658,47318,15234,22482
2021,2,3,64755,70256,40797,88124,80921,3473.96,1746,1430,3974,9818,34087,13222,39245
2021,2,4,56775,92640,81252,60981,24926,3473.96,4200,1343,4399,7776,86811,42574,5346
2021,2,5,72717,59480,54644,82161,1887,3473.96,4772,2992,3568,6920,87467,19489,1962
2021,2,6,36165,5566,89525,50140,15384,3473.96,3097,2157,3955,8708,49490,40232,39965
2021,2,7,9695,78691,62928,69095,28926,3473.96,1668,1642,4217,5336,83802,27455,49739
2021,2,8,34626,73576,26801,39546,36848,3473.96,4034,3012,1185,9832,23151,17920,30620
2021,2,9,71228,62601,56431,20183,66950,3473.96,1767,1644,4610,9694,62090,13535,5921
2021,2,10,39434,40111,31530,65003,72774,3473.96,2458,3750,1066,5610,63296,42106,15333
2021,2,11,66230,88683,31471,18767,19946,3473.96,1687,1172,3574,6244,27707,17046,20974
2021,2,12,65390,54475,93520,50000,44169,3473.96,4886,4953,1448,5694,64956,34845,5610
2021,2,13,43101,73767,8596,64712,9377,3473.96,3169,1220,1926,9290,10724,46871,38244
2021,2,14,25614,97412,4397,59188,56881,3473.96,1063,2269,2929,9582,88620,13449,48456
2021,2,15,41545,84859,79756,37264,12627,3473.96,3460,2078,3477,7056,36789,44205,44712
2021,2,16,51652,76312,36163,28578,30952,3473.96,1801,2916,4297,6197,32104,17529,46887
2021,2,17,94653,24520,56151,13934,94102,3473.96,3734,1300,1972,6988,89261,24959,11123
2021,2,18,34553,44074,47039,53030,7482,3473.96,2234,4133,1490,9749,87710,14892,1510
2021,2,19,96636,45864,96711,57286,8413,3473.96,4814,4416,4685,7317,33349,30138,28815
2021,2,20,8440,43437,15785,70773,33278,3473.96,732,2830,1910,9122,37211,22952,21398
2021,2,21,9302,50799,32086,2145,548,3473.96,937,2182,3363,5304,54467,13560,36148
2021,2,22,67814,45635,26193,37499,9304,3473.96,2637,2742,4329,9773,19498,18959,25894
2021,2,23,71171,66952,36790,52993,76074,3473.96,2296,1726,1150,5934,20222,16108,40353
2021,2,24,43234,46161,71585,41597,68808,3473.96,3371,1621,4389,9136,90471,13692,42404
2021,2,25,50458,8109,31436,86139,74234,3473.96,846,1755,4605,8238,14748,12030,2655
2021,2,26,98592,73397,30109,56094,64131,3473.96,1000,2363,2843,8346,65311,48002,1358
2021,2,27,44483,13683,34624,48873,4599,3473.96,2564,1030,1824,5766,57545,40141,41448
2021,2,28,79358,28996,1897,15315,37234,3473.96,2344,2176,2745,7620,24622,36875,32997
2021,3,1,55118,10591,53332,57197,75902,1306.06,3030,4583,2309,6518,10533,43756,1334
2021,3,2,62172,81941,26016,88875,39487,1306.06,3232,3481,4405,7102,22066,33753,16157
2021,3,3,27244,90596,56499,17401,15218,1306.06,2888,1366,1290,9822,43882,12568,9726
2021,3,4,78905,78265,68505,81214,61520,1306.06,1321,3690,1966,7337,28916,16816,29038
2021,3,5,49846,97149,1650,50603,97048,1306.06,4356,1294,4310,7206,58042,45879,23716
2021,3,6,16933,15931,16214,3600,43502,1306.06,2520,2405,4712,8262,19971,32583,26448
2021,3,7,46414,61293,72626,7392,44982,1306.06,559,1179,1654,8862,61781,28441,1542
2021,3,8,82277,62490,69084,12939,19697,1306.06,3818,2980,4407,5562,72931,11662,27126
2021,3,9,67832,55452,41666,22544,6476,1306.06,1478,2889,4281,8216,76632,19958,11637
2021,3,10,45645,17193,11794,60687,75753,1306.06,4127,3028,1064,9134,70967,22112,23576
2021,3,11,18040,46138,25093,77447,37521,1306.06,1706,1434,4827,8372,44246,42655,14377
2021,3,12,16361,15725,61897,55642,59828,1306.06,1256,1824,2072,8049,82510,14177,38529
2021,3,13,57977,87991,22206,10394,78905,1306.06,2505,1944,1332,7910,90742,43182,9525
2021,3,14,38327,87450,14886,24506,42174,1306.06,2160,3533,1208,9056,30527,16726,9133
2021,3,15,33938,3136,72861,22362,87537,1306.06,1538,1036,1064,5096,55906,19906,21723
2021,3,16,34621,54764,68266,6635,95066,1306.06,1168,4743,1456,8494,74249,19954,9008
2021,3,17,6538,91410,63516,97747,86819,1306.06,3782,1520,3529,7994,43116,17190,10395
2021,3,18,26069,46008,46579,2134,71104,1306.06,3454,2075,4952,8071,28709,11022,18837
2021,3,19,17079,61230,51114,79888,92284,1306.06,4868,3820,4475,9480,96566,36293,41715
2021,3,20,75130,61701,73401,88659,16047,1306.06,1076,2115,3876,9006,60600,49979,32870
2021,3,21,4196,50407,88407,94148,8478,1306.06,1868,1907,4697,9333,21794,13358,33469
2021,3,22,21048,23016,2154,86876,87751,1306.06,3168,4232,3124,5852,84242,18350,15072
2021,3,23,45791,90319,67638,24667,59326,1306.06,997,3520,4995,9403,74019,19824,44590
2021,3,24,29224,85888,61733,23922,65222,1306.06,2253,2620,2893,5758,89495,26996,49879
2021,3,25,60831,29017,22581,53955,41938,1306.06,4476,4079,2141,7114,28745,22818,6823
2021,3,26,91704,19743,52691,3052,15498,1306.06,4227,4721,3948,7311,84994,44169,26710
2021,3,27,17191,12248,13143,56436,74359,1306.06,4783,1574,3005,9482,10998,12598,18990
2021,3,28,29187,84971,10374,42680,48437,1306.06,1004,1190,1766,9088,59543,14134,5471
2021,3,29,11249,98771,68136,40197,16083,1306.06,718,4624,1728,7730,12128,12182,3130
2021,3,30,99202,22196,91275,47208,44559,1306.06,4853,1686,3091,7574,32775,46527,13121
2021,3,31,35698,64625,3020,27263,49164,1306.06,676,1763,2685,8811,33312,10119,12563
2021,4,1,84031,59744,70021,64243,82155,2943.07,3443,4349,3733,7002,65260,46854,26108
2021,4,2,96857,55357,61298,93436,4485,2943.07,978,1870,2196,9098,50976,12230,24177
2021,4,3,39775,27740,148,74938,61052,2943.07,3229,1433,1206,6510,25675,18516,10267
2021,4,4,75710,5472,89218,25795,32474,2943.07,2648,1372,1186,9814,39116,30670,4478
2021,4,5,74475,954,32483,18023,90052,2943.07,978,1178,2550,5126,21115,38601,33459
2021,4,6,50899,84346,50036,37261,33948,2943.07,776,1008,2533,9996,51802,46359,42063
2021,4,7,65824,40804,92041,92010,91101,2943.07,4031,1926,3462,6082,99948,19490,47510
2021,4,8,71325,40434,1044,98875,97418,2943.07,3827,3315,2856,7158,85575,23155,22160
2021,4,9,62278,7704,99164,76163,19050,2943.07,2521,1224,3120,7382,19180,15573,17318
2021,4,10,78424,48617,13852,43238,36482,2943.07,3102,4157,1937,9146,23031,34354,30153
2021,4,11,37658,43212,32670,76866,13426,2943.07,1372,2054,3652,7578,68217,44053,34598
2021,4,12,49205,7091,95278,73678,38005,2943.07,4250,2779,4830,9453,92368,22664,4863
2021,4,13,49606,90472,46822,36543,5970,2943.07,896,4978,4416,9918,36843,18396,36206
2021,4,14,4516,19568,51249,79520,1455,2943.07,3573,2010,2907,5202,40687,47264,19466
2021,4,15,90066,46290,46396,76248,65744,2943.07,3911,1422,1184,8370,51891,12518,38765
2021,4,16,48291,72788,27887,94059,42706,2943.07,3251,3572,1306,9008,59444,16886,31082
2021,4,17,40317,33018,69113,83225,18220,2943.07,1840,4636,2441,6480,14294,38184,26153
2021,4,18,82000,16148,69886,27587,78233,2943.07,998,2874,1840,6770,36932,19973,21777
2021,4,19,4462,6537,49898,5110,27388,2943.07,3563,2704,2358,9028,67280,26930,9342
2021,4,20,35181,64121,1567,7622,23708,2943.07,2158,2059,4950,8202,49645,13182,18803
2021,4,21,70172,61493,56058,81087,1225,2943.07,2411,1382,2229,7309,27147,19244,9342
2021,4,22,26651,67064,43674,85362,76092,2943.07,3643,1271,1425,6998,35244,31484,10954
2021,4,23,99013,13755,53544,50315,62150,2943.07,3496,2320,1033,5905,29759,32257,19542
2021,4,24,61600,13523,4296,93829,30832,2943.07,4797,3834,3506,6950,75547,40949,31444
2021,4,25,40776,54191,2221,48553,34400,2943.07,742,4763,3923,7170,11126,46072,3817
2021,4,26,69474,79927,94746,50507,32184,2943.07,4116,1142,4378,6832,20315,35210,24505
2021,4,27,1207,90113,75397,99713,3584,2943.07,2013,1430,1134,5585,18536,11778,1898
2021,4,28,79403,5653,22001,63326,39233,2943.07,749,1078,4707,8054,75564,33243,38430
2021,4,29,61351,24681,93378,15730,94445,2943.07,2291,1310,1326,5384,11715,23740,13693
2021,4,30,59983,18729,803,81468,44315,2943.07,3703,1238,2069,8250,19745,21302,10066
2021,5,1,45495,12713,81545,65990,88277,1967.1,3691,4309,3165,9420,23753,21857,14788
2021,5,2,76712,35756,92015,85751,63823,1967.1,2084,2551,4261,7112,43217,25678,32107
2021,5,3,13608,83286,7749,5663,3031,1967.1,2499,4876,1762,8098,30865,46390,29051
2021,5,4,98832,74558,42052,56997,50330,1967.1,854,3393,2912,7154,45495,31734,32157
2021,5,5,2032,7581,80638,51293,67484,1967.1,1970,1090,3491,9446,12450,42873,23855
2021,5,6,30121,55605,7751,38235,89649,1967.1,4625,3480,1762,6066,45476,46206,4968
2021,5,7,75186,7035,39600,93098,60608,1967.1,1183,2638,4026,7314,30282,42862,1447
2021,5,8,12028,57253,73953,35520,91972,1967.1,3392,2091,4014,10006,76678,38662,43410
2021,5,9,57463,27656,43495,3339,20684,1967.1,4544,1746,2357,5495,10644,39316,5324
2021,5,10,56943,96502,68307,82321,84675,1967.1,758,3053,1692,5487,64924,14164,48589
2021,5,11,58897,59670,2608,7911,62164,1967.1,2925,4625,1940,5552,39316,27624,29286
2021,5,12,28095,38861,39845,56805,10709,1967.1,1120,4002,3015,6302,66322,18092,45163
2021,5,13,29368,57858,88447,1561,23345,1967.1,724,3592,3040,8332,13016,25203,3372
2021,5,14,63970,85781,11182,87263,8552,1967.1,1238,2998,1428,8726,19614,16417,1006
2021,5,15,32597,72275,16772,6964,3054,1967.1,1004,2421,2303,8912,50333,30647,49447
2021,5,16,24175,16059,79240,37215,743,1967.1,3769,4711,4226,9950,51973,29130,2095
2021,5,17,90448,83212,82129,96158,70647,1967.1,3926,3242,1908,8230,10206,49962,8283
2021,5,18,61497,92563,48736,18800,63366,1967.1,798,2539,1478,5037,24753,32220,49069
2021,5,19,13485,69876,13285,34063,9826,1967.1,3192,1625,4821,6718,29134,14622,31610
2021,5,20,86307,74413,55062,83216,36463,1967.1,4529,2958,1078,9242,16757,15626,31620
2021,5,21,80037,32556,57792,11516,43946,1967.1,766,2429,3771,6752,91491,28597,48897
2021,5,22,71334,71037,11575,52507,32709,1967.1,4325,4015,1030,5738,18582,12734,40709
2021,5,23,73711,18112,49542,64245,82728,1967.1,4495,4115,1718,9174,13974,18312,32652
2021,5,24,7536,67071,32933,76307,56794,1967.1,1255,3126,1812,5668,80632,10872,40777
2021,5,25,23538,1310,96240,55011,77049,1967.1,1593,2110,4284,9974,31354,48363,14822
2021,5,26,55138,82202,27480,70345,90841,1967.1,847,3375,2883,5132,74681,24677,34462
2021,5,27,35909,62290,19156,64073,45119,1967.1,1296,1142,2449,7536,40018,10849,16141
2021,5,28,68710,62964,77960,17995,35450,1967.1,1357,1184,2867,6326,77283,48707,25666
2021,5,29,44651,23131,13435,62534,34615,1967.1,3562,1054,1756,9070,50946,28227,4468
2021,5,30,5211,8596,29588,39012,62484,1967.1,1213,1192,2568,8534,49186,34369,19606
2021,5,31,2543,31897,74957,10410,42085,1967.1,946,3086,3074,8902,65620,42688,18592
2021,6,1,35535,13212,26479,24605,80510,1990.7,1166,4104,1298,6150,51587,36601,21058
2021,6,2,84096,99133,35522,60972,64671,1990.7,3513,1566,1199,9078,55003,29790,19891
2021,6,3,15743,58090,87865,70997,40062,1990.7,718,1202,2006,7106,16552,13964,30554
2021,6,4,44606,79072,62435,61602,96954,1990.7,3202,2400,4505,7456,58371,44176,30374
2021,6,5,3614,38238,7095,31165,28512,1990.7,955,4254,1539,5171,31602,26600,12098
2021,6,6,62077,78673,68549,22193,52221,1990.7,522,3177,1058,7956,74778,43829,1454
2021,6,7,88330,39333,91230,34188,23056,1990.7,3363,3021,4189,7266,74185,32701,15953
2021,6,8,13908,1493,93308,50447,33017,1990.7,3398,1622,4934,7818,33637,22154,41262
2021,6,9,13401,29160,1685,10277,87116,1990.7,4105,1796,2147,6774,25983,21554,42815
2021,6,10,93991,70699,30928,14533,22509,1990.7,2233,2767,4309,6892,19565,22325,21466
2021,6,11,98154,62964,83771,18088,91263,1990.7,1594,4662,1566,9270,14938,10998,17408
2021,6,12,17445,35396,41830,65944,63434,1990.7,3850,2424,4863,9564,71956,27371,34166
2021,6,13,22595,35542,30139,61905,8786,1990.7,4229,1938,4019,7999,41378,20281,16056
2021,6,14,51759,64325,41297,98325,88955,1990.7,4709,2750,4334,5792,10102,37767,22587
2021,6,15,7057,58897,61544,61920,60026,1990.7,643,2620,1744,8562,44524,10529,49852
2021,6,16,68190,95106,17469,13561,29458,1990.7,802,1215,4522,5986,95892,44828,25199
2021,6,17,80429,60602,67579,4763,83493,1990.7,3881,1900,2872,6950,68820,15806,22625
2021,6,18,36629,40816,90519,38374,42949,1990.7,3902,2489,1499,5454,41049,42308,1395
2021,6,19,74273,7596,73525,13795,99085,1990.7,3622,1738,1369,5116,10166,46214,19417
2021,6,20,15178,25861,53115,79403,12638,1990.7,2300,4265,4101,8350,15990,38402,38287
2021,6,21,61917,69246,65892,8416,51968,1990.7,2076,2592,1786,9750,72738,46324,23294
2021,6,22,76369,31362,42190,22738,90267,1990.7,3951,1795,1174,8418,19302,47664,9168
2021,6,23,76705,4850,63283,55807,99020,1990.7,4208,1880,1517,6966,85703,19378,17273
2021,6,24,99745,2780,47430,30633,9732,1990.7,1957,1099,2880,9146,25188,24498,36520
2021,6,25,94666,10493,96295,79694,48911,1990.7,3709,1238,2341,6991,81420,17712,47492
2021,6,26,40617,91981,95001,93486,68433,1990.7,3322,3176,4834,8442,98809,25917,30704
2021,6,27,98624,92119,12017,82856,11265,1990.7,2354,2281,4048,5110,15862,12958,3557
2021,6,28,83844,12037,54926,2537,69028,1990.7,508,2000,4678,5249,19481,13110,36346
2021,6,29,12305,34156,81287,28491,96260,1990.7,4407,1234,3565,5560,10441,16181,46448
2021,6,30,52684,84148,38464,16733,54148,1990.7,1042,4343,3825,7806,56879,37853,6790
2021,7,1,77129,80201,14696,8730,99682,1731.13,2385,3837,1802,8938,46448,21891,27806
2021,7,2,52987,74035,26809,52114,84476,1731.13,4797,4975,2805,7881,39122,18406,9343
2021,7,3,83924,93466,23421,1244,66698,1731.13,1260,3825,2825,5955,68907,23859,27626
2021,7,4,30113,22645,7697,55556,4873,1731.13,3798,2858,4530,6959,19954,45357,20497
2021,7,5,96302,31122,30333,94107,69003,1731.13,982,4277,1258,9658,70520,12321,35808
2021,7,6,98802,58133,22500,72980,44088,1731.13,1838,1112,4050,7158,46107,35274,41407
2021,7,7,41383,56258,93134,2265,93217,1731.13,2621,4517,1166,8622,99975,19580,19458
2021,7,8,80114,81381,5210,75738,86205,1731.13,4411,1014,1782,6910,57985,10654,25731
2021,7,9,68317,21176,1206,98719,92062,1731.13,3993,4795,4922,6966,52059,29490,13665
2021,7,10,62936,16033,35361,29866,26691,1731.13,797,1803,1715,8118,98893,19272,35336
2021,7,11,63089,53305,20631,13304,46567,1731.13,3957,4882,4790,6086,29952,16416,28616
2021,7,12,5180,80298,57999,41454,23776,1731.13,943,3062,3793,6303,32927,35484,26410
2021,7,13,57992,98725,8640,91059,86084,1731.13,670,4171,3540,7312,78826,40106,23885
2021,7,14,25928,19136,71341,42070,60651,1731.13,1624,2181,1590,9254,23634,21718,1294
2021,7,15,67384,10930,24781,42530,33586,1731.13,4365,1576,4136,9356,98986,25219,24061
2021,7,16,93242,9318,40744,3134,56630,1731.13,3240,3909,3705,9170,57330,15707,19570
2021,7,17,32226,23956,97889,30169,64930,1731.13,1886,3665,1310,6046,91194,48740,37875
2021,7,18,67079,51912,90317,56216,21268,1731.13,2786,1730,4972,8529,33994,37953,39304
2021,7,19,8100,77235,3215,46805,8167,1731.13,3863,1744,1714,6216,13086,32133,26898
2021,7,20,30978,71503,30799,96133,64521,1731.13,4873,2951,1050,6194,16694,27875,38345
2021,7,21,7197,51953,58736,38521,40483,1731.13,2826,4933,1315,6040,28089,44482,42730
2021,7,22,22938,6953,51227,40142,56,1731.13,2275,2384,1994,9425,43516,13738,4491
2021,7,23,24123,54742,54816,30730,72636,1731.13,3604,1183,2286,7394,34704,34120,25334
2021,7,24,26422,77531,49054,12738,39923,1731.13,3571,2860,1814,9262,19353,16342,27143
2021,7,25,61992,57981,47886,87984,43759,1731.13,1199,2880,3847,6015,14961,17834,7754
2021,7,26,57701,73567,64018,1339,7259,1731.13,926,1302,2603,6974,62768,32526,48722
2021,7,27,44358,2692,11739,61156,93841,1731.13,1656,1672,1726,5893,60166,49182,47444
2021,7,28,50000,71367,33415,45199,53734,1731.13,3032,1433,3293,7049,12772,45551,48376
2021,7,29,92124,14583,11936,1079,81799,1731.13,3604,1155,2395,6806,87311,37587,24704
2021,7,30,9139,65320,43420,30915,7566,1731.13,1448,2564,4951,9862,11078,45036,3586
2021,7,31,78238,15795,56471,32884,9196,1731.13,3434,2670,1478,6721,18749,31974,35595
2021,8,1,68706,24483,91525,30401,28146,3154.1,890,3464,2530,6804,16614,26116,29112
2021,8,2,83253,74946,17420,29467,94060,3154.1,4055,4853,1142,6938,35401,20872,12457
2021,8,3,51726,69424,21049,58447,88173,3154.1,1223,1878,3857,7747,14550,22002,19376
2021,8,4,26860,75873,81819,65742,79029,3154.1,3209,3632,4145,5629,16206,18205,49201
2021,8,5,4438,32154,94411,56068,5445,3154.1,1939,2169,1184,8688,31967,15066,46164
2021,8,6,50067,4544,76990,93924,52291,3154.1,2277,1012,4195,8202,61243,18223,46972
2021,8,7,79649,69453,46856,53794,11434,3154.1,3350,2222,3459,9113,88289,25255,4954
2021,8,8,95277,81581,82425,10864,12273,3154.1,975,2338,1174,8642,72614,15746,30744
2021,8,9,37641,54892,99431,26836,35340,3154.1,542,4987,1478,7686,85133,24263,27026
2021,8,10,13221,23484,6487,33032,72597,3154.1,3286,4225,2708,7062,11440,21332,11128
2021,8,11,87806,42416,83671,23093,83085,3154.1,2021,1458,2528,5616,47559,12867,6285
2021,8,12,19830,42619,94208,82660,886,3154.1,1922,1858,4175,9760,63488,16258,29341
2021,8,13,7241,21775,92350,16301,78837,3154.1,2632,1641,2557,5238,12180,45641,3790
2021,8,14,93940,49459,82718,21468,92263,3154.1,686,2091,4247,9796,94750,12978,30277
2021,8,15,90586,68025,36942,26114,64138,3154.1,4237,1377,2203,5886,87677,17391,1750
2021,8,16,46728,41662,84033,25637,62964,3154.1,2629,3254,1866,5686,94721,48190,40119
2021,8,17,16976,11761,60282,22575,23006,3154.1,4058,4943,1530,5999,56056,19897,21384
2021,8,18,82781,6646,7627,4984,49584,3154.1,2374,2662,3316,5526,38299,32631,11656
2021,8,19,29229,25929,5887,85158,12628,3154.1,3347,4602,1286,9981,52176,18077,16960
2021,8,20,97717,97587,14373,53477,63586,3154.1,4725,1365,2073,7416,67700,26656,20429
2021,8,21,25359,6427,55671,95027,45537,3154.1,4010,4765,1250,9896,76274,15229,43970
2021,8,22,83208,25974,94832,44632,35955,3154.1,2708,1046,1900,7080,14026,40882,13360
2021,8,23,13861,9578,3600,7286,23281,3154.1,596,4991,4077,5963,60017,11940,37652
2021,8,24,16286,4028,30731,52536,70276,3154.1,4116,4835,4330,8947,14466,13158,23357
2021,8,25,8659,43527,51660,85956,86959,3154.1,1837,1646,1088,7126,16216,20720,21512
2021,8,26,18088,58397,85712,28517,64360,3154.1,4481,1298,1108,6286,49531,10974,12082
2021,8,27,54921,100000,38924,20603,45299,3154.1,3591,3956,3267,8310,39911,15030,3390
2021,8,28,78114,83101,1044,75554,13537,3154.1,1274,2975,3894,7970,92843,14605,25499
2021,8,29,44067,77326,61603,26528,8890,3154.1,615,1358,2485,9086,17116,22783,27486
2021,8,30,4280,55708,43093,17547,62310,3154.1,2771,1722,2456,5166,15976,12344,33004
2021,8,31,60665,12251,60321,60911,10589,3154.1,515,1006,1840,6948,13885,22081,3164
2021,9,1,25853,68596,74793,60391,85712,1576.9,1021,1418,2019,8567,14938,12760,13928
2021,9,2,32691,60503,88832,67857,76480,1576.9,4872,1446,2847,5782,15669,47363,17528
2021,9,3,47651,3029,10556,67472,16914,1576.9,4778,2766,1232,5922,19508,36943,32638
2021,9,4,86203,531,94714,93222,15450,1576.9,948,4492,1210,9118,48700,14262,48441
2021,9,5,38660,93574,56856,32859,15708,1576.9,1573,4709,1905,7129,47181,25170,38878
2021,9,6,89767,78312,84289,57351,587,1576.9,645,1788,1368,5358,96361,19910,3798
2021,9,7,20151,12311,16973,95446,49794,1576.9,2219,4804,1950,6982,37663,15324,32026
2021,9,8,25657,50589,3720,33914,57718,1576.9,4083,3835,1136,6754,21185,46149,1812
2021,9,9,63522,31831,32938,553,53541,1576.9,3032,3691,2961,6357,69136,15518,29300
2021,9,10,84735,32709,12560,76685,69488,1576.9,4341,1495,2162,8060,45408,41232,16575
2021,9,11,55313,20844,55068,17229,80568,1576.9,3377,4088,4435,5344,60992,27976,42606
2021,9,12,58319,30378,68020,16280,16735,1576.9,780,1468,1215,9296,78152,22054,3508
2021,9,13,35871,78846,83550,69386,83259,1576.9,617,4922,1153,5684,72150,46720,45310
2021,9,14,8290,51881,7162,49078,80900,1576.9,3405,4217,4882,5726,71848,31616,34506
2021,9,15,64932,12234,49437,67500,81531,1576.9,905,3752,4138,5807,12578,22396,43941
2021,9,16,1117,63755,93671,67270,95792,1576.9,694,4080,1650,7720,69509,31304,32174
2021,9,17,38361,12915,86874,53244,40691,1576.9,1211,1254,2306,7000,89473,18836,8722
2021,9,18,27293,45379,2590,66431,1186,1576.9,742,3654,1676,8849,18270,31624,5727
2021,9,19,97375,48970,2057,47780,2825,1576.9,880,2537,1674,9262,10780,15760,37919
2021,9,20,57382,28344,79850,44688,11696,1576.9,4876,3988,1052,9890,10846,48590,19323
2021,9,21,54544,10598,67245,56729,25799,1576.9,4704,3172,4841,6761,87303,37665,19520
2021,9,22,61032,82739,95203,78216,81399,1576.9,1090,3779,2030,5939,99818,28725,22335
2021,9,23,1614,29695,17714,32667,78512,1576.9,2608,3055,1446,9714,12280,42231,39485
2021,9,24,50724,60841,31756,85565,33954,1576.9,4582,4984,3148,9158,73199,49546,19059
2021,9,25,89824,9291,54678,56854,41582,1576.9,1930,3195,1894,9644,92213,45405,20848
2021,9,26,25481,89822,44813,91914,71026,1576.9,4144,1748,1788,9034,23665,45741,1908
2021,9,27,51310,79600,40726,85810,30736,1576.9,1707,1126,4566,5482,93763,47500,30277
2021,9,28,43584,45695,40696,60478,31691,1576.9,2235,2170,2729,7047,49083,43754,32909
2021,9,29,67996,49580,31855,96136,81831,1576.9,3228,4491,1470,5305,35300,48558,21872
2021,9,30,45583,53360,35469,1501,26096,1576.9,4000,1030,1278,9695,46508,39320,29233
2021,10,1,18744,96491,11685,52143,61926,2869.52,1490,2856,4997,5260,26038,41868,21791
2021,10,2,7207,75530,9692,22512,27182,2869.52,3093,1090,1254,5946,13280,11316,24602
2021,10,3,84947,92666,96932,40995,55526,2869.52,4949,1250,4093,7986,42763,27370,36252
2021,10,4,96129,79254,71579,66126,28231,2869.52,4346,1774,4497,8084,57948,16678,47617
2021,10,5,74991,42394,97219,35060,28340,2869.52,713,4638,4223,8002,70632,17750,20206
2021,10,6,6601,16934,91722,72046,91272,2869.52,768,2400,1574,7346,53525,24671,1684
2021,10,7,1316,77872,26461,90813,28261,2869.52,2491,3250,3153,8558,54662,37845,34409
2021,10,8,57620,11728,17484,3195,65724,2869.52,4294,3675,2752,6015,60721,29024,4468
2021,10,9,46852,76490,16425,93293,80188,2869.52,4316,1502,1060,6278,72315,25137,36302
2021,10,10,11537,96159,28389,54690,33572,2869.52,3886,1190,1129,6369,94384,43204,49403
2021,10,11,97189,98680,81881,34942,11047,2869.52,3965,4250,1798,6741,83894,15629,42602
2021,10,12,83043,68211,13485,63568,95339,2869.52,3705,1874,3309,6900,77916,31880,2152
2021,10,13,32848,36803,39424,60329,29525,2869.52,3532,1712,1590,5412,78005,26237,1350
2021,10,14,78014,41971,66840,29808,38712,2869.52,1789,1754,1214,5273,13454,30634,1478
2021,10,15,77425,90379,53862,92086,23824,2869.52,644,3022,3579,9740,33350,14455,31778
2021,10,16,46253,86884,41169,11443,38648,2869.52,2679,3013,2496,7030,62820,32559,19174
2021,10,17,37957,24610,54314,73253,16235,2869.52,982,1270,2717,8208,18447,11602,22340
2021,10,18,22229,58766,75916,7161,54858,2869.52,1615,1109,3853,9135,12552,17500,25619
2021,10,19,14662,16584,514,92158,87455,2869.52,4716,1670,1304,5382,15014,36882,29687
2021,10,20,67722,51605,63245,46791,42057,2869.52,4683,4284,1858,7834,71444,11666,31693
2021,10,21,83922,9413,12777,12775,4900,2869.52,1626,4560,3263,6994,28069,12069,41681
2021,10,22,93179,52787,3832,13826,64521,2869.52,2059,2241,1830,5014,95383,12506,18846
2021,10,23,28349,45068,93143,85158,3371,2869.52,1823,2291,1434,5951,19190,11602,30940
2021,10,24,67632,96692,31164,42248,26536,2869.52,668,4713,3370,9010,49891,42890,9233
2021,10,25,59698,16951,41484,46500,63607,2869.52,724,1954,3286,8500,93463,13318,36868
2021,10,26,49440,90288,88948,56143,32591,2869.52,2744,1574,3407,5259,58821,44943,5365
2021,10,27,74493,95842,64657,19215,20342,2869.52,2105,1391,2850,9940,42890,27808,30900
2021,10,28,23160,18249,36116,21446,3101,2869.52,4453,3891,1217,8400,25033,18808,29579
2021,10,29,33765,9130,85383,52173,40742,2869.52,3467,1585,2748,8123,50799,43090,10556
2021,10,30,9024,79257,5834,73226,49198,2869.52,2385,3708,3323,9852,10154,36423,48724
2021,10,31,99432,49608,55315,52001,94361,2869.52,2160,4476,2181,8894,13000,12922,46700
2021,11,1,26468,94508,72199,20944,61659,3314.97,1318,1840,3825,5895,12938,10222,31641
2021,11,2,53281,95173,52225,39486,21679,3314.97,546,2638,1286,7268,98350,14036,38648
2021,11,3,44430,42827,45547,83324,55828,3314.97,4125,3646,4327,7675,19589,47338,8469
2021,11,4,85668,65908,38254,89493,1803,3314.97,3392,1435,2593,10006,10920,44272,11070
2021,11,5,65617,66189,98263,75931,89809,3314.97,4295,1188,1590,9694,50265,11617,46613
2021,11,6,69663,49391,26617,5343,53418,3314.97,2680,4084,3465,7285,44928,46619,46206
2021,11,7,18355,3321,34407,7300,30290,3314.97,2923,1820,4218,6185,71835,34027,11679
2021,11,8,29150,71131,84617,84941,32325,3314.97,2909,3339,1256,9525,23681,20392,1234
2021,11,9,2084,42714,25829,30549,99999,3314.97,3519,4704,1746,7926,42003,20718,20757
2021,11,10,89605,59928,16624,33824,92465,3314.97,2850,1614,2292,8818,22906,24617,4811
2021,11,11,20053,35816,42957,37028,91694,3314.97,3772,3776,1414,9600,40676,25700,32990
2021,11,12,36710,34196,76757,27139,62122,3314.97,2856,1726,1526,6718,85549,37503,18760
2021,11,13,85642,69752,25470,77934,54922,3314.97,2550,1325,1094,7462,28353,42235,48376
2021,11,14,44848,68478,86012,86902,18078,3314.97,3953,4786,1776,5709,98276,39356,26688
2021,11,15,40822,62485,91083,35860,43316,3314.97,4714,3956,2734,6170,13790,17656,42984
2021,11,16,29911,25793,25334,30454,4004,3314.97,2688,1686,3515,5052,52104,13196,3687
2021,11,17,68092,81058,27732,28975,3120,3314.97,3331,3940,4844,5765,96151,48160,42361
2021,11,18,68750,35867,93469,47836,17402,3314.97,1843,3664,3855,7177,10469,12858,16711
2021,11,19,77216,33158,44413,15732,74562,3314.97,3676,2653,1142,6407,87979,13397,12869
2021,11,20,75120,72663,57338,79965,48429,3314.97,3124,3529,1422,6398,81364,39460,3489
2021,11,21,38304,79561,19477,97159,86738,3314.97,1368,3952,4454,6310,79683,16094,29946
2021,11,22,50002,68360,96670,60280,1120,3314.97,3676,1238,3663,7365,72554,38443,1001
2021,11,23,17206,679,71973,39265,38624,3314.97,3724,3278,4248,8200,90436,18766,19689
2021,11,24,28146,83157,16291,7600,20289,3314.97,2967,1186,2037,7974,30568,14508,12326
2021,11,25,91990,20597,7099,65653,84314,3314.97,904,1519,1683,8771,40783,35306,29654
2021,11,26,94812,35860,28585,44061,50412,3314.97,1397,4908,3528,9039,18859,38817,35373
2021,11,27,41366,96828,25459,38403,4168,3314.97,2910,1156,2975,6360,78160,27289,22380
2021,11,28,56014,98608,95161,52698,7379,3314.97,3003,3542,4506,5890,62602,19698,2296
2021,11,29,68313,75352,66178,3194,20744,3314.97,3362,2108,3215,7650,16862,19134,35037
2021,11,30,56200,86125,98540,65528,62485,3314.97,2816,4850,1659,8666,87547,15390,43053
2021,12,1,91903,33933,11130,24843,12887,1711.42,4507,4589,3575,5410,25332,49963,32399
2021,12,2,87415,3793,48180,71235,37007,1711.42,3786,4482,1805,9313,18319,24857,16915
2021,12,3,68482,53170,66518,22810,57069,1711.42,4432,3970,3543,6913,90165,27781,48260
2021,12,4,39312,16025,82371,4239,28725,1711.42,4201,2490,4199,9550,14926,31206,24056
2021,12,5,69295,63863,37041,67453,73176,1711.42,2309,3008,3528,5178,80817,15596,5360
2021,12,6,23438,26602,30920,88333,99867,1711.42,1113,1068,2108,9682,59767,32184,21085
2021,12,7,88892,13970,14675,49443,32702,1711.42,2000,3348,4965,8092,85800,17998,34751
2021,12,8,39401,28110,62502,64282,53289,1711.42,1229,3077,2624,7148,81410,19990,9671
2021,12,9,98233,63876,58021,51693,28712,1711.42,942,3954,3108,9814,83397,30810,17788
2021,12,10,16006,46750,99159,30971,30791,1711.42,1814,1543,4419,8640,67176,49059,1311
2021,12,11,73987,13406,92138,76611,90555,1711.42,914,1174,1078,9824,56831,48838,39900
2021,12,12,87613,7060,49145,52073,88315,1711.42,2882,1352,1296,8392,67993,42785,48894
2021,12,13,49703,19808,45681,95475,50476,1711.42,4533,1636,1262,6054,17423,33168,12857
2021,12,14,9274,29228,38307,79401,99053,1711.42,4590,3016,4901,7478,55088,23215,11490
2021,12,15,8981,4324,60239,20976,52716,1711.42,3760,3770,4390,5793,14244,14865,28232
2021,12,16,38650,8778,55679,81264,28153,1711.42,4431,2425,1366,5486,16825,34085,39454
2021,12,17,80580,27768,53454,15481,87855,1711.42,3695,1834,2864,5285,17809,31932,8542
2021,12,18,59869,97922,703,24260,23715,1711.42,962,3716,1350,7507,59979,18227,31299
2021,12,19,16961,90764,22006,51994,59854,1711.42,2430,1758,2950,5883,55913,20804,5183
2021,12,20,80778,10961,83991,9994,26247,1711.42,1925,1114,1072,8979,26725,39787,18152
2021,12,21,40278,98555,34856,96706,26062,1711.42,1284,4373,1204,6588,27719,11802,44835
2021,12,22,58473,30150,2236,57775,2386,1711.42,4930,4514,4108,8920,19024,11706,8149
2021,12,23,47072,17786,14174,79496,43117,1711.42,634,3394,1618,7974,96451,31865,40899
2021,12,24,65325,77736,41240,67274,81026,1711.42,4076,1708,1811,7663,29975,34196,35311
2021,12,25,5812,74906,50063,91272,20178,1711.42,2978,3600,3707,7151,63095,36823,9571
2021,12,26,74402,98731,20218,30207,85572,1711.42,3423,1800,4404,6014,34521,41781,16669
2021,12,27,71325,79950,63983,3137,43965,1711.42,3684,4775,3862,7504,57398,10792,43958
2021,12,28,79670,76729,88992,73377,10232,1711.42,826,4633,3520,6769,31191,19092,18439
2021,12,29,63438,75967,36340,74194,61982,1711.42,2326,4657,2161,6308,69145,11125,20861
2021,12,30,56618,39183,77253,41832,59282,1711.42,2222,3950,1379,6213,28678,21611,34652
2021,12,31,21005,38878,22597,4525,85647,1711.42,3616,1774,1105,9956,55981,24438,20140
2022,1,1,54661,90449,64331,17321,59594,3134.45,3938,3775,4060,5769,58056,20063,41808
2022,1,2,62993,13359,47795,15558,42037,3134.45,2913,1838,4705,7438,82912,44844,35758
2022,1,3,31055,64701,57303,57363,37035,3134.45,4531,1694,3540,5213,25366,48134,48093
2022,1,4,27021,99305,46910,12433,31427,3134.45,3847,1550,4676,6642,42679,26713,21319
2022,1,5,98752,95594,73980,23458,53032,3134.45,3301,1778,4296,7850,57800,41330,23244
2022,1,6,90049,28684,99377,78589,63897,3134.45,1722,2268,1626,9984,19701,21825,24743
2022,1,7,11303,84901,98948,45979,81543,3134.45,4043,1206,2219,6054,15034,40250,41627
2022,1,8,2619,38405,7041,56915,30361,3134.45,3244,1760,3523,7954,15348,23771,14841
2022,1,9,5067,58424,81040,61818,48408,3134.45,4994,1061,1993,8941,38391,49887,17093
2022,1,10,90569,77436,96534,27788,6810,3134.45,4390,4427,1622,5750,66341,14094,16637
2022,1,11,22623,30938,54866,16146,11262,3134.45,1268,1328,4988,7307,78145,19504,20214
2022,1,12,20753,28141,85809,22746,93434,3134.45,3984,4001,4339,5518,28141,41148,40553
2022,1,13,52155,62532,66929,23548,20314,3134.45,1652,2935,1911,6517,75432,16354,49622
2022,1,14,83084,81701,40853,44424,85360,3134.45,4171,1111,4842,9979,45208,23275,35351
2022,1,15,80532,546,57278,31223,36064,3134.45,3723,4569,4301,5651,44469,15606,1771
2022,1,16,21625,2474,43902,18536,15344,3134.45,1708,4778,2385,7834,59201,19096,19334
2022,1,17,19263,13373,25209,99105,69705,3134.45,2380,1587,2313,6009,97810,39728,36769
2022,1,18,47780,86534,44299,28433,58537,3134.45,4398,1350,2592,6608,98696,39287,5120
2022,1,19,8985,41757,54066,42722,25669,3134.45,1817,4931,1639,6764,60387,12695,13268
2022,1,20,90147,32768,79284,93812,95129,3134.45,3540,2907,3626,8390,87691,22162,27094
2022,1,21,99310,17090,18675,23254,6741,3134.45,2541,2076,1942,5926,74797,17499,17371
2022,1,22,46226,52968,78783,89218,56345,3134.45,1912,2842,3289,9630,56654,33417,39170
2022,1,23,74641,6547,42678,54619,737,3134.45,1780,1397,2458,5455,39650,20550,30369
2022,1,24,29178,18544,2628,4657,51503,3134.45,3507,4079,1743,7289,19648,19440,43777
2022,1,25,56459,21562,98635,61100,19109,3134.45,4517,1766,3186,7102,64719,28922,5289
2022,1,26,33915,57853,95320,97725,53308,3134.45,3275,3836,4865,7254,19844,21367,1323
2022,1,27,81031,58352,35448,44127,75641,3134.45,4918,3451,4360,8552,19110,28469,21448
2022,1,28,50194,70420,54923,28380,73966,3134.45,2302,4232,2493,8973,21956,47152,19642
2022,1,29,70296,6584,62342,40162,10190,3134.45,2880,2572,1084,9679,51698,32529,32186
2022,1,30,1128,31617,97333,10488,10169,3134.45,626,1474,3654,7670,88741,17620,6884
2022,1,31,46225,12396,91853,23718,31369,3134.45,2222,1664,3096,9563,41825,13285,30161
2022,2,1,36058,70858,88638,65738,38908,2268.07,1864,1875,4851,7351,97044,16182,37520
2022,2,2,32661,73758,51742,59243,78851,2268.07,942,2597,2565,5536,38966,15460,35714
2022,2,3,32759,56983,27174,98674,15160,2268.07,852,1216,2668,5411,16953,16576,40460
2022,2,4,89283,170,3452,24134,77522,2268.07,3572,1533,1957,6665,85775,17342,16848
2022,2,5,2379,7595,9758,29944,53131,2268.07,4020,2240,2057,9622,14758,14302,15076
2022,2,6,38006,31335,4785,15674,83098,2268.07,2249,2379,3259,5701,12865,15780,38091
2022,2,7,68901,11438,58666,75858,78103,2268.07,3017,1832,3387,7774,26775,37869,10794
2022,2,8,69202,47148,40110,91259,94694,2268.07,1178,2698,3708,5962,48372,21806,41023
2022,2,9,20405,96974,60538,58665,32675,2268.07,796,2927,1191,9462,93784,45645,23403
2022,2,10,26608,71802,92478,94995,75928,2268.07,2863,1094,2752,5954,52738,43797,35605
2022,2,11,30347,13917,26497,19055,96232,2268.07,2212,1635,1841,7750,75299,20868,24869
2022,2,12,57505,82449,38796,75049,48263,2268.07,2045,4869,2085,5875,69863,29364,48932
2022,2,13,31480,19079,74494,30584,92051,2268.07,4381,3748,3852,7229,57802,36435,43584
2022,2,14,42098,65016,3071,30291,49118,2268.07,2510,2973,2170,5324,98021,41784,44723
2022,2,15,71590,85068,16654,25027,80943,2268.07,4390,3773,1198,5235,75709,13996,36517
2022,2,16,5172,16443,52745,79024,83672,2268.07,926,1546,3265,9770,72410,14774,26899
2022,2,17,95955,56274,80357,89477,78931,2268.07,1260,1871,4796,7913,91897,27090,28378
2022,2,18,50782,62641,22217,72728,7876,2268.07,1723,3046,4367,5819,92069,48038,47926
2022,2,19,99071,73880,40159,7336,75113,2268.07,4718,1066,1545,5734,76895,30476,28921
2022,2,20,56156,8156,63700,35953,72422,2268.07,4394,3202,4589,7962,95930,42464,21950
2022,2,21,82240,99006,71864,96607,71178,2268.07,996,1018,4164,7506,77582,45628,30285
2022,2,22,12780,58653,33047,14325,20079,2268.07,1152,1234,4449,9702,28538,13750,9942
2022,2,23,63154,74285,30073,14095,42248,2268.07,2910,4486,1360,9556,37445,12537,26003
2022,2,24,25059,64794,82785,95575,48653,2268.07,1202,2783,1723,8506,92107,21801,26719
2022,2,25,543,19613,64388,34992,10817,2268.07,3213,1314,3562,8285,20767,25809,9278
2022,2,26,30641,93678,66648,72001,38452,2268.07,4537,3509,1974,7356,59083,33890,4093
2022,2,27,76744,16638,11674,28467,7238,2268.07,1620,4131,4744,7359,59122,16912,20133
2022,2,28,6638,17336,73586,90200,21974,2268.07,2360,2613,3030,9007,40965,42833,44353
2022,3,1,25503,6343,21043,25528,81778,2510.9,3622,4766,2957,7089,38355,19441,4933
2022,3,2,80062,62488,59187,77421,21610,2510.9,4057,1218,2388,9878,93622,26740,42451
2022,3,3,22969,46236,31123,38329,87201,2510.9,4132,4054,1649,5174,70933,44778,23956
2022,3,4,66459,89556,9545,65768,52997,2510.9,862,3057,1578,6038,10478,48348,47901
2022,3,5,19550,10888,19998,51938,1497,2510.9,3677,1642,1206,9800,95496,29758,13620
2022,3,6,108,85981,8813,96758,97507,2510.9,1535,3964,1316,7432,46083,38649,29746
2022,3,7,81685,31293,71708,8424,8391,2510.9,1771,2939,4424,6252,79876,27272,48538
2022,3,8,23093,74907,68090,99300,84707,2510.9,4057,1165,4566,8454,97922,13424,13586
2022,3,9,83968,5811,43742,69621,23243,2510.9,3270,4926,2468,6329,13349,45859,39825
2022,3,10,94867,86473,90151,4291,95946,2510.9,1563,4038,1285,6004,18337,12343,20028
2022,3,11,95942,97395,63509,61860,1617,2510.9,578,1936,2241,9025,87908,13680,11432
2022,3,12,58850,12531,11762,12671,8860,2510.9,3529,1382,4286,5031,24368,40232,41463
2022,3,13,51411,72284,59271,12696,88288,2510.9,758,4228,1353,8547,46088,18654,27608
2022,3,14,16331,71373,27611,83572,40398,2510.9,822,1206,4401,8519,28268,19612,31871
2022,3,15,76334,3150,89691,20620,68182,2510.9,851,4591,2693,8374,48639,14674,30411
2022,3,16,14081,23678,91561,21787,78577,2510.9,2460,4906,1724,5718,94829,48473,4001
2022,3,17,23293,1588,14073,84046,36459,2510.9,3658,2791,1842,9700,33411,30023,42341
2022,3,18,90111,94263,65967,9156,30737,2510.9,1487,1168,4635,8808,82954,33211,14606
2022,3,19,78401,46767,44471,36477,38189,2510.9,4950,1481,3591,9022,45526,10049,5652
2022,3,20,7715,99185,22842,69557,75237,2510.9,931,1414,1866,8250,74501,47602,6253
2022,3,21,12856,7341,75124,83843,31741,2510.9,3406,1492,4844,8466,62968,43032,8078
2022,3,22,49880,97919,20866,23471,46941,2510.9,3520,1007,1928,5436,56915,14340,16393
2022,3,23,45318,72848,38864,12184,87450,2510.9,1138,1656,1420,5074,16278,18797,13366
2022,3,24,75691,33906,95290,80535,28134,2510.9,4919,4364,2528,6342,34187,35821,24611
2022,3,25,27177,84060,6829,25458,56773,2510.9,2622,2089,2942,5970,30624,13496,30096
2022,3,26,51203,56763,73401,88261,74376,2510.9,2057,1206,4156,8699,46952,18641,23900
2022,3,27,43310,86872,63006,15838,47657,2510.9,3010,1184,2603,9590,32993,17530,13545
2022,3,28,71287,15616,56465,40581,53454,2510.9,2324,1007,1694,5862,18544,34579,3442
2022,3,29,44624,82678,84646,85132,51377,2510.9,3772,1037,4821,6268,43226,48829,31598
2022,3,30,46675,11238,6366,44278,2428,2510.9,950,3713,1326,7821,14294,24779,39360
2022,3,31,91263,27971,45788,51467,98695,2510.9,2397,4669,4083,6798,44800,21811,21407
2022,4,1,14925,32849,86165,48054,76076,1711.43,1079,3664,2711,6866,12192,13422,1346
2022,4,2,86715,96158,34749,74536,26804,1711.43,2150,4773,3019,7242,53467,18860,25881
2022,4,3,52366,29489,79862,55760,90641,1711.43,3454,1138,1756,5971,69969,43300,18025
2022,4,4,27317,81050,46965,51380,52759,1711.43,4801,1658,1138,9550,30359,42367,19408
2022,4,5,41783,28862,63493,79802,78830,1711.43,578,1194,2799,5439,13250,13786,16960
2022,4,6,3465,26761,59004,70690,69084,1711.43,3989,1399,1374,7305,47779,45484,28974
2022,4,7,46713,78933,51309,28630,28483,1711.43,2348,1086,1881,6798,66417,11430,48020
2022,4,8,34153,71997,36906,96953,57436,1711.43,792,2251,4674,5747,47940,18757,6563
2022,4,9,71073,78282,81510,97447,71939,1711.43,2930,1654,4572,8486,63632,12250,45641
2022,4,10,42258,17333,39672,85491,18174,1711.43,1201,2326,4437,8926,65630,18224,22442
2022,4,11,17373,32374,45477,17048,58121,1711.43,2156,4192,4402,7340,26638,26340,9769
2022,4,12,29306,35921,27696,53879,96511,1711.43,3285,3768,1398,9308,40610,43185,7680
2022,4,13,1750,31812,11864,96187,92622,1711.43,4411,4994,1219,6239,43393,11206,43846
2022,4,14,52360,45550,29885,56762,29216,1711.43,4454,4872,1246,7149,28750,21657,22875
2022,4,15,84830,68388,76778,9842,47697,1711.43,4378,1604,4199,7594,61984,16356,17389
2022,4,16,91440,42748,68168,34011,85339,1711.43,4702,2697,3461,7574,94459,10734,11561
2022,4,17,53813,43914,77550,78960,37415,1711.43,617,2243,1039,7502,32084,10184,22652
2022,4,18,11135,17816,20885,76687,15410,1711.43,4859,3200,1967,9378,57211,27305,49221
2022,4,19,47291,91914,81356,20752,72852,1711.43,4780,3015,1079,7372,38327,23493,25815
2022,4,20,56333,55297,12090,63724,49043,1711.43,3810,1486,3340,9695,36863,43749,44174
2022,4,21,55268,71723,16951,97236,7453,1711.43,892,4742,2426,8599,75493,21629,40514
2022,4,22,14414,15274,14645,66845,48955,1711.43,1690,1639,3267,8779,85362,23662,2972
2022,4,23,29305,20526,33840,7646,76573,1711.43,2746,1839,1094,8454,29074,32580,37055
2022,4,24,41562,86320,37323,23988,24919,1711.43,616,1378,4441,6613,38880,19504,29168
2022,4,25,95937,95571,47739,4205,80702,1711.43,4218,1358,3626,8057,50355,30198,33102
2022,4,26,15112,68102,78390,90240,19151,1711.43,4171,2063,1150,6493,16966,11310,7465
2022,4,27,72013,13020,7090,32806,55985,1711.43,2553,1921,2892,9622,72477,19814,45971
2022,4,28,39745,66696,81305,9723,94753,1711.43,1272,1215,1112,9334,32806,12982,31660
2022,4,29,58479,21978,28679,68614,64823,1711.43,1370,1834,1838,6930,69640,31437,46082
2022,4,30,5783,28546,83359,80027,35189,1711.43,1324,1285,3882,5266,16262,49986,5836
2022,5,1,73633,92554,96753,24647,25360,2601.26,3124,3688,3396,8089,44862,39477,14719
2022,5,2,4460,98049,14931,64272,67689,2601.26,1405,2585,1077,6432,64126,18264,46368
2022,5,3,17757,55412,57147,66738,72771,2601.26,2376,1402,4685,7830,71048,41396,7133
2022,5,4,25200,70525,21437,34948,38614,2601.26,4425,4425,4346,5707,23696,48387,16299
2022,5,5,68427,26455,60973,14504,92887,2601.26,4119,1994,1861,6265,93731,19632,25099
2022,5,6,29750,57461,32387,45787,34293,2601.26,3534,1696,1274,9950,10791,45277,3436
2022,5,7,91269,1569,4703,71967,7276,2601.26,716,1412,1204,7678,13122,30442,44751
2022,5,8,39129,55676,7438,35991,78293,2601.26,1974,4393,1332,8730,70179,25625,17521
2022,5,9,74148,90066,17821,64460,15036,2601.26,1088,2655,1502,6390,94621,15254,28612
2022,5,10,91893,31328,45860,79450,45358,2601.26,4891,4485,4442,7370,36827,19086,2416
2022,5,11,17554,75154,43480,8886,29515,2601.26,862,1462,1350,8683,13334,35110,30011
2022,5,12,97295,26913,74118,43827,74055,2601.26,3984,1904,1418,9844,45396,11775,18740
2022,5,13,28612,21640,62613,69407,21673,2601.26,3492,4225,4593,7918,48110,20459,49441
2022,5,14,61983,15326,40474,98411,84009,2601.26,4872,2654,3210,7990,41480,42264,41298
2022,5,15,9082,55466,24564,25500,31662,2601.26,3626,1118,2951,6238,29678,45975,36312
2022,5,16,65679,34524,85201,56625,66496,2601.26,2083,4829,4987,7826,59591,48995,49663
2022,5,17,75207,9465,46651,59769,33455,2601.26,2032,3887,1299,5906,84386,15930,4483
2022,5,18,29260,4365,84586,53563,70603,2601.26,4537,1281,1174,8782,18524,47985,30616
2022,5,19,50753,86341,92816,32092,36602,2601.26,1087,1807,3222,8188,87927,28028,18759
2022,5,20,64924,6312,86916,41224,49260,2601.26,535,3519,2017,8310,48433,12620,37654
2022,5,21,97089,64324,15254,62227,65413,2601.26,878,2516,2202,9379,64608,13803,24511
2022,5,22,88138,45696,91963,82713,6137,2601.26,740,1059,1201,8026,28634,35460,29890
2022,5,23,1662,94171,30332,10032,60643,2601.26,2651,4082,4440,8522,36309,41204,45118
2022,5,24,45119,62874,73722,88673,98605,2601.26,3828,3093,1534,6390,17326,13034,38330
2022,5,25,57033,12899,93924,43234,43259,2601.26,870,4919,4432,6946,71302,26426,38911
2022,5,26,53199,43954,510,28991,64562,2601.26,806,4679,2395,7840,98352,47351,3171
2022,5,27,82245,67181,50445,98973,44323,2601.26,1836,1354,1852,8478,60939,25110,2603
2022,5,28,71023,72338,86382,20455,30419,2601.26,3232,4968,2989,7492,28958,48903,7685
2022,5,29,33264,99153,8583,65659,43069,2601.26,3009,1664,1818,9806,56989,18406,23287
2022,5,30,48761,78826,68848,46965,10938,2601.26,3426,3311,4828,9342,35117,31598,46140
2022,5,31,48844,98351,81567,83186,62092,2601.26,2088,1450,4676,7022,77365,19096,10525
2022,6,1,6728,27114,37128,2886,84103,2020.93,1645,2927,4820,9932,90217,18558,4621
2022,6,2,3388,88529,87140,94547,23647,2020.93,4742,1996,1242,9279,14358,27179,18738
2022,6,3,57720,12147,86856,64742,5865,2020.93,950,2591,4417,8530,15476,33519,22305
2022,6,4,69503,83474,46447,75675,14787,2020.93,2985,3173,2896,5124,29071,31542,3016
2022,6,5,214,5166,19891,66869,80797,2020.93,4047,3515,1510,7255,13058,21044,36682
2022,6,6,19560,14660,99988,35329,79542,2020.93,3847,1614,1182,6610,41070,30074,31816
2022,6,7,34662,69057,64600,92558,533,2020.93,912,2098,1540,6693,10486,12336,10023
2022,6,8,63375,60719,50853,28555,7974,2020.93,950,3884,1030,5937,95564,31014,20462
2022,6,9,47753,14412,46411,79393,12409,2020.93,818,2069,4240,6769,55978,39773,3833
2022,6,10,33145,62782,23224,64685,5827,2020.93,3372,1116,4259,9366,30459,17178,23542
2022,6,11,31038,46411,68821,32511,62348,2020.93,4876,1452,1246,6286,11698,15122,14385
2022,6,12,96471,31664,70978,85712,54785,2020.93,1836,2928,2441,5059,52612,28268,43309
2022,6,13,54953,62338,13822,55565,22914,2020.93,500,1242,1390,9321,11282,19390,44281
2022,6,14,30058,32690,95843,41558,25328,2020.93,4113,1797,1053,6442,15026,20838,18039
2022,6,15,79751,15697,8767,2193,30756,2020.93,930,2060,1238,5134,57624,12981,27732
2022,6,16,4914,38125,33285,11957,3798,2020.93,2698,1726,1490,9892,91764,26817,2450
2022,6,17,44283,57230,64968,10337,93672,2020.93,2526,3422,4524,6292,91966,13118,38828
2022,6,18,34024,38779,53692,90444,99412,2020.93,3425,1362,1594,6132,48984,35941,27668
2022,6,19,55512,63035,36149,57002,72927,2020.93,714,2209,1493,5990,43897,45165,44265
2022,6,20,86670,91424,84940,7546,64068,2020.93,529,4443,2035,9220,19574,47798,43258
2022,6,21,73241,74664,84827,55385,77726,2020.93,1325,4588,3197,7662,22941,36124,33812
2022,6,22,38091,39465,19686,55937,37307,2020.93,1101,3976,1357,9598,47873,35424,29935
2022,6,23,45650,23403,66220,94037,68976,2020.93,1834,2215,1548,6660,97599,39846,21107
2022,6,24,76824,55277,5787,90022,65455,2020.93,2497,3545,4544,8534,59481,21851,28729
2022,6,25,8469,26935,62180,79826,79327,2020.93,1601,1327,3455,7821,35363,18782,10053
2022,6,26,85280,93550,60998,31049,20210,2020.93,2247,3385,1576,6076,13654,12031,24949
2022,6,27,38114,12256,31929,22659,40790,2020.93,4509,4257,4695,6688,45434,30373,7762
2022,6,28,33093,77036,88053,66548,91209,2020.93,1681,1487,1964,5366,23888,14130,23416
2022,6,29,53979,27488,66911,16908,20521,2020.93,3938,3634,1130,7218,81292,12138,36669
2022,6,30,84980,42154,5322,36027,48842,2020.93,2751,1933,4143,6494,64833,13694,17108
2022,7,1,66515,44544,27535,45546,68432,3039.29,875,1846,1358,5574,32790,17342,47412
2022,7,2,78073,91425,82619,55291,89069,3039.29,548,1221,1708,5304,96414,43815,5035
2022,7,3,75399,94701,87959,46202,59534,3039.29,1771,2399,1124,5326,17214,35340,6015
2022,7,4,98070,20173,81259,78744,52955,3039.29,2437,1027,1825,5658,10706,10893,14049
2022,7,5,16443,59292,58468,93151,51939,3039.29,1965,2337,4581,5134,89890,25466,4882
2022,7,6,13643,46663,67867,14200,47320,3039.29,4539,1740,3686,7149,40483,27993,38515
2022,7,7,27550,19274,25373,49375,80681,3039.29,1620,2122,2332,5087,13258,39271,28042
2022,7,8,89969,59943,82961,55903,17571,3039.29,1368,1212,1738,5586,61763,49536,22851
2022,7,9,54102,61303,61277,62788,58452,3039.29,2132,1000,2385,5018,51727,18065,1761
2022,7,10,10547,28348,31541,97879,63435,3039.29,3501,4754,4458,6461,25656,32028,38165
2022,7,11,25665,7026,79593,61529,72612,3039.29,1064,3064,2657,9394,11714,27460,41356
2022,7,12,40454,62985,79814,77839,45490,3039.29,2255,2387,1239,7600,86617,12060,31541
2022,7,13,98313,40120,25780,12771,92933,3039.29,1151,3596,4813,6014,80125,47424,1437
2022,7,14,82100,41190,6842,1109,79883,3039.29,3569,1687,2029,9478,14525,15510,12694
2022,7,15,22627,43134,42610,98866,86929,3039.29,4890,1990,4346,7021,14363,12278,29228
2022,7,16,48458,91867,80876,23271,32610,3039.29,2047,1060,4893,7786,32169,14776,27353
2022,7,17,22934,10739,51464,31315,1825,3039.29,1537,4450,1926,8302,39667,28754,32342
2022,7,18,73374,94558,30348,42720,91579,3039.29,4998,1388,2928,8930,96010,35537,11063
2022,7,19,79578,99410,16599,14471,93298,3039.29,598,2582,2209,6838,80249,44033,15120
2022,7,20,12108,81787,18484,53934,25933,3039.29,4039,4306,4059,9386,58377,26989,24503
2022,7,21,90449,79728,49730,43377,81953,3039.29,542,2881,1262,8216,17418,19226,45741
2022,7,22,43336,54303,3734,35545,84069,3039.29,929,2527,1546,8834,66460,41701,33983
2022,7,23,55267,65501,7360,24326,94887,3039.29,2666,1687,1886,7396,61415,43768,15737
2022,7,24,29489,6682,21651,74638,1250,3039.29,788,4584,2360,9522,96480,11502,46707
2022,7,25,49857,42410,13957,15626,23174,3039.29,3678,3439,3621,7389,19116,39859,46770
2022,7,26,13126,53136,91547,74942,36884,3039.29,3710,1371,2000,6712,57360,27245,2963
2022,7,27,3419,3150,38182,20779,69024,3039.29,3559,3879,4775,8868,50856,49301,1015
2022,7,28,65638,90887,27741,44259,38276,3039.29,4117,2753,1344,8094,42694,19579,13210
2022,7,29,11331,77757,35951,87326,50821,3039.29,922,1190,2811,9104,15452,48186,43311
2022,7,30,86471,46281,33419,96246,31501,3039.29,546,2137,1513,9639,57747,46140,1264
2022,7,31,52849,8218,30246,85545,66586,3039.29,522,2915,2048,7425,65240,34221,39293
2022,8,1,62516,4812,46252,81620,12533,2205.74,3089,1390,4207,5558,13340,11186,44438
2022,8,2,26234,20156,19052,15873,94255,2205.74,646,2471,1778,10006,85408,17446,15192
2022,8,3,42092,63324,68130,65869,44917,2205.74,2955,2431,3514,9206,10814,36046,18703
2022,8,4,89997,89844,11212,84204,70530,2205.74,788,1762,4384,6406,28986,48638,34230
2022,8,5,95985,14059,67463,7774,1027,2205.74,3854,4469,2546,6680,25337,27462,2871
2022,8,6,12039,8294,1246,35553,37500,2205.74,2950,3847,1490,5514,28051,17019,6648
2022,8,7,49744,39793,80135,20480,70586,2205.74,4117,2921,4531,5872,14102,40557,9121
2022,8,8,5803,32253,28,54701,25588,2205.74,2162,3977,1206,6824,11772,15474,41717
2022,8,9,40055,93833,47709,52897,25699,2205.74,1267,1793,3256,6401,12272,35193,42112
2022,8,10,41875,97742,34467,81406,67026,2205.74,1962,2827,2006,8341,43879,15703,41513
2022,8,11,80059,76042,86034,46420,25801,2205.74,1632,2206,2098,8692,35102,27796,41915
2022,8,12,22805,71370,35942,87413,4124,2205.74,2605,2004,2307,6856,27402,29332,14566
2022,8,13,31288,65717,18512,21404,4059,2205.74,2107,1902,4783,9492,63239,30583,12391
2022,8,14,31407,29873,62790,33506,60566,2205.74,2653,4721,1234,7200,87134,39735,14244
2022,8,15,78161,26092,35733,40468,99516,2205.74,1151,2154,1694,8182,68558,15613,29487
2022,8,16,99757,22018,82434,54540,61510,2205.74,1474,2915,1896,8536,26420,18813,45673
2022,8,17,44859,4075,68536,30472,34022,2205.74,1558,2181,3112,8643,69001,13979,22022
2022,8,18,68130,71505,61135,29685,92520,2205.74,604,2275,3061,7730,63167,29570,46045
2022,8,19,39756,14642,38838,48004,28906,2205.74,1817,3763,2036,6846,20586,36057,31611
2022,8,20,73726,73498,48239,88190,78493,2205.74,3521,2973,1686,6007,92658,47615,33592
2022,8,21,42052,4308,6243,26465,98391,2205.74,2386,4497,4051,7575,10030,29308,19410
2022,8,22,9186,35670,19424,11222,37374,2205.74,3630,2450,4859,8221,31992,24703,6363
2022,8,23,61813,66866,87677,83261,79225,2205.74,2227,2627,2346,6950,64091,15736,46687
2022,8,24,89232,52830,86586,73283,80405,2205.74,3942,4590,1107,8366,17163,44832,39086
2022,8,25,11081,80795,38636,57292,25368,2205.74,1994,2179,3844,6022,70440,33068,20628
2022,8,26,82710,67668,70696,16408,87490,2205.74,3495,1721,3967,5080,66355,34371,1139
2022,8,27,40518,85299,90314,81625,40017,2205.74,2809,1096,4623,5806,16784,29990,7478
2022,8,28,18424,6734,33522,72268,92756,2205.74,1687,1816,2981,9558,16456,25470,3962
2022,8,29,43521,56719,68544,47488,91799,2205.74,3210,3668,2901,8524,30292,42917,1252
2022,8,30,62354,23102,60366,66977,70898,2205.74,3318,4320,1837,6839,77939,15254,35105
2022,8,31,67154,99627,92762,55135,8361,2205.74,1956,1880,1658,7438,15719,48557,17337
2022,9,1,63931,47226,36005,18807,93871,2770.1,1159,3323,1286,8984,16914,40742,45274
2022,9,2,94158,93542,98932,40997,87834,2770.1,4501,2459,3988,9635,12172,26325,49876
2022,9,3,42945,64053,33085,91149,96125,2770.1,603,1406,1822,6607,95212,39089,31642
2022,9,4,71881,92724,22413,93871,73563,2770.1,964,4071,1527,6247,25067,24360,26634
2022,9,5,16123,49570,28172,41464,45557,2770.1,4140,4852,1506,7224,12352,16872,40344
2022,9,6,48866,2956,9631,44085,29563,2770.1,4525,2794,3917,7782,28016,15354,21195
2022,9,7,98572,45333,87903,51451,61580,2770.1,2162,2702,2006,5494,35517,14312,29322
2022,9,8,77030,19658,78356,97778,36882,2770.1,1001,2098,3663,5118,62535,39578,40709
2022,9,9,61826,12061,73725,92095,83999,2770.1,2277,3922,3425,6531,66724,25005,1742
2022,9,10,62206,58888,19060,57448,95574,2770.1,950,2602,4233,9306,86732,27466,4577
2022,9,11,16367,34086,29565,26382,74718,2770.1,959,2894,1034,6036,61341,20862,8452
2022,9,12,74130,89971,36137,37555,6503,2770.1,2559,1094,1748,6502,58858,14652,2862
2022,9,13,52547,89810,46276,43132,15468,2770.1,597,3185,2093,5494,74566,16334,33008
2022,9,14,8614,56879,27409,45478,12915,2770.1,2692,3395,1302,8828,40949,17926,5102
2022,9,15,38042,3510,2986,16142,1480,2770.1,4814,1542,3004,6090,13509,49823,11844
2022,9,16,85450,84108,48009,68895,622,2770.1,3408,1182,2157,6606,87416,25071,38928
2022,9,17,92271,70109,44819,87343,5289,2770.1,1620,3330,1266,9220,75823,23460,35768
2022,9,18,2802,65639,93839,87158,18081,2770.1,3333,4881,2806,7693,88776,16864,7348
2022,9,19,6621,48537,50367,18778,35706,2770.1,830,2976,2890,5018,31670,29530,37783
2022,9,20,7139,53292,89213,12767,94249,2770.1,1226,3401,2026,6416,18198,15106,15037
2022,9,21,70117,3893,1340,77923,87938,2770.1,2702,4558,1782,6146,29687,40709,6468
2022,9,22,90851,6241,18686,15093,27611,2770.1,4622,1100,3647,7680,63867,14247,1458
2022,9,23,15224,16446,27650,62250,62863,2770.1,3707,4330,4804,5046,27252,10994,44561
2022,9,24,51515,46307,63652,22871,99375,2770.1,3579,1576,1872,8617,21668,19796,43340
2022,9,25,98974,82644,10995,18973,32831,2770.1,3219,3053,2658,7014,10302,36872,41214
2022,9,26,5429,70362,36203,70233,31760,2770.1,4326,3273,1113,5964,22495,25488,29808
2022,9,27,12669,36076,48417,44952,84693,2770.1,4845,1718,4080,8794,18989,15350,20086
2022,9,28,23405,68561,66316,31063,45782,2770.1,4287,2561,3330,7974,54146,45089,26618
2022,9,29,50297,93473,94716,76411,96450,2770.1,3250,1910,3285,6666,70421,17346,17211
2022,9,30,53104,75267,54347,38536,7458,2770.1,900,2213,3248,6760,78276,16146,39688
2022,10,1,28916,87943,79412,99405,42089,3217.06,1053,1912,4216,8815,48362,11142,24502
2022,10,2,77066,73833,56065,60084,60606,3217.06,4539,1754,1092,8074,59681,20779,26746
2022,10,3,24873,6896,45380,47985,1524,3217.06,4066,1782,3703,6964,46194,12143,15761
2022,10,4,17979,28600,64057,3547,87415,3217.06,1325,1672,3954,8741,57267,29559,28771
2022,10,5,5487,86807,15432,2931,54881,3217.06,3710,1104,3360,5441,44089,16235,41466
2022,10,6,1203,8156,63026,54906,51633,3217.06,2048,1936,4171,7456,89509,15884,25572
2022,10,7,76227,12187,55122,95181,90928,3217.06,4740,2766,1102,6523,15696,36778,12389
2022,10,8,97989,5759,82884,12701,41201,3217.06,3935,2402,1086,8312,13659,12474,26973
2022,10,9,33885,97060,89075,88056,44517,3217.06,992,1494,2122,8974,15923,14402,44937
2022,10,10,29854,7016,27169,45400,13539,3217.06,2178,2879,3623,5682,40579,39823,42865
2022,10,11,58386,85868,48578,9865,94180,3217.06,4327,3063,4295,8402,16118,15274,12237
2022,10,12,29691,78464,40907,36813,95929,3217.06,1214,2134,1638,8382,87533,10086,23182
2022,10,13,37600,36064,37966,86223,83829,3217.06,2397,2213,4412,7862,68429,17192,28546
2022,10,14,19563,97758,3008,78858,32512,3217.06,4021,2201,3940,6279,15365,26221,35478
2022,10,15,29461,66581,68356,26009,61315,3217.06,1094,1090,4656,6742,17839,16978,22241
2022,10,16,68958,10237,50699,49722,67563,3217.06,4664,2124,4588,7671,82334,32099,35480
2022,10,17,63150,97708,60653,93442,53987,3217.06,4662,4798,3950,8748,25806,36616,26019
2022,10,18,76611,78253,51883,1267,68665,3217.06,4750,2621,4958,6800,14806,13872,19722
2022,10,19,12281,28360,67350,78221,72383,3217.06,650,1883,3742,7324,45325,17728,16036
2022,10,20,13343,81340,33879,88645,85710,3217.06,532,2319,2936,7143,79937,13212,9685
2022,10,21,46865,89688,60575,43175,82841,3217.06,3399,1030,3980,6054,89692,31362,14270
2022,10,22,56784,50013,49599,36878,3690,3217.06,957,3383,2614,9680,22028,28323,44924
2022,10,23,64520,47290,56995,18808,40785,3217.06,826,4000,2971,5983,63527,25811,3284
2022,10,24,66605,86927,37284,75585,94027,3217.06,3298,2161,3340,9248,16182,13381,43328
2022,10,25,34172,91348,46765,43139,96183,3217.06,2813,1412,2433,9626,95860,23217,18793
2022,10,26,64444,21270,93571,7415,23605,3217.06,4577,1560,1530,6434,98496,20753,7098
2022,10,27,46541,88147,37915,56233,27396,3217.06,4613,1566,4651,5468,21056,12185,8305
2022,10,28,1523,58871,39239,50308,70031,3217.06,4877,4473,1367,6904,58240,46323,35099
2022,10,29,6897,24170,2884,67272,43735,3217.06,3024,1626,4526,9190,79210,16921,1380
2022,10,30,66947,65176,94840,16598,97905,3217.06,3782,1566,1118,8020,66086,11148,15897
2022,10,31,69471,5964,11974,25839,39411,3217.06,3513,1306,4383,5618,29929,17906,20214
2022,11,1,67954,61096,48655,76596,40306,1970.93,3541,1950,1767,6490,13566,18040,31928
2022,11,2,71625,19164,134,5997,1602,1970.93,942,2564,4606,7656,63326,26172,27634
2022,11,3,56171,9633,86908,97568,55914,1970.93,1695,1814,2471,6838,16813,18266,41377
2022,11,4,3630,76707,64609,96749,53197,1970.93,763,1172,4859,9022,47168,21460,34345
2022,11,5,16234,38987,45377,5841,56644,1970.93,3364,4165,4686,5271,43084,40599,8703
2022,11,6,26648,16132,30818,45471,37834,1970.93,4598,2815,1386,5558,54563,10236,13983
2022,11,7,86255,76680,51409,6115,15280,1970.93,3926,1513,1098,5655,53705,26910,14929
2022,11,8,14358,52070,72428,65397,37341,1970.93,995,1386,1642,6340,25809,35828,15512
2022,11,9,67148,46760,43644,7837,32318,1970.93,3072,3571,2589,9481,41037,22869,14559
2022,11,10,762,1317,70735,71029,6972,1970.93,4290,2680,2860,6717,12334,46552,40792
2022,11,11,18581,75425,26892,66576,78590,1970.93,2403,1482,1632,9622,53572,14480,19053
2022,11,12,26957,87998,83052,34547,73831,1970.93,3767,4591,3109,9012,45620,31432,40442
2022,11,13,85293,76263,35465,94505,79333,1970.93,1056,2912,1298,8608,64487,17822,38542
2022,11,14,53352,33243,70995,85515,61993,1970.93,4994,3949,3916,9397,39847,11014,24568
2022,11,15,6191,29967,77338,64300,90820,1970.93,2083,1111,1924,7548,86967,11256,39310
2022,11,16,52442,44376,9169,82759,45027,1970.93,1664,3377,4602,5326,16182,12830,40009
2022,11,17,3578,50238,6897,32494,99635,1970.93,1591,1660,3061,8929,70124,15478,13096
2022,11,18,84591,48561,92696,16515,46109,1970.93,4122,3549,4037,9643,81307,19063,29663
2022,11,19,76004,89324,83793,15606,68334,1970.93,3552,1911,1258,7318,20756,17142,34036
2022,11,20,19896,72349,72436,29309,17630,1970.93,4540,3571,2472,8970,51438,14350,8913
2022,11,21,1898,95561,52130,42287,65204,1970.93,2701,1206,4111,7845,73164,14898,33437
2022,11,22,28233,6717,95708,78857,63518,1970.93,944,3412,1382,7902,12721,39145,16465
2022,11,23,76815,58614,57717,84287,80850,1970.93,4218,4098,4715,6347,41385,19918,9155
2022,11,24,56136,85439,27478,95247,29637,1970.93,2691,2868,2357,8398,53077,37226,1294
2022,11,25,31215,14897,86992,36379,32799,1970.93,523,1940,4677,9592,26603,11062,16065
2022,11,26,58747,80823,70978,79814,87170,1970.93,1084,4657,4152,7132,54903,10140,28715
2022,11,27,10555,57595,18010,34264,72346,1970.93,1490,3559,2334,8481,56290,11942,37439
2022,11,28,24546,48166,93802,99223,97758,1970.93,1101,1504,1227,8342,36317,19022,20406
2022,11,29,70793,18754,64406,1297,12315,1970.93,1437,2868,4607,5798,57132,31952,35662
2022,11,30,83237,94975,1865,1923,3456,1970.93,4758,4352,1319,7130,59926,16338,8155
2022,12,1,31028,76934,1545,89458,29603,2708.55,1601,3356,3402,7898,60670,39063,22645
2022,12,2,55688,99892,48671,51486,73376,2708.55,1073,3349,3839,9347,88156,13996,46976
2022,12,3,39106,48861,29665,2666,8787,2708.55,2982,1166,2026,7094,45623,13268,33742
2022,12,4,43524,38578,4986,46926,16476,2708.55,2340,3514,3250,7362,39999,21625,32008
2022,12,5,30690,7425,56327,79529,76772,2708.55,2873,2228,1046,5086,51246,34833,10835
2022,12,6,82632,70581,91000,9659,91460,2708.55,1287,4982,1551,7624,98259,24378,2975
2022,12,7,69632,16952,12893,84235,666,2708.55,859,1355,3019,8538,10883,19790,19244
2022,12,8,5725,13758,18372,31772,62648,2708.55,2956,1142,1646,7920,54936,48008,19618
2022,12,9,43282,37576,99343,51186,25200,2708.55,1915,1183,1818,9626,95417,31570,47602
2022,12,10,90404,67629,62926,83424,12519,2708.55,4565,3243,3917,7936,66366,16564,23809
2022,12,11,73906,49323,28196,30456,39630,2708.55,4815,4262,1424,8326,50447,12258,33132
2022,12,12,91760,42364,73442,39017,63524,2708.55,586,1142,4191,7032,53701,31709,35211
2022,12,13,23672,39620,16305,43942,43908,2708.55,1857,4165,3344,5052,64620,37973,32671
2022,12,14,38185,75788,87237,75244,69946,2708.55,3853,3057,2750,7295,17073,26273,4036
2022,12,15,28858,87660,62905,98049,37523,2708.55,1110,2545,1224,9686,21486,16484,16606
2022,12,16,11438,48345,50650,59782,3397,2708.55,4107,2932,2408,5402,49527,27354,31622
2022,12,17,21731,3382,55412,34482,47029,2708.55,2106,2237,2847,5110,90286,46721,38837
2022,12,18,22969,2749,24267,95545,31515,2708.55,2028,2951,1826,5364,19085,30197,12106
2022,12,19,94299,83193,4483,1708,50888,2708.55,836,2617,3742,7176,14206,37122,20362
2022,12,20,56013,34206,29361,48860,24216,2708.55,1932,2183,3746,6198,42728,20260,35999
2022,12,21,98304,71109,29565,25105,33787,2708.55,1654,3084,3193,6136,46143,49080,48650
2022,12,22,46498,41557,71698,36593,25085,2708.55,3714,1096,4353,9426,46307,19920,45149
2022,12,23,55425,58240,33457,10523,10791,2708.55,2135,4093,3644,6699,50550,47430,42537
2022,12,24,91701,22205,41868,39894,98341,2708.55,660,1189,1848,6758,14133,21003,4363
2022,12,25,38523,87849,68453,84228,23627,2708.55,500,4051,4351,7922,11860,19318,31112
2022,12,26,96493,3061,25587,76489,29760,2708.55,3919,2811,3340,8582,94056,13032,26137
2022,12,27,36501,49382,90575,98772,92757,2708.55,1127,2630,2555,9168,48210,32534,4708
2022,12,28,2043,18711,11586,91394,22667,2708.55,2886,1030,1152,9825,11998,16682,17511
2022,12,29,42314,2270,20847,40655,50760,2708.55,758,2260,4284,9942,19134,23392,14903
2022,12,30,65321,88511,37375,74228,59442,2708.55,1761,1484,4294,9406,69229,43312,35585
2022,12,31,68562,77117,78823,5485,43294,2708.55,3518,1222,1598,9364,42612,26554,7174
2023,1,1,12652,80167,4904,89616,82550,1565.94,4935,1060,2021,5515,46853,17606,44648
2023,1,2,68629,8338,38253,3328,77568,1565.94,1888,1035,1739,7372,14328,17526,31566
2023,1,3,82243,16287,26060,91608,58900,1565.94,874,2902,1962,6286,77517,48032,18966
2023,1,4,31777,48806,85445,63798,94321,1565.94,2755,2948,1280,6008,66275,34554,32299
2023,1,5,33926,54516,5590,27017,48240,1565.94,2281,1958,2556,9692,22089,27807,36270
2023,1,6,5010,54316,15710,20493,91445,1565.94,4876,3220,3383,5286,87017,10842,9579
2023,1,7,68972,1126,15653,25959,53486,1565.94,513,3762,4147,6102,30778,17386,48280
2023,1,8,18725,74412,64221,87633,60456,1565.94,888,1816,1976,7500,18534,48420,2662
2023,1,9,57079,53538,87993,15463,73859,1565.94,4517,4181,2487,6521,85139,45972,41363
2023,1,10,14802,45653,66087,301,28108,1565.94,2686,1831,2628,8259,34463,48083,46865
2023,1,11,921,66255,46253,57898,13755,1565.94,2669,2184,2097,5366,10614,42307,48561
2023,1,12,2025,3517,67841,10864,20038,1565.94,3187,1190,3632,9273,51490,43091,2981
2023,1,13,36138,85530,89923,40118,83789,1565.94,4553,4708,1991,6510,58957,37097,40738
2023,1,14,15718,81628,24283,34168,8642,1565.94,1474,2017,1796,5406,37880,33186,43281
2023,1,15,63648,11068,34377,78632,50341,1565.94,1723,2829,1396,6610,59299,21536,35868
2023,1,16,68736,63853,56245,75727,14658,1565.94,4176,1526,3181,6926,64541,38174,31555
2023,1,17,13091,7369,65192,59888,18036,1565.94,3073,3034,4138,7612,76665,30830,3072
2023,1,18,79669,98389,12,67417,26387,1565.94,618,1038,3162,7901,87199,16714,9311
2023,1,19,59456,16376,84547,88989,86186,1565.94,2162,4276,4159,9442,75515,23546,15440
2023,1,20,95425,34941,21581,25915,28742,1565.94,3096,4762,2986,6224,17070,39372,48247
2023,1,21,98771,63836,50846,38285,91737,1565.94,2456,1191,1554,6718,56531,23310,4398
2023,1,22,75146,83694,88939,64306,76047,1565.94,2851,2822,1500,5784,13736,44486,14454
2023,1,23,24031,53185,85601,53369,92644,1565.94,2741,1413,4318,9938,29698,16054,44132
2023,1,24,14336,38507,33598,1461,31861,1565.94,1122,2005,3821,8950,87662,16219,40129
2023,1,25,60866,91867,54042,76611,17651,1565.94,2448,1680,2313,6108,95048,29956,34130
2023,1,26,33533,4142,21371,7851,80433,1565.94,3904,1119,1862,7716,12579,16582,17421
2023,1,27,13982,3702,61144,4155,114,1565.94,756,1966,2024,6198,37588,24674,15159
2023,1,28,24896,75038,32707,62209,14439,1565.94,2164,2970,4600,9886,72172,45032,44107
2023,1,29,97307,46077,56152,19585,86282,1565.94,3722,1078,1158,9814,20768,10510,35084
2023,1,30,16377,7494,66229,89753,48260,1565.94,4426,3154,1558,7132,35362,42348,20170
2023,1,31,57591,43879,90319,22191,73766,1565.94,3574,2423,4918,9726,14026,11199,12491
2023,2,1,80731,27814,46298,48301,64934,1470.04,4676,2426,4128,8866,20685,20649,1548
2023,2,2,35207,10192,98560,48691,61906,1470.04,1281,2135,2577,8471,95900,26419,40908
2023,2,3,12047,99677,51338,68125,6685,1470.04,4285,3766,3053,5582,52067,37986,28889
2023,2,4,23483,33096,76765,73963,3877,1470.04,4611,4082,3992,6350,87773,18062,13802
2023,2,5,84078,94055,24385,48007,38878,1470.04,4425,2275,1313,8486,35399,18708,36638
2023,2,6,37355,61037,63116,60408,32972,1470.04,4745,1453,4630,6066,30415,34858,31535
2023,2,7,55311,91379,23941,95655,50901,1470.04,2903,1329,2119,9178,99335,27349,28066
2023,2,8,58925,73761,60977,11590,32227,1470.04,938,4580,3764,8118,29987,13480,12729
2023,2,9,81941,11085,79541,62923,52594,1470.04,2780,4255,2685,6914,36261,34937,9956
2023,2,10,16139,34165,36267,54611,72804,1470.04,1959,3080,1436,5880,59669,15888,35602
2023,2,11,5664,30609,27520,95781,81015,1470.04,2515,2954,4942,8254,25877,15578,23859
2023,2,12,8364,90010,94495,42402,78083,1470.04,2338,4221,1271,7220,48831,16330,30756
2023,2,13,15559,97143,2156,57625,6430,1470.04,1915,3445,3784,9435,24225,39798,11825
2023,2,14,49646,43093,52754,50941,25149,1470.04,4827,4864,1343,5674,17244,29426,44983
2023,2,15,46430,35956,73648,27702,15913,1470.04,3128,1471,1954,9366,10904,42401,38831
2023,2,16,78460,37363,87199,3597,13150,1470.04,3394,2795,4516,5008,13735,46016,11424
2023,2,17,73834,34915,62233,75178,50589,1470.04,955,3370,1805,7702,41071,22717,20850
2023,2,18,99785,39200,70541,52109,55835,1470.04,861,1300,4702,8060,54241,42851,42340
2023,2,19,9484,63989,21999,80352,26488,1470.04,2720,1314,3352,9914,91850,20292,2086
2023,2,20,25803,62806,83663,48960,23760,1470.04,3028,3543,1166,9852,92003,19830,24734
2023,2,21,67261,2865,19469,96963,925,1470.04,1166,1760,4049,9042,14232,30537,40062
2023,2,22,46603,99832,97211,66307,71137,1470.04,1598,1938,1865,8662,45897,41976,39061
2023,2,23,61347,50278,31872,57984,25199,1470.04,1805,2459,1738,6273,11556,44015,23875
2023,2,24,36336,78292,70776,90385,72809,1470.04,2273,1534,1718,8976,16614,31558,44239
2023,2,25,89896,38667,94849,58113,58928,1470.04,774,1626,2374,7866,94609,32573,7098
2023,2,26,22186,21415,41385,65277,84041,1470.04,4291,1530,1826,6418,27111,14609,47158
2023,2,27,7009,14386,50372,33783,98869,1470.04,690,3764,2457,6540,63228,32737,2440
2023,2,28,99990,13318,19364,7365,11629,1470.04,1289,3814,3090,8060,99090,17110,30325
2023,3,1,24734,72506,19336,21152,15970,2501.1,4511,1446,1344,8294,45574,19458,33945
2023,3,2,9987,50691,76917,52880,13920,2501.1,2868,2236,1502,7734,55216,42044,26006
2023,3,3,32874,89031,10135,46899,4473,2501.1,4433,4205,1122,7546,66708,17091,12266
2023,3,4,94066,27573,13798,94733,5867,2501.1,4191,2204,1142,8926,85083,23981,9373
2023,3,5,33465,37953,67570,28833,14537,2501.1,2228,2410,3168,7362,10660,48993,39139
2023,3,6,75980,51446,94551,43455,95215,2501.1,545,1272,1534,8696,11926,27401,27612
2023,3,7,68,64555,75958,10130,22014,2501.1,936,1938,1410,8778,10726,29881,11042
2023,3,8,73523,4242,93644,18044,1605,2501.1,2036,3935,2101,7938,37389,33667,20657
2023,3,9,71902,64288,89299,93437,4983,2501.1,837,1878,1146,6304,31530,17878,39663
2023,3,10,74189,81994,80764,5886,32731,2501.1,2118,1252,2018,5762,40647,19974,47778
2023,3,11,66419,24036,13911,54872,1975,2501.1,3539,1886,1182,7837,83664,36920,1300
2023,3,12,33852,4502,41970,20773,34001,2501.1,1058,4540,1845,6821,30425,20927,23501
2023,3,13,40951,82545,43533,42970,44659,2501.1,2943,2428,4567,6853,82299,26541,34180
2023,3,14,44506,20839,33121,76444,65029,2501.1,3364,1918,1286,6770,52355,21638,16785
2023,3,15,61538,98414,96180,49736,41588,2501.1,662,2537,1010,8886,41858,20158,26605
2023,3,16,14727,4803,13939,39294,98008,2501.1,2186,3864,3428,5306,51660,14808,46239
2023,3,17,32092,81377,46393,69730,53062,2501.1,1367,4599,3513,7806,80686,10210,48748
2023,3,18,80504,67701,53990,6004,98248,2501.1,2514,4325,2002,6452,84970,31361,45849
2023,3,19,19043,83509,90227,52472,15167,2501.1,3631,3609,3262,8438,49690,42675,41887
2023,3,20,45124,7411,23627,58637,61309,2501.1,3736,1811,2013,8164,64167,36612,4313
2023,3,21,79926,56682,15938,96928,79486,2501.1,4641,3528,1544,9744,67351,15933,1826
2023,3,22,93106,67335,79544,16368,97359,2501.1,4042,2481,1643,5348,17469,47952,29234
2023,3,23,53334,31206,56116,41699,31635,2501.1,3310,1560,3315,9734,24839,22801,20283
2023,3,24,77859,69481,87682,78626,20700,2501.1,4559,3804,3718,8214,46523,19494,21385
2023,3,25,19688,71919,11262,56332,20940,2501.1,635,4272,1287,6750,15971,15854,28731
2023,3,26,47034,60634,35835,40349,21234,2501.1,4501,1802,1506,7078,94069,33557,27026
2023,3,27,4919,88629,97363,43638,79083,2501.1,2417,3769,1616,7368,71452,12406,43886
2023,3,28,68762,42088,27368,45050,68839,2501.1,4323,2223,1675,5157,88923,24260,9691
2023,3,29,82183,18426,89705,45041,51960,2501.1,4950,3230,3753,9278,33219,34187,33774
2023,3,30,2550,45637,99309,34706,85668,2501.1,2799,4429,4200,6102,15830,14390,20762
2023,3,31,7561,85154,46614,44237,6663,2501.1,3496,1638,1286,8200,66589,38625,35538
2023,4,1,11540,11856,97079,70204,45075,2222.33,4104,2063,1926,5462,92730,17687,31266
2023,4,2,44314,47160,13240,75832,79342,2222.33,3392,1702,1200,7970,15470,42484,27631
2023,4,3,62477,9058,29151,87030,91999,2222.33,718,4889,4631,8785,12898,41058,17777
2023,4,4,6403,95549,48122,3329,52063,2222.33,2367,1375,4363,9862,88558,16886,40852
2023,4,5,44590,88303,80904,51537,32283,2222.33,4021,1111,1446,6352,98140,17430,34764
2023,4,6,90948,93495,38412,86932,18632,2222.33,4341,1398,1756,9878,28362,17646,44856
2023,4,7,49666,15731,21546,70381,32690,2222.33,884,3630,4758,5390,45166,13392,26456
2023,4,8,52456,39188,74504,62629,78712,2222.33,1150,1010,3842,5914,72941,17473,38996
2023,4,9,80770,33635,42508,53878,26097,2222.33,2695,2114,4304,9622,62494,16014,37223
2023,4,10,27049,32932,61976,58159,624,2222.33,1550,3079,2681,9654,32059,41392,7142
2023,4,11,1402,29562,27403,244,65476,2222.33,4069,2597,1350,6576,16474,42779,16697
2023,4,12,63799,95523,84894,99455,96115,2222.33,1447,4514,1671,9774,97672,13646,47388
2023,4,13,36917,19224,83078,99598,47982,2222.33,989,4382,1050,9496,65978,42877,31489
2023,4,14,1440,48,21827,51771,92976,2222.33,901,3126,1470,5794,72580,12641,4654
2023,4,15,9534,40381,2157,22557,70155,2222.33,1203,2070,1642,9280,23019,33384,49829
2023,4,16,50770,80361,32768,28172,65105,2222.33,2400,1543,1222,9227,34665,24471,15098
2023,4,17,63881,11919,97598,30408,57713,2222.33,3048,2246,1126,5204,12318,47064,20179
2023,4,18,95034,42358,4136,30437,61639,2222.33,3821,3759,3867,5890,73282,38971,43507
2023,4,19,78038,60683,71867,9534,86262,2222.33,722,1198,4802,7954,80548,17744,22885
2023,4,20,34485,89950,92466,45043,85154,2222.33,3458,1558,1964,8945,26975,18967,48620
2023,4,21,22453,40797,47727,46320,20089,2222.33,1642,4477,3042,9860,40362,34304,21009
2023,4,22,62745,90719,50798,13900,38673,2222.33,2766,3156,2647,5231,34550,22800,31347
2023,4,23,13851,93010,19340,71180,71955,2222.33,614,1526,2110,8458,73429,23550,46315
2023,4,24,91585,25072,38028,89628,64933,2222.33,576,4028,4107,8710,57927,15570,28390
2023,4,25,88779,97046,97289,26426,12277,2222.33,4226,2479,1200,8565,30010,29506,48192
2023,4,26,14880,20158,56618,18342,90734,2222.33,3243,3670,1470,6270,18626,36402,30047
2023,4,27,91012,94933,96783,60119,36013,2222.33,4250,4791,3107,6186,67568,46736,21063
2023,4,28,46083,16795,55568,87283,1712,2222.33,3140,2942,2086,9757,67635,12820,35578
2023,4,29,36157,25879,11491,7627,38501,2222.33,770,4511,2423,7162,89630,29787,16140
2023,4,30,44577,90233,20931,29037,88124,2222.33,772,4205,1645,7691,37839,23357,38500
2023,5,1,70981,72652,21708,77090,40288,2686.06,3245,2517,2369,7038,21018,44860,34528
2023,5,2,81252,66882,38636,54767,72864,2686.06,4342,3096,4353,8378,51219,27852,18423
2023,5,3,70503,1778,49498,68194,39617,2686.06,2814,1202,1858,9521,16182,18497,39207
2023,5,4,40401,17284,17367,19122,38156,2686.06,676,1526,1618,8968,90524,44481,4737
2023,5,5,87391,6220,73930,26744,34598,2686.06,947,1452,3278,7270,12004,32894,25150
2023,5,6,26004,73812,9844,87862,79685,2686.06,2710,1436,1164,5558,55557,35671,13882
2023,5,7,94814,2243,21431,32784,71211,2686.06,2265,3601,4525,9622,13638,19123,28307
2023,5,8,42696,72645,90576,85974,9442,2686.06,3868,1806,1736,5063,23306,32772,46573
2023,5,9,8945,62369,19210,40109,2446,2686.06,2132,3611,4713,7134,46394,30923,41119
2023,5,10,91869,90012,55877,42747,7559,2686.06,1869,1042,1806,8796,52579,39658,7574
2023,5,11,31721,37800,75103,34809,32863,2686.06,2581,1806,2129,6294,98266,45926,14761
2023,5,12,60613,40399,25890,70326,20313,2686.06,2601,3533,3647,6964,71279,36205,38637
2023,5,13,81051,99501,52812,27620,34649,2686.06,3629,1368,4541,5084,17529,17520,21743
2023,5,14,89845,51463,66914,83326,4605,2686.06,604,1568,1930,7845,68246,42242,15180
2023,5,15,26482,35848,87128,21482,59325,2686.06,2686,1727,2906,6849,84346,17822,8407
2023,5,16,14944,84329,75276,90837,59413,2686.06,4591,1226,1246,6504,65286,31574,9157
2023,5,17,31685,60891,63143,69967,15088,2686.06,2208,1569,3587,9336,63050,42912,31389
2023,5,18,74095,87089,99640,48354,80291,2686.06,2259,1934,4665,8886,86070,44077,1382
2023,5,19,58043,2014,9687,18661,68519,2686.06,966,1554,2214,9729,86520,33653,24973
2023,5,20,27470,15081,25223,11058,30769,2686.06,3969,4863,1713,9960,53216,22003,4625
2023,5,21,70298,26828,83589,54964,75715,2686.06,794,3756,3024,5750,68769,13094,36011
2023,5,22,32755,69004,73097,1321,65085,2686.06,4974,2554,1048,6582,14474,21817,25969
2023,5,23,31174,73933,43033,22887,43893,2686.06,1241,1092,3075,9518,14918,15141,46249
2023,5,24,97193,17250,48899,85217,58680,2686.06,1758,1434,3022,9718,18222,18107,17668
2023,5,25,23527,94081,77014,14575,20630,2686.06,2743,1802,4556,5775,91040,14800,30625
2023,5,26,8376,2282,45342,47804,13463,2686.06,2944,1318,4447,8194,12222,39478,47199
2023,5,27,62214,70333,47265,81589,1539,2686.06,1047,1416,1834,6130,55991,21080,6372
2023,5,28,23685,25087,39235,94593,20863,2686.06,4392,1188,2555,9476,93392,12370,30275
2023,5,29,18284,72690,89377,99083,884,2686.06,3561,3097,3283,5825,61037,12358,1600
2023,5,30,42197,27085,47591,9001,70145,2686.06,1432,1510,3668,5667,19118,15882,3582
2023,5,31,65942,30517,11472,14850,1602,2686.06,3571,4885,3905,5904,18967,44788,21217
2023,6,1,57529,74238,89183,59707,35275,1936.73,3254,2358,4298,7254,32502,12880,11709
2023,6,2,40040,59035,7901,75707,63807,1936.73,2999,4322,2957,5706,12276,39173,40135
2023,6,3,82772,32162,33079,65720,51129,1936.73,2969,1206,2104,8503,17222,14954,27868
2023,6,4,212,19322,16090,59511,62929,1936.73,3742,4319,3978,5998,95025,16578,14945
2023,6,5,69481,53025,14812,87438,42226,1936.73,1611,4996,4248,9689,14144,26729,27088
2023,6,6,3909,6390,68091,22366,11245,1936.73,1096,2808,1182,8537,14710,34110,35510
2023,6,7,89834,42413,19782,30165,21759,1936.73,4301,1238,4183,9112,95027,42760,14807
2023,6,8,92553,21639,84109,68153,81329,1936.73,4881,1588,3917,9323,23953,25161,7529
2023,6,9,64833,50,69322,86016,8588,1936.73,1477,3420,1755,6259,28584,14082,22992
2023,6,10,37418,79238,61104,37953,44703,1936.73,712,2254,4121,9652,10822,41801,6132
2023,6,11,72350,16641,93391,2619,12316,1936.73,4131,3500,2393,6916,79515,42332,17344
2023,6,12,86445,82345,57105,18201,4956,1936.73,3065,3725,1278,5521,96677,42332,2042
2023,6,13,21653,93743,95939,15774,74916,1936.73,3927,3616,4337,7317,66234,46652,1346
2023,6,14,34661,26718,56505,68406,40171,1936.73,737,2967,4716,7842,77519,12056,36020
2023,6,15,69884,65585,14749,67514,31106,1936.73,4846,4109,2872,5784,19910,12787,27779
2023,6,16,23482,25163,76404,74171,42480,1936.73,2175,3491,1422,7368,61897,42229,8990
2023,6,17,46052,72635,85197,97120,56829,1936.73,3142,1711,4651,8496,10577,25757,12716
2023,6,18,28374,36776,61219,66246,58912,1936.73,4032,2393,2615,7178,72915,46446,12454
2023,6,19,30777,10091,39939,32835,20123,1936.73,574,1173,4469,8598,79644,31298,1836
2023,6,20,39327,49139,74362,83979,33382,1936.73,1087,3106,3065,7305,60703,46977,1291
2023,6,21,16112,39736,95723,3727,27875,1936.73,1525,3650,1430,6463,91485,15202,18638
2023,6,22,24651,82901,97728,15472,43161,1936.73,3121,3838,2861,7483,82816,42595,43724
2023,6,23,38774,75256,70702,93192,28914,1936.73,702,1078,2492,5890,65102,15367,31406
2023,6,24,70880,31628,90370,65960,38091,1936.73,2513,4092,1107,6398,94564,40619,48207
2023,6,25,5316,57686,39458,48178,95169,1936.73,772,1206,1934,7825,43485,18302,38627
2023,6,26,59231,50006,4171,63076,35896,1936.73,3442,3126,1810,5163,10886,10696,19274
2023,6,27,99723,2952,34436,80830,30897,1936.73,2800,2563,3037,7228,17092,14557,29000
2023,6,28,48588,74217,64852,78822,2043,1936.73,4319,2624,4693,8490,40699,26940,24689
2023,6,29,44116,35494,50068,61368,37010,1936.73,1710,1731,1160,7498,33912,22056,21858
2023,6,30,12850,71713,90973,15887,65322,1936.73,898,1074,3633,6618,18174,17027,8065
2023,7,1,63402,94652,43734,38244,51704,1699.61,2358,3548,2093,7462,56909,17910,20675
2023,7,2,76789,93641,16463,60639,27553,1699.61,4840,1242,1696,8342,97290,20259,38520
2023,7,3,52523,27552,68893,80523,52986,1699.61,3210,2738,1923,6600,70982,14978,35920
2023,7,4,80322,69693,68527,33767,29771,1699.61,4068,2911,1742,5531,83549,29333,25437
2023,7,5,30403,73390,94950,76246,95469,1699.61,1504,4342,1142,5397,61216,39127,42240
2023,7,6,17669,10779,38219,14592,4075,1699.61,4569,4395,1006,8906,34514,41367,25553
2023,7,7,6237,93583,64279,41665,69114,1699.61,997,4515,3921,9226,75760,49389,14180
2023,7,8,40891,38618,30084,77034,54015,1699.61,2512,3034,3430,5910,18978,38856,7653
2023,7,9,46283,14900,39605,57880,95700,1699.61,598,1935,2700,9876,59952,36814,24119
2023,7,10,44056,97302,36330,97977,29601,1699.61,3717,1994,2059,5206,63876,37425,28443
2023,7,11,17806,46389,41812,52588,83472,1699.61,1444,1105,1388,8454,20336,21388,10790
2023,7,12,5167,35935,89677,89219,32163,1699.61,1032,1218,1929,8714,90546,42882,49629
2023,7,13,23509,70617,63374,90568,97122,1699.61,4344,1278,4989,6155,83865,39812,43602
2023,7,14,63298,91662,35919,55339,22710,1699.61,3078,4227,3541,5518,33446,40703,22607
2023,7,15,98735,75831,33274,62017,70897,1699.61,4898,4404,1586,9256,10654,24261,40173
2023,7,16,78225,62020,55540,84566,48176,1699.61,4378,2824,1066,6648,83162,20127,39405
2023,7,17,99255,26241,30708,24148,58996,1699.61,4851,4081,1335,8962,36097,43584,30506
2023,7,18,54649,7348,37989,81789,41971,1699.61,1049,1546,2683,6382,37464,32210,5665
2023,7,19,994,28195,10035,48412,54843,1699.61,3538,1822,4437,5597,94596,44784,43197
2023,7,20,46103,75800,68866,2439,90276,1699.61,1022,1276,2310,5942,43064,20633,4964
2023,7,21,56027,49115,23532,90063,27055,1699.61,2272,3047,4189,9258,92810,10383,10996
2023,7,22,75504,27702,30833,11293,93299,1699.61,1076,4401,3931,9894,58191,24206,41781
2023,7,23,79906,4214,1835,8568,20928,1699.61,552,1954,1490,9084,67016,15114,44900
2023,7,24,80080,55641,81820,85622,37948,1699.61,1004,4803,3682,6386,41095,11981,40982
2023,7,25,34969,47173,67735,68900,38467,1699.61,4458,3371,1490,7644,43290,17417,25926
2023,7,26,88896,38844,60724,99261,57928,1699.61,3032,4358,3380,9694,39979,37679,27740
2023,7,27,58537,2337,67483,77220,95525,1699.61,552,1845,3454,6582,32096,26920,24931
2023,7,28,15564,41555,61644,62054,85552,1699.61,4470,4446,3776,6518,90059,18055,4934
2023,7,29,34286,43092,72415,17666,10647,1699.61,1697,1078,2433,5531,62753,18630,28746
2023,7,30,80462,84658,6156,68916,74296,1699.61,835,4858,1158,7478,51911,31709,38252
2023,7,31,78765,81383,56156,22541,71577,1699.61,1948,1732,1324,5714,39879,32655,46215
2023,8,1,27929,18191,38246,83460,97296,2929.39,3921,3305,1142,9188,72600,24665,47556
2023,8,2,45025,62460,87176,18855,30723,2929.39,2618,2104,1392,6511,10742,15862,35237
2023,8,3,93460,22247,25969,55526,78478,2929.39,1336,1405,4517,9172,89864,13636,24976
2023,8,4,98489,70138,21471,34903,19327,2929.39,4568,1414,2881,6743,99556,14446,44071
2023,8,5,81981,13528,32061,39725,66391,2929.39,694,1201,2043,9446,31726,15520,48446
2023,8,6,77331,78063,88278,3200,78997,2929.39,694,3836,1976,7834,28739,10198,44494
2023,8,7,41906,38308,81012,31139,51403,2929.39,1094,4734,1798,9507,89458,43188,46920
2023,8,8,47953,65846,85742,51348,68200,2929.39,3219,1881,1882,6014,65081,14470,17468
2023,8,9,32342,91446,1067,13325,39281,2929.39,3633,2537,4464,8038,28675,35867,29806
2023,8,10,24269,79771,85602,67419,79278,2929.39,1959,3581,3609,5410,94928,41808,41413
2023,8,11,80169,44500,3691,8403,65996,2929.39,632,4688,1568,6698,28013,15848,35124
2023,8,12,62857,57999,13386,47321,85348,2929.39,4539,1944,3183,6002,93385,33812,8414
2023,8,13,9258,70345,93746,82867,33046,2929.39,4674,4565,4524,9442,37967,31871,5026
2023,8,14,29840,53600,46560,22761,86650,2929.39,4960,4505,3923,8346,13178,34270,24573
2023,8,15,43112,12718,60238,97647,30563,2929.39,1458,4819,1306,6250,22685,39716,19975
2023,8,16,46581,63713,19282,96105,24781,2929.39,4327,1954,3551,7158,93732,30200,23601
2023,8,17,81812,65045,96059,30735,49743,2929.39,1356,2853,3305,7945,90499,18868,9237
2023,8,18,27920,38310,25040,68239,79865,2929.39,4306,1444,2789,7184,38900,18921,14078
2023,8,19,83540,83228,56246,27091,74115,2929.39,2291,2277,1374,6708,12074,31116,49978
2023,8,20,78938,84368,73971,17243,42313,2929.39,1110,1583,2779,9270,71174,48995,14470
2023,8,21,75228,45481,25441,19369,55421,2929.39,4641,3959,1118,7166,66050,17574,30693
2023,8,22,27217,39694,43016,58591,9395,2929.39,4707,3331,1745,9974,11156,10828,46027
2023,8,23,10851,8037,91993,29982,35539,2929.39,3977,1540,4999,6222,46485,30419,13167
2023,8,24,51462,67479,35731,48086,28366,2929.39,3823,1174,2825,7382,30524,33571,18133
2023,8,25,7865,86584,71903,70962,16613,2929.39,1370,2463,1864,8363,57444,37402,27477
2023,8,26,47882,2774,64520,72881,73543,2929.39,4651,1356,4834,5382,89441,23200,11005
2023,8,27,23515,8266,95135,81341,70104,2929.39,4911,4320,3594,6342,65281,45206,25659
2023,8,28,46995,41653,89022,48859,26368,2929.39,1260,1210,1192,6302,63481,10982,12819
2023,8,29,78136,49485,96843,72970,54867,2929.39,2521,3381,2252,7655,76073,13708,2636
2023,8,30,49667,57337,8029,78261,10503,2929.39,4818,3848,2665,8840,22706,24032,39662
2023,8,31,91659,25319,80986,57250,76098,2929.39,4087,4232,1238,5929,43554,15169,10819
2023,9,1,56076,43551,72170,63732,35976,1497.23,4749,4663,1058,8732,20166,49919,35878
2023,9,2,64180,10367,47585,93020,33074,1497.23,1029,3391,3954,9272,50841,29772,37970
2023,9,3,3719,21426,90075,46001,64980,1497.23,917,1055,1230,9438,18358,17472,5244
2023,9,4,81669,47240,77137,91926,71601,1497.23,1844,1568,4020,9429,45151,23445,13655
2023,9,5,77399,62533,31838,12705,37164,1497.23,2476,1774,1850,5110,12966,35435,49031
2023,9,6,54147,10504,22843,85644,89942,1497.23,4468,1609,2571,6604,63535,25523,40333
2023,9,7,60259,71732,27655,631,27513,1497.23,4076,4910,1690,9090,17614,38853,39158
2023,9,8,21296,26443,46088,41751,25346,1497.23,3537,4491,4824,6379,81486,16118,49322
2023,9,9,23064,50955,37728,26987,13911,1497.23,2509,1050,4346,6516,91151,16858,17615
2023,9,10,35674,81580,38122,87364,3845,1497.23,1217,1491,3530,8656,83241,40227,22088
2023,9,11,4331,43132,19719,80507,25863,1497.23,1624,3926,4863,5702,75912,48773,17557
2023,9,12,34671,94775,89295,24017,41291,1497.23,2227,3315,3376,6830,80679,48572,46798
2023,9,13,140,73249,40064,15022,11905,1497.23,506,2586,2787,5302,13093,17310,39657
2023,9,14,8876,76070,73929,93739,76774,1497.23,3863,1444,1942,8157,51812,18608,16193
2023,9,15,11307,25392,11925,89683,53444,1497.23,4606,3583,2203,8238,68604,10459,8956
2023,9,16,679,23854,43047,99818,15172,1497.23,3467,1622,3560,8747,34136,25334,22492
2023,9,17,64941,43001,53131,25907,57510,1497.23,867,3816,1366,9143,74850,33777,4943
2023,9,18,98099,79458,53713,80302,40479,1497.23,2112,2508,2522,5366,57326,27693,22318
2023,9,19,22650,82146,18093,71211,80894,1497.23,2896,2185,2932,6026,17802,14422,18581
2023,9,20,70969,65311,70611,17655,54454,1497.23,2784,2551,2621,6014,49204,48100,11813
2023,9,21,10166,56318,71961,72688,22828,1497.23,1733,1938,2784,9660,33039,25029,45639
2023,9,22,69758,45936,87215,97691,11962,1497.23,836,4281,3320,6446,33288,44125,41658
2023,9,23,64611,67425,96678,22233,55273,1497.23,1684,1782,4902,8644,38125,15470,12234
2023,9,24,70636,21211,19560,98420,22388,1497.23,4800,2145,1237,6742,12384,19110,18951
2023,9,25,51376,22024,58832,24696,24822,1497.23,3821,4431,1800,7430,28015,31168,8472
2023,9,26,60436,64700,96607,95339,89697,1497.23,4420,1354,2294,8979,75102,44681,1084
2023,9,27,74282,31255,3179,5519,74621,1497.23,614,2000,2740,8342,50691,38913,25718
2023,9,28,48724,35865,94698,24619,17715,1497.23,2138,3149,3764,5096,89839,19634,22713
2023,9,29,36181,59260,86496,24827,64591,1497.23,859,3871,4203,5390,60741,33823,27950
2023,9,30,81108,25810,26171,28849,66062,1497.23,4113,1136,4077,8810,72106,13143,43214
2023,10,1,44246,41294,87992,29342,31133,2189.52,521,1744,1310,6699,71334,28599,14156
2023,10,2,58912,26559,4155,14302,87300,2189.52,826,3109,1008,9878,95522,23713,37978
2023,10,3,91075,26659,52791,19885,98765,2189.52,4111,3009,3579,8454,88703,21063,15935
2023,10,4,22610,70577,27808,23260,77277,2189.52,3210,2539,2052,9486,66840,29351,15495
2023,10,5,26694,78601,58813,57194,35562,2189.52,906,1635,2344,7414,62871,12461,20687
2023,10,6,82335,83336,71823,72266,91790,2189.52,3329,4399,1102,7488,54010,24730,10526
2023,10,7,52983,72222,77270,95035,10938,2189.52,738,2631,4061,5902,11176,24622,10462
2023,10,8,86590,8435,17610,83934,58483,2189.52,2746,2169,3816,9148,29434,21957,30482
2023,10,9,45095,22764,86357,92549,76605,2189.52,2278,4586,3940,9104,40973,39877,40368
2023,10,10,71361,81712,93861,10423,97614,2189.52,1396,4202,4822,5358,84488,18658,21389
2023,10,11,32192,97235,61827,12360,98156,2189.52,4316,3250,1534,5454,52150,13970,7613
2023,10,12,27393,69430,52919,56333,80329,2189.52,2561,1689,1954,5558,78463,11850,43892
2023,10,13,44163,96212,90123,73986,31570,2189.52,3642,3760,4549,6820,76119,10846,40963
2023,10,14,64433,60437,62307,11161,47462,2189.52,4492,4853,1974,7411,47537,30566,14458
2023,10,15,97655,76451,48608,89610,99225,2189.52,529,3387,1982,8042,33724,37555,43423
2023,10,16,92967,28719,67669,13868,85539,2189.52,1571,1322,1927,8878,93835,11990,10140
2023,10,17,9688,28328,75594,9926,32091,2189.52,1843,1097,1876,7242,35706,15157,39483
2023,10,18,15226,47588,74897,71212,65943,2189.52,506,1070,2338,9139,89127,39228,8621
2023,10,19,19279,5700,21904,72559,930,2189.52,3298,1242,1698,5244,20541,17730,15739
2023,10,20,21079,43737,54958,37012,15540,2189.52,3521,2117,1918,6844,18328,36896,7016
2023,10,21,68391,9800,12158,22081,85291,2189.52,1309,1852,3335,9564,93479,40616,1285
2023,10,22,15303,83130,51233,92072,48374,2189.52,931,4452,1862,8990,22815,13753,38126
2023,10,23,79256,91337,10871,66562,51107,2189.52,3458,4496,1430,7898,41576,40641,45552
2023,10,24,49604,19238,61563,72940,18802,2189.52,3555,1850,4522,9190,42527,19248,21394
2023,10,25,85618,59811,5053,17480,32052,2189.52,1233,2658,1122,8442,94220,36662,27868
2023,10,26,54007,14031,6159,9358,45998,2189.52,1350,1210,3324,8538,84891,17070,47735
2023,10,27,32010,14800,68934,2884,12292,2189.52,2131,2908,2622,7183,15388,19673,11461
2023,10,28,71404,12974,63685,6960,21429,2189.52,4973,1770,3286,6131,18454,10310,24257
2023,10,29,80218,83847,46236,63542,44463,2189.52,2019,1471,2278,7686,79354,40921,47480
2023,10,30,78765,17839,88830,66387,61374,2189.52,2412,4128,3542,6096,56087,21323,20570
2023,10,31,40353,82413,63111,44991,98544,2189.52,625,1958,4452,8212,75006,25266,30607
2023,11,1,73378,1738,84322,24330,97444,1519.93,4445,1633,4072,5832,93007,34641,25243
2023,11,2,4597,42136,34537,70693,14576,1519.93,2396,1987,1314,9574,11883,15927,22212
2023,11,3,84364,6997,46732,42576,98355,1519.93,3267,1732,3734,5186,96061,37529,21998
2023,11,4,24184,31860,19164,88256,17692,1519.93,4248,2287,1324,9334,18672,12742,28523
2023,11,5,62348,53080,98573,47669,25466,1519.93,3595,4828,3803,6678,68755,32157,10456
2023,11,6,48676,17023,3890,38762,65964,1519.93,1291,1498,3162,7254,94753,32205,16304
2023,11,7,90329,354,20845,77338,40491,1519.93,3922,2837,3254,7494,66858,25071,30176
2023,11,8,4302,80454,51252,38105,57133,1519.93,1613,2159,3381,6855,60921,35696,20007
2023,11,9,39511,3565,42195,4025,65371,1519.93,1229,1406,3652,6860,49387,10494,3300
2023,11,10,53601,28310,13333,53207,5804,1519.93,4629,1456,1995,5880,64560,15638,30191
2023,11,11,82239,67527,72640,51972,90734,1519.93,2667,1002,3476,9861,34267,35198,49913
2023,11,12,83161,36849,7249,53166,60274,1519.93,3659,1870,4945,6991,99783,40748,6636
2023,11,13,73534,94413,17206,66882,56645,1519.93,3712,1942,1995,5416,14422,22728,48118
2023,11,14,72616,94874,19324,26092,24736,1519.93,1289,4247,3142,8537,77412,33415,19943
2023,11,15,25174,41073,29993,10119,34416,1519.93,2218,4301,1088,6270,91182,13535,46128
2023,11,16,65246,24895,68771,47241,47599,1519.93,4969,1565,2201,5644,62657,28288,42329
2023,11,17,25588,40299,68889,48730,25189,1519.93,3497,1713,3724,9692,93183,38140,46301
2023,11,18,40970,26754,62442,97861,77530,1519.93,1396,2774,4869,6518,12742,17648,19976
2023,11,19,5199,42688,95386,8752,98333,1519.93,2040,3919,1044,9150,72648,22584,24395
2023,11,20,68581,21146,55650,72306,15988,1519.93,1797,3308,1938,9238,71168,19467,48833
2023,11,21,59214,98917,28594,70435,11787,1519.93,606,1984,2647,7343,25736,42331,34960
2023,11,22,48090,79129,16251,79134,1409,1519.93,3070,1340,2748,7448,74997,17480,5251
2023,11,23,72553,1795,48396,64491,7385,1519.93,628,1597,4832,5254,53384,46618,19564
2023,11,24,46566,15343,79956,40565,72686,1519.93,2895,1558,1171,9145,16259,18931,22044
2023,11,25,54397,84330,21624,97145,24402,1519.93,2231,3305,3415,5078,77795,11610,46622
2023,11,26,56542,44457,88750,7726,39711,1519.93,4344,2627,3827,5278,43192,12864,8486
2023,11,27,72695,76088,83639,90218,25234,1519.93,4148,1972,1931,6238,93125,41332,16251
2023,11,28,43745,81709,54638,42161,2335,1519.93,4312,1886,4592,6132,82953,15654,48785
2023,11,29,27900,53650,68283,1727,4301,1519.93,4591,1994,2561,9172,67211,29146,11475
2023,11,30,97184,92712,25128,14116,39835,1519.93,904,3579,4960,6437,42091,18646,18253
2023,12,1,6404,93875,84815,75817,93180,2426.48,3715,1828,1782,7206,51128,46576,16821
2023,12,2,2738,44475,50491,67319,28038,2426.48,4502,2100,4764,9948,76934,23016,29637
2023,12,3,66769,76866,39330,93206,18957,2426.48,4779,1711,3201,5945,33880,11380,7976
2023,12,4,52766,37596,24561,87869,75742,2426.48,796,3478,1514,5174,45797,30903,42041
2023,12,5,80924,26652,18004,85688,21621,2426.48,510,4740,3155,8778,97946,14234,44939
2023,12,6,38713,99078,65176,6914,85023,2426.48,4646,4139,3003,9206,58359,28744,49056
2023,12,7,1248,9157,7224,54114,26795,2426.48,854,2717,2375,6050,19522,33995,19373
2023,12,8,64311,51165,38736,52467,15549,2426.48,930,1234,3462,8910,93878,13966,3034
2023,12,9,56514,78525,23977,9517,4083,2426.48,3260,1681,2843,7370,75795,34638,32336
2023,12,10,31208,27165,58708,43583,96537,2426.48,3929,1704,1970,9017,29665,12294,34817
2023,12,11,18403,5596,38494,86866,63053,2426.48,1701,4565,1800,5486,29081,31329,32372
2023,12,12,79366,83695,53012,3561,45530,2426.48,3198,3089,2322,6526,53023,18858,28807
2023,12,13,98075,63306,29706,34055,28675,2426.48,1934,3428,2669,6982,50293,10722,25723
2023,12,14,89151,23348,96640,16398,20377,2426.48,2727,4741,1544,5974,19654,37648,42074
2023,12,15,45897,57853,97090,18219,87463,2426.48,2076,1888,1122,6278,35942,24796,16466
2023,12,16,25209,54230,54577,22879,11009,2426.48,4952,1342,4569,6591,16556,14945,4871
2023,12,17,55017,80636,81040,97136,81374,2426.48,1136,3621,4897,9164,78191,12360,1398
2023,12,18,81043,81621,64249,43517,31107,2426.48,4664,1314,2124,9241,79192,14484,16544
2023,12,19,10464,95497,30996,55033,8441,2426.48,4977,3456,4539,7368,60592,25913,47553
2023,12,20,18062,78081,85887,92960,92658,2426.48,1671,1974,1406,9114,33568,43156,14079
2023,12,21,85167,68234,49471,72291,57475,2426.48,1775,4289,1032,7770,39321,15303,45016
2023,12,22,81675,75651,28761,26215,9372,2426.48,3479,2432,3784,5806,36743,42793,5705
2023,12,23,34796,24767,82846,96846,77039,2426.48,694,2204,2008,5824,50847,24825,16415
2023,12,24,840,53975,59115,57703,88097,2426.48,3006,4771,1778,7094,12337,49808,48436
2023,12,25,73823,97169,43594,73959,67886,2426.48,1751,2681,1455,9597,15878,14845,30337
2023,12,26,82364,22233,93402,83363,78057,2426.48,3187,3895,3222,7316,52949,36319,44249
2023,12,27,32089,75956,72443,38878,44074,2426.48,3686,4247,3299,8631,16420,16184,1132
2023,12,28,95320,91310,85218,16775,57259,2426.48,1619,4621,4680,5021,39335,17736,1097
2023,12,29,85622,13875,12984,197,47528,2426.48,1515,1944,3240,5309,34844,18574,15933
2023,12,30,76441,89883,52914,91092,4866,2426.48,2275,1550,3779,10002,33311,26037,11119
2023,12,31,59942,64932,82011,99622,6305,2426.48,2357,1925,1571,6692,92121,15450,37698
