year,month,day,sales1,sales2,sales3,sales4,sales5,rent, employeePayment, electricity, gaz, vegetables, meats, otherIngredients, publicity
2009,12,9,42925,85107,37674,55934,21551,1488.32,3562,1559,2958,6088,69226,11358,26686
2009,12,10,92182,19059,99425,65760,72418,1488.32,2319,2117,2296,8380,31757,36981,17244
2009,12,11,29549,21513,85535,18553,72653,1488.32,4690,1162,1167,8715,87862,16306,31062
2009,12,12,95402,36425,95629,3360,9464,1488.32,1122,1644,1090,8886,67404,39035,31208
2009,12,13,87791,6076,86153,96439,54457,1488.32,4771,4004,1556,6662,18908,28425,17910
2009,12,14,32720,83599,60354,65239,2314,1488.32,659,4066,4639,7639,33777,44102,48216
2009,12,15,28847,54901,12100,45465,91799,1488.32,4499,1890,1930,5278,17472,12782,45856
2009,12,16,54913,8503,56743,10686,10161,1488.32,934,4231,1210,5815,40821,44266,25651
2009,12,17,80384,76481,8333,65023,40473,1488.32,964,4318,4714,7866,31134,37864,8463
2009,12,18,99784,65634,33806,1714,2637,1488.32,3100,2548,2390,9622,84585,43903,42537
2009,12,19,23198,40048,53135,98798,72216,1488.32,3063,2598,1788,7748,33972,27260,43957
2009,12,20,92563,9450,12932,22277,13378,1488.32,590,3160,1051,9814,31226,28687,44066
2009,12,21,52834,5679,86237,36577,36873,1488.32,968,1254,1748,7236,75219,49436,20822
2009,12,22,93922,84635,52035,80711,18735,1488.32,4322,1296,1808,7253,49924,41537,36007
2009,12,23,97672,10066,71051,23723,36715,1488.32,2409,4548,4306,8645,42476,11178,2277
2009,12,24,25820,72956,37601,53041,72921,1488.32,2476,1842,3805,9030,63904,32540,29172
2009,12,25,6869,88227,60189,35029,41833,1488.32,2918,4503,1494,7946,63225,13794,10114
2009,12,26,82597,31987,62793,6903,86985,1488.32,4432,2803,4575,8384,65843,17496,21621
2009,12,27,67556,34672,34339,97714,55534,1488.32,516,3753,2820,6793,13782,44652,14595
2009,12,28,16907,23053,508,53437,87021,1488.32,1681,1946,2071,9473,18454,15407,30085
2009,12,29,11095,10007,44563,22022,48392,1488.32,4517,1902,1428,6934,30011,16961,26758
2009,12,30,54802,60265,95715,73975,67059,1488.32,4978,1294,3900,5486,53753,18246,25849
2009,12,31,31923,80435,38241,60346,86260,1488.32,752,2353,3821,5174,35727,22212,13815
2010,1,1,25245,54511,8500,81805,84523,1518.42,2957,1138,2527,6576,44548,13375,41813
2010,1,2,78263,44866,28629,30101,14971,1518.42,2022,1646,2002,9502,81663,15659,30901
2010,1,3,98121,95370,89481,34788,31097,1518.42,1858,2692,3907,6710,70848,49781,28045
2010,1,4,48523,23807,77272,2402,67090,1518.42,2129,1703,4389,6126,91803,14359,38173
2010,1,5,8010,53827,9764,43503,76195,1518.42,4162,1342,1795,9998,25453,34243,41427
2010,1,6,93040,23665,6937,8299,46727,1518.42,3079,1022,2942,6838,14002,11142,27785
2010,1,7,39875,96132,63088,39264,6889,1518.42,3622,4897,3717,6780,74752,10174,4892
2010,1,8,71165,50267,8282,74312,15261,1518.42,3555,3299,3751,7402,32949,20477,1558
2010,1,9,25980,41029,32078,43923,42732,1518.42,622,3957,3562,8393,38221,31802,46080
2010,1,10,63285,91844,13053,88354,71582,1518.42,968,4097,3070,8510,33408,13350,37805
2010,1,11,80690,58316,77983,54441,90159,1518.42,1269,2490,3312,9698,76412,27395,27284
2010,1,12,2131,38071,42705,60693,62816,1518.42,2495,2452,4121,5547,30805,10702,30926
2010,1,13,59704,53127,19800,97774,83729,1518.42,2455,4417,2875,7186,35209,34385,19560
2010,1,14,89074,42831,66876,73738,82529,1518.42,2484,4658,2709,6326,61703,10525,9640
2010,1,15,41115,4199,19330,46588,76098,1518.42,2289,1610,4612,6890,33573,13390,16487
2010,1,16,13000,17381,84110,57227,79171,1518.42,1612,4595,2148,9688,58332,11029,19319
2010,1,17,34480,92169,62040,32189,52357,1518.42,4065,4822,2940,8394,56409,16178,23743
2010,1,18,94882,80051,39838,30846,39843,1518.42,538,4194,3495,9304,26420,19017,39763
2010,1,19,70319,34385,3613,32467,9225,1518.42,3495,3703,1886,5535,92243,22820,28297
2010,1,20,95630,17662,48996,23571,62408,1518.42,3959,3640,1807,5078,17974,41649,5405
2010,1,21,6264,55025,10844,29759,6024,1518.42,3775,1341,3000,8739,17626,13576,3617
2010,1,22,63388,18656,73632,33852,90543,1518.42,3024,1172,4888,8106,26094,12295,15876
2010,1,23,27424,70054,35937,45583,86555,1518.42,2232,2818,1798,8075,38928,17821,40423
2010,1,24,51692,4057,94164,56045,72796,1518.42,4620,1183,4330,6514,86386,44873,19324
2010,1,25,25480,59411,47398,25368,81430,1518.42,4014,1710,1248,9950,70787,12803,39844
2010,1,26,96725,74372,71974,24875,72448,1518.42,2696,1990,4957,6432,12886,37753,10902
2010,1,27,72535,98860,40289,26865,42112,1518.42,3089,3942,1085,7382,25661,33866,26675
2010,1,28,41682,29676,25424,17931,85979,1518.42,733,4054,1934,5422,23929,25733,12564
2010,1,29,79960,66626,16225,94918,36189,1518.42,4022,3722,4321,9310,51938,11166,45463
2010,1,30,82337,56381,86727,68422,8219,1518.42,3640,4900,3415,8136,84182,44393,12388
2010,1,31,6627,64916,43448,93562,33974,1518.42,4294,3932,1442,7510,25201,11602,17377
2010,2,1,24224,27968,8007,63534,79907,2274.46,870,2638,3869,5214,60856,42609,10792
2010,2,2,15636,27109,1025,9700,11291,2274.46,2677,2557,1568,5190,26530,10604,11770
2010,2,3,28238,56816,72003,46460,82017,2274.46,606,1240,2863,9016,86125,49121,24897
2010,2,4,61647,31996,51760,75516,78992,2274.46,4476,4626,1076,7438,20677,17367,12617
2010,2,5,13622,53356,59925,51543,12298,2274.46,1839,1078,4622,8841,13414,15990,2808
2010,2,6,3738,13491,64231,22954,64346,2274.46,2074,1992,3703,6262,12126,44046,1458
2010,2,7,19155,52336,88674,75231,4189,2274.46,2597,4161,4057,5054,85703,41355,9351
2010,2,8,5330,42543,48242,81304,71385,2274.46,4293,1473,2782,9876,14426,12127,17940
2010,2,9,70233,52854,88120,85288,43040,2274.46,4334,2193,3313,8728,37423,12501,5979
2010,2,10,93710,96374,13016,89120,98896,2274.46,958,1162,1261,5067,15102,28997,48719
2010,2,11,29360,41173,36823,27142,61049,2274.46,4268,2632,1846,7488,49272,29845,17602
2010,2,12,99718,44959,42039,74384,29318,2274.46,1884,3026,3538,9899,12145,14876,45814
2010,2,13,64971,8972,44362,22584,70392,2274.46,1580,4750,3765,9518,43243,31165,46241
2010,2,14,72356,32512,45151,9162,42604,2274.46,4006,2320,1474,7396,16703,35049,10775
2010,2,15,59563,69941,24428,68101,36192,2274.46,1886,1161,3248,6247,23744,48639,2926
2010,2,16,98841,91677,64742,18958,96432,2274.46,1474,1174,1848,7976,94300,49451,7985
2010,2,17,88751,83307,41772,44483,47056,2274.46,883,1617,4767,6663,74717,47310,24828
2010,2,18,39589,66604,14825,17837,19204,2274.46,2828,3043,1597,7569,53352,18770,38569
2010,2,19,55555,69827,44519,28755,47804,2274.46,3205,2905,3477,6328,97388,35532,38819
2010,2,20,61156,59624,92150,22275,46287,2274.46,937,2226,1174,6158,20063,13902,33219
2010,2,21,5682,2892,19773,52279,66813,2274.46,1658,3718,4302,6177,67472,23457,39477
2010,2,22,11348,12030,76364,49825,98359,2274.46,1708,1740,1078,6998,14492,12365,40104
2010,2,23,43429,50430,14592,25955,1191,2274.46,2683,1871,1026,7624,75502,37062,1007
2010,2,24,53284,87161,75781,28938,59690,2274.46,3747,1037,1158,5110,37213,19992,43254
2010,2,25,51566,88923,45859,17644,65484,2274.46,1360,1082,2131,7686,51217,44673,26703
2010,2,26,28311,95253,67897,98561,59060,2274.46,622,3694,1128,7754,73984,13210,43399
2010,2,27,87360,42732,77638,42643,4194,2274.46,3986,1526,1477,9638,73401,15750,31204
2010,2,28,67899,19763,27225,95030,97067,2274.46,1054,1534,1782,7912,40288,15457,44794
2010,3,1,92263,10505,14261,20018,84489,2172.55,2376,3571,3498,6370,47764,46053,20862
2010,3,2,95358,3523,82531,86554,93276,2172.55,804,3037,1715,5833,10103,22860,34492
2010,3,3,38241,51833,12907,62192,92121,2172.55,4540,1480,1830,7612,20752,12130,44717
2010,3,4,64663,44481,49632,79513,10852,2172.55,566,2560,2269,8096,25465,10544,47396
2010,3,5,8940,96270,39935,37007,78456,2172.55,4867,1695,3221,5556,78886,26694,1526
2010,3,6,67490,24779,27430,89062,68580,2172.55,514,4593,4013,9514,29106,19864,14534
2010,3,7,58500,71025,58777,92121,95473,2172.55,2665,4412,1032,5208,41418,17942,34243
2010,3,8,8989,1286,92014,43563,90412,2172.55,522,2900,1366,8084,46962,30609,20900
2010,3,9,78571,58436,46556,87584,3189,2172.55,3800,3039,3037,5162,70160,17028,42014
2010,3,10,83171,89178,79274,63683,48129,2172.55,4000,3468,3329,8182,17030,28740,20693
2010,3,11,18266,3639,2994,30296,17676,2172.55,905,1245,4742,7634,12214,44282,16308
2010,3,12,65826,40334,22323,45215,22910,2172.55,670,1080,3011,9349,86114,46139,8835
2010,3,13,36394,25115,19608,91075,72481,2172.55,4815,1502,1628,9160,21041,24304,2991
2010,3,14,5468,48299,86902,46562,22111,2172.55,844,4287,2415,9518,49501,16677,37083
2010,3,15,38353,69578,89110,36364,85279,2172.55,3854,3023,1689,8461,29097,39170,25224
2010,3,16,87804,65265,79917,44433,4425,2172.55,3736,1243,1226,5637,72805,16310,17310
2010,3,17,9073,80002,8359,36488,9520,2172.55,4516,2871,1190,8625,19062,11770,24212
2010,3,18,83849,99441,99794,539,34254,2172.55,4708,2057,4155,5976,66489,14932,28892
2010,3,19,3286,1578,41176,85246,23567,2172.55,668,2638,1362,6198,85478,36204,30333
2010,3,20,4590,4995,428,81083,13621,2172.55,2852,3820,1805,5302,14358,17411,17366
2010,3,21,87890,20419,5821,82045,22747,2172.55,1976,2384,1974,9018,43981,30156,38662
2010,3,22,84837,49650,62796,11523,80028,2172.55,4078,1948,4619,9022,98403,33239,48274
2010,3,23,98224,41256,13413,15030,254,2172.55,3792,3142,4541,9234,86539,14586,44123
2010,3,24,9626,99868,62376,16216,70724,2172.55,1371,1130,2358,9166,83434,19158,6358
2010,3,25,73792,47513,69708,43412,28371,2172.55,3002,1594,2069,6414,57975,42323,34463
2010,3,26,538,73120,46818,81431,77732,2172.55,1421,3708,1866,7604,19923,36651,49709
2010,3,27,70155,66295,92212,42513,91814,2172.55,1250,1218,1734,7309,25367,34232,41998
2010,3,28,81772,68371,27179,23842,41137,2172.55,2516,3025,3272,5685,39455,18910,35154
2010,3,29,95395,57230,56064,61323,21027,2172.55,2973,2532,3633,6537,50044,16798,42339
2010,3,30,14887,77648,32403,70749,74957,2172.55,1333,3080,3844,8511,13273,49980,24123
2010,3,31,18,12142,74359,58290,57827,2172.55,1997,3220,2394,9412,30894,16850,30166
2010,4,1,45221,15953,66737,68110,82350,3058.37,2995,4996,2288,7498,51304,22762,49887
2010,4,2,25078,40737,31607,39941,54010,3058.37,4957,1150,2297,9208,40329,19766,47940
2010,4,3,41597,93550,39858,57361,40797,3058.37,936,1016,1934,8551,54125,29283,14630
2010,4,4,98438,37121,55632,97079,7217,3058.37,4840,3645,4024,7799,88586,34385,23288
2010,4,5,65739,28544,16889,4388,43143,3058.37,1849,1090,2118,6126,58451,15838,7218
2010,4,6,94041,40267,93931,90975,88819,3058.37,1609,2255,2880,8592,11110,25096,14408
2010,4,7,81880,70527,73743,62256,4678,3058.37,1641,1690,2223,7068,74802,16718,12329
2010,4,8,87099,48004,67809,54217,77415,3058.37,2131,1454,2878,9682,62428,38048,42612
2010,4,9,36822,65390,91656,54702,23982,3058.37,1149,1730,4219,6243,68116,33896,42342
2010,4,10,64924,81110,70664,72148,94639,3058.37,3865,1736,4820,6060,52304,37234,11818
2010,4,11,65638,14436,58689,64868,86850,3058.37,4267,1014,2857,7446,11075,26838,37469
2010,4,12,69616,23577,32700,65187,9821,3058.37,4082,4743,3276,6097,63242,18542,17168
2010,4,13,97915,18460,7355,7736,41486,3058.37,1321,3474,1814,6362,88341,43647,9659
2010,4,14,23831,57609,33670,26689,34883,3058.37,4878,4498,4672,8929,69684,44492,11097
2010,4,15,36097,35120,85589,50725,71217,3058.37,1342,4131,3642,7402,93218,25127,48831
2010,4,16,59708,20892,48602,50154,7254,3058.37,638,1084,2254,5846,74124,12136,3295
2010,4,17,71270,44003,82987,55942,62933,3058.37,1786,1550,2006,8726,82457,41710,19024
2010,4,18,33909,58800,77194,17551,58849,3058.37,4029,3555,2655,7630,85060,14908,36764
2010,4,19,77277,61565,62345,4531,71738,3058.37,3019,3006,1823,9458,15299,19520,36469
2010,4,20,67733,98438,91488,88227,67164,3058.37,1289,1072,4096,9834,34974,15898,23945
2010,4,21,76599,94005,42852,606,17987,3058.37,513,1082,1664,8430,16145,27564,44264
2010,4,22,30679,15517,36923,27502,14227,3058.37,3608,1958,2011,5822,86537,17142,18574
2010,4,23,85393,82827,67951,50841,72661,3058.37,3784,1230,1929,6570,66215,14915,2926
2010,4,24,62251,98082,26531,68078,92292,3058.37,1993,4321,4544,8915,66823,10254,9029
2010,4,25,67490,86784,87082,50853,98232,3058.37,1378,4976,2796,9329,50816,11808,23619
2010,4,26,88607,25954,43772,85536,43941,3058.37,1802,1191,4419,9685,74268,33062,9987
2010,4,27,18714,52615,72385,9610,51530,3058.37,4732,1510,2342,8165,86222,13862,5560
2010,4,28,8136,87602,56903,97284,73283,3058.37,4091,1888,1046,5734,63775,43964,24071
2010,4,29,29202,96930,16508,69973,56615,3058.37,3035,1679,4741,7114,17641,11271,7128
2010,4,30,63683,32374,46642,6025,66891,3058.37,4302,1110,3169,5122,72308,26451,49217
2010,5,1,47752,4692,43003,66967,84819,2471.84,1167,1747,4825,9994,54714,26953,3319
2010,5,2,1879,62746,36695,93650,80387,2471.84,2331,2759,2311,9708,96001,26527,14318
2010,5,3,59011,71027,29697,27920,59687,2471.84,4546,2438,3542,7548,90756,28360,22500
2010,5,4,868,86924,60108,87045,85767,2471.84,3997,2645,3919,5606,97646,24305,31174
2010,5,5,81362,71331,3418,8673,51039,2471.84,826,1400,1797,5018,54319,12835,49419
2010,5,6,20099,75218,86626,13641,39119,2471.84,2000,4985,4304,8460,43381,16423,27382
2010,5,7,99634,7380,54069,93553,24424,2471.84,4210,1578,4396,7627,14457,13582,18067
2010,5,8,3398,16009,33188,6547,63609,2471.84,4382,3706,1742,6007,97347,34546,3859
2010,5,9,33390,5700,90884,14046,74160,2471.84,946,1230,1643,7174,15094,32418,34265
2010,5,10,18956,84260,88204,58352,88239,2471.84,582,2988,1372,9364,14534,31332,19013
2010,5,11,34888,83917,15040,30316,56277,2471.84,4861,4665,1588,8414,20062,24949,28739
2010,5,12,6362,16884,31447,64357,67772,2471.84,1775,3078,1520,5350,61430,20345,31496
2010,5,13,86695,42921,28334,38067,73950,2471.84,4399,1574,4488,6390,71856,15764,9221
2010,5,14,45881,53070,21782,96670,25167,2471.84,2970,1527,3727,9416,12235,42850,41845
2010,5,15,913,59011,45930,33020,10341,2471.84,3364,2034,2983,6822,51453,23284,23712
2010,5,16,57271,37205,98473,16759,37995,2471.84,2523,3874,3398,5318,96895,14916,20329
2010,5,17,28853,34867,12796,3932,4283,2471.84,1782,1622,4041,5432,38213,10733,25031
2010,5,18,32775,7931,7769,15758,5981,2471.84,4041,3250,2777,7740,80008,12486,9222
2010,5,19,74195,28884,50998,13945,99541,2471.84,878,3392,2758,8007,32324,13602,47893
2010,5,20,33038,79107,24940,17079,88170,2471.84,2812,2295,2435,7758,53052,43415,29506
2010,5,21,27506,58446,56666,40283,62311,2471.84,2405,2856,1909,8402,83152,31449,3026
2010,5,22,22647,78365,9842,21758,86372,2471.84,630,1532,3975,6326,52839,42144,8518
2010,5,23,29595,97004,79440,33382,65288,2471.84,1796,4144,2288,9813,49426,35951,48844
2010,5,24,52840,73184,38808,34749,31586,2471.84,1197,1178,1676,9590,92341,19400,38313
2010,5,25,909,17492,55162,54884,83933,2471.84,3380,3527,2708,9171,46908,12010,24353
2010,5,26,58016,90058,12141,81656,89871,2471.84,2606,4061,1102,5542,93809,49039,27919
2010,5,27,61079,26359,69624,94107,85102,2471.84,3506,2361,1624,8667,73596,29740,11965
2010,5,28,9373,86977,9620,47081,12501,2471.84,670,1867,2936,8567,68522,19159,6528
2010,5,29,72839,52482,28221,23941,75248,2471.84,4331,2677,4740,8955,46783,16193,38383
2010,5,30,87272,76643,68555,83080,61662,2471.84,4171,1033,1946,8790,18113,15968,42152
2010,5,31,61670,84542,44847,24607,63109,2471.84,3765,2298,2202,8337,92590,23801,29722
2010,6,1,31923,26479,41461,57230,73262,2557.3,852,4903,2560,7872,27917,34711,7654
2010,6,2,23103,98951,96543,11893,17065,2557.3,4914,2957,1450,9050,97417,11793,20875
2010,6,3,24638,49717,43996,62975,42307,2557.3,4694,1170,1262,9302,47809,15990,34149
2010,6,4,5160,8663,16496,97720,68946,2557.3,3782,3400,3363,5325,36644,26779,44413
2010,6,5,16200,26559,94737,48272,41079,2557.3,590,1440,3221,6742,45042,17206,42154
2010,6,6,4562,84737,91109,81540,82243,2557.3,1779,2401,3932,8275,11854,49229,5271
2010,6,7,92688,50256,57630,52403,11933,2557.3,4181,3131,1674,8918,92755,28263,44275
2010,6,8,48776,19173,60331,6997,89585,2557.3,3876,1004,1878,9980,92037,22350,5373
2010,6,9,86608,40169,76105,66892,88444,2557.3,1120,2483,1082,7510,49885,22469,43930
2010,6,10,84377,95420,16953,21561,35689,2557.3,4823,4463,3879,6506,91460,34816,9708
2010,6,11,81879,31689,45314,88340,63026,2557.3,2041,4632,3871,9497,16523,48666,3703
2010,6,12,63427,48997,96150,40316,39099,2557.3,2784,3474,2806,6088,61386,43494,12388
2010,6,13,55797,77563,94311,1028,54069,2557.3,843,2298,3810,7509,40637,46836,2123
2010,6,14,67564,17680,46469,77787,3529,2557.3,1453,3307,3340,5214,23622,17438,29345
2010,6,15,51342,36407,7265,9148,98847,2557.3,3994,4642,1212,9656,72022,16632,18651
2010,6,16,31779,24218,68932,81941,21727,2557.3,3776,1294,3599,6418,83428,13480,9569
2010,6,17,37294,59882,46788,65634,48837,2557.3,4423,1486,3167,6088,18660,22013,20410
2010,6,18,41690,44672,93009,4255,74328,2557.3,886,2457,4247,9817,17618,27326,15031
2010,6,19,15739,83175,49321,75690,41124,2557.3,4169,3416,2630,9262,60401,15646,32749
2010,6,20,72718,26177,57996,95885,99216,2557.3,4250,2256,4695,7258,61510,19022,33673
2010,6,21,8641,98750,41480,97888,4919,2557.3,1565,2008,1642,7150,12698,11542,45878
2010,6,22,23635,68220,97647,32617,70529,2557.3,878,4597,1160,9572,71834,49790,8048
2010,6,23,64807,6085,57047,9502,33343,2557.3,4876,1982,3658,6355,56221,19742,34910
2010,6,24,48585,97788,91938,10340,5025,2557.3,3217,1270,1126,6974,93978,42438,20988
2010,6,25,85263,765,52037,85838,65547,2557.3,627,1704,4954,9026,56205,29648,23871
2010,6,26,10288,1082,21631,60298,3790,2557.3,930,2373,3342,7162,62713,13367,44204
2010,6,27,28150,92283,74730,50061,3147,2557.3,2498,3408,4472,9078,74246,11030,18709
2010,6,28,18405,76226,98075,64711,51604,2557.3,4358,3242,1713,9390,38539,25502,20633
2010,6,29,76545,53766,44229,84887,77280,2557.3,4605,1781,1160,9335,71841,18721,23294
2010,6,30,74396,14340,23483,43868,8875,2557.3,982,3630,1250,9664,24693,16532,47729
2010,7,1,85404,36504,68363,67745,75044,2590.19,640,1350,4444,7542,22439,27737,43865
2010,7,2,76485,60573,59666,82172,32414,2590.19,1566,3105,1868,6785,88331,15948,28387
2010,7,3,28376,48314,22607,38041,73007,2590.19,4688,3410,2370,6110,42506,17540,30868
2010,7,4,63268,19499,53926,67712,81377,2590.19,1801,4212,4641,5894,56383,16510,42718
2010,7,5,66205,29302,65161,84426,46088,2590.19,756,1638,3156,9331,28854,41163,19844
2010,7,6,20199,79896,65926,53922,82946,2590.19,4038,2564,4281,5938,30276,25657,8432
2010,7,7,42034,58430,99871,11675,29896,2590.19,718,1099,3259,6402,80524,30698,22606
2010,7,8,81437,97251,71513,99594,52934,2590.19,2108,3132,1614,6076,43405,45911,16720
2010,7,9,97817,22444,58477,42098,71760,2590.19,4106,1222,3533,5398,41819,19570,5105
2010,7,10,89287,88253,22232,7546,99847,2590.19,3243,2634,1358,6107,97227,19291,2757
2010,7,11,9179,20688,58776,22145,93721,2590.19,3056,2888,1962,5778,66337,29087,18533
2010,7,12,97989,50445,59233,77874,50773,2590.19,2653,1078,1320,9884,63955,11012,17404
2010,7,13,28993,68551,19489,61703,44659,2590.19,994,3836,2403,6121,75981,47475,16716
2010,7,14,24655,10390,71717,81983,19626,2590.19,1069,3965,4849,9942,11838,11254,38054
2010,7,15,87705,15844,12033,9713,42080,2590.19,1565,2424,1790,8494,49126,21900,42341
2010,7,16,84122,96473,92090,37877,18947,2590.19,712,3600,4811,7067,25582,14436,34423
2010,7,17,11474,53004,48402,16323,39658,2590.19,3296,3713,3786,6681,53425,13990,26592
2010,7,18,9022,84992,54642,69912,52397,2590.19,1812,1517,1592,7812,74393,15190,20121
2010,7,19,68324,59746,95491,79487,33165,2590.19,558,1988,1780,5027,77312,46437,37425
2010,7,20,51619,81961,90151,76757,98642,2590.19,3973,2662,4919,8615,93926,47315,43577
2010,7,21,18736,2091,33834,51680,85992,2590.19,3570,1342,1360,5412,66504,33840,24579
2010,7,22,69190,76779,94830,75970,51806,2590.19,3758,4775,1846,8908,96531,19095,38494
2010,7,23,88837,40505,93111,33756,55472,2590.19,2423,4206,4126,7608,42238,41469,37037
2010,7,24,22187,62161,78488,22863,77573,2590.19,3054,3113,1769,7883,39082,39926,44992
2010,7,25,72730,77841,26054,59536,23102,2590.19,3630,1937,4440,8092,62045,10182,22585
2010,7,26,41481,9469,41823,30607,7077,2590.19,3427,1238,1220,6914,68476,40145,34061
2010,7,27,78258,41531,3259,27,25767,2590.19,1304,3495,2885,9458,58030,25986,8694
2010,7,28,71294,3013,4277,67087,57458,2590.19,3350,3937,2141,6524,45896,49217,16322
2010,7,29,60586,676,61184,23158,17591,2590.19,4654,1704,1190,5836,12226,13308,29661
2010,7,30,57959,34883,28156,10844,67241,2590.19,3182,4885,1110,7458,21971,13007,36186
2010,7,31,90132,56674,78297,82273,33199,2590.19,2841,1150,4868,9024,33292,17630,24193
2010,8,1,12948,71010,92580,12213,99588,1301.87,1522,4470,4043,7365,18062,36580,5888
2010,8,2,16900,72948,42131,40710,11272,1301.87,840,4296,1138,9464,17494,13374,21490
2010,8,3,43658,43982,81551,19035,93627,1301.87,4070,1573,4074,6649,35137,43661,6713
2010,8,4,22538,21660,94484,72933,35377,1301.87,4512,3628,1845,7995,18684,29468,12546
2010,8,5,5837,56531,13765,21975,2347,1301.87,3657,1004,1592,6559,81390,35218,47612
2010,8,6,49625,5461,8144,93699,38463,1301.87,2359,2351,1291,7402,50283,33020,43281
2010,8,7,60741,59796,1649,62586,44143,1301.87,2053,4979,3867,5818,88305,10294,27338
2010,8,8,53430,83315,48571,61374,59875,1301.87,1592,1710,1772,9480,19548,13182,46313
2010,8,9,14369,56908,83938,12012,5103,1301.87,646,1696,1502,6072,44780,18070,34221
2010,8,10,90370,36835,20842,90589,59005,1301.87,3154,3785,2461,8076,90158,18687,9148
2010,8,11,4389,53103,94538,72514,24191,1301.87,4099,4910,2345,6084,66921,17608,14086
2010,8,12,13610,28306,90995,23978,91337,1301.87,4840,3057,3961,5681,88646,47965,35776
2010,8,13,24829,98153,93103,33643,56230,1301.87,2329,1969,2715,6867,49482,26905,33261
2010,8,14,27305,44935,31816,14650,7972,1301.87,4801,2932,3393,6430,78262,17462,48737
2010,8,15,66571,73103,49140,55532,88784,1301.87,4848,4964,2290,5910,63606,17048,4138
2010,8,16,12564,65936,85489,65279,79155,1301.87,2183,1459,1257,8006,37460,20580,1324
2010,8,17,89087,77262,58513,48833,24410,1301.87,4914,1968,4876,9053,62863,15012,36775
2010,8,18,3192,82712,44977,71834,12015,1301.87,714,4577,1748,8798,89855,36376,24935
2010,8,19,33516,48391,92836,29773,22389,1301.87,1704,2826,1074,5217,76658,14670,46648
2010,8,20,61992,92925,72002,88221,41979,1301.87,4584,1521,1150,9130,33354,12294,1217
2010,8,21,89495,30059,86872,96716,12251,1301.87,3091,2118,1468,9142,16494,30208,43079
2010,8,22,38927,74948,24387,95540,165,1301.87,866,3507,1314,8562,83079,18462,1046
2010,8,23,99780,2664,30173,50060,83576,1301.87,2353,4421,4936,5576,86137,38539,29879
2010,8,24,25007,85581,658,66475,77860,1301.87,3034,3137,1654,7420,45028,16714,25252
2010,8,25,4818,5238,11575,15140,70152,1301.87,3790,4930,3669,7936,36341,47244,44654
2010,8,26,93842,65047,86667,20131,96975,1301.87,3669,1980,1087,5678,19254,35298,39156
2010,8,27,930,67841,18436,17481,55262,1301.87,4194,1398,1974,5768,91569,21556,13464
2010,8,28,40423,75361,57839,70444,89324,1301.87,2687,4516,1166,5710,35998,22553,44181
2010,8,29,76213,94668,94534,67301,86698,1301.87,2598,3979,3532,7386,21459,10300,15693
2010,8,30,67202,55654,31577,68607,17775,1301.87,678,4548,3505,8000,44991,16750,23146
2010,8,31,92181,29031,3698,84112,16089,1301.87,1664,2300,1440,7549,75952,15086,39696
2010,9,1,44904,57744,83127,32290,95555,2774.7,842,1208,4847,8906,85334,42993,38272
2010,9,2,24611,59883,91499,22612,4874,2774.7,1143,1050,2080,5254,66343,38127,12032
2010,9,3,88271,74997,38843,55821,50949,2774.7,836,1712,1702,8539,44492,12257,8960
2010,9,4,76812,60336,29818,63011,61136,2774.7,1003,1502,1385,7718,24709,12610,15152
2010,9,5,75886,55853,62866,7966,87460,2774.7,1092,1468,4205,5178,47901,21505,29210
2010,9,6,60247,3316,67358,43301,58207,2774.7,1909,1369,4888,8078,14380,16024,28202
2010,9,7,99582,70384,68123,90967,50590,2774.7,3576,1474,1430,6442,50791,18846,42832
2010,9,8,12004,63237,44577,16209,14524,2774.7,2713,1121,2144,5718,34421,36703,8830
2010,9,9,15977,72684,38073,37217,40762,2774.7,4592,1402,4188,7714,47661,39777,2453
2010,9,10,96898,67591,32605,61934,34033,2774.7,2131,2387,1631,8059,94947,27506,33396
2010,9,11,16890,82661,68628,45386,70436,2774.7,2088,2763,2084,5462,39979,49197,19402
2010,9,12,38966,59573,5893,78154,63639,2774.7,2931,1082,2496,8710,38821,37880,19907
2010,9,13,83931,85953,50268,46915,94013,2774.7,4420,2253,4226,6106,72638,31013,45215
2010,9,14,28802,4728,33777,37238,91241,2774.7,1434,1710,1032,8679,16728,29670,40109
2010,9,15,78586,92643,6559,16082,93178,2774.7,3961,3459,2684,9430,40373,41696,45380
2010,9,16,15795,81147,68950,60021,90547,2774.7,1034,4347,4018,9366,72936,20258,7940
2010,9,17,31271,75723,16817,97303,84402,2774.7,3325,4338,1052,9883,95419,43698,41528
2010,9,18,95264,15733,53510,42948,86313,2774.7,995,2106,1381,6296,78479,48279,10236
2010,9,19,44236,85866,17627,39607,27028,2774.7,1216,4650,2636,9384,88304,17038,6915
2010,9,20,912,31630,62729,51433,81514,2774.7,1482,3128,1926,5406,52427,26545,8149
2010,9,21,91580,53423,95004,99313,56071,2774.7,2591,1657,1408,6306,56263,19079,39835
2010,9,22,38484,82481,93730,21120,41865,2774.7,4509,4128,1590,7238,26912,11528,48386
2010,9,23,41739,54748,21009,31971,36092,2774.7,4867,2670,1857,6223,26982,49279,23436
2010,9,24,42410,24574,15937,18110,72495,2774.7,3540,1964,1032,7252,48448,29248,38553
2010,9,25,62007,52959,4729,92022,36549,2774.7,4901,3286,2740,7342,26608,38831,31642
2010,9,26,14345,67829,66502,57554,20404,2774.7,1832,2812,1530,9121,97273,23254,9836
2010,9,27,77674,50814,50584,65058,14435,2774.7,4305,1441,1989,5386,84814,38537,49032
2010,9,28,63380,4717,83176,66120,61978,2774.7,4950,2674,1294,7803,50227,30719,26137
2010,9,29,13991,23413,9884,64751,12534,2774.7,4356,1718,2970,9888,55263,38757,7158
2010,9,30,53971,65921,81551,22313,97659,2774.7,2201,1037,2432,6182,43508,15762,16365
2010,10,1,48459,58437,63182,52614,8664,1705.32,1603,3427,1150,7705,60960,27292,10253
2010,10,2,52062,67519,1616,23353,39134,1705.32,2323,1406,3274,9635,19064,20990,6725
2010,10,3,26837,96455,74776,53566,39963,1705.32,2782,3421,1330,5963,57386,40340,40538
2010,10,4,96216,23991,88769,32704,71696,1705.32,4995,1894,3599,7962,63461,22732,49729
2010,10,5,84687,40785,94139,72961,56772,1705.32,616,4960,1009,5078,53525,15971,29556
2010,10,6,91968,76309,70745,7293,78624,1705.32,2632,1191,2121,6400,23894,40168,28132
2010,10,7,2482,242,80278,36081,78205,1705.32,3812,2890,1760,9303,52203,23999,43740
2010,10,8,48859,12507,73960,74868,63937,1705.32,838,1816,1496,6362,79547,15120,43837
2010,10,9,56067,27180,22664,8188,79933,1705.32,3355,2413,1798,9980,34845,41354,46558
2010,10,10,5077,60010,4246,5952,79313,1705.32,4950,4522,1658,7828,19389,15594,22801
2010,10,11,14099,76581,37850,50595,4516,1705.32,2066,1172,1864,9468,85120,40859,17397
2010,10,12,67639,33476,39625,30790,94813,1705.32,2143,4888,1672,5490,22192,46495,40822
2010,10,13,65541,2143,91019,83551,72405,1705.32,4144,1502,3339,6993,53448,15718,10408
2010,10,14,20742,51868,84788,81670,56597,1705.32,3880,1184,4735,8505,71376,14547,19908
2010,10,15,69327,59872,30789,36510,68965,1705.32,3005,1722,1046,8056,34407,43878,2981
2010,10,16,783,83552,46733,4123,86898,1705.32,3328,2638,3400,6242,11328,24996,16534
2010,10,17,99376,44541,81936,19111,39398,1705.32,630,1350,4535,6454,61585,48499,19664
2010,10,18,33779,44591,49356,5253,18614,1705.32,976,1504,3666,8890,56221,36915,1990
2010,10,19,28749,84551,94554,97149,14019,1705.32,3497,3393,4753,7062,48856,16374,1782
2010,10,20,6449,15219,25578,35984,96017,1705.32,834,1146,1752,6541,67750,16717,37163
2010,10,21,16657,33234,18818,16675,45450,1705.32,3589,1108,4588,8142,87698,39958,25039
2010,10,22,14708,42548,19705,75813,79332,1705.32,1314,1568,3778,7598,38114,46146,18561
2010,10,23,89055,88949,58645,37160,21843,1705.32,942,3498,4628,9045,55172,21429,26395
2010,10,24,30437,58762,11979,6377,73256,1705.32,1335,2963,4927,6039,80127,17066,16029
2010,10,25,952,56443,56391,1082,58335,1705.32,2227,3740,4805,8922,17251,21647,44506
2010,10,26,98618,53833,76498,74598,9230,1705.32,1026,4665,1782,8724,46042,46390,31670
2010,10,27,56738,42378,706,31666,74769,1705.32,924,1448,2274,9286,93152,11960,30833
2010,10,28,53172,90380,92054,52978,78955,1705.32,976,2571,4488,7474,68521,38718,25657
2010,10,29,99144,64548,44736,22279,5257,1705.32,950,1994,4506,5725,93659,24274,40778
2010,10,30,16558,95936,16346,70185,54602,1705.32,3496,2773,1228,6901,77102,45182,9498
2010,10,31,32559,68079,89107,12047,35553,1705.32,2116,1048,3526,7438,73326,43783,7628
2010,11,1,8347,22130,18489,60424,15789,1754.3,3332,1723,1870,7042,82676,10542,9115
2010,11,2,78366,90450,17539,85267,83904,1754.3,2824,1982,4530,6223,87534,42157,29073
2010,11,3,63340,38583,47037,25192,28261,1754.3,2821,2958,4300,5332,29733,45088,40820
2010,11,4,71776,23067,73164,47236,2935,1754.3,4897,1299,2641,9770,82918,46544,5840
2010,11,5,27860,743,14879,62391,46966,1754.3,899,1250,2347,7935,35496,15750,18766
2010,11,6,25107,29670,71271,54407,58683,1754.3,846,1862,4070,5361,77693,43356,1005
2010,11,7,77554,58943,24657,56547,57730,1754.3,4442,1188,4668,8652,64331,37986,7575
2010,11,8,53087,35231,14644,26786,69519,1754.3,846,1962,2513,6368,81735,21195,16492
2010,11,9,33725,97582,1654,57795,19296,1754.3,2502,1848,4641,8662,53394,12371,45700
2010,11,10,66085,72837,97961,7106,23510,1754.3,798,1595,1870,9734,19733,16095,28644
2010,11,11,76226,64831,27073,88739,97551,1754.3,4934,1274,2740,6378,10850,16784,8808
2010,11,12,73639,22924,55236,28281,81434,1754.3,651,2518,4170,9936,54623,37679,24982
2010,11,13,33607,66067,30628,80184,75801,1754.3,1279,3377,1542,6712,73468,29093,1474
2010,11,14,48511,49755,76720,87603,11342,1754.3,990,1332,1158,7577,29612,36496,32141
2010,11,15,58912,70264,50367,73082,41579,1754.3,2112,1536,2407,7739,71719,29559,21342
2010,11,16,24452,67999,47938,72347,7702,1754.3,1439,2563,2511,8158,76518,15204,37758
2010,11,17,76651,38861,16537,81714,56438,1754.3,4562,1700,2763,9866,19154,24341,46149
2010,11,18,56271,31895,82230,60030,5986,1754.3,4589,1789,3299,7526,19135,46001,3950
2010,11,19,25284,20575,34917,29147,15085,1754.3,4350,3087,1206,7166,89800,23084,11435
2010,11,20,7036,90715,54785,56152,41996,1754.3,994,4617,4164,5454,74646,30149,25919
2010,11,21,83024,14236,76939,21323,18114,1754.3,3675,4748,2999,8592,88894,14436,46074
2010,11,22,46379,33246,72524,13026,94133,1754.3,1109,2519,1494,7245,73670,27737,28676
2010,11,23,99516,20516,42355,23680,49590,1754.3,754,2612,1236,6952,70286,15701,17001
2010,11,24,59546,53963,25451,8897,88907,1754.3,4684,1636,3941,8559,64661,16156,14345
2010,11,25,57236,17123,91946,42978,24369,1754.3,2066,1950,1130,9420,63915,16638,15616
2010,11,26,46421,50449,84684,94009,13920,1754.3,1062,3464,1636,6078,98713,46894,21323
2010,11,27,32209,4750,98531,96151,83310,1754.3,575,1098,1286,5050,99873,21034,13193
2010,11,28,28137,86940,61271,30619,32712,1754.3,4042,1962,1985,7460,89492,11818,41538
2010,11,29,71400,65555,95722,13036,83419,1754.3,4929,1262,4183,8460,11776,48844,44435
2010,11,30,38005,98705,39389,34671,61225,1754.3,705,1434,3904,6664,52683,41615,5614
2010,12,1,51726,87100,66850,51803,92944,2414.97,3202,4849,4826,5188,58267,45612,39106
2010,12,2,12520,90246,11149,87332,18375,2414.97,1687,2078,1476,6357,78302,37698,9993
2010,12,3,32063,368,96604,65390,53051,2414.97,1605,4775,1669,6918,72929,15574,38219
2010,12,4,28913,96132,75814,13739,48722,2414.97,703,2592,1366,6851,81275,25404,1762
2010,12,5,63196,22963,92483,28929,99320,2414.97,1627,1382,2503,9582,13123,13820,37137
2010,12,6,84153,69730,61681,75823,9536,2414.97,1786,3447,2093,8952,68538,12166,34611
2010,12,7,19385,94242,89759,76415,31093,2414.97,3170,4287,1418,5286,39568,19344,21034
2010,12,8,64142,22548,41050,51645,2130,2414.97,4902,1281,1042,6582,78455,16141,20525
2010,12,9,37545,55243,4589,991,40547,2414.97,3156,4930,3719,9267,52697,31163,39479
2010,12,10,90301,20868,41804,17001,97873,2414.97,1667,2013,1110,8146,30009,22399,31372
2010,12,11,54593,54912,25033,11199,57847,2414.97,2339,1590,1462,8279,12732,15628,3489
2010,12,12,87759,25890,75559,71478,45157,2414.97,3993,1808,1930,6438,68808,13347,44608
2010,12,13,58520,95476,41713,78790,79544,2414.97,2540,1982,2985,5154,78038,13446,21722
2010,12,14,46061,55378,12574,37495,70009,2414.97,3122,2766,2547,5033,45596,12703,25307
2010,12,15,89641,64590,64512,71468,41738,2414.97,4814,1608,1246,5766,11749,41043,49673
2010,12,16,80953,45642,7884,23938,88214,2414.97,1120,1262,2650,7396,88120,27658,35922
2010,12,17,95352,57596,85426,62899,2629,2414.97,601,2268,3314,6465,63736,36403,47374
2010,12,18,6138,14903,3012,67637,7782,2414.97,646,3733,1753,9266,29022,31318,31113
2010,12,19,35188,70143,31945,92838,40188,2414.97,1002,1088,4012,9122,14789,12992,36418
2010,12,20,85999,6744,5261,14313,63209,2414.97,715,1404,1034,5622,69685,24384,35349
2010,12,21,51191,94718,29470,44296,43984,2414.97,613,1056,4985,7830,18878,35172,8492
2010,12,22,10328,41561,37064,20692,63834,2414.97,3683,1183,3596,5295,80495,21804,1854
2010,12,23,40645,97563,23854,57248,33993,2414.97,1631,1534,4607,8870,45829,14943,43539
2010,12,24,85944,71444,76819,30929,61706,2414.97,2452,3384,3091,9516,18160,13134,31531
2010,12,25,21370,59111,69461,79966,30758,2414.97,3121,1401,1846,7926,28648,30566,16308
2010,12,26,51865,26632,32102,72825,37732,2414.97,4119,1142,2077,7566,70954,43782,44283
2010,12,27,28820,3408,32167,51911,72924,2414.97,778,4292,1703,8062,90609,47461,41242
2010,12,28,23659,8731,35215,3881,67057,2414.97,4447,3920,1846,5810,16202,10930,30216
2010,12,29,77183,62216,957,59261,9505,2414.97,3042,3324,1670,5209,13182,30945,21912
2010,12,30,92803,78126,91590,25859,19125,2414.97,4671,2783,2280,9966,63015,24336,32199
2010,12,31,21453,13815,9609,28300,13067,2414.97,581,1026,1272,6537,65861,11564,17706
2011,1,1,85256,44102,86471,20465,50688,3058.06,4619,3813,1454,7346,64289,15118,17416
2011,1,2,61501,23425,64835,19090,2793,3058.06,542,1606,3779,5193,29673,32836,39171
2011,1,3,90775,36275,79109,97312,2136,3058.06,3464,2390,1382,9878,24207,12378,34886
2011,1,4,78703,70179,57544,54059,42008,3058.06,2965,4859,1609,5608,38948,14401,38185
2011,1,5,48323,79491,97360,13454,81036,3058.06,1289,3161,4658,7026,14670,48145,43385
2011,1,6,76636,10290,85537,38326,5224,3058.06,2055,1138,1273,9206,70688,18558,26096
2011,1,7,62784,98654,74492,40745,7805,3058.06,610,1126,1278,8856,85931,13348,29792
2011,1,8,62242,98573,94832,41900,90323,3058.06,870,3309,3297,7762,21634,44872,13009
2011,1,9,84381,5043,45151,80654,29641,3058.06,1637,3775,4491,6128,49519,38647,15839
2011,1,10,55920,54665,94775,81554,73522,3058.06,4575,2114,1270,5758,94013,35952,47058
2011,1,11,28767,50411,85614,52064,92344,3058.06,3287,1723,3641,8437,73728,16574,23600
2011,1,12,90628,25366,67058,21471,67846,3058.06,502,1006,2593,5006,38022,27466,16578
2011,1,13,68302,42598,29581,63932,74708,3058.06,1235,3473,1454,8200,71888,32700,39947
2011,1,14,91801,85177,75776,20442,59966,3058.06,670,1945,1221,8562,19098,25419,15857
2011,1,15,95063,64886,15537,99008,52482,3058.06,2826,1576,3860,8758,17206,14298,19911
2011,1,16,78705,83655,23394,69062,51855,3058.06,3113,3654,3161,7990,80448,39479,11634
2011,1,17,26097,75524,56425,33671,54009,3058.06,4089,1718,2429,7886,64430,44910,11192
2011,1,18,10888,73609,32046,39748,12367,3058.06,4667,1071,4470,6130,76484,10662,49465
2011,1,19,94694,60950,61332,7856,21190,3058.06,2334,2286,3654,7670,97308,37663,8132
2011,1,20,47654,6398,53086,90083,63727,3058.06,1345,4613,2475,9742,30713,36194,33868
2011,1,21,99207,90381,27266,48677,89793,3058.06,1353,1684,1050,8082,25044,17982,20102
2011,1,22,2168,38731,65878,35822,8841,3058.06,4836,1494,4582,9274,62928,33308,13186
2011,1,23,59494,80626,24275,83322,30369,3058.06,4515,4574,3071,6780,94603,17863,21340
2011,1,24,83234,77309,85053,64284,21345,3058.06,1522,4863,3827,9630,92036,24020,10098
2011,1,25,11938,31874,30515,97873,57500,3058.06,2532,1992,1710,7254,10326,20788,9795
2011,1,26,43146,19829,66715,37569,82961,3058.06,872,1193,4977,7894,30476,42673,27670
2011,1,27,16934,13352,32537,65761,62104,3058.06,1132,4040,2798,6646,88264,30297,24574
2011,1,28,12794,35798,63642,3214,7604,3058.06,4001,2101,1150,7067,18706,33096,13956
2011,1,29,84738,26454,65642,56067,33290,3058.06,3740,1846,2173,7628,32334,17134,12471
2011,1,30,22202,88468,94669,11352,91466,3058.06,3000,4258,1462,6598,23823,42685,32934
2011,1,31,85598,64177,26139,85733,71245,3058.06,750,2333,3613,7174,28399,23254,47161
2011,2,1,77140,89829,38170,74769,38515,3428.43,3321,3333,4817,8270,51151,19102,8798
2011,2,2,99026,71762,4185,20668,95586,3428.43,1264,4761,1434,8349,47357,11518,13223
2011,2,3,9882,19691,42838,93408,48091,3428.43,4403,1581,2271,7572,32701,10786,16092
2011,2,4,2722,46024,54120,72540,3401,3428.43,2993,2425,2032,8742,23093,38969,5271
2011,2,5,41753,45710,65083,47465,70411,3428.43,684,1644,2130,9526,90051,46572,12441
2011,2,6,25619,79456,38155,14242,23380,3428.43,582,1101,3230,9147,14992,36630,20856
2011,2,7,770,72986,39057,94154,51516,3428.43,3122,3267,1134,8205,57084,27325,28502
2011,2,8,76998,73774,23970,9128,33300,3428.43,2052,1106,3475,6902,89511,33207,14021
2011,2,9,47414,14539,59309,80645,10038,3428.43,2274,2159,3637,5374,21312,31505,40653
2011,2,10,67536,20788,41125,24451,85345,3428.43,1775,2341,1981,5744,87820,21633,48209
2011,2,11,89765,9873,96903,99593,86431,3428.43,2799,3844,3656,8459,14488,10045,2766
2011,2,12,99112,48115,87205,62749,37150,3428.43,605,1036,2008,6950,45486,47352,24870
2011,2,13,49939,97262,26046,38273,89358,3428.43,4905,4122,1442,6328,95066,42872,30218
2011,2,14,75926,27866,76717,25934,36325,3428.43,978,1770,2023,6376,14535,25524,7557
2011,2,15,14405,25142,46561,76413,93224,3428.43,998,3161,1330,5036,97785,45018,42048
2011,2,16,12731,57691,90493,69173,47203,3428.43,3397,4479,4775,5113,65412,32451,35559
2011,2,17,29023,51391,34239,17398,40926,3428.43,2921,1346,1094,5833,48093,33489,48774
2011,2,18,14233,4562,43004,19894,87075,3428.43,1263,1157,4831,7050,13518,28385,40789
2011,2,19,7314,30079,17865,53441,51545,3428.43,891,1142,2370,8886,14315,16602,49629
2011,2,20,35255,73589,79978,41874,79422,3428.43,734,3654,3984,9444,29899,19358,44424
2011,2,21,41859,61163,84921,73042,82918,3428.43,1426,1582,1680,5642,60022,18224,36602
2011,2,22,85271,95914,65143,52641,82395,3428.43,2288,2648,4397,7246,59521,48818,29458
2011,2,23,18042,1237,42473,83378,85954,3428.43,2140,4163,4885,7060,17204,32802,22372
2011,2,24,23663,84983,55737,56695,86977,3428.43,4918,3598,3023,6412,57591,26769,15759
2011,2,25,2222,34880,44419,71619,8498,3428.43,1788,2890,1527,5613,26268,23833,3940
2011,2,26,84337,78409,67997,34223,31822,3428.43,3376,1962,2887,9113,28529,39864,1554
2011,2,27,71224,69800,78463,15600,76212,3428.43,2368,4784,2285,6786,82754,12134,36054
2011,2,28,7079,19543,55026,28606,15156,3428.43,2438,4492,1053,6787,33714,15758,31294
2011,3,1,17091,79710,57580,72556,8239,1764.26,3779,4389,2258,9378,86952,44663,47444
2011,3,2,1747,81737,98301,88534,64491,1764.26,1963,4033,1870,9238,15540,13105,10436
2011,3,3,9360,15033,55511,62499,65099,1764.26,2190,2189,1606,9038,54744,34037,29738
2011,3,4,54918,14876,94779,97176,74254,1764.26,3190,1000,3467,6491,80885,44310,31732
2011,3,5,16927,92849,44696,98739,49769,1764.26,3195,1946,1102,8566,54329,40366,10236
2011,3,6,29795,87872,38908,5594,78994,1764.26,982,3910,1231,6150,31085,15485,10005
2011,3,7,82492,55628,7838,62312,62119,1764.26,1621,4044,2922,7668,94134,14042,5075
2011,3,8,27904,88682,55875,19524,38740,1764.26,1242,3533,3075,5149,90478,27068,10204
2011,3,9,41506,96461,10979,82738,13574,1764.26,4574,2416,4042,8763,74727,26161,8416
2011,3,10,43838,97701,71558,58112,65369,1764.26,2153,3272,1460,8027,12795,18938,32045
2011,3,11,4584,89038,94351,2659,20540,1764.26,1078,3396,1289,7056,77485,11214,34829
2011,3,12,81824,8412,23631,12218,47175,1764.26,4730,1011,2410,5290,49122,27779,48359
2011,3,13,74685,87629,87404,45410,65656,1764.26,1226,1590,1940,7742,89248,17672,16551
2011,3,14,66757,85327,37228,64398,8735,1764.26,611,1909,4476,9242,19127,12042,31066
2011,3,15,13953,23858,94015,42715,16498,1764.26,996,2533,2117,8506,69295,29124,9490
2011,3,16,40800,40522,15716,79092,38802,1764.26,2922,1124,1642,6034,86307,31728,4964
2011,3,17,22567,78271,38639,78396,77513,1764.26,1398,2816,2974,7086,50531,30824,24118
2011,3,18,51254,87377,38358,98371,27978,1764.26,3847,1094,1764,9562,64219,19678,24005
2011,3,19,80878,2142,41589,87520,9995,1764.26,600,3913,1165,8486,27308,10230,27896
2011,3,20,64708,25059,24199,62682,16823,1764.26,4857,4428,3458,9144,99150,12880,24730
2011,3,21,88572,42998,91564,85802,2560,1764.26,968,4789,4275,7067,14670,34269,5783
2011,3,22,74963,39261,33183,97481,29851,1764.26,2510,4557,3252,6862,73591,35075,26843
2011,3,23,12791,83449,35856,91249,64368,1764.26,4035,4291,4355,5598,55092,46914,35006
2011,3,24,61381,60572,13056,52008,23992,1764.26,2628,1250,1962,8682,12785,35827,16717
2011,3,25,79006,26648,96737,13611,64709,1764.26,742,2498,1094,7206,85098,34495,20328
2011,3,26,52250,99134,3787,46605,21084,1764.26,4871,2463,2154,5862,50822,26145,25231
2011,3,27,89643,3451,7803,61972,5614,1764.26,4150,1952,3587,7158,14581,28295,20589
2011,3,28,31215,79619,22146,1343,96863,1764.26,837,4111,4080,5976,95716,10163,23596
2011,3,29,47559,55588,42627,99713,28514,1764.26,2209,4508,3251,5622,96479,35216,9801
2011,3,30,36953,60630,52540,16892,21516,1764.26,778,4081,3090,7378,70423,19914,17121
2011,3,31,7281,22614,25417,46361,94942,1764.26,2876,2499,3071,7446,58564,37936,21133
2011,4,1,67126,72445,21259,67138,85276,3055.17,892,1818,4014,7333,83772,42486,6475
2011,4,2,98873,52854,71930,82557,39630,3055.17,1188,3594,3649,8901,73535,11133,48234
2011,4,3,91778,32387,4205,73632,7303,3055.17,582,4428,4585,5802,57917,16213,42142
2011,4,4,59372,78360,78470,84738,15693,3055.17,3575,1842,1447,5504,13472,37428,12242
2011,4,5,13739,36014,66023,3740,4915,3055.17,4873,3043,3295,9077,86674,11950,5910
2011,4,6,61219,68314,86379,92157,71210,3055.17,3369,1932,2654,6838,48021,18822,44296
2011,4,7,65433,41598,85615,13232,7102,3055.17,2011,2191,1452,6076,57283,22718,15440
2011,4,8,55295,72157,2114,59942,7586,3055.17,1891,3804,3452,8269,77312,11014,38788
2011,4,9,2566,2034,7947,41572,5224,3055.17,2622,2007,3917,9186,16590,37370,22321
2011,4,10,30028,33602,90915,97832,16635,3055.17,1901,1928,1705,9014,48222,44290,48198
2011,4,11,94155,20114,29447,83959,78384,3055.17,4972,2300,1214,9271,55223,46719,6759
2011,4,12,41592,84198,33727,55509,98787,3055.17,4230,1390,3918,9846,59349,16905,1302
2011,4,13,64694,46251,5186,1399,51618,3055.17,689,1552,3521,5135,29729,18256,3408
2011,4,14,98247,91055,81909,39742,60326,3055.17,1460,3268,2681,6294,90128,36467,3484
2011,4,15,86857,99359,97985,70775,15856,3055.17,4031,1106,4936,9217,98299,21553,7334
2011,4,16,78977,43989,33677,52498,35476,3055.17,2105,1318,1632,9013,89815,47488,29758
2011,4,17,72498,92628,82109,10179,29167,3055.17,2997,1022,2947,7918,12626,20154,22237
2011,4,18,34668,7181,703,54604,32750,3055.17,2508,1726,4341,6184,80575,11169,15354
2011,4,19,55942,17682,61243,43106,53047,3055.17,593,1096,1494,5414,52073,39203,17410
2011,4,20,61291,31423,21579,49238,92405,3055.17,4391,3423,3259,6446,98026,31009,24728
2011,4,21,1800,40535,92736,77494,33071,3055.17,758,4011,2343,6256,32116,10390,39663
2011,4,22,50019,39063,2286,26408,28117,3055.17,610,4406,2133,7090,54996,10889,20712
2011,4,23,78268,40740,54313,26528,43538,3055.17,3888,1689,4224,5960,39182,17302,18691
2011,4,24,22638,60549,47659,46334,26805,3055.17,1723,3174,1540,5360,19581,29656,46127
2011,4,25,96072,51545,85416,98206,5085,3055.17,902,3352,2502,9759,26231,41040,40412
2011,4,26,48450,50120,2730,74027,83095,3055.17,2672,2083,3811,6682,68416,11967,8264
2011,4,27,9162,91492,55143,77054,16853,3055.17,1710,4275,2619,8477,43832,47704,41076
2011,4,28,15241,69280,47409,12743,65391,3055.17,566,3839,1910,5736,16898,39556,39992
2011,4,29,47479,53243,61640,82642,66277,3055.17,4609,1789,1547,6103,68843,19034,30057
2011,4,30,23531,41906,84028,66151,383,3055.17,854,1974,2138,7942,44716,28880,27860
2011,5,1,14852,92721,40420,4067,13290,2708.29,2897,2883,2966,8758,49160,38022,29976
2011,5,2,11500,57302,25923,43955,26145,2708.29,2485,3049,4700,9987,84783,17834,30674
2011,5,3,96546,16758,6051,90512,77827,2708.29,820,4029,4003,9982,29447,23644,1284
2011,5,4,27567,97345,22881,85533,64236,2708.29,3555,2086,4341,9477,36041,21838,22041
2011,5,5,96503,19879,56240,61204,86218,2708.29,990,2762,4132,5044,89625,15734,41024
2011,5,6,93801,80446,60988,4156,28037,2708.29,4152,1214,4131,7032,41134,34718,40436
2011,5,7,55425,31042,76806,1118,46871,2708.29,2955,4725,1742,9195,20928,13230,29199
2011,5,8,86571,7396,34408,60703,16265,2708.29,2661,1190,1668,5110,30572,48865,40385
2011,5,9,96788,74725,20820,17272,58109,2708.29,1989,3532,1408,8794,14650,38921,28306
2011,5,10,24345,3958,48647,89773,33153,2708.29,1417,4722,3321,8734,96777,19182,35927
2011,5,11,32561,9439,36004,69742,15791,2708.29,4958,3930,2652,5777,46201,32112,16576
2011,5,12,50436,48191,45646,76135,43338,2708.29,1407,4033,1218,8182,73806,30109,26648
2011,5,13,15981,31576,66184,25655,23753,2708.29,990,1312,3750,7595,26054,18194,12961
2011,5,14,70523,61013,33472,44527,33143,2708.29,1639,3577,1142,9166,76063,15642,46025
2011,5,15,15284,57471,87938,12240,87525,2708.29,2348,4857,4670,8532,45511,33422,28096
2011,5,16,71493,97104,6088,76596,84699,2708.29,1136,1830,1724,7742,99747,18008,48494
2011,5,17,43336,92739,58929,3902,15023,2708.29,4157,1657,3814,8406,58896,46338,34992
2011,5,18,6542,17598,32548,16212,26130,2708.29,986,3973,1358,8322,90568,26211,28059
2011,5,19,20567,88057,31433,46424,35368,2708.29,1775,3702,1106,5694,82604,21643,47532
2011,5,20,32048,23114,34653,40862,51560,2708.29,3551,3100,1145,6099,74311,14534,43549
2011,5,21,80510,56650,83953,55672,28723,2708.29,3234,1290,1154,6018,28416,30648,40873
2011,5,22,43550,66544,25704,171,47247,2708.29,3165,1300,2772,5644,36506,49331,24660
2011,5,23,32719,6411,73784,60216,92510,2708.29,806,4370,1096,8302,61393,49818,48095
2011,5,24,21371,9629,31812,16652,5647,2708.29,3652,1106,3122,5707,82070,13450,26580
2011,5,25,30367,70237,2367,94491,9406,2708.29,722,2123,1634,7922,18691,20495,5225
2011,5,26,48403,48886,59867,69499,63032,2708.29,669,1516,2239,7480,17405,11574,37612
2011,5,27,44060,81058,34787,3534,86765,2708.29,516,3482,2092,8971,44324,46498,16857
2011,5,28,84197,54498,54974,62183,54806,2708.29,4030,3207,3901,5248,72706,18284,23665
2011,5,29,62860,24728,19039,10100,92208,2708.29,4337,2618,3852,8256,72503,36968,36444
2011,5,30,47332,82757,86803,34425,28081,2708.29,2274,2276,1975,8599,90810,13570,31127
2011,5,31,8617,56193,76340,47518,81441,2708.29,802,4300,1062,9606,70751,48683,49046
2011,6,1,66441,51302,87840,96916,40157,2509.33,4246,2913,2961,8670,67345,25439,41160
2011,6,2,42297,95974,77415,77249,86784,2509.33,864,2976,1885,9733,24416,42283,1104
2011,6,3,31888,85069,82408,33080,72172,2509.33,2066,3611,3744,9820,35526,38901,31092
2011,6,4,16065,79774,28167,60378,74796,2509.33,816,3444,1484,6470,10692,28267,45512
2011,6,5,63777,96557,37596,90663,46290,2509.33,2945,4529,4784,6846,27608,15718,28365
2011,6,6,62796,14676,90568,11541,89581,2509.33,892,1997,2219,8607,82374,47014,42447
2011,6,7,24119,18192,30459,31955,47774,2509.33,914,2902,4058,8348,34916,16700,7503
2011,6,8,58886,34214,11230,38670,15918,2509.33,625,3713,4864,7545,13220,25797,5190
2011,6,9,39992,7047,97795,62211,52006,2509.33,576,1123,1063,9578,16164,28837,46521
2011,6,10,96242,34651,23092,66653,15172,2509.33,3352,4056,3572,7534,12726,40841,24360
2011,6,11,82475,19704,35907,52340,17249,2509.33,3136,2239,4557,9158,35801,12566,42512
2011,6,12,38803,27731,94038,69867,66470,2509.33,510,2710,4469,8146,29362,34640,18467
2011,6,13,62506,29067,75050,87430,56352,2509.33,3270,3826,2478,8364,15044,41079,37776
2011,6,14,6689,35654,14671,72599,77936,2509.33,4160,1737,1822,9110,11850,27375,16825
2011,6,15,3017,68011,56438,72486,56157,2509.33,3478,1462,2570,8527,22442,20274,2153
2011,6,16,52655,67066,59101,76485,31243,2509.33,3915,2930,3622,8586,26880,12909,32970
2011,6,17,15411,1042,45999,26317,85592,2509.33,838,4959,3316,5674,93797,39473,48955
2011,6,18,11337,83628,40839,58908,48507,2509.33,533,1160,1698,7950,93996,27940,29634
2011,6,19,53955,27913,32223,72577,92851,2509.33,1837,3260,1496,7835,50928,28439,9104
2011,6,20,13142,87324,83399,46459,96508,2509.33,2283,2844,2174,6252,83103,42032,43548
2011,6,21,72755,78637,43193,35805,49622,2509.33,3744,4927,1453,9306,92503,24303,3542
2011,6,22,37775,10693,98916,14271,74880,2509.33,4061,3021,4870,8811,34479,16377,16196
2011,6,23,2360,3115,90574,95886,96236,2509.33,2918,1398,1654,7462,21146,15974,40029
2011,6,24,67356,51244,70917,65161,29915,2509.33,815,4040,1882,9470,98310,15343,29772
2011,6,25,37278,23724,69717,7148,32535,2509.33,4877,1245,3661,7350,63483,36248,20548
2011,6,26,86832,17754,21591,71848,31568,2509.33,4189,3923,1684,7350,64083,22950,9090
2011,6,27,6230,19900,56991,96693,90982,2509.33,3387,3259,1530,8103,51758,44261,21653
2011,6,28,68651,41636,11860,8664,38439,2509.33,4912,1106,4447,5718,13468,41014,25343
2011,6,29,58296,52658,39938,84980,79116,2509.33,4281,1406,1118,5114,98388,31253,4022
2011,6,30,2924,93129,75865,14651,57584,2509.33,538,2586,4258,7123,51249,24048,27624
2011,7,1,96162,65670,71913,95369,79139,2015,3663,3147,4216,8643,43614,39589,29279
2011,7,2,29277,45311,29862,60549,60052,2015,4823,3179,4683,8958,27114,47306,27467
2011,7,3,86091,86053,82917,73214,37303,2015,2030,4815,2634,9718,45183,18124,6966
2011,7,4,69573,98848,16273,38789,53843,2015,4729,3118,1549,7606,60018,31600,26239
2011,7,5,84762,39843,51132,54445,50669,2015,1750,1758,1310,8214,19952,34304,44598
2011,7,6,74336,78354,84120,46971,18648,2015,1446,3219,1718,8150,43360,14696,45656
2011,7,7,40310,4442,14167,61859,95385,2015,4810,1497,1546,7293,50941,31047,24186
2011,7,8,21891,19044,34158,2541,70062,2015,1844,4397,3833,7316,15448,14970,10481
2011,7,9,82972,39166,62052,60178,3237,2015,4873,4897,1205,5391,38107,37941,21764
2011,7,10,79577,14270,34439,9956,41563,2015,2354,3452,1558,6074,82345,14384,1732
2011,7,11,1992,35542,67937,57177,89210,2015,4656,3532,1173,6130,48709,12326,25656
2011,7,12,14824,39935,10659,57381,45327,2015,1673,1254,3034,6111,67562,20948,48766
2011,7,13,64195,74917,753,84969,32781,2015,2156,1123,4991,6518,16610,24200,33098
2011,7,14,52101,39309,12734,83274,48721,2015,4034,4896,1377,8422,37276,13055,11443
2011,7,15,26162,48951,4310,89196,11414,2015,1495,1226,3140,7247,76928,12272,38224
2011,7,16,26698,85437,79748,61689,61882,2015,2240,3981,1110,9956,13606,17570,4400
2011,7,17,92769,63993,88677,10498,25037,2015,3552,1197,2607,8436,56744,35372,42306
2011,7,18,82438,83240,27333,61930,26839,2015,4201,3535,1049,9910,31575,17930,4262
2011,7,19,74701,33817,98264,34761,65142,2015,3540,2909,2213,8569,68406,33601,28222
2011,7,20,7227,58311,1151,14834,52525,2015,1557,4961,2485,7790,96890,10966,7895
2011,7,21,14504,87444,54212,20553,57744,2015,4835,3795,1920,9450,83555,17686,2140
2011,7,22,47673,43449,75359,56238,8370,2015,4839,1200,3427,7982,46780,20951,43765
2011,7,23,65237,29690,22265,39074,23580,2015,1101,4434,4301,5158,91339,47044,35507
2011,7,24,28805,12527,62193,64760,31977,2015,2207,1000,1104,7844,52238,30268,12100
2011,7,25,34035,58430,62216,52462,65771,2015,3412,2358,1494,8142,86432,44968,8996
2011,7,26,97535,42534,49404,36836,69199,2015,954,4354,4620,9722,79113,12838,40743
2011,7,27,74524,77674,97598,96423,51591,2015,1691,1258,4616,5258,38085,40386,16188
2011,7,28,30607,77850,37746,85644,56230,2015,611,3763,4414,6134,13910,34965,40530
2011,7,29,87109,73535,99320,73081,85958,2015,4677,1832,2458,8626,89607,40400,44786
2011,7,30,54814,32651,42378,79430,37909,2015,1167,3514,1016,7834,70509,47245,46815
2011,7,31,80794,51122,17362,80209,97488,2015,722,1906,4197,6822,74028,16507,40664
2011,8,1,48706,93340,64440,53684,99299,2439.65,3496,1948,3569,7925,86209,10383,21193
2011,8,2,74094,71076,67752,14358,41586,2439.65,634,2706,3710,6874,13100,39373,14998
2011,8,3,56885,7494,3572,54081,81523,2439.65,4710,1579,4769,8166,17462,29068,20079
2011,8,4,31694,25112,77369,95263,13038,2439.65,1998,3482,4653,6101,17839,42590,13578
2011,8,5,87451,29343,85297,36161,21054,2439.65,534,4289,1384,5457,48370,13561,41842
2011,8,6,65536,94433,76493,11657,4934,2439.65,724,1627,3219,8900,48241,47608,26756
2011,8,7,14375,36592,51091,65380,92694,2439.65,2969,1214,1962,9617,16304,16302,35282
2011,8,8,67812,58191,62672,83499,20000,2439.65,2059,1078,1825,7112,13542,43110,27394
2011,8,9,66660,70620,79738,84879,5065,2439.65,2486,1590,1854,9928,18870,23615,44332
2011,8,10,85210,59140,70112,32538,35110,2439.65,4567,2920,1924,7190,86418,30956,2768
2011,8,11,90984,83478,82843,29161,73381,2439.65,2270,1391,3355,8360,41269,19114,12737
2011,8,12,12692,90108,40563,93614,90036,2439.65,3581,1597,2223,7394,24134,18726,41733
2011,8,13,72812,25054,55253,33769,4996,2439.65,1076,1966,1499,8950,41490,31232,41671
2011,8,14,43007,13762,87624,42715,82122,2439.65,2485,1164,1438,8047,19138,41740,45246
2011,8,15,29780,4711,49690,63356,74755,2439.65,687,2565,1902,7590,97685,36576,40176
2011,8,16,28963,45114,48908,86815,75384,2439.65,3046,4742,1030,5669,93808,18983,40398
2011,8,17,50915,41294,30148,2620,45694,2439.65,711,1918,1984,6550,38827,47094,1278
2011,8,18,576,70868,94660,32157,41808,2439.65,3733,2121,2458,7640,73935,29194,42346
2011,8,19,24390,91982,80289,44901,14004,2439.65,3883,4917,1741,6278,83888,27434,40449
2011,8,20,61661,44600,69260,34000,55000,2439.65,1093,1927,1250,8450,16362,13886,24439
2011,8,21,803,89169,40587,54613,6809,2439.65,662,2550,2855,6798,92450,36858,14522
2011,8,22,87247,72686,18128,35341,99421,2439.65,2774,1080,1615,8385,11432,17967,2017
2011,8,23,39177,8878,89895,50834,17335,2439.65,650,3136,4498,7588,72749,22658,10330
2011,8,24,92110,89260,70209,31317,86059,2439.65,3174,3304,1696,6302,17298,18006,12659
2011,8,25,88319,37772,28550,51286,52509,2439.65,604,3036,1750,5498,58870,32545,39982
2011,8,26,2181,79521,682,1679,73461,2439.65,4336,1148,4042,9100,13238,15100,39783
2011,8,27,73556,81413,54757,25252,67715,2439.65,2720,2384,2524,5106,23670,20032,13402
2011,8,28,77603,25627,78070,42813,1126,2439.65,1709,3305,4163,9594,21335,22623,3292
2011,8,29,48526,45672,4545,43920,40217,2439.65,4019,3772,4195,8822,55375,33261,17783
2011,8,30,59882,48096,55647,77406,85717,2439.65,3789,3318,1294,8210,22483,38771,45669
2011,8,31,11502,64193,58429,60665,22936,2439.65,4639,1461,1770,8378,15380,32003,29764
2011,9,1,40753,12128,37514,37233,67504,1464.73,2113,1950,2773,9046,17667,38441,20776
2011,9,2,54660,97338,9736,12871,19821,1464.73,4371,4013,3287,5582,23300,12234,14860
2011,9,3,17380,11114,28487,21564,42847,1464.73,4882,3598,3969,7504,20830,22824,26842
2011,9,4,34523,34296,54775,27296,8814,1464.73,2088,3472,2483,8176,92694,22303,38794
2011,9,5,23036,33419,22669,46323,34807,1464.73,4373,2185,3434,8432,90101,16280,12322
2011,9,6,21054,66336,16231,60023,80083,1464.73,4198,1924,2707,5334,74604,12872,3413
2011,9,7,59119,6694,92698,77954,81222,1464.73,1608,4256,3809,9277,66930,19967,35392
2011,9,8,1599,16305,38506,91385,26868,1464.73,2665,4272,1293,7800,40646,41375,28607
2011,9,9,77309,39845,38685,81368,10170,1464.73,4240,1288,1334,6937,63592,17555,13290
2011,9,10,72329,80201,38164,7491,35830,1464.73,2457,3779,2749,5962,45164,14617,5094
2011,9,11,60921,52830,28890,72214,93077,1464.73,4941,1736,4380,8625,68104,35901,19537
2011,9,12,48267,78697,21541,953,65634,1464.73,4859,4313,1685,6054,61803,17514,1485
2011,9,13,78117,39262,87647,15866,55224,1464.73,1834,2496,1991,5724,18866,11419,32811
2011,9,14,11613,1003,98157,37345,35981,1464.73,3246,1206,1308,9582,12478,43293,32613
2011,9,15,96272,36411,97607,94309,25786,1464.73,3174,1042,1046,5820,36118,36598,9411
2011,9,16,48631,49306,19095,66974,91382,1464.73,3393,2993,1158,5812,40337,43490,40157
2011,9,17,91866,13584,94090,53174,24723,1464.73,1466,2345,3402,6934,31653,24187,45641
2011,9,18,69835,59828,94441,1210,92001,1464.73,2808,1982,2568,6518,23956,15826,46912
2011,9,19,79763,18702,6943,20922,27955,1464.73,4411,4819,3567,9714,89344,18289,13632
2011,9,20,20493,85811,71987,85248,96235,1464.73,4434,2421,4818,7574,99982,38170,3640
2011,9,21,33491,4143,45154,46059,43750,1464.73,1359,3511,4162,6612,60784,48468,35462
2011,9,22,53285,91549,68288,46852,16401,1464.73,1492,1893,4793,6966,22140,22379,7632
2011,9,23,73470,97927,71153,69641,84506,1464.73,2810,4347,1138,5936,80405,19026,21136
2011,9,24,4777,46765,42539,25291,36418,1464.73,3758,4702,1222,8210,52905,27623,3323
2011,9,25,16029,34399,64517,92174,4229,1464.73,4553,2698,2286,5705,63690,14406,3009
2011,9,26,6841,21501,36140,98471,40817,1464.73,3848,1194,1013,5486,70883,32431,32898
2011,9,27,12414,60994,38486,23636,19392,1464.73,1258,1706,2140,5774,27593,46369,41391
2011,9,28,35135,8499,24068,52422,44204,1464.73,565,2396,1228,6122,82218,32777,4110
2011,9,29,55954,16067,44723,51968,8806,1464.73,750,1218,1598,5587,44853,45989,15606
2011,9,30,46978,96113,47762,5471,28239,1464.73,1839,4725,1702,9062,48498,10759,41707
2011,10,1,19064,44508,38329,58472,26726,3108.61,4425,2792,1666,5498,67949,47785,21107
2011,10,2,99847,5520,90736,55434,50373,3108.61,3762,2836,2190,8474,14864,17802,3078
2011,10,3,92424,3505,75453,84682,52003,3108.61,1048,2417,2071,5729,45888,23796,36212
2011,10,4,56836,60314,82941,39016,59410,3108.61,1800,4255,2760,7784,31040,39485,17242
2011,10,5,46965,49804,18674,14155,90388,3108.61,4402,2811,1922,9718,83844,47958,42453
2011,10,6,17419,64894,85376,14490,623,3108.61,4637,3809,4281,7870,12824,33691,47617
2011,10,7,21172,65977,59299,93933,26216,3108.61,4769,3180,2846,8442,14774,13233,6692
2011,10,8,10896,93090,62397,56852,74296,3108.61,1162,1713,2486,5788,22554,44460,46242
2011,10,9,20506,93545,18270,44788,47475,3108.61,4830,3645,4773,7830,78929,11986,47446
2011,10,10,27172,45051,45521,18,13494,3108.61,3251,1490,3648,8026,13943,49295,49208
2011,10,11,88241,85106,57362,15727,74348,3108.61,774,4852,3459,9624,55991,37285,29916
2011,10,12,42253,822,5932,72026,37655,3108.61,4366,4825,1263,9886,64843,26108,1213
2011,10,13,55446,44447,33201,30446,86446,3108.61,4741,4686,3601,7102,90412,22948,47144
2011,10,14,33370,66952,34153,23182,61759,3108.61,942,4011,3669,5508,92388,11323,6497
2011,10,15,315,36755,26150,62930,42994,3108.61,4037,4790,1782,8589,45236,38235,40993
2011,10,16,35733,41330,12922,686,78432,3108.61,4985,3152,1637,8286,67685,48395,19687
2011,10,17,96987,28153,68759,20656,27254,3108.61,1979,2567,4253,8970,13706,23598,27500
2011,10,18,15473,62238,88390,67263,50827,3108.61,1004,1559,1306,9552,14414,19737,33626
2011,10,19,54458,43583,14242,57447,34073,3108.61,841,1058,1431,7686,51713,20036,31928
2011,10,20,68452,50045,13957,99057,74525,3108.61,2655,1348,3042,7396,89962,33868,20805
2011,10,21,27374,11813,36780,18680,46584,3108.61,4768,2392,1270,9009,74838,34382,40377
2011,10,22,17289,80680,65441,60072,87984,3108.61,934,1434,3550,8138,55491,16158,33506
2011,10,23,81221,44499,80776,64263,21895,3108.61,4483,4267,2549,7614,67946,45484,20738
2011,10,24,24343,72715,62877,24653,8076,3108.61,4034,1486,4746,6678,85435,22729,37715
2011,10,25,74333,31896,79165,74235,75960,3108.61,3660,3532,1020,9435,54146,33751,1008
2011,10,26,174,68630,83019,99075,52597,3108.61,4559,1938,1382,7435,17943,14457,17317
2011,10,27,45151,93330,6174,79897,34157,3108.61,3977,4840,4856,8141,99074,32168,41610
2011,10,28,65501,47735,5701,61006,77171,3108.61,1108,3695,4828,8262,92769,47424,9847
2011,10,29,77795,53681,90715,34177,61117,3108.61,3634,2618,1987,9624,10086,10010,8658
2011,10,30,12769,21492,77336,52626,35986,3108.61,1145,1485,1000,6845,78843,34017,42762
2011,10,31,83044,89952,44065,27872,431,3108.61,600,3224,1866,6010,28753,17982,36835
2011,11,1,27388,90601,43007,48547,9467,1367.3,2667,2310,4188,6644,83295,31949,11854
2011,11,2,47790,1133,38798,70987,96328,1367.3,4029,1279,3231,7634,12274,36417,39167
2011,11,3,23549,97638,93284,55911,26391,1367.3,1930,1102,3218,6288,35028,27685,11267
2011,11,4,68143,12696,24996,73683,59340,1367.3,1984,3480,1558,7133,94466,22102,24643
2011,11,5,16300,48496,24734,49531,46749,1367.3,2299,1649,1783,5583,42559,34526,44147
2011,11,6,23202,55842,54656,91420,12131,1367.3,922,1624,3730,7366,70306,44421,6036
2011,11,7,51446,58643,34254,77221,85776,1367.3,674,2075,3567,6759,67957,13344,28720
2011,11,8,906,20258,43317,42689,65841,1367.3,3566,4041,1717,9158,96812,20199,35877
2011,11,9,20610,82270,66824,55693,9073,1367.3,974,1046,2124,8744,54090,47900,3483
2011,11,10,29439,69765,99976,23006,26524,1367.3,1025,3780,4541,9341,11310,20381,34285
2011,11,11,25218,46388,75775,83288,60962,1367.3,3486,2922,1208,6662,53614,30280,38940
2011,11,12,90145,3729,40799,2269,4448,1367.3,702,1966,1004,6495,89595,23879,44889
2011,11,13,781,85621,67660,5322,24962,1367.3,2055,1531,3219,8372,49818,10532,20481
2011,11,14,73121,19657,8455,60681,56319,1367.3,2313,1462,2149,8111,65083,36596,12070
2011,11,15,9353,81604,36834,6709,98100,1367.3,588,1918,2048,9208,36904,13478,26429
2011,11,16,1432,45312,19894,34651,45846,1367.3,758,1298,4367,9989,95998,45686,19712
2011,11,17,32059,53312,8501,14208,67775,1367.3,2155,3478,1566,5590,12598,19638,23584
2011,11,18,13122,47128,84870,41522,61727,1367.3,4883,4510,3437,9562,30512,45634,38126
2011,11,19,840,75696,80952,6560,62037,1367.3,3597,4094,1612,7097,24653,30739,26950
2011,11,20,67034,41809,24218,38573,28501,1367.3,3210,1621,4235,9431,99495,32314,40757
2011,11,21,63909,94379,61825,47346,25508,1367.3,2979,1346,4383,9366,32905,46419,42337
2011,11,22,67233,1503,56866,30198,94953,1367.3,936,1985,4678,6050,16909,18179,31519
2011,11,23,42263,25120,26153,62850,50903,1367.3,682,4810,1378,6987,78508,11885,25648
2011,11,24,15677,87840,4584,60,78123,1367.3,2831,1450,1695,9696,91904,16647,3842
2011,11,25,1216,52841,44985,57246,70698,1367.3,1776,2959,3364,7929,92161,17094,11894
2011,11,26,9929,37325,85430,62659,60665,1367.3,4543,1340,1776,5479,92751,29899,13938
2011,11,27,99321,55583,91607,71016,91632,1367.3,4015,2846,2702,5351,66443,23399,33511
2011,11,28,93598,8221,52712,13314,92502,1367.3,3932,3781,2196,9361,81440,18434,44873
2011,11,29,33299,22336,51905,85075,67815,1367.3,1325,3486,1590,5872,70854,16452,44657
2011,11,30,6442,24870,17420,75496,56573,1367.3,3895,1521,3435,6454,79835,15126,33864
2011,12,1,80120,36070,95027,49481,17510,3112.19,2778,4845,2495,8418,15328,17151,20592
2011,12,2,15531,91147,95,54814,62001,3112.19,2607,3221,1480,6214,76145,25950,8316
2011,12,3,51998,42668,50738,19956,38855,3112.19,2785,3973,2742,7812,84805,21604,1674
2011,12,4,14756,83936,61450,37251,84492,3112.19,754,1974,2958,6854,71187,21310,35461
2011,12,5,29164,48795,90884,71251,1897,3112.19,3552,1014,2400,8588,90201,31254,33382
2011,12,6,32315,22988,16580,36410,67152,3112.19,3013,1906,1671,5814,19156,36162,17737
2011,12,7,37627,39911,2537,30586,77111,3112.19,3247,2626,2517,5483,93876,40765,23724
2011,12,8,8865,23782,11012,51265,88071,3112.19,3870,1570,1114,7234,73146,15416,1214
2011,12,9,99538,31160,89610,1209,83326,3112.19,2370,1912,1380,9906,67888,16990,25118
2011,12,10,79982,2489,81117,18851,27972,3112.19,968,1835,1078,6979,17834,12814,41346
2011,12,11,4545,53322,39934,45097,35123,3112.19,4151,4659,1942,8760,52219,10267,29432
2011,12,12,231,39590,81220,81611,45849,3112.19,870,2181,2947,9806,61032,12270,15460
2011,12,13,28915,37001,49106,44041,40332,3112.19,3588,1228,3229,9874,22676,24703,19909
2011,12,14,49306,91829,25715,26249,66941,3112.19,2867,2170,3875,7158,48780,46075,27934
2011,12,15,65899,88882,38257,50198,26451,3112.19,2468,1486,2640,7925,15756,18658,15641
2011,12,16,97835,79345,70553,21064,99219,3112.19,2119,4876,1408,7833,14962,18349,9581
2011,12,17,32120,10344,35520,65995,10783,3112.19,2069,1680,1780,5350,26877,32335,1316
2011,12,18,15967,5698,4052,84959,33624,3112.19,634,1457,1016,7538,68872,31074,19808
2011,12,19,7120,80992,95951,8528,35178,3112.19,3228,2296,3769,5100,33290,24551,3427
2011,12,20,45753,11712,17584,51638,12037,3112.19,658,4354,1510,8760,45665,16485,10814
2011,12,21,40535,56300,47943,72390,70191,3112.19,3463,2309,1030,9413,17574,15687,33168
2011,12,22,2840,95418,32984,32962,56870,3112.19,3864,2621,4336,7800,70610,22725,32626
2011,12,23,68614,70935,83432,51476,91662,3112.19,2961,3547,3100,9050,20936,38290,45449
2011,12,24,81775,24401,81952,12286,23814,3112.19,2972,3005,1826,7308,92318,11138,34140
2011,12,25,26286,66183,71751,36975,90335,3112.19,1051,3947,3294,9482,26775,19850,42361
2011,12,26,21284,11089,53503,39384,59696,3112.19,4025,1470,1598,5976,53755,39004,24440
2011,12,27,26468,48080,98362,22377,91740,3112.19,1505,4377,3214,6522,71351,13548,40680
2011,12,28,5617,47403,38849,35264,23237,3112.19,1570,4519,3063,6425,16886,19110,31976
2011,12,29,17217,44280,10581,32408,86608,3112.19,2763,3075,1022,6125,51803,12870,30688
2011,12,30,76805,43309,87588,66371,6565,3112.19,4919,3533,2692,5119,80148,12281,8939
2011,12,31,67095,36719,6801,76510,63144,3112.19,619,1711,4038,5114,29118,20646,23408
2012,1,1,16883,74,14711,3008,51877,2244.87,1163,1542,1860,8886,18101,47151,34274
2012,1,2,25158,62987,86196,10277,43135,2244.87,2370,1204,1629,7768,75700,45036,48477
2012,1,3,15851,72412,95427,88403,1531,2244.87,2994,4764,2497,9056,54123,34373,16073
2012,1,4,73330,66639,45911,61543,45525,2244.87,870,1372,4701,7592,80957,19187,30364
2012,1,5,76070,74680,15392,47699,44911,2244.87,4086,1532,4855,9034,49163,47737,7444
2012,1,6,36938,23510,48854,19435,12567,2244.87,670,2247,4614,9718,80141,31491,2977
2012,1,7,29138,21539,2173,88839,49132,2244.87,3025,1670,1036,9768,89250,35424,49483
2012,1,8,63565,48337,96186,43420,19201,2244.87,2508,2489,1750,6361,91924,14128,11701
2012,1,9,25690,78437,16376,95304,10859,2244.87,3146,4995,4407,6714,45185,33538,12870
2012,1,10,61154,69563,8739,68019,25683,2244.87,3442,4246,4028,5979,49017,48229,14341
2012,1,11,77681,6526,70719,62891,29239,2244.87,2018,4927,3782,9745,66583,34640,28995
2012,1,12,22615,26082,40988,57023,87753,2244.87,1912,1058,1478,5651,33276,47769,36173
2012,1,13,96344,53071,87016,75373,69051,2244.87,4953,1730,3910,5438,25972,18034,36034
2012,1,14,56019,19343,59429,29801,29088,2244.87,793,1702,3445,7150,25076,12404,42364
2012,1,15,74306,81989,21456,46392,63992,2244.87,4160,1370,4153,9478,52059,43203,21084
2012,1,16,83562,42013,56286,58824,19036,2244.87,3324,2006,1599,9105,21206,47039,32258
2012,1,17,81469,52000,15094,66266,23780,2244.87,2463,4436,3509,8950,60828,10034,40170
2012,1,18,31354,21341,79189,71859,68869,2244.87,1414,2429,4611,7699,27605,17302,31248
2012,1,19,36310,90930,83701,37909,30035,2244.87,1299,2855,3257,6392,94120,13388,21259
2012,1,20,72914,16584,27826,11424,93206,2244.87,562,1830,1345,5816,12769,45214,5006
2012,1,21,73416,94184,63996,63027,48235,2244.87,1672,4543,3882,6926,38804,28916,41601
2012,1,22,92983,40104,56772,82592,72849,2244.87,980,1532,1502,5334,73536,43385,17245
2012,1,23,45163,3813,34296,87860,45981,2244.87,4425,4395,3951,6852,82421,22186,13417
2012,1,24,71374,70447,23082,70256,58523,2244.87,524,1505,3341,8647,50448,41189,11886
2012,1,25,55892,46429,36951,56072,86586,2244.87,808,3099,1312,7222,35959,26632,10488
2012,1,26,79873,35385,96028,70176,15158,2244.87,3713,1531,1018,7210,73138,40121,44802
2012,1,27,10033,88663,91627,28374,93663,2244.87,4562,4553,4855,5740,21976,15596,42076
2012,1,28,99705,87785,55893,30356,4241,2244.87,3339,1886,4940,5719,70639,25097,8204
2012,1,29,30521,79354,77981,12120,27501,2244.87,2240,2532,1133,7318,65906,49795,1120
2012,1,30,18647,1821,15702,23502,74686,2244.87,2646,4389,1814,9891,19010,46054,37678
2012,1,31,28095,44437,46519,4387,80156,2244.87,4484,2027,2862,7642,39146,13438,33510
2012,2,1,7740,94248,97422,67959,60154,1423.69,1604,3325,1252,6457,53011,49651,13569
2012,2,2,90457,27401,91466,10348,48498,1423.69,3441,2934,1586,5666,89441,33898,3872
2012,2,3,38665,16470,63114,12481,55616,1423.69,510,3354,4074,7541,47664,40579,19828
2012,2,4,47462,50621,68906,43084,93431,1423.69,4086,3886,1346,8966,94233,30518,38269
2012,2,5,54423,49027,39805,71164,8207,1423.69,1413,3222,1438,9062,92055,17682,29246
2012,2,6,20707,62176,97389,51133,46069,1423.69,1712,3529,2025,6969,52964,10920,11406
2012,2,7,65238,62051,5694,47258,78954,1423.69,4127,4727,1250,7872,20890,39863,49927
2012,2,8,79530,42305,53087,41596,43183,1423.69,4277,3888,3668,6046,15021,19736,45142
2012,2,9,34424,73086,63266,46449,16407,1423.69,3256,2995,4632,7908,45252,23586,32583
2012,2,10,90229,55733,23314,71886,89664,1423.69,1748,4192,4212,9678,10788,12394,10557
2012,2,11,76328,86418,26284,99996,59436,1423.69,4731,1750,1492,9349,56659,13499,7657
2012,2,12,81932,41268,61495,92916,31569,1423.69,1501,1796,3830,6167,10033,18494,23099
2012,2,13,83076,71783,54039,2288,2969,1423.69,4681,4296,2596,7316,95643,43383,31179
2012,2,14,64973,81728,53595,12066,31077,1423.69,564,4359,2872,6830,22274,49440,26606
2012,2,15,76510,5129,37590,55340,11296,1423.69,770,1454,1522,8458,13009,38725,47623
2012,2,16,75403,94043,34374,59351,1360,1423.69,2734,2683,3095,6328,11101,25523,46369
2012,2,17,82934,3018,4883,67158,56429,1423.69,1597,2937,3637,8758,18542,26284,27158
2012,2,18,84514,44815,87007,20270,55391,1423.69,3994,1594,4057,9719,90143,11768,1654
2012,2,19,56089,92878,94453,536,65558,1423.69,1059,3490,3570,7293,15647,31350,5554
2012,2,20,40803,98597,14288,89440,35488,1423.69,723,1270,1462,5468,56621,35472,35269
2012,2,21,69097,31969,82617,79507,41688,1423.69,1274,4127,1988,8342,14663,13897,22760
2012,2,22,23984,90723,28740,32555,4368,1423.69,522,1430,4335,9098,34609,11174,10739
2012,2,23,96165,334,47527,76247,69415,1423.69,3070,4863,2467,5558,34369,44155,4148
2012,2,24,99799,41996,24635,98139,44075,1423.69,2036,3057,1371,6270,16963,11974,39298
2012,2,25,51515,47221,95910,27202,8117,1423.69,4727,4280,3555,9042,96878,32970,46871
2012,2,26,22753,24949,4186,75221,35635,1423.69,727,1784,1108,5926,49923,40975,38555
2012,2,27,49660,28312,9034,12383,19087,1423.69,3121,1952,4568,5382,14153,14036,42349
2012,2,28,22254,68881,18317,85809,87486,1423.69,550,1974,1494,9315,14550,16972,31547
2012,2,29,94222,87538,60266,74772,97899,1423.69,2098,3909,4851,7483,76292,40290,26541
2012,3,1,55766,77243,5753,31149,7749,3220.39,3401,2980,4457,9209,80466,18918,19790
2012,3,2,90693,7057,58851,30008,8867,3220.39,4229,1403,1234,5352,10653,36841,33684
2012,3,3,47451,74564,58046,21287,67208,3220.39,1118,2972,1164,6454,54120,33325,48336
2012,3,4,79364,7522,42659,50174,63084,3220.39,2529,3775,1510,7731,83782,10806,23125
2012,3,5,11416,24364,68154,71717,39716,3220.39,4909,3518,3369,9306,24804,20576,28807
2012,3,6,97642,62275,43550,39572,5497,3220.39,4248,4860,1543,7654,51385,15798,14022
2012,3,7,55031,3915,54754,1563,31646,3220.39,3312,3060,4251,5890,31128,35318,4888
2012,3,8,20273,22391,38837,89994,71697,3220.39,1922,1390,2266,6823,25261,47763,29993
2012,3,9,845,30862,48976,38740,62769,3220.39,4717,4150,1262,6646,52065,18238,1474
2012,3,10,65711,25378,11685,61314,83196,3220.39,1631,3467,2906,7310,19634,19603,9165
2012,3,11,31813,53087,71646,74080,39910,3220.39,3194,2106,4119,7052,95845,13784,13259
2012,3,12,20234,51916,57391,40860,62738,3220.39,4482,4799,1184,9398,12234,34379,9456
2012,3,13,96684,19097,54199,94590,70917,3220.39,4192,4080,2097,8786,93159,23359,14012
2012,3,14,65448,47706,30466,9568,51227,3220.39,2806,2811,4577,6582,28670,23667,42663
2012,3,15,16004,38154,18467,67189,75672,3220.39,2919,2354,1379,8502,66944,13647,40932
2012,3,16,52482,47489,82728,85931,99679,3220.39,4289,1070,4944,6106,74692,15056,42240
2012,3,17,48770,23852,95335,59699,14048,3220.39,4717,1942,3510,8184,13591,16754,24006
2012,3,18,25468,31511,26537,1847,3629,3220.39,996,2461,2320,8220,58392,14006,9833
2012,3,19,40460,34034,38477,96757,40141,3220.39,4279,1074,3371,9613,81311,33771,29521
2012,3,20,39971,31030,13823,18481,15566,3220.39,4014,1032,1130,5550,59230,45256,43766
2012,3,21,41735,41076,67718,99055,5648,3220.39,2405,2459,1495,7118,59215,32987,42462
2012,3,22,56754,79847,54601,10126,79460,3220.39,3896,1574,3292,8150,54262,48857,35912
2012,3,23,67836,43277,56242,59463,75179,3220.39,4718,1912,2898,8788,32319,28546,31824
2012,3,24,81250,4725,57358,74097,31958,3220.39,3435,3710,1418,8035,15187,42229,16573
2012,3,25,30300,9084,28012,13592,33154,3220.39,3801,2340,3254,5606,76803,33433,48627
2012,3,26,33219,47874,66698,22469,86662,3220.39,2366,4263,1622,9456,58359,16462,49017
2012,3,27,91296,81796,57113,4066,76183,3220.39,2647,1481,1383,5334,36425,30888,22300
2012,3,28,39285,81579,48230,13892,82973,3220.39,2324,2542,4257,8052,55011,42271,41385
2012,3,29,29391,72378,76535,49483,47102,3220.39,2884,4748,4392,10002,75166,25575,1246
2012,3,30,47296,87814,48409,45031,44824,3220.39,919,1870,1411,8150,14351,15736,34834
2012,3,31,98237,61676,98279,87494,92049,3220.39,4764,2790,3371,5310,87273,21824,19642
2012,4,1,21510,92925,89641,96506,68091,1593.4,638,1816,4976,5183,11782,31161,31568
2012,4,2,97455,1188,63926,54307,15539,1593.4,2542,3565,4291,6387,15790,30285,29662
2012,4,3,36153,39757,88657,25155,43382,1593.4,4050,4890,3404,5043,61395,37847,10481
2012,4,4,86611,21548,43751,66587,43083,1593.4,4100,1888,3368,8025,11194,10258,10830
2012,4,5,74039,80089,3824,34682,36477,1593.4,4966,3980,1897,7254,14134,10566,5790
2012,4,6,80455,79538,70169,212,34581,1593.4,3058,2542,4462,8160,16546,28897,47916
2012,4,7,8991,84582,85786,3711,12607,1593.4,3969,2996,3420,8298,37677,46248,13333
2012,4,8,56286,18997,35229,18183,88971,1593.4,3460,1564,1038,7266,85988,46184,49364
2012,4,9,41544,74047,33727,27359,38559,1593.4,2607,2548,3788,9498,67611,17746,4208
2012,4,10,88077,81581,87095,97850,15725,1593.4,4097,3362,1030,9326,13098,15442,41125
2012,4,11,45042,30006,51220,6646,39986,1593.4,2829,2881,2605,5824,41591,16164,37208
2012,4,12,7116,14199,30065,62256,5295,1593.4,758,3371,1224,7096,15154,27684,47676
2012,4,13,74573,51670,16047,34693,47348,1593.4,1487,3740,3947,7706,31737,25285,22591
2012,4,14,21267,34567,23167,48872,87475,1593.4,1387,1892,1258,5838,73196,16953,31110
2012,4,15,75480,19551,10325,71088,53000,1593.4,3771,2571,2270,9422,78616,49617,34249
2012,4,16,53760,95104,74711,39060,62810,1593.4,4344,4075,2366,7734,49299,11192,6448
2012,4,17,84972,80687,72134,96631,42139,1593.4,3583,3970,1232,8630,21409,34231,45330
2012,4,18,74509,36533,61803,76779,67702,1593.4,2748,2812,1873,7458,76871,14683,40419
2012,4,19,40258,41216,15111,97624,61430,1593.4,698,1400,1448,7300,43030,19938,30762
2012,4,20,8983,56615,53909,90215,96875,1593.4,4445,2734,1849,5208,64513,45902,25318
2012,4,21,59371,23614,33716,11244,57424,1593.4,2278,2680,3154,7389,11656,29583,10587
2012,4,22,38151,86824,92337,15951,50477,1593.4,889,1630,3332,6149,66024,21558,35367
2012,4,23,97820,6822,9294,26021,9421,1593.4,1923,3790,3771,5638,96386,21194,40159
2012,4,24,82577,38665,85227,67083,12406,1593.4,1666,1908,1078,5354,82858,17398,46883
2012,4,25,40721,35100,26345,65406,41250,1593.4,1963,1710,1092,5226,81440,41313,8721
2012,4,26,2767,3364,26457,32890,75354,1593.4,880,2930,2858,5662,41364,40264,22843
2012,4,27,18897,54383,57173,18955,59737,1593.4,840,1858,1482,8536,65862,49083,6383
2012,4,28,37257,69178,4504,69150,81787,1593.4,1815,1818,1328,9623,33794,31012,35944
2012,4,29,92466,54230,55295,86676,76244,1593.4,1939,1190,2393,7558,30446,27130,46660
2012,4,30,6847,16288,43940,98329,44824,1593.4,3763,3432,3978,8266,67581,27116,9802
2012,5,1,94397,78022,92573,80372,11816,2276.16,2836,2396,1918,5864,74992,16494,23586
2012,5,2,52804,86485,25637,3268,16931,2276.16,1465,4569,1705,9230,10745,22858,2767
2012,5,3,4909,9178,18189,89527,93111,2276.16,766,3859,4678,5330,84230,17845,11658
2012,5,4,42598,73420,242,4181,49284,2276.16,3775,3438,3069,8832,38057,45000,25234
2012,5,5,73530,64523,60922,86587,5668,2276.16,796,1927,2195,5526,16453,40306,21667
2012,5,6,71994,76542,10518,61672,45554,2276.16,4516,4502,4518,6110,17374,33801,44748
2012,5,7,87696,3810,52241,65766,24573,2276.16,2117,3101,1172,8038,16774,43191,6650
2012,5,8,26058,43188,20120,23253,3525,2276.16,4910,1869,4465,6982,69893,41370,36573
2012,5,9,51528,49410,95873,36046,61872,2276.16,1199,1848,4716,9592,31684,49289,20908
2012,5,10,61441,25154,63743,32613,63192,2276.16,804,1210,4321,9130,28853,44197,31135
2012,5,11,98848,75116,52420,44666,31896,2276.16,1035,4774,3073,7662,35819,49945,22313
2012,5,12,52816,22019,15865,93884,93162,2276.16,3172,4602,4053,6915,87214,18596,13901
2012,5,13,88050,29371,74198,28723,7998,2276.16,4272,3197,1748,6794,67862,42764,19403
2012,5,14,64004,3898,42539,52077,52158,2276.16,3373,1324,3080,9574,15208,26242,44711
2012,5,15,30842,58381,80845,19895,81648,2276.16,4843,1048,1134,5392,14771,38130,34411
2012,5,16,14795,20396,61328,25664,62087,2276.16,4780,1089,1592,7318,94517,17948,45542
2012,5,17,22029,29244,55626,71462,79833,2276.16,2703,1358,1140,8547,46920,43565,20834
2012,5,18,79310,51764,29614,9443,63508,2276.16,3925,3301,1131,6446,20317,43217,10737
2012,5,19,87147,5098,85659,69290,48768,2276.16,2237,2148,1552,5734,58609,11216,46529
2012,5,20,30048,56313,32630,75614,51212,2276.16,4178,1872,2665,5143,72667,11173,29551
2012,5,21,25881,36593,5827,7012,94549,2276.16,1581,3046,3944,8591,67335,12712,42496
2012,5,22,65120,70926,16213,90891,13788,2276.16,2846,1566,3837,5475,52152,31400,41174
2012,5,23,41378,71331,78273,89044,52826,2276.16,1568,3705,3883,8746,16622,48432,1890
2012,5,24,81243,68651,96479,61539,37242,2276.16,4250,3713,1091,6814,19216,31230,30167
2012,5,25,97988,22450,41418,61825,84278,2276.16,3224,1318,1251,7849,31049,34077,43570
2012,5,26,38789,63970,12783,42673,2717,2276.16,2456,1270,4853,9462,61848,13818,31204
2012,5,27,50453,52452,88513,1544,59266,2276.16,2774,3605,1917,8392,35429,21194,48116
2012,5,28,34114,45007,63201,15365,32856,2276.16,4441,2995,4571,8576,47019,27287,44251
2012,5,29,9780,4476,77598,25986,74763,2276.16,784,1782,3249,8602,43110,17514,39447
2012,5,30,98764,25885,41120,35681,66428,2276.16,3226,1892,4259,5568,32257,13894,42902
2012,5,31,63382,98051,91462,37953,76627,2276.16,990,2758,4308,9189,28743,34070,38482
2012,6,1,24528,75638,73237,25176,18748,2166.23,3938,1976,4574,9619,43762,23827,7104
2012,6,2,49198,60656,78087,1977,92913,2166.23,724,2314,1446,6630,83941,10551,47905
2012,6,3,34903,86700,19860,44092,31795,2166.23,4079,2673,1848,8667,97848,14666,3931
2012,6,4,55771,21787,42002,70346,97758,2166.23,4172,1955,1418,8611,65283,11374,35764
2012,6,5,86516,30642,62998,8586,50304,2166.23,4136,1710,1341,8996,45648,48135,13291
2012,6,6,59279,71080,70809,5198,69748,2166.23,1215,1044,1794,9146,12214,20904,35009
2012,6,7,30332,22740,84212,93103,11351,2166.23,574,4217,1487,8980,22803,46790,49495
2012,6,8,24128,91940,48348,90469,97288,2166.23,4955,2917,1427,5763,78114,18934,43997
2012,6,9,60772,80682,93045,83919,41602,2166.23,4822,1933,4349,9033,81387,11408,5259
2012,6,10,54880,62876,86270,51368,7362,2166.23,4509,1488,3715,5724,38309,31003,25425
2012,6,11,73206,43265,3921,54633,35381,2166.23,2159,1151,1710,5203,96421,37022,48388
2012,6,12,36814,17596,25308,81164,6629,2166.23,3214,1508,1852,9483,29227,19278,23047
2012,6,13,64908,43737,57476,14976,22946,2166.23,978,2502,4048,6250,83487,40780,45785
2012,6,14,80990,21999,3285,76411,37202,2166.23,4784,1494,2301,5802,71529,40281,49706
2012,6,15,94490,41097,18142,96763,96932,2166.23,2749,1839,2457,7478,76814,46754,13721
2012,6,16,92361,39145,75610,47761,21747,2166.23,3541,2736,2446,7330,95498,34647,25449
2012,6,17,57883,25283,41366,75184,96726,2166.23,1817,2566,1402,6310,20680,17274,29248
2012,6,18,30032,43430,45466,53841,40006,2166.23,1946,3717,4127,5120,96478,15874,38632
2012,6,19,68004,51372,18611,65450,93197,2166.23,1448,1078,1494,7814,42614,18819,30461
2012,6,20,87062,90784,92738,73757,57094,2166.23,2382,2124,3199,5706,57316,29556,13418
2012,6,21,57832,74264,78275,51960,66819,2166.23,4185,1174,1123,9147,16623,35671,24753
2012,6,22,49608,49425,86750,21702,7239,2166.23,520,1312,1498,9609,12294,19898,45716
2012,6,23,29379,58142,97069,2578,77342,2166.23,2134,1454,3648,6760,13966,11818,4386
2012,6,24,1513,87670,62993,43988,23169,2166.23,4658,2775,1598,5528,94476,18982,45969
2012,6,25,28476,1349,79634,81326,958,2166.23,1269,1370,4885,9390,49265,32227,30393
2012,6,26,75428,97752,83753,20428,24512,2166.23,2245,2375,1257,6390,86362,14425,37237
2012,6,27,7559,82373,87201,52951,65132,2166.23,1932,4958,4376,7917,15282,10966,48029
2012,6,28,14662,98906,47021,69547,19948,2166.23,3125,1526,1582,7538,15801,10078,12638
2012,6,29,89114,64400,93627,96723,75990,2166.23,2499,4899,3712,8478,52849,10196,46341
2012,6,30,29080,91134,70155,28456,9051,2166.23,590,1158,3048,8513,19228,12995,27791
2012,7,1,27736,24723,47892,29613,56876,1364.84,694,1274,1922,8152,13615,21813,15495
2012,7,2,75653,13515,16879,6704,82716,1364.84,783,3848,3580,9590,99250,15456,27075
2012,7,3,42084,39314,50772,66949,65276,1364.84,4450,4362,4840,9394,55326,11716,30119
2012,7,4,84189,90405,99343,9662,54910,1364.84,2826,1132,2824,8518,53616,41892,29311
2012,7,5,74483,5752,32093,38064,2695,1364.84,786,4777,3360,5828,11725,18635,47696
2012,7,6,59380,16176,77998,64221,84870,1364.84,2288,1666,1430,7982,11422,11341,33325
2012,7,7,87293,59249,41903,46470,56658,1364.84,3361,1139,2622,6805,69202,20316,11872
2012,7,8,84501,81341,81446,87862,60602,1364.84,2848,4981,2050,6838,18006,43271,9523
2012,7,9,523,59194,28681,56955,33528,1364.84,3296,1650,1414,6550,83641,22359,40103
2012,7,10,38422,88355,3500,72397,25160,1364.84,4064,1012,1746,6862,13873,47347,39054
2012,7,11,16385,86722,83681,74787,53920,1364.84,3057,1596,3426,6737,44100,26954,34234
2012,7,12,3192,12397,14127,18895,55299,1364.84,1253,1302,2473,8902,82468,43984,14120
2012,7,13,159,7885,69997,3257,14747,1364.84,603,2483,3295,8578,22269,23566,1846
2012,7,14,34870,40328,44361,94649,3417,1364.84,2954,1608,2208,8350,41854,38858,4813
2012,7,15,32552,49460,98931,35025,60565,1364.84,730,2074,1987,5357,80330,36733,47751
2012,7,16,81931,47286,84217,85226,81570,1364.84,3792,1439,3165,9504,11087,16581,6487
2012,7,17,24317,99042,89542,57877,17474,1364.84,3086,1376,1720,8369,11270,15552,31396
2012,7,18,76120,13113,51198,98107,94822,1364.84,1192,1752,1382,7070,78329,26734,31528
2012,7,19,74599,53474,9526,37764,72978,1364.84,697,3645,2357,7926,87873,36182,36965
2012,7,20,57987,50961,52559,55194,45682,1364.84,4316,1800,3422,8358,36259,28244,20311
2012,7,21,28393,3804,54997,23557,55564,1364.84,1642,1366,3151,5048,84277,42480,49678
2012,7,22,79484,4975,6127,48193,31566,1364.84,4374,1816,2663,6578,61096,23344,10352
2012,7,23,73595,6765,61498,73370,87278,1364.84,1613,2021,2911,5932,55577,23474,14109
2012,7,24,72639,88573,19989,75790,31092,1364.84,4622,1160,1944,7100,75119,23509,20619
2012,7,25,17452,25847,95765,11468,29131,1364.84,1163,4077,4976,5330,92446,17253,23213
2012,7,26,26769,60412,99275,44680,83373,1364.84,4506,2362,4776,6838,64504,40867,21205
2012,7,27,91465,49127,17795,33410,56227,1364.84,3270,1238,1942,9035,12038,14242,9267
2012,7,28,92248,52661,99672,72225,65321,1364.84,829,3441,2528,5854,69472,18086,42118
2012,7,29,59013,20331,24616,18789,91178,1364.84,1007,3993,4597,5238,32402,10823,5472
2012,7,30,85773,72026,17205,20885,91061,1364.84,1478,4659,2713,9270,88235,19385,18702
2012,7,31,9620,60418,77827,62149,31874,1364.84,4400,2237,3981,5367,42377,25158,13652
2012,8,1,84737,90505,31788,44891,22907,1962.52,2014,1283,4815,7898,18814,44868,42611
2012,8,2,85730,18356,82582,86880,6591,1962.52,2850,2007,1145,10006,15232,19602,1967
2012,8,3,5752,22470,93778,61119,64847,1962.52,3309,4583,1594,6774,10825,15050,35289
2012,8,4,29060,74193,26335,5227,42091,1962.52,1446,4171,3384,9027,47402,36327,45030
2012,8,5,67346,60254,69687,13491,35252,1962.52,4638,2354,1622,9768,34825,19786,1272
2012,8,6,51409,73135,70875,27201,59583,1962.52,3602,4993,2243,5182,10219,30686,48052
2012,8,7,46319,26666,74858,26055,42045,1962.52,3733,4390,3865,8420,39232,15286,38613
2012,8,8,16044,95224,7824,56136,44992,1962.52,2426,1399,3486,9314,39951,16146,9001
2012,8,9,62705,98554,13063,51300,99843,1962.52,1985,2512,1299,6400,19702,16696,39634
2012,8,10,11808,33653,34086,27025,48425,1962.52,2492,1648,4893,6698,36954,29884,39671
2012,8,11,60668,14382,26284,9154,79034,1962.52,3574,3089,1139,5986,18788,47333,32587
2012,8,12,2622,7727,76198,68921,97274,1962.52,3616,4080,1120,8116,52456,45896,31117
2012,8,13,33724,46302,76716,34969,47969,1962.52,4852,4988,4402,7487,50493,39788,13670
2012,8,14,90074,420,97878,87566,63408,1962.52,1250,1029,1345,7448,51301,44970,23619
2012,8,15,74917,61270,70404,22389,21676,1962.52,3284,1622,4160,5434,13448,33481,22860
2012,8,16,41373,87924,74822,85776,95412,1962.52,1915,1836,1478,6144,11516,39141,25315
2012,8,17,79764,7005,71523,27461,84453,1962.52,2430,1450,1810,5676,98108,22120,22825
2012,8,18,82046,32745,93872,67558,44096,1962.52,1038,1898,3513,5859,87594,18294,1192
2012,8,19,17527,29510,18466,43261,85655,1962.52,3753,1769,2574,6628,25581,32026,24219
2012,8,20,75805,14364,24099,76250,73550,1962.52,3370,1198,1302,8593,23151,15397,22207
2012,8,21,9184,40543,866,14049,16402,1962.52,677,3927,4321,9142,93539,36327,38460
2012,8,22,89713,58646,18097,37288,95274,1962.52,4313,2429,4392,9764,63678,47941,43678
2012,8,23,48323,78401,3536,19626,86994,1962.52,502,2528,3581,8986,26577,16334,43040
2012,8,24,57052,57255,66615,91373,22749,1962.52,2699,2460,1270,8618,49747,46775,10154
2012,8,25,22177,35414,34205,96569,45178,1962.52,4510,3499,3987,8804,29476,45981,14236
2012,8,26,7437,64500,24862,7370,33091,1962.52,3704,1198,1718,5238,97865,14144,17791
2012,8,27,66824,41917,76606,1975,4064,1962.52,878,2591,1765,5658,39160,23294,26353
2012,8,28,29894,23,33147,38881,80772,1962.52,1213,4560,3473,6075,11929,26564,12623
2012,8,29,43866,35634,83058,85263,42304,1962.52,4406,4127,2839,6011,27453,43255,30924
2012,8,30,68717,92555,85847,46834,8213,1962.52,1480,4457,1380,9626,93338,38504,41359
2012,8,31,98601,60904,43065,42075,36979,1962.52,4990,2196,1979,8808,82458,49282,4994
2012,9,1,31865,74762,54515,74229,18567,2043.93,4296,2473,4967,6129,52037,41326,47770
2012,9,2,92610,6496,99059,28588,16186,2043.93,2188,2088,1262,5614,30419,15846,37563
2012,9,3,20605,27616,58952,55004,10074,2043.93,1678,3289,4347,7544,32517,17913,24586
2012,9,4,55314,91814,61739,71633,14296,2043.93,2958,1904,1114,8369,51844,36456,13777
2012,9,5,65932,79033,29897,62911,64647,2043.93,4882,1602,2930,6230,72957,14355,10316
2012,9,6,14771,75988,72646,30470,33532,2043.93,4735,1638,4680,6473,76829,43975,21515
2012,9,7,40250,6140,67232,60521,34509,2043.93,3328,1792,3107,6460,96054,29105,19076
2012,9,8,19893,10937,80708,7824,1122,2043.93,2178,1792,1004,9470,62713,29536,20018
2012,9,9,32691,27449,1085,62371,53922,2043.93,1345,4171,1650,9928,71043,34913,27914
2012,9,10,9005,725,68058,23464,60302,2043.93,3921,1614,1399,9628,17502,42520,14112
2012,9,11,85998,42900,24765,48355,54075,2043.93,4242,1764,1277,5326,65486,35198,3830
2012,9,12,39593,88184,95722,39998,78113,2043.93,1262,3468,3841,9320,26931,10494,33118
2012,9,13,39784,62205,40688,47536,78186,2043.93,510,4182,4307,9438,12536,24733,11409
2012,9,14,85001,56779,77851,32630,18458,2043.93,4180,3049,1520,6253,98046,25984,43337
2012,9,15,29371,5661,29453,29564,81333,2043.93,526,1116,4940,7097,68651,13125,22736
2012,9,16,8506,25059,93660,29165,22583,2043.93,3897,3934,4326,7018,56564,47783,6197
2012,9,17,25085,7097,72185,72957,53350,2043.93,594,4072,2243,9498,28635,23575,36583
2012,9,18,33832,35046,11044,85124,82143,2043.93,4600,1999,1105,8260,36163,10039,29695
2012,9,19,30809,56413,83974,26487,38161,2043.93,622,4596,1378,5622,68904,33687,6890
2012,9,20,99390,84197,32760,7985,45293,2043.93,1559,1930,2791,5216,80599,11285,27747
2012,9,21,88650,11552,34637,9755,19812,2043.93,1145,1971,3564,8246,93458,48076,37152
2012,9,22,43361,50433,77673,23699,63239,2043.93,3737,3979,2124,6496,86963,17546,12929
2012,9,23,595,68524,4244,29739,77479,2043.93,2375,1127,2746,8078,92234,48909,1195
2012,9,24,95516,78380,32234,39080,64851,2043.93,2155,4563,2475,9502,64613,11436,42044
2012,9,25,10460,38351,51046,73936,61199,2043.93,2703,1792,4235,6608,15774,16713,4361
2012,9,26,4494,65259,99194,33592,73623,2043.93,3853,4137,1158,7438,24569,16294,41428
2012,9,27,89482,61725,75573,81957,9257,2043.93,4021,4715,4887,5066,93651,12180,40186
2012,9,28,59428,92707,34230,98663,96006,2043.93,1728,1851,3722,7438,66794,47344,42113
2012,9,29,22349,82000,66482,8507,29438,2043.93,867,3918,4127,7791,17226,44735,41051
2012,9,30,24329,71249,30803,19216,76315,2043.93,610,2093,3512,5882,67108,45869,40806
2012,10,1,98837,79073,91717,29758,45868,2193.35,3457,4218,1893,6963,73656,29296,5413
2012,10,2,69184,8927,64776,36975,26154,2193.35,1303,2401,1664,6870,90067,47470,9511
2012,10,3,88524,58514,97335,14406,25622,2193.35,3751,4457,3628,6819,54214,13702,9556
2012,10,4,12232,22672,45066,477,15987,2193.35,4772,1521,4000,9104,38496,36505,35074
2012,10,5,20410,16152,259,27075,13022,2193.35,4544,1544,1590,8230,15949,40811,6678
2012,10,6,47786,14701,15269,86414,37872,2193.35,2260,1782,4857,8678,50579,40844,35835
2012,10,7,83752,46704,42366,44104,91252,2193.35,1960,1660,3364,7218,55086,42738,47214
2012,10,8,53897,45983,44283,35439,34213,2193.35,1250,1998,2636,7870,84763,45508,26585
2012,10,9,43706,88377,95611,68563,53407,2193.35,758,3509,4245,8962,97613,16848,12542
2012,10,10,81690,60926,44861,11407,24497,2193.35,1002,4744,1868,9566,30182,46494,49948
2012,10,11,7715,56433,94845,15352,14304,2193.35,859,3008,4335,5652,42922,37741,29608
2012,10,12,51716,68682,91252,60961,69510,2193.35,2808,2550,1141,9020,78956,40637,5217
2012,10,13,38968,65805,1734,1250,80584,2193.35,2743,3297,3348,5184,20000,19003,31917
2012,10,14,88547,97212,77012,72883,86386,2193.35,623,3100,1319,8226,15412,40828,36287
2012,10,15,23443,9573,58379,5937,48593,2193.35,2925,2560,4491,9328,88809,16426,3688
2012,10,16,46576,2905,4725,51276,95492,2193.35,568,4037,3288,7294,73271,24673,41077
2012,10,17,99929,248,79126,21248,18474,2193.35,2075,3268,4109,6806,80556,19053,44538
2012,10,18,40494,93482,56614,76337,24493,2193.35,2763,2419,1030,7688,38695,26521,11775
2012,10,19,54916,25327,76912,93204,88969,2193.35,4228,1026,1781,9705,26496,12926,16535
2012,10,20,24243,54925,59876,44704,41731,2193.35,3757,3575,1086,6722,74911,41109,6784
2012,10,21,64850,67675,78529,45880,81514,2193.35,3753,2781,3901,5664,62336,14222,33576
2012,10,22,98551,96566,69472,65333,42623,2193.35,3291,1865,2243,9518,27920,25325,45968
2012,10,23,16302,41678,23901,82918,44753,2193.35,4026,4601,4190,8907,55480,47056,15165
2012,10,24,18835,94234,49838,77737,26250,2193.35,1958,4800,1590,5746,12978,17713,12174
2012,10,25,23749,89776,50931,90993,65646,2193.35,2669,1946,1880,5854,64863,31632,28851
2012,10,26,88087,55243,91234,3629,24150,2193.35,684,2983,2299,8486,37071,33548,46714
2012,10,27,79048,95382,24701,4138,23163,2193.35,3202,1911,2311,9132,54255,11854,47537
2012,10,28,17984,86925,1255,71216,59847,2193.35,2847,4284,2712,7062,67913,28213,32471
2012,10,29,23498,68598,37549,80797,35472,2193.35,697,4518,1353,5397,35007,19042,24621
2012,10,30,52935,23211,56428,6598,62343,2193.35,906,1677,3958,7034,84244,40157,27035
2012,10,31,25983,37092,70794,63695,13876,2193.35,1907,2373,3656,5808,34521,18264,38707
2012,11,1,15219,89998,73134,36969,25005,2892.67,4902,4566,1742,5712,43261,32462,32650
2012,11,2,55110,39939,12774,98623,40536,2892.67,4604,3978,1350,8299,15718,28782,19283
2012,11,3,46559,61580,68791,42367,96101,2892.67,1006,1319,4266,8632,48287,25622,44270
2012,11,4,1282,54542,40190,56711,83745,2892.67,524,3854,4740,8297,37476,30275,33451
2012,11,5,87580,62081,90607,94008,66732,2892.67,4141,4642,1558,7931,88360,22491,48461
2012,11,6,52201,33860,83811,2819,52492,2892.67,3440,1062,4342,9972,43186,12378,48450
2012,11,7,18432,98712,58294,74525,83361,2892.67,1151,2292,4201,7058,81299,14580,12122
2012,11,8,76570,20441,3280,36609,44724,2892.67,4100,3275,1006,9262,16093,44341,41640
2012,11,9,74065,94534,64467,9759,45868,2892.67,2845,4298,2715,7490,55174,12162,7653
2012,11,10,99612,26327,9721,90166,4436,2892.67,3802,1005,2811,7081,33965,38886,41020
2012,11,11,58721,59418,2162,572,68681,2892.67,4912,4096,4139,5730,68854,25006,18255
2012,11,12,99736,98053,55658,38803,85543,2892.67,4878,1506,3509,7670,91671,24297,10832
2012,11,13,78322,55474,55303,22485,22555,2892.67,1370,1274,3685,7072,98197,33717,39268
2012,11,14,31786,93111,92814,77278,85193,2892.67,2283,4927,1071,8594,23730,11614,11668
2012,11,15,51477,84961,63121,4986,72264,2892.67,634,1178,1616,7558,73069,15522,21144
2012,11,16,56557,84440,63149,21594,97972,2892.67,630,1108,1626,8960,23385,12010,11347
2012,11,17,42495,92022,57281,18567,16314,2892.67,1532,2789,3674,6004,89127,20937,47363
2012,11,18,47148,84762,21523,90116,52051,2892.67,637,3606,1558,8785,30199,19420,44592
2012,11,19,96484,1862,72167,67292,66337,2892.67,4644,3830,3924,6924,43748,36590,11904
2012,11,20,94287,40281,20732,9313,32637,2892.67,510,4783,1954,7118,69898,29374,9859
2012,11,21,12716,41888,87981,24450,77026,2892.67,4155,3508,2744,6321,40800,19080,34532
2012,11,22,18225,80445,44263,38502,93721,2892.67,1443,4358,2000,8726,13670,43632,4364
2012,11,23,38386,93921,73416,49358,12045,2892.67,734,1111,2905,6136,65561,44930,9667
2012,11,24,83947,16069,68440,36691,22390,2892.67,2122,1965,1035,5482,11818,16107,25592
2012,11,25,37100,3262,20466,98096,15437,2892.67,1727,1454,4408,6006,35882,12914,34136
2012,11,26,57513,80966,97565,75419,30381,2892.67,1700,4326,4193,5139,67368,17934,13126
2012,11,27,97083,55843,91252,3118,88579,2892.67,4224,2030,4035,6041,40125,20823,19423
2012,11,28,90178,48205,40997,50938,46051,2892.67,2389,3563,2843,5250,95333,38223,26879
2012,11,29,783,98386,18902,96328,53526,2892.67,613,1224,3463,7490,70077,13394,2622
2012,11,30,57640,5654,5425,96675,61696,2892.67,2498,3224,1830,8494,35513,12320,45550
2012,12,1,42903,76071,59569,80561,87756,2753.97,1342,1141,3045,7670,56018,35667,14145
2012,12,2,8284,22978,60483,46501,93055,2753.97,4139,1110,4300,7166,93107,41201,23877
2012,12,3,84665,77684,1307,93159,13197,2753.97,4883,2450,1236,6502,53010,15998,23815
2012,12,4,34949,34354,40134,17994,28376,2753.97,694,1658,4128,6847,99511,28535,46152
2012,12,5,20724,3651,59948,50025,20817,2753.97,2577,1832,2089,5236,31343,10285,3055
2012,12,6,49051,26227,49088,15287,97031,2753.97,630,3330,2803,5763,82676,31178,2099
2012,12,7,21915,2689,34189,57396,99536,2753.97,2282,1611,3702,8946,11978,40870,33700
2012,12,8,31636,60565,12704,78725,52153,2753.97,732,1202,1118,8906,32841,33655,44047
2012,12,9,6547,34824,31986,59350,60588,2753.97,1879,3853,3702,8614,72600,49589,14662
2012,12,10,24768,74883,86201,78470,37112,2753.97,4340,3746,1104,8395,47470,18256,5540
2012,12,11,42442,2832,35812,29066,23633,2753.97,4072,1494,4827,7410,11770,46766,35005
2012,12,12,8424,62760,95621,42126,70180,2753.97,3067,1299,4455,5022,12250,46566,18221
2012,12,13,16160,75461,81666,98616,90208,2753.97,1871,2648,4671,9034,61714,38303,45488
2012,12,14,70391,90787,18482,6571,68197,2753.97,3336,1620,4825,5308,35097,12722,40714
2012,12,15,99882,43165,17656,59337,70137,2753.97,2254,1295,1186,7848,84910,11602,23777
2012,12,16,99408,18134,38445,64079,87169,2753.97,2381,3910,3649,7214,80480,16404,16511
2012,12,17,44281,170,1170,64106,15478,2753.97,1813,1462,1576,8948,74694,15919,36268
2012,12,18,28246,46950,68567,43834,17221,2753.97,4629,1627,1610,8862,97057,25130,3477
2012,12,19,20937,49439,65393,44586,53006,2753.97,4135,2285,1042,5014,77742,27871,45874
2012,12,20,22924,64556,93231,18708,69025,2753.97,978,3621,2577,9545,57455,14798,34277
2012,12,21,39374,23437,81426,27336,44215,2753.97,3817,1278,4273,8430,26088,13630,28484
2012,12,22,30084,11576,10916,92478,81881,2753.97,706,4803,1844,9930,39862,21293,5010
2012,12,23,64208,40842,84916,11785,26739,2753.97,2934,1111,3510,8730,93447,42725,8723
2012,12,24,69196,12265,24229,29821,12827,2753.97,3451,2909,3244,5814,51738,10124,16669
2012,12,25,92081,38440,81280,77998,18370,2753.97,4290,2576,1983,9062,10713,10156,21143
2012,12,26,25632,3648,71185,24143,94360,2753.97,3219,4906,4600,7447,19464,22426,30984
2012,12,27,90468,69531,81689,68712,56601,2753.97,778,3680,3217,6467,43029,13184,33427
2012,12,28,63962,92321,89164,25945,59230,2753.97,2369,4861,4876,8553,18016,14235,16229
2012,12,29,15890,92223,10495,41842,16022,2753.97,4267,1488,1103,9258,91552,12703,20222
2012,12,30,12087,53092,27737,304,95911,2753.97,1890,4871,4437,9654,17406,38667,20766
2012,12,31,28635,49537,23529,64863,84443,2753.97,910,1683,1105,5944,58524,23478,48884
2013,1,1,22792,79967,48621,85100,87871,1371.52,2185,1934,1674,7690,36872,42529,27676
2013,1,2,20732,96745,21967,49490,15264,1371.52,3123,4800,1036,9338,49242,49396,26986
2013,1,3,54789,65926,6854,60733,40802,1371.52,3249,3592,1650,8221,65043,30872,30332
2013,1,4,95897,78581,21835,67661,92422,1371.52,1541,4504,1803,8507,78993,37066,8708
2013,1,5,41846,73469,68219,42359,32807,1371.52,3107,2594,1089,5278,48326,13790,33813
2013,1,6,27997,67928,36836,20999,36149,1371.52,1870,3397,3163,7420,32409,21936,18231
2013,1,7,98765,58951,51441,86920,23810,1371.52,684,1318,1042,8556,16036,12270,46786
2013,1,8,8721,32473,57007,24811,63785,1371.52,1700,3132,4612,9784,29130,42113,21686
2013,1,9,53119,31002,90511,66282,71059,1371.52,3217,4822,1869,6009,73093,11366,22920
2013,1,10,2795,63431,71334,39400,38339,1371.52,2459,2059,4522,5818,88221,24658,45699
2013,1,11,87504,86274,32792,77116,21162,1371.52,4228,1272,4274,6090,56912,30332,11922
2013,1,12,49010,61482,66507,47231,17491,1371.52,2909,1636,4382,9654,76035,24072,39600
2013,1,13,52645,84848,21132,97167,50666,1371.52,1824,3168,1978,9240,31635,33139,25705
2013,1,14,32890,67217,40123,42164,93307,1371.52,3848,2316,4867,5354,89546,17428,47035
2013,1,15,61307,58808,61698,97041,15754,1371.52,1112,3397,2579,8596,81915,39596,37733
2013,1,16,34301,3741,27765,62631,74708,1371.52,769,3948,2968,9002,66112,36274,25753
2013,1,17,65630,4961,94943,40497,26667,1371.52,557,4324,4648,7254,10982,25402,34490
2013,1,18,64988,72478,60152,3919,97426,1371.52,3515,1725,2159,7631,94356,12902,42068
2013,1,19,29736,6478,77168,72704,58722,1371.52,670,4350,4591,9014,81199,15228,43280
2013,1,20,21114,46757,11935,80763,74012,1371.52,2516,1430,2127,9019,59268,49552,29651
2013,1,21,91087,69136,47631,69598,23120,1371.52,2816,2854,1167,9983,25558,12490,8339
2013,1,22,43263,67241,80592,24206,87513,1371.52,3166,3626,4898,7030,11490,15261,28143
2013,1,23,89752,94609,70612,8231,43628,1371.52,4135,1066,4015,8117,20663,38486,29881
2013,1,24,46456,43480,91342,27623,43463,1371.52,3863,3076,1994,6518,27281,17450,33252
2013,1,25,75301,91801,29334,199,51901,1371.52,930,3003,1033,6071,82586,39661,35074
2013,1,26,32304,6722,57080,47672,11191,1371.52,1157,2645,1222,7710,13022,14684,27743
2013,1,27,27102,1835,84114,43945,98993,1371.52,3300,4292,4546,7633,90843,21447,27747
2013,1,28,29060,6304,45803,75093,8727,1371.52,1105,2382,1461,8184,10116,12651,28389
2013,1,29,32280,91211,36649,53502,85062,1371.52,4537,3514,1454,8650,72459,10904,38269
2013,1,30,46398,20760,46092,65944,14745,1371.52,3742,3803,4589,5897,35248,18316,36935
2013,1,31,44286,32706,25699,12100,87243,1371.52,4750,4521,4665,7751,89374,39726,47104
2013,2,1,23912,84594,38826,42563,57053,2941.82,632,4163,1716,5046,25259,10002,10625
2013,2,2,41350,85416,69593,57247,20664,2941.82,2883,4720,1310,9982,73314,43413,4261
2013,2,3,21086,9188,98079,48837,14914,2941.82,1207,3825,3750,6384,97739,12154,4158
2013,2,4,97010,3051,6318,70078,90657,2941.82,702,2005,3343,9671,11216,20358,47929
2013,2,5,20284,23488,40080,16594,53470,2941.82,502,4554,1170,8884,39742,20198,29746
2013,2,6,28595,70950,9024,83697,73687,2941.82,850,1400,2516,8519,57124,49525,23115
2013,2,7,66448,37204,97883,99792,3228,2941.82,626,4862,1973,6580,56456,46794,3487
2013,2,8,72679,32815,71350,27964,7252,2941.82,3161,2197,4745,7084,35893,38431,27444
2013,2,9,46652,31744,75479,5521,66615,2941.82,870,4414,1157,5864,65557,11482,32603
2013,2,10,72766,35707,45600,99739,78640,2941.82,1533,1317,4869,8478,95632,16956,2056
2013,2,11,11678,93794,10671,26423,17331,2941.82,1205,1366,4659,6683,17718,27626,46565
2013,2,12,55638,57252,27041,41796,26531,2941.82,2531,4296,4655,9482,15386,23294,42598
2013,2,13,11538,11920,90964,62760,12506,2941.82,1232,1080,1741,8254,83309,14071,36596
2013,2,14,94819,14516,10758,5831,21199,2941.82,3456,3188,1566,6848,34983,29449,12964
2013,2,15,19446,98867,28746,64101,8350,2941.82,3747,1238,2403,8566,15349,10150,44132
2013,2,16,97659,52934,41796,10752,1189,2941.82,1174,2358,4620,7758,18188,27170,25106
2013,2,17,81248,17997,70359,67815,44845,2941.82,2263,4289,1130,9470,44742,45261,21694
2013,2,18,2844,64842,81500,91599,75904,2941.82,2859,4913,1134,9318,10774,17322,46850
2013,2,19,76112,41840,79682,15732,10124,2941.82,4254,1370,2218,9612,75536,27062,14222
2013,2,20,1307,89152,57705,38219,47864,2941.82,3479,1424,3639,5350,58657,25894,18799
2013,2,21,94532,67869,82161,60667,2524,2941.82,4340,3634,1015,8052,10718,17490,32825
2013,2,22,54596,19973,58862,3166,15937,2941.82,938,3594,1253,8576,71812,16494,1510
2013,2,23,73082,71644,71176,73073,69327,2941.82,648,1742,4053,7479,57227,32928,46186
2013,2,24,46656,1569,27916,87672,41942,2941.82,674,1536,4957,6134,99701,40893,38634
2013,2,25,97477,96282,40841,53730,50565,2941.82,4197,4998,2000,6930,29422,36326,29005
2013,2,26,7911,94742,82888,38316,42221,2941.82,1244,3876,1683,9159,92899,33624,40116
2013,2,27,54145,64413,96514,29102,11140,2941.82,1346,3615,3847,7186,78696,25764,46215
2013,2,28,22544,69246,32115,39544,47323,2941.82,2221,1926,1278,5108,93548,48498,11537
2013,3,1,81145,3727,6907,80304,96626,2103.97,4447,2390,3396,9900,88529,15962,6884
2013,3,2,32599,13497,41163,26138,8545,2103.97,3680,2789,4040,8223,25112,10576,16927
2013,3,3,30445,96697,66855,55553,6597,2103.97,2128,2740,1754,6326,68043,48409,31706
2013,3,4,67270,18843,75800,87018,15095,2103.97,4332,2693,4176,8054,90182,10910,30681
2013,3,5,77421,38863,96862,42813,43438,2103.97,4740,3881,1014,5904,45785,41618,38326
2013,3,6,34653,99266,45712,36436,59653,2103.97,1196,3273,3949,6704,30291,30395,30107
2013,3,7,24028,49624,44441,18204,26470,2103.97,2275,1998,3484,8284,63053,16921,34623
2013,3,8,72463,32794,7155,23837,85741,2103.97,1807,1744,3557,7518,89532,28209,19293
2013,3,9,57625,40729,71484,22926,84077,2103.97,4673,4455,2749,8236,59011,44218,18127
2013,3,10,98737,96287,30812,72221,30424,2103.97,998,4238,3009,5306,43074,45102,43865
2013,3,11,81941,41234,81847,50499,68752,2103.97,542,2728,3459,6542,82005,28887,37731
2013,3,12,84669,1679,69695,68770,65793,2103.97,4339,4528,4992,5110,53100,21767,28706
2013,3,13,20367,74947,91006,63377,87596,2103.97,3478,1784,1665,5334,52737,26769,1762
2013,3,14,78056,47798,35850,22867,30692,2103.97,3105,1712,1780,7799,15702,13486,17855
2013,3,15,66506,96174,82558,7850,6324,2103.97,4616,1690,1956,6974,12846,30903,2010
2013,3,16,53759,14897,16791,61776,21573,2103.97,3544,4627,3677,6030,38845,30720,35881
2013,3,17,24953,23303,12433,60838,61103,2103.97,2514,3959,1786,5722,51808,48114,29267
2013,3,18,13433,47777,91157,56741,34751,2103.97,2643,3508,2470,6358,66636,34043,47575
2013,3,19,6667,21533,50023,56696,12279,2103.97,2415,2230,3522,6200,98067,11962,5221
2013,3,20,95467,76934,49936,37258,54709,2103.97,752,3140,1754,6528,41233,16974,18096
2013,3,21,74103,28877,21836,2926,66015,2103.97,3320,2680,1654,6694,45727,38633,38472
2013,3,22,8563,99496,75864,53438,65696,2103.97,4413,2513,2215,5701,14770,21923,40283
2013,3,23,43797,142,6417,26021,93022,2103.97,4347,3476,2877,9526,11042,25244,14002
2013,3,24,86006,56074,64277,96009,59416,2103.97,4642,4330,4499,6857,54119,41546,10005
2013,3,25,17141,13533,69060,708,55586,2103.97,3983,4382,1318,7034,41754,19402,33830
2013,3,26,25753,1102,9525,34982,82284,2103.97,930,3288,3350,9014,80649,44117,12278
2013,3,27,859,31644,44800,10358,58501,2103.97,3255,1290,3803,7314,92700,34388,48919
2013,3,28,87496,31684,123,4170,93435,2103.97,898,1086,2978,9741,70519,41614,41878
2013,3,29,68371,80746,26255,53073,71600,2103.97,2190,2457,4898,8341,99166,13399,23256
2013,3,30,57261,17422,5392,2416,21088,2103.97,1803,4934,1126,6926,29103,11834,48092
2013,3,31,45156,75674,91451,4486,15415,2103.97,1099,1166,4067,8706,53209,30666,11971
2013,4,1,50400,3124,83213,8742,2290,1595.8,2353,4710,3354,9546,57149,32798,46612
2013,4,2,87924,82084,95277,91202,11187,1595.8,1356,1859,2639,6806,18626,20961,1190
2013,4,3,3294,18764,80029,92000,88325,1595.8,636,3724,1422,7060,63817,32458,10695
2013,4,4,16489,62523,68521,51195,63643,1595.8,3992,1565,2752,5621,42767,35291,25670
2013,4,5,46811,95476,38503,5802,36318,1595.8,1763,1936,3595,6791,64314,46920,23481
2013,4,6,33839,84628,51997,64008,4505,1595.8,2818,1994,4687,5382,72187,16668,15814
2013,4,7,23361,72532,26247,47465,68153,1595.8,2755,1314,1692,5062,37116,33510,35366
2013,4,8,11091,63880,89474,19687,87023,1595.8,1606,2212,4767,8602,19670,18554,20141
2013,4,9,768,30391,96617,95455,28081,1595.8,570,1440,4039,6381,98905,42191,35156
2013,4,10,98100,81661,89859,95293,19271,1595.8,3802,1713,2205,9266,66399,44227,26975
2013,4,11,4769,83006,47793,75888,67960,1595.8,1511,3726,1518,8128,80532,23834,15365
2013,4,12,49636,67020,75276,23675,79753,1595.8,866,2851,3544,5724,73143,24167,40533
2013,4,13,99051,18299,70881,6256,69279,1595.8,1834,1622,1636,9262,66285,18410,37280
2013,4,14,29991,17798,89674,42097,82278,1595.8,931,1912,4928,7558,55587,49680,36558
2013,4,15,64443,37806,43885,52987,9882,1595.8,2153,1162,1677,8033,31538,37307,33380
2013,4,16,1665,64725,27706,38301,29352,1595.8,4247,1396,4492,5272,34142,26769,10344
2013,4,17,68182,74,75034,38110,73984,1595.8,2790,3425,4777,8026,91411,11010,46973
2013,4,18,81406,84918,36294,33084,49303,1595.8,1742,1944,3908,8906,11248,44611,34184
2013,4,19,24792,81220,86657,69284,46492,1595.8,2404,4673,2223,7437,69134,11206,20799
2013,4,20,34411,73277,65984,35540,21303,1595.8,2902,2708,3664,9195,52143,15942,23748
2013,4,21,99732,38886,75286,48640,69686,1595.8,3250,4476,2124,6258,80111,24967,30906
2013,4,22,67058,92516,55993,4281,96306,1595.8,984,2067,4755,7822,82606,36058,25128
2013,4,23,71570,61861,55119,30234,77409,1595.8,4552,2139,2498,9837,25778,48536,23614
2013,4,24,27095,85381,43013,5571,31639,1595.8,538,1814,1991,6530,19328,28296,23125
2013,4,25,28010,51168,75364,42766,48990,1595.8,730,1128,1182,6645,67144,13590,24323
2013,4,26,90259,38049,90730,69109,67887,1595.8,2644,1332,4591,5326,16903,32582,32860
2013,4,27,134,63794,97630,48477,50324,1595.8,1773,4685,3124,8488,53802,33466,16958
2013,4,28,42811,48978,54026,95346,15623,1595.8,3935,1770,1150,6017,91340,19626,37522
2013,4,29,65229,8986,87493,99821,85995,1595.8,2402,2479,3188,6383,50955,34864,4396
2013,4,30,13342,27729,45902,97818,12570,1595.8,1283,1546,3680,6670,50724,30654,49704
2013,5,1,76013,2887,31105,8382,94227,1791.42,3609,3211,4756,9781,89205,15504,7265
2013,5,2,88536,91685,45,84920,42641,1791.42,3260,1720,2161,9746,99289,46864,1261
2013,5,3,60066,71022,61897,78078,38098,1791.42,3611,1874,1774,8606,38842,12040,42551
2013,5,4,88332,28805,59227,83089,18586,1791.42,3592,2121,2820,9986,92040,15460,14785
2013,5,5,66250,6653,18534,63411,35434,1791.42,1627,1006,1547,8523,73576,19300,34175
2013,5,6,97427,7188,6459,59215,88256,1791.42,946,2938,4105,6534,76026,18094,45302
2013,5,7,55593,90971,16164,28413,5960,1791.42,930,3560,1207,5110,51970,16641,24556
2013,5,8,29285,28598,78492,50833,83474,1791.42,1829,2251,1224,6584,72817,13862,2068
2013,5,9,94941,88048,73153,85398,95208,1791.42,4440,2151,1501,6955,95563,28812,49180
2013,5,10,51512,72141,67373,99071,67251,1791.42,711,2887,1298,8416,80071,30469,35696
2013,5,11,12623,6901,77721,88230,56540,1791.42,3443,1480,1289,6414,53229,16496,16891
2013,5,12,7128,47670,33648,79981,74626,1791.42,610,2488,4055,8869,41558,10510,45563
2013,5,13,94565,23623,30545,91562,67826,1791.42,3382,1799,3867,6103,11118,13528,10616
2013,5,14,32994,69825,74592,4283,27773,1791.42,2130,4899,1842,7129,31232,32819,27821
2013,5,15,82692,6378,25308,16747,65247,1791.42,4404,1163,1978,5230,84076,24664,16866
2013,5,16,8269,72459,71465,58488,54914,1791.42,502,4258,4021,9837,24892,36794,22846
2013,5,17,84011,12023,38046,75853,49152,1791.42,3671,3195,1318,5430,64941,14516,19278
2013,5,18,67196,15698,49769,74036,96999,1791.42,3699,1618,2654,6515,80105,27568,33845
2013,5,19,25713,45353,81827,1087,1542,1791.42,2880,1903,1638,5925,77755,34245,6720
2013,5,20,11556,52779,48793,3562,69461,1791.42,814,1656,1576,6934,27043,18276,30086
2013,5,21,77131,75743,80752,99786,28611,1791.42,2353,1358,2560,5531,71760,40454,27209
2013,5,22,82251,59641,42358,33697,1919,1791.42,2941,3473,1200,6733,17034,25056,36466
2013,5,23,96819,94202,28065,58954,37488,1791.42,4438,4618,1708,6194,14403,25811,5108
2013,5,24,8751,91757,46487,47663,67288,1791.42,4468,1790,2887,6826,99586,46157,18247
2013,5,25,99644,33880,25983,5239,16965,1791.42,598,1142,3569,8358,10890,41057,43017
2013,5,26,63466,39879,5676,10668,71421,1791.42,1478,1522,3186,9316,44184,11825,36431
2013,5,27,67564,48654,94068,61803,11832,1791.42,2959,2826,3884,7892,33064,27200,10006
2013,5,28,43310,29712,7336,13232,54422,1791.42,640,4239,4005,5344,44906,13564,12776
2013,5,29,79098,47737,53300,23636,13406,1791.42,930,1946,3841,5880,59122,40672,13837
2013,5,30,55886,33434,18499,99771,33727,1791.42,1970,2035,2625,5326,13246,18399,17915
2013,5,31,29785,43611,2639,98791,86278,1791.42,567,1526,1632,5219,89009,41389,13897
2013,6,1,40823,22358,17897,86703,97832,2604,2587,1264,4770,9458,64990,27684,24921
2013,6,2,35681,58379,41663,52690,64997,2604,2474,3607,2699,7616,94884,26595,10062
2013,6,3,53184,76612,4580,94755,65621,2604,3809,2794,4678,6850,19002,32510,45970
2013,6,4,92978,52085,13775,52748,10794,2604,874,2825,2143,8446,15515,18491,28766
2013,6,5,48508,14342,43451,77559,11958,2604,505,1492,1298,5774,76247,13270,4688
2013,6,6,37406,10057,36066,38437,78115,2604,946,1091,3997,8646,23839,24791,45562
2013,6,7,29838,20624,87617,83333,59070,2604,3176,3928,3824,6534,17838,45781,19484
2013,6,8,16314,88344,43627,47612,79780,2604,2234,3537,1281,6608,71973,40747,19874
2013,6,9,75213,9272,11840,89211,60344,2604,4001,1533,4005,7969,12444,14426,2031
2013,6,10,53806,24394,4707,87630,86021,2604,4763,3685,1784,6788,66297,14046,22545
2013,6,11,29615,59884,40556,75896,73183,2604,2995,4746,3151,9678,53956,48495,28881
2013,6,12,13217,84310,21381,2222,18632,2604,2999,2436,1991,7705,60065,17482,27598
2013,6,13,10250,26181,73049,37489,19570,2604,4506,1080,1170,5686,57783,10238,5698
2013,6,14,30295,90779,69862,68447,51965,2604,3293,1510,4479,9356,83753,43110,40170
2013,6,15,32271,83105,31899,614,70810,2604,1328,1058,4496,8764,34898,20417,8316
2013,6,16,16427,79405,35954,32008,97171,2604,3473,2465,1742,9686,12263,11350,43737
2013,6,17,79857,95557,34363,4336,16582,2604,3797,1694,2571,5695,65817,38380,34468
2013,6,18,20363,53498,85791,54859,97875,2604,562,1316,1444,7581,79012,29967,20689
2013,6,19,87670,32486,57433,88536,72173,2604,2717,2028,1603,8431,72715,14536,19696
2013,6,20,42899,52865,79740,76822,64912,2604,1553,1122,1654,7343,40132,29632,11909
2013,6,21,4384,81761,60286,37180,59342,2604,2146,2010,3135,7510,51897,26659,39298
2013,6,22,26978,9615,28688,24933,18046,2604,4468,2295,1246,9208,54116,15118,17755
2013,6,23,81117,35670,37155,12875,19365,2604,2507,1734,1622,9144,93630,34739,43639
2013,6,24,74795,60778,98102,62930,18060,2604,4588,1494,1938,9264,69969,10361,49999
2013,6,25,18734,9439,87657,5704,44999,2604,2584,2466,1230,9486,55341,45861,8125
2013,6,26,88378,14201,2313,80128,33345,2604,4867,3138,3072,9320,87419,41131,45944
2013,6,27,95672,43360,52521,71636,44339,2604,3349,3071,3280,9458,68774,19270,38843
2013,6,28,60483,26359,52097,86980,21098,2604,2841,1662,2989,5153,11916,21334,7438
2013,6,29,47449,37173,95825,20521,82846,2604,3004,3516,2955,8534,66503,37294,49597
2013,6,30,19367,64853,50366,83999,67211,2604,3628,4044,1850,5725,31023,49299,19141
2013,7,1,80217,25126,7505,31723,47432,2242.39,4170,1920,2366,6043,83800,13934,45191
2013,7,2,44048,62317,49919,24572,28821,2242.39,3938,1078,1154,8586,93586,11556,3565
2013,7,3,37918,37631,17625,99995,85007,2242.39,860,1574,3401,9716,13296,22184,16924
2013,7,4,4907,8820,23140,12274,24863,2242.39,587,3909,1226,5505,19674,30780,6941
2013,7,5,55422,70123,40806,75704,14412,2242.39,1476,3680,3374,9100,68674,39732,34392
2013,7,6,82377,70887,71307,40778,80604,2242.39,2961,1028,1126,6100,14134,15958,1922
2013,7,7,9393,49723,36250,95002,51580,2242.39,2133,2001,2556,5886,82704,13319,12434
2013,7,8,33683,14181,32000,38409,63282,2242.39,3140,2009,4263,5798,11174,34866,17026
2013,7,9,16754,82100,86729,42880,84552,2242.39,906,3944,1936,5650,10604,18516,1736
2013,7,10,25255,47431,25518,74163,46722,2242.39,2481,1642,3753,5832,18811,18386,24574
2013,7,11,19210,63304,80396,23473,79102,2242.39,3339,2207,1632,5067,55086,16184,49534
2013,7,12,12282,81659,76481,79219,44479,2242.39,2734,1084,1128,9603,60246,42280,31778
2013,7,13,64177,14080,72684,19282,16264,2242.39,4020,1918,2501,8840,58945,16603,7847
2013,7,14,33950,83637,95163,31934,95056,2242.39,3117,2336,3258,7662,11654,18188,16601
2013,7,15,72727,16993,11526,18287,72948,2242.39,1918,2123,2203,5954,72757,18467,21773
2013,7,16,40153,26778,53940,27655,61193,2242.39,609,1493,4224,5771,59779,24279,29237
2013,7,17,72372,74249,47969,36983,65199,2242.39,1071,4276,4219,7596,88914,14342,17227
2013,7,18,45721,15834,10643,47925,31788,2242.39,2743,1939,1528,6078,99593,16318,49752
2013,7,19,82272,26555,31919,27848,32326,2242.39,3479,4697,1900,5608,58031,47495,41698
2013,7,20,26,4103,1773,597,78051,2242.39,4115,1054,1519,8942,17626,18662,40687
2013,7,21,861,87143,26599,27389,40177,2242.39,2812,3799,4098,9730,66647,17775,42544
2013,7,22,71428,35127,38825,53726,67926,2242.39,1220,4302,1924,5994,10078,45360,46856
2013,7,23,10032,75367,35484,32903,76476,2242.39,2561,3687,3376,8328,37427,33552,39883
2013,7,24,73055,85240,22353,42153,64971,2242.39,4928,2749,1938,8752,12958,24754,5352
2013,7,25,95609,24048,9057,12918,43392,2242.39,4629,3422,2025,7798,86325,44852,10308
2013,7,26,16347,90239,88540,59723,4398,2242.39,4627,2451,2558,8331,35956,42528,25967
2013,7,27,3683,12237,61630,44160,10989,2242.39,3913,2948,3503,8652,52218,15222,34457
2013,7,28,20982,76848,21670,23007,53313,2242.39,4211,1010,4584,5510,45733,35333,24347
2013,7,29,65070,21713,29137,8980,20044,2242.39,1507,3725,2328,9488,67884,18706,15093
2013,7,30,63945,53150,27618,72448,63823,2242.39,694,4803,3035,8715,24162,26347,29836
2013,7,31,3062,58374,12358,17646,97476,2242.39,4330,3896,1154,8466,87875,32549,24443
2013,8,1,5735,56275,57240,85224,40511,2050.29,4167,3659,1766,7967,57482,16590,11909
2013,8,2,95014,58638,75101,73729,82800,2050.29,3141,2524,1509,7138,55000,20951,17800
2013,8,3,96469,33897,33459,94935,38125,2050.29,4845,3858,2282,8370,45433,12792,16008
2013,8,4,10346,10954,72805,16224,48921,2050.29,3289,1170,1627,9741,50365,17738,46639
2013,8,5,27542,43507,78304,74051,86997,2050.29,1353,4816,4904,9374,94750,38028,49656
2013,8,6,27172,85949,98239,65806,18034,2050.29,4949,3378,4625,8220,60954,19897,43673
2013,8,7,80744,79244,96535,2372,5337,2050.29,3150,2877,1757,5842,23279,43753,46900
2013,8,8,67462,50986,93570,67366,12149,2050.29,796,1352,1248,7272,37828,25004,4672
2013,8,9,47304,82779,69736,18281,33236,2050.29,3177,3979,1284,9432,32702,31620,30690
2013,8,10,97963,55853,80851,4720,73658,2050.29,4824,1118,1466,9500,24835,33615,20482
2013,8,11,45770,30229,55639,52741,50213,2050.29,2745,2515,2597,7674,32148,25832,43468
2013,8,12,10874,86678,56164,37158,21390,2050.29,546,1416,1069,5979,56775,17414,38866
2013,8,13,86462,71600,8550,57928,12698,2050.29,2894,3466,3613,9885,11206,30177,33386
2013,8,14,23353,5304,44046,32302,69136,2050.29,3133,1142,2870,8604,33517,19862,26194
2013,8,15,19515,18648,36316,80585,84627,2050.29,3015,2439,1041,6564,61719,43738,43091
2013,8,16,6302,35966,52205,86268,65851,2050.29,1444,1118,1206,7974,37855,16838,13412
2013,8,17,36683,12342,34211,15906,42991,2050.29,1516,2504,2727,9183,59440,14850,17729
2013,8,18,62274,23808,91146,59668,80373,2050.29,3405,3025,1518,7878,89292,37384,19217
2013,8,19,1726,5738,92939,86792,66227,2050.29,993,4261,1688,6254,35166,18829,47147
2013,8,20,75637,51683,97686,78364,20867,2050.29,2068,4491,3637,9565,59158,44009,23479
2013,8,21,58782,28917,97036,80316,50879,2050.29,2699,2603,3416,6989,39394,24643,2680
2013,8,22,40488,80389,10257,16327,88297,2050.29,1507,3932,3456,5545,42295,10934,45423
2013,8,23,55376,40716,50167,69013,30282,2050.29,3022,1686,4592,6409,85729,21822,25677
2013,8,24,79089,53429,74426,3858,46771,2050.29,4852,2257,1130,5108,14366,15208,30173
2013,8,25,50531,71444,79141,80339,36989,2050.29,1013,2363,4854,9502,61376,25135,37788
2013,8,26,23208,40751,46903,94153,33512,2050.29,974,2599,2412,6550,32808,49182,32632
2013,8,27,20573,27661,36440,47485,49121,2050.29,4044,4650,2819,8184,96341,31159,6376
2013,8,28,12324,27355,73524,7178,8534,2050.29,3665,3092,2001,5567,42244,25512,34900
2013,8,29,28199,58220,54464,46963,64972,2050.29,1144,1096,1284,8936,49379,30405,37273
2013,8,30,21664,28424,96408,49483,2960,2050.29,1994,1158,1782,8422,38811,28635,42749
2013,8,31,71769,87477,76729,63770,83044,2050.29,4281,2594,3543,7498,74556,17038,35325
2013,9,1,87054,60410,78654,35990,26141,1578.93,2652,1840,1890,6984,73874,48214,9059
2013,9,2,70482,5509,68317,7351,60673,1578.93,4118,3148,1384,9239,47544,41708,13305
2013,9,3,48521,75139,35253,8617,66047,1578.93,985,3099,1066,9286,10890,13020,10119
2013,9,4,10049,79446,83937,65514,2933,1578.93,3727,4765,4671,8396,13467,40343,24163
2013,9,5,11701,8938,4844,34437,68177,1578.93,1144,3048,3877,7748,41664,26276,2388
2013,9,6,37868,14002,95728,24748,64992,1578.93,2767,1558,1236,6842,56905,49897,1169
2013,9,7,95867,86985,6015,91890,85381,1578.93,3584,3432,3418,6864,47868,46594,19482
2013,9,8,22168,24014,45995,82397,51762,1578.93,3672,1970,3012,8810,30727,49355,37659
2013,9,9,21921,68496,90748,2534,6551,1578.93,3782,3768,4636,9602,10657,36369,47653
2013,9,10,44278,59242,49802,89048,29022,1578.93,1993,1188,3035,7987,49936,12306,47671
2013,9,11,51998,58610,12130,70010,79362,1578.93,717,1281,4055,6464,20166,16958,9209
2013,9,12,24117,38949,85727,75105,63745,1578.93,2825,4373,1977,7627,13420,17350,46385
2013,9,13,91650,31766,68539,46037,79753,1578.93,2184,1749,3436,5390,18111,22797,18476
2013,9,14,56227,3829,90431,282,96645,1578.93,2239,1530,4544,5942,12216,29640,10597
2013,9,15,65703,40043,54014,54032,34022,1578.93,1382,1350,1110,6272,88058,11654,33786
2013,9,16,91100,40243,59756,84536,37261,1578.93,3684,3486,3046,8238,93767,44690,27867
2013,9,17,91063,77360,31803,40607,46678,1578.93,1598,2379,1682,6963,82762,34434,10372
2013,9,18,40749,54145,76457,72651,10418,1578.93,656,1516,1108,6742,19302,16746,14515
2013,9,19,54631,92441,68207,52678,72908,1578.93,3719,3969,1380,5522,20928,18966,11975
2013,9,20,55894,7527,31094,72659,64491,1578.93,3444,1590,4352,9900,10593,44769,13856
2013,9,21,80767,11250,12638,18227,71662,1578.93,1595,1292,3834,9612,95321,46741,31394
2013,9,22,23128,59041,77063,95165,70915,1578.93,2526,3159,1869,9952,15817,10874,47991
2013,9,23,75180,39262,24302,59532,55514,1578.93,652,2631,2496,6588,70858,34157,34895
2013,9,24,31036,63806,60450,54870,24959,1578.93,2962,4438,1163,5534,59602,16686,5771
2013,9,25,75720,73482,45238,97589,18453,1578.93,1651,4983,3020,7686,69514,38533,27407
2013,9,26,92200,40167,57518,71048,39809,1578.93,846,1696,3532,8054,42064,33490,44728
2013,9,27,54129,26379,97929,85292,87755,1578.93,3721,3473,2364,8958,77413,32168,23884
2013,9,28,26365,94065,92153,75737,51370,1578.93,622,4920,3185,8139,30967,15996,28019
2013,9,29,82867,52524,45189,7751,34530,1578.93,2592,1270,4982,7522,90301,17736,37253
2013,9,30,45757,94023,97563,9473,59333,1578.93,2992,2049,1744,6496,77785,19465,41328
2013,10,1,58408,29386,12701,12899,76705,3048.87,2116,1168,2233,9866,80109,35837,37046
2013,10,2,77460,1472,65820,49333,8125,3048.87,1440,2147,3821,7366,77831,10308,49908
2013,10,3,28905,96233,6894,61754,90371,3048.87,1268,3777,2095,5320,78028,15151,26359
2013,10,4,88718,90145,60731,37303,26364,3048.87,3139,3822,3662,5310,69506,16787,7192
2013,10,5,71570,80947,85287,85392,18211,3048.87,540,3466,1414,7580,25219,16072,13118
2013,10,6,90144,81488,31202,28591,83160,3048.87,3741,1876,1462,8952,18366,42089,9230
2013,10,7,61664,98670,62264,36678,53980,3048.87,3464,1108,4067,8750,10940,47277,31770
2013,10,8,68221,17833,10744,43923,31618,3048.87,1346,3112,3802,7547,83054,16962,35964
2013,10,9,66778,26796,88839,98856,47619,3048.87,944,1276,3038,6424,62311,17018,14370
2013,10,10,51329,82128,8920,80396,70879,3048.87,4024,1830,4043,9022,15724,16166,36212
2013,10,11,7083,42071,56477,57238,15970,3048.87,551,2746,2677,5741,97953,30295,39531
2013,10,12,10111,38898,55930,23150,58457,3048.87,698,4784,1719,5438,13072,37597,18241
2013,10,13,51650,66908,59400,22045,38028,3048.87,4056,1461,4897,6884,18698,15867,41476
2013,10,14,36415,9250,64966,19092,4992,3048.87,4386,1766,3168,6698,38250,26625,12920
2013,10,15,56260,44770,2762,72980,60208,3048.87,1928,3208,2552,5370,50252,30579,25646
2013,10,16,44156,74309,92042,10406,71193,3048.87,1272,3958,2693,9966,43049,15378,27092
2013,10,17,20509,8789,89138,38678,46808,3048.87,1654,3067,4861,8840,92398,31421,43741
2013,10,18,60061,85679,9630,52614,38359,3048.87,4544,2514,1094,6370,92919,38087,9883
2013,10,19,18678,85544,62046,71371,43133,3048.87,822,3641,1587,7230,18670,43394,21448
2013,10,20,10988,50325,12814,32202,1092,3048.87,3622,2504,2242,6512,46469,45600,21564
2013,10,21,99486,46014,44467,50029,53952,3048.87,4467,3980,4280,6512,60350,32413,3738
2013,10,22,4312,22109,62407,50899,89356,3048.87,645,1695,4104,9810,48896,15195,47429
2013,10,23,11375,78871,42700,34969,2122,3048.87,568,2959,1526,5578,84339,39133,39169
2013,10,24,95125,88807,78114,50758,55319,3048.87,4522,1974,3275,7742,26880,48982,4816
2013,10,25,25709,3878,15678,89813,93689,3048.87,534,1414,4795,7707,56382,28269,30926
2013,10,26,3228,53303,96229,38410,94690,3048.87,3894,4814,1460,8359,40571,14800,46920
2013,10,27,9527,6446,33378,2802,34726,3048.87,3136,1762,1978,5590,50245,40527,26611
2013,10,28,31092,21605,11942,90887,19312,3048.87,507,3891,2978,8087,77300,32667,34676
2013,10,29,95007,37548,38834,80732,75907,3048.87,4479,1785,2201,7856,20938,36926,45757
2013,10,30,80819,39075,13712,77659,89241,3048.87,3185,1354,1132,6479,27569,21224,13957
2013,10,31,81155,29430,76468,19133,27517,3048.87,3152,2523,2667,6684,19606,49925,3769
2013,11,1,74086,1711,54000,78295,22650,2363.4,4112,3075,1988,6770,67315,10454,7279
2013,11,2,21309,3999,3212,17788,47921,2363.4,3941,2349,2255,8862,21217,37375,40788
2013,11,3,18931,43741,95043,58620,79700,2363.4,844,3784,3030,8844,48430,16318,11320
2013,11,4,88048,23896,30107,25389,77018,2363.4,1686,3325,4124,6249,16112,32044,13775
2013,11,5,87038,31407,75746,4293,82185,2363.4,3019,2466,2055,6132,92437,36754,46964
2013,11,6,30733,2856,6892,43763,83625,2363.4,2145,1671,4216,8604,13411,12478,5322
2013,11,7,72379,40099,54560,22855,86348,2363.4,1251,4736,4782,6996,10380,33318,37025
2013,11,8,10312,18400,50785,67368,21461,2363.4,956,3545,2428,7364,12307,12404,9574
2013,11,9,82687,40806,50428,61903,99410,2363.4,4488,3139,1186,9048,27345,13282,13840
2013,11,10,92425,48597,12726,43559,61946,2363.4,1876,2256,1505,8034,55975,29317,23106
2013,11,11,3586,76450,47863,82367,3814,2363.4,4770,1499,2327,6230,64754,33088,26523
2013,11,12,75390,99243,37580,95679,4643,2363.4,3666,3418,3521,5594,56976,25466,14925
2013,11,13,54498,33853,64075,96003,94217,2363.4,1671,2802,1499,9534,96520,16664,20051
2013,11,14,16057,57643,3165,33384,69193,2363.4,2823,4581,3512,6582,56611,18058,34271
2013,11,15,1679,75279,17926,31552,23022,2363.4,2017,3870,1846,7444,89872,19323,24903
2013,11,16,7495,97897,33478,20346,37431,2363.4,2009,3486,3991,5846,12914,23184,29998
2013,11,17,40796,86045,34118,24309,22799,2363.4,698,1666,2359,6194,72380,10770,40730
2013,11,18,54347,95750,99252,79454,83194,2363.4,542,2039,3371,8605,27384,40801,5476
2013,11,19,94955,64395,10640,98946,20920,2363.4,3481,1715,1256,5208,19070,10822,13861
2013,11,20,13329,47543,96236,95688,26987,2363.4,2419,1333,4364,6670,60786,13910,18616
2013,11,21,38499,92267,70950,41870,40872,2363.4,4023,2177,4080,9662,67474,49999,48335
2013,11,22,23524,55957,78067,56132,94908,2363.4,1538,3235,1384,7773,20274,37674,46794
2013,11,23,92741,37694,69008,73457,70717,2363.4,2366,4214,3411,9346,67435,45634,46146
2013,11,24,39355,66459,47812,18435,76122,2363.4,4785,2002,3945,9204,72127,48852,31638
2013,11,25,25998,18,23440,86686,24143,2363.4,4359,1882,2759,9718,13392,34827,43714
2013,11,26,5864,60410,94042,44275,85078,2363.4,4908,4431,4287,8152,59217,36760,27829
2013,11,27,52061,94004,52757,56007,23208,2363.4,4858,1122,1253,8298,68593,15395,41236
2013,11,28,38364,42953,98631,52475,19023,2363.4,2301,4885,2082,7694,85511,33512,21674
2013,11,29,25524,41772,24296,86163,62195,2363.4,2922,4255,3868,8150,70261,17075,33514
2013,11,30,33266,41472,98984,90871,19770,2363.4,2618,4485,1881,7600,43311,45904,17578
2013,12,1,80614,87142,7708,44660,89006,2395.29,1534,1562,1040,5402,18656,49028,41220
2013,12,2,11971,23579,9249,4001,10192,2395.29,2266,1662,1658,8136,87784,18480,42676
2013,12,3,755,62270,52470,88355,5581,2395.29,3979,2545,1866,6778,47205,40871,48374
2013,12,4,12907,50092,38001,44774,22789,2395.29,642,4758,2253,9401,55111,47444,47324
2013,12,5,12077,92378,49107,53736,36866,2395.29,4322,3972,1032,7194,58678,21092,36891
2013,12,6,46517,72659,39990,64736,94346,2395.29,1958,3603,3638,9958,84729,42778,3547
2013,12,7,73634,44883,43889,77239,14285,2395.29,4682,2712,2728,9654,12799,44594,49000
2013,12,8,77032,92123,98567,8896,40266,2395.29,1339,3134,1254,6328,67869,13912,23597
2013,12,9,89876,56180,96908,59866,66139,2395.29,2643,1123,1518,5776,33362,14318,31637
2013,12,10,11884,8045,16220,19612,64538,2395.29,557,1569,2492,5475,66816,44110,29019
2013,12,11,69073,13156,97245,31679,99484,2395.29,3630,1430,2644,7586,65575,20134,31466
2013,12,12,83526,34571,92611,26396,47455,2395.29,4902,4337,1502,6121,95300,14906,25973
2013,12,13,45140,75859,72828,98985,71334,2395.29,3094,1650,2798,6690,72084,18633,39644
2013,12,14,4508,77067,74345,58504,95308,2395.29,4990,3832,1694,7600,21579,18622,6272
2013,12,15,13573,21482,30338,80293,53955,2395.29,822,1814,2847,8764,14430,11076,25638
2013,12,16,24021,23877,45939,93171,30567,2395.29,1804,1425,2792,5010,19866,23099,34375
2013,12,17,8772,4919,18284,15966,92519,2395.29,1965,2442,4048,7302,10970,48003,6216
2013,12,18,59293,14286,79802,77140,98664,2395.29,2672,4035,4459,9936,48558,31377,44232
2013,12,19,95690,10363,32803,39835,62863,2395.29,4285,2985,4001,7569,20303,22871,42731
2013,12,20,53785,7269,11667,47833,24572,2395.29,2187,3863,1526,7982,77354,10053,14402
2013,12,21,2572,76380,15442,37031,21343,2395.29,3407,3383,4361,9742,73217,14330,14000
2013,12,22,10293,68856,57913,90646,66425,2395.29,3516,1560,1966,5182,12054,26407,28216
2013,12,23,5936,29285,26623,67327,21273,2395.29,3731,3844,1707,9172,77226,34401,3977
2013,12,24,23172,95635,67786,13885,63196,2395.29,3811,4839,1209,8076,80484,17980,7355
2013,12,25,36292,60354,61898,38128,51888,2395.29,886,2823,3278,7508,41501,29550,28995
2013,12,26,27838,85233,69747,24545,60758,2395.29,3946,3928,3959,6176,14165,22154,46974
2013,12,27,438,14329,28347,43000,72405,2395.29,3336,1846,4183,7798,63175,21071,8831
2013,12,28,25581,44063,95247,33859,67923,2395.29,3408,1528,4683,9507,36656,15440,3100
2013,12,29,96481,11955,15722,71792,55038,2395.29,604,1826,1142,8643,31177,49323,46239
2013,12,30,47475,99515,74372,33010,46101,2395.29,874,1680,4312,8150,11086,32235,3899
2013,12,31,35130,85299,94347,89814,34806,2395.29,1605,2637,4308,7326,19428,14345,47355
2014,1,1,29727,2525,44132,68370,33702,2695.61,2195,4567,4177,5205,12019,38075,43455
2014,1,2,51990,52,68741,34021,5590,2695.61,501,2240,1673,6694,58397,18066,1962
2014,1,3,13273,6036,84689,50599,25464,2695.61,4163,1541,2910,9302,56263,17963,15387
2014,1,4,4453,88459,17532,88630,70016,2695.61,3056,2005,1918,7214,72377,12414,45903
2014,1,5,79124,57879,75136,40798,49546,2695.61,1177,2817,1850,6990,29767,47735,33534
2014,1,6,66252,63931,69278,514,74929,2695.61,3477,4380,1430,9470,84361,12022,25541
2014,1,7,48263,27419,38724,94217,55567,2695.61,2112,4690,1350,7247,91839,34875,11101
2014,1,8,87133,74369,14045,43053,41586,2695.61,788,4189,4094,9590,24702,49023,43813
2014,1,9,51958,9532,78404,82308,11892,2695.61,4025,1302,1535,7748,70722,12101,12766
2014,1,10,65201,32835,13144,50532,86435,2695.61,1758,3566,1414,5803,32971,37288,21335
2014,1,11,75968,73760,61478,62,177,2695.61,4084,3485,2063,7690,50792,23954,2532
2014,1,12,56606,66171,461,79493,3919,2695.61,2945,4119,1506,8782,36002,23155,37536
2014,1,13,92424,37761,13075,88127,53564,2695.61,1766,4530,4804,9595,45944,36332,46046
2014,1,14,22127,45029,4818,34190,38869,2695.61,4496,1825,3131,5262,15348,16814,21962
2014,1,15,78844,65616,43874,15566,36705,2695.61,3720,1946,2635,7206,49957,37551,29876
2014,1,16,14192,91724,33434,33996,11319,2695.61,1679,4797,1526,6014,11126,45978,29378
2014,1,17,79811,91187,24157,17942,82496,2695.61,2695,2690,2440,6568,93255,16182,31826
2014,1,18,32796,48329,95977,50432,16475,2695.61,4334,1342,4009,7767,81013,31679,45934
2014,1,19,83498,84046,31477,24256,75542,2695.61,962,1703,3001,8788,89645,21848,31816
2014,1,20,92568,98693,99540,90008,35262,2695.61,504,3056,3826,5674,34839,13316,9147
2014,1,21,15118,89174,37320,69127,93294,2695.61,806,1790,3729,8634,17397,10623,34685
2014,1,22,46802,53983,82327,69804,14725,2695.61,3003,2291,2016,7798,13650,38629,38324
2014,1,23,49394,70507,23038,39572,23339,2695.61,1224,3456,3402,9895,15174,23047,7878
2014,1,24,34581,74741,49838,53310,73376,2695.61,578,1478,2569,5232,12672,18414,33587
2014,1,25,67287,30688,75937,70655,54582,2695.61,4283,1334,1638,9314,59898,33431,39587
2014,1,26,6551,6123,38240,69953,6019,2695.61,3000,1950,1914,9189,26611,26641,12175
2014,1,27,9129,6897,46819,46698,85860,2695.61,694,3145,1574,7630,23800,19110,19502
2014,1,28,97217,49436,91449,73662,81757,2695.61,3445,4658,3821,6766,90963,29839,1347
2014,1,29,90211,50316,36790,27126,59505,2695.61,3766,4984,1648,6936,48033,22507,13401
2014,1,30,86439,63376,42006,86627,87358,2695.61,2748,4574,1592,9197,58235,29701,32158
2014,1,31,16896,48033,34360,90717,59718,2695.61,1907,4927,1284,7402,93404,12022,25323
2014,2,1,63524,36479,90098,96812,84513,1976.21,3249,4239,1934,6228,51597,12506,28958
2014,2,2,60329,52524,51064,25878,27111,1976.21,2773,1214,1476,9841,51212,23150,30765
2014,2,3,36750,17492,65141,76798,27249,1976.21,1598,1552,4464,6106,87582,20328,16635
2014,2,4,82006,87185,50921,19320,89765,1976.21,3790,1622,1392,9853,92322,14854,2518
2014,2,5,86971,51448,6350,34799,1289,1976.21,2948,4389,1405,6186,31187,18653,7562
2014,2,6,6075,27786,25777,91892,47186,1976.21,3571,4190,1894,9491,64861,23010,29711
2014,2,7,48361,3652,73104,19753,9858,1976.21,959,1827,3224,7308,47977,34512,31778
2014,2,8,31223,55926,5255,22628,45367,1976.21,1280,2792,1166,7056,76035,27764,36442
2014,2,9,96767,54608,73307,30014,84099,1976.21,3023,3811,3171,9942,84915,18028,38169
2014,2,10,24256,35875,81208,57480,93184,1976.21,3344,4405,1462,7206,63384,13180,29185
2014,2,11,66392,4665,47325,63322,88073,1976.21,1085,1190,4319,6022,47555,44769,23361
2014,2,12,35265,16932,43581,93436,59410,1976.21,1464,1718,4370,9023,73848,23905,28497
2014,2,13,4561,82193,14663,6023,12143,1976.21,4202,3533,4062,6526,58207,37134,28047
2014,2,14,56239,49293,4678,50558,46389,1976.21,664,1652,4163,8907,75088,44925,2233
2014,2,15,33756,52905,44943,14479,28280,1976.21,3383,2839,2335,9398,38861,45829,35143
2014,2,16,97445,24416,40716,96508,57295,1976.21,4993,3532,4566,9350,80442,10955,48923
2014,2,17,73256,25770,92608,58771,31029,1976.21,902,4784,3303,9988,79262,31583,34048
2014,2,18,133,83998,14423,33820,3396,1976.21,1000,1690,1642,6715,13699,34049,19637
2014,2,19,35638,13693,13935,16557,34716,1976.21,2511,4322,1497,6470,83092,17525,44377
2014,2,20,36871,3141,48662,90174,84482,1976.21,3108,1940,3273,8883,51136,48020,44276
2014,2,21,88520,47138,65213,15275,83853,1976.21,4324,1694,3956,6526,52398,43671,28912
2014,2,22,7635,96262,84346,44132,49084,1976.21,3008,1916,1929,6054,92479,21411,17438
2014,2,23,37298,80588,72377,81923,99471,1976.21,4943,4341,2002,5155,19616,20854,23514
2014,2,24,90420,18941,23049,99376,32199,1976.21,4398,1184,3059,7496,16667,14010,41799
2014,2,25,27533,61028,39449,14463,54050,1976.21,873,2699,2515,9212,89621,11985,31928
2014,2,26,14467,35917,16328,1469,47425,1976.21,3675,2843,1235,8075,53570,19785,2296
2014,2,27,19875,29321,75970,24286,89416,1976.21,2780,1947,3663,7229,31409,24065,42637
2014,2,28,65509,33635,31765,78024,24589,1976.21,1361,4054,3654,9040,56875,21078,37738
2014,3,1,45551,58922,78923,73626,28844,2946.29,4851,3163,4676,7974,47578,33664,48708
2014,3,2,28270,64526,53680,61851,12288,2946.29,3711,2273,1730,6966,86861,13598,27745
2014,3,3,44448,42269,53605,99840,99144,2946.29,2526,1045,4955,6448,51022,28798,24683
2014,3,4,85156,60875,53314,59832,27716,2946.29,4847,1978,1768,7064,34187,10407,1794
2014,3,5,7624,77899,72682,49837,15985,2946.29,3434,1784,3162,7038,76623,33657,25895
2014,3,6,58073,84151,94703,24380,70599,2946.29,3177,2106,2951,5694,48289,10806,45726
2014,3,7,90086,8138,23003,88206,38017,2946.29,3613,1288,1439,7646,95475,33776,23542
2014,3,8,79893,25262,76913,14408,8652,2946.29,3064,3075,4037,5544,14918,40988,19888
2014,3,9,4845,26984,29447,27796,99826,2946.29,4813,4910,1754,8344,78116,23888,27736
2014,3,10,7710,93082,85881,75501,97080,2946.29,628,1971,2969,5090,91378,47972,47708
2014,3,11,22429,55796,31049,92818,98563,2946.29,658,4758,1974,9603,63905,31663,38503
2014,3,12,57340,58719,71575,43212,9238,2946.29,3452,1946,1930,9332,92447,38906,16043
2014,3,13,83392,68076,82230,6361,36969,2946.29,685,4396,1520,6962,52213,10669,39961
2014,3,14,56588,2372,80428,38426,81975,2946.29,782,1340,4402,8015,98877,28639,44333
2014,3,15,90410,98682,61939,82237,84366,2946.29,1142,2756,1382,6752,90469,42132,20738
2014,3,16,59684,61155,67881,5439,79240,2946.29,1107,1662,3817,5782,90604,37143,20095
2014,3,17,23571,10694,92810,42973,35061,2946.29,2964,1906,1719,6254,15420,14882,8039
2014,3,18,36992,95200,75193,92156,64923,2946.29,640,4606,1815,8520,46396,22406,15662
2014,3,19,4967,28857,74586,43784,91743,2946.29,2279,1282,2234,6262,74637,27294,15190
2014,3,20,14479,78954,69116,37550,45208,2946.29,4985,2198,3371,5974,90706,19645,43173
2014,3,21,2192,91347,94252,29007,76219,2946.29,2765,1185,4504,9430,24968,27598,40649
2014,3,22,7540,22248,9264,99774,28688,2946.29,3419,3165,4206,5078,80714,24414,33902
2014,3,23,22059,42052,22965,26782,62230,2946.29,1426,4420,1368,5494,19566,47587,30023
2014,3,24,47679,77544,78773,33535,19894,2946.29,2484,3784,3692,6748,59909,37379,20093
2014,3,25,37002,19681,46898,16208,48567,2946.29,621,1258,1015,9938,97405,14596,43964
2014,3,26,9961,93833,29017,47682,863,2946.29,1620,4892,4042,6744,14778,35287,5147
2014,3,27,76837,42263,29073,51881,95363,2946.29,4260,2363,1526,5028,48571,23580,5334
2014,3,28,46473,5545,44206,48840,1835,2946.29,3435,1795,1794,9834,59476,19008,7963
2014,3,29,13951,37449,33901,62993,94193,2946.29,3279,1028,2293,7416,39261,19007,15031
2014,3,30,99038,78522,51372,24052,97383,2946.29,3983,3854,3190,9090,92694,40025,16295
2014,3,31,32504,6130,51821,650,64934,2946.29,1010,1950,1448,9910,58227,25640,27649
2014,4,1,22859,63021,8587,16563,2282,1389.53,1951,2154,1294,9446,94536,11610,27594
2014,4,2,86338,38392,49802,77231,47438,1389.53,1085,4918,4350,6734,51203,16054,6179
2014,4,3,12745,46439,83447,49008,21018,1389.53,610,3876,3458,5238,76790,40740,25439
2014,4,4,19184,8742,54247,14501,81096,1389.53,2462,3784,3526,8615,61014,15558,48784
2014,4,5,14794,87100,37234,89144,30187,1389.53,2493,4282,1227,7291,16588,22245,38438
2014,4,6,82730,74942,32474,37541,50180,1389.53,4632,1440,4356,8878,16567,31803,9264
2014,4,7,97662,59030,15588,17540,83998,1389.53,4854,1206,1405,8382,17174,42943,42955
2014,4,8,10526,28132,2227,78105,51776,1389.53,708,1722,3161,5654,88396,18340,26868
2014,4,9,8438,99381,70408,42794,48260,1389.53,948,2272,2356,5786,79812,46353,36975
2014,4,10,32195,64667,61496,44952,3107,1389.53,2895,4983,1090,6473,16186,28392,32134
2014,4,11,49693,58438,29249,67854,57613,1389.53,2546,2401,2025,5916,41547,31636,17646
2014,4,12,9929,32496,60262,88637,55384,1389.53,4989,2577,1091,5682,48881,24198,40074
2014,4,13,94971,36777,54182,21588,59602,1389.53,4979,1300,2059,9227,93499,11023,12270
2014,4,14,63225,46046,93425,96603,85351,1389.53,3238,1630,2467,8499,17654,39202,34972
2014,4,15,94925,51608,43133,32369,64445,1389.53,2918,4414,1198,6912,97353,18998,42014
2014,4,16,5722,97333,30388,59133,42912,1389.53,650,1136,2635,7168,10982,37986,40239
2014,4,17,14904,97329,15969,82371,52181,1389.53,2924,3456,4194,8518,95824,48638,16236
2014,4,18,73070,68743,24405,18211,12195,1389.53,4304,4267,1794,6044,19512,28353,21758
2014,4,19,26283,79907,842,28919,59838,1389.53,3256,4740,2259,5576,73462,19439,3580
2014,4,20,98164,11388,32897,82359,92444,1389.53,996,1865,3815,5401,16427,42361,28721
2014,4,21,93511,55733,92981,28953,58129,1389.53,3657,4410,3989,9006,29680,17662,2732
2014,4,22,28078,79289,49920,45337,44866,1389.53,1128,3028,1120,8058,25386,19842,39734
2014,4,23,9097,72736,41782,39264,44489,1389.53,1624,2998,1644,9218,83302,19118,24561
2014,4,24,93688,6960,5536,92677,31458,1389.53,2855,1782,1722,8262,37575,42073,35216
2014,4,25,73860,68704,35102,41333,32728,1389.53,1248,3175,4575,9381,97439,44063,26841
2014,4,26,33942,95416,48414,80587,86373,1389.53,726,1094,3675,7245,89088,20133,31717
2014,4,27,42462,73296,62372,89670,7422,1389.53,1742,2632,3649,6400,38964,17728,49947
2014,4,28,10036,40213,75905,75963,15946,1389.53,1377,4887,1910,9592,46825,37834,39696
2014,4,29,66508,48536,67895,21535,55782,1389.53,3019,4594,1629,6406,17082,20402,23335
2014,4,30,70338,86006,68035,38988,19201,1389.53,3067,1186,2211,8971,21550,29509,7000
2014,5,1,7929,29397,56482,59072,92574,1774.77,578,1108,3561,6938,13241,15230,44316
2014,5,2,71485,27836,64877,41876,48451,1774.77,2212,1624,3313,7551,70008,10312,35279
2014,5,3,40620,31949,73876,5943,53499,1774.77,2313,2778,4132,7598,36849,16124,3385
2014,5,4,78110,78780,49167,6672,42245,1774.77,3566,3728,1595,6896,71955,10100,28760
2014,5,5,25074,84168,5854,28387,68072,1774.77,950,1654,1036,5278,30984,10363,42214
2014,5,6,15015,8298,88143,30500,42092,1774.77,3556,1553,1475,8158,43224,28719,41344
2014,5,7,82835,68143,8800,89430,57938,1774.77,826,3011,1273,6072,27749,15696,30755
2014,5,8,91597,82801,90739,32110,44431,1774.77,2473,4444,1372,6967,89943,19294,21724
2014,5,9,88311,28501,41370,24786,32575,1774.77,4856,1760,1786,5007,37541,19468,1902
2014,5,10,25762,98369,42741,23388,97752,1774.77,880,4348,4641,6174,37809,30423,36842
2014,5,11,34250,80283,89869,80622,43602,1774.77,1789,1912,4663,9510,73049,23590,29812
2014,5,12,76808,92907,5351,62248,37914,1774.77,1976,1174,2612,8614,19766,21715,42893
2014,5,13,67910,25202,77416,53904,37728,1774.77,678,1976,1859,8886,68950,10932,15226
2014,5,14,86711,70740,3726,27726,46603,1774.77,1315,3409,1032,6046,16134,40298,26775
2014,5,15,65911,40337,36678,39875,37757,1774.77,1589,2018,2996,9005,92273,16678,22796
2014,5,16,4231,92952,24053,32442,83499,1774.77,2902,1560,1654,7979,14285,43048,43003
2014,5,17,1107,15602,66458,87139,54972,1774.77,3788,1772,1506,7590,77107,29263,34819
2014,5,18,53261,88697,1282,67610,94054,1774.77,4685,4635,2857,6326,47077,10858,9907
2014,5,19,69445,51332,89268,65891,59312,1774.77,3938,1698,1022,7018,63907,40477,3554
2014,5,20,76566,7697,27711,34425,4514,1774.77,3687,4126,4865,5310,58087,20271,21170
2014,5,21,41227,94125,34907,60436,54214,1774.77,3143,1206,4667,8762,11808,25330,48336
2014,5,22,88668,31190,85748,40526,22938,1774.77,2354,1718,1014,5694,50278,44568,16007
2014,5,23,12586,80318,85047,38804,11638,1774.77,4074,4215,3609,7970,29651,15654,43134
2014,5,24,92317,9147,64185,58336,77909,1774.77,3665,1576,1273,5764,23453,40562,20084
2014,5,25,51771,70809,56417,58178,62225,1774.77,2745,4810,3364,8296,13613,15002,23048
2014,5,26,97277,72688,570,50886,83020,1774.77,542,1687,1446,5595,50022,33627,30221
2014,5,27,25680,50040,16556,43305,35804,1774.77,902,3926,1642,6634,62103,39393,40009
2014,5,28,79682,31201,64204,83047,85344,1774.77,4400,3971,1855,9948,66208,16226,27817
2014,5,29,61543,41268,57915,17261,96864,1774.77,2239,3894,4328,9974,98550,26483,24289
2014,5,30,56508,98769,30410,83676,71755,1774.77,3068,2788,1416,7271,67186,41759,8865
2014,5,31,31440,97939,57083,98295,12908,1774.77,4521,1612,1830,8787,24414,44125,23291
2014,6,1,91654,49372,53756,8153,47922,2102.5,4659,3041,2000,8334,51147,35865,30240
2014,6,2,21404,18936,8634,58675,2474,2102.5,1466,1674,3827,9530,29671,47118,1606
2014,6,3,85634,20473,28029,40773,44887,2102.5,3848,2892,2876,7920,61044,17262,38506
2014,6,4,54195,25704,31543,81196,90390,2102.5,3412,1792,2977,8210,86819,20450,32690
2014,6,5,8791,93286,37215,32619,14398,2102.5,4736,1383,2357,8242,73507,48596,16886
2014,6,6,62622,93708,1489,66850,67664,2102.5,3998,1857,1888,8790,19404,11328,28885
2014,6,7,49582,52817,39474,83911,94863,2102.5,713,1782,1868,7927,52622,16678,42645
2014,6,8,24813,48711,99414,28522,72827,2102.5,2117,1799,1628,9924,18648,34291,22922
2014,6,9,90194,53999,72502,11133,20891,2102.5,3813,1918,4722,8286,70734,11882,41906
2014,6,10,20931,91448,75941,73212,49375,2102.5,1241,1086,3625,8058,35412,16452,28564
2014,6,11,44929,28882,34604,27909,23840,2102.5,3552,1566,3602,8494,41517,44493,19605
2014,6,12,42959,80331,31318,87681,74969,2102.5,4968,2250,3499,5909,14574,18460,2052
2014,6,13,80825,74407,66117,74450,46414,2102.5,2253,2693,1666,7458,35602,20600,1529
2014,6,14,61462,14155,986,1416,65208,2102.5,2260,3165,1082,7164,12198,30504,8855
2014,6,15,11982,88519,59107,21833,40780,2102.5,1057,1603,1677,7060,12405,48091,10920
2014,6,16,65054,69659,5785,95464,77868,2102.5,2415,1370,1892,6810,73448,13834,41387
2014,6,17,42255,35709,61618,97791,45639,2102.5,4646,2619,1494,7514,79451,35817,40168
2014,6,18,81024,76861,57421,32702,40387,2102.5,2144,1786,2188,5866,17254,16407,36178
2014,6,19,10668,99671,22089,82560,99423,2102.5,1011,1677,2596,7970,55819,43234,11889
2014,6,20,20500,467,50854,15537,20571,2102.5,1353,2946,3517,5126,50647,30255,46657
2014,6,21,27656,97792,2047,99844,67072,2102.5,1251,2738,1675,9392,76650,17702,35654
2014,6,22,16580,29014,9127,80528,59346,2102.5,3762,1196,1764,7806,28084,18686,14947
2014,6,23,3977,79439,36633,27494,20917,2102.5,4100,3571,2774,6146,64767,34846,3632
2014,6,24,61800,31019,78937,13475,35710,2102.5,4572,3640,2303,7670,49167,26648,21939
2014,6,25,71349,39282,89197,69465,96602,2102.5,3151,1164,3071,9150,28070,11158,17282
2014,6,26,44768,68523,98911,78894,94669,2102.5,798,1468,1047,9028,86294,13108,13678
2014,6,27,47319,67219,31749,64623,57270,2102.5,2622,3617,1549,6352,98082,49502,47269
2014,6,28,80453,2586,50080,9876,43721,2102.5,886,4839,3023,5476,83733,15394,44502
2014,6,29,39155,63825,30513,66554,39205,2102.5,4662,1523,1538,7762,67497,15302,16807
2014,6,30,75031,41472,2616,27933,20995,2102.5,2434,1446,4634,7514,27673,13355,17050
2014,7,1,87888,68195,1392,63365,68280,1420.65,3870,2104,1904,5423,71308,39105,9084
2014,7,2,15086,74184,39483,9201,58033,1420.65,4230,1722,1096,8514,36850,33145,13481
2014,7,3,5950,54650,69133,49816,82323,1420.65,3182,1562,2033,9573,49926,35313,48840
2014,7,4,65009,68797,33770,70956,70572,1420.65,1413,2009,1236,9018,11209,19997,21430
2014,7,5,95729,95440,2206,28177,40307,1420.65,2673,2607,1409,6805,12422,25083,5409
2014,7,6,95645,605,11646,29031,6531,1420.65,695,1538,3071,8938,58846,33643,27924
2014,7,7,85894,1612,35653,97859,83859,1420.65,4208,4586,3652,6413,15534,48958,46862
2014,7,8,58174,85437,77918,84583,48594,1420.65,4666,4238,2296,7663,89620,30178,40340
2014,7,9,15588,20316,18069,78659,1132,1420.65,2301,3376,4877,8620,19910,28736,26915
2014,7,10,11167,1796,58323,86172,4561,1420.65,1481,2734,4225,9399,47316,32818,32438
2014,7,11,86091,73335,93409,93387,10999,1420.65,3564,2937,4695,7985,21595,20826,33029
2014,7,12,34900,50250,24204,46130,14555,1420.65,4865,2073,3585,9539,28244,48145,41791
2014,7,13,81977,46078,27232,82554,41829,1420.65,754,2919,4234,5132,37657,41584,24549
2014,7,14,24514,77575,34522,44209,35560,1420.65,710,1810,2718,9238,32939,37272,6118
2014,7,15,47381,57805,79346,90966,57345,1420.65,934,1354,1371,5398,38226,28199,23942
2014,7,16,73595,69951,56119,37829,11435,1420.65,4413,1904,2702,7878,80156,23261,10129
2014,7,17,36404,45192,10072,59122,50782,1420.65,2746,4513,2167,8443,10966,24511,43012
2014,7,18,48738,77293,46537,35109,59987,1420.65,4659,3580,1064,8550,87761,48850,1115
2014,7,19,62259,17175,34799,49961,97461,1420.65,3221,1798,1497,9644,25689,43630,14955
2014,7,20,42656,38436,58144,59824,63232,1420.65,686,1968,2265,7222,63428,17252,29974
2014,7,21,98337,43088,67185,85753,95218,1420.65,955,3827,2119,5753,23787,35932,4946
2014,7,22,67060,13361,36149,43557,13006,1420.65,3538,2012,1625,6754,31835,46208,28190
2014,7,23,41655,98875,8177,98920,96097,1420.65,2523,1580,1043,9708,12889,42613,21605
2014,7,24,54654,13845,16441,43126,65950,1420.65,828,3008,4940,7909,76564,49297,6581
2014,7,25,76099,96455,71311,9076,58136,1420.65,576,1141,3371,6928,31413,30820,3146
2014,7,26,1416,63937,57958,48812,79997,1420.65,1424,1002,1043,7864,94127,16992,20847
2014,7,27,64445,39537,16354,50738,37446,1420.65,694,4895,1458,5406,38971,13859,9270
2014,7,28,40843,44255,96354,59214,74067,1420.65,678,1833,3054,7990,40644,38051,27767
2014,7,29,35190,48421,39054,52585,56286,1420.65,928,2081,1710,9154,16710,18444,49533
2014,7,30,61552,54206,89113,67276,91902,1420.65,2486,2743,2338,7688,16628,12756,28084
2014,7,31,87958,14695,54590,96013,79038,1420.65,840,1166,1014,5820,99514,32643,11587
2014,8,1,35443,86078,27125,4077,90248,1400.58,627,1618,1842,9254,52706,19889,36342
2014,8,2,96741,1802,8580,56933,26463,1400.58,4889,2509,2276,7253,52898,20214,21336
2014,8,3,57669,83477,30222,29841,82991,1400.58,1544,4784,1202,8668,38860,21893,29217
2014,8,4,81362,20840,32698,73168,70094,1400.58,3056,3186,4909,7987,40118,12723,1756
2014,8,5,5675,1360,20233,64303,58614,1400.58,4517,2633,2958,9486,78826,22300,23131
2014,8,6,43955,30371,7086,25601,25392,1400.58,2493,3104,3137,6542,96271,19582,12298
2014,8,7,64651,5680,52769,84560,40019,1400.58,2282,1394,1206,7744,20000,35563,9239
2014,8,8,56998,44513,34549,46309,25603,1400.58,3608,1826,1702,8210,11508,14790,13375
2014,8,9,4344,25354,24945,3833,88249,1400.58,3414,2898,4599,6183,37457,49618,37569
2014,8,10,51774,1092,61663,62372,84959,1400.58,4286,1956,2521,8835,88264,24475,38010
2014,8,11,28562,23225,60385,5011,65271,1400.58,1850,4613,4950,7210,73445,18198,38245
2014,8,12,85716,63212,71097,45315,89395,1400.58,1284,1168,2002,9299,19891,10955,24906
2014,8,13,27309,84179,69264,59831,99366,1400.58,657,4278,2103,7393,49289,12373,7528
2014,8,14,15639,72492,48339,61941,20639,1400.58,582,1353,1347,9942,68020,40741,38136
2014,8,15,76140,45657,48262,2136,84956,1400.58,4442,2264,1430,8705,88446,12182,34506
2014,8,16,72585,39104,45031,69689,66498,1400.58,2061,3487,3163,6550,60427,15234,10672
2014,8,17,18536,56918,26508,19883,8152,1400.58,1976,1294,1535,6386,19129,41491,10880
2014,8,18,76095,48573,70108,77482,63630,1400.58,3233,1214,1470,9616,11814,13209,24906
2014,8,19,50288,54316,11697,49803,34716,1400.58,4956,4603,1598,5640,11684,19895,38476
2014,8,20,23695,49166,86890,80230,57108,1400.58,3072,4553,1896,9072,27035,34572,6020
2014,8,21,99437,21621,87139,29798,61237,1400.58,3006,2876,2356,8510,94030,48423,43041
2014,8,22,59531,63987,84379,21276,93154,1400.58,1170,1847,1476,8060,13429,12840,40217
2014,8,23,432,51502,62395,87727,92386,1400.58,3650,1821,2401,5789,37970,38638,5782
2014,8,24,18830,97330,16515,82538,68385,1400.58,961,4266,1776,5339,81893,34036,26897
2014,8,25,71908,89417,17237,27642,67477,1400.58,1833,4259,3518,9227,88337,40903,30666
2014,8,26,25009,26988,99078,52411,52777,1400.58,2400,2958,1466,8822,70495,35464,3400
2014,8,27,17163,67809,96084,24398,49501,1400.58,4786,1407,2392,8118,65400,19670,27977
2014,8,28,89040,22235,51832,87558,41462,1400.58,4813,2822,2156,7790,51584,36284,40169
2014,8,29,63642,25337,24243,30723,15603,1400.58,1186,2764,3898,8621,73514,28398,44739
2014,8,30,56599,98301,66159,40343,56675,1400.58,1563,1436,3792,6798,33270,11606,31559
2014,8,31,83564,28084,10781,67072,38326,1400.58,3355,3319,2700,7598,49041,19654,12365
2014,9,1,31580,68771,33939,10202,42285,2579.53,1799,1936,3495,6996,13610,10053,12338
2014,9,2,15057,59324,30199,74804,8947,2579.53,4718,3381,3936,7186,16128,47652,41805
2014,9,3,61497,26379,35353,5447,91772,2579.53,982,3350,1094,8860,33551,48765,21359
2014,9,4,56763,16703,55702,1610,40197,2579.53,3014,1604,1339,8212,46407,20285,35665
2014,9,5,66369,37478,40020,51657,95619,2579.53,4308,2115,1626,8166,62561,32579,48079
2014,9,6,22371,39401,22282,62500,33826,2579.53,2616,1939,3887,6644,17106,45435,22186
2014,9,7,35334,2915,33393,96674,27480,2579.53,1958,3847,3629,6977,45504,29247,46152
2014,9,8,71408,44813,2715,62216,95826,2579.53,1146,4547,1028,6866,13398,19442,31629
2014,9,9,55614,91015,61793,60853,40685,2579.53,2640,1017,4606,9566,72690,17085,36693
2014,9,10,68536,56002,27286,18517,79331,2579.53,2764,1486,1250,7798,29305,12482,39142
2014,9,11,48459,90453,97031,69487,90233,2579.53,4339,2197,2795,9962,39401,24831,26781
2014,9,12,5528,62042,50849,11487,50778,2579.53,4923,4313,2244,8862,37829,41574,39892
2014,9,13,77702,1946,58665,44360,68777,2579.53,1841,2234,4774,7446,86721,10934,4323
2014,9,14,47005,27413,79908,81152,46249,2579.53,982,1775,2702,6374,63261,48479,19309
2014,9,15,79426,8186,67793,8022,96746,2579.53,4596,4447,3919,9234,18806,18104,21975
2014,9,16,78935,42000,26283,90061,78576,2579.53,1418,1931,1767,5330,23082,12090,29356
2014,9,17,6987,95417,71144,4689,34951,2579.53,3167,1466,3941,7312,38749,11384,34405
2014,9,18,75639,54698,46487,15910,29311,2579.53,4957,3244,4995,7591,14657,18570,31645
2014,9,19,96947,22428,60502,70066,93754,2579.53,3081,2091,1703,9366,21779,13006,49936
2014,9,20,94981,91299,93735,70275,44963,2579.53,961,1210,2181,8799,36510,32843,32484
2014,9,21,70444,77820,41088,26791,45411,2579.53,732,2356,4524,8886,12421,18546,22097
2014,9,22,38503,1855,21721,50206,78783,2579.53,4563,3763,1149,6604,60389,46112,43500
2014,9,23,72134,2703,16713,59315,91502,2579.53,3509,3296,2393,5948,10182,18320,19575
2014,9,24,38046,66800,51512,32570,5367,2579.53,2198,3868,3491,8918,10425,27274,30286
2014,9,25,18770,39990,67390,69919,63287,2579.53,1030,1771,1950,9095,27437,38333,27779
2014,9,26,68670,35947,16630,32416,1896,2579.53,1570,4940,4867,9434,88861,10233,38068
2014,9,27,6072,26060,70454,4563,1330,2579.53,3188,1718,2219,5577,90016,16858,30879
2014,9,28,9708,72400,68630,56540,71495,2579.53,1224,1515,2013,7853,88930,33908,46068
2014,9,29,82274,46854,90201,3493,72640,2579.53,686,3710,1472,8630,99624,22801,29062
2014,9,30,97761,14166,42900,34981,96095,2579.53,1838,1614,1667,7622,78693,43161,49269
2014,10,1,89919,49677,64901,34124,54960,2134.39,1396,3164,1474,6240,90803,12534,15161
2014,10,2,66318,85866,22248,66848,1842,2134.39,4608,1006,1314,9588,12101,19920,11401
2014,10,3,51427,34256,91588,88246,29301,2134.39,4780,4218,2128,6032,69694,38439,1101
2014,10,4,1193,2443,56604,22906,38684,2134.39,3680,1270,4623,9146,88200,11790,13759
2014,10,5,40032,52809,83824,60684,68749,2134.39,603,1526,2883,8542,24771,42184,12277
2014,10,6,55995,45904,27755,23124,31936,2134.39,2914,3128,1243,9046,72385,19734,13801
2014,10,7,14629,12418,76279,64253,74697,2134.39,2069,4728,3638,9006,91763,19158,14479
2014,10,8,44522,22368,38913,7405,77262,2134.39,940,3256,1888,7286,72731,15760,13685
2014,10,9,73848,50646,7356,90091,1516,2134.39,1368,1144,3510,8008,96748,33206,29741
2014,10,10,34830,28818,14287,68469,77414,2134.39,2206,1934,4769,6119,45691,38382,22403
2014,10,11,6156,77984,71639,32095,38031,2134.39,1321,3230,1367,9718,18320,29234,10722
2014,10,12,26122,96042,61731,34632,66393,2134.39,4189,1221,3647,9666,69689,31061,8479
2014,10,13,87231,56897,19348,48352,99368,2134.39,1733,1874,4374,9458,70320,13756,31391
2014,10,14,35446,92995,41987,63165,23023,2134.39,2399,1000,2700,8268,16478,10898,26660
2014,10,15,12609,50669,56666,32608,31849,2134.39,3668,4078,1920,6042,67429,31674,42708
2014,10,16,14407,70515,53549,90133,45239,2134.39,3889,1378,3214,5875,43848,12484,23869
2014,10,17,38887,52600,38085,11587,23082,2134.39,3382,2041,1583,7414,84648,13754,4564
2014,10,18,82756,98318,88862,15063,47686,2134.39,1736,2091,3156,9398,68576,38395,22643
2014,10,19,40505,72466,85432,73720,34693,2134.39,1308,3579,3231,6022,12206,21312,45632
2014,10,20,55308,84901,73354,76891,41301,2134.39,1673,1658,2670,5534,55469,20355,24354
2014,10,21,8177,2206,98800,51334,18842,2134.39,1080,4345,1192,6074,49416,40884,17376
2014,10,22,87143,12077,80816,1726,12822,2134.39,4389,3128,3585,9094,61371,24885,32334
2014,10,23,3449,8045,65293,92471,43580,2134.39,4178,3107,4318,7977,35792,16328,20762
2014,10,24,11705,91873,33857,84249,49736,2134.39,1484,1878,1426,9230,54955,16350,33274
2014,10,25,70986,94346,92652,70923,39792,2134.39,807,3239,3418,7451,35710,38349,4023
2014,10,26,14565,64889,6458,70235,9218,2134.39,3393,2273,1926,9026,21521,14006,42250
2014,10,27,61875,13006,53440,73577,1658,2134.39,1746,2642,4092,6062,43564,17776,8396
2014,10,28,61124,55724,18476,39543,49527,2134.39,4243,4090,1730,5670,34324,10994,4186
2014,10,29,59303,79070,14620,26129,57672,2134.39,1337,4545,1004,9777,93121,17155,36141
2014,10,30,4525,91221,56150,39969,98322,2134.39,3851,4445,1789,7366,15339,21316,49715
2014,10,31,87864,9583,1759,39641,26636,2134.39,1986,1884,1504,6450,12065,11064,2436
2014,11,1,54755,25074,49596,50884,34547,2803.23,1759,2118,4251,6938,40440,10644,33103
2014,11,2,26932,16238,77108,60610,31577,2803.23,4825,1158,1533,6606,67793,35320,14776
2014,11,3,37805,70083,16826,85762,98500,2803.23,4859,3254,3777,5806,16578,14676,38705
2014,11,4,68909,75898,56795,58160,3977,2803.23,4829,1824,4823,6936,91517,11399,13587
2014,11,5,88064,72695,2559,4597,93512,2803.23,1269,1315,1786,6198,17077,10580,36704
2014,11,6,61799,86937,8540,41929,22743,2803.23,2956,3002,1278,6102,66161,25254,29030
2014,11,7,59690,45991,72515,5865,19279,2803.23,2264,2341,3077,6174,28290,46588,30384
2014,11,8,89230,34560,77905,46016,74006,2803.23,1301,2155,4621,6192,10435,14890,11334
2014,11,9,71574,83392,61718,9204,29495,2803.23,810,1080,1573,6658,11399,25851,44231
2014,11,10,3708,95016,49546,56785,97542,2803.23,3372,1771,3746,7628,32786,19103,44188
2014,11,11,8962,50440,71259,39935,92985,2803.23,3649,1828,1437,5366,90113,10931,31695
2014,11,12,15950,40924,16467,22523,64248,2803.23,4725,4306,4233,8550,41090,36775,44219
2014,11,13,8458,60815,23547,53556,74796,2803.23,2658,1878,3124,8918,40043,32460,22685
2014,11,14,58316,33693,13370,39753,5412,2803.23,2036,2712,1524,9854,60234,41356,3483
2014,11,15,44073,24960,25663,99659,55583,2803.23,1433,1594,1114,6331,50299,35066,33105
2014,11,16,49016,22958,35175,88492,99579,2803.23,951,2893,1078,5454,13998,47025,25218
2014,11,17,70508,81035,84738,31266,80889,2803.23,3973,1313,2634,7974,40971,16442,11324
2014,11,18,14093,77405,54961,90716,70088,2803.23,781,1846,4568,7308,23946,44147,5260
2014,11,19,68878,61250,18393,10492,11923,2803.23,2516,2430,4776,8605,30047,10665,32391
2014,11,20,36281,19021,51979,38916,50009,2803.23,3483,4101,1705,8443,71168,23144,42950
2014,11,21,90055,96951,8599,34624,74259,2803.23,518,4487,1238,7038,69979,38420,48897
2014,11,22,62258,43848,20851,92034,18806,2803.23,4050,1510,4918,8294,94000,36278,1806
2014,11,23,80330,7485,16732,83387,92280,2803.23,1530,2334,4850,5954,16957,25460,37901
2014,11,24,30378,28432,51300,56876,58298,2803.23,602,1118,1078,6146,28940,33931,21279
2014,11,25,83397,47991,55369,69667,19020,2803.23,944,1410,3205,5362,99087,15484,49370
2014,11,26,26929,71970,64171,11779,69803,2803.23,3590,1510,1830,9998,57055,34208,31128
2014,11,27,92521,68704,4763,73999,1203,2803.23,4281,4598,3045,9649,70616,17064,1030
2014,11,28,95371,92913,49117,68576,31941,2803.23,834,3868,2877,9174,86998,22679,14556
2014,11,29,12063,90589,22860,37973,78183,2803.23,2180,1414,4970,6600,61052,16172,46268
2014,11,30,93350,35334,67123,91395,64983,2803.23,4810,1705,1312,9238,45280,12591,37739
2014,12,1,95693,21461,7712,26628,24811,1768.84,3689,1751,4602,6661,19876,32221,30392
2014,12,2,15195,80636,47193,58490,41688,1768.84,3190,3372,1839,5937,74706,15014,29717
2014,12,3,17100,51412,81581,7379,13045,1768.84,3565,3736,3336,6276,35363,23146,10525
2014,12,4,33020,90405,54898,18975,67067,1768.84,1195,2260,1817,8387,57101,19856,14831
2014,12,5,78105,41644,13229,91296,17581,1768.84,2224,1032,1406,5334,58410,18742,4288
2014,12,6,682,36976,93832,15370,39605,1768.84,4867,2623,1912,6117,15908,12098,45547
2014,12,7,7300,9146,1630,69118,73885,1768.84,660,1988,1725,9822,59635,10678,25083
2014,12,8,39194,1861,1691,94892,42018,1768.84,4986,4050,3428,7644,90771,12158,10101
2014,12,9,35716,45639,42008,71667,71756,1768.84,1035,4055,4102,9016,64524,32986,49958
2014,12,10,84099,69850,1328,17177,4756,1768.84,2834,3948,4174,9524,55192,37543,27315
2014,12,11,45977,51531,96594,75757,41700,1768.84,590,2414,4355,7148,49081,21110,37365
2014,12,12,53458,56469,16518,28912,65486,1768.84,1897,1880,2243,9576,83111,21998,31042
2014,12,13,56892,50946,32300,52418,36822,1768.84,4961,4150,1522,5822,74906,47072,3844
2014,12,14,6624,20048,90839,55979,23548,1768.84,2088,2004,2740,9958,11840,44577,6272
2014,12,15,91000,84165,60513,74595,80094,1768.84,2945,3336,1852,6414,11516,47743,43625
2014,12,16,15440,12067,46894,87165,14974,1768.84,588,1596,3198,5734,77574,48097,38152
2014,12,17,47699,71015,75102,76791,80973,1768.84,1367,3324,1533,8231,62918,11626,31017
2014,12,18,8208,42216,14963,19130,53812,1768.84,3224,4250,4134,6469,72766,30459,37068
2014,12,19,84621,73355,18408,59172,81134,1768.84,2268,1534,3347,9510,21973,30672,45982
2014,12,20,29739,9693,85349,11272,57924,1768.84,4249,2483,1834,8432,12966,10645,14619
2014,12,21,57632,84837,46249,6766,31306,1768.84,3576,2277,3721,7962,91448,12422,19015
2014,12,22,17965,65070,51390,17664,13792,1768.84,4687,4881,4406,5750,87505,23681,39715
2014,12,23,81007,76755,56165,87841,97319,1768.84,4837,4949,3964,8750,78066,13252,24129
2014,12,24,46453,81643,55252,55174,3626,1768.84,1379,2941,3120,9120,71956,16536,13052
2014,12,25,18835,86645,18146,18241,3032,1768.84,3273,4037,2404,6390,88229,46074,5651
2014,12,26,54919,53068,51024,30236,80505,1768.84,3208,1956,2083,8459,98481,47060,45442
2014,12,27,71512,76213,85002,15984,5333,1768.84,4247,4166,4954,9598,58758,29337,6959
2014,12,28,98043,83385,63376,96799,64175,1768.84,4225,1806,2375,8246,65679,34232,17957
2014,12,29,22043,18889,61189,49126,27348,1768.84,2538,1750,3586,7539,31194,23919,26023
2014,12,30,70850,5442,14438,47156,14186,1768.84,1493,3579,4284,6220,41729,13862,39549
2014,12,31,74177,50955,88903,27905,27556,1768.84,2136,4597,4822,9676,15074,33521,20935
2015,1,1,27613,48733,638,41505,79927,2068.06,2353,1719,1697,5861,15904,27597,40909
2015,1,2,2355,60836,16882,24927,2565,2068.06,918,3519,1946,6726,81074,12880,36692
2015,1,3,21847,47024,69055,77876,62098,2068.06,4925,4710,1307,6914,31214,47585,2576
2015,1,4,17823,59920,65657,55873,35781,2068.06,3469,4486,3747,5766,95764,27664,47913
2015,1,5,3395,11220,31184,95341,70930,2068.06,4572,2776,1984,7262,70651,16354,28610
2015,1,6,46203,96929,43792,13862,23844,2068.06,1447,3017,2629,7103,13889,19761,41358
2015,1,7,25017,97360,74249,116,14063,2068.06,2779,2456,2583,5314,29149,18513,36365
2015,1,8,70276,3722,77642,62260,63701,2068.06,1341,4902,2924,6484,40115,14206,14645
2015,1,9,67843,1563,59786,35472,45019,2068.06,1584,1386,2385,8766,11442,11646,23675
2015,1,10,48550,80634,35257,46133,5948,2068.06,997,1223,1670,9990,38482,14530,30758
2015,1,11,5987,71176,90785,83912,47661,2068.06,678,1854,3814,7290,67325,10184,30901
2015,1,12,51843,55262,96571,39228,17447,2068.06,675,2000,1409,9162,28479,18918,49425
2015,1,13,73041,59478,94932,73871,820,2068.06,3401,1806,1892,5537,14148,18601,49767
2015,1,14,76438,9100,456,41605,70916,2068.06,1788,2757,4394,9432,61984,13690,34133
2015,1,15,80488,19012,22836,76897,27647,2068.06,604,1382,2143,6888,90909,44315,17667
2015,1,16,56655,45663,67474,77596,91200,2068.06,2549,3989,3641,9356,25593,20908,24543
2015,1,17,63490,77382,10018,19236,42093,2068.06,2427,3931,3717,6486,15827,10982,38355
2015,1,18,99281,27785,68403,42777,34673,2068.06,2091,1326,4973,7398,85273,12525,9312
2015,1,19,45459,47823,96515,45452,27180,2068.06,2712,2020,1690,5468,42607,24285,22108
2015,1,20,47436,35035,13217,71154,83001,2068.06,3869,2280,3180,7271,25056,15714,45397
2015,1,21,66584,28500,15531,87909,99416,2068.06,876,1225,1330,6608,13364,24861,17156
2015,1,22,51759,55742,31882,67600,14823,2068.06,1884,2258,2226,5100,49763,25226,40841
2015,1,23,16849,88633,7507,90029,95904,2068.06,4232,3838,2414,6114,83099,26830,48916
2015,1,24,63271,99885,54408,44601,13185,2068.06,4461,4942,1825,7694,48893,48000,11085
2015,1,25,24887,90778,10259,67113,62231,2068.06,2338,4078,1910,6196,85459,10908,10022
2015,1,26,65112,99692,56100,58879,45807,2068.06,2060,1742,1766,6467,70028,18618,39199
2015,1,27,83905,55842,49914,17082,89888,2068.06,718,4773,1882,5339,81885,34518,48807
2015,1,28,51713,90576,63597,16718,6772,2068.06,3978,3235,1734,6429,47113,27257,15408
2015,1,29,5628,99174,69038,77414,21993,2068.06,2384,1802,1258,9218,22978,17497,5418
2015,1,30,27456,88060,32271,49744,79752,2068.06,4261,1463,1082,8430,64533,27853,30508
2015,1,31,79618,58512,32441,44717,24941,2068.06,3325,1919,1398,7362,24332,33423,29554
2015,2,1,86717,39320,40390,15366,62298,2081.14,4173,1709,1508,8916,46460,37015,24239
2015,2,2,43179,94276,74450,57389,58809,2081.14,2005,2319,1095,8074,58611,47001,18656
2015,2,3,86400,5531,58432,60115,46216,2081.14,4245,4283,1174,5987,64649,19656,41855
2015,2,4,20226,23823,92885,43087,32739,2081.14,878,2268,4972,7294,49656,17570,5697
2015,2,5,89559,3015,42453,40654,1089,2081.14,2654,3839,2946,6086,80305,19161,1064
2015,2,6,54293,69552,18445,85467,31891,2081.14,1642,3467,4619,9062,11553,38710,49446
2015,2,7,60224,8008,80979,26548,78911,2081.14,664,3468,1398,7779,25473,17574,46988
2015,2,8,95196,13129,54929,18142,75567,2081.14,2302,4858,1137,8422,31677,19379,35235
2015,2,9,37897,43320,37847,77516,64198,2081.14,2577,1554,3759,9908,67319,19021,15753
2015,2,10,26896,19000,37490,93249,13131,2081.14,4337,3325,2442,5617,26466,34360,29315
2015,2,11,67204,30121,14220,4693,68572,2081.14,4071,1467,1919,8270,10998,36116,12249
2015,2,12,94023,99265,43242,84134,79173,2081.14,3154,2419,1832,6995,15667,25394,26913
2015,2,13,86310,60005,83720,95105,91974,2081.14,816,1068,1658,5750,80221,41581,26539
2015,2,14,88636,70646,64401,10555,15268,2081.14,3023,4289,1434,5242,19558,19056,31088
2015,2,15,99529,62929,98295,61793,86276,2081.14,2186,3936,1298,7257,84040,32290,13962
2015,2,16,63796,79858,74172,36807,6245,2081.14,3387,1232,1390,9140,21786,23009,20746
2015,2,17,40228,34810,98651,20579,7426,2081.14,1453,3306,2704,9504,85098,23979,8425
2015,2,18,25061,38637,79268,15378,75894,2081.14,2667,1041,1748,8191,92847,48465,29661
2015,2,19,58937,87587,9698,327,63079,2081.14,4687,3305,2645,8337,40235,40071,31485
2015,2,20,96762,53041,29730,84466,64140,2081.14,4796,4199,4815,6790,18334,12060,31180
2015,2,21,50076,18597,18102,25945,6788,2081.14,4410,1456,1239,8224,82401,44317,27301
2015,2,22,81944,72089,13976,64590,60426,2081.14,1012,3538,2251,7093,74355,37742,4211
2015,2,23,48273,65504,76943,18088,35919,2081.14,1499,1998,1466,7694,28290,23253,31519
2015,2,24,74606,52701,5329,5845,3161,2081.14,1514,1455,2521,7974,66044,19298,4082
2015,2,25,1052,53409,42837,24655,70502,2081.14,2397,3773,2694,9339,53212,18613,17192
2015,2,26,87210,66065,20960,20029,97018,2081.14,3281,1622,3302,9934,93819,21462,49250
2015,2,27,69044,10334,22918,77918,57175,2081.14,2215,3225,1334,7926,99232,11928,5315
2015,2,28,23596,11630,97054,22643,17321,2081.14,2607,4529,2682,8566,24557,29699,16619
2015,3,1,84192,17674,46118,65506,11493,1794.84,900,3177,3201,8817,11703,44867,33932
2015,3,2,76034,86282,36294,82438,85514,1794.84,1032,2142,1130,8674,30814,11893,48222
2015,3,3,86282,51696,94576,81200,76254,1794.84,744,1796,4651,7836,58653,36144,40627
2015,3,4,71769,9554,40674,11322,38372,1794.84,1188,1522,1270,9954,13193,40523,18730
2015,3,5,7056,35578,54018,18683,80605,1794.84,575,3237,2878,6038,64437,45483,34832
2015,3,6,48481,89805,22280,23132,77641,1794.84,627,1530,1838,5316,77081,11561,47285
2015,3,7,51383,49622,8670,6393,58456,1794.84,3267,1030,3791,7282,84192,20747,38215
2015,3,8,34820,81120,53986,87698,88974,1794.84,3181,2453,1870,7278,76936,18570,34775
2015,3,9,69098,18917,684,92288,1570,1794.84,3848,2951,1590,5044,75695,18545,44117
2015,3,10,17084,38963,408,90875,88951,1794.84,1622,3769,3422,7866,27818,37395,1914
2015,3,11,66734,77352,41201,7664,49165,1794.84,2585,4613,3404,6546,26900,19922,34489
2015,3,12,53738,97101,24277,13828,59618,1794.84,3724,3052,1170,9131,83926,44235,49972
2015,3,13,66435,61901,84357,64857,93860,1794.84,3603,1944,1766,9803,15494,10094,28528
2015,3,14,60644,43546,89656,14049,3166,1794.84,4021,3254,1078,6606,87081,11962,32908
2015,3,15,9622,35806,99029,64908,1289,1794.84,998,2722,1207,6203,32578,21419,49308
2015,3,16,54731,17534,64716,60609,43689,1794.84,2003,4332,1154,8010,18380,45089,15676
2015,3,17,87271,3754,18345,17278,13404,1794.84,3254,4377,2583,9158,17166,17752,5426
2015,3,18,21590,46131,26595,99150,72334,1794.84,1920,3415,4410,6570,20376,12422,25525
2015,3,19,17311,68732,57431,59235,6742,1794.84,4324,4011,2268,5346,27641,25671,42163
2015,3,20,44446,50896,65049,2029,89530,1794.84,2252,2471,3167,6646,42972,20500,35685
2015,3,21,12075,29893,80269,21485,81528,1794.84,4583,1590,4375,8365,74424,42468,1300
2015,3,22,40529,95101,2833,52797,17769,1794.84,4819,3566,2720,6220,80594,14434,30474
2015,3,23,61905,57847,31073,10072,78045,1794.84,1924,1022,3936,7192,27955,14598,24045
2015,3,24,44189,2539,33359,13564,50905,1794.84,2383,2784,2883,6298,60580,37003,7783
2015,3,25,72041,55400,15570,86113,31620,1794.84,4714,4876,1714,7138,36299,14759,12517
2015,3,26,11184,99576,71231,31472,26768,1794.84,3287,2307,3076,6645,17222,18980,49186
2015,3,27,90781,39607,76765,10016,81174,1794.84,3370,4566,1818,5292,55678,23419,3697
2015,3,28,7809,61745,83296,94523,98884,1794.84,633,1206,1054,6863,57889,28641,35947
2015,3,29,62402,7530,65950,80478,90527,1794.84,809,1306,4129,8925,15356,36655,49524
2015,3,30,12622,71045,22574,38069,82689,1794.84,1487,1002,1348,9142,85018,10472,44604
2015,3,31,47082,77005,81650,98956,40220,1794.84,2596,2620,3419,9897,99449,15814,39539
2015,4,1,65259,35253,14903,40536,59279,1980.7,3156,1674,1958,7577,29362,35086,17910
2015,4,2,19065,19859,41435,46552,21229,1980.7,3632,3232,1018,8939,54804,18102,13018
2015,4,3,86536,57425,30329,62786,73227,1980.7,2206,4836,1766,6930,95372,45156,34275
2015,4,4,21371,48529,41831,28205,56106,1980.7,3290,1522,2402,8678,38073,44983,37545
2015,4,5,84094,48058,59568,95112,56997,1980.7,2020,4883,3148,9422,39020,11374,14372
2015,4,6,92975,77579,16211,28853,31040,1980.7,4009,3761,1463,8794,96965,48920,11583
2015,4,7,69737,10257,40443,93491,97685,1980.7,4825,3130,4276,8796,19196,32624,44868
2015,4,8,45117,87966,92509,49617,96666,1980.7,990,4639,1866,7116,18492,13006,31529
2015,4,9,71488,58854,25260,47951,41045,1980.7,3223,2132,3832,6902,36975,12869,38577
2015,4,10,64886,91801,61000,40514,22546,1980.7,3138,4014,3558,8022,33630,10456,20593
2015,4,11,29879,44622,61216,55338,4527,1980.7,3187,1013,3560,6902,40316,45956,29708
2015,4,12,92024,53540,39442,57208,23557,1980.7,678,4793,4568,7427,45307,14238,26417
2015,4,13,68021,34798,7481,42931,16796,1980.7,4505,3025,2083,5720,18363,13228,41111
2015,4,14,71780,46551,98976,26692,16350,1980.7,2648,4724,4182,8441,98283,32738,39292
2015,4,15,54858,34713,53885,39426,32140,1980.7,2891,1511,1390,6086,75793,33487,15544
2015,4,16,11483,6652,46513,29918,82372,1980.7,2879,1016,4130,7446,97194,10479,31228
2015,4,17,91146,36195,1556,16680,14636,1980.7,4417,4492,1814,6612,25270,33042,49839
2015,4,18,18845,88162,15906,85537,74886,1980.7,4023,2719,3350,7582,32636,47073,41700
2015,4,19,13116,85516,67577,57246,53722,1980.7,4076,1218,1940,5631,77897,31953,14772
2015,4,20,51823,43668,1446,2725,63321,1980.7,766,3517,1229,8024,84053,22466,43068
2015,4,21,9724,53078,25186,24426,84966,1980.7,2850,4432,1041,5427,71678,46114,24174
2015,4,22,86551,5755,7334,3868,57739,1980.7,820,4560,3897,7246,12284,42218,35231
2015,4,23,96686,14404,90736,44267,32428,1980.7,1732,3502,1148,8269,99279,11886,41141
2015,4,24,98796,37130,76320,74837,42557,1980.7,2302,1862,1798,9280,49326,44193,14350
2015,4,25,46219,1499,53754,91468,55117,1980.7,3685,3154,3145,6246,12420,11924,32391
2015,4,26,98266,79154,20427,58835,3775,1980.7,721,2569,1834,6794,93757,15743,19706
2015,4,27,77742,31061,77554,64197,92048,1980.7,3390,3265,4730,8495,29733,16198,26880
2015,4,28,60886,29771,84353,90383,36896,1980.7,2306,1350,2278,5474,93994,12404,46774
2015,4,29,8790,31068,14975,81977,44460,1980.7,2719,2200,2495,5272,11026,14543,25084
2015,4,30,18505,11140,2809,79587,89635,1980.7,784,1872,3664,6489,57254,15559,48894
2015,5,1,9562,67072,1893,98646,61066,3008.45,2435,3485,1254,5763,69296,37058,14297
2015,5,2,19835,7850,59554,11459,10599,3008.45,1314,1737,4609,5900,27723,17014,40449
2015,5,3,38038,94596,87167,34527,68203,3008.45,4140,2763,1148,6032,92760,13566,19078
2015,5,4,76681,16548,72052,38656,22311,3008.45,713,3496,4196,6502,69955,26146,41348
2015,5,5,42068,16270,97884,1677,58523,3008.45,742,1559,1554,7404,47437,19054,25608
2015,5,6,32775,91578,98872,18924,53962,3008.45,2489,1292,4531,7206,69296,46842,41633
2015,5,7,12240,11362,21691,77789,12981,3008.45,3934,1399,2915,8170,89427,32789,41646
2015,5,8,10130,99606,79349,46684,13303,3008.45,2792,2429,4714,6663,81352,38675,26786
2015,5,9,74648,80194,19317,99180,51086,3008.45,2373,4676,2678,8136,57464,12010,4966
2015,5,10,92062,27752,33410,16329,95922,3008.45,4117,1050,3794,8465,69085,18448,22837
2015,5,11,21603,36878,30878,56317,3542,3008.45,4991,4540,3774,5342,10071,26211,28582
2015,5,12,1977,72445,55889,51008,72861,3008.45,3017,4921,2455,5568,81249,13534,13353
2015,5,13,1968,80367,75779,57114,75184,3008.45,562,3137,1741,5592,69453,13142,44865
2015,5,14,17726,30797,12528,42852,27808,3008.45,4063,1136,1395,9912,97143,34255,22599
2015,5,15,4656,26513,65529,62112,5644,3008.45,1839,2611,4847,7950,81076,11126,13130
2015,5,16,68835,6639,64520,66928,95783,3008.45,4914,3507,2472,7441,56358,25279,1330
2015,5,17,36392,75422,87768,47787,66725,3008.45,3393,1380,2775,7852,33491,49770,1263
2015,5,18,93403,81683,73734,53250,5653,3008.45,4631,4486,2800,5502,57766,23582,4811
2015,5,19,35827,59033,3442,33299,72826,3008.45,4930,4216,2925,5404,57003,34650,26153
2015,5,20,80313,5397,6031,8088,35671,3008.45,4209,4072,2555,7943,98674,43208,5874
2015,5,21,2754,3306,34047,80554,88809,3008.45,986,1982,2196,7868,90637,40021,41813
2015,5,22,50082,65568,49239,18008,44617,3008.45,4009,4928,2989,5039,49367,13659,6242
2015,5,23,47265,23578,9085,84820,71521,3008.45,3027,1260,2415,8426,71178,32575,7759
2015,5,24,86591,58019,73563,53788,31949,3008.45,3808,3381,1118,6102,32740,14182,14200
2015,5,25,65640,1750,32016,9982,93141,3008.45,3640,1646,2663,9076,25224,25535,47735
2015,5,26,6835,69604,16161,50603,48030,3008.45,3177,4620,1709,6192,88407,10009,3692
2015,5,27,53643,98568,8392,99761,57967,3008.45,3199,4957,2881,6294,49938,36021,41132
2015,5,28,69301,39932,92779,23317,39008,3008.45,3851,2194,2605,5486,12796,15966,18003
2015,5,29,85056,12326,86608,63117,85418,3008.45,3126,1674,1285,7869,71524,14251,41367
2015,5,30,55353,94724,20562,14586,66290,3008.45,1959,1941,1750,9737,75257,15790,20500
2015,5,31,77740,24110,27985,81697,21826,3008.45,3683,3232,1628,6642,86348,37578,7133
2015,6,1,75827,42991,50647,90048,14515,1478.67,810,1188,3162,9985,91878,38662,31250
2015,6,2,26945,43820,65445,86682,35430,1478.67,772,1790,1150,9906,97715,49054,31235
2015,6,3,12505,20948,34865,49148,23648,1478.67,4859,1662,1758,6857,11756,46298,22443
2015,6,4,24460,51274,21888,92622,27612,1478.67,1283,4555,1186,6170,57589,25718,30118
2015,6,5,44315,38362,17961,36238,831,1478.67,592,4687,2974,5270,95186,26621,15676
2015,6,6,58951,5046,92448,24383,98256,1478.67,2033,2714,1902,5272,15335,43557,48322
2015,6,7,21743,62972,48114,12032,92404,1478.67,4101,3069,1690,8413,89306,27598,22055
2015,6,8,4089,74599,7286,57063,11106,1478.67,710,1030,3868,9962,10790,22123,2472
2015,6,9,57157,47824,61190,23103,39448,1478.67,1660,1189,2200,9070,89572,14603,42878
2015,6,10,3180,60026,17673,63595,48439,1478.67,2544,3878,2929,9668,42292,18078,6980
2015,6,11,83653,92329,79091,23874,34812,1478.67,996,1967,4055,7086,31421,19718,39881
2015,6,12,16416,48082,71045,88616,45559,1478.67,3218,3737,3346,7242,28684,18136,26969
2015,6,13,10574,86229,3368,8503,67411,1478.67,2537,2414,4339,5968,91287,39150,45660
2015,6,14,19212,37285,97470,73267,60823,1478.67,3120,3589,3324,8406,82204,38883,28892
2015,6,15,63838,51775,3973,17184,55369,1478.67,1671,1894,1589,5038,74444,35351,49009
2015,6,16,17051,8334,2766,71390,21313,1478.67,540,1056,2689,8732,30141,24863,44054
2015,6,17,19605,29615,18453,29282,131,1478.67,4516,1306,1142,8488,13854,40502,17009
2015,6,18,53850,65527,22797,5439,36917,1478.67,789,3966,1926,9906,25356,19192,47242
2015,6,19,53960,2249,16467,1649,76610,1478.67,1511,2566,2574,9936,41847,18122,46609
2015,6,20,78324,26364,89377,63458,31204,1478.67,634,1404,1878,6226,13694,22025,3231
2015,6,21,56702,63984,75992,78629,23891,1478.67,4571,2849,4947,8366,95850,12909,17700
2015,6,22,33998,22362,41828,26572,83678,1478.67,628,2000,1389,5454,41810,23944,33675
2015,6,23,44587,62123,75350,46048,5231,1478.67,3072,3284,2527,6790,73264,11106,32192
2015,6,24,78116,27836,96971,14415,15225,1478.67,2323,4222,1534,9150,92145,15211,42821
2015,6,25,69177,27774,93564,11918,69130,1478.67,862,1238,3847,9758,76115,19078,35374
2015,6,26,59755,60540,13715,38634,20955,1478.67,1402,1714,4813,8373,29836,30037,36979
2015,6,27,47546,73512,95612,79080,59015,1478.67,642,4542,1070,8422,56460,16342,37758
2015,6,28,55932,42323,47433,69780,3534,1478.67,866,4639,1782,8923,18273,21392,23548
2015,6,29,5902,59676,53167,37067,14401,1478.67,2103,1946,4217,5440,41025,48231,49355
2015,6,30,66825,68021,92775,98707,72227,1478.67,4718,4509,2908,7014,14288,27793,15587
2015,7,1,19498,7433,3840,54773,25706,1760.19,2025,1733,4750,8192,16133,44104,25233
2015,7,2,97548,78080,83322,60263,35458,1760.19,3438,3477,2031,8606,92055,22617,47906
2015,7,3,58216,52917,30526,21718,67206,1760.19,506,3054,2102,8958,74179,24160,24671
2015,7,4,70543,51205,25894,65293,65297,1760.19,748,2843,1458,5422,39457,38267,42027
2015,7,5,39680,82896,8097,96711,25040,1760.19,679,3254,3067,6204,21324,36624,1286
2015,7,6,57227,46444,56032,39329,91754,1760.19,3488,2296,1414,5733,43940,46710,30211
2015,7,7,47761,36042,9554,571,11464,1760.19,3837,1142,3257,6933,64204,23297,15363
2015,7,8,13437,99884,72904,82856,82440,1760.19,832,4665,2022,7482,95345,48776,44228
2015,7,9,22074,75187,11073,19840,80920,1760.19,1550,1302,2405,9850,61953,35220,21365
2015,7,10,57819,50791,2715,22428,64076,1760.19,2076,3863,3153,9970,76719,15592,16919
2015,7,11,95560,12552,21610,52583,20767,1760.19,1358,4191,2141,8782,79030,39412,16956
2015,7,12,16499,61933,34445,23905,70741,1760.19,962,4910,3540,8191,67337,43967,12750
2015,7,13,61462,95767,37832,44616,97099,1760.19,858,2657,3453,7298,61591,30571,14551
2015,7,14,65125,79302,56115,73618,8084,1760.19,3029,1878,3429,7660,64838,16982,35145
2015,7,15,26576,56667,45432,6468,34858,1760.19,878,2671,4886,8265,57286,21984,29121
2015,7,16,19168,83846,30995,78973,32015,1760.19,4543,2138,1887,5657,70755,46322,42586
2015,7,17,67155,50138,37257,96936,63963,1760.19,2456,1084,1465,9239,97004,26322,18447
2015,7,18,88360,63792,55346,29599,52057,1760.19,2934,2576,2829,8928,66548,44843,12632
2015,7,19,7867,42445,58335,79754,74454,1760.19,2427,1607,1166,6036,54894,19092,45442
2015,7,20,80835,52351,66431,72300,11590,1760.19,4974,1301,3578,5254,62251,45634,29788
2015,7,21,82952,30186,83211,12133,45467,1760.19,1975,3332,3555,6674,49437,33008,16112
2015,7,22,77104,41865,40969,72682,4253,1760.19,3574,1542,4565,5005,57386,42506,45863
2015,7,23,94793,72361,25160,38371,42681,1760.19,722,1983,2596,9919,54115,13062,37411
2015,7,24,32383,27443,32747,40938,59105,1760.19,604,2559,4047,7617,25240,44652,32184
2015,7,25,9833,73816,29740,74398,5173,1760.19,3255,1316,1686,8415,54686,18518,37126
2015,7,26,95826,21395,76854,29774,87666,1760.19,4187,1814,1114,7762,77336,16570,47321
2015,7,27,40469,33987,19130,80869,31604,1760.19,520,2787,1788,5259,32184,22413,10723
2015,7,28,42385,31793,88730,34575,40208,1760.19,4444,2384,1161,6297,82158,35179,9768
2015,7,29,9970,7698,21579,17437,65984,1760.19,4006,1451,4253,9488,87319,47208,48916
2015,7,30,96563,12840,54997,47452,68099,1760.19,1216,1835,3972,9900,61409,25531,37181
2015,7,31,84713,30855,27917,65874,93504,1760.19,2404,4825,1930,8983,37261,16458,26427
2015,8,1,37620,39263,53504,57108,26582,2198.39,982,1556,1424,7658,23871,18490,1434
2015,8,2,70041,67059,44565,94986,44821,2198.39,4697,2026,4364,7722,15118,40790,20097
2015,8,3,29328,21707,57618,18311,75320,2198.39,2560,2939,3338,9690,86398,12552,24077
2015,8,4,43128,56421,12045,65187,6597,2198.39,4426,1637,4326,8991,71622,30498,35917
2015,8,5,55440,67673,72525,19804,29596,2198.39,1945,1126,2464,9134,93585,37784,24407
2015,8,6,74991,32498,17076,4681,41266,2198.39,952,4392,1245,6002,49578,49194,3474
2015,8,7,25265,40358,75832,44592,75701,2198.39,782,1139,1477,7942,67294,11072,13806
2015,8,8,88373,94240,36348,17189,95154,2198.39,4972,1496,1134,8399,91176,36398,46285
2015,8,9,58226,52129,37143,50823,25126,2198.39,822,1741,3430,5847,27684,19130,3074
2015,8,10,89654,69127,50270,37483,83093,2198.39,4907,2816,4506,5046,10018,39659,33916
2015,8,11,13891,26330,26156,25376,81081,2198.39,1774,4305,1634,5268,90128,27289,33685
2015,8,12,18342,40145,94032,61772,82345,2198.39,2253,3349,2193,7758,25831,40285,38068
2015,8,13,97790,40739,94454,42296,8345,2198.39,3307,3586,2139,6582,63962,23219,15811
2015,8,14,74499,42089,78878,76664,57357,2198.39,3952,2050,1012,8680,53821,15700,19006
2015,8,15,52404,67428,96195,59597,31302,2198.39,1234,4091,4116,5566,87738,15282,38379
2015,8,16,76498,86046,42400,34989,43213,2198.39,4560,2710,4801,6884,94373,38510,6362
2015,8,17,38795,14679,30561,64296,45366,2198.39,3493,2768,3160,8382,73717,49462,1478
2015,8,18,39418,56304,44906,18535,33343,2198.39,3699,1192,1622,8854,61180,28253,32644
2015,8,19,3813,52093,95964,68614,21882,2198.39,2123,2027,2719,7683,57675,33084,6690
2015,8,20,38418,46169,97206,6578,47208,2198.39,2391,2977,3577,7296,37863,26919,20923
2015,8,21,16293,76563,3112,51334,57661,2198.39,4586,1472,4088,7634,46438,37322,30645
2015,8,22,64943,69914,64350,2662,7598,2198.39,746,2366,4544,5912,85295,48104,22025
2015,8,23,70226,7688,51082,30155,91336,2198.39,2073,2627,1022,6537,75312,39518,38945
2015,8,24,7182,4899,17344,72622,63153,2198.39,4943,3094,3694,8596,30756,15296,13782
2015,8,25,62670,16503,36362,47215,15806,2198.39,646,2382,1402,6399,48888,37031,21658
2015,8,26,51696,55962,61012,17202,98851,2198.39,3071,2383,2574,6774,95005,20726,36324
2015,8,27,70548,54949,48821,4243,95594,2198.39,3237,3263,2430,9208,21829,44587,29577
2015,8,28,52609,33500,63322,98305,96251,2198.39,1687,2945,4523,9050,81498,33373,12210
2015,8,29,65375,54570,5758,22949,61337,2198.39,566,1883,3414,8846,52477,34008,17115
2015,8,30,88424,30716,58624,17206,61667,2198.39,3145,1262,1242,5894,28930,26553,46805
2015,8,31,53677,96970,74499,38200,26021,2198.39,2924,2746,1917,5494,47046,38253,22349
2015,9,1,7073,20138,65563,32271,88967,2571.57,2045,4681,4545,8512,97699,37701,15923
2015,9,2,32397,28326,68005,90215,73608,2571.57,3890,1929,1658,8441,12949,15520,44558
2015,9,3,52719,37048,1025,12752,446,2571.57,4899,3869,1544,7282,56139,14733,39279
2015,9,4,37736,93186,50768,78633,63789,2571.57,1333,2536,3144,8684,11030,33103,14819
2015,9,5,95247,62994,70033,80654,77787,2571.57,4760,1018,2732,5784,59608,12738,49334
2015,9,6,61415,65860,77047,3534,37673,2571.57,4619,1658,4075,6982,70391,22863,49539
2015,9,7,66557,86725,51752,76053,87414,2571.57,508,2659,3846,5540,79664,11633,4502
2015,9,8,61227,34425,58490,13959,6561,2571.57,2136,2975,3956,8694,87860,37980,18098
2015,9,9,26425,22480,29740,85500,40570,2571.57,3362,2126,1854,6465,99530,24267,1118
2015,9,10,30968,75039,73279,81166,36932,2571.57,2798,3157,3718,7640,28467,10279,2943
2015,9,11,2090,11956,78255,2399,72491,2571.57,766,3914,4946,8182,84414,11867,32467
2015,9,12,86601,9129,68994,73456,85595,2571.57,4074,2913,1266,7353,14078,29549,34877
2015,9,13,6648,23230,44059,10367,7222,2571.57,645,4310,4481,5251,28060,23323,22527
2015,9,14,97718,68440,88591,19016,54910,2571.57,883,1509,3484,6228,31316,14070,23005
2015,9,15,67457,11744,49696,60076,65449,2571.57,4624,2095,4707,7376,98813,26928,30127
2015,9,16,22562,19459,52591,7043,51062,2571.57,742,1118,4090,8956,84146,20351,30652
2015,9,17,58313,81382,78213,73149,63963,2571.57,4931,1418,1272,9626,91493,36720,9530
2015,9,18,36105,81119,75168,55812,31154,2571.57,2739,3714,4791,5330,77108,10853,23982
2015,9,19,15982,57475,25985,81424,42783,2571.57,3126,2446,2864,6338,13904,21826,26483
2015,9,20,5868,96879,19597,43492,52857,2571.57,1563,1282,3560,6954,61124,12140,11091
2015,9,21,12065,60217,9780,21856,11899,2571.57,2708,2879,1438,8692,25654,19848,36888
2015,9,22,51528,43781,53648,59392,56471,2571.57,2569,2338,3824,7165,22181,43032,10595
2015,9,23,94608,68746,48346,19520,6829,2571.57,584,3892,4686,5363,40747,31584,9471
2015,9,24,88604,23457,25816,49318,48501,2571.57,4165,1174,2953,5634,75770,34423,17822
2015,9,25,99759,39692,46762,73583,6858,2571.57,1615,2816,4040,5278,37336,27220,35296
2015,9,26,90783,12921,96113,76821,98285,2571.57,3404,1887,1667,9286,52556,41520,36860
2015,9,27,84745,38074,57900,12698,77239,2571.57,2121,1996,4713,7798,66931,46570,33671
2015,9,28,45530,99899,14388,15922,81211,2571.57,3141,3345,2000,9253,65165,45631,18076
2015,9,29,42466,39923,98871,35485,40494,2571.57,2004,1974,4500,5054,54287,33090,1427
2015,9,30,1279,51409,76439,90992,27996,2571.57,3914,3524,4619,8301,89446,40830,43370
2015,10,1,98940,29176,83724,4546,10693,1412.84,2010,1238,3225,10006,14930,46004,29356
2015,10,2,75852,49051,51857,27108,3338,1412.84,3385,4746,1384,5728,82741,21106,34947
2015,10,3,39643,72618,30726,74296,78416,1412.84,2023,2355,3434,6046,81900,44127,37908
2015,10,4,56455,45263,94742,51032,44109,1412.84,2035,4959,1251,5243,63418,20941,2202
2015,10,5,190,8156,42040,27927,43885,1412.84,4032,3526,3749,6109,74174,17044,41133
2015,10,6,34018,51198,2225,67452,28297,1412.84,1578,1102,1486,5354,52134,39846,1938
2015,10,7,24874,65522,26159,92478,30766,1412.84,4770,2306,4084,7266,75232,15946,39577
2015,10,8,62942,74265,57847,93043,36727,1412.84,2911,1496,3218,9270,54546,27866,32021
2015,10,9,20612,66126,28970,66350,88798,1412.84,2548,1014,2976,8706,38851,10093,47456
2015,10,10,88283,18622,57401,2367,56783,1412.84,1686,1075,3249,7150,29118,26327,32633
2015,10,11,82906,47030,47071,82476,83518,1412.84,694,4128,4093,5663,86830,39242,1617
2015,10,12,53119,59379,35618,32447,58085,1412.84,2540,2718,4442,6292,81437,16224,24469
2015,10,13,65277,74476,2301,4878,25361,1412.84,1204,3266,1151,8274,14196,44668,47771
2015,10,14,46244,33788,15150,46689,89451,1412.84,931,3920,1357,6222,15448,35793,1980
2015,10,15,62369,66612,98512,71811,82904,1412.84,4387,3179,1562,6088,69409,46136,46301
2015,10,16,20810,50614,20755,48313,95241,1412.84,2981,1483,2987,8974,18122,33790,27849
2015,10,17,76462,40455,59063,37819,28355,1412.84,3611,1456,3392,8474,78885,32647,16782
2015,10,18,84776,49625,97180,71904,22664,1412.84,3039,4824,2201,5146,16284,12441,16589
2015,10,19,49347,67471,70277,27334,41953,1412.84,1123,3413,1046,6262,72583,19932,24801
2015,10,20,53320,62547,50685,3065,51021,1412.84,711,2147,1102,5790,24050,18209,45922
2015,10,21,99479,8443,94387,16681,13589,1412.84,956,2934,1345,5750,90267,28297,2524
2015,10,22,90551,17744,63063,22157,4282,1412.84,2117,3952,3191,9153,77016,15563,35646
2015,10,23,11428,12729,34064,6974,45619,1412.84,1534,1449,2907,5920,94481,46495,24466
2015,10,24,54796,39955,75782,41141,55705,1412.84,4437,2606,1496,5008,84763,20777,32402
2015,10,25,84497,83233,11082,99040,32387,1412.84,955,3813,1662,5018,67138,12796,38099
2015,10,26,89484,8673,40598,88744,60946,1412.84,1590,1490,1366,7372,56881,47089,35079
2015,10,27,76126,42671,9697,92622,91523,1412.84,4750,1018,4043,6718,91410,42781,10812
2015,10,28,28930,72366,2947,46108,87384,1412.84,3904,3218,1894,9501,98313,22406,36437
2015,10,29,933,99905,88147,75966,93629,1412.84,3054,4753,4050,9102,62374,45572,11380
2015,10,30,59914,92125,71591,70310,32956,1412.84,4442,3237,1717,9586,24344,10914,13001
2015,10,31,18826,49601,48672,30287,15455,1412.84,4044,1386,3240,7191,92351,13746,13337
2015,11,1,31758,42974,72621,97213,5348,2285.67,3477,3823,2487,7582,63131,35487,34545
2015,11,2,89582,41369,3558,38323,65713,2285.67,3499,1665,4032,9462,47119,37369,9010
2015,11,3,39183,63506,50610,46374,72209,2285.67,1296,3965,1803,8886,18982,38503,23831
2015,11,4,4814,74656,2327,77301,34794,2285.67,4139,4374,3177,5402,79048,10494,15458
2015,11,5,8059,52549,36908,32091,72687,2285.67,4459,1868,3883,6421,74594,36091,34027
2015,11,6,26604,5891,40057,9759,42511,2285.67,3261,2323,3593,6940,40975,33386,7587
2015,11,7,98750,86468,24114,21928,35516,2285.67,3521,3573,1428,6998,75664,44747,3162
2015,11,8,80807,11476,56617,44690,14249,2285.67,780,1712,3452,7188,66962,45962,31211
2015,11,9,94775,65224,59639,43368,98516,2285.67,3106,2265,3432,7219,35544,38948,16966
2015,11,10,86733,79066,98874,42443,59494,2285.67,3541,1226,3717,5334,10790,32965,40890
2015,11,11,7720,82121,90170,77524,19309,2285.67,3486,4083,3706,9476,73802,37222,7132
2015,11,12,66442,16909,34488,69875,84128,2285.67,726,2212,1822,6534,29654,24941,20032
2015,11,13,31290,33196,81593,50007,9706,2285.67,4323,3776,1404,9492,11300,11542,32933
2015,11,14,62976,1139,31148,1683,50615,2285.67,3904,2055,3210,9743,13154,38690,4951
2015,11,15,76127,28456,25903,41575,68856,2285.67,2867,1496,1798,8928,82854,31160,21909
2015,11,16,63744,82178,64938,45148,88023,2285.67,2211,2004,3727,6728,52679,44341,42590
2015,11,17,14662,7936,77749,52872,97679,2285.67,1561,1318,1684,7463,31730,44692,31031
2015,11,18,89372,14598,27541,10828,95409,2285.67,3339,4151,2572,9628,17222,46946,10395
2015,11,19,32218,82863,47944,42297,76222,2285.67,1637,2234,1262,8782,76457,10596,16976
2015,11,20,61769,68020,45450,87606,1835,2285.67,3650,2558,3129,6190,34737,14182,27181
2015,11,21,52938,9429,62690,61862,49058,2285.67,3807,2626,1202,6214,39923,17560,33341
2015,11,22,40078,42913,66010,97693,23651,2285.67,2985,1702,1837,8434,89376,45024,42467
2015,11,23,91967,88027,52583,97,30569,2285.67,3634,3505,4451,6323,45366,28508,3672
2015,11,24,49664,20526,92488,32218,43629,2285.67,992,1062,1674,7001,97749,31677,48763
2015,11,25,15821,50735,33448,42658,49170,2285.67,2681,1135,2201,6615,57583,24122,22824
2015,11,26,76639,61218,57628,6091,27542,2285.67,950,3556,4871,6884,42126,49851,19347
2015,11,27,58552,33119,99910,66579,6473,2285.67,3255,2292,3393,8054,64949,13914,47659
2015,11,28,70879,68984,71402,14432,41951,2285.67,3553,3589,1554,5076,41031,14614,28986
2015,11,29,81880,41982,60357,38103,51772,2285.67,2954,1318,1210,8440,76900,42072,2483
2015,11,30,51874,91508,64365,16619,39563,2285.67,1884,1792,4649,9286,41223,13208,45667
2015,12,1,46130,91541,86530,8663,32572,2052.35,541,4553,2333,10000,42676,49815,36978
2015,12,2,99302,52999,35416,53517,46252,2052.35,1742,2758,3204,8360,77320,20222,43841
2015,12,3,1598,20465,34872,36236,61689,2052.35,1210,2817,4363,5488,32831,48287,7824
2015,12,4,39717,23373,22841,53402,84720,2052.35,3216,4021,4866,9978,53889,47469,31869
2015,12,5,15177,75632,35229,89733,30345,2052.35,4955,1941,4365,9494,68176,27405,28901
2015,12,6,69002,84387,51575,84718,3478,2052.35,3004,4546,4129,8814,12947,17706,34406
2015,12,7,54065,82517,9222,5283,3853,2052.35,2752,4028,1654,8674,17530,35438,13112
2015,12,8,99585,18716,17380,65302,79895,2052.35,2706,1018,2645,5126,49964,12256,1908
2015,12,9,45038,99321,65670,85519,87869,2052.35,719,1932,2484,9940,63567,31336,28617
2015,12,10,99404,82672,365,70851,37004,2052.35,1288,1587,2840,7670,15182,24086,9126
2015,12,11,91928,10948,89335,94574,71581,2052.35,2048,2969,4971,5444,34840,42839,39299
2015,12,12,77686,45560,84773,71523,81852,2052.35,2858,2607,2362,6456,68457,11622,14692
2015,12,13,78701,24746,53657,6541,14766,2052.35,1979,3045,2845,6313,33970,20777,5546
2015,12,14,91964,67371,20099,46935,50088,2052.35,4774,4124,1849,7254,15646,48701,4939
2015,12,15,55590,84858,96309,19304,38081,2052.35,950,1780,1734,7362,39672,20628,14766
2015,12,16,45575,86652,60026,44772,39317,2052.35,1900,1280,2717,8022,78214,44156,10348
2015,12,17,23290,84341,88281,40139,75239,2052.35,3839,2179,1158,5147,82834,19146,20280
2015,12,18,16265,19207,92701,22128,92884,2052.35,4107,4809,1534,9132,99580,24692,32373
2015,12,19,29480,47833,22325,23549,99831,2052.35,2704,4471,1231,9374,79610,42822,1090
2015,12,20,92616,18450,40002,14104,69950,2052.35,518,2565,3394,5456,24692,17629,39189
2015,12,21,31449,152,22439,83177,35636,2052.35,2868,1466,1202,6486,10038,19150,38371
2015,12,22,97085,72719,41857,98316,45056,2052.35,1137,4022,1268,7491,84478,42569,21467
2015,12,23,3032,74502,61487,61426,73578,2052.35,4055,1110,2682,7845,88201,38318,36180
2015,12,24,6217,62422,19785,8771,58967,2052.35,1155,1050,2517,9364,70718,42572,24800
2015,12,25,7183,78208,12948,79803,42051,2052.35,2371,1446,1926,7726,22859,45503,47426
2015,12,26,86390,51915,66881,5424,19760,2052.35,3741,2327,3855,7062,51098,42821,21434
2015,12,27,88326,78606,65225,2195,47970,2052.35,1119,1504,1853,8142,51306,38904,2295
2015,12,28,71492,90031,50338,43418,90241,2052.35,556,1629,1910,8505,82052,11222,23197
2015,12,29,59940,42147,3550,10147,5673,2052.35,2967,1426,4605,9096,12543,13926,21000
2015,12,30,36838,73663,85431,83692,47729,2052.35,3947,1152,1767,9284,95341,17007,36738
2015,12,31,12482,615,9989,53944,5472,2052.35,690,1670,1086,5067,75556,22562,8393
2016,1,1,94877,82912,55672,79420,11808,1567.68,2609,1906,1380,5314,49550,16244,35951
2016,1,2,21600,1474,51237,77236,96815,1567.68,1068,3780,4583,5622,19252,19328,34596
2016,1,3,91530,1015,86219,42949,76572,1567.68,4015,2799,3044,8374,83570,19851,8782
2016,1,4,6989,16180,71674,78370,65184,1567.68,2838,1782,4048,8160,80370,35863,37576
2016,1,5,55023,86439,49644,49607,62803,1567.68,582,1378,1262,6046,13632,12833,35248
2016,1,6,30286,62648,66985,88331,83687,1567.68,3181,1358,1734,6206,85395,31917,1120
2016,1,7,83782,88235,35053,22831,58662,1567.68,870,3683,3212,9386,79641,31015,31775
2016,1,8,9937,64928,51700,12551,36433,1567.68,776,3069,4331,8719,71399,44369,31684
2016,1,9,9274,45934,35044,92360,92140,1567.68,629,1852,1377,5681,15103,12278,36792
2016,1,10,7456,90149,30074,42020,31189,1567.68,4386,2476,2346,7437,70026,43778,26068
2016,1,11,89122,61762,26849,33453,20481,1567.68,4173,4754,1074,9216,22113,19024,14600
2016,1,12,82360,62743,61298,23737,54776,1567.68,534,3582,2900,6552,36954,30440,26401
2016,1,13,12620,76341,87918,19966,83779,1567.68,838,4251,1057,6602,39055,22889,24296
2016,1,14,37896,33229,2644,14781,78797,1567.68,3804,1156,1694,5101,84892,41331,41110
2016,1,15,37854,41372,69914,37106,27924,1567.68,2545,1094,4560,7286,76859,49690,6868
2016,1,16,46111,56956,88942,98520,80252,1567.68,1408,3147,1224,6614,49279,40020,27997
2016,1,17,47866,33084,1177,68069,94537,1567.68,4399,2389,3792,5665,85846,21715,2422
2016,1,18,68885,69744,28610,68445,41559,1567.68,3134,4020,3776,6864,10186,25379,21821
2016,1,19,1424,90300,9879,62648,97056,1567.68,2668,4920,2240,6582,12989,36776,9158
2016,1,20,22618,88741,35518,82762,50758,1567.68,828,1998,2459,9437,20790,49017,37716
2016,1,21,21259,5278,69390,16387,78705,1567.68,1765,1094,3579,7996,42775,25635,38281
2016,1,22,77154,61796,36908,85747,81993,1567.68,3874,4609,1341,8794,14922,22098,16249
2016,1,23,62108,74552,74445,85919,73990,1567.68,1287,1599,1034,5478,44337,29216,45236
2016,1,24,8957,36103,59345,3889,70451,1567.68,875,2604,1098,9134,33350,12259,18473
2016,1,25,15384,22225,83222,86725,62969,1567.68,726,1428,2847,9619,27346,14758,36945
2016,1,26,94855,78635,79788,11719,15663,1567.68,934,1952,1579,6631,44859,47029,24125
2016,1,27,1456,57087,10986,81723,6221,1567.68,678,1603,2912,9907,24679,45880,44336
2016,1,28,63204,49855,3661,41051,65826,1567.68,4239,2031,1996,5378,88749,41655,31008
2016,1,29,29504,96036,82627,22435,62667,1567.68,815,1922,1856,6801,62196,23496,43838
2016,1,30,57489,38883,61452,56753,98790,1567.68,2633,3344,2337,5300,35746,18162,36132
2016,1,31,53653,44986,95194,95998,50365,1567.68,2653,1219,1329,6631,35005,25348,1210
2016,2,1,20821,55822,97745,33974,34370,2774.79,1462,3251,4044,8214,88392,12286,37593
2016,2,2,67200,83089,70217,6198,18836,2774.79,4849,3820,4923,8826,30536,16569,4731
2016,2,3,9853,43108,12899,62836,94465,2774.79,3304,1170,4068,7401,65610,44789,38247
2016,2,4,94994,73425,68042,10390,21640,2774.79,1916,1590,1758,8484,11387,24709,22786
2016,2,5,3215,87590,54882,19490,59789,2774.79,1058,1994,4877,8957,48827,39342,1771
2016,2,6,53556,8485,70980,13976,65886,2774.79,3765,1766,1526,6326,71268,48005,36590
2016,2,7,65944,99537,69548,21818,14374,2774.79,1526,2587,1228,5662,37077,27368,47288
2016,2,8,53179,89488,63361,14408,54797,2774.79,878,3352,3375,8710,38679,35612,28540
2016,2,9,94023,47445,96492,20389,56955,2774.79,4745,2898,4999,8594,44715,14372,34112
2016,2,10,67932,57595,48313,69160,9003,2774.79,1527,3532,1228,6239,92939,46025,1742
2016,2,11,71132,79394,70730,24507,36826,2774.79,506,2199,3205,5934,67587,30159,9409
2016,2,12,73426,68685,53058,89777,39330,2774.79,501,2260,1719,8813,76420,47073,14126
2016,2,13,70555,39300,75606,78135,65540,2774.79,511,1670,4289,9990,77528,17467,34897
2016,2,14,37002,37648,64667,10207,26962,2774.79,1717,1738,1886,6127,13040,13248,32255
2016,2,15,40253,27017,63881,28324,12182,2774.79,802,4087,1912,8078,77221,11490,6653
2016,2,16,2250,17734,98161,82892,28974,2774.79,726,2326,4688,5024,17778,23002,42042
2016,2,17,13631,65603,89741,30922,8082,2774.79,2540,4685,4623,5710,93008,14502,46256
2016,2,18,8073,18405,67244,4025,35758,2774.79,1866,4358,2198,6379,37249,15056,44466
2016,2,19,88421,53960,6203,34461,35337,2774.79,2462,3966,2040,7203,96239,10252,15087
2016,2,20,9811,83781,69807,65787,51553,2774.79,3942,4625,3922,9558,80001,16031,29167
2016,2,21,45652,78220,20391,24202,74599,2774.79,3076,3018,2951,8566,13831,29639,23992
2016,2,22,85718,21294,28606,82758,34849,2774.79,4231,1011,4977,6374,26797,26529,24846
2016,2,23,69557,60740,52507,83479,78278,2774.79,4510,1150,2079,6252,64481,18029,48860
2016,2,24,60244,28911,81049,4547,99541,2774.79,4185,1058,2524,9143,84367,33725,11232
2016,2,25,70341,88599,44737,95318,78988,2774.79,1846,3543,4976,8716,48374,43254,37886
2016,2,26,73213,14237,83535,16644,489,2774.79,4673,2083,3278,8322,97982,18350,14369
2016,2,27,43305,98520,94429,92181,27663,2774.79,905,3002,3745,6993,93319,12732,28796
2016,2,28,24879,81519,27629,89856,22224,2774.79,3109,1770,1590,6000,28431,23430,42355
2016,2,29,97364,63105,514,90642,95178,2774.79,4812,4833,3367,9622,47013,41029,14848
2016,3,1,39272,55385,89485,76265,65056,1483.29,2495,2925,2548,7414,85148,19638,18569
2016,3,2,73164,96937,27845,6159,25368,1483.29,3522,4823,3140,8336,10230,32987,1275
2016,3,3,10328,71186,96355,37272,18199,1483.29,3010,3821,1918,8846,50086,13768,3737
2016,3,4,17416,83934,69806,29964,7636,1483.29,1218,1606,1889,9062,86956,43608,4954
2016,3,5,30338,90479,98432,98478,995,1483.29,2816,2673,1946,8352,64945,16698,14784
2016,3,6,64260,7956,77989,89732,73155,1483.29,1610,1148,4711,5544,36884,18838,44427
2016,3,7,37722,88103,49497,5963,67166,1483.29,4571,3854,3283,8002,28683,10629,36454
2016,3,8,12787,26500,88304,98755,37023,1483.29,4273,2633,2555,7238,23716,11494,19601
2016,3,9,58041,36680,57631,19105,19447,1483.29,1450,2167,3969,7646,63130,32486,10868
2016,3,10,73753,79054,12693,17036,77056,1483.29,4017,4841,4227,9310,19822,21249,41376
2016,3,11,51921,24222,38884,45828,54188,1483.29,2889,3580,1270,6871,47684,35077,28952
2016,3,12,97739,19135,8597,13061,56434,1483.29,546,1550,2131,8239,63573,10539,38079
2016,3,13,65967,57591,66733,50194,56263,1483.29,2795,4534,2254,6070,86713,16441,21681
2016,3,14,21982,99603,95022,37613,2827,1483.29,4041,1138,3192,7988,13624,15782,9058
2016,3,15,2069,25524,97516,85552,50115,1483.29,1090,1080,1382,5656,82626,15298,27441
2016,3,16,856,70422,48531,13110,13452,1483.29,903,1758,1198,7276,89396,16126,35244
2016,3,17,66335,78438,70941,60879,8780,1483.29,1855,1704,1440,5722,96398,26554,34566
2016,3,18,3163,58842,8987,54545,88017,1483.29,3540,3871,2033,7070,18333,25484,41613
2016,3,19,62315,14237,27270,13513,37865,1483.29,3888,4198,1455,9666,81428,20234,16666
2016,3,20,55746,93285,31082,82186,35359,1483.29,798,3521,4024,8166,18844,14090,43832
2016,3,21,75691,87959,95913,37725,15029,1483.29,4560,3694,1185,6829,23558,49049,30598
2016,3,22,89848,7447,19601,1303,62276,1483.29,1536,3020,1338,8969,16558,46023,1029
2016,3,23,29153,91650,897,64530,75728,1483.29,1569,1418,3271,7676,10998,29652,10314
2016,3,24,14431,51407,23347,75616,8237,1483.29,4665,4435,1416,5006,15737,32978,46906
2016,3,25,11646,53626,67352,38663,38947,1483.29,4685,3098,1126,5581,32627,17638,33910
2016,3,26,95895,20550,35409,10519,4383,1483.29,710,1390,3660,9868,27132,33248,7255
2016,3,27,43126,18150,47684,13830,28767,1483.29,3159,1678,3397,6862,79074,22343,13421
2016,3,28,30772,80112,40443,22683,82045,1483.29,1672,4290,1322,8350,19262,47057,39422
2016,3,29,99335,61331,82223,24347,41200,1483.29,2595,1362,3856,5278,14505,22622,25707
2016,3,30,85052,94018,29387,18449,40880,1483.29,792,3003,1275,7586,10685,13306,24813
2016,3,31,53360,33710,97611,79683,75790,1483.29,3091,1475,1453,5313,15821,37652,18771
2016,4,1,73417,54681,11228,95048,85539,2245.7,854,4555,4588,9806,20434,20753,1694
2016,4,2,22043,8438,92029,69629,35475,2245.7,2988,4183,1334,9022,61324,44432,11701
2016,4,3,62114,52800,40886,3779,84974,2245.7,1149,4741,1854,8729,69788,11750,44890
2016,4,4,98932,66239,31016,44872,81138,2245.7,624,3179,1239,8020,89160,28065,17802
2016,4,5,52058,28501,13602,77720,47523,2245.7,3503,1984,4077,5741,29765,45402,24926
2016,4,6,90631,17267,20144,72905,15996,2245.7,4364,4926,1170,5379,59798,14666,39933
2016,4,7,23182,91775,73192,15773,15780,2245.7,786,2836,1712,7590,61907,18930,12352
2016,4,8,65069,412,80713,25498,96153,2245.7,899,3134,4095,8406,76039,26443,26830
2016,4,9,97327,404,91370,69850,72136,2245.7,3508,1668,4294,6699,27440,41425,17520
2016,4,10,75403,3982,75615,66254,77773,2245.7,2330,4192,4284,8042,84689,14262,3874
2016,4,11,44872,71941,69924,5320,79335,2245.7,1762,1661,2717,9483,46510,34852,45963
2016,4,12,57004,86371,46521,32650,99423,2245.7,862,4824,1302,9598,57430,19110,40313
2016,4,13,86267,94761,63963,56903,29156,2245.7,3691,1542,1943,7238,12049,32629,15004
2016,4,14,55929,93812,9291,18646,83296,2245.7,4850,1650,3523,5454,11312,24297,22153
2016,4,15,39388,62430,49122,50034,94823,2245.7,4803,2440,4016,8765,54342,29523,22904
2016,4,16,121,78034,69902,53416,71648,2245.7,1044,3927,2114,5335,62573,41761,31952
2016,4,17,67488,32424,64764,42363,81498,2245.7,1659,1778,2844,8562,70917,44018,20415
2016,4,18,21389,25721,41459,71757,60838,2245.7,1279,1924,1558,7533,14372,28185,45801
2016,4,19,35837,418,22114,27951,12105,2245.7,1064,1896,4813,6686,38306,31310,1039
2016,4,20,87595,71318,52196,36791,53451,2245.7,808,1191,1550,8618,62947,26022,23113
2016,4,21,34419,14228,3333,40957,51761,2245.7,4142,3948,3121,7607,48250,46577,17705
2016,4,22,58646,84315,42522,8459,85143,2245.7,4768,4088,2144,8315,25878,21947,30828
2016,4,23,47781,6687,13139,12966,45305,2245.7,688,1074,1664,8671,37031,24776,26086
2016,4,24,76377,72526,78725,10850,30133,2245.7,2427,1102,1289,9948,29939,12783,26976
2016,4,25,97128,86060,1872,65624,94376,2245.7,2570,2155,1584,7060,71472,12443,27750
2016,4,26,93147,26812,8519,16163,85484,2245.7,939,3211,1566,9663,89060,47262,11902
2016,4,27,12991,62840,2392,40633,79140,2245.7,3415,2618,3389,6586,58242,29116,32331
2016,4,28,15741,62165,71272,66529,79226,2245.7,3971,3723,1824,7692,19570,37742,9096
2016,4,29,82095,95825,65954,32873,81841,2245.7,566,4830,1124,8877,35462,29696,21366
2016,4,30,97560,5231,38668,32302,93222,2245.7,2769,3961,4073,5393,91841,38298,46910
2016,5,1,70814,43374,10396,91007,48260,1580.19,3101,1770,1798,9330,42275,18160,14490
2016,5,2,68813,53459,18718,17690,88921,1580.19,1601,1014,3432,8438,14922,11222,14766
2016,5,3,58024,12686,75768,23417,4527,1580.19,2905,1691,3791,9314,82698,22050,30418
2016,5,4,89143,72152,82486,85937,94477,1580.19,4096,3288,4571,5636,97330,49843,41114
2016,5,5,37580,45284,10347,57364,25538,1580.19,2705,3560,3106,9824,23329,13985,30422
2016,5,6,80242,87587,72029,54033,62239,1580.19,2434,2732,3229,5118,53669,37706,21079
2016,5,7,32386,7766,17347,43309,80580,1580.19,3151,4510,4959,9849,91873,14854,14677
2016,5,8,272,65931,1762,59730,15755,1580.19,598,2348,2676,8410,66380,41266,25091
2016,5,9,83174,75168,59000,26404,66440,1580.19,932,1478,1785,8328,58484,33716,12669
2016,5,10,45189,17988,68227,5148,87838,1580.19,3348,4460,3734,5109,64189,40841,26453
2016,5,11,66552,4257,3190,95580,32704,1580.19,1845,1762,1088,8814,58631,43879,35922
2016,5,12,74865,55445,59056,11651,69605,1580.19,742,4792,1879,9945,36291,12146,33892
2016,5,13,22750,59640,60529,97836,1101,1580.19,3676,2651,1330,8217,79582,28028,41070
2016,5,14,10492,66429,10258,71580,28625,1580.19,1811,4841,1380,6998,47843,10289,18889
2016,5,15,41111,9562,25082,9342,55859,1580.19,828,3607,2364,5937,76443,19294,27725
2016,5,16,83359,81472,38821,28685,6042,1580.19,3064,1532,1182,9673,17882,29807,18403
2016,5,17,34915,36275,66001,75600,43494,1580.19,888,1920,4756,7321,10296,45615,13844
2016,5,18,5046,75706,74223,58762,17995,1580.19,3578,1352,4841,9622,46388,37234,17018
2016,5,19,70801,85806,3767,71984,35479,1580.19,3142,1598,2208,8054,62343,20701,24582
2016,5,20,14338,48232,38009,70446,91905,1580.19,1060,1950,4009,6635,55711,16720,48305
2016,5,21,23653,69290,59708,4846,38040,1580.19,2079,1606,3253,8818,97175,43731,22449
2016,5,22,36780,31670,30477,13988,32164,1580.19,1040,2852,2403,9048,33297,49307,42820
2016,5,23,37353,99359,46258,77714,55994,1580.19,1068,2004,3962,8538,13638,42002,18322
2016,5,24,34576,9275,67195,59181,21473,1580.19,4264,4603,2390,9740,88590,44553,30722
2016,5,25,58912,55983,23758,16315,45031,1580.19,1974,3734,1412,9176,92799,28757,7055
2016,5,26,62905,45220,24756,83220,57347,1580.19,914,3274,1224,8767,83806,39048,41951
2016,5,27,5841,3071,63652,34583,69163,1580.19,984,3074,1864,9244,60740,18542,18594
2016,5,28,76299,42715,17396,49064,87299,1580.19,2820,1554,1682,5160,49773,29112,10195
2016,5,29,60878,91347,53739,12103,16466,1580.19,2502,2305,1240,7506,56887,19564,37545
2016,5,30,82452,52375,54204,23380,87971,1580.19,2040,4269,4010,9436,13332,27660,14945
2016,5,31,69631,7505,44216,41397,10081,1580.19,508,2309,1687,8502,15763,34504,10341
2016,6,1,33267,56811,18758,47125,30050,2059.67,4575,3776,4090,9306,86746,30386,44888
2016,6,2,11348,67368,20750,87136,97052,2059.67,1765,4556,3976,8161,30988,19317,48410
2016,6,3,68670,18298,87357,9268,34062,2059.67,2410,3679,1014,6167,30803,25072,21861
2016,6,4,51055,76731,40201,66498,46038,2059.67,3235,3736,1342,7978,60871,15444,26947
2016,6,5,48747,17637,12274,7723,32151,2059.67,3391,2171,2911,7099,26439,11972,43262
2016,6,6,35313,30202,95652,30335,36369,2059.67,1758,3775,4536,7862,86624,31925,42807
2016,6,7,55258,99860,55662,65924,33845,2059.67,3640,2590,1052,9094,13338,49023,16533
2016,6,8,45528,16409,16195,39791,13508,2059.67,1762,3819,1086,7540,95506,41907,8986
2016,6,9,6572,67265,62035,42461,79224,2059.67,4385,4480,3517,7286,16755,48713,48659
2016,6,10,12932,90396,97656,79805,92662,2059.67,3827,4541,2080,5526,94331,16939,20673
2016,6,11,86712,62447,32112,92251,42564,2059.67,509,1978,1233,5096,15904,40456,27618
2016,6,12,77554,32333,41289,42423,28732,2059.67,2488,1663,4791,5143,37819,23804,8044
2016,6,13,92168,16648,28346,29248,44374,2059.67,2539,1084,2827,9310,23334,10390,39030
2016,6,14,88620,90196,25878,99853,19091,2059.67,1661,1643,2509,7949,55418,11240,33825
2016,6,15,22346,12907,69256,3489,84402,2059.67,2292,1569,1334,7990,22168,34447,7076
2016,6,16,61020,34708,31884,95199,95710,2059.67,588,4328,1682,5894,17366,30856,5219
2016,6,17,31643,7195,77500,14152,71496,2059.67,1744,1606,2175,8062,13680,46577,32918
2016,6,18,34427,90974,39499,90853,29316,2059.67,608,1686,1374,7183,15142,16880,11667
2016,6,19,78754,57473,92765,40519,55291,2059.67,1374,1933,1843,5226,17494,38338,9650
2016,6,20,64496,42829,98532,26672,70181,2059.67,4600,1926,1786,9098,11811,15203,28564
2016,6,21,90765,87111,88242,3491,10646,2059.67,1926,1510,3950,8406,46269,19240,40126
2016,6,22,30692,83996,6174,63887,99222,2059.67,2224,3717,2790,7107,13490,11910,23611
2016,6,23,12024,96341,73930,47912,41791,2059.67,4467,3906,4202,7708,52397,16200,35741
2016,6,24,24187,80676,21951,88137,18070,2059.67,2376,1942,3567,9902,28998,17788,18220
2016,6,25,53513,97575,47858,36303,81035,2059.67,625,3057,2289,5906,57320,18168,4598
2016,6,26,97999,86788,57987,3553,20849,2059.67,4752,1398,3762,6842,33170,41831,26736
2016,6,27,26275,56899,6944,94842,86801,2059.67,3982,1664,4867,6839,18648,30901,2294
2016,6,28,81438,31297,40311,65079,27203,2059.67,4158,1552,1550,8496,45104,21618,47632
2016,6,29,91584,64858,66653,15346,22913,2059.67,3528,4186,3073,6823,60380,26225,16175
2016,6,30,49117,39363,49243,98984,66202,2059.67,1237,3990,1209,5808,29069,33411,8562
2016,7,1,19580,74964,1302,84428,36420,2229.35,1010,1276,1858,7707,24188,22098,22920
2016,7,2,81236,89728,95172,78059,50108,2229.35,2174,4469,1991,5028,55670,11904,37750
2016,7,3,5099,19662,18114,7999,65083,2229.35,4880,4661,2839,5076,85440,29258,1525
2016,7,4,65454,61451,96888,87730,69158,2229.35,4827,1744,2154,10008,44802,27261,21076
2016,7,5,9101,88329,66731,46092,47190,2229.35,2995,3640,3414,6108,76638,39848,22402
2016,7,6,43985,17871,40862,3176,60405,2229.35,3785,2209,2751,5672,29938,23260,26302
2016,7,7,33101,39766,40005,60255,61117,2229.35,2516,1798,1686,8502,16307,12138,1159
2016,7,8,43000,90655,21668,17766,83115,2229.35,2613,2098,3880,8474,46625,18578,14658
2016,7,9,24776,45412,51494,28879,41084,2229.35,2138,4183,2548,8494,50790,15017,47784
2016,7,10,59653,88307,85234,81843,8905,2229.35,4870,3256,4899,5788,86021,16038,17894
2016,7,11,3900,59988,51465,52780,74814,2229.35,3415,1892,3501,6260,44819,34584,48091
2016,7,12,44044,63311,75121,81592,38157,2229.35,1608,4161,1146,8194,96003,39472,25911
2016,7,13,16088,47226,24081,57339,20116,2229.35,714,1494,1441,6817,19004,11254,26455
2016,7,14,14908,87913,93548,58409,34173,2229.35,4344,3215,3029,6598,76158,12380,38368
2016,7,15,93079,72768,70347,23647,87314,2229.35,4471,4752,3575,7112,77090,13302,16351
2016,7,16,30006,42444,90409,32799,59261,2229.35,820,1048,4169,7914,65279,18802,16258
2016,7,17,58672,40976,32909,76701,91793,2229.35,2886,1222,3186,6474,41221,35499,9068
2016,7,18,85935,20693,5252,99511,40596,2229.35,904,1953,1136,6313,36103,16748,48694
2016,7,19,72571,46509,7268,93093,66814,2229.35,2785,1966,4874,7046,17550,38018,38899
2016,7,20,22466,51424,39241,37004,71008,2229.35,3854,1942,2505,7462,72804,24453,30462
2016,7,21,59151,38709,77759,288,11374,2229.35,3387,1214,1722,5310,19490,43535,13862
2016,7,22,29554,57526,69020,75780,70924,2229.35,3797,4740,3979,6086,46743,26339,37557
2016,7,23,49852,85598,99634,83710,62407,2229.35,3162,1557,2497,5920,38196,10456,22438
2016,7,24,66134,71584,55520,42856,12239,2229.35,1390,3144,4136,5410,33923,26412,15260
2016,7,25,59319,47722,36153,14651,17112,2229.35,989,3314,4845,6974,67023,47252,32897
2016,7,26,29412,41538,85162,73261,77458,2229.35,3483,3591,4940,8014,86446,23531,23358
2016,7,27,65614,89190,98028,21103,60952,2229.35,2514,1106,1023,7342,51271,29486,31951
2016,7,28,82915,8613,12802,84113,65587,2229.35,1364,4997,2714,6525,68258,31523,46177
2016,7,29,39883,13094,75115,51175,97097,2229.35,1057,4061,2102,9084,11062,44405,27914
2016,7,30,21036,47678,64675,33411,47697,2229.35,4249,1962,1830,8230,31074,13004,32299
2016,7,31,88227,78791,17847,42293,95316,2229.35,3816,1549,1110,5282,19076,12646,2457
2016,8,1,10134,8060,26650,99219,8224,1393.39,1605,2252,2081,6367,36300,11846,21055
2016,8,2,65617,83264,41642,74019,14338,1393.39,3597,3128,2337,7182,19210,34793,48139
2016,8,3,94706,72698,344,59989,91774,1393.39,4535,3258,2401,5084,17476,11976,29342
2016,8,4,49944,54082,34229,18377,56802,1393.39,4107,2417,1222,6062,96436,13478,36882
2016,8,5,25240,75034,10314,7577,95923,1393.39,3722,1980,4158,9065,66968,12283,31462
2016,8,6,54760,2856,30542,8513,65393,1393.39,986,1374,3451,8614,33712,25252,48019
2016,8,7,24302,52821,14023,94446,13570,1393.39,1631,1350,1843,7806,79089,14117,10459
2016,8,8,53406,87812,21098,73916,13229,1393.39,1198,4339,2273,6740,92851,22665,4418
2016,8,9,81111,79692,88002,99562,17113,1393.39,1166,1413,4534,5188,52211,17850,21715
2016,8,10,31999,63843,59616,33842,2139,1393.39,2958,1098,2867,5408,29459,12202,5057
2016,8,11,89826,15659,56788,97099,48751,1393.39,4764,4860,1374,7765,45773,12794,49640
2016,8,12,79480,53292,20561,70366,74832,1393.39,1172,1829,2965,7140,57022,10216,22772
2016,8,13,22197,21334,27000,65065,6742,1393.39,2512,1566,4821,8608,93665,14314,22812
2016,8,14,60291,79782,99784,5974,37547,1393.39,506,3378,1670,8154,20095,40031,11909
2016,8,15,11155,11269,13214,64120,78409,1393.39,575,1218,2920,8926,82020,31013,36588
2016,8,16,51738,19533,43933,56559,30185,1393.39,1481,1826,3730,6264,29151,37628,3950
2016,8,17,88174,14272,21007,3374,52655,1393.39,4756,3809,2370,9321,44280,47130,41103
2016,8,18,25910,79856,47735,50182,75135,1393.39,2547,1871,1288,5946,83430,12175,29756
2016,8,19,95429,9912,19003,45511,52529,1393.39,3138,1412,3776,8300,60426,31431,48154
2016,8,20,11600,86535,11593,80322,25857,1393.39,2451,3117,2080,6178,18298,27214,5873
2016,8,21,37645,15846,54086,3285,73677,1393.39,928,4104,1118,6574,30966,32659,3868
2016,8,22,98968,64106,73361,94096,34603,1393.39,1878,1201,1672,6950,42874,12528,1182
2016,8,23,25696,70326,30646,77776,78215,1393.39,1341,1728,1141,7142,19143,21170,15297
2016,8,24,61999,50955,40275,42130,18121,1393.39,4788,2087,1698,9010,27534,36300,21242
2016,8,25,14639,69414,48854,51311,39236,1393.39,794,4930,3404,6758,59057,13246,41728
2016,8,26,42485,80399,72478,23627,88530,1393.39,1148,1064,1146,5718,92656,43399,7973
2016,8,27,39016,67445,26839,7066,48297,1393.39,3365,2934,1166,8902,30596,29373,4373
2016,8,28,33946,60788,44304,28702,37977,1393.39,650,1870,1926,8308,20438,38640,19714
2016,8,29,82123,31587,55520,57402,99362,1393.39,2152,4728,1971,7990,61794,30267,48176
2016,8,30,64715,55160,59554,4853,13731,1393.39,4225,4027,1884,9770,92729,38913,40151
2016,8,31,64594,78050,85727,81058,68551,1393.39,1049,1354,2751,6306,24425,37112,6165
2016,9,1,91578,8193,38069,1920,69987,1627.93,1634,1498,4241,5974,55228,34391,34688
2016,9,2,72064,35608,51681,33296,28337,1627.93,4241,2737,2672,6630,91288,48836,6947
2016,9,3,97700,58313,2940,55621,82739,1627.93,1717,1344,4596,6137,17888,15094,6404
2016,9,4,50825,75574,92433,61418,63412,1627.93,2160,1826,4620,7692,11854,27956,14013
2016,9,5,70788,15715,67047,29812,43717,1627.93,4999,1416,1646,7939,13388,15736,8335
2016,9,6,70695,91458,22757,35291,7595,1627.93,1225,4771,3620,5009,36188,37031,31696
2016,9,7,59023,98350,55210,74995,28543,1627.93,4302,4329,3749,6348,45492,32465,6683
2016,9,8,44683,40492,90234,77682,38431,1627.93,3417,4125,1414,5060,60767,19026,3623
2016,9,9,64221,63345,93798,4193,58355,1627.93,1223,3728,1038,6432,17454,39580,46338
2016,9,10,19468,28025,5262,8217,14374,1627.93,2033,1658,1245,7267,53088,46027,1518
2016,9,11,50890,62859,71505,62321,11736,1627.93,1346,1922,1968,6010,80148,36674,48625
2016,9,12,37834,87725,20403,98872,50509,1627.93,4804,4975,3501,9590,94543,37874,29125
2016,9,13,77172,51578,79634,68417,98845,1627.93,795,1085,1932,8652,44757,23667,32723
2016,9,14,67277,26105,15976,79245,33952,1627.93,919,3136,1552,6321,13470,17060,12477
2016,9,15,31799,8165,53389,5300,34582,1627.93,4525,1752,1730,9158,96520,31056,14284
2016,9,16,38233,27317,13494,50165,62321,1627.93,766,4596,1424,6159,25192,34658,8252
2016,9,17,34988,91112,22796,51540,93786,1627.93,4952,1935,1352,9394,63586,35252,26156
2016,9,18,68976,73112,97006,1189,62270,1627.93,2244,1014,3545,8390,67018,15865,9878
2016,9,19,20342,57203,45462,21049,79715,1627.93,2058,4701,3117,9710,82593,38254,20655
2016,9,20,37361,17546,46542,4384,22238,1627.93,4636,2564,3238,5996,17514,11860,10128
2016,9,21,12871,40998,62363,66417,3088,1627.93,3633,4780,2935,8200,77180,49001,45733
2016,9,22,31102,49239,30055,25571,60445,1627.93,738,4156,1544,6718,34892,35133,12648
2016,9,23,86847,24529,92699,70085,43874,1627.93,3296,1743,3799,5334,39511,11886,1451
2016,9,24,56392,38146,18019,75679,98593,1627.93,4679,1045,1588,9476,87967,37585,45199
2016,9,25,33734,18145,68094,80278,94864,1627.93,832,3061,3865,8109,84497,37738,2986
2016,9,26,59560,32795,60835,18360,59805,1627.93,1597,2547,4842,7814,16460,19786,1414
2016,9,27,26167,99257,32184,3308,20343,1627.93,892,4075,4647,8986,34352,15862,36504
2016,9,28,11972,16116,80276,55838,74225,1627.93,3575,1158,2567,6158,84847,23723,14774
2016,9,29,37460,81445,6272,92302,28765,1627.93,3440,4931,3753,6975,74590,34095,14497
2016,9,30,63479,15484,4523,34479,24470,1627.93,690,2792,4990,10006,24981,45566,38875
2016,10,1,84910,95703,75661,5671,80550,1991.65,3129,3346,1318,7162,14230,36503,49384
2016,10,2,46576,78394,16609,73551,52985,1991.65,2029,4819,1577,6058,25640,26803,17056
2016,10,3,88200,78433,81794,85168,19767,1991.65,3260,4675,1542,8920,10345,36316,43713
2016,10,4,4657,69828,31015,76663,21611,1991.65,3165,3185,4222,9773,41735,17718,4477
2016,10,5,46829,95117,3378,34758,82976,1991.65,1561,2527,2449,9706,72694,27215,29018
2016,10,6,3419,52308,48243,59186,91228,1991.65,1853,2235,4767,9219,88898,16377,24941
2016,10,7,13696,52064,50915,62918,48190,1991.65,1475,1369,1910,9714,46127,13810,9002
2016,10,8,13870,7689,90973,37672,83747,1991.65,1238,2165,2326,9481,62702,39905,30020
2016,10,9,4422,90908,52142,65541,50127,1991.65,3269,1454,3102,9183,43091,15296,41040
2016,10,10,24537,40919,69014,45007,25772,1991.65,3452,1994,4180,5776,10015,22926,15141
2016,10,11,52148,91255,26444,84474,37088,1991.65,731,2860,1404,5754,23400,12882,5498
2016,10,12,50264,88022,43057,59718,87205,1991.65,2361,3092,3417,6374,73099,19188,2500
2016,10,13,1515,37904,41534,57047,10032,1991.65,1324,2179,2802,5546,63004,46241,1549
2016,10,14,44618,3736,54102,57375,12960,1991.65,522,3222,1874,9664,22940,35430,43854
2016,10,15,82164,40302,13524,25582,43028,1991.65,1121,1796,1764,5318,17939,17260,2975
2016,10,16,4204,14264,29440,63358,53384,1991.65,4599,4353,3883,7926,71727,41843,8797
2016,10,17,40259,8336,21418,38485,88001,1991.65,544,1374,2362,7590,12096,10389,10710
2016,10,18,73117,23219,21283,30346,75873,1991.65,2605,1427,4837,6804,59785,39572,39222
2016,10,19,52194,35737,53926,97429,82141,1991.65,4271,2398,1692,7041,60883,18798,42005
2016,10,20,37751,17503,41208,55114,87645,1991.65,502,1530,2874,6284,91105,18746,3305
2016,10,21,8711,5063,65175,78548,48460,1991.65,4472,2004,2047,9508,14433,18384,41312
2016,10,22,63107,70057,97939,29799,47098,1991.65,842,4848,2675,8226,56313,30319,25174
2016,10,23,11706,88168,41080,4580,41305,1991.65,4678,1590,3598,9702,44914,16534,48537
2016,10,24,12516,95739,35415,89563,489,1991.65,878,3594,4904,6088,19498,33353,49848
2016,10,25,38213,10587,84554,30888,68988,1991.65,1206,2045,1574,8637,13062,36690,40867
2016,10,26,17174,7655,53058,87125,78859,1991.65,534,1373,3710,7654,97287,10550,47973
2016,10,27,90797,78742,90497,27053,41781,1991.65,820,1345,2178,9928,43584,46166,1998
2016,10,28,52178,71144,93212,97564,39781,1991.65,606,3306,3842,7336,60430,14052,11188
2016,10,29,51636,65965,21779,61699,6913,1991.65,3600,4060,4158,9097,57464,11888,35418
2016,10,30,95690,67871,68637,22869,79182,1991.65,4034,2710,3363,8597,61626,39496,12221
2016,10,31,39785,62233,12803,74979,15896,1991.65,776,3883,4196,7161,45581,12460,23233
2016,11,1,34182,92874,93090,29631,50338,2085.93,650,3207,4016,8188,13740,46236,49029
2016,11,2,83575,61452,45953,12172,23078,2085.93,3307,1661,3250,9638,17556,37834,35449
2016,11,3,65022,1440,43383,92183,63373,2085.93,1112,3906,3715,8412,43536,49053,5843
2016,11,4,29582,68857,83613,79950,33397,2085.93,1186,1970,1318,8582,29141,14585,13706
2016,11,5,73939,13802,16247,72189,73440,2085.93,502,3460,2946,9756,46994,47670,1310
2016,11,6,25599,34459,61577,40667,15013,2085.93,1071,4593,1673,9683,24543,40070,21466
2016,11,7,3389,67082,57041,94897,55572,2085.93,833,4509,1335,8431,18049,39774,2535
2016,11,8,8587,94424,44587,92885,14180,2085.93,554,1129,1038,8554,96795,41050,41581
2016,11,9,39949,2867,1997,46622,8903,2085.93,1691,3642,1324,6006,23539,48247,42892
2016,11,10,78971,65725,27757,95306,24157,2085.93,1431,4094,1580,6017,58330,20759,12158
2016,11,11,53950,98885,43241,96340,17368,2085.93,3742,2315,4254,8390,15778,34508,40037
2016,11,12,31334,6981,13152,57658,67065,2085.93,904,1034,3766,5622,57691,18558,3043
2016,11,13,62170,75475,24721,35102,37844,2085.93,2212,1792,3287,5452,17966,32006,33051
2016,11,14,21841,58227,89323,81096,46669,2085.93,1955,3001,2943,5106,35658,18422,9612
2016,11,15,64501,7915,62395,99620,7927,2085.93,500,1447,1912,9966,21548,49756,36439
2016,11,16,99369,60113,57901,14008,25565,2085.93,1014,2405,1962,6782,44852,33630,28737
2016,11,17,61300,26808,77984,94243,38267,2085.93,602,2766,2907,9349,18737,12185,13642
2016,11,18,25788,93984,48633,54052,93950,2085.93,666,4669,1644,8834,23677,38561,36533
2016,11,19,73149,69692,52319,10112,21380,2085.93,814,4030,1346,8077,19258,28595,47171
2016,11,20,18071,36580,97715,55979,25929,2085.93,4515,3067,1786,6306,38470,20735,16452
2016,11,21,86033,58631,46758,32678,53043,2085.93,2590,1190,2829,9908,52653,44208,36787
2016,11,22,87079,79100,9591,43760,83529,2085.93,3707,1598,2145,5556,73928,14425,35567
2016,11,23,69225,8445,82493,96012,7945,2085.93,3098,3976,1900,6207,43005,48987,20964
2016,11,24,82994,80596,91530,55823,86856,2085.93,1382,1170,4634,9326,34045,23162,44184
2016,11,25,27892,72753,41113,37,25526,2085.93,814,1101,1189,9658,23464,14133,31394
2016,11,26,66974,72916,74462,62919,69123,2085.93,3257,3468,4414,9787,24290,17622,33820
2016,11,27,80323,90674,7908,19957,82998,2085.93,4470,2240,1056,9462,43629,13172,41953
2016,11,28,31976,74444,84036,88165,4102,2085.93,3649,2427,1766,6232,50345,15889,7500
2016,11,29,76931,94956,50710,7697,31095,2085.93,646,1416,2024,6462,47724,31374,25000
2016,11,30,91531,7195,8615,22588,7777,2085.93,520,1104,3038,9555,60620,13492,2244
2016,12,1,29271,50920,16526,72382,17617,1763.29,663,2571,4475,9711,43665,24475,48767
2016,12,2,31383,71434,6500,80961,19158,1763.29,2490,2703,2840,5746,50480,31435,4226
2016,12,3,6951,22937,40827,2858,83557,1763.29,2616,2826,1589,9142,12542,39205,4319
2016,12,4,37909,83575,18130,87385,73287,1763.29,1859,1020,4580,9430,15910,35089,28147
2016,12,5,38937,74471,27794,68129,2253,1763.29,915,4202,2561,6741,28411,17469,44626
2016,12,6,27412,51029,30297,15353,90171,1763.29,910,3078,3134,9039,31814,37772,48208
2016,12,7,33538,43674,58793,83118,94737,1763.29,3207,1078,1594,6000,34504,15414,10773
2016,12,8,6978,420,79401,24539,23514,1763.29,2007,2276,3840,8655,98981,49010,7813
2016,12,9,53216,19892,93441,1350,75283,1763.29,4121,3819,1150,7913,16588,46368,25256
2016,12,10,75038,92849,46393,42984,88849,1763.29,1830,1660,2668,5174,36715,37533,47249
2016,12,11,395,95075,21162,59235,83731,1763.29,4596,3297,1385,8788,70998,48019,20143
2016,12,12,75997,10120,56840,61277,24385,1763.29,2645,1556,4328,6374,58756,29528,31481
2016,12,13,17639,71939,75354,31659,64522,1763.29,543,4915,3494,6704,40502,23576,28421
2016,12,14,43200,81451,93226,15937,15840,1763.29,3956,3187,1398,6430,69464,15078,14224
2016,12,15,18628,43462,47204,92956,80203,1763.29,2483,2840,2898,8386,45850,42419,5961
2016,12,16,92609,31394,23688,32455,54451,1763.29,2383,4001,1991,5608,29937,27831,14190
2016,12,17,29833,93894,2371,20527,31041,1763.29,1957,4667,1647,5512,42622,11850,21835
2016,12,18,21473,31458,26043,15724,95646,1763.29,3142,4605,4638,7346,53412,40440,21894
2016,12,19,62371,42148,4442,24363,7756,1763.29,3545,3939,4624,7390,90818,25665,34380
2016,12,20,9103,59128,41685,40750,74640,1763.29,3951,1112,2116,9998,28187,44114,34308
2016,12,21,83240,86330,65072,2878,84512,1763.29,4670,3233,1982,8232,15818,34738,34836
2016,12,22,64843,22493,55030,9468,59761,1763.29,558,3862,1326,6346,25963,45966,45848
2016,12,23,27476,94916,8431,75945,6262,1763.29,534,4500,4298,5954,17468,40161,36618
2016,12,24,36318,18400,19748,13300,48864,1763.29,4389,3705,1187,5771,23172,22299,23695
2016,12,25,31619,24657,91162,69298,67826,1763.29,536,1652,3391,7030,15822,16214,33477
2016,12,26,43015,40359,40505,98665,41841,1763.29,3826,3157,3985,8573,15626,32848,15587
2016,12,27,98620,38551,62907,61159,24322,1763.29,3457,2291,2087,7830,41588,11264,2431
2016,12,28,24448,23204,39269,69191,29601,1763.29,810,2614,4927,7051,71279,41767,43218
2016,12,29,42638,26458,36277,42976,85031,1763.29,2175,1398,3987,5081,61160,23308,10438
2016,12,30,57513,44618,95600,952,35589,1763.29,2215,1387,1743,7835,45577,12698,3541
2016,12,31,27405,82125,95311,27333,59177,1763.29,4099,1813,3046,6942,61140,44428,16590
2017,1,1,53317,94431,81153,8398,55591,2650.48,909,1559,2763,6434,68499,36303,20813
2017,1,2,11780,44887,63048,79616,90465,2650.48,2019,2588,1053,8712,48116,13995,35744
2017,1,3,19804,49931,57042,57884,11071,2650.48,918,1486,2252,7552,89136,34194,17823
2017,1,4,58365,71398,50754,91128,54611,2650.48,3783,1389,1994,6374,62356,20955,19254
2017,1,5,58926,85729,59897,56331,36432,2650.48,660,1234,4294,7448,30469,13806,8013
2017,1,6,61542,70518,82456,40146,24422,2650.48,4339,2785,1396,5806,90265,46655,37944
2017,1,7,77050,84049,29397,57542,57231,2650.48,4848,2507,2481,9498,88837,13912,41754
2017,1,8,29110,25516,86500,19756,19235,2650.48,1472,1560,3838,9270,20920,28259,16969
2017,1,9,8224,11612,27398,83917,53056,2650.48,1923,1830,3062,6320,16022,25292,17663
2017,1,10,84426,48847,24152,61907,69944,2650.48,2170,4052,3503,5021,18807,24089,12989
2017,1,11,28343,56633,54865,32181,76913,2650.48,888,1150,3747,8386,85404,23155,42137
2017,1,12,21851,48680,3261,39913,25000,2650.48,1556,4424,2456,5707,87682,42399,23611
2017,1,13,85049,96206,57804,39904,91227,2650.48,3993,4568,3243,5209,68100,26507,26612
2017,1,14,77347,28541,27995,97446,32729,2650.48,600,1872,3430,7094,27195,13746,29751
2017,1,15,13823,75105,29207,2632,47164,2650.48,630,2211,3093,5678,88467,20672,16889
2017,1,16,95798,2461,40241,45393,4022,2650.48,1899,2719,3233,9893,95165,18574,8342
2017,1,17,29645,82118,89597,24427,88683,2650.48,4207,3856,3248,6836,21487,10832,33145
2017,1,18,6655,82871,3976,36100,2057,2650.48,1771,4205,1254,6738,59597,31627,42443
2017,1,19,38058,47849,29348,7643,64094,2650.48,1307,1574,2981,5904,34515,28015,40865
2017,1,20,49049,78724,46873,73649,68489,2650.48,4059,1494,2581,9386,27594,19637,34712
2017,1,21,58181,718,83843,85787,30434,2650.48,2414,4842,3991,6761,17682,38085,9792
2017,1,22,87626,35145,98175,26959,67401,2650.48,4974,2800,4117,7414,12906,12605,49043
2017,1,23,86558,51860,20453,70492,17599,2650.48,542,1566,1990,5318,61565,11901,14399
2017,1,24,16467,78980,13096,40459,42093,2650.48,4895,4717,2076,6148,56675,40828,21933
2017,1,25,8464,28002,73629,52581,29848,2650.48,1538,2757,3287,7990,13022,15885,46429
2017,1,26,66389,59729,58017,47856,16404,2650.48,1108,4222,4912,9204,89680,14018,19582
2017,1,27,11137,50928,3074,84565,10349,2650.48,794,3812,4102,5372,87744,19894,26101
2017,1,28,11801,85635,99411,60088,87625,2650.48,2325,1486,3739,5606,34572,11494,2659
2017,1,29,36275,27033,60717,67539,16237,2650.48,4542,3724,4027,7944,28288,44376,16749
2017,1,30,20068,70033,63189,24170,85405,2650.48,823,2204,2919,7766,73644,13800,17285
2017,1,31,9245,32322,27261,4336,49015,2650.48,829,1182,1798,5806,52826,21453,28185
2017,2,1,93721,81530,10027,37688,9819,2714.21,2754,4850,3942,8276,81607,19766,4403
2017,2,2,89100,95164,54146,95685,68808,2714.21,4928,1128,4653,9263,66494,32837,11042
2017,2,3,41446,51783,54406,50696,20961,2714.21,1693,1032,3740,6152,85071,49910,42211
2017,2,4,7474,59179,96113,57768,57455,2714.21,3994,2905,2883,9491,58589,16094,27720
2017,2,5,40533,79871,75524,95186,5486,2714.21,4374,1930,1286,5132,97625,47464,42018
2017,2,6,7343,40672,78498,81083,93743,2714.21,2344,2568,2746,6924,75335,46552,13569
2017,2,7,87529,34330,75810,60412,63822,2714.21,3454,1420,1252,5414,32243,19734,1514
2017,2,8,52347,92970,99390,62499,8102,2714.21,1315,1806,4037,9634,12878,47780,13367
2017,2,9,84733,10224,65349,23832,20033,2714.21,1735,2560,2717,8897,84324,21538,7036
2017,2,10,79649,2779,8596,26622,29460,2714.21,4079,1805,3808,9650,60656,16532,40839
2017,2,11,8188,86972,73706,62225,8136,2714.21,1356,4219,4511,8056,49402,49543,2937
2017,2,12,65093,2491,73456,72810,31388,2714.21,699,1035,1909,5646,54008,12746,7780
2017,2,13,42838,33088,4527,92998,27909,2714.21,1258,2447,3505,5294,31023,42992,15183
2017,2,14,44253,57381,18564,90116,81789,2714.21,1010,3232,1808,9465,52393,18195,17967
2017,2,15,87246,13093,45583,64155,15092,2714.21,1875,2928,4029,5634,50925,43289,49591
2017,2,16,56584,2184,45737,41441,43500,2714.21,4432,4103,1844,9347,94218,48632,43113
2017,2,17,37314,66581,11866,40474,96047,2714.21,3668,4643,3703,8510,80149,25146,30611
2017,2,18,20193,67025,83075,85575,58426,2714.21,3863,1360,2534,7686,89152,12386,34000
2017,2,19,50417,39937,16490,17261,9285,2714.21,892,2949,3640,8228,13722,12086,27061
2017,2,20,74721,62092,5682,84776,82695,2714.21,4921,4238,2855,9347,19278,27633,35832
2017,2,21,59699,29,58994,12233,57333,2714.21,4618,2748,3082,7460,25008,47366,48147
2017,2,22,873,7253,76669,10865,17715,2714.21,1903,3786,3534,8936,19836,41228,30092
2017,2,23,24768,36187,76820,93976,45534,2714.21,1608,1918,3011,6953,33815,21695,31632
2017,2,24,45100,74787,79444,49535,48599,2714.21,3252,1654,3056,9920,76686,12122,20804
2017,2,25,20012,9942,87261,78547,48879,2714.21,1126,4997,3359,5900,83972,45244,47174
2017,2,26,10930,5581,16828,25293,18887,2714.21,1988,3985,1780,6431,29871,13470,16995
2017,2,27,97236,93125,72553,41644,49397,2714.21,1006,4408,1074,7377,64306,24410,49240
2017,2,28,4551,16785,30761,54262,29731,2714.21,857,2011,1665,5378,82303,11112,14733
2017,3,1,79292,35889,7812,72076,65761,1602.52,662,1958,2094,7324,24632,10770,14542
2017,3,2,63775,10393,28218,87504,91051,1602.52,3405,2835,4740,5342,53917,30824,18981
2017,3,3,28524,10929,67490,27560,9584,1602.52,2237,3875,1154,5630,77302,14796,39393
2017,3,4,15943,62965,32630,3037,22974,1602.52,2073,3099,4006,9590,90602,41408,23614
2017,3,5,85623,99008,99244,1715,78026,1602.52,2539,1548,4088,9718,50459,23672,3161
2017,3,6,55774,44049,78900,31055,45450,1602.52,4799,1391,1869,7570,80779,24842,22554
2017,3,7,27394,52853,77942,27752,69495,1602.52,4160,1469,3902,8403,73183,11927,34896
2017,3,8,71565,5723,84828,52005,22104,1602.52,2028,2876,4334,7279,25282,41135,35287
2017,3,9,9833,30082,2527,61702,83862,1602.52,1543,1254,3861,6758,55358,18862,49658
2017,3,10,15732,74519,26178,15986,9274,1602.52,2912,2189,1435,9091,49194,43538,49361
2017,3,11,30730,7575,21415,26417,44855,1602.52,2551,4686,3129,6430,16388,26990,46697
2017,3,12,86088,69284,88245,71302,16473,1602.52,1009,2203,4472,8538,48189,43746,43603
2017,3,13,84251,42454,40936,5686,37898,1602.52,575,3626,4056,6692,95042,17830,6482
2017,3,14,66390,62595,29949,59519,49025,1602.52,1508,1463,1972,8910,39116,48444,46337
2017,3,15,1060,65126,97000,35533,50016,1602.52,630,4266,1414,5844,39951,16496,11541
2017,3,16,75752,21880,26870,89808,25221,1602.52,622,1610,1726,5017,51128,16234,21913
2017,3,17,57707,3990,34050,6031,45095,1602.52,4474,2505,4643,7825,14389,18666,23167
2017,3,18,29367,10020,38926,49713,79290,1602.52,4307,1590,2107,9478,61199,42328,45229
2017,3,19,89441,42621,50291,6651,53990,1602.52,2884,1695,1759,6934,34077,16853,1419
2017,3,20,96453,4904,45712,51096,72730,1602.52,754,3447,1472,9368,84511,15761,10101
2017,3,21,6261,8819,37154,23368,76347,1602.52,695,1584,3676,5985,72437,27665,14705
2017,3,22,33757,61675,55714,55516,84961,1602.52,3721,1412,4694,8874,48859,33775,39791
2017,3,23,60885,4615,2223,47357,15646,1602.52,3117,1905,3255,6622,45273,18434,3086
2017,3,24,81327,27321,86741,55003,59659,1602.52,4020,4766,3556,9476,81633,38516,25531
2017,3,25,44524,20355,36281,55570,21139,1602.52,4344,2023,1105,7918,29379,38103,35140
2017,3,26,77356,58850,76361,5611,25472,1602.52,878,3150,1254,6618,94504,41316,37986
2017,3,27,88835,93525,51083,42391,48258,1602.52,2258,4133,4422,7086,81054,13834,32716
2017,3,28,35031,36752,5288,57488,94670,1602.52,1942,3377,4868,8303,93987,13598,1020
2017,3,29,26289,20552,91194,7947,33857,1602.52,4262,4042,1158,6696,97785,10184,35699
2017,3,30,65765,95044,85670,51539,44935,1602.52,3450,1316,3474,7486,70155,14496,16724
2017,3,31,31110,82099,2874,40978,70402,1602.52,4020,1689,3764,6566,18574,33972,13213
2017,4,1,70251,23015,14191,86948,37152,2483.13,4063,2195,1395,9766,93481,43119,40727
2017,4,2,95404,6150,62946,59142,76305,2483.13,1602,3402,3018,7872,28803,26231,43794
2017,4,3,72953,41846,59996,5871,46482,2483.13,4486,3083,4685,5028,36382,36837,10320
2017,4,4,45756,5446,85385,22151,26047,2483.13,1621,1450,1526,9144,96943,11318,28866
2017,4,5,54713,3547,36074,67732,67478,2483.13,3962,1781,1721,5094,62651,19554,14877
2017,4,6,30629,3490,2639,46666,58519,2483.13,3502,4273,1646,8886,26423,12894,39021
2017,4,7,64104,24398,24667,65470,85317,2483.13,3140,1206,2860,9213,15528,41689,37963
2017,4,8,60442,1722,14824,83516,88383,2483.13,3069,1478,2316,8266,82028,11678,27475
2017,4,9,27433,65531,60108,88251,50770,2483.13,1466,1224,2279,9970,13046,28947,2883
2017,4,10,70448,72539,68977,44660,51752,2483.13,1348,3544,4809,9438,12059,49543,26736
2017,4,11,94999,81482,34907,92315,53541,2483.13,4500,1954,3816,9224,85574,15937,16935
2017,4,12,43842,77042,97163,87474,9527,2483.13,1420,1325,4098,7022,57336,17201,26561
2017,4,13,94837,60037,95746,5998,77561,2483.13,540,2558,1286,7286,81224,25530,24158
2017,4,14,73733,62077,72856,72550,86684,2483.13,3486,1876,1822,8030,50701,27700,8430
2017,4,15,94913,67123,90378,94011,68871,2483.13,1211,3706,2750,6628,69703,35310,47714
2017,4,16,13819,91597,74221,19457,32043,2483.13,1338,2127,3872,8396,94676,36907,21797
2017,4,17,58976,49515,136,10798,17868,2483.13,3498,2779,4311,8875,23142,12754,1686
2017,4,18,26590,706,83241,50692,74015,2483.13,2353,2832,2243,6573,23640,18582,19296
2017,4,19,14722,51332,47766,64946,35525,2483.13,1852,1712,3307,8339,21649,42526,42442
2017,4,20,69177,26500,55307,3488,5375,2483.13,3021,3315,1020,5236,99006,35872,44801
2017,4,21,91909,67712,90057,85505,10637,2483.13,4790,1458,1380,5120,90302,33256,30050
2017,4,22,1349,8507,44109,26008,26847,2483.13,3534,1022,3608,6454,15862,13982,32110
2017,4,23,34993,38884,78651,46850,61497,2483.13,4073,4756,1720,9130,55260,22356,44009
2017,4,24,85532,66403,97715,66912,25310,2483.13,1519,3009,4227,6979,69017,22425,4369
2017,4,25,59089,53904,84800,67697,94096,2483.13,3031,1786,4544,6681,92288,17392,1334
2017,4,26,70690,57715,87150,48762,96845,2483.13,1118,2375,1382,5184,65638,16825,8762
2017,4,27,39553,82158,9836,85132,59138,2483.13,2556,4577,4107,9454,18262,43202,45205
2017,4,28,43018,16658,4994,98915,9691,2483.13,1306,1731,4995,9807,45493,18191,47282
2017,4,29,94922,66612,66919,36438,1796,2483.13,3262,2699,1066,9449,59183,13120,32557
2017,4,30,24654,16740,41133,73761,59096,2483.13,3314,3465,1415,8307,17379,36105,9759
2017,5,1,50038,82838,23289,86198,28331,1675.52,2470,1293,4750,7824,29440,23659,41481
2017,5,2,37170,3492,71078,82972,62675,1675.52,2624,4414,2006,7737,54861,44875,27633
2017,5,3,31052,89679,87643,69360,23410,1675.52,2652,3447,2937,7590,75996,17619,23749
2017,5,4,68773,73467,28913,59876,23726,1675.52,3534,2246,3195,9232,60217,40870,24705
2017,5,5,48596,67843,36637,83712,65580,1675.52,4938,2982,1176,5172,98693,18370,41498
2017,5,6,72682,36346,94385,45619,13639,1675.52,4589,2410,1550,9716,42285,18230,36733
2017,5,7,99558,42172,77523,77753,96783,1675.52,3622,1729,1933,5258,45441,15486,37740
2017,5,8,63109,56732,16848,60637,39313,1675.52,914,3345,3238,5958,90315,48228,31893
2017,5,9,62691,69905,80639,55594,94758,1675.52,868,1342,1447,9742,88419,44582,39277
2017,5,10,87483,23394,72664,25768,78653,1675.52,4632,3112,1188,5672,18748,46852,18105
2017,5,11,94724,322,75199,79314,76280,1675.52,2541,1318,1702,9074,10915,46527,15514
2017,5,12,30161,83136,57195,27960,32879,1675.52,2541,1712,1462,5205,78831,30362,11966
2017,5,13,29662,8464,38475,37202,87647,1675.52,4054,3722,3896,9252,94387,16527,23575
2017,5,14,24766,88282,21850,76536,62814,1675.52,4415,4325,3604,5932,37284,47834,49117
2017,5,15,74927,76179,50899,76637,87736,1675.52,1999,2396,4545,7330,54598,42191,29730
2017,5,16,85401,55005,57266,75649,14257,1675.52,2175,1522,4934,6182,31909,19099,1654
2017,5,17,45846,87677,44777,94450,638,1675.52,3635,1915,3238,9533,68551,45973,32061
2017,5,18,89264,41903,79723,60161,53729,1675.52,3703,1950,1362,5969,31128,19932,1356
2017,5,19,43975,89656,91658,261,70033,1675.52,711,1766,2594,7942,26679,44583,23567
2017,5,20,62548,35316,36499,37139,94849,1675.52,3111,1882,3304,9185,60623,33384,21403
2017,5,21,29858,79328,5217,51886,71649,1675.52,3169,1254,1000,9827,15882,12384,36345
2017,5,22,19746,51594,28263,47341,48433,1675.52,1923,1968,1609,9558,48117,17809,21295
2017,5,23,66177,47582,34626,45833,26767,1675.52,569,2976,1864,6350,24861,12575,11601
2017,5,24,53483,13032,94550,95835,92859,1675.52,3218,2603,4728,5676,76295,43160,26784
2017,5,25,24128,68220,54141,47089,12994,1675.52,1249,1052,2542,5874,41353,18628,18610
2017,5,26,27476,36923,98638,34755,54061,1675.52,3682,2542,2881,8231,13534,45739,23499
2017,5,27,35016,11595,74696,29744,64428,1675.52,4256,4906,1132,6802,51994,48554,1992
2017,5,28,78358,33245,60428,60901,65471,1675.52,1561,4297,1030,6230,44052,18240,1782
2017,5,29,25049,57735,33010,94283,82318,1675.52,1373,3684,4332,8614,79780,28759,36386
2017,5,30,98412,69037,50019,33973,28785,1675.52,3879,3493,1608,9306,84393,17079,2013
2017,5,31,77440,87307,42729,48848,5209,1675.52,4314,1609,1742,7324,40891,19082,36781
2017,6,1,97265,93221,24394,44686,73001,2002.03,3096,3388,4523,6850,87172,21535,19506
2017,6,2,92300,10667,89497,67959,11412,2002.03,1749,1270,1320,6948,20278,19558,22928
2017,6,3,1264,66888,29655,24940,24131,2002.03,1352,1395,2411,5746,66080,21763,39191
2017,6,4,95252,25529,46505,14775,18949,2002.03,2661,2600,1398,8658,11910,38458,33677
2017,6,5,65085,73660,3529,47093,16961,2002.03,880,4575,3398,5534,59514,47528,40159
2017,6,6,51078,77219,68924,49841,2965,2002.03,1603,3215,3235,8107,29341,12184,1356
2017,6,7,18137,82004,56137,95183,40513,2002.03,3640,1949,3057,7050,69041,25017,18047
2017,6,8,60032,84922,25945,83430,46808,2002.03,957,2884,4029,6233,47724,31993,1811
2017,6,9,83941,85681,96562,77177,70140,2002.03,712,4627,4257,8200,99810,31122,42255
2017,6,10,46247,83451,3072,20656,3324,2002.03,2025,3354,4737,7969,63135,36544,38465
2017,6,11,39781,10445,34430,18810,26678,2002.03,802,1970,1084,7440,20498,20677,48506
2017,6,12,55971,42563,75305,96580,20763,2002.03,4053,2008,1269,7124,16090,44592,41467
2017,6,13,1941,16041,74299,91678,54011,2002.03,3222,3790,2877,9003,28951,40907,37434
2017,6,14,93861,46106,17878,94399,59822,2002.03,670,2143,2289,6731,45074,34403,4728
2017,6,15,48199,39129,17764,39468,52605,2002.03,832,4545,2819,9428,46222,16372,21779
2017,6,16,62143,90797,18324,10020,69800,2002.03,2278,3660,3379,6058,74410,19552,47275
2017,6,17,6235,39486,18048,19876,96217,2002.03,4278,1542,2250,8194,15542,19446,13123
2017,6,18,93821,50645,9400,47992,91706,2002.03,1172,3847,2770,6846,80219,48922,21975
2017,6,19,38122,97498,28935,47853,49006,2002.03,3757,1591,4181,7246,91467,21749,3345
2017,6,20,31279,45746,32517,33529,34140,2002.03,3383,2959,1098,8278,92302,15616,49102
2017,6,21,2461,64827,78004,65232,55674,2002.03,505,3794,2071,5791,57998,21076,8223
2017,6,22,79136,91756,92669,38317,59913,2002.03,1417,1190,1232,8933,41071,30371,34136
2017,6,23,24388,45807,24683,40486,59941,2002.03,4640,3753,3162,5296,43984,15370,33337
2017,6,24,17218,90842,63982,89290,66633,2002.03,740,2119,1439,9385,16787,12712,38333
2017,6,25,3521,43205,13895,66106,18491,2002.03,2828,2877,2123,7736,83362,43415,4966
2017,6,26,37200,64355,72169,51715,6999,2002.03,549,4215,3345,5883,13504,12668,32505
2017,6,27,24216,40223,68449,70655,59608,2002.03,3358,4480,4792,7252,45585,13282,35236
2017,6,28,78570,24766,6160,12045,28629,2002.03,928,2180,1886,7628,33894,43577,5874
2017,6,29,10133,39444,17794,49831,41679,2002.03,1159,1796,2871,7750,52900,13831,47650
2017,6,30,42548,46259,43312,87340,69863,2002.03,1973,3431,1462,9484,76827,17294,5249
2017,7,1,82287,57175,81938,59915,91069,3076.03,1399,1863,4659,5172,88542,23661,25515
2017,7,2,25093,70788,77885,82405,23688,3076.03,4952,4945,1142,8643,39807,13262,41716
2017,7,3,11970,4591,36641,1454,81418,3076.03,3163,1046,3808,5100,56322,19762,11635
2017,7,4,86967,59074,6740,12979,11655,3076.03,1639,3099,2421,9056,35503,12226,11634
2017,7,5,22592,60456,92407,23970,5452,3076.03,596,2420,4508,7236,35225,17277,48566
2017,7,6,95223,48389,47334,64031,59841,3076.03,526,3159,4081,6997,76137,40736,20009
2017,7,7,74984,79129,43836,57405,60004,3076.03,4864,3946,1146,8622,22916,27949,29339
2017,7,8,37189,53513,11722,23049,37101,3076.03,660,2322,1370,8032,96352,21527,46947
2017,7,9,74020,36611,34687,69453,99960,3076.03,782,4942,2655,6150,48698,49011,27176
2017,7,10,16067,28564,97958,88565,17186,3076.03,1513,1460,1484,9182,93773,27837,20874
2017,7,11,41533,452,60160,53220,54463,3076.03,1099,4833,4473,8578,14285,25785,22864
2017,7,12,19314,90827,728,58321,27554,3076.03,2331,3619,4341,6594,48535,11526,49427
2017,7,13,92515,31401,98605,99605,25987,3076.03,2441,3871,2828,7601,37090,13642,42378
2017,7,14,60465,78190,8476,86291,70328,3076.03,3427,1994,4939,9154,80664,23844,39114
2017,7,15,94933,37997,33817,5626,25990,3076.03,3504,4855,3752,8462,34459,12190,32352
2017,7,16,24486,61902,39962,17315,65855,3076.03,2308,1318,1593,5784,28960,16554,43405
2017,7,17,61250,57388,80617,7541,2895,3076.03,1384,4178,1268,5200,19804,41618,11282
2017,7,18,13905,69661,76474,27657,1769,3076.03,854,1253,4186,8950,59919,10090,10934
2017,7,19,33465,57229,97711,21410,79365,3076.03,1034,1965,1670,6650,64505,13246,26672
2017,7,20,54284,62242,33836,86265,77443,3076.03,4234,1346,4651,7060,35354,41419,19992
2017,7,21,64346,51805,84025,53532,91865,3076.03,3571,1680,3876,5276,79442,13240,10297
2017,7,22,49305,75477,86558,66068,68479,3076.03,723,4114,4655,9558,25378,23449,1063
2017,7,23,89550,69614,31148,29201,6674,3076.03,1971,1018,4658,8038,40901,26522,32854
2017,7,24,31293,65825,84556,65169,88458,3076.03,4760,4114,4473,5298,20181,24303,13998
2017,7,25,48732,5905,63418,78387,41816,3076.03,3188,2716,1113,9335,93269,47786,5149
2017,7,26,32190,80241,85157,66848,51237,3076.03,4721,3880,3233,8562,64048,46690,42410
2017,7,27,58274,75161,50805,14099,56478,3076.03,4754,1560,3242,9056,16299,11342,20986
2017,7,28,39672,34488,99126,30785,83823,3076.03,4922,2363,2635,6430,99210,40223,42395
2017,7,29,88840,25285,55457,97073,19561,3076.03,3763,4186,4665,7422,24636,17494,19505
2017,7,30,31906,95743,5408,41500,30267,3076.03,2908,1289,2545,8162,17074,12744,21707
2017,7,31,781,78349,5084,89768,24780,3076.03,1342,3618,1868,7222,27043,31842,20646
2017,8,1,37159,92381,48673,98078,33369,2429.68,4982,4111,2925,7833,59377,19272,16167
2017,8,2,97094,45667,32177,89128,79093,2429.68,1259,2441,1331,6026,98572,46976,4897
2017,8,3,58721,28543,92907,60520,55586,2429.68,3174,2743,3480,6846,90821,16848,41101
2017,8,4,79365,37156,62312,17291,24990,2429.68,3273,2082,1094,5450,27561,29151,38041
2017,8,5,46699,50173,52945,73030,62551,2429.68,950,1271,1411,9263,81790,16038,1517
2017,8,6,36716,96317,44741,20196,43163,2429.68,3396,3878,4068,5707,72520,30409,1914
2017,8,7,70101,65795,68845,70160,7597,2429.68,662,4294,4282,8607,43675,41832,12758
2017,8,8,86476,63681,63104,82887,9297,2429.68,1235,1011,3913,5975,82559,17075,11246
2017,8,9,64241,52308,72307,69661,84367,2429.68,630,4466,1250,5266,24625,18216,44827
2017,8,10,14376,90289,88863,93658,8896,2429.68,1842,1722,2570,9900,10961,38218,32538
2017,8,11,92544,62197,84230,66457,74524,2429.68,4884,3763,1818,8790,16856,19814,33141
2017,8,12,33369,24846,90633,60342,26464,2429.68,3557,1688,1102,7420,50848,30793,15259
2017,8,13,16310,2691,58868,28880,33989,2429.68,2097,1531,2024,7679,18688,22899,19829
2017,8,14,67172,9224,78015,18972,97766,2429.68,3785,1134,2635,9417,15664,16426,36439
2017,8,15,61028,86385,11291,66574,70157,2429.68,3718,1466,4829,5182,31697,48817,12139
2017,8,16,42415,15148,41701,90792,82827,2429.68,822,1349,1082,8057,85320,24380,1040
2017,8,17,10848,24106,21867,38483,69876,2429.68,2581,2254,2430,7752,13828,10374,29694
2017,8,18,82363,43899,5405,47192,16485,2429.68,2360,1034,3601,8130,82394,17779,3455
2017,8,19,55100,12437,34129,31715,36846,2429.68,1095,2692,4906,8636,86175,46133,19450
2017,8,20,74008,95109,93389,22790,15333,2429.68,760,2694,2466,7132,44885,10006,23569
2017,8,21,587,7246,91907,85540,27658,2429.68,3318,2756,3088,7606,30823,39934,24301
2017,8,22,23248,36919,87627,99507,97584,2429.68,639,2942,1078,9027,10731,19318,40154
2017,8,23,78948,36108,98289,62767,99592,2429.68,3069,1529,3122,9960,18420,10779,9526
2017,8,24,45628,71739,9888,48716,75537,2429.68,694,1158,3980,8980,14642,41564,40711
2017,8,25,99134,76634,79507,748,15662,2429.68,2693,1930,2697,5981,73726,17290,6591
2017,8,26,91859,53148,91522,91333,8123,2429.68,2111,1766,3031,8351,35169,23567,9942
2017,8,27,85414,56523,5056,79395,65503,2429.68,2310,1986,2683,6346,98087,44696,36050
2017,8,28,89759,15782,55657,48808,31763,2429.68,3799,4973,3882,5320,31305,23357,45736
2017,8,29,25262,49770,93459,23293,78121,2429.68,3212,3533,1502,8267,59279,17004,44980
2017,8,30,70670,62942,64345,83353,46111,2429.68,3048,2220,3213,7418,16598,26327,12433
2017,8,31,45792,24828,82653,44675,40149,2429.68,3031,1761,1414,7841,10118,16408,13959
2017,9,1,34619,38085,40676,69238,13717,1521.73,4906,1657,3376,6526,39119,17160,24032
2017,9,2,67659,91341,45374,67716,8721,1521.73,3506,3547,1420,8180,90047,16390,38053
2017,9,3,42564,88162,81095,36758,9568,1521.73,930,4185,3729,6605,13422,23797,5646
2017,9,4,40637,69682,16808,29013,9292,1521.73,1172,1950,3618,7897,44665,22338,5927
2017,9,5,45951,58172,22239,33008,32705,1521.73,4022,1619,1798,5116,28376,26365,28638
2017,9,6,70762,4307,86903,80843,20912,1521.73,4640,2900,1358,7799,23264,45649,1334
2017,9,7,93726,19438,72600,57345,93687,1521.73,1034,1986,1788,8272,88995,24492,17265
2017,9,8,96911,23018,16112,30061,54486,1521.73,1426,1014,1238,6666,12188,19350,10841
2017,9,9,60006,27082,80311,46364,64881,1521.73,3365,4957,4363,7782,48653,49402,3575
2017,9,10,64582,94689,5391,56370,79313,1521.73,2213,2574,3755,9676,22635,18402,10739
2017,9,11,90517,95414,29840,55664,55094,1521.73,4425,1451,4361,9480,94166,10593,2281
2017,9,12,74662,52532,35552,30378,83497,1521.73,4779,3077,1006,6114,20798,40909,1124
2017,9,13,12260,18012,83484,62368,47688,1521.73,1960,3204,4235,6799,10219,39329,22471
2017,9,14,65433,997,37133,44794,72084,1521.73,1739,1744,3830,7294,93473,33678,31299
2017,9,15,74199,73253,48108,85796,74775,1521.73,1704,3385,3268,6539,65752,17307,35258
2017,9,16,99011,32713,21864,33246,45865,1521.73,3926,1296,4430,6058,72441,21513,48435
2017,9,17,23710,94181,84611,23892,84175,1521.73,2569,3373,2688,8142,44168,17638,28084
2017,9,18,57286,37225,62200,76906,13764,1521.73,4212,4125,2016,6076,62371,39232,27953
2017,9,19,30863,17650,50529,80294,93709,1521.73,1806,2417,4854,6416,57660,34029,39323
2017,9,20,80853,81582,8755,48541,53610,1521.73,2354,2246,1498,9553,16634,20261,2923
2017,9,21,13858,64716,49388,7227,30792,1521.73,1458,3006,1528,6688,58299,11648,28111
2017,9,22,52662,76458,89589,18868,62875,1521.73,2896,1398,3829,6630,17246,48790,47249
2017,9,23,30925,32325,26037,53775,18230,1521.73,786,3439,4903,6127,55665,42046,30188
2017,9,24,84238,18476,36405,46349,48167,1521.73,3520,2179,1161,8108,36047,12694,44704
2017,9,25,71710,5296,10466,16891,83299,1521.73,681,4222,2759,6898,84349,35988,35436
2017,9,26,88258,74738,34428,99513,30865,1521.73,2910,1453,4920,8640,94153,23086,6445
2017,9,27,5371,12674,90267,76532,20783,1521.73,3270,3843,2960,6198,25733,31258,42666
2017,9,28,5523,41415,61834,73282,99485,1521.73,622,4093,1848,6401,14450,18135,46183
2017,9,29,32847,77868,15941,74119,88535,1521.73,3556,3905,2767,7654,70436,19812,10094
2017,9,30,12840,13708,68745,60801,147,1521.73,2058,1348,2244,8086,95302,18080,44478
2017,10,1,70925,72174,53697,13679,92131,2120.32,1524,4997,4123,6994,58532,14217,38184
2017,10,2,551,52438,86985,70726,39226,2120.32,3564,4284,1981,8738,69431,42810,13238
2017,10,3,52776,91453,11407,39371,86755,2120.32,796,4031,1659,5844,87709,10141,29487
2017,10,4,80381,50586,46492,34504,87580,2120.32,646,3129,1382,8408,58854,29389,21376
2017,10,5,81646,42420,15027,29979,3136,2120.32,4141,2262,2261,8902,11633,29015,34458
2017,10,6,96387,83782,53047,48046,25978,2120.32,4539,1357,2692,8310,40861,11623,7108
2017,10,7,92406,55934,99754,82570,74343,2120.32,3310,2339,3730,6682,18614,12902,24960
2017,10,8,44146,91460,25481,36407,8359,2120.32,854,4744,2246,9650,69142,13224,3466
2017,10,9,58281,93682,69582,82325,64712,2120.32,3948,3468,4080,8054,56037,39774,26795
2017,10,10,85013,84348,62114,35096,44037,2120.32,3313,3181,2242,9910,40940,30601,14432
2017,10,11,83612,56363,1698,20858,57535,2120.32,876,1638,4520,6367,14491,45583,20840
2017,10,12,29514,8440,19052,28594,34845,2120.32,3367,4856,2140,6833,71303,36176,41441
2017,10,13,77617,59617,40710,49860,6115,2120.32,1812,4725,4363,8509,26934,11898,31650
2017,10,14,19350,27369,44065,222,30088,2120.32,805,4600,3346,9734,88194,18190,8556
2017,10,15,89002,22914,54400,81142,19747,2120.32,3669,2363,1671,8766,63574,15580,25703
2017,10,16,72381,10387,13863,26744,75248,2120.32,4993,4596,4516,9058,11170,14603,40797
2017,10,17,73966,73328,74205,57313,54536,2120.32,1854,4888,3015,6253,41029,37762,28751
2017,10,18,88309,91051,51478,89980,81782,2120.32,4116,4161,3141,7978,80904,33388,31404
2017,10,19,68775,35899,44338,53292,51309,2120.32,4246,1122,3834,9614,98937,49721,5508
2017,10,20,69905,90793,59611,87921,53398,2120.32,2034,1705,4394,9863,31684,12360,16992
2017,10,21,41267,62153,60337,99408,90131,2120.32,2795,1058,3490,7132,28548,44798,41241
2017,10,22,48992,29147,70073,94178,3950,2120.32,3899,3853,1153,9861,78125,29551,35362
2017,10,23,3205,20160,71257,43951,30023,2120.32,530,1288,1445,7526,87047,37928,19294
2017,10,24,68055,19844,63186,61545,13328,2120.32,2695,3671,2231,5544,72848,15074,8086
2017,10,25,94481,83100,31387,70635,69313,2120.32,1537,2517,1023,8300,16467,26045,25864
2017,10,26,23439,82946,63687,21237,9759,2120.32,4164,4164,1928,9426,72061,17014,1478
2017,10,27,80435,94757,95280,34018,3876,2120.32,1550,3355,1227,9288,68989,20539,18128
2017,10,28,65152,1879,9409,11175,6025,2120.32,3572,4462,1454,7258,67050,34931,42229
2017,10,29,34344,76215,29097,21273,64916,2120.32,2880,1426,1836,6328,95719,16140,1158
2017,10,30,17639,87270,14496,68866,42910,2120.32,757,3060,1715,6098,35587,15488,49838
2017,10,31,73746,39160,53555,98919,22770,2120.32,838,3464,1819,5650,94736,28086,20605
2017,11,1,48969,23437,25425,82128,19156,1755.53,4766,2776,1059,9976,65685,11802,41565
2017,11,2,7093,90098,57613,38611,25685,1755.53,2355,1195,1058,7626,20316,11734,31704
2017,11,3,77829,93782,69034,89831,4870,1755.53,2989,3838,1907,8413,52317,22414,47120
2017,11,4,69978,68436,61543,42389,69772,1755.53,3285,1863,2325,9026,15473,18732,27228
2017,11,5,53953,44182,40558,5563,71808,1755.53,1424,1984,1006,6809,55817,42228,27226
2017,11,6,10281,75159,62419,97189,3572,1755.53,4602,4900,1760,9230,32288,35646,31088
2017,11,7,24725,46926,78862,58402,19175,1755.53,4115,4479,4868,9354,95041,43027,10688
2017,11,8,68250,72818,9015,55609,35979,1755.53,2836,1258,2693,8438,43446,26264,31184
2017,11,9,41342,79402,82517,57217,76899,1755.53,4214,2974,1730,8076,76376,47256,14805
2017,11,10,48764,10492,86736,19984,1516,1755.53,3010,1116,2297,8376,41724,23275,48129
2017,11,11,85912,89561,85887,58605,16167,1755.53,1220,2508,1510,7482,31076,18335,29333
2017,11,12,48541,6644,36311,26623,61072,1755.53,954,4834,1772,6646,46169,23748,29039
2017,11,13,41448,25532,59865,45097,13908,1755.53,4724,1170,1149,9910,74774,14642,1590
2017,11,14,16295,42347,81177,41381,76083,1755.53,4715,1958,1599,9538,83949,12670,28605
2017,11,15,41416,24181,38857,13649,67499,1755.53,2396,1218,1122,7261,70394,40815,35026
2017,11,16,65203,55119,56986,56352,42081,1755.53,918,3374,1858,7547,99754,32891,48112
2017,11,17,22505,75823,40219,74104,4552,1755.53,1774,1944,3347,5630,75967,15845,24168
2017,11,18,27009,63365,57496,53917,26978,1755.53,4732,2179,4359,8069,64882,41439,27890
2017,11,19,16182,44903,99814,22991,38802,1755.53,882,2657,1742,9838,51761,46293,15921
2017,11,20,86620,54888,58613,34967,96870,1755.53,2163,1902,4296,9326,94146,41273,34581
2017,11,21,68900,88879,33453,68259,73300,1755.53,4697,1674,4588,5863,28823,48390,48335
2017,11,22,41784,51058,92400,49878,13510,1755.53,2522,1094,1626,9150,51446,28621,10513
2017,11,23,72068,34962,85203,86364,75973,1755.53,3988,4871,4578,7440,29482,15766,29349
2017,11,24,75775,55532,63711,51716,81395,1755.53,1457,4529,1294,8856,89406,39803,8886
2017,11,25,19370,68282,6284,51121,5769,1755.53,4741,2835,1610,9898,80550,11006,24082
2017,11,26,60645,24539,62591,45224,18331,1755.53,4453,1854,3956,9515,62171,11702,42073
2017,11,27,8402,28629,1233,84696,87486,1755.53,851,1854,1114,7134,74326,47391,6991
2017,11,28,87569,54069,75227,12964,35365,1755.53,4330,2360,3018,6554,73935,31348,22129
2017,11,29,1698,93389,41806,65654,92905,1755.53,2355,2657,3957,9888,18704,36442,20329
2017,11,30,68283,9556,59649,59906,23043,1755.53,2297,1230,4394,8875,23573,12230,33975
2017,12,1,54256,68472,50375,63880,58759,1355.42,576,2147,1232,7581,61403,26560,48076
2017,12,2,91290,95413,25518,36229,14117,1355.42,862,3672,4311,6214,63066,38286,28312
2017,12,3,38066,73677,9033,86941,13602,1355.42,4296,4208,4966,9352,64439,25076,15144
2017,12,4,72747,30017,77224,28979,93950,1355.42,538,1974,1742,7408,37819,30859,4979
2017,12,5,25720,58682,20884,80032,39450,1355.42,4669,2514,3977,7412,64455,37578,33950
2017,12,6,75197,5104,88139,41515,79775,1355.42,1591,2520,3945,5622,97850,42895,2578
2017,12,7,31498,3390,78134,98240,67150,1355.42,910,2868,4634,6333,89251,30435,15953
2017,12,8,16635,90273,7951,90612,327,1355.42,4541,1874,3860,5368,33389,39987,38758
2017,12,9,51610,16333,58860,66907,92851,1355.42,4801,1408,1451,8584,55291,43600,6711
2017,12,10,86592,50742,36469,61226,83428,1355.42,3013,1126,2344,5963,90673,32670,42073
2017,12,11,21073,85215,24546,31285,84247,1355.42,1271,2207,1970,9014,19113,16172,24287
2017,12,12,53194,95268,73225,29645,49555,1355.42,3244,1145,4256,6064,13723,12683,28516
2017,12,13,68137,21737,79098,16834,54052,1355.42,855,1475,1336,6752,22759,21934,19771
2017,12,14,81039,60384,24142,4361,56867,1355.42,1885,1094,1226,7606,56055,20780,9608
2017,12,15,38625,29300,73278,34233,55364,1355.42,3268,4852,1558,9490,73037,45491,3353
2017,12,16,62136,38893,86967,49824,61998,1355.42,1758,4387,2813,9034,63748,26031,26079
2017,12,17,38211,634,86091,9437,10743,1355.42,894,4366,2796,9846,99950,19032,42146
2017,12,18,23199,13219,15716,64640,5584,1355.42,550,4070,3997,6908,33894,11998,38753
2017,12,19,5880,55653,65382,8693,34256,1355.42,1075,2466,1114,7165,81902,23208,45482
2017,12,20,45663,28472,38927,49811,48318,1355.42,4321,2867,2095,5037,52506,15368,38878
2017,12,21,30142,28990,41750,74139,8791,1355.42,1484,4669,2647,8218,39713,31903,41996
2017,12,22,23700,40789,70722,86167,44306,1355.42,4374,1319,1094,8301,56129,45763,2624
2017,12,23,53531,81803,33632,5626,23192,1355.42,4656,3333,1478,7758,43823,40268,36138
2017,12,24,29754,56661,71290,93754,34879,1355.42,2008,3577,3142,5468,44743,12447,11003
2017,12,25,31705,20471,35119,12800,35124,1355.42,3562,3653,4402,8545,10630,28945,7600
2017,12,26,94684,90288,82279,42514,44398,1355.42,2782,1014,1894,8152,19734,11318,42455
2017,12,27,81427,92616,25274,65921,71697,1355.42,3368,3401,1839,9838,32552,41962,36370
2017,12,28,37439,7467,46968,26841,16013,1355.42,785,2047,4236,8842,69560,17276,7598
2017,12,29,13223,68695,15489,45041,39119,1355.42,1736,1098,1158,7009,86464,46759,16096
2017,12,30,39731,81185,16513,62922,11024,1355.42,1235,3461,1531,8202,91653,22543,49065
2017,12,31,25801,63791,99591,6389,34559,1355.42,1374,4132,4197,6862,18354,43315,35503
2018,1,1,20909,30212,88021,57919,16676,2030.87,4000,4212,2644,6922,41587,33061,1133
2018,1,2,98158,6401,39593,82713,98054,2030.87,4864,3195,4429,5038,12754,29931,28488
2018,1,3,62627,76887,84129,25841,86060,2030.87,630,3319,2654,6350,97589,40682,27444
2018,1,4,10655,11591,71247,28300,88513,2030.87,1360,3021,4233,7304,85733,33638,12834
2018,1,5,95792,26950,11834,56573,58203,2030.87,1503,2180,2826,5126,63021,20237,40940
2018,1,6,64428,68172,43557,88435,77694,2030.87,4116,3348,4088,5942,32999,23952,41147
2018,1,7,29548,60712,76974,48781,28016,2030.87,2418,1334,2360,9798,13082,30562,29060
2018,1,8,51544,99586,34096,85722,86570,2030.87,958,2349,2991,5866,55783,42036,13469
2018,1,9,23365,1252,96737,92453,1614,2030.87,1404,2512,1798,9730,96292,18790,29736
2018,1,10,55142,78711,91324,77502,89314,2030.87,4416,2208,1402,8511,42929,13834,4406
2018,1,11,38332,65240,74262,36323,31107,2030.87,4710,1654,2647,5818,63275,15612,46397
2018,1,12,71183,46032,13125,94334,22114,2030.87,1006,2254,4478,6358,71108,10144,9417
2018,1,13,57580,45525,67353,94275,70388,2030.87,2539,3718,1873,8152,61392,22979,26635
2018,1,14,54550,6103,10155,2197,47550,2030.87,4161,1494,1634,7285,29417,24278,39782
2018,1,15,23055,74916,67885,27533,28090,2030.87,4028,2021,4516,7733,12647,19642,38993
2018,1,16,64368,30187,79974,56241,38340,2030.87,572,4240,3820,5726,11436,11369,41366
2018,1,17,95508,95598,62806,47672,9236,2030.87,1949,2289,3490,9834,76173,27931,42223
2018,1,18,28827,46555,46305,29696,84288,2030.87,950,1014,4138,7276,21246,43829,8953
2018,1,19,38642,33171,53070,18814,38897,2030.87,762,1520,2807,9340,98427,16406,30859
2018,1,20,17916,36729,50684,1406,42915,2030.87,688,1741,3411,8002,17788,24050,26858
2018,1,21,50946,35091,39057,56436,32367,2030.87,540,1008,4825,9686,12356,15073,26655
2018,1,22,50545,36357,15830,43353,62050,2030.87,1746,4964,2336,9750,81369,10251,30609
2018,1,23,55640,43410,98345,45403,35403,2030.87,4452,1347,2574,9730,59135,49941,32485
2018,1,24,51515,59401,87302,61340,29087,2030.87,1413,1976,4831,8594,55687,16474,43475
2018,1,25,89203,17434,88197,56539,46216,2030.87,3141,3206,2974,5970,63608,14729,19566
2018,1,26,13970,99413,67429,81545,74273,2030.87,2837,1584,1936,5138,13942,31402,26564
2018,1,27,78613,46244,27386,24796,4838,2030.87,3027,4039,1857,9854,66930,29425,49425
2018,1,28,7141,50072,97632,36468,47910,2030.87,1196,3230,2004,8624,59774,10286,11241
2018,1,29,95189,57612,93417,97504,59102,2030.87,524,2714,3138,8994,62509,47975,46895
2018,1,30,88419,11890,58368,21629,33113,2030.87,1053,1042,1720,8684,93072,39629,25298
2018,1,31,76277,94269,17861,53282,79245,2030.87,4558,1578,2950,7974,18590,27051,43987
2018,2,1,66250,81118,54359,55245,43628,1603.93,3662,1868,2053,6598,19950,18702,18687
2018,2,2,82696,61586,10423,81381,54658,1603.93,4008,1138,4264,7289,60874,44602,16405
2018,2,3,48200,68011,62553,62526,72651,1603.93,3746,3900,2073,8922,10496,47052,5957
2018,2,4,79495,70511,18921,56548,52154,1603.93,1601,4848,1838,8126,32580,22848,23902
2018,2,5,68429,6590,54478,69045,50231,1603.93,3646,3430,3362,6199,77307,22364,15352
2018,2,6,48508,51054,27617,35581,11863,1603.93,2633,1356,3623,6242,64256,10776,38113
2018,2,7,41807,55858,11977,59998,74234,1603.93,2845,4013,2498,7322,28057,17728,44558
2018,2,8,19027,91705,32511,18741,34256,1603.93,1104,2762,2223,8721,34694,39085,9819
2018,2,9,56834,17328,80443,81809,35234,1603.93,3936,3391,1907,7374,53388,41141,11051
2018,2,10,31823,2586,66507,99321,6261,1603.93,3400,1174,2620,9082,44026,12938,44565
2018,2,11,92082,51483,35990,85657,70204,1603.93,4742,3389,4363,6174,25197,11906,37036
2018,2,12,48939,84135,49340,65846,71400,1603.93,3338,3221,1665,9845,18893,27925,19081
2018,2,13,50762,52294,69564,53382,34557,1603.93,1608,2989,1424,8949,28646,17979,29942
2018,2,14,45985,19741,11369,66700,7629,1603.93,2647,1566,3404,8339,38763,41155,2919
2018,2,15,7420,28455,44377,29085,68300,1603.93,3362,4060,1914,5860,88793,16471,13270
2018,2,16,72868,11754,25813,70644,70703,1603.93,3622,3038,1902,6343,99738,14530,20811
2018,2,17,35614,38738,87449,89018,27077,1603.93,718,4495,1018,7270,79932,39317,42565
2018,2,18,70522,53295,74730,2436,12572,1603.93,526,1790,1627,8638,72433,12329,29875
2018,2,19,81882,27409,11720,88785,93752,1603.93,4666,4364,1547,6944,34733,19960,27810
2018,2,20,66032,81258,60824,37050,72158,1603.93,2718,2678,1634,7608,61465,39324,40756
2018,2,21,63674,46725,57468,55301,74148,1603.93,3981,1028,3660,5700,61164,33763,29901
2018,2,22,89863,97184,13128,56410,20651,1603.93,2736,3033,1906,7128,40082,33978,14213
2018,2,23,84315,49153,93009,11068,32952,1603.93,794,1624,1198,7859,68276,25345,4475
2018,2,24,54112,2258,47726,44125,64310,1603.93,2887,4171,3777,7367,26932,18864,25243
2018,2,25,21580,9670,78813,67050,69581,1603.93,2379,3895,3046,6358,81314,16102,18895
2018,2,26,64863,48059,13974,66061,55918,1603.93,2757,1381,1726,5482,70505,31519,32250
2018,2,27,30725,14745,35692,85854,72112,1603.93,570,3691,4996,8194,77092,24577,28976
2018,2,28,59339,94472,44825,43737,21212,1603.93,1085,1073,4197,5058,68485,46466,26139
2018,3,1,26243,89200,74518,48078,76057,2376.1,642,1612,3080,8126,62912,13658,6038
2018,3,2,42640,72956,8405,83085,66400,2376.1,2422,1752,2805,5032,98434,20295,32982
2018,3,3,63597,84509,44493,38656,69346,2376.1,3666,1186,1510,9536,60017,22567,7312
2018,3,4,91926,55171,79721,16358,36178,2376.1,4764,1422,1940,8168,78253,48339,42633
2018,3,5,27502,37028,75563,55307,39539,2376.1,602,3135,3505,6446,58142,44202,23998
2018,3,6,10110,86809,56143,6621,22697,2376.1,539,4621,1330,5259,30978,23859,16160
2018,3,7,34244,50744,19029,66184,95264,2376.1,875,2765,1332,6437,94423,40199,13634
2018,3,8,30435,36378,93335,5292,22825,2376.1,4494,4285,1988,5636,55905,43685,17829
2018,3,9,21797,67797,24660,9479,59408,2376.1,4689,1654,2732,5070,92538,17996,5638
2018,3,10,98704,73414,40762,49365,29852,2376.1,916,1170,1562,9250,81929,10738,35185
2018,3,11,33432,31424,60024,4421,53412,2376.1,4457,1559,1429,9116,17389,25837,32282
2018,3,12,94755,67080,2193,17487,52150,2376.1,1834,2204,3144,8947,16569,14347,44731
2018,3,13,44133,72486,74633,32047,38088,2376.1,4136,2870,1386,9159,17294,24100,22914
2018,3,14,67793,23101,82012,84223,62217,2376.1,1411,3322,2832,9920,14332,10734,49402
2018,3,15,89686,58996,18538,74182,67944,2376.1,3528,3427,1210,9513,60473,44735,1459
2018,3,16,52427,35962,98958,73116,55121,2376.1,3567,4265,1410,5578,39839,18546,7601
2018,3,17,61332,32603,82592,60516,27558,2376.1,1848,2242,1734,6738,91424,49394,6105
2018,3,18,14549,96305,77822,71197,75818,2376.1,2283,3244,1959,9990,10942,12080,4647
2018,3,19,88841,81279,17698,35893,26857,2376.1,1513,4540,1174,8218,65055,34047,7537
2018,3,20,50209,93257,51290,31660,56347,2376.1,2406,2246,1510,6346,58442,31187,9066
2018,3,21,62579,57078,75784,69538,38319,2376.1,2969,3510,4772,5666,95755,13102,27143
2018,3,22,39555,57269,22522,29693,17725,2376.1,3739,4284,3536,5554,15943,19882,3929
2018,3,23,6799,13350,57130,78521,4930,2376.1,1060,2507,1442,7402,53396,10023,31924
2018,3,24,95339,1367,3534,70111,67033,2376.1,3091,1587,4260,9942,52631,13978,15641
2018,3,25,30894,32724,91269,44430,64105,2376.1,4312,2254,3265,7793,65775,24546,23565
2018,3,26,36069,91836,42054,41422,10031,2376.1,1444,1502,3168,5350,91831,30200,11803
2018,3,27,53323,79923,3140,42584,6888,2376.1,4567,2780,3494,7188,82209,18950,5772
2018,3,28,80753,12874,72557,50370,667,2376.1,4916,3087,1518,6652,10860,22901,38332
2018,3,29,95124,12306,78270,8292,49988,2376.1,3492,3309,1375,7983,45892,23262,20101
2018,3,30,63755,11813,11043,68601,85353,2376.1,3902,1104,2477,6459,16473,39495,9604
2018,3,31,81143,57742,92583,44014,41064,2376.1,1914,1186,2100,6170,44478,48439,19796
2018,4,1,49323,1749,64364,57306,63994,2721.2,2412,2157,1846,9486,77509,24622,37626
2018,4,2,76268,43614,97100,19079,76439,2721.2,910,4180,1881,9510,91595,31676,2948
2018,4,3,77500,27782,30129,5388,88612,2721.2,3375,2933,1668,7738,11591,10661,28568
2018,4,4,5364,49004,2819,86735,71368,2721.2,1356,3986,1644,9626,83064,33082,46680
2018,4,5,44108,99638,83615,5989,76575,2721.2,2665,4074,4343,7793,59461,15918,41562
2018,4,6,62714,62837,62241,9382,46927,2721.2,1394,2289,4186,5564,55375,26905,23832
2018,4,7,52244,16732,90893,8888,7892,2721.2,3321,1998,1297,8288,57987,32872,40309
2018,4,8,49850,62005,53299,69193,96150,2721.2,3499,3862,1947,5739,84595,10460,29112
2018,4,9,45923,20990,23867,85109,76554,2721.2,2013,1254,2324,9257,54035,20216,29242
2018,4,10,9567,28710,72215,15864,86998,2721.2,766,1846,4909,8385,22391,21059,46554
2018,4,11,97497,15891,96274,5796,87982,2721.2,1020,3903,3210,9782,35363,11116,30870
2018,4,12,64128,63729,56265,76453,82987,2721.2,3020,3904,1474,6374,41119,42358,26653
2018,4,13,48141,56208,79205,89402,24593,2721.2,930,2089,1582,6734,44236,38170,17948
2018,4,14,3956,5258,88426,22166,6496,2721.2,3281,1975,2517,9546,79779,36855,23789
2018,4,15,32551,92800,95760,87912,94386,2721.2,548,3877,4437,5825,48279,34030,36879
2018,4,16,43774,75092,72472,93963,81826,2721.2,3485,1570,3316,6910,24298,11164,33060
2018,4,17,77052,57580,48140,80921,63478,2721.2,2775,1027,2069,9886,83938,31454,27919
2018,4,18,33117,30560,6685,42555,56386,2721.2,1584,1510,1406,5407,26824,28232,4964
2018,4,19,98467,75310,30365,53136,28573,2721.2,4299,1975,3594,8790,11610,42071,4663
2018,4,20,6709,87023,88100,43778,83261,2721.2,1583,1376,3949,9248,58930,41686,38390
2018,4,21,69583,51867,8197,15990,33626,2721.2,573,2092,1682,7289,12702,21606,35021
2018,4,22,61953,32231,93582,6899,11021,2721.2,3969,4080,1202,6850,94209,49462,12829
2018,4,23,91811,2145,32191,27112,16765,2721.2,3797,2698,4339,6993,35039,42965,41122
2018,4,24,78366,95613,41410,21400,19255,2721.2,3005,1206,1570,5886,88104,10390,42989
2018,4,25,15767,3426,53023,48321,6847,2721.2,2782,1142,4375,9973,58471,32491,47232
2018,4,26,87447,77269,85191,46786,20614,2721.2,1102,1350,2194,7511,36730,11654,20230
2018,4,27,56852,29736,49007,48422,32675,2721.2,2363,4792,1887,6310,13113,30085,37111
2018,4,28,83969,77248,11446,49697,73573,2721.2,2187,1018,2184,7377,24156,34149,19917
2018,4,29,37608,80259,99481,86154,94123,2721.2,2601,1956,2297,6607,15747,31323,36211
2018,4,30,40070,83111,96117,96957,3497,2721.2,2042,3816,4180,8487,53512,42753,25582
2018,5,1,85701,70124,21941,19430,94280,2411.48,3388,1790,1922,9541,10982,24484,22443
2018,5,2,97143,52338,56782,83750,68085,2411.48,3818,2547,1156,6270,71043,42506,38106
2018,5,3,14170,91212,61687,19009,44725,2411.48,3764,1726,1840,8258,66205,35194,4440
2018,5,4,54500,39595,42437,92774,99136,2411.48,2257,1278,2490,6390,80027,46926,43801
2018,5,5,44848,20199,64474,45421,57326,2411.48,4278,1494,3080,5965,13718,16654,1869
2018,5,6,36757,16972,34581,77672,65381,2411.48,4218,1231,1546,8006,29004,11744,1582
2018,5,7,48160,12614,52146,60650,53004,2411.48,3927,2851,3722,9516,59623,26047,48525
2018,5,8,6622,63903,13894,66054,46220,2411.48,866,2975,4071,9198,76999,19451,37101
2018,5,9,38280,6218,72035,95011,94224,2411.48,877,3734,3651,9374,19383,33006,1039
2018,5,10,67900,9664,80858,52974,64417,2411.48,4021,2389,1480,9266,53443,16954,40482
2018,5,11,46367,40005,66282,438,77499,2411.48,1240,1564,1708,9262,10787,26425,43281
2018,5,12,25665,78018,35160,55668,97392,2411.48,3674,1642,1126,5883,34616,44974,20896
2018,5,13,92717,29990,32364,13452,39256,2411.48,1757,1254,3515,9391,19358,36013,2159
2018,5,14,39024,55005,51791,21226,79631,2411.48,2650,1647,3298,9161,93666,37042,28930
2018,5,15,20057,48693,68685,16967,84577,2411.48,1940,2292,4641,5318,14202,10508,19653
2018,5,16,29167,3854,7224,87682,99597,2411.48,3694,3620,2342,7374,59845,26973,25987
2018,5,17,70767,73848,14973,60417,23009,2411.48,2458,3065,3683,6143,76383,16528,24991
2018,5,18,52148,38325,51904,18142,65333,2411.48,3390,4498,4205,9958,98532,28801,9000
2018,5,19,72952,22227,17422,70295,14064,2411.48,3619,1181,2465,8591,61597,13662,43619
2018,5,20,3582,9057,49892,93617,41552,2411.48,1875,1910,1910,7568,28191,12634,42627
2018,5,21,79131,51582,73486,58336,98547,2411.48,2137,2850,4243,7350,58144,24658,22018
2018,5,22,64530,21764,42192,48347,16707,2411.48,718,1639,4197,5690,30256,37100,3790
2018,5,23,64043,98484,97151,61345,2263,2411.48,3979,1393,3275,7464,56080,16358,25343
2018,5,24,85834,93218,96025,96429,64129,2411.48,1087,1206,2283,6566,93355,25341,20521
2018,5,25,83420,64881,61981,12617,86296,2411.48,4716,1689,2072,6867,28034,18678,8589
2018,5,26,38562,68366,7080,31837,65830,2411.48,1362,3014,2729,8738,64442,12866,13161
2018,5,27,39259,85530,98219,47894,65161,2411.48,3234,3579,2806,6298,77548,25453,7927
2018,5,28,60156,93617,42144,67228,90484,2411.48,2914,1614,3542,9993,93585,20723,20178
2018,5,29,79506,49948,88738,68588,18687,2411.48,1796,2944,1413,6367,22190,36573,19532
2018,5,30,44294,95425,1505,33452,46992,2411.48,3904,2147,4021,7399,90726,45856,45405
2018,5,31,53929,83641,41254,8823,99987,2411.48,4545,4491,1137,9278,64430,19823,34839
2018,6,1,86228,94121,75580,22595,16311,2226.87,3239,3086,1360,6690,91430,41765,28505
2018,6,2,41947,14930,47139,25699,5656,2226.87,4626,4296,1208,8449,89282,14382,42995
2018,6,3,34347,85126,52928,85334,49557,2226.87,851,1576,4574,7782,74729,32236,39103
2018,6,4,26287,57969,60324,88999,91011,2226.87,763,4308,3034,8516,75006,38689,18106
2018,6,5,37249,70986,77986,54200,59435,2226.87,989,1126,3745,8916,95465,18301,33620
2018,6,6,48019,1317,70437,63946,15451,2226.87,1181,1736,4485,5722,47087,26847,11518
2018,6,7,40962,94203,76156,23996,88457,2226.87,2685,2056,3499,7022,96255,47933,17515
2018,6,8,90643,2245,24418,75740,61161,2226.87,794,1072,2551,6694,89476,12038,19884
2018,6,9,58698,2010,11091,94535,74867,2226.87,1381,1664,3732,7786,56175,14386,24530
2018,6,10,81403,68861,99245,19902,92235,2226.87,4186,4228,2744,8604,74967,25256,45500
2018,6,11,94840,85360,17140,32391,82540,2226.87,1744,1236,4977,9187,35770,49843,22968
2018,6,12,3717,73504,32023,88801,87393,2226.87,988,3794,3409,6366,10106,15644,38198
2018,6,13,57085,39235,64873,71181,97839,2226.87,2788,2677,1551,9928,41420,24091,6193
2018,6,14,2896,59517,81680,27873,5056,2226.87,4067,3772,2305,6090,13924,11049,33803
2018,6,15,64288,59914,96197,37698,21498,2226.87,4693,4933,1830,9140,82465,21021,1245
2018,6,16,40758,45255,63699,98662,25183,2226.87,4104,4429,2339,6334,72302,19222,21471
2018,6,17,70938,32722,27519,94596,8812,2226.87,644,3099,2708,8192,27148,39205,41444
2018,6,18,35789,46842,50492,92620,47759,2226.87,3640,3516,3210,7390,14146,19744,32957
2018,6,19,81514,42634,64175,78853,79769,2226.87,2598,1422,4197,5117,61653,44361,36477
2018,6,20,82913,67298,83813,621,1843,2226.87,4825,2630,2801,6668,46601,21911,10961
2018,6,21,39626,26594,10428,34188,70285,2226.87,3932,3149,2941,8106,63353,10870,30309
2018,6,22,70935,60952,19769,56484,86069,2226.87,844,3980,1270,9322,85952,16912,31422
2018,6,23,61969,42131,20896,19770,48799,2226.87,1681,3423,4090,8460,22611,30726,17497
2018,6,24,15122,92896,48876,88063,11002,2226.87,2124,1935,4531,6498,38418,25600,12229
2018,6,25,91018,5616,60933,56089,56624,2226.87,4352,3592,1498,6599,54713,16690,13238
2018,6,26,44097,12747,58942,54539,81208,2226.87,1616,2680,1608,6843,12022,18152,47905
2018,6,27,45424,74220,88,34955,67464,2226.87,1906,3481,1918,8392,30921,17096,4858
2018,6,28,67429,86626,35689,72796,63226,2226.87,3312,3673,4500,9042,94563,17059,6754
2018,6,29,16510,46180,29740,23661,63023,2226.87,1812,3445,1052,8251,43399,38516,30482
2018,6,30,13110,86659,63350,89934,90850,2226.87,3381,3277,1800,5421,31072,10472,44271
2018,7,1,90737,84146,1676,9343,78709,2650.81,851,4887,3473,5864,17074,45306,18735
2018,7,2,7677,29059,16360,65929,88811,2650.81,788,1902,4576,5322,66317,45198,4876
2018,7,3,25057,24595,76094,478,72019,2650.81,2652,2754,2063,5502,72096,32124,2919
2018,7,4,19414,14301,73364,84239,80165,2650.81,4545,4192,1683,5904,86472,45493,27626
2018,7,5,17132,81862,87314,1708,83537,2650.81,1905,3592,3224,9350,18148,16594,3631
2018,7,6,42269,8075,29350,95685,8754,2650.81,2808,3167,3449,9438,12405,44965,17798
2018,7,7,95149,8303,49159,18185,4207,2650.81,614,2689,3844,7343,55748,17380,35631
2018,7,8,70974,69006,25973,65551,74709,2650.81,2144,1976,4467,7845,29012,34573,1394
2018,7,9,11996,73173,29093,60445,74345,2650.81,830,1698,1152,7430,16142,36710,41498
2018,7,10,6551,34059,24401,40395,51402,2650.81,4126,3726,1022,6450,17134,40214,46501
2018,7,11,67845,52774,73543,43664,30619,2650.81,4588,3965,2079,7370,19410,16423,2556
2018,7,12,31531,41173,68621,97683,12093,2650.81,4392,4994,3058,5144,91741,24459,22649
2018,7,13,21646,65868,29539,3504,98671,2650.81,622,2866,2939,7232,26529,33558,33815
2018,7,14,52519,87471,92524,44599,61151,2650.81,2373,2680,1628,5993,90362,47901,28286
2018,7,15,84995,91108,32897,8053,32604,2650.81,3864,4248,1856,8402,74103,11062,24638
2018,7,16,78569,34173,88393,81509,84137,2650.81,1418,1654,3744,9686,97604,46246,31275
2018,7,17,68580,41331,88928,70741,37324,2650.81,3642,3669,1748,7890,46722,19352,45642
2018,7,18,58880,61939,89953,65736,6693,2650.81,2614,1070,4580,9462,83120,48716,30409
2018,7,19,39985,14539,51724,75081,54833,2650.81,1327,4763,2009,8438,10503,10685,15680
2018,7,20,55896,95498,99355,58997,13388,2650.81,4700,2266,4366,8102,54354,31058,12429
2018,7,21,81413,58321,32672,12346,50679,2650.81,2413,2015,1350,9136,82095,12182,15792
2018,7,22,44817,53423,41278,68178,30029,2650.81,3862,2276,3630,8217,61272,43369,18133
2018,7,23,6998,72325,65637,31365,73329,2650.81,3774,1093,4662,5810,83438,11692,36343
2018,7,24,27238,10852,68708,73920,6341,2650.81,876,1156,1164,6134,35685,16958,17156
2018,7,25,1195,64549,69235,81177,9118,2650.81,4546,1114,4182,6534,63830,17734,46859
2018,7,26,92877,58958,79956,3891,70403,2650.81,1934,3991,1204,5206,87910,46937,29746
2018,7,27,34150,63344,64446,54727,12758,2650.81,3036,3952,1030,7270,11480,40147,1118
2018,7,28,70481,86027,22615,6015,42561,2650.81,4877,1788,1753,9542,72030,32156,36445
2018,7,29,90931,53966,46148,97880,20960,2650.81,4816,1878,1830,5613,19678,42863,1674
2018,7,30,92096,64224,73168,73127,71494,2650.81,4625,1974,1358,8986,47988,29586,34648
2018,7,31,5037,79218,97728,66790,90403,2650.81,604,2684,1334,5810,95563,11033,19758
2018,8,1,6732,16142,58313,98697,42329,1820.13,791,1551,1398,7844,94396,25342,17528
2018,8,2,43544,52723,62369,45783,712,1820.13,2170,1280,2385,7930,12166,17000,8307
2018,8,3,49258,719,48570,27055,12634,1820.13,532,1442,2096,9926,34412,34424,9604
2018,8,4,47454,25205,7328,54501,89122,1820.13,4842,4016,4446,8562,94799,21509,1725
2018,8,5,16869,78322,67791,55607,12282,1820.13,4101,2891,2895,9022,21297,16880,20825
2018,8,6,38626,92912,52598,97075,22838,1820.13,2850,1642,3565,5178,41142,17687,37010
2018,8,7,23255,87337,66704,77701,95899,1820.13,562,4119,1176,9704,84725,34809,27855
2018,8,8,36881,65179,79053,24776,94201,1820.13,3008,4178,3261,9830,46252,32450,1434
2018,8,9,13967,44103,19093,42533,65633,1820.13,1571,3886,3923,6558,82939,26174,26588
2018,8,10,37482,48502,21646,10010,98206,1820.13,4818,1510,2900,7752,76213,48452,22723
2018,8,11,74222,34222,47631,83835,61179,1820.13,1284,1222,4337,6942,34028,36321,10235
2018,8,12,28316,10600,25209,8592,70227,1820.13,4765,4059,3000,6410,34068,21205,8148
2018,8,13,29133,45239,22643,33385,35462,1820.13,1836,1034,4428,9467,19746,10606,48856
2018,8,14,89702,26153,2104,60391,77882,1820.13,1712,2548,3083,7710,31139,49661,2484
2018,8,15,46420,15905,73721,19420,38667,1820.13,1976,4150,4378,9618,17534,19390,24141
2018,8,16,44827,49372,30875,94255,45191,1820.13,1213,1243,3247,6642,11634,27480,7096
2018,8,17,75800,24699,30,55235,62971,1820.13,4895,4389,3425,9944,45160,16798,31169
2018,8,18,35460,52137,86243,4839,98107,1820.13,1030,2932,4499,6522,37187,31041,20129
2018,8,19,30352,58401,82286,13600,98069,1820.13,2431,3867,3617,7460,45454,47939,43920
2018,8,20,54982,66702,7329,18407,78022,1820.13,1849,3480,1962,9443,18318,19082,18841
2018,8,21,59573,60701,62016,45424,33958,1820.13,1465,4308,3954,5102,94259,38374,15555
2018,8,22,69022,1692,62242,3991,25504,1820.13,1929,1966,1508,5609,15242,18770,24048
2018,8,23,94450,52093,82251,31778,7888,1820.13,2211,3811,2621,5578,29235,27930,16922
2018,8,24,61133,22053,92240,51439,97155,1820.13,4812,2527,4541,8406,11506,46397,2851
2018,8,25,42454,21151,26882,49555,46760,1820.13,3324,2560,1920,6927,89337,34807,8477
2018,8,26,50201,72901,18620,27822,18480,1820.13,2104,4611,2610,8696,47402,49764,14207
2018,8,27,67194,87215,98644,88088,5621,1820.13,4484,4426,4014,7717,13980,35773,1513
2018,8,28,36194,48658,59686,79466,81937,1820.13,625,2136,3274,9244,76309,13516,15375
2018,8,29,29803,48414,52718,32413,12757,1820.13,3528,1302,2333,7171,12006,18622,1030
2018,8,30,65036,35226,90085,4050,29295,1820.13,1174,1840,4073,5859,61305,16294,4065
2018,8,31,47586,91931,83146,85860,57527,1820.13,3965,3680,4220,6758,36092,13346,9456
2018,9,1,973,49632,15487,48144,66725,1574.47,4530,3301,1228,7168,47595,13230,41145
2018,9,2,56106,45788,37071,38317,7094,1574.47,901,1530,2577,7074,89254,13384,38081
2018,9,3,30727,92935,87606,58761,45380,1574.47,561,1351,1917,9626,10847,23641,40935
2018,9,4,43545,40378,91943,91125,90310,1574.47,4121,1414,1330,6192,17478,17550,39538
2018,9,5,84273,86985,40498,88202,75098,1574.47,1586,2175,4038,9191,80935,34417,29752
2018,9,6,96478,67849,47121,3395,86601,1574.47,2035,1222,3345,8977,37620,38654,7968
2018,9,7,24867,96743,51421,26544,92935,1574.47,1665,3558,1690,8682,81759,30937,2504
2018,9,8,38267,49698,69466,93657,88889,1574.47,3073,1717,4601,5194,10232,21201,1634
2018,9,9,83162,98499,67698,97859,83828,1574.47,2864,3694,3411,5166,51589,27697,5318
2018,9,10,39493,3256,21256,95333,11771,1574.47,1270,1462,4064,8378,43693,24305,19368
2018,9,11,62488,38119,76023,97089,79665,1574.47,4641,4178,1978,9382,77036,29812,47487
2018,9,12,24009,96254,4859,58772,66891,1574.47,1469,1382,4702,8162,18067,37824,6448
2018,9,13,59796,60690,37862,45213,72777,1574.47,4517,1082,2376,7594,48704,32041,47907
2018,9,14,25730,99698,11220,21715,18389,1574.47,2878,2396,2212,9088,17519,14838,4608
2018,9,15,95536,3989,6838,71591,44418,1574.47,4414,4212,1945,7264,65776,24721,41257
2018,9,16,11534,85294,26337,63911,13538,1574.47,2303,4266,1090,9874,77332,18966,25041
2018,9,17,44482,11563,68227,78047,50651,1574.47,3500,1186,1086,6786,34128,16406,35746
2018,9,18,42946,9895,71068,44891,23523,1574.47,963,1407,3489,9230,31669,18378,36845
2018,9,19,53693,43973,7646,44783,83847,1574.47,4260,4680,2892,9974,22726,13542,1330
2018,9,20,8233,17579,26081,30671,19269,1574.47,2525,3565,1455,8592,23456,26329,26561
2018,9,21,21789,75772,77737,76631,38072,1574.47,566,1764,4730,9005,36546,14338,9407
2018,9,22,70336,7160,14610,99580,29646,1574.47,4473,4229,1265,7654,84899,40533,37336
2018,9,23,98467,98777,69100,1274,83722,1574.47,2602,1028,4678,6794,98491,39102,8908
2018,9,24,31098,59853,30867,17180,28858,1574.47,756,1098,1856,5365,31475,36921,33765
2018,9,25,39053,10950,7503,10319,32856,1574.47,2203,2673,2530,5318,48947,41251,8755
2018,9,26,11562,92902,13114,12593,14593,1574.47,1694,2041,1456,8912,79221,16666,11605
2018,9,27,82677,66330,32211,89953,51696,1574.47,1873,2099,1984,5886,17417,40194,30039
2018,9,28,59482,50974,87868,67013,53628,1574.47,4615,1582,1068,7728,94133,27012,3167
2018,9,29,99334,62180,39055,87142,77444,1574.47,3807,1022,4604,9510,66423,10634,18276
2018,9,30,32409,9649,59752,39748,60377,1574.47,4941,4857,4493,8330,12914,48121,43521
2018,10,1,77838,79663,99748,65566,90148,2408.52,1250,3678,2165,8392,46121,16792,26760
2018,10,2,88552,22593,67750,57274,89017,2408.52,4681,3664,2855,9428,59040,12762,36753
2018,10,3,25722,95251,67222,9883,98472,2408.52,3561,1308,2708,9660,58226,34207,31695
2018,10,4,72772,55829,52886,4938,24221,2408.52,3081,4124,2951,5830,86397,26967,49007
2018,10,5,92584,76080,41984,21791,21860,2408.52,3166,3933,2626,6990,73815,11097,1025
2018,10,6,9787,53729,3759,87496,33389,2408.52,1702,2511,4164,7590,43800,16780,28337
2018,10,7,39947,31883,3862,77898,4065,2408.52,1216,2999,2689,6410,34790,20901,40259
2018,10,8,80577,79309,84835,93203,7401,2408.52,4299,2187,1446,8828,18758,44821,25002
2018,10,9,2746,92737,17333,36911,33677,2408.52,1647,4975,4367,5508,84224,13431,11134
2018,10,10,22119,5442,42784,21161,84994,2408.52,2061,1148,3233,6504,58771,30634,27574
2018,10,11,18249,79423,97822,63330,20185,2408.52,4502,2929,1591,7366,76191,11620,18856
2018,10,12,69320,4191,67948,78687,36051,2408.52,3470,3169,3964,5042,79329,17924,2172
2018,10,13,45179,37743,40879,18412,80990,2408.52,4045,1188,1776,6446,95270,31960,16002
2018,10,14,32074,69773,71242,60018,77959,2408.52,2989,2278,2975,5936,25964,16134,13786
2018,10,15,74460,34435,78548,48425,2040,2408.52,3733,2217,1970,9234,81981,18632,24229
2018,10,16,96966,97379,41253,8742,10598,2408.52,2053,4022,2646,8295,35391,19638,36523
2018,10,17,8433,73381,47883,76408,95669,2408.52,1785,1094,1980,5332,34904,43025,40200
2018,10,18,49561,58638,6595,77883,39602,2408.52,3545,1567,1918,9604,61660,46551,38576
2018,10,19,97672,18715,71926,20318,47010,2408.52,2274,1793,2049,5156,48200,42718,7318
2018,10,20,75356,44987,79199,32694,36671,2408.52,718,1231,4091,9278,80465,28693,14103
2018,10,21,70889,84012,81613,73195,45161,2408.52,4745,2832,1986,8022,79501,25347,43273
2018,10,22,65340,16776,97141,78742,18285,2408.52,2811,3639,1679,7009,42684,43349,11694
2018,10,23,97464,18403,45933,86555,17068,2408.52,1599,2955,1761,9563,77501,21921,42751
2018,10,24,89189,47247,31106,51175,21621,2408.52,2874,1960,2382,6366,65701,45666,10608
2018,10,25,68060,53513,55659,91091,36874,2408.52,792,1386,3097,6162,37242,11126,14695
2018,10,26,55827,85195,54472,98940,31110,2408.52,2213,1218,1150,8318,87824,17190,31973
2018,10,27,45278,80699,20503,89013,3417,2408.52,1030,1476,2419,6090,78918,25644,2556
2018,10,28,37736,29711,76333,70833,42788,2408.52,2348,4965,1038,8171,13905,12582,13576
2018,10,29,56496,1119,82881,52066,35789,2408.52,607,1066,2754,9878,70078,21170,20705
2018,10,30,25018,21109,42647,97438,44150,2408.52,3081,1884,2627,9414,69068,26766,37918
2018,10,31,29342,6417,41733,60815,30940,2408.52,3396,2434,3107,5266,55851,17800,21990
2018,11,1,41459,89962,61087,63921,76392,3111.07,590,2500,2607,9079,58001,45524,48610
2018,11,2,58513,39886,29505,74279,25306,3111.07,3619,3073,4354,6350,79012,10810,6271
2018,11,3,20535,66447,75803,43163,22298,3111.07,2847,1862,2363,9430,44028,33755,1051
2018,11,4,78895,49319,97608,2855,68398,3111.07,3378,1909,1845,7882,19158,37150,5609
2018,11,5,50506,21160,85224,81212,18298,3111.07,3907,1534,2033,6061,14697,35682,30588
2018,11,6,77112,67545,65790,84476,14183,3111.07,4582,3076,1978,8786,12282,10236,9818
2018,11,7,37798,60662,3499,65995,54896,3111.07,4496,1752,2197,9448,11886,26846,4687
2018,11,8,1659,3224,32030,48692,79285,3111.07,4373,1396,1256,5494,57223,44805,46728
2018,11,9,26333,41806,54235,18172,40347,3111.07,3408,4495,2177,7654,60489,48425,16517
2018,11,10,2945,79986,20178,61494,1057,3111.07,3340,2714,2716,6721,67757,22001,23142
2018,11,11,33449,18483,94750,80425,18645,3111.07,946,1328,1481,9463,79500,16827,18325
2018,11,12,62333,57909,61323,5862,56167,3111.07,4286,4110,4500,8938,20603,15334,38164
2018,11,13,63958,75296,70975,6675,62018,3111.07,582,1817,2213,9776,92241,42209,38732
2018,11,14,8101,17472,53539,34582,13287,3111.07,2760,1246,2298,9082,97832,13464,49391
2018,11,15,33598,2119,38927,68098,42935,3111.07,950,1892,1177,7902,29918,13194,25882
2018,11,16,46063,74946,25012,3276,14722,3111.07,1836,4173,2428,6934,90106,30714,33606
2018,11,17,31117,7867,72686,38415,3301,3111.07,3230,3249,3987,7026,21346,31922,20518
2018,11,18,49391,57704,38815,568,65035,3111.07,974,2448,1238,5934,47075,41102,18733
2018,11,19,5082,58912,30276,72510,40639,3111.07,4576,1754,4599,9074,26521,14251,36734
2018,11,20,29131,61104,17501,18118,34613,3111.07,774,4002,4253,5205,84569,10639,5199
2018,11,21,90290,14683,38088,50319,2511,3111.07,1420,2592,4073,8047,96453,34711,35163
2018,11,22,24781,66030,72819,85732,24643,3111.07,1334,3772,1798,7678,88242,11406,49340
2018,11,23,55385,54634,95409,84638,59840,3111.07,562,1480,1011,9715,16799,13522,46330
2018,11,24,34878,74572,37467,78952,62620,3111.07,758,3751,4949,9184,11680,40943,33920
2018,11,25,68524,72170,11069,45319,56005,3111.07,1724,2740,1210,8485,28730,30134,49311
2018,11,26,64815,24007,12968,75827,73723,3111.07,700,4951,1388,9518,15638,49660,29767
2018,11,27,9790,270,3413,9739,69454,3111.07,2034,4329,1416,8102,15999,15118,9248
2018,11,28,93765,89076,81514,64060,57561,3111.07,546,2375,1212,7036,14553,40675,26596
2018,11,29,69632,36606,81980,90321,96124,3111.07,4981,1834,2502,6796,32003,38308,35882
2018,11,30,18993,15390,42638,409,93492,3111.07,533,2255,4063,8398,67666,21624,24989
2018,12,1,78213,60352,61947,18078,74905,3064.29,2708,1509,1916,8029,23984,12774,18975
2018,12,2,84363,46249,5690,94108,94604,3064.29,3099,4992,4338,9859,13962,44326,10350
2018,12,3,16745,7091,24742,85143,74758,3064.29,1487,4321,3068,8434,87399,47972,12718
2018,12,4,77409,91460,25834,94714,85841,3064.29,2899,1686,2418,9940,64309,14052,16170
2018,12,5,30290,93761,17015,15980,39973,3064.29,620,1716,3940,5626,41859,35049,36850
2018,12,6,64117,38347,20723,87186,13133,3064.29,1509,1892,1876,7400,12910,18125,24474
2018,12,7,9865,99506,88329,38635,35798,3064.29,656,2439,4102,9022,98418,19074,18990
2018,12,8,15872,75077,92143,76164,76476,3064.29,2564,1943,3700,8287,44128,18184,34002
2018,12,9,89113,61991,25078,5046,5686,3064.29,4523,1108,3891,7851,54184,44689,43035
2018,12,10,13193,16193,77129,92295,95215,3064.29,2720,2437,3326,9863,14434,26153,41899
2018,12,11,70217,47518,33098,75269,95805,3064.29,4805,1269,4215,9774,22666,11252,27226
2018,12,12,77917,62190,93155,36809,6393,3064.29,2849,4585,4882,5346,28231,25096,47339
2018,12,13,33228,72305,18886,32907,92168,3064.29,4059,3735,1782,8654,70356,32160,22487
2018,12,14,35735,80162,99782,91302,15044,3064.29,2554,4311,4637,5708,62471,41030,22449
2018,12,15,9399,10321,26968,89281,51650,3064.29,4376,1229,2502,6532,34135,36021,5199
2018,12,16,22101,43195,31110,8457,1704,3064.29,1968,2437,1626,6750,28738,13021,1466
2018,12,17,29199,81293,38685,30188,43353,3064.29,1217,2750,2828,8184,42030,29478,1157
2018,12,18,19736,22759,97060,63590,22373,3064.29,963,1658,2092,7072,69280,17600,47547
2018,12,19,64890,92601,46233,46516,15703,3064.29,888,1252,3967,9154,91440,32320,41324
2018,12,20,32081,29010,85071,59910,93547,3064.29,739,3281,1211,5606,76870,38583,43454
2018,12,21,16697,92834,49408,23789,56258,3064.29,2584,1146,3992,5168,84013,19398,35040
2018,12,22,86492,76254,20948,91812,7179,3064.29,4131,4258,2748,9201,15519,17646,28740
2018,12,23,52655,71259,80928,35219,40409,3064.29,642,2104,3335,9561,80893,39593,24151
2018,12,24,40953,29830,77092,84945,41350,3064.29,991,4193,3710,8290,36004,27240,27458
2018,12,25,43382,60136,16500,17482,85689,3064.29,542,4695,4629,6055,89913,26389,48371
2018,12,26,56558,30067,49847,39894,35980,3064.29,838,3284,1920,9281,94580,18269,30740
2018,12,27,66739,55572,62463,36802,70214,3064.29,4041,3594,4953,6892,31076,10642,48467
2018,12,28,95264,16205,31690,31245,98612,3064.29,2633,1521,3020,7479,11414,20352,21603
2018,12,29,4571,23605,13637,97843,12886,3064.29,2464,4624,1190,9862,16425,16705,24569
2018,12,30,9746,46819,80301,84699,93712,3064.29,1692,3974,1166,6772,20218,25247,27729
2018,12,31,31336,44204,46769,99357,18036,3064.29,1060,3957,3138,6048,53152,11024,8183
2019,1,1,85617,7001,87109,96895,39778,2923.1,1639,1595,1894,7690,80306,28194,3815
2019,1,2,85735,85633,54831,79117,22203,2923.1,1803,2758,3198,5032,12838,17732,30078
2019,1,3,78572,56103,65872,44620,9255,2923.1,974,4870,3895,9406,91765,40024,26896
2019,1,4,92511,14757,26620,42977,38799,2923.1,2522,4533,3910,9438,20001,47465,23279
2019,1,5,38783,46805,30224,31981,89317,2923.1,4712,2887,3470,5583,28859,29077,47369
2019,1,6,58831,80448,40300,59078,19144,2923.1,4101,1654,3173,8322,70982,15838,32065
2019,1,7,81704,8506,26505,6966,17210,2923.1,4430,2343,4662,9316,17322,48978,12858
2019,1,8,48374,20389,83218,51845,2324,2923.1,2273,2506,3875,7572,36583,28019,28429
2019,1,9,85990,52038,56026,49163,10463,2923.1,2485,2165,1864,5622,99130,19074,27008
2019,1,10,73200,53562,41418,82862,54567,2923.1,3191,4292,3833,7761,87488,18646,12094
2019,1,11,26190,84762,78663,35066,22334,2923.1,4436,3322,4987,5461,73836,10449,31599
2019,1,12,78821,41323,2615,30686,51665,2923.1,1111,4863,3009,7528,24077,42576,18097
2019,1,13,35974,22269,61869,34807,20030,2923.1,2315,2571,1906,7329,13988,22802,49357
2019,1,14,95280,93425,97478,95267,45238,2923.1,715,1666,3987,9372,71094,30651,37666
2019,1,15,42779,87206,21868,47140,61087,2923.1,4715,3411,4564,7935,64570,18406,45945
2019,1,16,33644,16886,83518,465,80567,2923.1,4619,1702,2281,7096,71112,18870,47506
2019,1,17,74762,93181,9280,20102,34214,2923.1,2104,3343,1162,8971,40483,11369,46727
2019,1,18,84916,46551,91134,69481,30839,2923.1,862,1676,3940,7896,81298,19506,5704
2019,1,19,87801,70918,45353,11434,74366,2923.1,616,1942,2004,5934,85579,26562,32818
2019,1,20,2661,2685,69907,19297,58008,2923.1,665,2923,1939,8150,28755,37777,10390
2019,1,21,43854,35534,68612,32794,9477,2923.1,2300,3628,2178,8018,25061,27895,16262
2019,1,22,13174,21717,93374,55523,27651,2923.1,2085,1663,4341,7994,65959,22348,45306
2019,1,23,12381,62977,15272,85672,51128,2923.1,4801,1332,1832,8412,44126,21739,10379
2019,1,24,24674,62779,35368,78204,43135,2923.1,1098,1308,3496,9471,11830,42499,26781
2019,1,25,11129,43916,5515,25470,62259,2923.1,2818,1990,1612,9441,76662,18280,37826
2019,1,26,89821,66464,45966,85732,41228,2923.1,2471,2252,1156,9190,60455,28707,6444
2019,1,27,35972,82906,1368,50820,98729,2923.1,4670,4857,3465,6174,35326,16678,13199
2019,1,28,19362,49497,43067,86516,78939,2923.1,1147,3758,3895,7112,70841,10122,36081
2019,1,29,73556,94665,58727,59129,53856,2923.1,4188,1178,3438,5555,73349,17167,35534
2019,1,30,35106,99373,43377,24924,30909,2923.1,1999,1110,4551,6417,53137,39841,45055
2019,1,31,72499,74285,24952,91394,57750,2923.1,2868,1304,1858,6594,13580,10664,45793
2019,2,1,10974,83195,96919,32881,56544,2218.86,2986,1840,3813,9261,12734,18868,30438
2019,2,2,86261,69799,29772,22678,22936,2218.86,1527,3571,1840,5852,71320,13424,19613
2019,2,3,87142,18978,13517,13736,25763,2218.86,2215,3087,3726,9134,85967,30270,40533
2019,2,4,35924,70306,2538,9738,95919,2218.86,4957,3530,1863,8710,37560,14798,5714
2019,2,5,27045,49088,44723,37960,68361,2218.86,1018,1012,1371,9080,69237,27133,16043
2019,2,6,65068,77805,46573,38795,83291,2218.86,842,4214,4197,8620,45303,15116,48893
2019,2,7,10020,40261,29999,18235,97693,2218.86,4385,4736,1646,8224,79047,35006,17559
2019,2,8,26502,40066,40509,77874,14601,2218.86,1358,1020,1042,7931,51166,14206,26098
2019,2,9,66824,36583,22759,2373,40888,2218.86,3840,2258,4673,7688,85493,38717,18062
2019,2,10,31398,34879,63454,64396,45338,2218.86,4402,1838,3917,6262,49711,29870,8853
2019,2,11,48712,37423,25891,68965,55354,2218.86,2508,3528,4990,6502,40900,20877,27057
2019,2,12,96032,74742,54489,37057,38581,2218.86,773,1329,1211,5578,50725,36548,39982
2019,2,13,14431,16480,24739,13349,22742,2218.86,3218,2804,3224,5460,56768,33577,24451
2019,2,14,62517,45630,22106,92507,73600,2218.86,4735,4631,4098,8456,13384,18070,29358
2019,2,15,90557,98814,95361,81768,54392,2218.86,4667,3822,2564,9406,98522,13326,46086
2019,2,16,50209,58093,89462,78433,43553,2218.86,3361,2420,4562,6818,31278,48162,12582
2019,2,17,96176,27366,84146,50275,61590,2218.86,656,3497,4645,8198,66617,10389,40833
2019,2,18,33454,1285,29212,12370,77043,2218.86,766,3602,3529,6191,22034,12081,44086
2019,2,19,15126,16748,854,39688,33566,2218.86,2849,4741,1706,8006,96367,15186,48484
2019,2,20,29180,88376,22288,35177,75745,2218.86,565,1108,1540,9094,37919,33583,38905
2019,2,21,85214,84650,27186,3743,20842,2218.86,2175,1942,3671,9380,92005,32237,15573
2019,2,22,47864,29856,78331,23713,68202,2218.86,2501,3732,1562,6140,48909,21520,41050
2019,2,23,5045,60827,97071,27938,1956,2218.86,1520,3520,1990,5057,23615,23183,1342
2019,2,24,36982,5791,25502,52006,5172,2218.86,4242,4386,3714,8924,18910,31915,17508
2019,2,25,86326,3305,62001,82102,19445,2218.86,3622,1692,3087,7044,68778,40042,27262
2019,2,26,18386,96651,9916,54376,51708,2218.86,3911,1622,4320,9412,57046,10843,33531
2019,2,27,86920,57641,30231,50634,52917,2218.86,3901,1196,4336,7253,54046,28781,6033
2019,2,28,4515,24021,19623,92602,91065,2218.86,3996,4449,1910,8911,80177,12466,38401
2019,3,1,24089,74503,98114,9853,47901,1896.55,1772,1090,1891,7524,74808,27923,25310
2019,3,2,79011,46754,37261,56264,801,1896.55,777,4820,2015,9731,15885,13544,32394
2019,3,3,85080,41687,41818,10343,21864,1896.55,4135,2303,1572,7210,72156,10998,11279
2019,3,4,58910,85281,71927,97153,65390,1896.55,678,4400,3488,8688,10758,44288,46735
2019,3,5,61082,77794,35461,13097,47525,1896.55,1215,2603,3032,8032,42945,31247,1346
2019,3,6,55663,28433,9904,57796,12033,1896.55,2829,2294,1686,9755,84446,15432,48412
2019,3,7,42842,75875,9833,36330,4563,1896.55,1969,1995,4641,9750,11443,18517,26849
2019,3,8,50128,97659,1121,43160,42043,1896.55,759,2705,1678,5366,55500,17233,10418
2019,3,9,15426,79682,4528,15469,59437,1896.55,900,2278,4848,7085,54959,35763,38975
2019,3,10,33934,18282,67759,38575,712,1896.55,2091,2190,3212,9136,26702,35255,45555
2019,3,11,1333,17462,49313,22886,34476,1896.55,502,4900,1702,9302,81720,26634,4813
2019,3,12,49973,62621,95265,31173,69706,1896.55,3287,3638,4857,8438,58564,35568,1870
2019,3,13,96601,82008,69111,6165,22923,1896.55,1419,1222,4625,5918,63491,14100,45813
2019,3,14,11897,19963,30353,29095,64609,1896.55,728,1874,1045,8014,78456,10750,12073
2019,3,15,51218,11745,80742,36075,12791,1896.55,2994,1494,4017,6922,31906,43291,5658
2019,3,16,19270,89679,33899,48895,96762,1896.55,4347,1206,3703,9699,54103,14663,13742
2019,3,17,88125,59833,45596,79170,60826,1896.55,1271,3394,1602,6738,80820,14938,24053
2019,3,18,9023,35167,7033,79392,58623,1896.55,2682,2891,1320,6580,43138,16174,5291
2019,3,19,36675,72486,83092,70378,32185,1896.55,1393,1262,3379,6690,15829,24204,37196
2019,3,20,87393,72102,18951,39541,25466,1896.55,830,1688,1288,8438,30230,19830,49771
2019,3,21,99506,2914,4155,77178,25846,1896.55,528,3871,4777,9416,49249,15758,47293
2019,3,22,88251,66995,88623,1630,30335,1896.55,2185,4079,2904,7487,89971,34722,20804
2019,3,23,27258,10803,85562,78546,71369,1896.55,4807,2225,1409,8961,64403,43606,32145
2019,3,24,56254,99663,72479,76031,34366,1896.55,4344,3967,1318,9318,56948,35407,38080
2019,3,25,70122,49134,69487,79379,76621,1896.55,4100,1902,1612,6013,15126,15970,9459
2019,3,26,48158,19935,45207,99567,45248,1896.55,4525,1501,4271,8042,93883,19988,9610
2019,3,27,20083,38228,15309,25156,3898,1896.55,562,4019,1390,6401,69749,14363,22258
2019,3,28,5860,83850,50945,92472,99863,1896.55,912,4372,2357,5657,80290,47604,16072
2019,3,29,21619,89816,49106,30891,71819,1896.55,2231,3252,2568,5088,33407,17818,42990
2019,3,30,11149,10323,8190,48892,56724,1896.55,3254,2582,3139,8406,71405,44353,27939
2019,3,31,96622,21857,58726,98979,33867,1896.55,1583,1966,1535,8190,10934,33354,5369
2019,4,1,26310,57959,85303,65202,7719,2379.37,1349,3040,2661,5240,91115,11208,3121
2019,4,2,4847,70050,83739,35398,41455,2379.37,2018,4662,4521,7349,13528,24889,44444
2019,4,3,93933,85366,86425,22325,88092,2379.37,3706,1516,4089,9008,95954,14526,36131
2019,4,4,98481,72304,36200,26142,13897,2379.37,3092,3742,2363,8182,54139,10348,27315
2019,4,5,42626,86159,34832,12147,33508,2379.37,3387,3791,1429,9812,66115,18110,14713
2019,4,6,92295,59822,1626,86384,55182,2379.37,4542,1462,1235,5998,96154,18038,47580
2019,4,7,84408,60599,18874,98123,8781,2379.37,3291,2758,1056,8960,96256,25382,23014
2019,4,8,69188,49645,85526,35617,89457,2379.37,1488,3102,2814,8114,84486,49347,1641
2019,4,9,22046,5381,69362,8281,46123,2379.37,3411,1881,2466,7285,45004,17598,31868
2019,4,10,16651,14648,35357,8526,19123,2379.37,3907,4661,1257,5784,56629,37065,31614
2019,4,11,87425,79471,85168,31591,87585,2379.37,938,1972,1386,6651,34262,15470,36006
2019,4,12,98519,59026,17094,57337,2663,2379.37,1287,4312,1745,6643,44189,12219,12098
2019,4,13,24609,94449,16882,22218,30233,2379.37,634,4009,4332,7154,65599,23268,39863
2019,4,14,13160,12890,99251,20898,29541,2379.37,1109,4411,3889,8203,14046,11552,49865
2019,4,15,86653,43035,47217,79750,36031,2379.37,1969,1990,2206,5202,99208,32439,41407
2019,4,16,15065,41195,66449,750,68349,2379.37,4017,2860,1289,6544,35109,40829,48400
2019,4,17,23132,26220,51593,48374,50775,2379.37,4925,2426,2726,6996,33528,15108,19693
2019,4,18,31252,25498,58452,33459,67052,2379.37,897,3467,1710,8697,99216,49906,24012
2019,4,19,97097,73235,97767,58386,62854,2379.37,567,2337,1798,7159,50710,42572,49228
2019,4,20,86852,26988,96352,15931,50481,2379.37,2390,1732,1728,5841,15190,10272,46232
2019,4,21,29853,97440,53599,45059,46137,2379.37,4964,3232,3753,9082,17970,21606,19168
2019,4,22,8310,83538,23944,16461,697,2379.37,778,3900,2992,6970,19830,34825,41006
2019,4,23,17967,17221,66558,6047,73063,2379.37,2529,4266,1890,7480,64324,16062,48100
2019,4,24,16648,25641,17611,75401,1075,2379.37,3358,4384,1906,7318,42196,10102,35581
2019,4,25,44660,17581,56419,79005,5669,2379.37,3829,4986,4820,6738,62385,49234,26249
2019,4,26,61190,39915,18502,73080,3747,2379.37,2457,1602,4818,5706,12145,25892,49178
2019,4,27,33353,41857,51629,68822,95511,2379.37,1339,1521,2757,7757,51877,33425,10177
2019,4,28,70358,32059,73412,96531,78797,2379.37,2116,1337,2063,5006,45768,45809,35797
2019,4,29,46148,9578,32556,87318,90998,2379.37,4561,4349,2908,7542,19054,14770,11053
2019,4,30,7719,47215,87645,35476,41324,2379.37,3900,3033,1580,8664,24563,16728,39522
2019,5,1,36680,23067,2876,83650,85187,1396.06,4796,4764,1240,6940,85761,17298,48686
2019,5,2,63027,26463,11554,60569,52337,1396.06,3287,4550,1306,7926,40874,36193,42676
2019,5,3,5368,68908,57774,64032,93471,1396.06,4843,1501,3919,7719,46502,49106,24502
2019,5,4,92757,92651,60223,40349,26116,1396.06,3992,2006,3797,6897,66062,14980,12336
2019,5,5,19574,50702,57037,66245,70817,1396.06,2437,1183,3169,6562,56566,26639,47911
2019,5,6,67417,31410,39493,31336,25481,1396.06,1793,4588,4997,7015,74936,37465,2348
2019,5,7,19351,23930,42960,24500,827,1396.06,1985,1751,1075,9021,19348,13243,9022
2019,5,8,53284,88138,55779,36453,14701,1396.06,4443,2116,1830,5287,29803,35586,12345
2019,5,9,87635,42950,36527,82633,99965,1396.06,846,1344,1598,9408,60166,10310,11464
2019,5,10,88430,58504,5675,80857,13877,1396.06,4099,2159,4511,9877,19963,10563,41375
2019,5,11,28574,65759,59032,88680,51047,1396.06,617,3680,3136,7143,37664,14452,5188
2019,5,12,38607,74114,120,90351,53522,1396.06,4273,3303,1198,5226,39159,15370,26639
2019,5,13,22674,99612,48882,68537,99489,1396.06,4100,3062,4603,8976,33093,16078,18846
2019,5,14,9671,23711,40683,57807,67206,1396.06,3611,1634,3812,8730,12514,22333,44699
2019,5,15,15369,71788,80637,66863,69439,1396.06,3584,2111,1528,7465,77000,12862,36149
2019,5,16,82663,6101,96014,17267,26936,1396.06,619,1606,4168,6301,10764,36374,29107
2019,5,17,87353,49376,58539,56165,4459,1396.06,4849,1178,4192,7382,19392,28630,21053
2019,5,18,27987,67977,37095,80098,65443,1396.06,1696,3104,1546,8134,81722,29833,14095
2019,5,19,73169,17343,16440,58690,9996,1396.06,574,2347,4283,9953,69863,30093,43557
2019,5,20,57358,64714,66273,32902,56552,1396.06,2884,1788,4993,9966,80986,35435,35665
2019,5,21,45425,12683,99892,98323,73097,1396.06,3155,1265,1660,7646,21306,16024,47967
2019,5,22,70856,32722,71708,96491,2675,1396.06,1584,1383,2635,9208,18580,29186,41571
2019,5,23,11225,87170,80076,81218,18500,1396.06,3004,3923,1686,9248,78597,13192,11062
2019,5,24,47215,56753,25810,95227,67700,1396.06,3233,3554,1188,5198,51397,15214,13468
2019,5,25,82864,77982,91599,21851,87190,1396.06,1037,4765,4404,7464,95983,22903,1778
2019,5,26,74879,28988,3179,81327,78236,1396.06,870,1801,3527,6074,53379,22579,31776
2019,5,27,66500,22966,77486,79041,64258,1396.06,4254,3472,1863,5852,85323,10404,28883
2019,5,28,3088,2713,25171,7492,177,1396.06,1746,1406,2844,9924,72732,27432,37506
2019,5,29,48052,33604,19234,86580,36636,1396.06,510,4486,1930,6000,98526,26187,38966
2019,5,30,31879,92782,39661,55094,94986,1396.06,1850,4425,4047,6754,38268,10575,41336
2019,5,31,77230,85016,51983,60074,51292,1396.06,2505,4343,4669,6192,18262,27656,24715
2019,6,1,27785,47144,73987,47132,45670,2068.53,732,4802,2537,7430,49788,13872,16526
2019,6,2,48658,80566,24272,88382,18834,2068.53,610,1670,1829,5683,71492,27895,34848
2019,6,3,79542,70836,52566,52633,89462,2068.53,4688,2245,3716,5026,64376,39386,46574
2019,6,4,71552,59739,60541,94090,26546,2068.53,4313,1554,2245,8585,79935,42431,26681
2019,6,5,83433,61898,62632,36614,87581,2068.53,860,2121,2662,9777,36105,27123,1934
2019,6,6,96352,67146,44369,40068,72172,2068.53,805,1350,1187,6346,70516,27732,25098
2019,6,7,49379,44830,35639,56625,59767,2068.53,4055,4550,3822,8038,96163,31402,31926
2019,6,8,28515,43377,64877,66177,43154,2068.53,3300,4504,4479,8050,95924,13310,1974
2019,6,9,95470,41730,33078,96657,64428,2068.53,740,1334,4775,6378,86782,40893,3594
2019,6,10,8304,2190,445,2126,96580,2068.53,4880,1638,1335,8934,15254,15841,12960
2019,6,11,98442,17275,55346,82921,87647,2068.53,923,3116,4351,9000,79772,40130,1270
2019,6,12,8947,20514,20289,90074,96892,2068.53,966,1547,1963,7762,23672,38543,23423
2019,6,13,77075,39905,79989,33410,21013,2068.53,4250,1622,2588,7654,18726,25235,3963
2019,6,14,88570,74650,8352,14273,80003,2068.53,755,3948,4988,7395,79021,38232,38124
2019,6,15,80819,26340,59780,39134,74103,2068.53,4028,2528,4708,6054,15142,27072,49804
2019,6,16,94332,66541,12879,31921,3841,2068.53,3507,3761,3958,7462,23034,18960,47958
2019,6,17,86334,43790,7909,11323,1185,2068.53,906,3354,4621,5685,53840,20075,3282
2019,6,18,41841,47869,3956,97901,38238,2068.53,4973,3921,2784,8416,97193,15962,4893
2019,6,19,68513,70701,16739,7472,68911,2068.53,1431,1002,4913,8690,82917,17449,39773
2019,6,20,53974,65176,15805,99947,90861,2068.53,1373,4053,3864,5398,46953,38454,35997
2019,6,21,61574,38279,53728,49358,42483,2068.53,3686,2346,2972,6934,34817,23234,17273
2019,6,22,46549,61250,94830,46462,11942,2068.53,3910,1838,4274,6066,82213,16487,44100
2019,6,23,82063,18587,15541,32280,58916,2068.53,2085,1982,1554,6566,86197,19222,12494
2019,6,24,58085,76236,86953,12409,66660,2068.53,642,3207,4371,7686,76020,11312,21771
2019,6,25,24571,39932,93579,83846,52350,2068.53,1684,1538,1470,8926,83043,35997,25792
2019,6,26,44718,20129,22838,61842,27293,2068.53,1447,1534,1622,9514,14136,18281,25387
2019,6,27,46523,49779,97842,62246,96602,2068.53,4909,2524,1222,6984,37721,32494,23862
2019,6,28,75632,4406,33259,2714,86630,2068.53,3710,2698,2781,6218,25892,30073,32654
2019,6,29,36934,47340,81802,38556,88444,2068.53,3189,4965,3419,8310,13562,25020,12290
2019,6,30,11244,3472,12545,41389,86960,2068.53,966,3942,1022,6994,81655,24003,16618
2019,7,1,70366,38055,75279,98265,63947,1588.06,818,2637,4856,7350,16081,32145,21704
2019,7,2,13295,67399,60565,50677,80962,1588.06,1919,4432,1676,6624,87743,47450,1937
2019,7,3,59894,83038,34826,33386,64693,1588.06,882,1409,3234,7512,49673,43532,8829
2019,7,4,19216,1224,71171,89072,91329,1588.06,2568,4622,1001,8132,55298,18314,3604
2019,7,5,70,33570,52748,80903,36878,1588.06,4704,3122,4880,9529,46508,20924,6843
2019,7,6,4711,18743,88687,67945,66256,1588.06,1477,1910,1878,8999,90894,47262,38360
2019,7,7,2603,78463,68237,89956,42948,1588.06,3270,4368,3456,7369,40270,26685,39887
2019,7,8,84212,1327,39808,40444,80857,1588.06,1368,1142,1410,8182,69862,37665,36316
2019,7,9,4766,81340,89488,77053,96691,1588.06,4314,4292,1638,5112,89248,34495,30382
2019,7,10,32438,63871,93864,22246,91240,1588.06,3930,1830,1811,8738,32246,32667,1974
2019,7,11,91406,93615,34586,12816,60021,1588.06,970,1137,2139,9968,58189,48830,4449
2019,7,12,86702,98857,14475,78250,7760,1588.06,2744,1548,3944,6607,78794,25183,20075
2019,7,13,57093,27725,66987,8905,16463,1588.06,2923,4220,2846,5028,37035,19218,49233
2019,7,14,13310,53869,66708,15449,43837,1588.06,630,1889,3753,5105,25139,47864,24898
2019,7,15,65180,54236,4413,49125,77196,1588.06,659,4287,2283,7645,59543,10097,33207
2019,7,16,6878,33820,84318,16076,42681,1588.06,596,1988,1838,8034,71437,35409,21354
2019,7,17,93251,18421,98651,33356,63526,1588.06,1219,1046,4377,7962,10532,21572,40142
2019,7,18,85191,51193,22212,28826,58838,1588.06,3922,1440,1926,6490,81790,24606,48108
2019,7,19,94594,83437,46948,86167,51790,1588.06,1575,1391,3156,6577,94746,16681,34737
2019,7,20,76720,92318,61739,71097,10653,1588.06,4020,1694,4814,9918,41019,48652,38623
2019,7,21,95691,29943,80720,43969,3183,1588.06,4926,4127,2297,7522,16645,30438,12510
2019,7,22,16611,54573,91830,69767,91150,1588.06,1448,2868,1596,9086,55316,22249,2928
2019,7,23,53161,14337,34444,9328,11921,1588.06,2979,2610,1650,8698,51579,24939,25464
2019,7,24,67560,86506,55419,46210,68380,1588.06,1647,1341,1635,9668,71107,17784,22064
2019,7,25,4109,73908,2006,15706,54798,1588.06,4306,4310,1658,8749,33637,33578,7322
2019,7,26,80565,41617,91189,2322,46667,1588.06,3612,1164,1260,9030,76786,30356,9120
2019,7,27,71094,69787,31698,14081,70968,1588.06,3217,1350,3064,7414,14274,14213,19157
2019,7,28,7544,61439,88524,79202,66541,1588.06,4131,3456,1094,5270,65778,43146,22161
2019,7,29,29440,9391,73725,91417,24774,1588.06,3124,2218,3000,9821,26299,23967,16863
2019,7,30,5331,74517,15396,98395,24739,1588.06,3959,3633,1302,7483,27835,33210,38880
2019,7,31,5996,6967,46667,86125,93639,1588.06,622,4430,4539,5698,47198,29312,28797
2019,8,1,85324,91531,71914,71497,34182,2441.35,1826,3697,3980,6318,49787,32859,12234
2019,8,2,70533,98422,99530,38016,42609,2441.35,4010,1862,1526,6486,59565,40906,49092
2019,8,3,8462,15348,45446,44160,62546,2441.35,3072,2868,3992,5382,19365,33173,41110
2019,8,4,79924,12544,8224,23904,4117,2441.35,1762,4648,4135,6292,29015,31743,24363
2019,8,5,5384,89378,14023,67494,35865,2441.35,4752,1364,1174,6549,19374,17831,23588
2019,8,6,77660,84262,32053,43004,35600,2441.35,1176,1054,1278,8808,55777,34428,17770
2019,8,7,8763,62540,75429,97898,85184,2441.35,993,1919,3821,6390,90764,46037,4444
2019,8,8,49955,65517,6715,55241,18419,2441.35,4423,1077,2163,5930,55432,14114,11551
2019,8,9,39245,81609,95989,19558,32361,2441.35,684,2474,1324,5766,71723,15840,1766
2019,8,10,210,17717,39112,94031,94084,2441.35,1419,1586,1744,6276,31981,30162,29877
2019,8,11,91037,71406,42592,3200,59233,2441.35,3666,3477,4632,9654,34386,11992,48024
2019,8,12,47773,54724,85819,78430,50490,2441.35,621,2051,1610,9733,77433,35693,7542
2019,8,13,95962,33854,46084,7706,13339,2441.35,2868,4374,1652,7494,23926,25054,28065
2019,8,14,78484,7593,39884,74468,3599,2441.35,2811,1370,1406,8629,29799,12186,24270
2019,8,15,46171,40422,79238,37781,6507,2441.35,4826,2467,3227,9074,10172,36566,23023
2019,8,16,96678,64393,57293,62500,61205,2441.35,3905,4687,1366,7586,30506,17532,31219
2019,8,17,18058,33318,76484,63402,38299,2441.35,587,1650,3056,9478,38601,35914,6284
2019,8,18,44200,94780,4734,67427,97041,2441.35,698,1254,1310,7637,88920,13718,31258
2019,8,19,58856,92826,12894,80371,36614,2441.35,976,1022,3068,7894,50776,31366,43400
2019,8,20,88250,26364,32187,67658,13893,2441.35,4923,4443,1918,9322,41869,45310,37140
2019,8,21,5915,62215,21733,17917,56204,2441.35,4770,1078,3478,7663,95428,40091,10653
2019,8,22,47415,912,27467,40483,99231,2441.35,1848,3831,4605,6326,71489,34849,28243
2019,8,23,7527,57765,9293,5797,32422,2441.35,2459,4687,1080,9191,72603,18334,17515
2019,8,24,49844,47374,33694,69674,51389,2441.35,4765,3802,2737,7176,55636,11967,45475
2019,8,25,31826,43837,65800,52783,64223,2441.35,2632,3100,1404,6562,93897,43825,3641
2019,8,26,80791,11357,14865,26871,66900,2441.35,505,1742,4840,9199,86416,10350,37468
2019,8,27,24674,12534,17735,87411,66117,2441.35,4378,2941,3558,5177,67075,47781,23371
2019,8,28,85170,54708,85882,96574,67985,2441.35,1751,1078,3838,6490,16708,40737,46131
2019,8,29,59084,53855,23833,10276,33054,2441.35,2856,4078,4133,6942,61489,21601,10249
2019,8,30,36666,27220,35895,70224,58749,2441.35,3004,3917,2677,7926,40490,42013,2970
2019,8,31,82721,13594,7140,6560,85210,2441.35,2296,1298,1400,9094,70919,18748,15489
2019,9,1,128,92828,86862,47071,70669,1590.93,3735,4239,1426,5110,72987,13678,24815
2019,9,2,54668,16905,37708,24906,73747,1590.93,3977,2340,3211,8726,88901,35052,29721
2019,9,3,27834,49546,20748,65314,36817,1590.93,3042,3296,3674,6255,16718,35694,39496
2019,9,4,41071,454,49934,18131,70764,1590.93,1808,1750,1176,9515,66687,46275,22921
2019,9,5,15588,90666,33616,18800,37554,1590.93,3851,1574,4765,7670,47052,15876,38869
2019,9,6,46798,76447,11230,95473,92702,1590.93,2518,1054,4752,7618,68254,31868,27948
2019,9,7,53077,66415,73651,9254,85931,1590.93,528,2869,2355,5495,36668,34908,40339
2019,9,8,60716,6872,66648,65481,97822,1590.93,4765,4619,1230,8030,56443,49198,13700
2019,9,9,95295,20314,65675,56400,34118,1590.93,3267,2194,1398,7698,12799,10526,33929
2019,9,10,18608,84680,20495,82315,90175,1590.93,2223,2241,1738,7414,49073,44559,23515
2019,9,11,63922,88839,55531,70419,56186,1590.93,968,2832,3639,6598,24231,49108,28326
2019,9,12,1923,12499,2655,2266,90768,1590.93,1241,4375,1126,6970,91689,13326,15454
2019,9,13,31603,75265,73900,28341,25487,1590.93,2899,1528,3163,9574,92529,34348,22973
2019,9,14,39460,78499,52181,88099,46493,1590.93,3559,3415,1074,6213,67032,46029,26412
2019,9,15,21668,88274,21757,38152,46362,1590.93,4810,2963,1142,8709,12616,46900,29798
2019,9,16,58035,45555,69013,86198,56689,1590.93,545,1148,1391,9078,19446,19236,11542
2019,9,17,31842,4158,67652,37104,10372,1590.93,3132,3390,4308,9990,86541,16238,1036
2019,9,18,1038,31352,79985,22452,66414,1590.93,4352,4447,3194,8364,26996,19558,2640
2019,9,19,16258,13894,1031,89002,52972,1590.93,4589,4813,2138,8990,38268,32509,1630
2019,9,20,59628,87753,97252,98936,58993,1590.93,2309,1238,1496,7293,82481,47909,33794
2019,9,21,99934,68186,38709,64480,22902,1590.93,713,1030,4598,6744,60863,48921,15705
2019,9,22,4726,85453,33735,26864,77693,1590.93,725,3671,1106,5962,52607,35098,38355
2019,9,23,56770,86269,11481,88267,83562,1590.93,2527,4846,4850,9958,80677,17751,10314
2019,9,24,23293,66392,73262,2891,53136,1590.93,3164,4212,1868,7622,17350,29974,1942
2019,9,25,6606,76801,83646,82712,66130,1590.93,4162,2898,3872,8006,27516,22434,2605
2019,9,26,72308,46397,38633,83510,87633,1590.93,1260,2276,2053,7054,46519,10386,19311
2019,9,27,41351,14684,45753,77281,32934,1590.93,2254,4538,4980,7251,22250,12228,46828
2019,9,28,59857,72765,45360,98729,34759,1590.93,2514,3417,1258,6147,13862,39608,39229
2019,9,29,11810,24539,66885,13863,15412,1590.93,814,3114,3086,9302,66746,11020,13404
2019,9,30,94334,90353,16911,50666,97604,1590.93,3126,2459,3276,9686,56188,29386,39161
2019,10,1,93703,2804,76043,86202,26082,1552.97,3010,1971,3886,8224,98735,12290,15651
2019,10,2,29979,71850,56729,61133,38596,1552.97,1818,3947,1011,8835,26550,13056,34101
2019,10,3,28315,363,34801,63153,56551,1552.97,3570,1038,3342,9612,52806,25775,14187
2019,10,4,11615,67169,42748,10501,95394,1552.97,4142,1514,4683,8922,11454,34630,41483
2019,10,5,46324,91027,13578,97335,29862,1552.97,870,3175,1841,5010,37679,13391,6480
2019,10,6,85549,41250,79997,35243,37214,1552.97,1018,3827,1322,8118,75680,11715,49155
2019,10,7,27952,31175,53440,57635,43398,1552.97,2264,1073,3673,8802,19759,19782,22648
2019,10,8,45025,39970,84415,1867,94980,1552.97,1609,1880,3343,7957,32122,16908,22094
2019,10,9,77112,59493,65737,9787,45962,1552.97,1501,3912,1206,5198,47898,48692,7769
2019,10,10,63940,6515,71118,43965,95060,1552.97,3851,1494,1702,8265,58302,42177,40877
2019,10,11,60359,6264,39058,40054,34222,1552.97,1962,2684,2024,9050,37470,42986,37533
2019,10,12,13171,75325,83251,18465,82969,1552.97,3508,1908,4015,9260,14458,49075,47502
2019,10,13,61855,61076,5512,92701,15693,1552.97,1229,2403,1366,9494,48808,20649,13814
2019,10,14,94172,22123,48335,57548,61173,1552.97,1885,1398,3832,9334,18328,26801,2157
2019,10,15,97638,9020,40062,68005,63646,1552.97,2079,1008,4713,5190,34551,13524,47286
2019,10,16,2756,85781,49161,72833,92420,1552.97,3481,1590,1606,8167,60490,47616,47970
2019,10,17,60325,27376,4663,70509,77512,1552.97,2309,1500,4193,7370,59505,11382,13822
2019,10,18,51009,92937,44690,75722,31880,1552.97,2478,4634,1372,7991,23818,40144,45593
2019,10,19,12313,33653,76735,48756,91820,1552.97,2723,3495,1914,7386,55356,16936,37225
2019,10,20,81208,2666,66317,20401,6389,1552.97,4590,2396,1894,5118,49469,33340,42174
2019,10,21,96224,98300,34328,77597,96291,1552.97,4092,4954,3149,7178,73710,16321,24498
2019,10,22,30756,36434,1169,11708,3820,1552.97,1522,1379,4190,5686,38131,31930,6525
2019,10,23,95012,94075,39327,46474,94706,1552.97,1165,1868,3446,8022,84877,49737,38796
2019,10,24,54991,68970,24692,79492,46148,1552.97,2164,1902,1187,6676,19874,10022,14754
2019,10,25,86210,91485,72738,61752,44323,1552.97,3681,1382,4943,6024,17342,16000,10870
2019,10,26,88155,48325,6930,91602,45170,1552.97,2690,1511,3479,8733,96002,11968,8159
2019,10,27,63488,8168,49234,14675,37853,1552.97,1032,4061,1368,8770,85813,40001,4196
2019,10,28,85992,29495,45688,7287,28855,1552.97,3286,3360,2523,7222,41313,24044,14199
2019,10,29,54727,49004,90556,48207,97738,1552.97,4185,2576,1076,6846,92250,48928,36558
2019,10,30,23966,94635,72991,69645,69757,1552.97,4646,1504,1001,6770,63033,49855,25156
2019,10,31,85885,86321,83217,14760,32889,1552.97,650,2614,4885,5710,52172,15926,24530
2019,11,1,72710,81551,9697,42481,90153,3287.3,1445,4786,4318,6090,54543,39473,24977
2019,11,2,12089,26643,60476,33774,89677,3287.3,1009,2348,1250,7120,25236,17132,26683
2019,11,3,72276,29203,57018,84338,81376,3287.3,2957,1774,3893,5316,12916,15397,27344
2019,11,4,83982,95715,66536,48301,48157,3287.3,4125,1006,4073,9210,10369,15026,21079
2019,11,5,91284,62732,46098,33886,29852,3287.3,1017,3479,1887,8034,11294,14614,37686
2019,11,6,51730,85774,1404,10623,94779,3287.3,2371,3760,1385,8907,43412,24541,30672
2019,11,7,96338,47538,51138,60411,12139,3287.3,4159,4773,4238,6608,53658,20441,11508
2019,11,8,80646,71029,88921,13886,29063,3287.3,4851,1594,3862,6254,15542,20002,8090
2019,11,9,76927,16491,106,19664,75398,3287.3,4205,1734,1054,5342,32145,19544,43518
2019,11,10,23202,62657,55670,47440,55618,3287.3,4233,1262,1708,6316,50147,42122,25681
2019,11,11,47595,95000,39267,41458,41254,3287.3,2802,4531,4875,5824,54195,10554,13386
2019,11,12,22777,64753,43359,13831,10095,3287.3,4727,4648,4512,7022,97087,10129,25504
2019,11,13,47429,31321,46392,44137,70827,3287.3,2611,3420,2890,7538,76229,15495,12892
2019,11,14,5263,39032,16380,1490,18291,3287.3,1761,1066,1334,6472,71249,11772,20575
2019,11,15,8328,37329,11421,62840,59077,3287.3,4320,1505,2532,5712,66993,43358,24861
2019,11,16,64956,85957,78132,89198,27835,3287.3,4692,4448,4744,7423,50938,28034,4361
2019,11,17,57998,24052,85454,9676,40524,3287.3,2800,3851,1558,9220,28042,19458,23055
2019,11,18,40433,17364,92316,12966,69428,3287.3,1323,1478,1617,8918,39931,39451,25662
2019,11,19,5168,10976,55253,14912,98400,3287.3,4297,1396,1998,9510,82424,37117,6191
2019,11,20,17805,70225,52321,44539,85797,3287.3,3997,1229,4077,5338,39194,49856,46715
2019,11,21,98326,11870,50591,59944,62677,3287.3,746,2843,2849,8054,82754,16248,6874
2019,11,22,43541,58404,88997,90135,3155,3287.3,2251,2310,1644,5923,81849,43793,21421
2019,11,23,42638,12199,70023,73068,34863,3287.3,4275,4540,2437,9866,25835,15734,9217
2019,11,24,46740,91582,67957,80941,28933,3287.3,2188,2472,1894,5084,62606,44972,17063
2019,11,25,73958,56210,82283,31955,2133,3287.3,747,1122,4033,8514,34189,43896,30484
2019,11,26,71338,23465,93437,8775,79683,3287.3,990,1422,2204,6402,23714,22488,35624
2019,11,27,60260,20904,61314,2078,23441,3287.3,2049,3749,1481,5683,62055,48613,23920
2019,11,28,26168,37803,59736,35201,16276,3287.3,906,2612,3741,5236,12739,29775,10277
2019,11,29,40860,37980,72550,84417,47528,3287.3,1904,4138,2167,8217,26215,13928,46265
2019,11,30,58490,89617,70709,54971,35301,3287.3,4935,2819,1918,6023,29371,12806,32765
2019,12,1,24821,7159,6393,46409,36250,1816.1,3620,1170,3717,8036,38108,19954,36169
2019,12,2,61293,78599,38501,95863,4815,1816.1,703,1574,2520,8130,46082,31636,45460
2019,12,3,11961,40254,34907,74336,69626,1816.1,1987,1604,2963,6768,57205,14212,4453
2019,12,4,5900,60826,21146,30970,65214,1816.1,2302,2858,4203,6494,38720,25369,25606
2019,12,5,2615,9424,86153,1487,51449,1816.1,4474,4760,3840,8772,54096,16940,48587
2019,12,6,55186,1084,69263,33149,70815,1816.1,3713,3066,4997,9726,24035,35210,42820
2019,12,7,60464,76338,44421,31019,83493,1816.1,1388,2459,3915,8892,20297,26715,33141
2019,12,8,57479,69773,72829,62671,70506,1816.1,1135,2042,4359,6749,75191,31525,26925
2019,12,9,65922,55257,24592,85919,40115,1816.1,2480,1929,1316,7634,47947,41160,48627
2019,12,10,31394,70688,59972,56662,79580,1816.1,3376,3410,1393,5122,16080,13030,30270
2019,12,11,65833,53569,95293,10192,76670,1816.1,1717,2590,2091,5330,44860,48557,36836
2019,12,12,47640,48694,31839,5308,80595,1816.1,1467,3339,1825,5592,85000,46405,29787
2019,12,13,3061,34730,16168,85806,57286,1816.1,824,3118,2167,7051,49661,45189,48600
2019,12,14,70240,7731,37780,28683,90392,1816.1,2240,4382,2685,9078,59689,44631,48993
2019,12,15,55217,6157,72971,22043,45300,1816.1,4799,4711,4052,7318,50516,32689,24324
2019,12,16,65918,22276,22160,84438,89328,1816.1,4626,4566,1816,7524,88248,10614,21822
2019,12,17,32750,31841,57029,80435,7272,1816.1,590,2487,4226,8786,14246,34525,16718
2019,12,18,88712,2033,49238,14116,19351,1816.1,1804,1102,3381,8964,86057,44060,16106
2019,12,19,7138,65684,3627,3041,99441,1816.1,687,3542,1222,5440,45328,47338,41875
2019,12,20,95786,86747,9826,35012,1135,1816.1,888,1197,4091,5125,20312,14794,27060
2019,12,21,17584,33469,66415,55965,52433,1816.1,534,1852,4506,6134,78962,19702,2472
2019,12,22,28229,1002,98841,68296,80069,1816.1,633,1716,1840,7274,27216,48401,44170
2019,12,23,85223,63106,54599,14314,64583,1816.1,928,2165,3378,7522,54481,27163,24911
2019,12,24,30697,70858,69437,65203,90860,1816.1,501,4088,1512,5614,14970,45820,48399
2019,12,25,91215,19370,38026,38482,77533,1816.1,1882,2754,4699,7832,93419,18572,15243
2019,12,26,49095,5232,7800,73826,67105,1816.1,988,2801,4490,6934,79355,40349,12281
2019,12,27,85176,94857,75790,67279,41903,1816.1,4450,3116,1014,7666,71598,18270,29526
2019,12,28,49071,74833,88237,10122,32666,1816.1,754,1759,3238,7116,55584,20343,31656
2019,12,29,22187,22925,84497,71677,59702,1816.1,2025,4876,1110,8344,28506,16962,13852
2019,12,30,45,57958,50079,31643,41786,1816.1,772,2207,2861,9008,17328,45526,38029
2019,12,31,27016,69435,27286,30255,12989,1816.1,1949,1462,2146,5810,13710,31847,49223
2020,1,1,35228,43076,73061,55747,71583,2633.81,790,1792,2805,7432,16142,10833,6375
2020,1,2,28205,11236,23695,73565,44916,2633.81,1932,4349,2858,7186,43689,28432,35573
2020,1,3,80488,78864,50579,98285,2066,2633.81,1284,3645,1853,9345,18792,29787,48779
2020,1,4,75720,65183,42031,48525,68967,2633.81,4358,3523,3645,9404,87087,18560,46059
2020,1,5,84978,20372,49263,14188,67558,2633.81,2619,4396,3167,9549,62680,13178,42952
2020,1,6,74680,58966,60230,66534,28311,2633.81,2672,1554,2507,9416,85258,36473,35974
2020,1,7,50762,60969,66349,24408,60373,2633.81,4319,1701,1342,9876,92240,24069,19789
2020,1,8,34238,51212,38466,38757,60762,2633.81,690,1790,1463,7718,18325,21125,1147
2020,1,9,7896,97351,41507,91755,2054,2633.81,4579,4166,4084,7494,19860,14457,26765
2020,1,10,80717,85598,42511,70876,10531,2633.81,4944,4767,1934,6830,99875,46723,34752
2020,1,11,909,45217,98517,93724,83491,2633.81,4848,2737,1096,5422,99491,48948,33194
2020,1,12,15824,44071,34468,19908,54999,2633.81,716,1438,1341,6464,22942,23224,10745
2020,1,13,77979,67887,34344,63941,67649,2633.81,2016,4908,4435,7566,78631,29277,34220
2020,1,14,75078,93480,87015,21974,82539,2633.81,2273,3361,1160,8092,18268,15478,36506
2020,1,15,98838,18986,37641,61531,62213,2633.81,4754,1542,1173,9098,20482,28821,26935
2020,1,16,3318,63851,30083,99105,5735,2633.81,3381,2164,3545,5395,35489,17478,8714
2020,1,17,68253,22763,15797,98828,77208,2633.81,2105,1044,4401,8854,37574,47965,34065
2020,1,18,48033,72330,4508,9206,57780,2633.81,4379,2448,1606,8932,76552,27279,41343
2020,1,19,9527,71286,24444,28072,53033,2633.81,506,1284,4046,5238,36463,26253,9933
2020,1,20,11720,53570,68650,97473,41020,2633.81,886,4051,1257,6297,98257,19036,22577
2020,1,21,7640,68989,46485,29185,53450,2633.81,1463,2975,2025,7318,14808,30057,39389
2020,1,22,57191,69258,17694,72589,46913,2633.81,3842,4983,1746,7696,72455,31448,20509
2020,1,23,56420,34246,86853,67677,544,2633.81,1712,4534,1826,9548,53718,23898,1462
2020,1,24,55289,10182,3226,82314,7440,2633.81,3722,4629,1234,5544,37218,19006,26977
2020,1,25,83277,2413,34482,40058,52608,2633.81,1506,4027,1182,9430,93055,16164,6937
2020,1,26,26172,46121,82612,96621,45669,2633.81,1870,2309,2863,6447,99622,20303,36331
2020,1,27,83425,94698,51285,96011,7465,2633.81,508,2092,3618,6341,47150,26226,4855
2020,1,28,29630,85009,85254,87164,9719,2633.81,990,2241,1570,7852,48861,36449,44661
2020,1,29,80535,2084,20111,43398,58531,2633.81,982,3306,1572,5378,70668,38246,19733
2020,1,30,86192,26177,61691,9811,48870,2633.81,1036,3499,1670,7641,65662,36270,25193
2020,1,31,82302,27256,88512,23083,55108,2633.81,883,1993,2159,5993,11742,30690,3725
2020,2,1,41796,5349,12860,23133,76018,2830.24,4323,3545,1008,5485,67415,20692,17458
2020,2,2,21522,62267,97245,25515,27929,2830.24,4168,1534,3378,7250,26642,16920,33516
2020,2,3,89486,94988,80615,51831,6731,2830.24,528,3525,3005,9470,71657,25374,27657
2020,2,4,63280,97333,43920,8780,32819,2830.24,4471,1392,4952,6715,96206,34233,27687
2020,2,5,26583,20375,5769,81314,83977,2830.24,4768,4813,2398,6734,57995,15670,32412
2020,2,6,14392,8255,99006,63749,87726,2830.24,4122,1004,4347,9393,59783,33517,37015
2020,2,7,93433,55607,4209,99737,48675,2830.24,3969,1608,3492,6090,72921,15310,16767
2020,2,8,4854,79042,43634,32252,65777,2830.24,4084,1519,1235,8089,60267,30312,1629
2020,2,9,1457,65742,81317,85804,31487,2830.24,672,4918,4410,6232,41007,28084,7453
2020,2,10,73000,91329,69694,42844,47419,2830.24,1664,2271,3008,6649,14150,20136,8967
2020,2,11,74631,99960,16656,866,14401,2830.24,1177,1722,4015,8845,13342,40501,26923
2020,2,12,2650,53684,31773,32061,9917,2830.24,1496,4267,4107,5092,42110,11526,22780
2020,2,13,71509,55127,80150,25869,11777,2830.24,1004,1406,1976,5328,14522,45384,31025
2020,2,14,55934,34801,11241,14949,79998,2830.24,908,2647,4287,7221,14707,18416,29253
2020,2,15,26353,57556,24823,90461,70098,2830.24,3338,2957,3411,8487,83825,16539,33286
2020,2,16,79513,29830,69298,76848,8841,2830.24,3583,4773,2720,6176,96073,37718,22921
2020,2,17,61781,17875,70366,61068,55097,2830.24,1623,2800,1354,7797,88260,45428,1425
2020,2,18,11083,22951,3386,65847,21439,2830.24,2385,2302,4743,6762,94149,17176,3563
2020,2,19,74604,99086,39709,98677,15262,2830.24,2746,2041,3656,9463,54460,25104,35782
2020,2,20,7240,41084,22905,82571,68882,2830.24,4351,1315,1898,7736,62161,21905,27518
2020,2,21,67652,10900,89208,17395,28935,2830.24,2330,4889,1238,8182,18565,30407,49710
2020,2,22,67821,37664,23801,21477,27127,2830.24,2932,4365,1402,5836,16936,20929,44613
2020,2,23,13354,61288,17245,80174,25376,2830.24,2078,4378,3009,7638,26773,15614,45759
2020,2,24,73700,19104,71833,88846,51142,2830.24,604,1282,4413,5756,73141,37892,6751
2020,2,25,70369,36074,22258,22417,38263,2830.24,4697,2967,3184,6942,48140,17130,5546
2020,2,26,89053,16572,67939,12062,74210,2830.24,722,4260,1398,8782,69457,47660,11064
2020,2,27,75291,5062,32974,36057,80818,2830.24,3948,2537,3540,5124,89954,13154,22468
2020,2,28,18104,49652,81123,51288,42946,2830.24,1199,3349,2185,7990,76762,11014,45615
2020,2,29,21554,57119,17007,68073,25660,2830.24,732,1908,2876,5057,37005,10100,2816
2020,3,1,77306,88936,12418,39864,78890,2421.23,4318,4892,3045,5605,16790,35012,41924
2020,3,2,51806,52540,47198,62296,29303,2421.23,830,2772,4654,8272,28431,19830,16297
2020,3,3,50357,45734,76699,65415,82739,2421.23,4290,1396,1368,8059,16259,15920,31745
2020,3,4,89984,90578,27165,29381,32535,2421.23,744,1392,1014,8598,79338,45900,31355
2020,3,5,10591,79540,48673,76597,47812,2421.23,4066,3168,4189,5765,79934,38279,43457
2020,3,6,3862,15577,14676,90893,63637,2421.23,3164,4971,4215,6680,15703,12438,47287
2020,3,7,48036,46449,3794,64634,40743,2421.23,1885,1332,2671,7666,27928,10482,33133
2020,3,8,85366,73348,25003,24555,95465,2421.23,4186,1364,1036,7126,22921,16342,4937
2020,3,9,57501,96086,70473,28068,12766,2421.23,1169,2152,2623,9936,58137,23365,36176
2020,3,10,18096,85023,41050,97119,93285,2421.23,3952,3649,1238,8955,19556,20493,35331
2020,3,11,70244,15095,2523,90757,25308,2421.23,2609,2807,2880,8081,27227,16997,25444
2020,3,12,80610,58397,60503,13233,9712,2421.23,2950,4158,1526,5766,41276,29650,34992
2020,3,13,45682,65230,24652,20711,30537,2421.23,2555,1568,1316,5558,15786,15526,10560
2020,3,14,51873,15498,121,89753,9932,2421.23,3102,1090,2096,7218,20124,11807,27348
2020,3,15,68596,23075,55967,4962,99779,2421.23,4611,1866,1470,9263,82522,25711,13595
2020,3,16,36175,90078,42844,11829,16508,2421.23,2789,3379,1228,9261,74484,26159,1474
2020,3,17,72962,47587,83052,75058,81191,2421.23,3216,1137,2602,5534,71099,42380,3177
2020,3,18,89130,22063,87841,657,97678,2421.23,1368,3852,3143,9211,45680,19310,36715
2020,3,19,36295,74822,94383,18875,20435,2421.23,694,3395,2804,8884,68452,13994,18867
2020,3,20,97614,88022,96484,40217,63556,2421.23,2596,4036,2004,6788,69693,20026,33935
2020,3,21,73503,12414,70231,66647,97977,2421.23,2648,4270,3435,7030,53144,43870,32263
2020,3,22,72249,64531,37266,5053,58969,2421.23,806,1581,1606,7558,13149,23646,22071
2020,3,23,15817,95747,42684,38166,82535,2421.23,4544,2389,1141,9558,55387,39117,28729
2020,3,24,93390,48036,73388,16825,51419,2421.23,694,3666,2414,7960,28719,32734,42884
2020,3,25,20031,64118,55668,30122,12352,2421.23,506,4520,4563,9154,82685,13449,18818
2020,3,26,7883,73582,52191,65376,34709,2421.23,4492,3097,1965,8472,44921,23383,7578
2020,3,27,37116,5617,47050,60882,19929,2421.23,3615,1310,1238,9282,11162,18589,25769
2020,3,28,84452,22903,29462,49015,18410,2421.23,3816,1291,2080,8118,91667,36788,28500
2020,3,29,4937,12512,81238,76902,23096,2421.23,578,1750,3127,7333,37443,34407,26160
2020,3,30,39455,97411,40718,12045,13045,2421.23,1985,2496,1402,6447,62862,34811,43501
2020,3,31,54947,91679,27456,73379,89038,2421.23,1519,3973,4337,7756,70874,37432,35475
2020,4,1,71159,47643,98395,34844,1438,1675.57,649,3847,4870,5396,28244,33370,49154
2020,4,2,99680,25741,66126,42479,88603,1675.57,3776,1633,1095,7154,85670,46569,17289
2020,4,3,13674,79644,10908,21431,66870,1675.57,3049,4379,2334,6444,89222,30123,48340
2020,4,4,1950,79873,95324,41821,98918,1675.57,1542,4948,4307,7667,57426,37909,23568
2020,4,5,91309,71203,34543,2404,74710,1675.57,660,3382,1207,5178,26164,49428,36565
2020,4,6,7276,14215,53808,85962,17011,1675.57,1085,3959,4254,5662,60779,38171,43031
2020,4,7,84976,18675,53121,34283,26342,1675.57,3543,4001,4453,9438,36405,39162,26899
2020,4,8,76003,18083,93897,8563,10667,1675.57,2990,2941,1264,7222,15642,17637,20062
2020,4,9,21181,69989,86597,60435,47749,1675.57,4957,2723,2402,8868,83357,25095,13729
2020,4,10,27681,88253,59098,42134,27691,1675.57,2647,1750,4936,6202,44959,13918,11855
2020,4,11,77957,69302,74896,28584,47452,1675.57,1220,3631,1490,9169,45417,29238,45151
2020,4,12,79250,76728,78314,78004,61157,1675.57,3098,3836,1275,8547,47321,10317,28023
2020,4,13,6754,94969,46715,36690,52865,1675.57,4995,1650,1960,5002,75756,24778,41674
2020,4,14,96394,88329,93411,94237,87498,1675.57,3474,3098,1906,8140,61101,18840,5180
2020,4,15,96163,80553,14604,62438,59100,1675.57,4107,1716,3245,5821,18894,26109,11926
2020,4,16,27496,28891,73283,4823,30134,1675.57,4600,2878,3718,9362,37114,15146,15391
2020,4,17,10895,76942,40667,59153,95082,1675.57,3567,2595,3672,6352,86385,24123,18121
2020,4,18,61449,75493,56329,34694,11314,1675.57,2155,1350,1890,7142,76334,16950,25224
2020,4,19,32180,22288,9829,85898,78002,1675.57,4817,3895,1588,6836,48048,18021,13296
2020,4,20,34957,32968,75617,49981,32491,1675.57,4103,3938,2493,7062,28632,15159,12002
2020,4,21,72008,5788,36672,8825,72577,1675.57,774,4755,1202,7846,14018,29646,13007
2020,4,22,81602,66823,18543,38190,83659,1675.57,1210,4966,2261,7338,84946,14752,32943
2020,4,23,60181,25402,58691,14027,22186,1675.57,4185,1098,4461,8862,19368,48389,3675
2020,4,24,45215,11495,19497,96860,13450,1675.57,1506,1910,4675,5630,33240,19380,26502
2020,4,25,60695,55803,44652,9308,37630,1675.57,4059,2810,1350,9102,28188,43536,45950
2020,4,26,52777,23726,20433,78591,55934,1675.57,1979,1148,1295,6476,14359,31096,39802
2020,4,27,39330,57218,76148,49005,18618,1675.57,3689,1336,1541,9692,19914,35523,25740
2020,4,28,65642,95383,49686,36992,44485,1675.57,1879,2261,1598,7338,75851,15072,27874
2020,4,29,23466,69183,75032,91113,65659,1675.57,2209,1339,2960,9426,86695,47930,5744
2020,4,30,6800,61737,93594,88341,81429,1675.57,890,2069,1226,9900,13526,19162,14917
2020,5,1,63645,68397,85724,47309,60600,2713.71,2125,4782,1990,8238,11792,13476,9608
2020,5,2,66800,33133,19695,31508,36180,2713.71,3306,2916,2569,6006,79344,17686,17625
2020,5,3,83215,42767,69138,89467,59532,2713.71,3592,4527,3669,9315,12782,19268,40273
2020,5,4,35275,90314,15403,86266,84904,2713.71,2998,1702,1679,9044,99561,12858,27196
2020,5,5,13021,37868,27127,56943,80867,2713.71,780,1758,1188,9844,69898,41472,6472
2020,5,6,25190,43491,81000,50211,19159,2713.71,831,4432,2205,9934,40697,42108,1090
2020,5,7,94781,49,60164,87812,79093,2713.71,2022,3465,3944,8306,65407,44810,9725
2020,5,8,66972,81188,91595,32561,82457,2713.71,4032,3997,1335,5566,74208,40493,11493
2020,5,9,88276,10040,94926,95481,61273,2713.71,3941,2405,3375,8218,60216,13819,1976
2020,5,10,40181,77239,72285,54125,21388,2713.71,582,3358,1910,6880,37271,17686,37692
2020,5,11,34726,27656,41685,56061,15392,2713.71,1553,3667,2283,7830,99147,19907,32245
2020,5,12,76158,19441,92313,44533,99897,2713.71,3352,1382,1119,6988,94201,33858,18882
2020,5,13,51033,75841,88570,86263,32721,2713.71,612,2445,4847,8337,23505,35239,25841
2020,5,14,10582,36411,88907,52865,44242,2713.71,4123,1750,1654,5774,81283,40094,4406
2020,5,15,50318,5988,80172,12789,2976,2713.71,1647,4007,1565,6302,56622,15637,40726
2020,5,16,27409,76924,83084,97256,55261,2713.71,3846,1692,1416,8218,35057,36296,22941
2020,5,17,24863,24181,73047,65061,21969,2713.71,646,3637,1668,6742,17778,45996,4330
2020,5,18,92404,30778,50004,75321,32346,2713.71,957,4753,1252,6422,73360,37864,22978
2020,5,19,13334,72208,70058,89037,92664,2713.71,1684,2525,1304,9470,82585,17615,5115
2020,5,20,85413,4093,72606,62081,22123,2713.71,3076,1764,1160,8874,12404,14050,40384
2020,5,21,63762,13507,29611,80015,3900,2713.71,2878,3584,2881,7936,38972,17750,19323
2020,5,22,59403,80657,18071,5050,95387,2713.71,4017,1606,2452,6518,59231,19158,17009
2020,5,23,52006,17308,90452,73166,58092,2713.71,3022,1853,1506,5274,18219,30405,13001
2020,5,24,91955,86098,63990,99837,40386,2713.71,772,4788,4969,9616,21189,45356,19314
2020,5,25,68164,10207,92507,5616,88181,2713.71,786,1550,1618,7998,29702,19690,1738
2020,5,26,84993,89077,98046,27852,61709,2713.71,3256,1590,3714,8598,69851,18208,16265
2020,5,27,57912,86585,75240,74234,37740,2713.71,4589,1816,4339,8447,11518,27520,12782
2020,5,28,46538,93061,84058,48287,81405,2713.71,3126,2749,4188,6172,10600,30897,30113
2020,5,29,22437,85209,67265,41151,23807,2713.71,1602,3070,1942,7394,72303,44142,3468
2020,5,30,20975,58245,46,60315,53044,2713.71,2834,4580,2328,7594,47866,18732,27917
2020,5,31,2004,55994,17834,21193,78518,2713.71,3441,1916,3642,8258,58456,37448,28434
2020,6,1,75059,51871,11928,83252,40526,1850.8,4226,3769,2467,9090,51813,12566,6070
2020,6,2,68727,51394,4064,40618,15613,1850.8,3973,2957,1981,6517,66474,35414,39148
2020,6,3,31311,83780,15409,33368,42236,1850.8,3891,3645,1079,6614,16897,11605,19210
2020,6,4,23240,37476,76727,45707,18368,1850.8,2441,2093,1285,6504,44062,28249,28540
2020,6,5,72005,19388,16207,28986,15905,1850.8,751,3566,1459,6160,96933,25047,32681
2020,6,6,15370,2177,58693,52801,19347,1850.8,4405,2586,1546,9126,88292,14135,41942
2020,6,7,36024,17087,67581,48661,49943,1850.8,1909,1946,2382,6240,50931,29639,11644
2020,6,8,92148,98036,43206,74960,60548,1850.8,502,1842,3667,5050,28716,44366,6492
2020,6,9,66993,59475,36953,12761,66959,1850.8,3248,2981,3682,6694,51642,17260,41597
2020,6,10,88824,44904,30572,36207,38020,1850.8,845,1398,2242,9050,10260,22789,47856
2020,6,11,31894,21484,48706,90562,96535,1850.8,4927,4878,4599,8231,17990,36557,43774
2020,6,12,79828,2239,55892,54863,79420,1850.8,3487,3242,3788,6710,17822,13624,23886
2020,6,13,8266,20294,53327,36860,95697,1850.8,4648,2589,1287,9420,34502,18356,24804
2020,6,14,68480,35782,5404,54431,74013,1850.8,988,1606,2984,6472,25054,28755,30746
2020,6,15,87117,88542,96998,55905,15304,1850.8,4064,4921,3091,9590,76780,19062,17799
2020,6,16,23546,86430,77730,19833,61135,1850.8,724,1940,4365,7112,12982,38377,12232
2020,6,17,97859,7737,8570,47195,70968,1850.8,949,3083,4868,5902,30339,20172,49976
2020,6,18,90745,9404,10094,45189,58146,1850.8,664,1691,4654,9408,17875,12774,36874
2020,6,19,17993,79586,13107,82358,46698,1850.8,2086,4555,2590,8062,91749,17124,13503
2020,6,20,11984,84051,82993,66853,56998,1850.8,3376,4093,4087,6948,25633,13585,29685
2020,6,21,66695,37314,11629,56350,26722,1850.8,2138,1065,1790,6596,43422,22138,29504
2020,6,22,50100,96862,33046,4042,58870,1850.8,2599,1714,3845,7802,54056,32194,24796
2020,6,23,41628,7433,62641,97068,87254,1850.8,652,3948,1938,9150,10297,35012,4626
2020,6,24,68136,33788,46078,93577,70384,1850.8,714,1834,2713,8759,40876,27934,5853
2020,6,25,39907,69828,65139,65105,98123,1850.8,3650,4750,2979,6290,36817,46585,35548
2020,6,26,30917,63822,534,89207,2454,1850.8,4218,1186,2321,6648,64164,47704,27183
2020,6,27,58853,46231,892,77918,61343,1850.8,851,2600,4298,7982,82704,42420,8120
2020,6,28,72889,62708,98523,15869,88998,1850.8,3805,1265,1034,9338,25472,17965,1692
2020,6,29,22873,16043,88555,194,69043,1850.8,4249,2894,1653,5998,11632,18704,19071
2020,6,30,39612,78015,26948,262,15357,1850.8,4034,3244,3711,7556,20464,44060,26005
2020,7,1,99270,30327,24761,94960,72151,2388.84,2831,3192,2632,8024,73587,33054,9079
2020,7,2,98627,1482,64708,80119,23646,2388.84,4730,1659,2354,6343,33367,19430,40407
2020,7,3,95378,21613,48422,52935,42077,2388.84,2182,2698,4159,6598,52657,11309,42482
2020,7,4,62373,86842,65855,26357,21218,2388.84,4411,4843,2274,7670,99962,30919,39442
2020,7,5,30878,36045,98932,64584,72388,2388.84,4293,4117,1078,9066,37051,28691,32299
2020,7,6,47900,15586,86390,37060,35232,2388.84,4720,2604,2239,6926,40312,29809,5399
2020,7,7,52720,99724,99653,9995,56547,2388.84,2265,3775,3362,5106,68358,14214,15967
2020,7,8,54848,9004,41220,25110,98070,2388.84,638,1946,1726,6541,99379,45438,44623
2020,7,9,28293,30453,59395,86884,27379,2388.84,1692,1450,1574,5404,12898,22328,49708
2020,7,10,15016,30062,92456,83379,52611,2388.84,970,3809,4816,6826,65270,34237,10814
2020,7,11,92674,35424,46559,2881,8317,2388.84,4670,1608,1389,6822,39844,20120,45938
2020,7,12,40125,6537,16571,72259,5586,2388.84,939,1212,4427,6798,15946,22037,23015
2020,7,13,30561,60812,62199,16729,58863,2388.84,966,1535,2892,7524,70767,37560,27470
2020,7,14,9814,35438,24170,86204,92207,2388.84,1323,2330,3253,5796,20941,17688,30366
2020,7,15,62260,81881,45793,48039,51627,2388.84,1428,2186,1934,8626,98915,35796,16124
2020,7,16,76096,16234,53684,55340,80110,2388.84,2900,4922,1239,6852,92477,18446,24451
2020,7,17,80139,98801,17129,83392,38046,2388.84,2230,1656,1301,8022,64695,37928,38070
2020,7,18,4146,51124,86467,47432,16102,2388.84,4579,3549,2966,6534,80240,14427,1734
2020,7,19,44065,23141,4351,20305,22914,2388.84,3750,3051,3332,8950,11210,16377,13180
2020,7,20,60301,95026,99387,96602,49401,2388.84,881,4897,1556,7348,33681,14009,30434
2020,7,21,89082,83261,72559,23401,2876,2388.84,2827,3291,2291,8529,83595,31557,2800
2020,7,22,71710,88698,50961,42,10929,2388.84,2770,2580,1134,8654,17366,14533,3756
2020,7,23,62590,1416,783,10498,5116,2388.84,4507,4196,4076,6844,17596,36951,34464
2020,7,24,16217,71777,243,24861,30306,2388.84,1417,2014,1982,7377,16510,32519,1598
2020,7,25,77486,84827,36452,42619,83335,2388.84,3503,1858,4752,8580,72773,19744,36986
2020,7,26,8750,47281,54064,59178,10699,2388.84,1128,3266,4788,5454,68126,40093,38013
2020,7,27,29265,40896,8461,34505,64626,2388.84,3375,2110,1693,9827,84728,45028,10516
2020,7,28,56813,58232,57305,27917,48869,2388.84,2783,3969,3710,8198,33146,20760,30078
2020,7,29,62563,45627,64027,22351,58350,2388.84,3796,3965,4400,7256,54821,16130,48506
2020,7,30,64124,38198,12488,75818,74377,2388.84,2197,2540,1798,6894,75456,37019,13568
2020,7,31,7283,63240,10989,993,37790,2388.84,1752,1438,1113,8554,39054,30814,10488
2020,8,1,67851,84781,72741,5107,39602,2160.9,4230,4150,1220,5626,68526,19173,26767
2020,8,2,64949,16067,57324,42154,91523,2160.9,4435,1113,1683,6780,25255,32170,44343
2020,8,3,88533,25608,88284,7016,64662,2160.9,720,3864,1910,6202,53970,26183,19099
2020,8,4,6215,39553,20335,61820,17304,2160.9,992,2251,1279,8316,40756,29153,5213
2020,8,5,82659,90193,16620,4342,56973,2160.9,2863,1856,3833,9246,85224,14846,8227
2020,8,6,76598,75580,13711,63180,38676,2160.9,4362,4889,4937,6048,13428,14492,34034
2020,8,7,31262,37702,55845,68893,26018,2160.9,3045,1206,1793,8198,45721,43765,46602
2020,8,8,89243,48586,21974,89428,56085,2160.9,626,4033,2777,5574,12212,21452,7198
2020,8,9,84722,1575,66343,24660,27624,2160.9,3252,1958,2104,8202,44128,19474,23052
2020,8,10,50698,58526,94503,37491,89543,2160.9,2607,3784,1350,9581,84564,27596,40224
2020,8,11,26779,55191,26630,9556,55879,2160.9,2360,1952,3120,8182,97963,17095,5194
2020,8,12,19458,96216,92332,46562,50312,2160.9,1035,1009,4984,8742,54851,14198,36460
2020,8,13,67114,52460,96016,88626,88393,2160.9,2574,1430,2121,9203,41078,24351,30580
2020,8,14,80750,4791,97656,53870,34845,2160.9,964,4301,3185,9647,13942,17004,45619
2020,8,15,32459,33251,75859,43795,60140,2160.9,4673,3604,4520,5574,32230,37912,30710
2020,8,16,37620,14805,19436,6093,40360,2160.9,896,1108,1655,8099,91329,16499,26866
2020,8,17,40070,78646,70801,48256,58293,2160.9,3104,2102,1264,8962,50897,47756,38015
2020,8,18,46024,95571,41361,61897,52611,2160.9,4808,1581,4746,9243,12673,45106,23591
2020,8,19,46109,59469,82567,44116,87568,2160.9,614,2637,3893,7766,92244,43538,40249
2020,8,20,52134,15349,50641,89750,30663,2160.9,2505,1685,4811,8866,38581,32421,17890
2020,8,21,18809,4743,5355,23556,90338,2160.9,726,2798,3848,7579,96913,31415,18028
2020,8,22,57828,57529,25405,43074,21647,2160.9,2963,3779,4348,9955,79881,30010,17649
2020,8,23,87846,67387,73049,17657,96253,2160.9,1430,1126,2723,7166,54968,23061,27982
2020,8,24,56165,39982,75860,50013,23913,2160.9,2779,3092,1652,9536,41165,34651,39125
2020,8,25,23537,60481,74783,72886,30436,2160.9,4247,3280,2050,9210,52289,34654,4664
2020,8,26,70278,68720,66068,19353,6856,2160.9,3765,4371,1016,7878,45735,34929,21036
2020,8,27,40102,9868,99374,3106,99404,2160.9,2756,2939,2370,8891,12176,47805,40539
2020,8,28,33555,81425,82439,71957,23720,2160.9,1611,1422,4798,9030,46053,43005,34728
2020,8,29,10067,21171,22378,87435,72148,2160.9,3715,3600,4331,8088,48057,10086,34465
2020,8,30,44979,52167,33027,62349,31058,2160.9,646,4611,2978,8944,52920,33050,45203
2020,8,31,43672,75884,93399,79822,64914,2160.9,4178,4979,1974,7907,62414,15473,5804
2020,9,1,67482,10426,73056,55571,58483,2079.07,548,1306,1168,9249,58057,27722,33143
2020,9,2,89404,39022,20702,98348,91942,2079.07,3370,2824,3501,9096,32737,35657,3752
2020,9,3,93722,24070,78984,71630,2836,2079.07,716,1294,1233,6826,42238,29715,44457
2020,9,4,6551,42788,56717,22719,22037,2079.07,1793,2791,3794,7702,42490,12087,14774
2020,9,5,73950,17213,29912,3803,71756,2079.07,4459,1828,3070,8442,53457,11820,29002
2020,9,6,29251,3811,92574,484,27220,2079.07,1551,3769,3951,6544,72840,32339,34813
2020,9,7,34393,5986,76483,4540,59832,2079.07,1626,3780,2536,5790,37582,40643,18973
2020,9,8,91892,43395,22472,11314,11837,2079.07,2218,2439,2443,6143,74274,39662,42282
2020,9,9,60956,20826,89785,71259,40445,2079.07,3597,1189,4961,5686,95728,11144,28977
2020,9,10,15404,78707,94925,67940,91597,2079.07,4934,4839,2252,7406,11152,20441,48859
2020,9,11,39688,44723,94233,52131,70867,2079.07,3145,3173,1378,8572,19432,12480,18507
2020,9,12,9610,39382,70022,10923,19462,2079.07,2066,1216,1626,6694,35508,19302,32102
2020,9,13,48553,60443,68597,57158,24201,2079.07,3950,1982,4471,8182,32370,11689,29749
2020,9,14,73041,56868,59863,95077,87501,2079.07,3909,3461,1206,7870,40735,20841,45647
2020,9,15,26033,12802,22058,3193,12496,2079.07,1948,2399,4360,8854,34556,17130,23918
2020,9,16,20294,28507,38801,44765,33041,2079.07,2805,2433,1492,5344,17509,14593,37523
2020,9,17,28315,7771,94407,63343,51702,2079.07,535,4085,4294,5194,97277,43141,35142
2020,9,18,46511,69226,70541,97223,9771,2079.07,2134,1158,4955,7286,91179,49348,5098
2020,9,19,31161,63985,21782,8254,13004,2079.07,4198,2669,4765,7218,21011,31466,5643
2020,9,20,18746,71547,41904,83040,60492,2079.07,1180,3353,3405,6156,36927,34527,39181
2020,9,21,84523,9062,80943,50830,52701,2079.07,738,1766,3809,8310,16942,31813,38474
2020,9,22,60306,97665,39483,40071,97622,2079.07,2888,1366,4744,9791,15758,41587,26847
2020,9,23,68972,8291,64941,93729,71364,2079.07,4608,2237,2281,5550,23067,46333,1868
2020,9,24,14025,89597,96546,82834,77908,2079.07,998,4564,4028,6833,94634,16649,5012
2020,9,25,13680,82523,49368,78424,28666,2079.07,662,2636,4768,5242,15442,27483,15126
2020,9,26,19524,52325,49722,46805,94228,2079.07,3137,3251,3736,6034,14882,22995,39141
2020,9,27,61047,88436,27560,96427,41621,2079.07,3075,1226,1067,9798,50074,49732,22194
2020,9,28,27569,86438,63721,33689,4094,2079.07,1171,3616,1958,7244,86772,34340,37790
2020,9,29,66385,46262,58944,45122,2296,2079.07,3116,4693,2519,5676,76119,29139,32733
2020,9,30,84222,89195,84439,21642,51638,2079.07,2725,1124,3654,7798,29245,15504,1740
2020,10,1,56769,81364,12053,34014,68136,1793.13,1749,4396,1688,7510,33043,17710,12746
2020,10,2,96340,12738,8292,58368,88857,1793.13,2588,3051,3220,9446,46040,39085,37431
2020,10,3,68308,41598,42740,52458,87195,1793.13,3044,1286,3201,6774,10679,16336,1978
2020,10,4,82842,27430,97085,20883,5652,1793.13,1654,1990,2864,9946,60357,31721,30128
2020,10,5,3729,19299,26125,41950,16232,1793.13,1034,1790,1958,8630,53347,17307,22165
2020,10,6,6964,61392,93974,5165,97841,1793.13,2852,2033,2082,9882,17915,16370,4654
2020,10,7,31416,75923,56077,74281,42221,1793.13,2353,1906,2083,8477,17026,18315,32786
2020,10,8,36994,51636,69206,67107,41761,1793.13,765,1350,1214,9486,70239,48136,38906
2020,10,9,15744,58092,95171,64178,59380,1793.13,3263,1600,1711,5598,81427,30283,29438
2020,10,10,23477,3781,26233,75561,68610,1793.13,938,1954,3469,5784,89060,13172,46834
2020,10,11,84690,6178,21658,1339,17268,1793.13,826,3011,1340,7348,13540,25719,41897
2020,10,12,73139,31804,16515,94850,22495,1793.13,562,2323,3073,7717,54235,12166,47942
2020,10,13,64551,30815,41341,79372,76599,1793.13,953,2640,2929,7610,95330,20197,46753
2020,10,14,49507,11157,19561,15847,38506,1793.13,2918,1643,1256,8874,22844,20102,33101
2020,10,15,88727,97978,82426,23152,32047,1793.13,2538,2949,3826,7766,92320,10425,3013
2020,10,16,30632,44626,54418,83561,2236,1793.13,942,3094,1816,6021,19318,15760,49748
2020,10,17,55475,58211,27404,53083,48996,1793.13,4536,2721,4577,7878,77224,12976,1026
2020,10,18,24975,19763,42278,25154,3642,1793.13,578,4272,1160,6347,34184,47810,34598
2020,10,19,22447,20647,82257,99702,26668,1793.13,934,3493,2111,5740,51575,12222,32550
2020,10,20,9466,41113,60180,90396,29427,1793.13,3371,1514,2166,5648,95905,10807,37405
2020,10,21,96598,97836,11432,92173,54183,1793.13,1335,1628,1262,9896,92682,18572,45617
2020,10,22,3845,8145,7776,60957,67362,1793.13,3414,3179,1814,9946,83574,46240,25703
2020,10,23,97351,86946,33346,70869,48946,1793.13,3028,1094,2086,9459,54067,47620,29251
2020,10,24,21428,76755,90602,4042,81698,1793.13,4675,1094,1427,7614,62850,25140,33284
2020,10,25,29505,62617,68320,62672,22563,1793.13,3911,1264,1590,8608,23485,16570,1894
2020,10,26,87860,71514,66031,31298,47325,1793.13,3917,1814,3203,9518,11004,11252,20098
2020,10,27,19154,35173,13147,10581,88975,1793.13,2073,3479,4965,6422,81150,43879,25997
2020,10,28,22287,6414,30145,77477,81375,1793.13,2964,4233,1494,7998,17270,10350,19982
2020,10,29,444,45800,90275,13647,81671,1793.13,4898,1656,2296,8045,27756,36271,45773
2020,10,30,30394,29830,71103,1711,222,1793.13,590,3859,1369,8374,16336,22743,18605
2020,10,31,12068,14301,58329,69914,94647,1793.13,734,1574,1010,6870,25087,10750,25211
2020,11,1,66338,19856,24779,20735,63964,2582.73,2480,3792,4855,9190,10366,33459,27402
2020,11,2,64781,49226,41182,23219,65562,2582.73,580,1213,3605,6230,14432,13815,30277
2020,11,3,96635,2301,84826,78345,27388,2582.73,2178,1382,1190,6626,30811,16142,3858
2020,11,4,7063,98292,97822,71918,67483,2582.73,1729,3614,3764,5830,71833,11366,24540
2020,11,5,93187,23471,68244,98144,45022,2582.73,1959,3007,2755,6282,52703,21495,25456
2020,11,6,83347,41234,31573,23412,54542,2582.73,3791,1603,1360,7964,49873,44509,12384
2020,11,7,82504,71603,9476,56269,50865,2582.73,3298,1638,1131,6541,58546,32504,47661
2020,11,8,71997,36858,56864,49753,99994,2582.73,2599,4691,1608,5523,39454,21692,9567
2020,11,9,97907,83247,99649,74934,57563,2582.73,794,1206,2475,5270,12686,18794,49522
2020,11,10,42931,40985,65094,80414,37526,2582.73,4269,4522,3200,9966,75626,43194,39992
2020,11,11,62051,79578,9238,29202,15101,2582.73,2246,4358,3290,6894,20644,11714,48693
2020,11,12,32768,56439,62271,86595,18061,2582.73,1285,2343,2292,5470,57756,19818,24957
2020,11,13,29075,53379,95693,22275,5863,2582.73,1820,4265,2247,8534,13466,32347,37671
2020,11,14,6103,97065,28058,70745,80311,2582.73,2948,4429,1190,5219,16023,39552,48702
2020,11,15,46528,23661,16896,78821,96392,2582.73,4990,1890,4382,7034,47739,16246,24653
2020,11,16,64705,95913,34510,31952,36971,2582.73,650,4424,1392,8707,30168,16120,14329
2020,11,17,23762,23117,87485,45254,94688,2582.73,4805,1215,2168,6834,36387,39911,3509
2020,11,18,92706,17730,81729,37088,94764,2582.73,3683,4467,1732,8193,15550,45054,45821
2020,11,19,18874,54773,54479,96618,29832,2582.73,4672,3592,4114,8658,98845,35154,2008
2020,11,20,62018,4,92722,5538,1705,2582.73,908,1532,1837,7177,64200,15914,29109
2020,11,21,72998,67884,33772,14730,22429,2582.73,1135,1301,4017,9958,54271,17706,7894
2020,11,22,81612,8944,28794,22079,67453,2582.73,3584,1652,3993,6305,51359,12049,43991
2020,11,23,95414,13161,89163,58603,40338,2582.73,2906,4687,2598,6677,60768,26378,3363
2020,11,24,40923,86905,17681,69940,67518,2582.73,586,1954,2246,9398,15674,31051,38304
2020,11,25,34276,77496,26873,94621,43801,2582.73,3022,1140,2743,8766,30519,14433,44584
2020,11,26,31900,63426,94121,85850,46455,2582.73,2227,2376,3144,6259,73667,25662,4889
2020,11,27,84563,18807,7496,98162,9092,2582.73,564,4718,1042,9774,70690,49053,11407
2020,11,28,33373,43713,20971,41116,22250,2582.73,1900,1010,1266,6020,56349,27720,1490
2020,11,29,87262,34929,81449,45406,31189,2582.73,2419,1510,1122,5094,30263,15716,5116
2020,11,30,39025,25828,75435,44278,64617,2582.73,4682,2988,1189,5286,55455,44790,46126
2020,12,1,77357,15291,46112,9729,87992,3177.19,3341,2920,1631,5099,54108,43098,23832
2020,12,2,78871,86211,83373,6490,32827,3177.19,513,3653,1760,9791,23269,13438,15441
2020,12,3,15826,37610,59542,62831,9418,3177.19,2675,3125,1958,7584,29205,23966,4333
2020,12,4,63971,58900,63239,85603,33999,3177.19,982,4220,4908,9562,35709,10966,17347
2020,12,5,10218,81224,27741,17445,87367,3177.19,796,4543,4971,6689,82373,30740,17362
2020,12,6,67374,60050,33866,3349,189,3177.19,3666,4158,1969,6904,66112,22319,13071
2020,12,7,40603,61166,1541,76863,55942,3177.19,949,1158,1176,7388,83602,19606,3602
2020,12,8,41051,70751,74439,62374,17441,3177.19,3113,4813,4564,6978,18082,49752,23164
2020,12,9,6402,48180,13912,28371,71436,3177.19,2042,2037,2540,9878,88900,13482,30024
2020,12,10,88536,34850,95993,56065,8539,3177.19,958,1890,1697,7022,44666,15958,45948
2020,12,11,74913,37780,1656,24477,81111,3177.19,581,2511,1410,6822,32233,42135,6169
2020,12,12,17220,65628,54174,74761,562,3177.19,4594,1826,4274,9526,61513,19164,43074
2020,12,13,12886,72472,1457,95936,74221,3177.19,1424,1966,3902,8079,12634,31364,46123
2020,12,14,20601,96894,85228,91301,34090,3177.19,3435,1309,4440,7608,26069,11254,33813
2020,12,15,47034,47016,5451,41308,63954,3177.19,1823,1839,1584,8280,72774,30007,16964
2020,12,16,24403,85551,11844,24657,99983,3177.19,2372,1174,1401,7599,11882,15490,18156
2020,12,17,41413,45318,16800,40853,32927,3177.19,2205,1311,1235,5322,53971,20189,9221
2020,12,18,45972,30795,63381,1759,25427,3177.19,3117,4829,3056,9960,90837,38038,36155
2020,12,19,94469,13211,58621,25870,20810,3177.19,1359,3573,2172,8159,35777,31450,36855
2020,12,20,83732,92984,77762,89968,55640,3177.19,1508,2962,3879,9888,19721,17250,48085
2020,12,21,92395,67839,70487,30451,44152,3177.19,4841,3619,1782,6932,64488,28047,11325
2020,12,22,46669,72200,6622,78841,96711,3177.19,590,1798,1733,8816,70409,14754,42399
2020,12,23,2489,46918,41688,97720,3158,3177.19,3376,1112,1206,8863,26001,12212,11409
2020,12,24,66540,10843,61073,57426,70657,3177.19,954,2324,4112,8445,12516,10822,25561
2020,12,25,50845,89159,91265,18930,59914,3177.19,2654,2401,1294,8692,76472,44451,28026
2020,12,26,45750,94850,56355,7700,83713,3177.19,3801,1603,4550,9756,24028,46558,32357
2020,12,27,16787,25853,30235,47251,34299,3177.19,3072,1494,3260,5689,20423,16358,9103
2020,12,28,60067,63078,86928,1362,47419,3177.19,2164,4519,3249,8519,17219,16636,13401
2020,12,29,17228,47373,24917,43130,38598,3177.19,1040,1735,1148,6274,18985,41798,15297
2020,12,30,61730,77059,43293,9990,59100,3177.19,4515,4165,3145,5802,20526,13842,13717
2020,12,31,1196,99044,16436,59445,17563,3177.19,4109,1141,2378,5377,94270,18694,1078
2021,1,1,50311,24064,48174,52938,43050,1312.03,4666,1459,4616,9320,95558,13332,39973
2021,1,2,75524,31076,72831,96967,67955,1312.03,3161,1997,1181,7924,14726,12540,29747
2021,1,3,24419,52053,76271,99796,46323,1312.03,1820,2985,4014,5410,65922,12063,28599
2021,1,4,11318,96941,64875,60935,37948,1312.03,618,3470,2859,9800,26788,25813,26785
2021,1,5,59547,24950,42811,72081,15259,1312.03,4620,4676,2125,7190,55823,24800,10074
2021,1,6,55842,12644,4138,24856,33990,1312.03,3270,1658,3351,8144,38944,21298,36412
2021,1,7,11281,45916,34770,19140,25716,1312.03,1305,1078,2859,7622,57342,34469,27910
2021,1,8,30542,8315,74147,59019,19205,1312.03,3818,1750,3965,7955,99900,18622,29970
2021,1,9,24367,53171,70965,24070,87667,1312.03,746,3946,1658,6489,34438,47891,9910
2021,1,10,74399,45744,83154,93610,16211,1312.03,3079,3103,1358,8577,22122,34366,6848
2021,1,11,64899,72293,75764,23864,10249,1312.03,3169,1942,1538,7926,91388,49205,42017
2021,1,12,46748,36757,64504,18924,49598,1312.03,1814,1418,1036,6320,33957,27247,48942
2021,1,13,73168,78389,40351,38330,96966,1312.03,4047,1863,1117,9366,16702,27717,28825
2021,1,14,23179,51601,45036,84718,72087,1312.03,558,1550,3179,9564,54108,39128,36424
2021,1,15,30072,87276,79477,91108,3596,1312.03,4706,1762,4525,5666,31443,21490,29786
2021,1,16,20234,86843,99706,71351,18006,1312.03,4067,2535,4737,8216,58604,16360,18137
2021,1,17,30527,8879,9714,20059,40009,1312.03,538,1414,2448,5014,77538,21043,13822
2021,1,18,1152,62246,64159,25677,3655,1312.03,3518,3887,3796,9576,95238,33153,11954
2021,1,19,97713,60658,7041,83802,71113,1312.03,3329,2991,1760,8042,54401,30883,15646
2021,1,20,48216,29940,17315,15665,1307,1312.03,3059,3809,2098,7217,44486,10752,44854
2021,1,21,79172,24357,992,94320,3933,1312.03,3824,2997,4591,6982,18150,10703,12582
2021,1,22,32862,76480,95047,23738,60874,1312.03,972,4089,1488,9288,41105,13397,49448
2021,1,23,99493,44165,32207,72943,11383,1312.03,886,1905,3753,8366,17576,37685,43045
2021,1,24,63620,77753,72035,53211,44969,1312.03,540,4182,3016,6686,34271,43890,40186
2021,1,25,7464,5244,69332,3203,26235,1312.03,2951,2078,4600,6070,15020,32334,10437
2021,1,26,74555,65067,5592,24660,32457,1312.03,3697,2427,2271,5918,81989,28592,39520
2021,1,27,57269,28607,72775,40286,70271,1312.03,527,2734,3640,9858,97288,19530,7046
2021,1,28,80295,30241,96954,51247,11751,1312.03,4933,2656,4744,5524,27316,42200,28327
2021,1,29,11397,6014,70980,45020,73097,1312.03,3611,1490,1575,5484,70650,14830,2969
2021,1,30,19783,87530,29580,64776,57388,1312.03,1002,4033,3460,9307,10568,35210,26869
2021,1,31,77634,55213,4219,3731,27090,1312.03,930,3485,3899,6910,83504,26996,31535
2021,2,1,23469,73714,67806,36206,60716,3079.64,2340,3244,1174,7115,11272,17614,19652
2021,2,2,89470,76017,82263,38777,97648,3079.64,2762,2860,3043,6492,96301,35929,17473
2021,2,3,98775,34787,89830,32037,34643,3079.64,3267,3110,1890,6072,94316,17605,33178
2021,2,4,22076,66657,15850,4011,20124,3079.64,2812,1898,1670,5075,81072,27847,37833
2021,2,5,78900,13835,97060,66943,66679,3079.64,2872,1805,4498,9053,13841,29141,43361
2021,2,6,42231,48461,53604,65473,34534,3079.64,4429,2960,1864,5278,76970,17402,47920
2021,2,7,19463,6136,93347,49663,1211,3079.64,3861,1461,4605,7438,79756,37636,40772
2021,2,8,84282,98981,85794,45133,24386,3079.64,625,2967,4447,8466,48439,15332,49635
2021,2,9,58501,97869,88293,5780,79499,3079.64,3182,1278,2750,5770,81326,10634,31616
2021,2,10,73652,75188,18126,94610,66109,3079.64,3597,1742,3213,8790,11874,37598,47882
2021,2,11,377,68852,20566,64824,63080,3079.64,1507,2931,3224,9610,43711,12722,19005
2021,2,12,82768,33246,78035,70518,32478,3079.64,2181,2481,1810,5046,17090,17008,9361
2021,2,13,24541,32040,103,37754,32782,3079.64,714,4509,2179,9106,14333,26611,28329
2021,2,14,97627,10841,14543,80851,11993,3079.64,4925,4759,2850,8632,81628,13370,24606
2021,2,15,13673,90162,79162,80925,469,3079.64,2932,1360,4642,8035,79113,27423,12604
2021,2,16,26364,70818,26933,39896,99440,3079.64,1506,2065,4810,8454,77915,13154,7618
2021,2,17,5655,37841,24267,29857,92153,3079.64,1536,2176,2408,8226,12430,12876,22247
2021,2,18,94653,17385,70589,39295,31772,3079.64,3069,4487,3223,6354,14382,10678,16054
2021,2,19,50324,30889,49728,51486,78289,3079.64,992,3942,1835,5258,30151,40339,43995
2021,2,20,27505,33040,12516,39913,15090,3079.64,4140,4741,1416,9728,65388,47475,31968
2021,2,21,22135,14810,71963,75358,7516,3079.64,3019,2839,3584,8206,25676,28224,2697
2021,2,22,38093,6669,28520,19928,28279,3079.64,1618,1576,1709,5485,12047,13606,8671
2021,2,23,87453,97541,32893,53157,53621,3079.64,1983,1518,3089,5297,51111,36957,48281
2021,2,24,57994,95483,94797,7930,89581,3079.64,1153,2673,4845,9354,63952,38123,36825
2021,2,25,39695,6924,60259,47757,62409,3079.64,906,4861,1198,7606,19369,39818,22307
2021,2,26,18431,2705,15574,47873,58002,3079.64,4829,1998,4871,5977,40275,34451,33037
2021,2,27,32802,76429,28477,8999,57454,3079.64,2122,3499,1418,7380,61255,44464,8782
2021,2,28,46039,48515,60678,48589,52313,3079.64,3407,2095,2750,5462,34967,14216,30047
2021,3,1,19797,73098,14592,32126,29725,2545.48,1278,1153,1854,9174,79958,19004,15396
2021,3,2,87400,9810,1061,61132,87418,2545.48,3522,1872,2554,8470,18410,18953,11878
2021,3,3,76870,91691,68056,13554,43010,2545.48,3274,4157,4608,8444,11282,44333,25160
2021,3,4,79613,92562,66839,39837,82839,2545.48,798,1589,2957,5220,47720,10374,46797
2021,3,5,54483,87595,96306,43389,59706,2545.48,2341,2926,3943,6502,66480,15694,1814
2021,3,6,21909,16107,31111,36517,80324,2545.48,849,4936,4954,8088,16124,34144,42394
2021,3,7,27188,57669,20734,146,16626,2545.48,519,2459,2400,6364,30848,48457,34806
2021,3,8,74079,43190,1384,83022,39939,2545.48,4974,3198,3969,6085,31067,30645,17864
2021,3,9,24831,28269,56934,76137,92309,2545.48,570,4495,2077,8174,19640,13703,23058
2021,3,10,15819,96513,51163,88219,69690,2545.48,3027,1022,1552,8832,43140,47842,32011
2021,3,11,38627,94468,92394,38949,76905,2545.48,4593,1734,1728,6526,77870,44036,23461
2021,3,12,65936,4503,63533,13013,35516,2545.48,1715,2685,2388,8470,72256,32077,49525
2021,3,13,42593,25284,42197,497,79695,2545.48,4691,4673,1156,7084,73621,39412,1690
2021,3,14,30545,93215,7499,82273,69741,2545.48,2661,1360,4870,5100,65039,41737,35369
2021,3,15,38422,41756,25775,50811,2338,2545.48,4239,4929,4666,5774,61778,35712,48031
2021,3,16,9478,76470,70386,21986,83554,2545.48,1397,1826,2220,8895,29073,23312,44007
2021,3,17,20616,71735,75340,26838,10632,2545.48,3574,4053,3486,8706,16215,13318,40380
2021,3,18,8732,65455,62105,48398,73243,2545.48,4109,2719,1703,9000,18846,17014,23883
2021,3,19,14854,32454,47058,68427,51349,2545.48,1738,1963,4217,6870,98800,24849,26132
2021,3,20,23810,83727,40255,22296,94428,2545.48,4470,3158,3275,7926,51555,11518,6470
2021,3,21,41810,52017,94238,74865,6512,2545.48,514,2717,2747,8530,12296,49096,15295
2021,3,22,14662,14234,87412,95232,97664,2545.48,710,1472,1290,6686,60119,30717,2565
2021,3,23,99508,99590,228,37783,17517,2545.48,4300,1364,3799,9890,50541,26662,1783
2021,3,24,75185,42015,80732,22932,80546,2545.48,3379,1558,1108,5791,13588,15123,36875
2021,3,25,44708,93222,36597,47350,36260,2545.48,3067,1542,2657,8294,89901,46525,13068
2021,3,26,96430,55554,38555,16581,15444,2545.48,4594,1979,3814,5366,46263,10711,5448
2021,3,27,27201,84643,72270,44661,26786,2545.48,4784,2844,3632,5474,35194,41244,45412
2021,3,28,25800,79614,77011,54809,24260,2545.48,2685,1386,3817,6239,53620,20612,33264
2021,3,29,78040,13216,77593,41854,69894,2545.48,2564,3445,4849,9550,58106,17987,23856
2021,3,30,86597,34243,55832,91582,63327,2545.48,2825,1938,1286,6187,60286,44898,41026
2021,3,31,9452,94324,31939,48269,66916,2545.48,3880,4954,1078,5658,12666,35019,35560
2021,4,1,22076,98465,94234,13261,72923,1767.7,1209,3516,4403,8294,12806,25429,12221
2021,4,2,56968,8673,12420,99507,85311,1767.7,3957,4633,1960,7164,46548,23871,23670
2021,4,3,8811,7855,88998,21635,11014,1767.7,1018,3088,1542,5251,62701,44459,40369
2021,4,4,47472,95263,17976,98227,19405,1767.7,3655,2723,1194,9738,92229,47856,37523
2021,4,5,92449,17540,27490,64409,91117,1767.7,3279,4926,3244,7266,37913,25610,40391
2021,4,6,50349,28932,75051,55534,14183,1767.7,4992,3005,4365,8648,76231,18769,4104
2021,4,7,21842,16240,77845,84388,85019,1767.7,2243,2466,3965,6085,58227,45081,20075
2021,4,8,66476,96507,11361,81072,56488,1767.7,3033,1835,4556,8084,62368,25090,49274
2021,4,9,68540,28713,19448,17906,29385,1767.7,3026,2577,3269,7038,51965,29639,45679
2021,4,10,67298,561,7107,71263,92998,1767.7,2695,4472,3191,6662,56896,34678,15334
2021,4,11,76033,96282,41515,70589,94366,1767.7,678,2905,1226,5125,97162,44683,20235
2021,4,12,27157,189,78613,71778,97412,1767.7,1417,1060,2490,9760,68674,40487,30578
2021,4,13,6561,51371,16313,84752,78130,1767.7,782,4162,1692,7306,24750,46559,39561
2021,4,14,13883,36782,75817,95534,68259,1767.7,894,1766,4518,8829,99896,36930,22979
2021,4,15,15759,1314,84343,79601,42541,1767.7,774,4100,1488,5514,33851,48868,3018
2021,4,16,42313,85986,53031,44506,79634,1767.7,1064,4868,2266,6880,10812,15524,44134
2021,4,17,6211,95619,43644,95730,80800,1767.7,4011,2909,1204,6716,92510,15006,43540
2021,4,18,36371,28951,52845,73462,98055,1767.7,2330,1494,4033,6878,84871,18666,3048
2021,4,19,35846,42289,78535,83112,59169,1767.7,4988,1546,1822,8631,77460,43057,1186
2021,4,20,18523,76472,5967,79727,76177,1767.7,3470,3899,1110,5342,18950,16378,14829
2021,4,21,55714,74691,14903,44747,16404,1767.7,4765,3600,3414,9312,51712,33934,16127
2021,4,22,24940,66701,15666,37198,41684,1767.7,1606,1710,1906,8925,39931,12125,43126
2021,4,23,83754,39754,7377,60237,92420,1767.7,3420,4484,1568,9675,18472,33534,9737
2021,4,24,65802,55349,2135,24216,96352,1767.7,4501,1291,3250,5654,74840,44933,20199
2021,4,25,99645,21448,71491,85594,90373,1767.7,4070,1938,2526,5814,50713,26297,27774
2021,4,26,97535,85487,40783,98314,35162,1767.7,3199,1934,3065,5494,41529,34416,16366
2021,4,27,36885,16031,72060,90136,22550,1767.7,1420,2194,4699,9263,24139,41423,46901
2021,4,28,17037,88210,81901,916,76008,1767.7,2212,3541,3100,8702,71855,13074,32615
2021,4,29,712,36407,70576,38777,86741,1767.7,4545,4977,4486,6446,46464,33388,12105
2021,4,30,24857,47885,5583,25908,37148,1767.7,2330,1082,4282,9231,71451,10289,29722
2021,5,1,48664,83831,82650,99363,72038,1554.74,654,3444,2837,5202,11536,10414,2263
2021,5,2,61100,51514,12132,39056,14330,1554.74,538,3566,2453,6171,15713,47174,45520
2021,5,3,23503,2602,97809,39086,74053,1554.74,3634,4068,3280,6283,38430,30317,8098
2021,5,4,38546,54856,5114,77735,10058,1554.74,4027,2508,4515,7510,26564,15197,16651
2021,5,5,53031,6829,93764,70484,13000,1554.74,4010,2853,3430,7302,16590,19926,25829
2021,5,6,56269,11925,57903,64549,98208,1554.74,1217,3104,2540,6331,30838,43949,46333
2021,5,7,99334,76218,81459,201,33729,1554.74,804,1758,4850,9160,73593,44201,8023
2021,5,8,51342,23956,13408,79772,55775,1554.74,3605,2042,4974,6508,92942,14533,38050
2021,5,9,69193,54160,17639,36733,36843,1554.74,682,1175,4694,8590,52728,16854,48477
2021,5,10,36515,84478,61533,67717,9991,1554.74,3269,1331,1762,6734,41102,47559,1478
2021,5,11,79727,39708,75954,46053,12568,1554.74,585,1760,4406,8223,34844,26249,18896
2021,5,12,93053,81879,28777,34099,10371,1554.74,3872,1884,2334,6756,30952,42324,47857
2021,5,13,38234,59223,53656,30019,17251,1554.74,2577,3328,1642,7070,59380,29736,44758
2021,5,14,38778,69967,77849,78185,14542,1554.74,785,3945,4571,9561,74395,21293,12693
2021,5,15,97419,83268,68179,79753,70024,1554.74,3428,4609,4704,8362,54627,41955,15483
2021,5,16,53193,32206,5284,4009,2088,1554.74,3744,1740,2334,6398,19049,48227,31017
2021,5,17,90638,89835,22174,1561,5748,1554.74,2853,4517,1188,7383,15621,32563,12921
2021,5,18,22867,4050,7173,13923,62485,1554.74,877,1362,1458,7513,36037,12444,28153
2021,5,19,24882,36134,69662,92216,14079,1554.74,894,4715,1248,8967,12560,16996,5063
2021,5,20,58241,45481,52866,54429,52865,1554.74,1991,2082,3888,8406,12018,11054,34840
2021,5,21,38669,28235,83402,65378,72100,1554.74,4173,1980,1154,7680,11104,19650,19439
2021,5,22,68898,12342,90718,96499,57662,1554.74,3494,1812,3824,5432,86681,28040,13345
2021,5,23,67551,40025,36475,72792,541,1554.74,516,1130,2065,7844,37289,18338,42480
2021,5,24,43357,31464,72497,15281,11651,1554.74,4930,1899,1736,5647,93397,30749,44396
2021,5,25,88992,23244,96651,64168,5956,1554.74,3560,4857,3356,5034,62648,40248,33332
2021,5,26,87514,3165,12162,90931,43435,1554.74,822,1790,1836,8942,18422,17840,49451
2021,5,27,33338,3353,22168,56427,95352,1554.74,2175,1398,1350,6006,81213,11115,15565
2021,5,28,33510,89774,67325,73218,34809,1554.74,4818,3673,4489,7946,29604,42923,29974
2021,5,29,91430,96051,96066,88696,34994,1554.74,3962,4682,4191,6129,41108,29542,14488
2021,5,30,68047,94637,46589,23207,44815,1554.74,673,4675,3927,7997,84245,18735,27803
2021,5,31,14323,14064,7410,63813,56043,1554.74,1735,3823,4415,5612,68870,34408,3366
2021,6,1,82834,69092,17833,18963,26552,2788,2008,1187,1290,6566,82353,17906,13727
2021,6,2,27240,77030,4749,95238,61275,2788,4559,1689,2245,9723,64083,19830,23485
2021,6,3,46460,27907,16378,15613,13130,2788,4252,1934,1229,6882,31276,29132,1584
2021,6,4,97164,34638,66673,23831,61204,2788,4651,3443,1054,9399,10742,14750,49026
2021,6,5,89236,25944,11722,86481,15668,2788,3442,2126,1158,9820,94090,33192,25805
2021,6,6,86959,9695,29155,89540,43132,2788,3671,1206,1419,5343,80476,22623,26783
2021,6,7,50722,75128,77419,93128,74527,2788,3160,3762,4745,9772,66594,35412,43803
2021,6,8,687,36390,13891,20750,22562,2788,3941,1752,2675,9447,15410,27158,7981
2021,6,9,76230,50434,17453,87650,52130,2788,1624,2850,4407,6454,95977,13933,47929
2021,6,10,64197,9138,44048,83942,34020,2788,4354,1057,3383,6498,71806,35944,10643
2021,6,11,57578,25748,11816,91605,25195,2788,3762,1423,4010,5142,10858,46139,43578
2021,6,12,16847,98401,65342,6254,68795,2788,1538,2990,1808,9526,33284,37179,11320
2021,6,13,57581,68991,88237,20964,2235,2788,3259,1163,2141,5734,67767,43687,10043
2021,6,14,11356,36530,61464,5366,39096,2788,2857,1892,1640,9550,78546,14198,16888
2021,6,15,27222,65086,99778,14031,95672,2788,1209,4603,3403,9446,13846,36989,33062
2021,6,16,15841,30178,13154,34335,97956,2788,3021,4310,3802,9484,31027,39249,30921
2021,6,17,22725,15237,61544,4365,64788,2788,1150,2008,1462,7486,22390,17197,40090
2021,6,18,20341,73601,86801,38744,29399,2788,733,1590,1599,5238,95924,18246,10071
2021,6,19,2511,90299,80217,36313,29783,2788,562,3858,1480,7105,89574,15248,11245
2021,6,20,43547,60726,99629,48722,48005,2788,2270,4697,1970,5423,23440,15450,22019
2021,6,21,95494,15526,35664,52094,37116,2788,2999,4626,3237,6442,75938,18020,47940
2021,6,22,14461,17853,53231,57293,4958,2788,4912,4856,4882,7206,29929,17886,42806
2021,6,23,19263,12200,52584,31234,13975,2788,620,1650,4253,7814,77913,27721,42377
2021,6,24,88909,17265,17348,43498,20481,2788,2869,1292,2490,8870,17180,48799,9638
2021,6,25,40258,89850,13656,60140,70742,2788,4377,1654,2136,6636,37588,36110,43585
2021,6,26,22042,42895,11931,62647,215,2788,744,1926,3460,7714,48972,10292,6196
2021,6,27,67353,76842,11586,11195,74294,2788,1345,4550,1371,5622,91041,47112,36523
2021,6,28,49938,35420,3468,22074,48733,2788,4536,2125,3950,5646,49771,16822,41057
2021,6,29,59015,90140,22344,98827,64206,2788,4118,2909,4508,7055,59103,38802,21316
2021,6,30,23578,35450,69705,49949,41803,2788,3412,1739,2517,6880,30165,11249,10747
2021,7,1,54702,64727,8239,7520,14498,2050.26,2885,4636,2449,6874,68842,35116,8755
2021,7,2,57183,33104,99626,44238,92208,2050.26,2815,4008,4483,8240,85810,12718,4780
2021,7,3,97529,93902,14099,64409,24067,2050.26,3696,1022,1425,6934,18991,20923,41700
2021,7,4,22041,1877,91912,69491,99941,2050.26,4606,3474,1742,9478,17711,18768,27106
2021,7,5,75363,1879,62777,16199,52347,2050.26,2779,4874,1598,7542,30634,15610,14939
2021,7,6,23578,35683,10730,80004,32617,2050.26,2278,1008,2949,9189,56850,14241,46073
2021,7,7,36296,61458,37716,62857,98393,2050.26,1624,1862,1206,8810,12620,42355,21779
2021,7,8,25691,24085,8582,882,72315,2050.26,1491,2244,1249,7156,92247,40217,5568
2021,7,9,89646,75878,11226,53947,35067,2050.26,3187,2713,1780,9046,50569,10629,18077
2021,7,10,60386,32194,50737,66747,92946,2050.26,4101,3635,2478,8078,35869,36144,7042
2021,7,11,5954,52361,98389,97203,95934,2050.26,3771,1931,2864,10002,55877,17931,6988
2021,7,12,49425,90418,21997,11662,62672,2050.26,3643,4408,1111,9379,12318,14057,22567
2021,7,13,12774,31608,49045,26604,65642,2050.26,2747,1594,3626,9158,85148,49559,34914
2021,7,14,18124,38920,51491,989,20269,2050.26,552,1044,4137,7267,97706,26808,7369
2021,7,15,46186,86350,16218,67298,42081,2050.26,2706,4853,1354,6750,81456,35972,38724
2021,7,16,48017,94205,23920,1643,21693,2050.26,1201,4815,4339,9044,57155,34607,9068
2021,7,17,42765,8779,70652,56902,66047,2050.26,558,3583,1058,5270,95880,29491,34710
2021,7,18,21355,9939,84345,91686,56690,2050.26,4009,1057,2709,8570,22699,14401,32154
2021,7,19,93349,73901,70569,74040,9297,2050.26,3646,3412,1502,9297,25313,18900,27725
2021,7,20,30360,91728,47485,1418,74358,2050.26,2260,1432,1007,6450,15022,18106,9717
2021,7,21,30111,64111,80106,22820,48391,2050.26,2220,3090,3056,7788,32129,18894,2805
2021,7,22,51865,90776,70766,4720,36426,2050.26,4971,1784,4158,7624,84553,44867,12432
2021,7,23,79877,31815,6932,65884,79772,2050.26,4931,4881,1141,5036,49052,39532,10680
2021,7,24,7841,2625,13975,897,26765,2050.26,4601,3629,3231,6719,99700,39656,46105
2021,7,25,19151,56024,72793,39661,59832,2050.26,4527,4707,1034,7810,21942,13150,7347
2021,7,26,84843,46874,27869,75984,68262,2050.26,1867,1101,4544,5842,93349,12626,26921
2021,7,27,91947,12952,1290,45178,36023,2050.26,1186,1524,3365,7966,11184,33196,17342
2021,7,28,97677,62064,89256,3189,19875,2050.26,4823,1068,4422,5392,97051,42683,11198
2021,7,29,25964,28920,35137,5508,91114,2050.26,3168,3059,2788,5809,44588,43810,28486
2021,7,30,63152,12127,65335,36517,36106,2050.26,4712,3781,1286,5319,53322,15034,42871
2021,7,31,86517,74498,28581,60939,23542,2050.26,4973,4504,2254,5109,71364,28367,41984
2021,8,1,15885,77779,57736,61694,38720,2696.58,4844,1700,3232,5470,86950,42454,1546
2021,8,2,47425,37085,13741,39096,6759,2696.58,611,1255,1184,5812,21148,16346,37605
2021,8,3,22875,70654,11775,77984,58370,2696.58,2930,4253,2920,5665,52298,13288,40143
2021,8,4,3563,77144,57486,36795,54856,2696.58,601,3632,4223,5693,57727,20981,10788
2021,8,5,63299,99692,18590,45835,2593,2696.58,718,1819,1742,8546,19802,35111,39738
2021,8,6,72272,97733,75717,56544,33398,2696.58,4535,3312,1334,6754,90106,26365,28016
2021,8,7,14160,2060,11350,44736,27754,2696.58,716,2403,3768,5326,53237,37712,19078
2021,8,8,40396,39945,29532,67138,22074,2696.58,3601,1402,3418,8644,83591,13168,49335
2021,8,9,72333,63127,66481,93843,16499,2696.58,1560,2010,4998,7909,91745,19103,22939
2021,8,10,83339,73814,42859,52107,74472,2696.58,1171,1218,2391,5702,14707,40816,12448
2021,8,11,51389,83309,17865,31160,43979,2696.58,4327,1310,1878,6526,26505,47433,1457
2021,8,12,98,29418,60796,91448,27327,2696.58,550,1340,1353,9760,79123,17176,2541
2021,8,13,82209,35295,48395,34600,37350,2696.58,1768,3737,2762,9632,36248,13490,29455
2021,8,14,77441,80576,39404,58376,7735,2696.58,2160,4184,1677,5920,15631,10720,32261
2021,8,15,1848,42535,66021,44553,12295,2696.58,3081,4502,1790,6475,45454,16022,11497
2021,8,16,22282,87223,55582,85045,63207,2696.58,3136,1304,2405,7792,15374,46491,41830
2021,8,17,46152,87535,20676,74181,36842,2696.58,4536,1590,1614,7662,99592,14984,36308
2021,8,18,73405,77674,1991,86548,20502,2696.58,2038,2782,1018,5248,44178,30576,13797
2021,8,19,84450,52316,87576,73207,32559,2696.58,1049,3710,1835,6725,69242,10028,2950
2021,8,20,59385,98779,15069,54578,10688,2696.58,3416,1802,3686,6758,86990,29187,14662
2021,8,21,60555,24030,88323,27925,33001,2696.58,3501,3801,1167,6076,23359,33726,32501
2021,8,22,65379,9410,28789,72214,32487,2696.58,2242,3222,3161,7310,79151,40200,48031
2021,8,23,78324,57568,40644,87011,54327,2696.58,2549,1232,3015,7038,59157,16390,27635
2021,8,24,69725,34011,51170,70892,96439,2696.58,4617,1816,1186,9757,50382,32775,24529
2021,8,25,47789,82625,57350,77302,46287,2696.58,2501,1934,1710,8144,27972,31098,36501
2021,8,26,2131,76874,12331,70146,97746,2696.58,2513,2469,1849,8682,54712,34640,37840
2021,8,27,13211,59331,96457,13501,9088,2696.58,2627,3227,1638,9977,50528,42101,46839
2021,8,28,72830,84382,33064,83250,42527,2696.58,4347,1008,4260,6678,31154,18357,27388
2021,8,29,80870,35020,52179,2720,73702,2696.58,2359,3263,2573,5654,33115,41660,6892
2021,8,30,97007,95744,81241,59173,32073,2696.58,2625,4901,2502,5574,18042,41380,48121
2021,8,31,94428,68851,52389,65041,61881,2696.58,3397,2750,3561,5576,61821,17238,33543
2021,9,1,15533,11879,75041,65700,44994,3082.23,4057,2088,1298,8230,11034,28765,33053
2021,9,2,5856,10415,77620,22897,14918,3082.23,3675,1022,1387,8715,78352,21282,19000
2021,9,3,32114,21103,56196,34042,99276,3082.23,2860,4807,3040,7900,96858,17570,14811
2021,9,4,17305,75917,27827,97950,30499,3082.23,3066,2705,3752,5550,91953,25021,33339
2021,9,5,6037,25630,91494,27424,40697,3082.23,526,2809,2299,5042,23202,13158,19846
2021,9,6,2416,66063,37734,11808,315,3082.23,1192,2619,1024,8046,31920,14724,34592
2021,9,7,43710,91339,26416,3814,12024,3082.23,3835,3059,1426,6680,61834,16886,18369
2021,9,8,72878,43245,90208,80177,64498,3082.23,1750,3264,1658,6750,11423,46139,29763
2021,9,9,75427,77616,30111,2287,87987,3082.23,4643,3047,4720,9670,51860,48095,28383
2021,9,10,37132,30696,32507,97481,33728,3082.23,4878,1604,2584,5782,86780,18433,44341
2021,9,11,51201,89883,18050,63377,30718,3082.23,867,2496,3440,9346,24782,27778,29473
2021,9,12,712,778,75826,86784,3189,3082.23,4878,1306,4733,7384,54151,24812,27686
2021,9,13,28078,85383,31418,82014,6821,3082.23,1799,4372,1578,9706,54100,37853,34550
2021,9,14,80674,29969,10350,4114,68650,3082.23,3243,4361,1828,8146,56144,10908,35132
2021,9,15,68106,41024,95769,59191,74760,3082.23,4003,2836,1653,5420,84850,24825,16272
2021,9,16,66322,1650,65550,7106,52850,3082.23,4959,3522,1950,6670,53987,34619,19651
2021,9,17,56793,2231,20333,9054,42651,3082.23,4502,2108,1702,6622,86298,24963,42830
2021,9,18,42894,86654,44153,10900,18426,3082.23,2076,4747,2003,7626,16418,16204,29003
2021,9,19,3629,3164,49728,85951,24825,3082.23,1921,2968,2297,7254,23373,31299,20067
2021,9,20,50084,87876,24760,288,80850,3082.23,1602,1654,4063,5754,50993,32489,11059
2021,9,21,31109,53071,17237,78112,37049,3082.23,668,1362,4956,6470,42978,36132,25441
2021,9,22,96814,79900,84101,35463,37154,3082.23,1762,3588,3052,6114,20227,17812,23826
2021,9,23,68932,61831,65348,82996,47585,3082.23,1836,3693,1536,9072,73156,39163,16342
2021,9,24,90865,83825,96192,35821,60572,3082.23,1952,2385,4068,9646,92847,22574,39170
2021,9,25,62582,9610,92515,90634,67484,3082.23,4534,2766,4572,9942,52113,22156,12743
2021,9,26,97576,83950,17202,99691,49374,3082.23,850,1974,4182,5614,92410,34754,40359
2021,9,27,6918,30716,92140,25986,69472,3082.23,4911,2053,2300,7426,22686,44783,1339
2021,9,28,20169,38574,63902,11093,19808,3082.23,4600,3734,2668,6802,49776,32042,32368
2021,9,29,73513,4982,38633,47695,72730,3082.23,3800,4646,3109,7291,21983,47581,31043
2021,9,30,8631,36896,79635,35931,60674,3082.23,2065,2193,2245,7318,16580,43404,18673
2021,10,1,57886,27139,8707,41040,76915,1925.32,4551,3247,1474,8598,70976,43126,40749
2021,10,2,77399,66975,71237,84691,88959,1925.32,4672,2205,4803,5602,11542,33475,18818
2021,10,3,92668,72,7074,36338,24709,1925.32,1023,3945,2616,9468,39985,20882,1942
2021,10,4,11830,70889,35483,57562,49487,1925.32,2039,1885,4785,8275,27927,28743,22811
2021,10,5,73445,37600,37301,88248,99554,1925.32,3075,3572,1601,5148,44909,31309,40179
2021,10,6,45626,57285,96607,89594,62014,1925.32,1828,1622,2480,9270,64107,13942,36592
2021,10,7,85121,31148,204,91258,85775,1925.32,1352,4219,2081,7314,63818,47986,44483
2021,10,8,80183,1894,6559,36784,63394,1925.32,4444,4019,1814,8478,14964,37118,17821
2021,10,9,83995,41793,93665,91475,20455,1925.32,4793,1927,1114,5422,13184,41045,7773
2021,10,10,25832,99538,66617,24265,39542,1925.32,2251,4724,3680,5161,56507,28426,46788
2021,10,11,12982,7305,53798,38087,38356,1925.32,1556,2349,1906,6318,30176,47360,18762
2021,10,12,9345,11322,69288,30968,92670,1925.32,2013,3500,4713,9972,59117,17046,48825
2021,10,13,51769,97721,73979,16802,42882,1925.32,938,2215,4142,9024,26653,42497,46839
2021,10,14,84138,84562,31199,11044,36134,1925.32,3404,1830,4047,8096,92797,31717,27727
2021,10,15,42868,31163,16570,57581,36145,1925.32,1835,2912,4758,8690,21065,48992,42039
2021,10,16,49004,66293,21208,19498,81669,1925.32,3346,1622,3773,9545,93201,10134,14213
2021,10,17,37272,51606,79441,42672,12002,1925.32,4388,4868,4752,7309,28801,22248,22239
2021,10,18,49349,56989,76514,55459,59154,1925.32,4450,4509,3871,5657,44006,11891,47579
2021,10,19,6222,72354,44050,54995,48251,1925.32,2605,1873,3856,8210,44544,17209,37252
2021,10,20,40636,85285,88431,60389,58947,1925.32,2636,3294,1152,5501,63752,16076,17232
2021,10,21,23081,68204,6938,3304,10213,1925.32,806,1434,4649,9244,87780,17034,1900
2021,10,22,46496,60386,6125,51704,28784,1925.32,540,4418,2305,7400,46158,11251,17022
2021,10,23,7279,95148,35898,97850,20649,1925.32,564,3728,1124,7215,47031,27121,16003
2021,10,24,54512,28579,59908,94161,54175,1925.32,3411,2021,4425,7166,85076,12862,47689
2021,10,25,87909,70342,38980,56567,44037,1925.32,4169,2666,1166,6419,65515,15078,35138
2021,10,26,52422,62146,61014,69331,49361,1925.32,1451,3871,2975,5432,14383,23501,24398
2021,10,27,20400,29147,40523,61177,66386,1925.32,4385,1302,1890,6738,27212,12666,25599
2021,10,28,54854,27734,23996,35139,64153,1925.32,2423,2925,3007,6882,18110,17367,5863
2021,10,29,37834,15060,37591,7161,4123,1925.32,661,4521,2471,7535,16462,13857,18326
2021,10,30,13135,32787,34504,9075,2503,1925.32,1754,2356,1610,5749,92494,36305,28068
2021,10,31,11613,61270,19231,79620,91058,1925.32,3339,3891,4249,7281,52403,23371,37839
2021,11,1,99418,14245,49431,86953,32646,2374.13,1438,1758,2006,7486,67934,17132,29640
2021,11,2,23620,25291,80715,29369,34137,2374.13,980,1650,2601,6952,86463,13592,17020
2021,11,3,66644,31707,42393,33925,462,2374.13,883,1230,1359,5314,12762,29005,32116
2021,11,4,64954,19622,60790,45449,61487,2374.13,732,1830,1494,8670,30825,18038,28724
2021,11,5,84447,88159,16261,3401,41463,2374.13,1543,3105,2133,8936,58381,17594,19076
2021,11,6,51052,44266,83826,13764,79580,2374.13,4120,1778,4333,9909,22684,17171,3361
2021,11,7,98633,43047,2277,68999,60474,2374.13,4853,1272,2612,6113,64672,29074,49455
2021,11,8,41541,57568,3532,8674,76504,2374.13,2619,2555,1177,6444,57670,16934,11913
2021,11,9,96157,66791,62994,35491,36700,2374.13,2661,1683,1350,5190,37034,11108,35678
2021,11,10,37097,26888,83174,91061,49353,2374.13,1486,1794,1764,6902,99565,48268,14198
2021,11,11,51930,92185,42176,74460,84982,2374.13,1567,2489,1635,5912,49331,19686,49846
2021,11,12,57943,18346,71370,3018,89636,2374.13,4918,3083,1642,8091,34143,17346,8404
2021,11,13,72289,20630,8239,94054,10647,2374.13,3673,3927,2692,6854,53386,34025,24156
2021,11,14,50694,46307,31515,33681,2219,2374.13,3366,1350,1096,9480,79530,21530,47199
2021,11,15,49492,4449,64614,17486,28893,2374.13,4832,1180,1484,9422,11585,46383,48757
2021,11,16,83579,20259,41663,32623,71107,2374.13,1647,3151,1355,9036,71831,19860,45050
2021,11,17,11712,25198,36439,27255,66286,2374.13,574,2128,1768,9749,49613,15660,15969
2021,11,18,44858,798,83194,80595,60221,2374.13,3329,1270,1389,9994,92772,18847,11131
2021,11,19,96394,59420,57000,54101,90285,2374.13,4025,1996,1550,7558,45602,12098,45183
2021,11,20,82784,10740,85146,19553,56841,2374.13,1564,3050,1908,8942,98644,12128,1111
2021,11,21,12241,58327,72279,59982,59671,2374.13,750,2415,1652,8531,26515,31105,15051
2021,11,22,13715,56893,49454,447,23709,2374.13,3463,2843,2147,8608,58747,45339,11409
2021,11,23,6071,60313,13390,57979,77774,2374.13,918,1462,3064,8736,66346,12734,28387
2021,11,24,40139,61528,51502,97312,30059,2374.13,3417,1062,1260,8454,60570,41320,28017
2021,11,25,5631,14034,14165,44130,68994,2374.13,4469,1174,3223,9210,49394,27349,22912
2021,11,26,97597,35854,17363,661,94590,2374.13,4746,1080,1588,5018,48391,16006,1142
2021,11,27,25616,76809,68124,93229,87384,2374.13,4548,3013,4079,8712,37143,44424,45046
2021,11,28,71625,92965,35841,21200,62175,2374.13,3548,4771,1088,9082,76783,32029,35236
2021,11,29,82325,72883,83110,60265,4130,2374.13,4614,1097,4661,5484,39325,12044,31502
2021,11,30,97784,23874,5059,73215,38939,2374.13,3990,1134,1517,9831,48113,30043,8554
2021,12,1,96663,89815,8859,95278,82951,2303.81,2601,1674,1426,8444,76313,21850,40888
2021,12,2,38832,38763,12864,7922,94440,2303.81,2056,4665,1318,6518,73603,19514,24909
2021,12,3,45613,518,72741,31796,48631,2303.81,4565,1644,3950,8423,73273,41900,2784
2021,12,4,85664,50875,64085,26013,21444,2303.81,4214,1130,1034,7077,84548,12616,6750
2021,12,5,68338,6605,40969,14656,18227,2303.81,878,1590,1440,8618,11986,46423,14572
2021,12,6,11403,31552,58068,36705,76328,2303.81,3604,1990,3567,9040,17446,36363,31342
2021,12,7,65790,34921,12991,77654,78350,2303.81,3957,1687,2006,9860,77694,38720,47539
2021,12,8,55850,13574,35263,87290,22192,2303.81,3712,4945,1286,8132,86649,21479,47249
2021,12,9,5826,31606,49822,20745,56998,2303.81,2107,2787,1818,6838,16792,10102,20528
2021,12,10,67636,17102,63188,4482,58380,2303.81,4553,4228,1624,9642,17869,18710,40883
2021,12,11,42065,17935,59297,53569,92419,2303.81,1399,3243,1050,9830,18987,17252,12298
2021,12,12,78100,76096,6392,83547,62545,2303.81,902,1510,1637,6478,34661,15016,23185
2021,12,13,20469,10568,45597,91276,5384,2303.81,626,3799,2752,6274,17368,40170,29819
2021,12,14,54924,58768,4766,65179,66341,2303.81,2431,4439,1199,8822,44338,28744,40105
2021,12,15,78359,44386,25277,34997,23972,2303.81,1364,4440,1856,7874,52067,17192,26290
2021,12,16,91780,69046,72392,5884,45320,2303.81,2405,1595,4878,7170,81773,47570,39760
2021,12,17,57275,30557,92011,89827,85732,2303.81,4922,1794,2085,6550,15437,37408,2701
2021,12,18,19192,81803,81849,22401,10116,2303.81,991,1894,4313,6774,15564,30985,1106
2021,12,19,9494,20183,97581,90725,53705,2303.81,3294,1966,2614,5014,17156,28345,45706
2021,12,20,83005,2079,8787,96442,28629,2303.81,3850,4172,3730,8230,86572,48845,40577
2021,12,21,98671,17564,67092,17985,37299,2303.81,652,1791,2754,5812,53867,31458,41221
2021,12,22,24959,92163,8789,67573,38819,2303.81,2269,3175,4375,7408,34616,39356,42298
2021,12,23,94337,84819,53529,33067,33222,2303.81,3263,1891,4015,6854,66227,27665,6453
2021,12,24,72927,81549,90810,17033,10802,2303.81,4842,1530,1838,9982,19684,42009,44677
2021,12,25,82280,31955,30185,26656,69363,2303.81,2363,1910,1952,9002,13116,15544,31153
2021,12,26,58696,27732,63788,49063,25790,2303.81,1728,1222,2915,7788,32099,10148,30016
2021,12,27,28566,46942,90830,81757,86924,2303.81,1006,1120,3819,9942,12210,44533,26866
2021,12,28,1454,60926,24584,83777,63169,2303.81,672,1863,3134,9460,87277,23923,4052
2021,12,29,25828,80358,55343,70095,64247,2303.81,682,4164,1478,9406,14554,16070,37442
2021,12,30,59211,97390,39566,34382,17691,2303.81,3915,1000,4052,9850,19272,17154,18128
2021,12,31,90255,34945,46788,4741,30757,2303.81,822,1583,4422,5878,26678,45020,34065
2022,1,1,51842,4185,71239,84187,11457,2147.81,4748,3845,2517,8268,26535,31996,41601
2022,1,2,73045,78384,27401,9248,97656,2147.81,853,3951,2759,9638,79708,33176,35973
2022,1,3,81962,52644,47599,82321,95674,2147.81,2824,3867,3155,8134,64405,24611,42619
2022,1,4,32016,24154,83458,29533,18283,2147.81,1529,2679,4727,8929,33278,18734,26345
2022,1,5,91255,49132,84039,90366,86077,2147.81,3541,3038,2741,7491,66710,44767,30099
2022,1,6,30111,69535,8635,9618,59949,2147.81,4228,1963,2192,8084,37848,31826,23040
2022,1,7,26735,49378,39506,31462,4659,2147.81,1548,2264,3266,9526,10550,40695,39136
2022,1,8,30685,26172,8734,79778,13664,2147.81,4544,1070,1329,6366,69742,21277,25444
2022,1,9,22570,70323,29594,36114,54361,2147.81,2940,1094,1818,7604,28907,37828,17442
2022,1,10,12934,11808,50094,67552,78746,2147.81,3246,1572,1014,6672,11128,25261,19076
2022,1,11,25127,46456,85387,86456,95987,2147.81,4085,3555,1803,7366,71021,12515,21481
2022,1,12,21120,55314,93610,54290,79111,2147.81,2117,3395,1362,8562,92299,29421,38869
2022,1,13,27638,16898,71556,39237,50230,2147.81,4497,1450,4921,6236,78163,35907,27115
2022,1,14,37717,2249,70816,95872,72279,2147.81,3386,3397,3501,8347,47686,17936,8189
2022,1,15,73569,56156,17360,24245,31071,2147.81,854,3707,2907,7924,14295,43136,26011
2022,1,16,51391,78794,84845,91313,61382,2147.81,3571,4097,2959,5974,11321,20237,29360
2022,1,17,88927,19708,63635,18780,54408,2147.81,2743,2975,3827,5846,68571,14897,27673
2022,1,18,87465,54941,89958,30372,12866,2147.81,4860,4255,4397,8518,71919,10778,4253
2022,1,19,36768,15492,76229,34727,62582,2147.81,4963,2860,3608,9908,86639,44367,37550
2022,1,20,12622,14383,22343,12801,75837,2147.81,4050,4652,3558,8024,26376,41423,7266
2022,1,21,54612,66237,72031,70362,23645,2147.81,1139,1674,1596,7367,95137,18934,43951
2022,1,22,11269,16453,22587,34878,1402,2147.81,4244,1526,4960,7939,59526,32149,9227
2022,1,23,91557,3577,11802,70115,53936,2147.81,1537,4899,1540,9920,95260,44409,38178
2022,1,24,10223,26400,4821,86016,50120,2147.81,741,1387,2761,9680,12616,16758,16310
2022,1,25,88907,58214,97241,28867,42505,2147.81,2367,4060,1695,9169,16730,30631,6768
2022,1,26,43699,82065,55531,64465,31985,2147.81,3873,2206,3541,7158,44573,10012,17143
2022,1,27,46356,1668,21401,95470,81348,2147.81,983,1605,3581,6458,31823,17510,1506
2022,1,28,16344,9192,85147,93039,14713,2147.81,982,3410,1385,7642,39226,19722,39322
2022,1,29,79046,64453,78281,88940,94499,2147.81,3951,2205,1756,6703,52674,38572,22855
2022,1,30,37073,98659,25178,45654,58235,2147.81,3091,4577,2543,9188,83967,13607,23353
2022,1,31,3911,23990,72019,91648,35893,2147.81,2721,1290,1402,6002,20229,36546,11245
2022,2,1,69181,43753,2434,72237,96427,1614.57,4308,1436,2534,5282,86022,11782,41006
2022,2,2,84405,60600,54783,98994,60920,1614.57,4255,4908,1759,7255,37152,34356,18390
2022,2,3,71329,68443,76405,77331,88672,1614.57,3890,4204,3055,5322,46440,35833,29304
2022,2,4,98681,72101,47271,81215,43414,1614.57,3453,4170,1006,9184,59515,21163,33293
2022,2,5,92977,95124,72424,66089,38731,1614.57,1796,1078,4370,6410,14994,49393,9576
2022,2,6,22504,42632,89950,61911,308,1614.57,2744,3987,4841,5494,96554,18255,36390
2022,2,7,11011,66360,12426,21255,90947,1614.57,3769,1126,3415,9606,66362,22145,38293
2022,2,8,7121,49511,32205,17843,9064,1614.57,2235,1566,1280,7185,19668,11587,2298
2022,2,9,59927,23926,26928,84769,85292,1614.57,4375,1301,1192,8152,33908,47138,39834
2022,2,10,86445,42678,13765,69861,40223,1614.57,2005,3694,1988,9126,81536,10114,46480
2022,2,11,9211,15124,2972,20492,38661,1614.57,3430,4939,3077,5357,99707,38368,12801
2022,2,12,31543,85435,51022,37735,83587,1614.57,1224,1270,3959,5394,56242,17366,34930
2022,2,13,77821,64601,64228,23810,21514,1614.57,886,1458,2238,8185,51215,15899,12116
2022,2,14,27338,99646,30839,96767,91356,1614.57,566,2897,2331,5024,76984,32269,46898
2022,2,15,3790,44561,2300,47749,25902,1614.57,3281,1318,4494,8860,43883,11007,24895
2022,2,16,90976,55450,91732,68214,69987,1614.57,938,3675,2592,7654,10441,19766,42947
2022,2,17,10904,61928,73197,43235,64435,1614.57,1855,3223,1093,8320,32323,13414,16533
2022,2,18,85402,80605,73421,24896,9465,1614.57,902,1791,4104,7982,10926,25442,33656
2022,2,19,36933,1822,89118,95877,65829,1614.57,1175,1731,1485,5724,36318,25919,49559
2022,2,20,2257,28174,10496,29702,38681,1614.57,3048,4081,4775,5650,65328,15591,42819
2022,2,21,6476,51232,82384,11932,61570,1614.57,2373,3501,1913,6490,10730,34093,33741
2022,2,22,92401,73258,60826,53886,8982,1614.57,1156,2590,3020,6016,57291,46701,13496
2022,2,23,65823,56692,37135,5598,29512,1614.57,1188,2338,1782,9923,80621,31615,2464
2022,2,24,70016,67995,46469,71930,60837,1614.57,2374,3236,1808,6408,23473,22141,23551
2022,2,25,63047,35983,16084,21068,58986,1614.57,4120,1159,1418,5046,63108,42282,23376
2022,2,26,90070,34298,44621,76468,20573,1614.57,4434,1186,4588,7255,78869,36777,41595
2022,2,27,60806,51244,56366,23966,796,1614.57,1107,3841,2173,8790,10150,41158,29840
2022,2,28,1918,35381,32319,64689,22988,1614.57,1970,4408,1075,7942,11762,33000,45427
2022,3,1,30311,73589,85478,17566,52458,1920.52,4723,1974,3619,8688,20847,24810,22255
2022,3,2,31148,1042,56984,43339,2302,1920.52,1607,4034,1812,6295,77021,17190,48143
2022,3,3,99618,6430,71019,17561,12306,1920.52,2096,3968,2606,8925,92885,46415,4019
2022,3,4,51180,87609,32820,96152,6298,1920.52,961,3796,1060,7945,13486,23361,3668
2022,3,5,42440,75095,27396,55604,17742,1920.52,4193,2359,2198,5211,34919,11720,20769
2022,3,6,5582,28368,31176,49540,7294,1920.52,2306,4824,1669,5126,70975,34318,24062
2022,3,7,65146,8290,88116,36206,86235,1920.52,4566,1110,3047,6638,10198,10789,1602
2022,3,8,74083,81174,44501,17633,16386,1920.52,3488,3318,4138,9336,87858,47783,45772
2022,3,9,45077,50165,22609,56747,45291,1920.52,2416,1770,3224,7562,46640,20810,9936
2022,3,10,29838,72560,65836,22885,42226,1920.52,550,1307,3989,9060,33940,46726,32816
2022,3,11,90297,23781,35045,30788,44796,1920.52,3570,4872,3067,7530,62970,34709,22903
2022,3,12,43819,70387,45146,62043,98623,1920.52,4205,3459,2048,5598,67695,39273,8138
2022,3,13,64209,17722,71934,28198,28599,1920.52,4923,1018,2357,9967,66034,14314,22226
2022,3,14,99223,60957,97025,72290,78488,1920.52,3350,3657,1733,8495,17051,45355,9995
2022,3,15,92986,16257,90167,6386,97650,1920.52,659,1857,1934,7898,12822,20533,7862
2022,3,16,72522,47682,55781,34879,24001,1920.52,2030,3222,4122,9055,11863,43961,38167
2022,3,17,15402,35215,32619,78487,20062,1920.52,802,4398,2278,5894,35784,29927,49671
2022,3,18,4574,97796,58137,12860,31740,1920.52,4744,4260,3575,7534,39138,18928,30895
2022,3,19,60043,97521,92151,59166,52928,1920.52,4478,4681,1932,8418,63167,41993,20367
2022,3,20,68120,3362,37745,50398,50073,1920.52,660,2004,1323,9636,83857,19414,23529
2022,3,21,85709,33602,40027,30636,55479,1920.52,4563,1872,3036,8066,91037,45964,45517
2022,3,22,44785,60517,30646,16717,78966,1920.52,558,2084,4877,5620,13833,46302,10165
2022,3,23,52686,44159,67300,24009,65325,1920.52,4774,2384,2462,9800,98019,39292,17509
2022,3,24,95317,13936,21165,88354,38354,1920.52,669,3137,4070,7666,16205,34387,12203
2022,3,25,7831,57619,47824,37709,36777,1920.52,734,4461,2167,7661,29822,37491,11657
2022,3,26,1523,89597,71228,18985,89398,1920.52,3276,4713,4533,9440,89418,16982,35599
2022,3,27,57995,40088,53728,63417,54106,1920.52,2803,1936,3903,5626,15996,30679,19933
2022,3,28,57284,66359,70141,95803,372,1920.52,3293,1893,1832,9050,20877,45308,16315
2022,3,29,56471,29154,96374,56005,74947,1920.52,998,2940,2231,5302,96357,46337,2145
2022,3,30,50255,60513,74626,94158,72492,1920.52,1188,1126,3331,7681,41928,40054,6974
2022,3,31,93996,41574,91949,99907,12446,1920.52,1566,3915,3331,8594,41271,49629,12826
2022,4,1,51515,82570,85020,31837,95279,1762.73,3442,2143,2333,8952,44634,29306,31357
2022,4,2,141,90761,68990,77822,32689,1762.73,1817,1236,1994,8075,12262,30169,9045
2022,4,3,99643,71974,54853,40287,13246,1762.73,1722,1111,2051,6994,29299,48681,4482
2022,4,4,49451,44094,70825,21784,53046,1762.73,2442,4538,2570,6431,63711,21610,15459
2022,4,5,61828,35529,62224,12820,39957,1762.73,4341,1910,3607,8396,96236,33204,31634
2022,4,6,68676,62959,80668,72079,31052,1762.73,2111,1012,1674,7936,18637,23457,9967
2022,4,7,89747,36080,9348,28670,38863,1762.73,568,1390,4939,8855,29861,14895,23059
2022,4,8,60489,39203,20846,30448,3397,1762.73,3651,3423,1391,5430,76853,27442,17082
2022,4,9,20637,80317,7945,91049,54605,1762.73,857,1416,4012,6556,89372,34226,42934
2022,4,10,29615,6004,34917,54554,84859,1762.73,800,1699,3980,6645,92146,23728,14779
2022,4,11,90079,22151,28504,86470,32821,1762.73,538,4809,2025,8208,77209,13268,21709
2022,4,12,97494,24419,17333,76506,80975,1762.73,2083,1940,4060,8030,97846,30270,23057
2022,4,13,43131,33647,91970,63463,90293,1762.73,3543,1722,3970,8214,83192,38142,1906
2022,4,14,70108,13457,74304,88485,68017,1762.73,974,1861,2282,8798,74718,39608,1513
2022,4,15,18207,1802,16550,47267,63802,1762.73,3889,3283,4393,5858,86746,21037,30748
2022,4,16,2679,90290,67761,58001,38688,1762.73,1143,1238,2112,7286,13630,15128,17305
2022,4,17,88312,75097,46990,96946,70247,1762.73,1554,3452,4860,9455,52071,20014,21708
2022,4,18,50203,45961,43298,30948,48171,1762.73,1985,2201,1684,9745,25201,41724,46396
2022,4,19,37050,71345,16871,34162,8144,1762.73,641,2806,1204,8982,19512,25843,30502
2022,4,20,17042,96306,80648,56902,32113,1762.73,1915,2314,3678,7126,29614,43201,32719
2022,4,21,82961,31600,10403,19646,1345,1762.73,2721,4745,3300,7614,10526,31443,35604
2022,4,22,91445,37252,44250,13394,16234,1762.73,588,4626,1658,6236,13064,15122,4001
2022,4,23,18955,99796,13790,13986,36361,1762.73,2186,4320,1526,7588,55317,42698,43404
2022,4,24,3192,83039,63796,26492,43983,1762.73,4286,1778,1304,9784,81524,38889,19054
2022,4,25,5241,87113,88516,71899,73349,1762.73,2020,3655,1189,6542,22640,47549,11395
2022,4,26,44213,79827,83223,35567,63767,1762.73,3264,1957,2930,8266,19612,31912,38540
2022,4,27,77465,440,50043,83769,35328,1762.73,4009,1144,3679,7524,28817,16768,31567
2022,4,28,55272,15838,17035,66461,33000,1762.73,734,3563,2204,7178,29130,15970,6027
2022,4,29,68476,73747,99281,6406,65807,1762.73,4669,4622,1754,9434,59743,27551,25434
2022,4,30,2631,98753,18119,21310,42630,1762.73,1041,2900,4125,9427,80712,28476,46936
2022,5,1,11075,38392,4011,41011,67522,1671.16,4486,2620,1965,5891,39778,27398,36334
2022,5,2,20562,99401,19623,91626,59144,1671.16,4255,2896,1644,7698,17110,44932,47175
2022,5,3,77959,14778,74058,73738,95490,1671.16,543,2916,2276,5906,63926,41150,18886
2022,5,4,82240,89765,98771,34205,5657,1671.16,2954,2569,2948,7576,50546,13444,38549
2022,5,5,61103,44802,71341,92748,93071,1671.16,4031,2380,2994,8088,61118,14835,38218
2022,5,6,13326,3014,37752,70602,48920,1671.16,1751,2510,1442,8486,98066,13450,1679
2022,5,7,65422,26021,72372,19723,89950,1671.16,3166,1051,4071,9022,60150,43493,39270
2022,5,8,9076,64182,80875,28422,58622,1671.16,3256,1946,1357,7360,58900,26629,8345
2022,5,9,99039,70652,74140,6833,97526,1671.16,1635,2946,4578,5358,82668,18138,38559
2022,5,10,64629,15835,71932,65052,36693,1671.16,3544,2119,3967,5770,13794,37588,48434
2022,5,11,14115,50150,75888,91825,47510,1671.16,3453,2899,1782,8944,86083,19315,34788
2022,5,12,97503,39071,98615,12082,80782,1671.16,2960,1666,3469,5002,26812,16513,31283
2022,5,13,69678,1709,44986,98645,57480,1671.16,2584,2945,2026,8471,79769,15887,1878
2022,5,14,29611,98223,45139,35050,23520,1671.16,716,1021,1644,9330,49454,17425,47575
2022,5,15,66966,82416,29187,80435,20011,1671.16,3299,4687,4059,8284,18762,47890,22351
2022,5,16,60163,23621,35836,78541,2092,1671.16,780,1702,1502,9110,83103,14822,31958
2022,5,17,69845,70172,91073,72842,39503,1671.16,1618,1467,4293,5805,13042,18618,40527
2022,5,18,74508,82905,65344,64919,91190,1671.16,2808,2703,3647,10002,62595,12090,20028
2022,5,19,96954,39728,60145,43485,61999,1671.16,3535,1842,4771,9224,21035,19273,43248
2022,5,20,45134,77655,92093,84428,79812,1671.16,3731,4318,4601,5426,19237,17206,45346
2022,5,21,11806,48398,69846,21805,13394,1671.16,3895,1698,3520,8088,70183,16886,48794
2022,5,22,53640,83719,98714,83411,4678,1671.16,4035,4810,2402,9086,50589,27213,19749
2022,5,23,72825,10673,47885,83778,36100,1671.16,920,2904,1870,8498,69709,11616,17122
2022,5,24,20911,19957,88315,9432,30348,1671.16,1301,1382,4919,5494,14070,45948,24850
2022,5,25,11116,69136,45760,24870,46615,1671.16,3435,1590,3373,6319,19568,18954,12701
2022,5,26,49793,5489,23729,98015,77606,1671.16,4630,3516,4745,8604,24299,10093,9790
2022,5,27,55499,16953,60432,46771,8320,1671.16,2718,1582,1019,8477,60655,42634,10533
2022,5,28,1179,95443,28425,40904,78114,1671.16,1727,4257,4832,7430,42272,47438,14345
2022,5,29,50246,1903,62307,96343,82552,1671.16,1435,3050,4909,6448,84820,28228,2958
2022,5,30,10104,27539,80367,72475,32369,1671.16,1460,4898,2816,6237,90801,30930,7375
2022,5,31,90582,7529,75188,60415,64336,1671.16,4204,4580,1438,6510,27275,34617,17460
2022,6,1,63,72668,25729,33282,73840,2982.23,4736,2730,1360,8874,50098,16108,3958
2022,6,2,13672,16349,77219,39909,23502,2982.23,1842,1029,4687,7256,11716,33499,8149
2022,6,3,31461,42650,85566,34323,69925,2982.23,3789,4986,2850,9517,19620,33041,20183
2022,6,4,19827,79357,772,70503,27920,2982.23,4903,2943,3569,8514,14203,14150,1750
2022,6,5,96622,61046,54452,96310,68302,2982.23,1160,1113,3817,6930,50435,45093,16169
2022,6,6,51908,90577,65080,61110,40095,2982.23,4151,1272,1662,9854,63126,16664,34700
2022,6,7,12145,58031,82623,12066,46504,2982.23,4136,3125,2871,7184,55786,42525,46827
2022,6,8,56108,1947,58639,81277,33672,2982.23,1369,1930,1002,5826,63040,22448,25427
2022,6,9,42501,23544,48722,22909,84818,2982.23,2588,1961,2581,6562,18064,49085,28200
2022,6,10,43389,44516,8563,17613,18103,2982.23,1489,1134,1294,5946,71838,16317,14349
2022,6,11,76906,48209,18248,9261,6010,2982.23,1708,3509,1182,6781,87770,12010,47640
2022,6,12,91334,51711,19314,93915,98273,2982.23,4351,3013,4207,7913,91977,23662,44693
2022,6,13,32262,68467,14225,14908,36298,2982.23,2576,3203,1254,5824,38815,13272,36063
2022,6,14,79816,20524,21494,17351,83658,2982.23,4702,1342,2325,9015,85256,25597,9264
2022,6,15,20061,60961,49963,9268,28874,2982.23,4281,2487,1757,9857,17502,13055,41940
2022,6,16,82273,56324,92611,32895,22148,2982.23,4526,3314,3300,7371,35664,15726,31426
2022,6,17,36635,75367,43300,13960,50735,2982.23,908,2146,1746,5871,12765,17638,44909
2022,6,18,14163,62048,44933,40921,41905,2982.23,3975,4176,1526,6585,73423,48501,3680
2022,6,19,28011,79302,66816,12663,6673,2982.23,4620,3306,1110,8552,73617,27636,18833
2022,6,20,85532,79526,64783,7752,51749,2982.23,818,1832,1904,8886,23183,14203,27549
2022,6,21,73809,27159,38381,163,40096,2982.23,3663,4457,1104,7354,97119,47776,11804
2022,6,22,67016,78092,57435,77566,18716,2982.23,1554,4246,1928,5386,28350,45029,47404
2022,6,23,46589,3548,77293,2536,23677,2982.23,1739,3837,3985,5914,13999,34080,1934
2022,6,24,99627,79016,84890,7083,27199,2982.23,1210,4213,1452,10002,88130,45167,32009
2022,6,25,42400,59685,15766,85680,12374,2982.23,708,3961,4014,8714,77849,16202,10468
2022,6,26,74828,10941,17881,18813,82412,2982.23,4244,3389,3598,7910,10952,20796,48232
2022,6,27,18847,26682,65010,95299,21678,2982.23,1817,1742,4176,5174,66107,15812,3141
2022,6,28,83051,63169,16864,63417,37521,2982.23,2459,2348,2004,6794,47512,17690,11065
2022,6,29,66276,83110,2805,9874,3595,2982.23,670,3792,2660,8154,34090,39337,24628
2022,6,30,31524,40908,69766,60701,79843,2982.23,3601,4244,1598,7294,59012,11682,2225
2022,7,1,42825,65262,84885,44516,29126,2028.39,2142,3586,4807,6746,48533,49434,5652
2022,7,2,50391,87326,17095,12422,37769,2028.39,3945,1174,3900,9300,74869,27477,22784
2022,7,3,39599,70466,92870,91416,29479,2028.39,4295,2302,2395,5532,33169,22873,45783
2022,7,4,61184,76665,1460,2344,30033,2028.39,3129,1718,2318,6334,18400,25086,49993
2022,7,5,40712,53141,70114,65965,74138,2028.39,3441,3736,3152,6310,21503,27630,11336
2022,7,6,98446,75799,66285,25841,47683,2028.39,3713,1814,2470,6525,27561,22502,15807
2022,7,7,66518,12043,19277,20188,13619,2028.39,556,4330,1612,6986,20294,22101,28472
2022,7,8,59427,63736,85838,7579,16398,2028.39,1561,4842,1696,7845,57035,13525,23693
2022,7,9,83652,72101,88744,76122,88626,2028.39,4975,1214,1051,8512,75330,24669,32657
2022,7,10,62724,86957,45352,60688,85048,2028.39,4140,4473,1474,9966,52051,28482,15646
2022,7,11,75023,53613,93325,90866,37811,2028.39,4391,1461,3812,9486,13935,27437,16712
2022,7,12,8496,28911,98933,69547,79515,2028.39,4215,3589,2571,9567,19276,12618,24264
2022,7,13,71565,84769,23444,33650,19747,2028.39,3483,1121,1866,8159,15958,33269,25495
2022,7,14,4872,56378,21083,43684,15865,2028.39,2472,1432,1150,6405,10257,19598,35018
2022,7,15,77021,54473,18384,54592,60392,2028.39,3561,3308,3779,7004,98309,24878,4012
2022,7,16,48851,26793,86000,10662,64952,2028.39,574,4822,1440,5490,29857,42931,37986
2022,7,17,82735,17331,33643,63015,3736,2028.39,2808,1520,4723,7543,51698,25115,43900
2022,7,18,27907,85260,39776,66687,58616,2028.39,2916,2465,1228,8854,18127,12531,38085
2022,7,19,48253,44762,48707,25320,76127,2028.39,3250,3861,2245,7598,38227,15980,28564
2022,7,20,95792,77389,13088,26868,51284,2028.39,3334,4190,1396,8109,62228,41363,31138
2022,7,21,12546,20145,65182,10126,80412,2028.39,2656,1590,4421,5478,70335,20548,49661
2022,7,22,16279,88586,95762,28524,56831,2028.39,856,2621,2728,7896,95840,29012,1394
2022,7,23,55082,14175,58203,37830,72284,2028.39,545,1180,1926,5878,11305,14786,36783
2022,7,24,60387,83963,98705,4808,21677,2028.39,1707,2954,3977,7468,66478,30807,19040
2022,7,25,4162,27335,99781,31890,17630,2028.39,2253,4062,4795,7258,43244,48431,45622
2022,7,26,38590,38790,15964,95516,15868,2028.39,4204,1253,2583,8532,81060,49259,27270
2022,7,27,49653,22769,3567,23630,76589,2028.39,788,1508,3730,6921,28991,47711,20045
2022,7,28,82543,56245,36775,8690,74405,2028.39,3472,2993,1342,9436,24861,17378,46371
2022,7,29,83058,90418,43632,26993,54679,2028.39,1251,4331,1374,6169,44312,23104,41044
2022,7,30,66214,31454,53854,96296,18375,2028.39,4007,2268,1793,7133,42309,46197,49197
2022,7,31,93504,65783,59191,45015,21571,2028.39,2392,1968,1652,9530,47971,45499,34052
2022,8,1,40575,66183,93583,36745,26848,1732.32,4309,3300,1891,7858,76674,36088,16687
2022,8,2,75965,93943,24234,89450,52604,1732.32,2952,3385,4620,8646,56307,30024,20431
2022,8,3,56711,93639,37198,45438,41610,1732.32,3855,3536,1918,8789,35280,42078,32697
2022,8,4,51828,70942,50379,5072,2899,1732.32,2511,3862,3698,7006,68311,12612,43405
2022,8,5,52175,67616,41040,98147,11934,1732.32,4522,4995,2337,6906,30432,48946,13699
2022,8,6,80769,5641,63835,46000,74430,1732.32,4429,2609,1408,9624,47680,39306,49115
2022,8,7,64564,5192,84522,18262,86936,1732.32,914,4109,1800,7842,53607,15085,19185
2022,8,8,95653,98131,66434,2990,79850,1732.32,3287,1244,3857,8518,13242,19288,13218
2022,8,9,47589,61046,52249,33997,82205,1732.32,3303,3119,1471,8362,97732,24758,16281
2022,8,10,93361,38648,80220,30161,20601,1732.32,1598,1252,1956,8031,35593,11806,33827
2022,8,11,91249,20234,88776,10107,68708,1732.32,1097,1295,2789,9404,66644,21346,45393
2022,8,12,20978,6300,34466,58801,30476,1732.32,4910,3835,1700,8886,70348,15604,32199
2022,8,13,13956,81947,40403,62265,76330,1732.32,854,2577,2580,9197,94035,31287,25996
2022,8,14,90942,46485,13936,80084,51182,1732.32,1429,3510,1878,9014,47310,17353,30580
2022,8,15,34445,47221,57541,21642,43702,1732.32,4439,4009,1186,6193,52625,10090,27889
2022,8,16,78541,43048,86446,91122,22245,1732.32,2408,4538,3317,6343,19252,44498,30481
2022,8,17,83275,61051,83010,70153,79649,1732.32,3857,4093,1006,7750,52086,20297,46672
2022,8,18,5639,97878,44307,48178,84071,1732.32,692,3963,1330,6988,70084,44927,46932
2022,8,19,33971,58845,24466,77288,61541,1732.32,3137,4814,1488,7498,31319,41136,34087
2022,8,20,34171,35177,21582,60767,29279,1732.32,1063,1269,2897,5370,99446,38320,40021
2022,8,21,88654,66491,67284,44985,19981,1732.32,4911,1238,2563,8762,47589,24103,3720
2022,8,22,14815,52079,18919,42655,39578,1732.32,598,1734,1765,8076,50865,31044,1974
2022,8,23,78097,81929,82314,82346,73651,1732.32,2017,2304,4601,8610,23640,34581,48112
2022,8,24,24372,63552,54884,36936,44280,1732.32,2390,1810,1816,5330,34451,26832,18825
2022,8,25,29250,84594,16932,31016,72670,1732.32,3411,2117,1076,7076,49463,39727,17797
2022,8,26,91540,36481,18384,56141,7134,1732.32,2074,1504,3278,7858,84791,32557,8376
2022,8,27,47135,12183,74355,34390,74843,1732.32,1221,4092,3398,9018,51459,32420,8806
2022,8,28,78653,46223,49538,44729,39651,1732.32,807,1189,1833,5542,14754,25318,15353
2022,8,29,93918,60756,23175,32196,89066,1732.32,1104,1199,1500,5458,70588,27694,7967
2022,8,30,30616,48162,48139,24015,42666,1732.32,2786,1317,2171,8675,82397,18173,49598
2022,8,31,4029,83206,49363,72214,18748,1732.32,2531,4017,3799,7057,61212,11486,3045
2022,9,1,8670,55416,47876,14128,42356,3167.43,4743,1042,1110,5109,49533,12030,25571
2022,9,2,24248,87203,18182,12923,69601,3167.43,1950,4157,2069,9163,17054,10236,36356
2022,9,3,53047,33274,85266,40105,10839,3167.43,1479,4507,4897,5707,49986,18086,4482
2022,9,4,7630,11082,9122,47690,96191,3167.43,3699,1789,2209,8233,49712,31809,8655
2022,9,5,90941,83015,17319,93010,72179,3167.43,4475,1576,1200,9740,81680,32038,21575
2022,9,6,70574,49513,17898,46823,65220,3167.43,4075,2848,3965,9106,20537,41507,17884
2022,9,7,49555,40590,44650,11764,78823,3167.43,4924,4762,2375,7242,62771,15905,44362
2022,9,8,15170,43599,23835,86370,93339,3167.43,3407,1086,1378,5322,27086,11826,21867
2022,9,9,70540,92514,25798,65857,67062,3167.43,3716,2968,3276,8365,44731,48450,12688
2022,9,10,29079,21009,68213,22806,98251,3167.43,3711,4771,1878,8897,16140,10134,47336
2022,9,11,50764,900,97241,22143,3556,3167.43,1443,1818,3192,7196,56303,16886,24328
2022,9,12,96281,46372,49575,15909,81089,3167.43,710,1398,1665,8922,32972,46268,10658
2022,9,13,62610,38036,76040,69896,66933,3167.43,1872,2695,3079,8234,56189,12987,42181
2022,9,14,24792,47634,3435,57985,81227,3167.43,3238,3858,3813,8338,26118,19901,26090
2022,9,15,34822,56829,30069,66488,72103,3167.43,4107,1063,1075,5146,20959,34359,13041
2022,9,16,13679,7832,2055,23111,8296,3167.43,1097,3087,3581,5883,91071,36159,24597
2022,9,17,31973,65662,30018,87138,89826,3167.43,2039,2006,4315,7107,14980,11406,6136
2022,9,18,16500,36593,52481,33927,58092,3167.43,3285,1769,3974,6691,11231,22270,39792
2022,9,19,11288,47329,71710,49869,19564,3167.43,1027,2888,4793,9614,55025,15670,12781
2022,9,20,4884,62065,91969,34199,15524,3167.43,615,2022,3750,8906,82300,26841,15807
2022,9,21,94240,16938,14964,8215,53630,3167.43,1836,1268,4875,8545,47489,18886,26195
2022,9,22,97678,49869,93679,42471,82266,3167.43,3440,2148,2120,5408,37699,42644,48705
2022,9,23,1215,89667,91019,69966,94115,3167.43,3158,4706,1054,8121,29272,10237,23320
2022,9,24,70669,76109,41507,76896,94654,3167.43,1333,2330,3863,6364,34800,37480,38996
2022,9,25,45069,44593,40982,72189,46353,3167.43,1184,3919,4698,8555,50236,45165,28681
2022,9,26,28227,63395,99872,18483,7869,3167.43,646,3536,1034,6578,55431,16256,29144
2022,9,27,41926,58117,8587,97141,70833,3167.43,4621,1810,1374,7846,17794,17034,9739
2022,9,28,70635,51978,30954,71685,90533,3167.43,1849,3758,1882,6154,53593,18804,47542
2022,9,29,12216,48666,63693,33819,1596,3167.43,1426,4872,4943,5486,57012,30776,35476
2022,9,30,67455,7986,13029,88137,99940,3167.43,1523,1925,1608,8828,74962,26331,33822
2022,10,1,41812,11443,77307,24885,81388,2113.23,3451,1404,2506,7254,64351,27981,12463
2022,10,2,70049,24224,4277,61414,97588,2113.23,3867,1925,4433,6722,21864,48254,35053
2022,10,3,4880,25143,34054,23708,105,2113.23,1429,3267,4531,7480,83151,35918,26738
2022,10,4,12550,52956,82323,71408,56578,2113.23,4388,2977,1802,6902,20742,34835,46674
2022,10,5,71422,49611,6761,85855,99319,2113.23,4109,4197,1022,8162,44256,36575,44978
2022,10,6,11252,687,44843,65783,50774,2113.23,1700,4675,2301,8054,51082,20230,27995
2022,10,7,47048,16824,13208,34296,86841,2113.23,4131,3261,4912,5891,44116,49230,33951
2022,10,8,70869,94578,19780,57340,79092,2113.23,3914,1402,1073,8757,72477,31847,14036
2022,10,9,33104,74179,27875,46757,74553,2113.23,1986,2952,1568,6545,72247,32619,28957
2022,10,10,96848,91379,57234,13112,33623,2113.23,3693,1694,2278,8472,78182,41369,17702
2022,10,11,28861,38449,98065,9934,43558,2113.23,3132,1660,1072,9462,23416,15878,20543
2022,10,12,81316,56755,89929,77095,3301,2113.23,1066,1499,4906,6608,29611,19880,12177
2022,10,13,67353,58305,40724,79631,23130,2113.23,2351,1989,1062,7102,78274,33615,35258
2022,10,14,72311,52760,26628,49735,55118,2113.23,1710,1432,3150,6586,29879,42802,16397
2022,10,15,70168,5946,59303,40074,55597,2113.23,1306,2948,3569,7029,18930,36698,38914
2022,10,16,68639,22634,38688,58696,24402,2113.23,2310,3063,1073,8938,62797,15094,33315
2022,10,17,85335,80861,10328,24837,88852,2113.23,2639,4018,2503,6941,15443,34451,40207
2022,10,18,32207,91750,73752,95776,25131,2113.23,2474,3768,1666,7513,68816,12146,9034
2022,10,19,87180,61127,85484,89605,96417,2113.23,2147,3102,2002,7474,22939,34344,48282
2022,10,20,14033,90579,9715,92888,33872,2113.23,3690,2429,3259,7441,78204,24741,41510
2022,10,21,26475,77031,84863,74493,30897,2113.23,1912,3075,4804,9614,15370,27573,3679
2022,10,22,97030,71180,25676,42523,45006,2113.23,1866,4037,1098,5874,68276,39415,48615
2022,10,23,44442,11967,71845,77701,45760,2113.23,3794,2233,4783,7322,63077,40679,16402
2022,10,24,7335,9991,25108,38491,42387,2113.23,1063,4415,1302,8091,81937,15323,49140
2022,10,25,73058,75156,40713,28603,78088,2113.23,4369,2528,1918,5142,16581,33065,8989
2022,10,26,88968,85376,55299,65103,55384,2113.23,2134,4069,4717,7241,17559,37103,34728
2022,10,27,46381,99976,42871,66699,24419,2113.23,3373,2475,1314,9085,26077,44401,24808
2022,10,28,14426,60448,33283,51732,99366,2113.23,4796,3332,1590,6446,69786,23325,49864
2022,10,29,41174,41921,2395,85892,55514,2113.23,4346,1893,1280,8898,84943,10698,19954
2022,10,30,73377,33317,58175,6044,38754,2113.23,1796,3178,1050,5622,19666,10415,34252
2022,10,31,16294,39706,65100,84236,46152,2113.23,2560,3677,3158,9954,11850,48672,1239
2022,11,1,95267,66918,82541,43836,68214,1542,3564,2881,2765,5959,56635,18368,43240
2022,11,2,72756,26166,95772,22835,47428,1542,4127,2132,2638,9715,49636,38876,6187
2022,11,3,47276,69666,98387,57231,75586,1542,3490,2203,1342,6030,31039,14893,13411
2022,11,4,45622,80956,32775,79739,36915,1542,3107,4669,1927,7766,48855,29354,5762
2022,11,5,66417,4336,82839,4055,44051,1542,4282,1325,3491,8052,48555,10428,48827
2022,11,6,87432,68398,97633,34112,70781,1542,4004,2753,1966,8131,12492,12892,28672
2022,11,7,3893,10600,88914,35820,20830,1542,1525,2245,2104,5798,15314,36154,37770
2022,11,8,79543,33287,93832,14387,57308,1542,4814,4739,2136,8798,95202,47916,42388
2022,11,9,67470,44208,30671,9800,42339,1542,2691,2582,1958,7957,14754,14598,43163
2022,11,10,15727,46280,94540,74183,76996,1542,1688,2890,1830,8454,14542,25489,18544
2022,11,11,29259,44795,70229,56396,83594,1542,663,2414,1990,5362,77214,34680,15432
2022,11,12,60848,66258,47263,47313,44215,1542,4606,4940,4648,5498,50474,13214,12017
2022,11,13,84042,27163,90886,52224,97683,1542,2713,1940,4308,7941,99687,39253,44514
2022,11,14,29725,70352,6668,72067,71685,1542,3098,3884,1182,5926,12548,44353,33882
2022,11,15,98730,67156,70647,23378,32654,1542,1373,3046,3283,8610,85270,12317,21121
2022,11,16,43125,62984,89258,98785,27277,1542,4389,3353,1306,8518,61771,47332,38946
2022,11,17,44939,34871,12569,95078,55232,1542,782,1278,3624,5570,93690,15268,25118
2022,11,18,30254,51416,90676,78537,26,1542,2205,4501,1632,5638,74637,15261,42298
2022,11,19,51760,29027,88615,27408,90084,1542,1092,1974,1607,5622,46450,23190,1574
2022,11,20,61482,68585,43504,86458,61366,1542,4086,1618,4960,8982,86506,19970,3546
2022,11,21,59764,43712,80840,31397,6526,1542,1657,4637,4503,6522,18396,40938,5477
2022,11,22,18361,25841,42312,19969,62206,1542,3158,3686,3697,6661,10144,11382,38762
2022,11,23,6559,70583,59385,11519,21697,1542,2856,1460,1916,7400,29208,28831,45891
2022,11,24,85524,75866,19821,70027,43841,1542,2316,2200,1761,9627,82168,17942,4569
2022,11,25,8389,75328,82653,98439,28341,1542,4852,4899,1083,9237,62769,17779,9149
2022,11,26,71480,95626,15592,93786,25673,1542,2616,1196,2016,8788,97574,30856,11152
2022,11,27,13357,74892,59410,10118,94519,1542,880,4259,3256,8890,34049,27949,41578
2022,11,28,93589,83902,29201,89672,9491,1542,3803,1950,3947,5746,91107,45971,41970
2022,11,29,16899,30076,73520,70267,88864,1542,2475,3571,3689,6884,45041,23207,37447
2022,11,30,84814,30477,8819,18071,14917,1542,1019,4857,3121,5219,30880,18963,42868
2022,12,1,71036,66286,37488,26783,57393,2164.19,662,2467,3330,6650,76330,10776,49812
2022,12,2,14126,11255,39466,57362,56296,2164.19,2175,3123,4195,8150,18040,13415,29026
2022,12,3,72617,59250,72889,14188,90130,2164.19,2727,2517,3137,6298,17226,15529,41852
2022,12,4,17731,80684,52998,91061,27334,2164.19,3189,2811,1933,7654,15172,29580,45680
2022,12,5,53032,57348,32705,7228,33945,2164.19,1994,1560,2697,9882,37099,49178,17097
2022,12,6,51734,1180,26696,59871,2747,2164.19,1752,1828,3029,9508,27888,21715,47347
2022,12,7,56781,96078,29527,13715,20085,2164.19,4646,3115,3398,9430,96694,18806,44699
2022,12,8,75799,33689,75256,18496,43571,2164.19,2674,1656,4885,8748,71526,48983,12355
2022,12,9,58069,13279,85812,86098,24380,2164.19,2812,1160,1129,7390,11226,12565,13701
2022,12,10,48390,70873,52034,66788,79576,2164.19,972,1522,3768,7088,90221,17390,48728
2022,12,11,55796,57896,70347,85681,68617,2164.19,4664,1684,1503,7750,29134,12235,8226
2022,12,12,50528,86947,9748,76658,90638,2164.19,4222,1542,3197,5050,38517,37772,20974
2022,12,13,56336,90351,59499,55104,17440,2164.19,3793,3234,2614,8022,58914,26230,49720
2022,12,14,58718,93579,19268,46573,30407,2164.19,3807,1876,1699,8554,73942,17386,48402
2022,12,15,5880,13166,30419,14078,20773,2164.19,3201,3459,1286,7699,64914,43077,18936
2022,12,16,27419,95061,82664,35033,95553,2164.19,2615,4269,1508,6478,13606,31914,41578
2022,12,17,11636,76002,79200,63335,60908,2164.19,3375,3139,2659,8793,97216,19783,3143
2022,12,18,37730,31770,13244,13368,9470,2164.19,2796,1887,3217,5459,88272,35121,28158
2022,12,19,63389,32240,55743,14897,95474,2164.19,3162,3460,3937,8714,12614,19698,6585
2022,12,20,61857,41522,92984,44516,10316,2164.19,650,4396,4673,7796,94115,14142,6552
2022,12,21,88404,16912,17382,77973,38723,2164.19,3094,2110,4244,8836,33359,16069,22006
2022,12,22,91773,62874,89530,57062,71588,2164.19,3258,4795,1108,5196,10662,27216,9029
2022,12,23,99146,91314,41613,53819,85207,2164.19,4312,3609,3990,6802,67934,24064,2080
2022,12,24,73700,31029,26176,44296,66217,2164.19,1717,4341,3759,5206,31402,26699,25887
2022,12,25,41627,14661,76495,8529,7255,2164.19,744,2751,3470,7428,92921,30028,37158
2022,12,26,95789,27234,69991,64780,95279,2164.19,3843,1346,3952,5510,29625,12230,37925
2022,12,27,7257,56343,25862,62369,88941,2164.19,4067,1919,3276,7682,55447,45530,7265
2022,12,28,69071,41192,18282,63893,84901,2164.19,3921,1388,4787,8726,61820,16418,27555
2022,12,29,68188,67016,51748,53492,14739,2164.19,662,3346,4066,7225,11574,18728,47725
2022,12,30,4490,6134,6279,92766,88048,2164.19,4648,3469,4268,9281,37362,20521,11726
2022,12,31,66837,97636,1211,37976,27899,2164.19,4393,2437,1397,6141,65928,27487,29383
2023,1,1,87292,15835,24285,34517,32901,1737.58,724,4034,1273,8960,43433,34350,49996
2023,1,2,69124,16903,19971,24757,70617,1737.58,1592,4603,1701,9568,28853,37435,40492
2023,1,3,33962,41291,186,6455,23571,1737.58,1672,1734,3506,7718,61730,42759,27673
2023,1,4,952,33441,81794,23577,97916,1737.58,4278,3390,3480,8506,16302,45449,41579
2023,1,5,84741,16092,30053,42794,45660,1737.58,946,1954,1548,6774,18779,40119,25259
2023,1,6,74439,95452,67334,67946,12760,1737.58,704,1142,3855,8849,69990,26770,45416
2023,1,7,50428,94269,76513,25260,38517,1737.58,2060,4608,1510,6940,82402,12761,34660
2023,1,8,8724,62632,75086,25272,59398,1737.58,1742,3835,1344,5427,18132,34778,43865
2023,1,9,10844,45189,64841,89699,70390,1737.58,2821,1642,1830,9333,62428,10518,1183
2023,1,10,60345,49489,39928,77447,82954,1737.58,858,3028,2664,6610,33300,27061,38682
2023,1,11,25510,31395,27250,47530,96823,1737.58,2307,4017,1922,7010,30067,27311,45382
2023,1,12,14683,12889,14481,76486,88575,1737.58,3156,3918,4100,9435,26365,16822,43261
2023,1,13,88118,82925,66435,22134,14570,1737.58,4195,1431,2481,5602,20312,10655,49735
2023,1,14,4530,18972,84673,11452,82472,1737.58,990,3506,3980,9595,89991,32554,14740
2023,1,15,12856,99500,97825,71956,48935,1737.58,732,3403,3466,6796,75537,17578,40542
2023,1,16,12883,91085,27171,76716,33881,1737.58,2370,4761,1454,8394,66213,15277,47483
2023,1,17,53135,87681,78784,13467,7276,1737.58,1020,1482,4625,6582,24789,49912,35127
2023,1,18,739,71504,3316,40557,84652,1737.58,4943,3885,1288,8466,90601,36520,45205
2023,1,19,85949,44324,91283,68755,82719,1737.58,4032,2204,1527,9167,65670,35154,23848
2023,1,20,14295,28043,37989,15272,4591,1737.58,1535,1342,1274,9712,45884,35283,29130
2023,1,21,96408,57181,65522,82697,95647,1737.58,4216,1594,1797,6850,66701,15867,22475
2023,1,22,698,734,68072,78577,29901,1737.58,726,1102,4487,8070,92170,49078,1654
2023,1,23,97201,73706,20759,64185,74909,1737.58,820,1316,3823,5394,54012,19469,16644
2023,1,24,53816,89581,17416,86965,16432,1737.58,2832,3480,1201,7255,28409,47454,1906
2023,1,25,37350,8492,24353,48189,42915,1737.58,3618,1466,1580,8764,37002,31488,16523
2023,1,26,51021,52823,52805,91196,50516,1737.58,2016,4330,4101,6334,91295,11884,23169
2023,1,27,61253,10480,95365,78806,97735,1737.58,1259,1435,4969,6964,99624,15776,40126
2023,1,28,83487,79595,80702,90067,63972,1737.58,2907,1343,1062,5758,22538,21041,17704
2023,1,29,80233,65907,41725,9334,26691,1737.58,1217,2942,4850,5876,83099,15178,49372
2023,1,30,23060,9360,25373,88029,92676,1737.58,2263,1161,1894,5938,82580,34914,41349
2023,1,31,27020,86840,16258,13898,27551,1737.58,4939,4134,1054,6040,49819,47744,5149
2023,2,1,21037,52039,18589,20323,35139,1513.79,4733,1708,2896,8236,53524,18498,42525
2023,2,2,76377,46038,96540,85693,44970,1513.79,4063,1808,4062,5932,75711,35562,47806
2023,2,3,77901,99846,6618,87268,66018,1513.79,1005,3405,4104,9196,23727,40594,20714
2023,2,4,57118,83461,51444,91367,63926,1513.79,1962,1653,3708,7012,42345,28678,21320
2023,2,5,61307,71410,60487,91722,14371,1513.79,2283,3622,3747,8374,12241,34764,2550
2023,2,6,87319,58247,38170,26423,22840,1513.79,2016,1308,1709,9632,87674,41987,11898
2023,2,7,22483,54638,98641,6191,34491,1513.79,4868,2149,1734,6858,15510,18948,7339
2023,2,8,80609,97506,84444,49356,14111,1513.79,4119,1428,1282,8641,44202,44121,46685
2023,2,9,539,77571,6782,78600,62382,1513.79,1938,1215,1810,5579,14820,16287,44457
2023,2,10,92918,58627,28437,38017,86686,1513.79,3837,2293,1164,9274,16649,10274,32307
2023,2,11,27669,17121,61703,98951,55762,1513.79,4423,2651,4826,6204,67603,28559,22257
2023,2,12,27013,4542,79775,92458,40121,1513.79,3745,4389,2157,7181,87405,48842,37180
2023,2,13,85841,17595,16137,32005,48579,1513.79,3630,1246,1257,6684,91548,22019,32786
2023,2,14,8941,972,94671,25119,17177,1513.79,3677,1090,1815,9803,52998,23287,12274
2023,2,15,86983,78096,72678,49141,31629,1513.79,4334,3820,1554,7670,82176,17928,26435
2023,2,16,79608,90807,35207,45866,93843,1513.79,4236,2782,4078,8906,44252,27606,43107
2023,2,17,57533,47930,38147,40700,47733,1513.79,686,1067,1192,6040,16559,33572,7497
2023,2,18,45803,30894,67393,56184,77717,1513.79,1494,2323,3079,6114,19540,16922,15922
2023,2,19,26160,3777,86057,70238,99036,1513.79,4195,1567,4590,9394,13618,17360,30310
2023,2,20,26191,93957,26095,28134,63325,1513.79,1705,4126,4898,5450,81661,33966,42654
2023,2,21,11372,29508,57643,84451,12561,1513.79,2724,3719,2311,7572,25308,46346,27183
2023,2,22,443,5856,69266,95033,8197,1513.79,3707,4386,3191,6153,62520,13040,49236
2023,2,23,38807,40578,81994,45058,2380,1513.79,4023,3750,4514,6044,14553,38426,30007
2023,2,24,80201,82278,93498,93864,52411,1513.79,1561,2852,1012,5826,64237,15560,35158
2023,2,25,75062,17945,99948,84605,14099,1513.79,2472,4256,1506,9465,30665,38128,28820
2023,2,26,35825,76042,68231,61691,79059,1513.79,998,1230,2765,9965,69473,11830,49136
2023,2,27,45123,76035,19381,86135,68213,1513.79,1694,4625,2913,7993,44230,48363,33618
2023,2,28,63165,1703,33973,98914,57520,1513.79,3393,3343,2030,6522,71385,36089,14638
2023,3,1,71502,11700,18525,81467,97526,1339.61,2940,3559,4431,9074,41772,38048,35052
2023,3,2,80770,1398,5963,48763,61980,1339.61,3279,1366,4649,7192,37553,19287,4326
2023,3,3,80586,47249,26318,18561,18635,1339.61,4319,1487,1810,8400,17254,17370,28759
2023,3,4,59248,47247,94247,80031,92674,1339.61,3079,4794,1030,6438,38556,32099,2371
2023,3,5,61071,83188,12134,65721,10380,1339.61,534,2316,3286,7676,42229,48272,16039
2023,3,6,72788,97901,71113,79598,72097,1339.61,578,2695,1502,9070,27725,48041,41771
2023,3,7,46902,95805,37836,17022,2550,1339.61,954,3620,1872,7605,29340,10682,42745
2023,3,8,59996,80700,26332,73283,74728,1339.61,2906,2514,1461,5370,43463,19666,18561
2023,3,9,33493,60100,2605,88862,54631,1339.61,3254,2883,2486,7442,34904,11387,46682
2023,3,10,16539,377,25008,8822,94335,1339.61,1484,4329,1398,8346,43963,42478,20700
2023,3,11,39081,98223,6345,21894,23593,1339.61,1802,2085,4907,5758,62298,30889,49809
2023,3,12,42441,15553,98773,1279,22995,1339.61,2665,1778,1757,7673,64706,11091,1238
2023,3,13,58373,92543,31773,26124,46711,1339.61,3601,1592,1270,9900,15378,30254,42089
2023,3,14,41106,840,3692,67366,96598,1339.61,3254,4037,2894,6768,56667,37240,15990
2023,3,15,13408,19334,93126,80165,23359,1339.61,2607,3082,1522,5732,40557,47084,7832
2023,3,16,97821,9159,99228,88131,457,1339.61,3384,2913,1846,8334,41630,37052,23264
2023,3,17,4418,6238,92442,2312,69617,1339.61,4552,4375,4794,5364,95892,24504,15462
2023,3,18,90509,53500,22587,57234,75584,1339.61,669,3403,3654,9896,61533,10934,13145
2023,3,19,9513,96271,79729,66319,34699,1339.61,4722,4115,2595,8686,57779,47211,21359
2023,3,20,93978,97332,12940,78772,30009,1339.61,4627,1868,3682,8882,94101,17094,8832
2023,3,21,21710,64772,27670,10365,51020,1339.61,2178,1883,3177,7654,43202,19227,5556
2023,3,22,33266,62925,8343,60861,91441,1339.61,4424,1698,4804,7363,80540,26164,16122
2023,3,23,96195,168,63033,74877,58734,1339.61,998,1798,4609,6338,14326,11266,23487
2023,3,24,95072,39338,82513,13249,51244,1339.61,2475,1730,4990,7169,61721,12783,42067
2023,3,25,89644,52498,98201,69448,39861,1339.61,612,2406,1070,10002,43634,16002,28742
2023,3,26,48483,89130,50789,3092,78646,1339.61,646,3716,3635,7882,13294,31231,7947
2023,3,27,66003,2144,82092,87345,9313,1339.61,538,1258,2661,8328,17862,18873,10165
2023,3,28,93422,13072,37632,5034,88068,1339.61,768,2902,1747,6167,72345,15392,31267
2023,3,29,466,13770,39109,30454,37706,1339.61,1684,1094,1848,7560,23756,36583,8777
2023,3,30,70293,23884,1892,99306,38564,1339.61,3179,3336,2421,8678,53370,20488,2999
2023,3,31,3429,45102,89743,90176,87621,1339.61,1919,3085,2209,8286,34890,46267,28441
2023,4,1,46575,66327,47075,56703,90083,2871.83,1994,1302,1901,5312,68881,21251,1334
2023,4,2,10831,33571,3673,32994,3293,2871.83,2773,3393,1607,9301,36013,25047,40513
2023,4,3,31221,40451,17257,58601,75342,2871.83,4755,3267,2554,8182,94969,18988,29876
2023,4,4,58193,38316,99307,10094,80968,2871.83,2696,3149,3110,7720,57494,21402,34541
2023,4,5,58233,10269,69796,4840,85922,2871.83,1238,2141,2610,7000,75741,17242,22161
2023,4,6,59723,36850,92572,22277,45032,2871.83,1265,3223,2208,9286,29668,23175,37541
2023,4,7,91464,43717,47677,9574,61437,2871.83,975,1020,1791,7122,40860,17712,5172
2023,4,8,55635,87099,51206,18246,66946,2871.83,2548,1668,3796,5914,65296,25179,26948
2023,4,9,69013,56562,28403,27573,63486,2871.83,747,4948,3138,9560,64522,45926,24423
2023,4,10,19947,11850,31947,68090,45325,2871.83,2153,1926,1257,6728,35555,19118,39159
2023,4,11,96659,24457,2575,76807,5928,2871.83,1985,1291,4432,6739,18863,17106,17872
2023,4,12,37514,85963,59219,55652,739,2871.83,1577,2036,1941,7056,10262,13617,23741
2023,4,13,72683,23632,14577,65292,76991,2871.83,1197,1270,1888,8566,66806,46867,1126
2023,4,14,27996,85144,88159,68780,48235,2871.83,3049,1504,2984,9098,41398,43722,7023
2023,4,15,72360,9328,30760,40653,9204,2871.83,4270,3237,1746,8846,63528,19211,2238
2023,4,16,35330,21078,59212,26270,81202,2871.83,3136,1106,3865,7646,94328,42100,42371
2023,4,17,34669,83730,77848,44006,15997,2871.83,4079,4707,4925,9590,45359,16542,35599
2023,4,18,53428,99630,52366,45649,84828,2871.83,1211,1509,3323,6774,62778,14166,32246
2023,4,19,49145,2267,76426,93011,46265,2871.83,950,1876,4482,9309,41290,36830,20754
2023,4,20,14908,95370,91538,59834,96561,2871.83,636,1339,4230,5368,28339,20409,3249
2023,4,21,31277,59551,6919,952,66326,2871.83,1828,1821,4666,8253,41183,15046,36049
2023,4,22,99007,42646,48217,69841,21956,2871.83,3022,1862,1227,7358,13047,47787,39507
2023,4,23,34160,43362,80480,19742,42393,2871.83,634,3668,4721,6852,74620,16886,8819
2023,4,24,99471,26449,99220,20489,71054,2871.83,1419,1411,3048,5987,56251,21355,40404
2023,4,25,41846,29274,58219,43074,10185,2871.83,2212,1400,1966,8096,96789,39722,37618
2023,4,26,62863,86941,79744,47584,16714,2871.83,4981,2535,2163,8410,53024,18216,4364
2023,4,27,70956,40796,54628,54005,76784,2871.83,1711,4980,2855,6281,78053,49391,27231
2023,4,28,53900,51619,60087,1230,5662,2871.83,952,4875,1406,5630,32458,26881,6876
2023,4,29,41411,63792,25769,54926,77993,2871.83,4493,1226,1890,7702,19303,29075,28793
2023,4,30,37703,27368,64056,10558,93649,2871.83,1300,2547,1414,6386,48777,32092,8462
2023,5,1,56082,16969,36134,43129,65779,1923.03,890,4570,1150,5815,23914,18486,29367
2023,5,2,11661,89214,86220,22133,24870,1923.03,1186,2236,4350,6200,45884,37811,15295
2023,5,3,29396,9785,47891,32134,74914,1923.03,1747,1998,3302,8476,90474,29081,29983
2023,5,4,73600,91365,8652,28735,63532,1923.03,4014,1598,3130,6370,13675,12999,48918
2023,5,5,96881,89862,31588,76231,92957,1923.03,796,3703,3608,8283,70836,28521,27473
2023,5,6,74618,78937,9516,4273,23170,1923.03,3353,3120,2705,8356,41855,37588,16342
2023,5,7,57274,37222,79132,11756,18807,1923.03,1107,2038,4019,5398,16546,16664,42807
2023,5,8,16519,38662,47031,20127,33297,1923.03,3647,4266,3154,9038,28538,36323,17867
2023,5,9,40856,28244,49445,64913,36600,1923.03,2500,1862,1224,7983,21979,46382,7652
2023,5,10,57142,13087,28422,56161,52134,1923.03,839,3651,1703,7869,10270,41351,3042
2023,5,11,62089,3778,81970,75243,44645,1923.03,2918,1008,1782,7438,66764,16116,26860
2023,5,12,1366,35617,34630,78942,83601,1923.03,656,1492,2399,6774,13254,18158,22962
2023,5,13,73139,94094,39537,81194,38316,1923.03,2544,1755,4795,9038,16708,18888,44667
2023,5,14,47726,36268,94940,2829,46334,1923.03,2233,4050,3671,7482,42991,47271,28056
2023,5,15,51177,34668,54366,53576,54764,1923.03,3108,2901,3064,7644,18198,32731,17620
2023,5,16,8663,31640,49487,73458,52506,1923.03,4249,1582,1850,8790,19410,13588,7837
2023,5,17,88596,62997,20840,2267,41212,1923.03,4538,2387,3498,8470,45962,13074,13832
2023,5,18,54227,70423,97516,48643,34419,1923.03,1374,3080,4600,6950,32890,23457,6610
2023,5,19,5049,32140,40041,15505,42680,1923.03,2293,1274,3798,9484,49892,46361,25803
2023,5,20,73316,65783,5101,88166,36038,1923.03,2779,1082,2837,5294,38906,38608,17416
2023,5,21,61904,36633,48041,32857,67493,1923.03,1313,3893,4421,6353,17618,38452,30931
2023,5,22,72157,93043,36079,27307,2527,1923.03,3668,2194,1753,8768,80359,16602,35972
2023,5,23,12536,54491,94407,50374,9785,1923.03,3981,3040,1296,7021,37248,20141,49665
2023,5,24,84305,93562,59035,30078,6268,1923.03,3530,3423,2825,9226,22081,41703,29784
2023,5,25,56932,45750,83898,8686,90871,1923.03,4180,4757,1734,9938,70130,11236,30610
2023,5,26,89604,25464,65629,92252,28838,1923.03,3744,3141,2789,7778,43218,19056,2877
2023,5,27,33914,78101,13832,6739,32710,1923.03,3442,1994,3014,8691,31029,10482,35914
2023,5,28,79301,60210,24995,14401,149,1923.03,1988,4751,1940,7946,98354,32129,11477
2023,5,29,93197,77100,11623,5986,31230,1923.03,1394,1214,4293,5225,88233,48354,21193
2023,5,30,7491,3028,4347,5506,1720,1923.03,2093,1019,1180,8378,11771,45733,35377
2023,5,31,79917,20112,1837,33209,94080,1923.03,684,2275,3642,6959,19236,41223,16544
2023,6,1,51008,22719,47445,22585,27305,3271.7,670,1354,1497,7758,32050,18225,12151
2023,6,2,79026,29423,13811,47466,57546,3271.7,2381,2657,2732,6941,88088,44275,25897
2023,6,3,92279,91717,54270,19238,1330,3271.7,3740,2336,1840,7537,91272,28219,11846
2023,6,4,59688,21348,8552,26185,73280,3271.7,4409,3657,2727,9154,32474,10273,6954
2023,6,5,469,76208,54283,44553,53149,3271.7,750,1734,4086,5801,81015,14206,42371
2023,6,6,87647,14756,20456,54915,12293,3271.7,3133,1980,4427,8036,14516,39059,11729
2023,6,7,31343,75279,7717,34070,49851,3271.7,694,1670,2749,5342,27574,35897,6543
2023,6,8,23700,32755,47676,74138,24909,3271.7,2257,2554,4797,5434,83820,38442,28691
2023,6,9,74441,16955,76775,40221,74991,3271.7,4279,2684,2920,6995,56754,32770,41291
2023,6,10,43538,83801,15793,92639,65130,3271.7,3535,1510,2473,6210,79317,17381,43368
2023,6,11,71253,37927,46289,47402,640,3271.7,843,1431,2062,5244,31651,38405,30109
2023,6,12,20261,10931,61090,3181,14278,3271.7,2303,4166,2996,8095,66804,49477,34196
2023,6,13,11463,61692,4658,3937,4254,3271.7,2669,1020,3253,7924,22907,38892,1338
2023,6,14,14067,75103,46676,61129,87721,3271.7,885,2980,4257,6664,11160,19887,28328
2023,6,15,27523,63464,94054,61871,47912,3271.7,1347,4373,3901,9454,79661,43155,27211
2023,6,16,82684,17332,35013,20937,1289,3271.7,1180,1706,4374,9207,18384,13814,24272
2023,6,17,17535,25073,61427,23145,18400,3271.7,3031,2274,2402,6882,24144,10326,38939
2023,6,18,30647,1845,76039,69549,84201,3271.7,4055,1883,1480,6854,16714,23375,22053
2023,6,19,54692,96704,55083,20418,35912,3271.7,3863,4797,1396,6594,92941,24093,14270
2023,6,20,40580,52325,2720,9334,5762,3271.7,998,2759,1094,8178,38659,29260,26864
2023,6,21,90442,67715,12496,96177,64487,3271.7,903,4177,1074,7950,55946,48337,33020
2023,6,22,71607,29810,68136,77301,97803,3271.7,2745,3381,4753,7574,47715,14998,11077
2023,6,23,63680,90066,4626,8740,92103,3271.7,4351,3895,2351,6846,11423,41837,43286
2023,6,24,16218,47328,27367,62293,54665,3271.7,629,1271,4473,5116,14314,27275,33313
2023,6,25,22546,21317,82010,52299,41781,3271.7,4164,1866,1141,8789,30550,44596,46077
2023,6,26,52075,84902,43492,95779,68101,3271.7,2615,1348,3594,9974,62961,23258,4916
2023,6,27,14647,39944,99530,44121,1412,3271.7,2747,3956,2120,9756,76254,48900,19453
2023,6,28,32185,80419,20713,68327,5561,3271.7,2922,3986,2516,5540,69764,36968,17615
2023,6,29,44033,57381,37638,62627,88715,3271.7,885,3360,1894,7094,63832,24657,16952
2023,6,30,87572,51581,98615,44692,37689,3271.7,4944,4873,1178,5318,54551,27199,24869
2023,7,1,83826,51186,17139,56591,20951,1557.1,623,4682,1744,9601,83396,17400,4107
2023,7,2,31839,3109,81942,99958,83294,1557.1,2528,1225,1766,8906,88913,46433,6599
2023,7,3,92164,75139,18073,89172,29690,1557.1,3794,3514,1456,7526,86457,17406,45272
2023,7,4,41392,3433,62089,33136,83034,1557.1,3182,1224,1297,6475,31181,30942,11837
2023,7,5,13074,18710,32168,84639,50929,1557.1,1071,3092,2571,9143,32263,17234,37433
2023,7,6,44415,86058,88480,7223,73343,1557.1,4629,4733,3368,6148,64220,27753,24937
2023,7,7,31259,38755,8978,28908,95230,1557.1,4849,4654,1822,8094,25644,26148,40159
2023,7,8,79449,73068,85593,8372,22211,1557.1,1984,2976,1617,5463,90199,19928,34208
2023,7,9,46752,81181,41045,41472,50602,1557.1,576,1859,1510,9118,27118,21951,21617
2023,7,10,1065,36968,96606,76285,95336,1557.1,3784,1136,1669,8762,99507,33880,38603
2023,7,11,38584,82844,33209,75201,54659,1557.1,1511,1409,2291,8907,59232,37893,39760
2023,7,12,80524,94810,86105,40894,39364,1557.1,4196,1779,1542,5802,49415,28230,13224
2023,7,13,80757,68200,69367,92426,88928,1557.1,2657,3863,3069,5866,35415,22727,35226
2023,7,14,31978,36928,40490,69270,95835,1557.1,2162,2710,4530,6542,33603,16310,49722
2023,7,15,72842,79153,7026,39385,4955,1557.1,3966,2062,1994,6674,94487,29919,6441
2023,7,16,88558,37146,73783,56627,29364,1557.1,706,1340,2477,6195,30609,24663,9199
2023,7,17,35917,4124,67374,46800,63743,1557.1,2044,1583,1481,6886,92319,17787,17330
2023,7,18,93215,26286,19850,34207,45970,1557.1,964,4527,1481,9942,15020,30844,14337
2023,7,19,96163,3212,58538,58640,55759,1557.1,4654,3027,3270,7028,54826,14034,39147
2023,7,20,34358,51871,9948,30839,88645,1557.1,3625,1858,4904,8474,32416,40874,2268
2023,7,21,99163,12894,25402,66997,99858,1557.1,2840,1019,3822,6377,71010,24580,49259
2023,7,22,11877,20666,32608,21499,54046,1557.1,4862,3402,1322,9628,35592,10652,3786
2023,7,23,23429,570,42511,68334,85396,1557.1,4207,4557,4171,7750,51553,20381,24927
2023,7,24,50219,15747,16401,19041,38476,1557.1,4973,1434,1570,8932,71849,44825,3764
2023,7,25,12719,66712,83228,84727,87874,1557.1,766,1301,1490,7888,79634,21135,18820
2023,7,26,79167,55194,5693,99690,56154,1557.1,630,2724,4344,5656,58116,27819,7247
2023,7,27,72939,18090,78172,13719,27023,1557.1,3543,4740,4436,8122,24466,14674,16373
2023,7,28,43294,86197,64963,79034,74085,1557.1,702,4602,1142,8878,85643,38648,10950
2023,7,29,95811,22067,11373,85155,91242,1557.1,2974,4179,3930,7497,94249,47304,35841
2023,7,30,90222,2793,3397,56010,27267,1557.1,4670,1128,1670,7950,65944,20846,44215
2023,7,31,51935,66113,90449,84429,88325,1557.1,3076,4135,4509,6470,85641,11510,42444
2023,8,1,98616,86282,6924,22465,80531,1549.61,2686,4674,3975,5047,43292,34541,20580
2023,8,2,94719,13852,64952,85704,96148,1549.61,3989,2259,2597,8417,66936,35040,35798
2023,8,3,27847,67424,99551,44999,53065,1549.61,2991,3032,4286,5094,90496,21168,21653
2023,8,4,58198,19535,37196,48525,4583,1549.61,3065,4300,1392,8016,10910,13686,30488
2023,8,5,33814,71697,69099,26411,10114,1549.61,2803,4311,4809,7420,15662,39225,2387
2023,8,6,81710,63654,57258,5996,51273,1549.61,2164,4469,3640,5758,57994,38222,47755
2023,8,7,61199,57412,3875,71890,5429,1549.61,3728,1196,3277,8366,98356,19743,21582
2023,8,8,16565,26160,74055,52726,69865,1549.61,1950,1573,1074,5560,73921,37346,6069
2023,8,9,79667,17438,63168,63307,98149,1549.61,2881,4346,4925,7050,31236,11606,37514
2023,8,10,9690,9965,72299,2967,90495,1549.61,4061,2058,1813,6242,76135,33029,20655
2023,8,11,35537,18086,50956,21611,49998,1549.61,626,4663,3665,8476,92970,13636,24877
2023,8,12,92342,60852,32512,87267,48959,1549.61,3971,3647,1158,6270,77966,46909,13748
2023,8,13,46925,17028,3968,60091,46496,1549.61,3119,2032,4540,6966,19994,30889,46455
2023,8,14,35303,95304,10554,10320,50132,1549.61,2132,2472,1462,9644,29739,46036,19876
2023,8,15,79744,33711,21037,86160,26333,1549.61,3068,3257,2381,6786,49699,45229,15355
2023,8,16,99843,92819,93614,30735,3246,1549.61,1624,4899,1078,8529,65219,25393,13608
2023,8,17,58405,48704,17867,55483,64700,1549.61,1518,1600,2667,8906,46954,24000,47606
2023,8,18,54261,46375,13610,2995,66115,1549.61,4575,2309,2478,8188,29395,42075,13309
2023,8,19,38148,41020,46976,63411,95901,1549.61,650,4304,2249,6052,19582,16612,28547
2023,8,20,36979,27658,19097,50999,66564,1549.61,4998,1658,1094,9928,40170,11243,32403
2023,8,21,68268,54746,93553,57098,79286,1549.61,4173,3784,1306,5010,13546,26219,22948
2023,8,22,41047,68703,46877,34648,41724,1549.61,2948,1014,4319,8396,46052,17235,6663
2023,8,23,10799,37403,4412,55928,42362,1549.61,2170,1980,1366,7074,84077,11315,44582
2023,8,24,16374,49603,45100,13045,62103,1549.61,616,3148,2348,9998,54148,35423,8647
2023,8,25,25507,47097,80478,26179,91846,1549.61,3413,2643,1162,7824,74922,38996,42882
2023,8,26,58758,58445,82329,90788,35519,1549.61,2102,3244,1008,7201,81288,44463,16407
2023,8,27,5848,3257,97612,33196,55749,1549.61,4971,1255,1734,5448,23785,14116,1760
2023,8,28,58331,17199,26049,54966,31375,1549.61,3962,1483,4415,6290,97270,11286,1954
2023,8,29,59049,99373,95883,91410,46574,1549.61,872,3773,1779,9835,18320,10138,43523
2023,8,30,67948,53292,50135,83156,85093,1549.61,1560,3422,2469,8960,14739,38843,40272
2023,8,31,66284,8702,61679,42052,1345,1549.61,4689,1744,3320,5571,68153,21246,8949
2023,9,1,70378,90020,72225,86566,24692,1969.77,4512,2983,1238,8048,63075,31510,41105
2023,9,2,60580,22850,5332,25892,53941,1969.77,2175,3994,2205,8462,80338,31154,10528
2023,9,3,20268,57083,55827,85839,41589,1969.77,1283,3317,3443,7026,14882,16280,27073
2023,9,4,74613,69395,2471,82203,23414,1969.77,582,1406,1098,5396,42588,25038,31898
2023,9,5,62276,34764,54033,84481,85342,1969.77,1986,1226,4157,8340,15606,32097,1456
2023,9,6,31238,69082,10415,31034,18942,1969.77,520,3553,2395,8694,75756,17161,41650
2023,9,7,72592,72173,67506,93690,57569,1969.77,702,1195,2560,5464,37028,29253,26446
2023,9,8,22539,19015,84862,46696,73180,1969.77,606,1548,4445,7674,68154,13386,9012
2023,9,9,13561,40027,23293,40956,14369,1969.77,4468,1959,2572,8326,97000,11493,15401
2023,9,10,34772,98432,97689,12333,53896,1969.77,1585,2786,1478,5608,39481,19238,34717
2023,9,11,1811,84627,96736,12608,56538,1969.77,994,1449,1267,5638,43756,35635,14890
2023,9,12,81039,68226,38947,68611,76552,1969.77,894,1322,4378,8298,40006,18530,35947
2023,9,13,95213,31593,97412,65296,24392,1969.77,1262,2553,4223,8708,71513,10760,3246
2023,9,14,35592,13860,13562,56859,79498,1969.77,2494,1080,1894,5790,45497,18445,7318
2023,9,15,83740,75602,46121,34470,36098,1969.77,4094,1309,2718,6506,12957,16932,36127
2023,9,16,6104,70572,17368,60327,24921,1969.77,2438,1032,2739,8062,17370,32236,38881
2023,9,17,74669,26217,59124,16564,57657,1969.77,566,2747,1573,9094,92216,32670,4621
2023,9,18,83608,31312,63981,1326,84170,1969.77,4787,1118,3860,7154,66950,38780,43290
2023,9,19,82387,54389,49293,85126,55388,1969.77,3713,1407,2878,5682,62970,16886,16663
2023,9,20,47457,14332,40987,60383,11812,1969.77,3052,1702,1740,6778,96744,15034,33203
2023,9,21,66674,72884,71659,30534,66390,1969.77,666,3775,4348,9926,50252,31087,4961
2023,9,22,67973,33966,27496,77203,93154,1969.77,890,1961,1148,5734,17343,32960,6818
2023,9,23,34630,10397,28379,15495,133,1969.77,1881,1806,1428,9792,13691,47098,41475
2023,9,24,56205,49358,62226,65553,34316,1969.77,2992,3639,4146,7942,95841,22299,28830
2023,9,25,13657,72635,29262,34806,74061,1969.77,4117,1622,4704,8847,56888,39837,12957
2023,9,26,70323,70122,56644,17384,55013,1969.77,834,1216,1044,6128,93121,36711,20335
2023,9,27,38242,56114,5352,17388,62953,1969.77,4687,1608,1494,5300,27765,14239,17545
2023,9,28,98257,11883,5633,87962,40731,1969.77,4150,2404,2641,6414,44787,16054,12521
2023,9,29,37480,75622,31575,89876,85034,1969.77,1587,3274,2160,7782,40661,26464,24696
2023,9,30,99483,46701,53074,89662,98353,1969.77,514,2961,2721,5884,17274,49803,30839
2023,10,1,11425,77208,87399,78570,38347,2478.06,2400,3968,2979,9134,15353,14026,41405
2023,10,2,98864,38628,77540,80802,95641,2478.06,1635,3693,2076,5306,57045,17098,4004
2023,10,3,89253,86359,13341,65138,3633,2478.06,4894,1046,1702,7298,19964,45048,13144
2023,10,4,15050,42379,25369,54381,64655,2478.06,4758,3517,4348,9218,60670,41341,40722
2023,10,5,82654,57306,66387,89730,76307,2478.06,706,1126,1142,7386,47047,46126,39784
2023,10,6,3184,83294,61184,59886,6939,2478.06,1286,3339,4890,6654,92719,44544,21161
2023,10,7,37377,43830,58062,33077,56128,2478.06,769,3780,2389,7155,44861,18695,18732
2023,10,8,46940,71563,34254,89434,11603,2478.06,559,4786,4594,6198,91023,37884,31302
2023,10,9,608,78662,26224,30498,75317,2478.06,822,4044,4124,9455,78472,12894,35295
2023,10,10,18188,19243,6736,26929,42750,2478.06,623,1040,4510,6228,95473,17958,17949
2023,10,11,43882,47386,82252,24829,60480,2478.06,2712,2438,1936,8936,15882,43604,23275
2023,10,12,74231,49331,72649,69707,48786,2478.06,1309,3324,1714,8044,10252,29464,1121
2023,10,13,95994,22228,51857,51856,68457,2478.06,2968,3689,1067,5219,53517,37898,13683
2023,10,14,74847,66231,65338,26783,21519,2478.06,782,2100,2603,9386,81807,37740,23274
2023,10,15,26859,19469,71066,13574,47514,2478.06,4389,4858,4897,5010,11713,18850,47670
2023,10,16,74928,14683,33395,2347,16254,2478.06,500,1099,1702,5582,34233,14738,3265
2023,10,17,45208,4620,19465,84163,80358,2478.06,1902,2216,2092,9319,37141,15462,17624
2023,10,18,56990,12883,60816,93239,24128,2478.06,2943,1658,4914,7689,34105,36168,38881
2023,10,19,67306,24351,43620,53152,96285,2478.06,515,2843,3824,6332,42005,29182,27854
2023,10,20,30308,30261,2751,67400,89580,2478.06,4708,1568,2773,7530,39806,43252,39892
2023,10,21,50757,54102,25012,70671,18144,2478.06,3190,1822,4819,6810,38600,46104,9118
2023,10,22,61016,15468,53948,59840,28152,2478.06,4021,3459,2565,7114,42210,32144,12306
2023,10,23,98015,26920,95066,50788,88795,2478.06,794,4550,1677,7050,26573,12354,1224
2023,10,24,60873,66116,41621,77045,49278,2478.06,3148,1198,3392,6904,70132,13096,46573
2023,10,25,72105,25506,31355,14670,83630,2478.06,3166,1643,1966,9176,48783,11270,23566
2023,10,26,25807,25528,45182,63836,27283,2478.06,534,3155,1156,7980,65199,19851,38107
2023,10,27,90905,54700,30144,35649,14499,2478.06,2192,2955,2133,9898,17624,42114,16628
2023,10,28,13464,97143,23758,30300,71726,2478.06,930,3884,4419,7463,94071,41702,38893
2023,10,29,85570,14080,46210,56143,8412,2478.06,2345,4315,3811,9986,34964,13309,27761
2023,10,30,55469,43509,32617,13954,83407,2478.06,1067,3222,3735,6177,43521,14574,2006
2023,10,31,85070,79452,82050,99490,76915,2478.06,1191,3835,1662,7514,51330,14962,26121
2023,11,1,43676,30631,30324,82517,81947,2101.13,2985,1806,2601,8290,25212,18398,9985
2023,11,2,24359,54787,22930,20536,14661,2101.13,1956,4111,1791,5810,87378,32912,24743
2023,11,3,78989,82566,39464,82741,33896,2101.13,4252,2571,1408,7486,76439,33354,20779
2023,11,4,20913,30777,25161,13514,99068,2101.13,2707,4777,1511,7982,76664,36171,16725
2023,11,5,86732,98621,46635,59875,36419,2101.13,4138,1654,2930,9918,14499,33177,1490
2023,11,6,35733,45104,77101,53493,6032,2101.13,1846,1943,4316,8358,56808,49735,3541
2023,11,7,61435,29516,39513,99298,41504,2101.13,1820,4586,4797,8455,20813,19590,16177
2023,11,8,65172,46304,82974,14454,11258,2101.13,2631,3341,3928,8734,16833,14959,47473
2023,11,9,60976,70032,8255,61645,64742,2101.13,1379,1176,4577,7206,25473,19526,15063
2023,11,10,33421,77295,13372,48218,92102,2101.13,784,3624,1978,5110,88078,16204,34185
2023,11,11,28935,2062,71439,87863,9497,2101.13,4173,1918,4655,7427,32116,11508,4625
2023,11,12,42490,93496,81926,53419,10740,2101.13,2203,4160,1044,5574,17468,19004,7399
2023,11,13,69759,24515,83123,66598,55977,2101.13,4694,4910,4613,6133,89125,49109,37553
2023,11,14,50758,58299,85934,41765,35727,2101.13,2513,4567,1545,5790,47986,38636,18050
2023,11,15,19542,70190,82797,20586,22116,2101.13,734,1873,2392,9557,58470,38368,41527
2023,11,16,17110,33166,89631,6723,95651,2101.13,2183,2759,2054,8117,20875,39132,28756
2023,11,17,42519,18390,52,70416,30532,2101.13,4052,1302,4578,7422,70658,13396,48038
2023,11,18,99727,17094,64919,48471,46651,2101.13,1838,3759,4258,5652,86833,34908,39742
2023,11,19,37929,9017,64020,91335,33486,2101.13,942,1004,4635,8438,46419,11318,34895
2023,11,20,44908,55472,240,95839,63673,2101.13,3883,4750,4342,7614,28221,17344,37250
2023,11,21,89896,81412,31104,79154,24233,2101.13,836,2161,4657,8874,53495,43142,34289
2023,11,22,45679,50315,85499,65315,47185,2101.13,972,3443,1638,8318,17154,33765,48271
2023,11,23,19323,73166,63517,40017,23320,2101.13,2361,4566,4500,9642,17448,13733,8090
2023,11,24,89106,5485,92247,48763,49917,2101.13,3256,1198,3759,7520,77260,25943,12094
2023,11,25,92026,92742,84388,12119,41167,2101.13,2236,1982,4537,8446,16856,17856,5021
2023,11,26,194,24218,63775,6046,95387,2101.13,4778,4491,2977,8376,49605,44245,22494
2023,11,27,6823,7862,56193,35582,67969,2101.13,1525,4993,2546,9086,88464,33712,33453
2023,11,28,17285,17053,60553,28175,25509,2101.13,2382,2053,2978,6157,48098,13364,43761
2023,11,29,98651,84230,14208,92981,12606,2101.13,3577,4427,1673,6121,71361,39642,13813
2023,11,30,59575,99239,15988,18473,11503,2101.13,3536,1174,4207,5440,73312,29715,20804
2023,12,1,35696,21769,23531,61853,69868,2877.42,1854,4096,2453,6186,83053,31265,3247
2023,12,2,56117,18834,19292,82238,90195,2877.42,3163,4432,2624,6635,15094,28428,25286
2023,12,3,11524,62425,82636,6964,52090,2877.42,2516,2784,1914,6046,65988,20338,28704
2023,12,4,89294,59195,40787,73099,61734,2877.42,716,2849,2673,8694,16438,49219,23841
2023,12,5,31645,74603,38652,39269,67590,2877.42,4048,1890,3361,6684,19494,36802,5938
2023,12,6,61740,31297,90939,62211,67344,2877.42,3901,2988,2473,6039,46086,10558,23279
2023,12,7,46232,66803,44760,5257,23162,2877.42,4475,4805,2151,6262,94074,36093,11198
2023,12,8,65416,94475,31559,130,77511,2877.42,1931,4249,1635,7870,11750,48978,1386
2023,12,9,51149,66714,21967,99974,72753,2877.42,531,3984,1207,5290,24240,24368,34405
2023,12,10,32841,78717,45527,1344,88195,2877.42,2436,3610,1734,8994,70091,27937,5953
2023,12,11,19334,57023,67187,969,34893,2877.42,1298,2393,3063,8264,18998,40816,34999
2023,12,12,72669,29251,76153,40228,893,2877.42,948,1494,1812,5662,51428,17398,16745
2023,12,13,48779,88865,69970,15557,57860,2877.42,3493,3544,3434,7032,94512,14679,6413
2023,12,14,28383,60811,67073,96447,65427,2877.42,3614,4446,1392,6118,11026,48637,35791
2023,12,15,62863,41975,98722,74676,34801,2877.42,1034,4930,4014,7355,15486,13225,1270
2023,12,16,33768,75333,23122,47202,18717,2877.42,3232,2098,1147,6654,59896,26573,33986
2023,12,17,13800,13511,47372,45192,59629,2877.42,3828,3843,1723,5110,13518,12254,8398
2023,12,18,59052,20905,67806,14418,98260,2877.42,3994,3378,4976,7115,11931,43692,33293
2023,12,19,1101,40165,40791,12248,68173,2877.42,718,1971,1108,5098,27163,13070,17040
2023,12,20,27294,37344,61726,44018,46246,2877.42,1892,1218,2499,9698,19714,10758,25244
2023,12,21,62991,80062,75489,54319,47177,2877.42,3010,3277,3935,5152,76876,12108,37420
2023,12,22,22192,82050,94080,69094,50946,2877.42,1975,4590,4938,7410,38607,37535,37595
2023,12,23,28944,50501,42833,57795,46551,2877.42,4904,1794,3960,6422,80210,12282,28900
2023,12,24,64164,28221,70766,8100,33373,2877.42,858,1138,2395,5174,24657,13340,13995
2023,12,25,84586,32985,7931,59524,86685,2877.42,2058,1979,4742,6243,89773,26292,12891
2023,12,26,35143,74678,2185,10455,35070,2877.42,1590,4232,1238,7426,23683,10338,32395
2023,12,27,67703,60243,15903,46450,90882,2877.42,1141,1894,4895,6918,51341,42931,6912
2023,12,28,63314,64752,24911,93056,20995,2877.42,4347,2488,4360,7883,82942,40781,14684
2023,12,29,70278,15886,56367,97244,35946,2877.42,2582,4999,1198,9836,66448,47525,30050
2023,12,30,63101,42590,22992,69348,43013,2877.42,2279,2678,1787,7189,32085,18278,40685
2023,12,31,18226,1434,97975,23938,5669,2877.42,1071,1902,3154,7437,89541,15451,30918
