year,month,day,sales1,sales2,sales3,sales4,sales5,rent, employeePayment, electricity, gaz, vegetables, meats, otherIngredients, publicity
2003,12,25,31154,1019,22051,7485,74105,1939.03,4626,1565,2512,9348,33471,34013,48135
2003,12,26,49968,93675,17023,12415,61967,1939.03,4960,3664,1801,8860,16338,10144,48054
2003,12,27,22044,84381,81398,33175,3037,1939.03,4636,4189,1233,6778,58025,10337,18864
2003,12,28,46174,87652,18255,48686,87000,1939.03,4050,3319,1752,9726,82085,23718,1726
2003,12,29,46830,93398,17383,88631,62259,1939.03,950,1316,1279,5818,50180,45667,41900
2003,12,30,10311,59817,79857,46544,7856,1939.03,3232,4028,1076,7839,19065,28884,37882
2003,12,31,75917,34468,98556,37669,66892,1939.03,1386,3721,1590,5121,18878,19000,30641
2004,1,1,28754,69654,79652,20202,36186,2388.71,1863,2354,1526,9759,20209,25759,25319
2004,1,2,82992,74239,1293,90831,93304,2388.71,1747,4123,1436,8840,11014,16868,46530
2004,1,3,82155,24736,48820,77276,43440,2388.71,647,3544,3824,6650,17500,40010,17820
2004,1,4,68321,55610,52365,89847,65369,2388.71,605,4711,3163,6510,55542,22819,38926
2004,1,5,46132,38642,16943,7568,43057,2388.71,996,1562,1614,9640,18837,45187,44309
2004,1,6,48987,65837,33732,69164,92487,2388.71,4173,2158,4438,7889,67004,29806,42478
2004,1,7,83167,48963,44518,62683,32213,2388.71,501,3343,1974,8795,18166,14461,16412
2004,1,8,13104,68260,56024,14852,99427,2388.71,758,4765,2049,7550,33928,15888,41214
2004,1,9,52600,59454,43047,67038,37343,2388.71,1843,1860,1490,7712,99542,23929,26404
2004,1,10,24125,35044,18625,79177,20191,2388.71,4989,4646,1004,6013,64497,19726,20887
2004,1,11,57227,40889,69690,30628,34659,2388.71,2867,3609,3070,9094,70646,16764,3618
2004,1,12,98670,33842,53625,90387,41554,2388.71,4315,2029,4562,5888,77558,41105,3168
2004,1,13,70178,87548,7104,75676,69913,2388.71,599,2138,3840,6640,74118,29850,21601
2004,1,14,86610,86986,83460,66032,59252,2388.71,4147,4272,4298,9123,64658,12204,4106
2004,1,15,38643,95326,44234,59558,28265,2388.71,662,3442,1392,7765,90469,45603,38144
2004,1,16,95718,87421,39095,24559,54061,2388.71,760,2021,1549,8450,23052,25801,13213
2004,1,17,74678,38552,66426,78977,7675,2388.71,2532,1317,1409,8117,11758,21026,31085
2004,1,18,56262,6537,85821,98305,30654,2388.71,3907,2722,1126,9353,83632,15446,26290
2004,1,19,78918,4394,7495,95468,24966,2388.71,2620,4642,1826,8100,94970,43123,46899
2004,1,20,85130,52503,55793,27892,70621,2388.71,548,3233,4554,8782,41537,31559,11667
2004,1,21,93731,51797,74283,73792,1151,2388.71,4264,1222,3659,8110,75534,14526,7915
2004,1,22,95009,63155,19620,96810,33553,2388.71,1284,3681,3444,8338,62924,20416,14590
2004,1,23,40096,78194,13650,24651,95635,2388.71,1209,1442,3334,8006,95859,24484,5187
2004,1,24,4759,36476,20905,99770,84586,2388.71,3394,1900,2297,6036,92754,25849,12791
2004,1,25,53955,15392,44531,53751,93821,2388.71,4166,3915,3352,8344,58565,13987,23808
2004,1,26,25706,31128,36056,49041,77971,2388.71,4876,2728,3390,6310,98850,11934,31916
2004,1,27,23572,2245,65274,15869,41610,2388.71,1717,1915,4771,5208,65666,33591,24381
2004,1,28,42759,6185,17507,61112,76705,2388.71,1450,3761,3551,7505,67801,12238,42425
2004,1,29,59421,57679,603,27812,84811,2388.71,2139,4733,3048,9678,40601,26009,15805
2004,1,30,53145,98671,87925,42916,17623,2388.71,2858,1732,2479,5990,37843,19183,19943
2004,1,31,69142,29294,87945,9045,56800,2388.71,1917,2571,1128,7519,76734,30938,22099
2004,2,1,73874,55673,77724,52639,12626,1493.9,782,2648,4361,5050,61622,44303,20085
2004,2,2,7909,38355,36783,84626,76199,1493.9,3766,1843,1614,5630,78642,48712,22318
2004,2,3,6081,11215,61193,33600,87949,1493.9,3275,3174,4154,7350,47164,43132,42131
2004,2,4,73788,69299,20781,48149,34349,1493.9,2451,3609,2108,5586,43234,13306,32403
2004,2,5,84256,13354,35151,10870,92516,1493.9,933,3595,2710,7125,48547,12011,30145
2004,2,6,95609,58175,56538,59763,61877,1493.9,2894,1336,4351,9206,83811,23700,3702
2004,2,7,88781,92616,82310,25890,38202,1493.9,547,3808,1022,7049,66030,14116,41896
2004,2,8,37195,91964,62712,11257,95442,1493.9,3267,1049,1578,6156,67163,47661,11259
2004,2,9,49858,36411,83325,55562,26437,1493.9,4261,1569,4751,7922,57458,14304,17137
2004,2,10,19818,29358,69465,91419,36408,1493.9,534,4953,3810,9204,19494,39251,35495
2004,2,11,45857,90830,46653,47993,36986,1493.9,653,3195,1577,8978,58756,18742,13816
2004,2,12,62467,54370,40936,38570,48644,1493.9,4225,3460,4102,8689,76230,46861,14746
2004,2,13,90537,31765,86815,34347,66363,1493.9,3597,3570,1557,6601,76562,14894,4377
2004,2,14,66769,88569,84442,33347,83899,1493.9,2712,1364,3918,7304,10350,12561,9550
2004,2,15,14745,70511,47375,75199,25552,1493.9,2060,1087,1721,5226,50433,17770,23605
2004,2,16,79603,40383,83006,91160,76984,1493.9,2406,3752,4487,6847,93450,48385,25920
2004,2,17,16398,36163,11102,30316,36162,1493.9,4229,2257,1210,5920,42455,41152,28739
2004,2,18,96560,14516,73592,84633,89743,1493.9,4067,1402,1528,8424,93208,24095,40378
2004,2,19,14345,65615,34200,95184,22462,1493.9,4921,1750,1374,7374,15094,16324,27650
2004,2,20,16114,11108,83582,31714,84063,1493.9,2865,1973,3256,5628,81606,29350,42389
2004,2,21,3187,37026,65047,83946,75451,1493.9,4392,1146,1830,8591,10702,29034,24607
2004,2,22,52593,77603,34245,32756,64978,1493.9,872,1090,3581,5364,12803,13995,36123
2004,2,23,7754,2022,60970,81010,64831,1493.9,728,4368,2304,7058,84665,37754,8928
2004,2,24,16365,59059,10253,72937,84002,1493.9,3322,1594,1082,5144,85701,20513,27935
2004,2,25,55042,51134,51604,18624,16498,1493.9,2618,1214,4132,9939,37963,30314,30760
2004,2,26,35219,14675,64683,47524,56433,1493.9,1629,4148,4757,7558,62084,17528,49348
2004,2,27,89817,46760,45354,95353,49327,1493.9,866,4367,3539,7652,39342,31389,31055
2004,2,28,30933,38314,71992,30065,98253,1493.9,766,3471,1972,5060,97346,13765,26308
2004,2,29,40761,48976,2914,65518,10858,1493.9,4276,1356,3109,5981,12378,43787,31351
2004,3,1,94597,14507,81928,28418,53850,2689.94,4350,3514,3012,5766,13542,44319,29669
2004,3,2,16146,56590,85301,7558,53936,2689.94,3317,4263,3331,7680,30120,16033,49067
2004,3,3,4464,47147,44143,40446,59525,2689.94,770,4120,3788,8464,98889,38989,4282
2004,3,4,68134,74592,47504,86146,80359,2689.94,938,2855,3563,8494,20412,13850,20622
2004,3,5,47535,85083,33114,82219,15270,2689.94,3251,4732,1732,8746,76529,36256,29587
2004,3,6,13028,33067,56729,98168,71532,2689.94,2156,4664,1742,8158,42161,26919,5618
2004,3,7,87986,88978,56127,31549,21094,2689.94,806,4980,2972,9738,67198,19196,26539
2004,3,8,74451,81802,45679,1183,40548,2689.94,3790,4927,1626,8438,84446,43157,22208
2004,3,9,32488,21604,82822,79049,38967,2689.94,967,1951,1274,8402,74851,11302,41335
2004,3,10,54985,20251,52737,49309,15115,2689.94,3902,1842,3088,9170,14206,24987,36287
2004,3,11,43140,10889,61267,14766,87759,2689.94,4274,1010,3668,7095,99294,38986,45714
2004,3,12,98430,21614,65939,28741,83708,2689.94,1497,1686,2391,5585,20703,17724,40790
2004,3,13,1873,79606,14774,36313,538,2689.94,2651,3677,4111,5270,74794,36869,38224
2004,3,14,50984,49070,73468,51004,22517,2689.94,4989,2298,4374,9146,82390,44433,22762
2004,3,15,13070,95240,65829,6813,60826,2689.94,670,4049,2489,6795,31713,33027,36533
2004,3,16,85020,59365,43057,50483,64635,2689.94,3704,1969,3271,7171,99324,11586,17851
2004,3,17,66285,89315,43087,77011,77946,2689.94,2796,1014,2068,7258,14179,47893,41829
2004,3,18,56509,46202,93295,38999,92997,2689.94,2025,4367,4371,5081,44850,15358,25008
2004,3,19,99284,64907,13680,82556,42078,2689.94,3343,3361,1014,7781,85371,12967,29357
2004,3,20,89610,89520,20335,26678,43145,2689.94,922,4652,1438,9238,55002,40062,34514
2004,3,21,75576,93380,783,76300,58461,2689.94,3009,2744,1890,8040,56651,18967,45633
2004,3,22,17397,44995,93681,52419,9128,2689.94,782,3736,4923,5720,41766,28067,45404
2004,3,23,36586,99041,44072,17300,65962,2689.94,3713,1536,3805,9000,34187,33618,15427
2004,3,24,86480,92197,57715,13370,80238,2689.94,3688,3985,1432,9502,66404,34838,14366
2004,3,25,87773,48143,99927,72696,50215,2689.94,2114,1799,3437,7537,20450,39398,8045
2004,3,26,9316,44164,80935,18122,85012,2689.94,1739,1490,3670,9453,19542,20259,15123
2004,3,27,90171,99901,34246,65882,8622,2689.94,719,1393,1495,5230,85440,31709,17002
2004,3,28,25043,18907,18509,98480,12796,2689.94,2877,2111,4473,8811,56584,34484,38959
2004,3,29,50286,74676,72328,90309,34129,2689.94,567,1310,4791,9382,13072,48412,39892
2004,3,30,94518,57251,11158,76013,24248,2689.94,4073,1292,1855,8933,64120,11003,12950
2004,3,31,14244,1998,99467,13718,37162,2689.94,4553,3798,1460,6474,94106,31205,6051
2004,4,1,21027,21856,99268,98543,28387,3104.1,3060,1988,1582,5424,42587,38138,47680
2004,4,2,9499,8230,86347,84784,72350,3104.1,4027,4347,1815,9096,27860,19217,47350
2004,4,3,43650,31659,49943,63235,42118,3104.1,1357,3143,3002,5624,61685,47740,31148
2004,4,4,69657,71098,99729,94846,56523,3104.1,4335,2372,1896,5681,67155,39246,42316
2004,4,5,99383,82535,29946,62550,11631,3104.1,1766,1632,1640,6862,34866,47932,7806
2004,4,6,79208,91224,27428,48562,63201,3104.1,1301,2856,2914,9554,27701,49436,5466
2004,4,7,21050,93389,48161,87946,29071,3104.1,2191,4804,4202,6986,14718,25833,31669
2004,4,8,47646,5473,97466,69814,37182,3104.1,4097,2740,4906,6130,81302,12454,32332
2004,4,9,83343,43956,35963,76257,6338,3104.1,2045,3738,3404,6557,31683,18826,30016
2004,4,10,38226,75228,63631,52429,48716,3104.1,3261,2713,2809,8342,82526,46342,37337
2004,4,11,40762,16624,79083,80668,94501,3104.1,534,2842,2044,6088,70451,19476,26737
2004,4,12,32457,28849,3472,22213,35406,3104.1,2390,3631,1733,8230,42411,41801,35155
2004,4,13,24710,37025,4515,17519,29103,3104.1,878,1215,1590,5646,66882,14516,37041
2004,4,14,52384,67009,8711,5780,19450,3104.1,512,1905,4361,8983,90469,19544,45514
2004,4,15,4138,47860,49751,47224,85232,3104.1,4024,4940,1084,7086,43810,40991,8514
2004,4,16,46931,40375,77207,83298,16022,3104.1,2813,4756,2449,5762,90535,46898,44089
2004,4,17,18390,56048,15156,42752,25031,3104.1,3870,1048,4835,9954,92742,10142,21977
2004,4,18,93486,48119,81360,55375,91657,3104.1,1365,4938,1896,7152,38236,14269,41522
2004,4,19,84012,52402,99026,27813,91630,3104.1,1062,1846,1959,5148,69122,13394,5913
2004,4,20,44546,4345,65213,30733,89317,3104.1,799,4153,2425,7030,54527,30434,24308
2004,4,21,41384,17245,1725,23280,40816,3104.1,3900,1178,1206,5860,85343,16695,6313
2004,4,22,58838,76406,26715,37149,98976,3104.1,988,4872,1532,8246,90605,22200,12189
2004,4,23,96362,92757,21354,35139,76267,3104.1,1924,4001,4476,7308,73633,16643,42233
2004,4,24,39962,27534,7823,65028,80460,3104.1,3075,1306,1854,9588,92797,10062,43166
2004,4,25,53331,49639,61123,69863,71693,3104.1,2063,4405,1680,9768,35896,13842,1728
2004,4,26,22002,17821,87455,31478,17822,3104.1,3121,4135,3621,9210,55514,35432,11088
2004,4,27,31813,53590,41081,34087,78380,3104.1,682,1709,4868,5630,17923,37912,1910
2004,4,28,80890,26339,88671,41725,56108,3104.1,738,4460,3738,5272,25937,42912,24567
2004,4,29,43720,40411,67048,48693,62706,3104.1,4124,1748,1151,5204,44956,20882,22562
2004,4,30,41787,80293,18944,41655,93103,3104.1,918,3991,4557,9186,15715,35664,36867
2004,5,1,27245,30125,50598,9876,72414,2435.68,4946,2824,1908,9990,91881,49469,43510
2004,5,2,69115,2752,25621,60672,47708,2435.68,2457,2999,1797,7558,37453,35016,12855
2004,5,3,6382,27797,64574,57323,43512,2435.68,4180,2107,1713,6129,13334,35478,16590
2004,5,4,75991,83282,48303,2899,18272,2435.68,2368,3738,2935,8690,64409,13998,40185
2004,5,5,7196,83219,34994,55345,43682,2435.68,730,1414,1594,5170,40088,26457,38799
2004,5,6,37875,5622,63565,940,38103,2435.68,1418,4093,1531,9450,16991,11155,26899
2004,5,7,41257,85712,14894,544,96405,2435.68,2537,3599,3872,8882,75295,38905,45655
2004,5,8,47681,32009,21672,64275,53294,2435.68,731,2520,3733,5246,16928,21835,11761
2004,5,9,97547,44878,35929,74078,45951,2435.68,958,3558,1335,6477,16438,17739,19273
2004,5,10,12132,11640,87691,91004,86875,2435.68,1260,4554,4994,7932,15181,14639,12987
2004,5,11,46045,72265,72160,29778,92913,2435.68,1612,1862,1848,7796,80887,37798,30620
2004,5,12,89518,82473,7710,60853,98950,2435.68,3592,1081,4802,6282,18436,26676,11812
2004,5,13,79269,64698,77584,90615,32630,2435.68,518,1110,1380,7413,24802,24292,42765
2004,5,14,24385,92767,81103,66234,13012,2435.68,776,2528,4462,8092,63381,43411,11991
2004,5,15,6256,8326,54493,62411,24608,2435.68,4086,1894,3978,6052,10842,11866,39282
2004,5,16,92138,82449,97985,73519,26215,2435.68,2810,1206,1904,8913,33183,11268,39139
2004,5,17,7256,19920,63797,68070,98012,2435.68,1480,1248,1854,9330,83029,26462,43530
2004,5,18,71607,88468,13043,41937,71490,2435.68,4895,3626,2685,9231,37144,48899,23885
2004,5,19,98370,1308,15850,46626,46573,2435.68,2893,3827,3952,6790,21896,33315,49034
2004,5,20,31572,49729,20287,83427,48406,2435.68,1240,1334,1783,9282,78299,29624,3316
2004,5,21,29519,23195,43251,52204,98778,2435.68,2454,2146,4406,6618,43772,10978,46748
2004,5,22,82338,51666,31158,67642,39708,2435.68,2308,2631,4133,7595,71057,17539,19406
2004,5,23,7263,63650,3903,15398,52932,2435.68,982,2449,1748,9258,51005,20526,32203
2004,5,24,67724,68460,34025,82130,1764,2435.68,4459,1838,1638,10006,84445,15054,44149
2004,5,25,76374,68107,89505,95507,72054,2435.68,4397,4315,1134,9652,94713,19700,26914
2004,5,26,81855,6087,8648,19955,60711,2435.68,1832,3433,4463,7209,26914,12579,9653
2004,5,27,1358,2726,79384,63524,9694,2435.68,1749,1066,3287,5042,81573,20340,13830
2004,5,28,64520,77323,99656,21434,76975,2435.68,1279,1510,1807,9926,95135,27517,10721
2004,5,29,99579,68320,22304,60394,91881,2435.68,2972,3238,3295,9454,56761,27988,15570
2004,5,30,82538,38511,64056,30825,26117,2435.68,1164,1987,4302,7171,28420,16277,11981
2004,5,31,94245,59700,7810,11052,99626,2435.68,4920,1120,2616,7160,75949,29496,19297
2004,6,1,15274,89087,93793,17630,45849,2441,1518,1430,2187,7342,43178,30519,21781
2004,6,2,14859,50166,69823,98383,78587,2441,2626,3285,1070,7364,54263,29557,2452
2004,6,3,24950,69819,33526,68526,62120,2441,4022,2393,3460,7814,95022,30660,29374
2004,6,4,75947,11542,81371,28135,75236,2441,950,1446,1066,9502,19342,19652,40902
2004,6,5,63631,97455,7939,90244,17484,2441,1152,2432,3371,6029,10957,10491,28554
2004,6,6,15403,4980,4237,50215,9146,2441,874,1622,2151,8597,29578,18739,49259
2004,6,7,69499,4584,25186,60565,65764,2441,1569,1500,3819,6942,35988,11302,46366
2004,6,8,49413,88493,20087,97784,74522,2441,4626,1276,2375,8862,56490,11521,31045
2004,6,9,44474,87366,62966,87977,32315,2441,3067,1812,3478,8252,78728,29241,42544
2004,6,10,94618,25298,24988,54789,96157,2441,2442,1146,2172,5068,59704,13396,27328
2004,6,11,99926,683,62970,68653,29546,2441,722,1510,3177,9490,78346,10992,19461
2004,6,12,2034,1415,73656,15513,66019,2441,1105,1988,4033,9806,31776,40189,2384
2004,6,13,29773,80572,52111,28297,49453,2441,4989,4377,3848,8632,18029,16796,28167
2004,6,14,124,64556,48764,39653,74046,2441,1495,2431,4876,5150,24295,27246,43463
2004,6,15,53886,35401,4235,47919,87846,2441,4460,3969,4286,5854,62265,48738,2364
2004,6,16,51089,63607,48116,79937,44270,2441,4682,4392,3403,9797,12982,15234,32497
2004,6,17,63260,11892,46233,24488,13394,2441,3086,3631,1864,9310,47901,43772,20528
2004,6,18,41036,18714,44094,90322,41636,2441,4059,4075,4965,7062,10738,30586,6359
2004,6,19,36024,76399,91332,15779,96196,2441,4579,1624,4971,5811,16646,33364,41728
2004,6,20,86339,84733,33348,8619,73406,2441,3742,4440,4962,5682,19078,15910,31250
2004,6,21,85547,10174,67026,71864,63701,2441,2450,1075,1182,7572,31853,27687,38742
2004,6,22,85509,1434,53495,21832,33597,2441,814,1287,1225,9800,44905,44630,36493
2004,6,23,86145,80000,75423,2460,42836,2441,828,4734,1710,7582,16597,36762,46537
2004,6,24,32529,19048,2838,97668,29181,2441,718,4689,2475,5200,36520,36072,34691
2004,6,25,31694,8069,22360,19271,29317,2441,514,1870,3615,5674,34271,22803,33617
2004,6,26,68564,94681,67538,75274,38468,2441,2035,2347,4534,9862,85014,48714,34135
2004,6,27,32267,76722,79756,84743,38274,2441,814,1318,2048,9525,21940,36364,32629
2004,6,28,93142,2193,18178,56757,74220,2441,911,2782,2129,6906,34407,15654,2449
2004,6,29,47584,12795,89296,83470,94019,2441,2183,1284,3734,8291,11026,38360,40662
2004,6,30,60920,98193,24679,17968,24070,2441,4332,3562,1374,8861,90319,11478,46620
2004,7,1,2583,14869,54791,66032,49276,2945.45,4966,2069,2385,6880,72439,19399,6739
2004,7,2,61971,98725,53134,90262,26103,2945.45,1180,1304,2524,5500,64716,45495,7846
2004,7,3,6185,98280,77011,45046,4951,2945.45,1354,2532,2613,9230,89915,46889,32746
2004,7,4,64236,19882,75311,42974,49669,2945.45,2372,1639,2826,7458,18252,10570,14103
2004,7,5,89704,69434,45928,38580,54934,2945.45,4074,2469,1130,8742,22514,46577,26997
2004,7,6,60182,58869,70462,7796,66366,2945.45,1036,1953,1610,5406,89926,46279,10378
2004,7,7,76801,18651,57919,55979,508,2945.45,1259,1562,1955,7186,45141,33240,26171
2004,7,8,50535,95568,10710,75810,23005,2945.45,3738,3185,3444,9200,14674,41161,49576
2004,7,9,85930,28369,38115,82540,57420,2945.45,3818,4219,3042,6186,13110,13550,44393
2004,7,10,95612,67810,70113,73919,91348,2945.45,3511,1882,2173,8450,34043,11958,31607
2004,7,11,149,72783,33364,8593,98335,2945.45,1105,1240,1694,9302,83154,18384,7048
2004,7,12,14965,28326,9759,78008,31414,2945.45,2909,3376,4117,8756,17295,41817,16309
2004,7,13,75980,57159,33700,3154,91379,2945.45,3330,1526,1876,6100,16470,21562,34095
2004,7,14,60094,48929,72178,61862,19501,2945.45,1048,1642,1206,6518,45175,47774,21685
2004,7,15,63468,3085,7504,47585,63811,2945.45,4401,4789,3308,9452,42942,12086,41151
2004,7,16,73548,12626,13918,46776,32023,2945.45,4690,3467,1344,6448,70328,31519,46740
2004,7,17,94904,7729,82337,11265,54888,2945.45,792,3354,1948,5798,82290,27110,43864
2004,7,18,40397,38045,66900,38705,27497,2945.45,4742,2395,1438,5011,80523,37193,26195
2004,7,19,21752,15214,95662,33771,38433,2945.45,590,4688,1422,7966,60952,11309,32342
2004,7,20,7842,36344,96016,71142,35590,2945.45,3251,1980,1349,6042,31041,10198,28306
2004,7,21,7698,92137,93946,62869,67148,2945.45,1413,3898,1033,8326,39021,44466,24469
2004,7,22,60769,20664,94155,67191,84642,2945.45,4851,3834,2802,6998,96328,19496,21459
2004,7,23,35524,10932,52082,68226,8787,2945.45,4775,1483,1062,8720,95703,17526,33123
2004,7,24,29542,62118,47657,35575,40544,2945.45,1392,1311,3692,8886,84853,16676,3030
2004,7,25,62006,46057,33521,86160,3275,2945.45,2254,3798,3483,8680,23375,32270,46201
2004,7,26,13811,68151,15106,89069,23223,2945.45,2826,4115,2926,7370,18790,13469,10810
2004,7,27,14865,1083,31134,38558,7982,2945.45,3242,1338,2043,6238,88849,31669,15987
2004,7,28,75667,51104,20468,49151,81792,2945.45,2772,1212,3344,5764,16486,17919,10195
2004,7,29,73687,65201,37035,46613,93388,2945.45,1434,3251,1032,7567,63160,33492,8077
2004,7,30,39906,42756,86183,18301,72222,2945.45,4970,2888,2486,6789,13390,40629,41384
2004,7,31,96985,61163,52583,41681,24040,2945.45,951,4078,1318,5982,77042,28543,3605
2004,8,1,53477,53147,12926,77396,32660,2414.13,3653,1686,1242,8305,63987,13382,12770
2004,8,2,84628,28228,65526,21418,57970,2414.13,4753,4131,1574,5580,59523,45045,6155
2004,8,3,18738,73602,80202,98076,50644,2414.13,988,1918,3242,9544,14219,10901,8745
2004,8,4,77537,47873,2668,9193,16179,2414.13,878,1620,1234,5642,38574,19204,16656
2004,8,5,3911,89680,4688,79000,82466,2414.13,4044,2554,1040,8500,15629,37511,30563
2004,8,6,29342,67471,57984,7584,32238,2414.13,3485,1126,1427,7504,35318,18957,22203
2004,8,7,4160,51197,69763,31747,48953,2414.13,950,2862,4368,7986,48213,13185,24690
2004,8,8,2553,72258,30740,73068,92855,2414.13,578,3547,3839,9836,46130,46076,46369
2004,8,9,73469,80968,88555,9896,18473,2414.13,3852,3983,1421,9942,70729,40373,23873
2004,8,10,6008,88032,93236,20377,26374,2414.13,3561,3925,1062,5294,18344,39263,41449
2004,8,11,27022,45276,77811,57213,46541,2414.13,4641,1142,1260,8195,46255,12178,40293
2004,8,12,48421,41460,11420,39842,6427,2414.13,886,3785,1532,9801,49161,12905,48502
2004,8,13,47602,99076,58183,77659,96081,2414.13,1921,3101,3154,8734,96666,34694,42880
2004,8,14,51376,16308,21056,88988,40855,2414.13,1423,4274,3770,5696,29115,31548,17311
2004,8,15,71345,9330,76686,74229,15483,2414.13,3486,3083,1274,6702,57093,14854,25848
2004,8,16,70900,90367,76808,9054,1450,2414.13,870,2825,1132,9310,58164,13339,39826
2004,8,17,14818,19589,52614,23588,92432,2414.13,1487,1086,3762,8173,54355,39245,48082
2004,8,18,90373,74194,2329,47999,52215,2414.13,1704,3113,4788,9736,32167,19958,9423
2004,8,19,84690,42268,20416,7174,89775,2414.13,1864,4591,3167,9478,44531,13910,28580
2004,8,20,53912,16019,87078,77674,80544,2414.13,1918,2267,1978,5599,51617,34192,7786
2004,8,21,95022,69674,7307,61162,64538,2414.13,3751,1166,3092,5518,89103,37866,39474
2004,8,22,44099,75969,92458,58618,31799,2414.13,568,1428,4359,8997,63382,16254,36989
2004,8,23,26783,96654,53523,58762,32253,2414.13,2953,3625,1165,8598,19174,22054,21492
2004,8,24,6085,33539,37633,20529,99057,2414.13,4746,4506,1658,7122,34476,33557,43088
2004,8,25,86897,45,85619,56256,69042,2414.13,3862,2176,2006,8736,70937,44258,15354
2004,8,26,30228,13891,37884,21393,80503,2414.13,3446,2938,3911,7430,23467,24320,9022
2004,8,27,6871,48214,83827,42278,81770,2414.13,835,3666,4698,5842,41273,20092,18303
2004,8,28,76807,96488,32269,55165,5224,2414.13,774,1834,3447,7324,73195,30301,19558
2004,8,29,79032,82995,49593,87943,46777,2414.13,2262,3646,2624,9794,95924,35746,23060
2004,8,30,47096,38112,20765,98147,65917,2414.13,4590,4075,4877,6430,14239,46452,28390
2004,8,31,2768,80015,31904,52567,24,2414.13,2868,4054,1604,9870,83349,17573,21452
2004,9,1,11964,21221,75848,40757,33497,1458.4,4204,1607,3709,9430,53875,43451,27946
2004,9,2,53293,12951,18329,36503,43543,1458.4,4269,4908,3036,7370,39931,13574,14781
2004,9,3,91056,35339,21637,39868,35040,1458.4,3090,2002,1781,7886,87759,10277,39210
2004,9,4,81884,8316,48237,46946,10666,1458.4,802,1266,2766,5076,16811,41308,18465
2004,9,5,56209,56081,31217,35597,64268,1458.4,1435,1322,2838,8856,11542,15764,37501
2004,9,6,79986,89634,21232,6767,43572,1458.4,3396,1806,3657,7984,88751,10674,25343
2004,9,7,66449,95500,40984,14216,20576,1458.4,1875,3136,1878,6194,28732,44494,7795
2004,9,8,40593,65169,66170,79783,55944,1458.4,2659,1866,2344,5242,59047,27267,27712
2004,9,9,586,42444,69075,34243,6780,1458.4,1269,3228,4677,9038,15210,13218,24178
2004,9,10,26400,42023,99741,56626,95115,1458.4,2471,2058,4993,7290,31840,32288,44826
2004,9,11,11353,85852,18218,95049,61095,1458.4,3668,3031,1059,7742,28625,42838,27265
2004,9,12,98272,39895,32419,84301,8500,1458.4,905,4898,4588,6997,15760,39702,2566
2004,9,13,51823,75348,58114,78168,8988,1458.4,922,1691,2157,5025,48092,13034,39954
2004,9,14,72290,86761,31283,24701,10855,1458.4,2538,4125,1154,6309,93426,24653,9908
2004,9,15,68875,684,59552,63463,24033,1458.4,4517,2207,4125,7974,86726,34465,33779
2004,9,16,33936,63535,21157,42445,58560,1458.4,695,2200,2360,6668,71900,33214,35601
2004,9,17,19590,55792,92341,52096,72101,1458.4,1748,2326,4153,5312,20789,43185,2119
2004,9,18,36430,6659,35393,11908,50641,1458.4,1372,1864,1316,7770,43372,10565,22120
2004,9,19,19482,55420,7766,91842,15102,1458.4,1408,1042,1809,7030,12578,40261,46019
2004,9,20,2219,79886,97588,37724,48889,1458.4,908,1669,2738,5316,13576,24730,34729
2004,9,21,54773,9949,25659,56778,43830,1458.4,3694,3310,2153,5870,71503,22254,35383
2004,9,22,53831,79264,23297,21992,79364,1458.4,2252,2933,4022,6191,35656,37910,42786
2004,9,23,27273,16566,89581,1363,65571,1458.4,1093,1694,4457,8103,93471,23286,3157
2004,9,24,69838,27167,52949,26991,84979,1458.4,597,3808,1222,5245,77151,49430,40804
2004,9,25,98032,55756,13717,37054,48299,1458.4,1316,1150,2289,7238,93285,47859,49373
2004,9,26,50405,35731,84554,79862,20186,1458.4,4499,1014,2895,9818,33364,22873,44378
2004,9,27,63252,65314,78034,99671,20560,1458.4,4100,4942,2291,9168,88347,25589,5185
2004,9,28,78542,29664,67513,77183,76912,1458.4,822,3668,2879,5947,23529,33064,10798
2004,9,29,20325,93030,39439,58220,31829,1458.4,2444,1431,3116,7346,11101,25027,22803
2004,9,30,63366,26555,9970,90657,55723,1458.4,1246,1240,2980,7526,27798,21243,48317
2004,10,1,52841,64912,23787,95140,4794,1408.32,938,4174,2640,5750,46002,35442,6851
2004,10,2,3833,73787,39911,95662,1240,1408.32,4027,2793,4906,6035,99868,39575,14938
2004,10,3,48634,50484,83908,98744,94634,1408.32,4650,3825,1142,9788,58965,24855,5151
2004,10,4,22991,74430,89030,35631,80817,1408.32,1073,4648,1422,7335,80310,26409,1384
2004,10,5,92274,55690,70555,33532,38077,1408.32,3106,1710,2258,7013,85453,48243,36775
2004,10,6,78517,11457,12070,64931,61245,1408.32,4785,4235,1815,5166,19865,17976,37387
2004,10,7,12902,57291,43633,54424,34627,1408.32,2184,1899,2335,7738,76782,13462,40295
2004,10,8,54514,49890,53474,8124,23255,1408.32,1366,3122,1735,9584,83052,27979,38928
2004,10,9,72174,39190,12215,50341,84356,1408.32,4324,3609,2074,9308,68032,13410,48433
2004,10,10,25955,65217,99952,38290,49307,1408.32,982,3819,2975,8526,28294,32581,26735
2004,10,11,13806,1014,705,80541,2153,1408.32,4871,4326,2946,6886,41018,23653,33757
2004,10,12,1871,66695,37263,23945,36003,1408.32,1997,3308,1862,6948,16597,10114,21647
2004,10,13,90035,38003,56341,49362,12881,1408.32,1943,1685,2000,8999,23577,16638,1986
2004,10,14,32756,48449,94831,72054,1887,1408.32,2059,1878,3895,5673,60405,21250,35850
2004,10,15,87321,57403,49559,90535,70703,1408.32,3055,2089,1030,5748,26450,33390,32509
2004,10,16,16736,74746,76428,35088,23745,1408.32,591,2852,1156,6902,61257,49395,16357
2004,10,17,2624,73317,19504,21519,38991,1408.32,2768,2662,1526,8679,49548,40717,46261
2004,10,18,41188,92605,34159,61698,24705,1408.32,1439,1439,1446,7866,92878,25450,10609
2004,10,19,20575,48470,64655,1731,15244,1408.32,1125,4218,1170,6981,72089,20922,25913
2004,10,20,33242,81210,29937,3257,39889,1408.32,660,1075,2089,8976,59124,13145,29486
2004,10,21,55092,70564,54585,6798,74782,1408.32,3600,1450,3635,9606,97086,43879,13815
2004,10,22,21871,14564,94450,37452,51545,1408.32,4725,4786,2748,9334,17606,37636,16539
2004,10,23,34148,64720,85065,22589,59203,1408.32,733,1300,4752,6669,53795,11780,44189
2004,10,24,86836,68748,1242,15471,48354,1408.32,701,1862,4242,5142,24027,30787,14680
2004,10,25,36690,48753,81926,790,19767,1408.32,4778,1090,1038,9842,18420,26592,36320
2004,10,26,34031,61291,73590,65135,67960,1408.32,2372,1146,2483,8613,86617,10837,43737
2004,10,27,19645,62319,47414,65239,48822,1408.32,1025,1863,1544,8614,10638,12632,21441
2004,10,28,30622,7431,26577,98012,97273,1408.32,4603,2655,3424,9100,29141,47736,2135
2004,10,29,58282,16514,68883,70766,21479,1408.32,2954,1122,4170,6906,22713,49343,21852
2004,10,30,83160,85091,1207,36056,29394,1408.32,3718,1526,2641,5295,74378,41266,3860
2004,10,31,3782,98982,5274,17206,29879,1408.32,4941,3160,1866,7658,58925,38758,34415
2004,11,1,23232,46234,6198,34951,68947,1855.83,4461,4036,3099,8406,83429,26958,5542
2004,11,2,79236,59797,70953,30883,34175,1855.83,4663,4507,2491,7502,79386,15310,12219
2004,11,3,83163,67547,19186,66987,42824,1855.83,4013,2406,1068,5211,17356,39475,7945
2004,11,4,67105,68170,93512,90204,38686,1855.83,3514,4272,3089,8942,81506,14490,43294
2004,11,5,16685,32522,69475,50528,743,1855.83,2432,3904,2758,7970,50890,41933,48861
2004,11,6,62267,6256,74340,32796,51467,1855.83,2270,4922,4864,8562,25126,14902,41696
2004,11,7,91779,74993,65527,61220,79459,1855.83,4834,2494,1822,8628,63021,46648,47034
2004,11,8,99522,81806,80553,48633,19776,1855.83,565,3393,4050,9820,31188,21868,47795
2004,11,9,22953,19811,56792,99170,18297,1855.83,4071,1334,4613,9597,71294,19071,48270
2004,11,10,42983,52481,97918,38890,3142,1855.83,537,2663,2743,9798,67647,28871,10939
2004,11,11,96589,8213,77265,50639,23118,1855.83,3859,1070,4615,8038,45239,12911,24806
2004,11,12,60272,75663,89339,49885,71612,1855.83,624,1902,4464,6458,69835,32606,10633
2004,11,13,10515,21725,51622,53258,70519,1855.83,3480,2107,2480,5745,34097,16950,19269
2004,11,14,50551,22957,29373,11518,84959,1855.83,4429,1581,1625,8246,27817,18382,40964
2004,11,15,40752,63125,85535,70216,12701,1855.83,4173,3214,3446,6422,92824,30316,21722
2004,11,16,90063,41305,47424,33896,67050,1855.83,845,3951,1668,6569,45469,11586,31522
2004,11,17,37533,36251,83722,20510,16370,1855.83,846,3472,1015,5126,60039,20068,11540
2004,11,18,48706,79214,43283,58504,50008,1855.83,3820,1422,3763,5200,13348,27164,2459
2004,11,19,84117,23867,27469,21299,70436,1855.83,2086,2967,4187,7159,28476,41908,22938
2004,11,20,38699,19926,15381,46067,96910,1855.83,1134,1240,1978,5768,16502,37344,25420
2004,11,21,78228,42939,93767,88343,45535,1855.83,1858,1002,1316,5678,67300,11088,16788
2004,11,22,98616,10739,35408,24155,54251,1855.83,2414,2948,1350,7794,55366,47070,13884
2004,11,23,89567,37853,42686,60551,63622,1855.83,2894,3200,2446,8012,62894,34332,13156
2004,11,24,24800,61105,46687,65453,86784,1855.83,1540,1750,2429,7818,25905,11679,30340
2004,11,25,92183,24672,20981,8696,22467,1855.83,765,2032,4199,9614,72582,44172,26347
2004,11,26,44310,86830,52373,66756,94842,1855.83,1087,4641,2722,8262,85093,45857,31619
2004,11,27,44466,77987,97609,1895,6286,1855.83,3574,4820,4536,9118,23515,37002,39866
2004,11,28,27253,29281,15387,41452,10435,1855.83,1975,4743,1150,5662,37851,35991,4322
2004,11,29,52318,88939,21985,61393,3065,1855.83,2249,3881,2768,9724,65776,24053,23431
2004,11,30,94723,79351,55226,59260,30257,1855.83,2613,2508,4372,8000,15312,18678,28741
2004,12,1,67288,5903,6176,4340,43754,3183,1656,4043,1016,8048,68460,15762,8519
2004,12,2,91651,32342,71702,46508,14470,3183,2582,1438,2332,6396,40427,12424,12107
2004,12,3,95807,14289,3150,90159,45953,3183,3831,4591,1742,5006,33930,20314,4308
2004,12,4,19878,90588,85711,50381,24988,3183,665,1637,2863,8718,79497,17333,4171
2004,12,5,37177,37080,43857,20861,86625,3183,3285,2430,4924,6434,72589,10876,34285
2004,12,6,57094,77773,6820,33656,89132,3183,3969,4008,2689,6031,75740,39028,40751
2004,12,7,10202,96406,22019,29418,21476,3183,3102,3651,1298,6958,79512,15854,17868
2004,12,8,7595,79150,40353,22519,81936,3183,4746,4028,3418,5846,72683,28901,29294
2004,12,9,63669,43006,54262,27710,99037,3183,3089,1190,2758,5107,71359,30585,30002
2004,12,10,89327,34462,39237,60625,57772,3183,3546,1494,1212,5251,16974,12536,35101
2004,12,11,20897,20336,51566,44315,43254,3183,4567,3273,4957,7666,67334,48994,40601
2004,12,12,90182,424,40937,32940,71884,3183,4876,1209,1756,9113,21834,20879,12296
2004,12,13,20566,56733,86246,51168,31984,3183,3703,2880,2169,6510,13546,20422,40483
2004,12,14,88574,3115,10048,88531,46943,3183,3876,2124,2804,9634,86415,16039,27382
2004,12,15,57108,16293,27250,20216,1758,3183,1095,2322,2167,7394,89841,16634,15436
2004,12,16,50527,69898,7032,77696,1518,3183,4469,1442,1686,9042,94973,36986,36930
2004,12,17,51898,15202,40463,46055,60015,3183,2093,3473,4521,9342,53689,27630,43230
2004,12,18,4778,11137,16306,26946,54829,3183,2448,1450,1043,6718,99402,43913,6147
2004,12,19,57761,63873,356,97805,38389,3183,1142,1174,1882,6446,52692,13022,11681
2004,12,20,1186,64786,36722,60708,20481,3183,4689,1058,2898,8022,68554,22727,6763
2004,12,21,93494,82355,94435,69537,3186,3183,3449,2298,2708,5334,75102,12449,43837
2004,12,22,8190,92597,19088,35072,50553,3183,3319,1737,1564,5602,28796,23396,21780
2004,12,23,98156,83487,15007,16055,70833,3183,562,4325,2267,5919,33862,35452,33561
2004,12,24,9756,13664,62751,83817,10173,3183,1265,3362,1800,5352,53433,47352,4205
2004,12,25,3484,8106,65443,56400,15851,3183,4796,4005,2724,9614,46411,48557,44239
2004,12,26,28363,51545,29235,26982,83816,3183,2434,4923,3112,6174,93739,13166,13097
2004,12,27,62094,6357,21647,25246,38061,3183,2598,1543,1788,8794,97942,31739,41433
2004,12,28,98631,27739,45745,76356,72541,3183,1264,2255,1974,8118,44236,10220,8509
2004,12,29,49948,73023,70144,43060,80912,3183,2695,3004,1590,5622,68249,24650,13883
2004,12,30,92127,7200,82546,24368,11592,3183,1106,1574,4578,8202,19281,47118,30488
2004,12,31,26711,60546,30726,3116,47396,3183,3335,3694,4336,6966,73105,11599,41315
2005,1,1,35802,20956,16655,36496,5558,1770.26,4973,4108,3849,9340,57052,20688,41305
2005,1,2,41799,83627,45267,60001,2908,1770.26,3063,4804,4462,5070,27199,30776,8738
2005,1,3,85866,57247,61466,35696,30352,1770.26,759,2504,1518,9682,18999,15929,39417
2005,1,4,40070,80325,95038,80271,49665,1770.26,958,2814,2067,6225,84167,19926,18442
2005,1,5,4963,87231,34779,10777,9761,1770.26,2905,1977,1928,5722,64024,32279,28331
2005,1,6,25139,29784,64785,1863,28549,1770.26,2791,3617,1870,9181,65239,46476,1158
2005,1,7,47623,66198,54292,16043,28775,1770.26,1016,1558,3392,8618,60865,18152,4811
2005,1,8,16830,85123,96482,68758,70845,1770.26,2388,1974,2992,8718,97845,12390,26858
2005,1,9,48661,81989,36510,29121,77522,1770.26,1948,1496,4297,5192,57538,13072,1749
2005,1,10,17402,44907,63161,75794,83406,1770.26,604,1586,1851,6270,13630,12695,40378
2005,1,11,49988,69085,25031,72980,17609,1770.26,871,1268,2567,7380,11740,15089,39228
2005,1,12,95481,20042,72938,79779,82633,1770.26,4202,1386,1733,8714,17072,41491,30476
2005,1,13,29093,85182,8078,70944,58312,1770.26,4991,4651,3857,5021,13982,12817,9774
2005,1,14,64249,54855,79087,1816,48587,1770.26,3256,4067,2219,6193,23845,19714,7179
2005,1,15,53021,33048,42591,61107,21762,1770.26,2597,2205,1302,5462,54501,10966,1122
2005,1,16,86800,54493,35618,82009,95866,1770.26,4826,1465,1620,8758,94632,19392,49600
2005,1,17,97443,27890,13460,24663,50435,1770.26,866,4807,3055,6922,80913,24816,3657
2005,1,18,44578,49863,8375,97233,26889,1770.26,3198,3688,3719,5654,12048,45936,29228
2005,1,19,9767,6875,22402,46925,13491,1770.26,1316,1876,1274,9775,35595,28061,33386
2005,1,20,83432,2814,64221,2839,96270,1770.26,4006,1702,1347,9550,38078,38235,45134
2005,1,21,31608,62629,68276,81679,22796,1770.26,3966,3914,3550,5448,95838,17041,30325
2005,1,22,16106,12155,27975,93732,58282,1770.26,1792,3064,2734,6012,60902,45355,29922
2005,1,23,47498,4909,36202,58845,73642,1770.26,3432,1022,4612,6858,13146,42408,40633
2005,1,24,62032,63598,41323,81935,46318,1770.26,3975,2422,1342,6612,56153,40299,3513
2005,1,25,39575,94299,98364,38661,80311,1770.26,4015,4160,4173,6568,19356,37814,9266
2005,1,26,93553,32789,59416,63166,30849,1770.26,1925,4231,3995,6504,91165,10634,29047
2005,1,27,83112,6493,67735,65130,66146,1770.26,866,1448,4538,7592,60731,14848,40241
2005,1,28,79409,94747,75361,43582,97668,1770.26,2748,2571,3857,7040,70736,41057,11070
2005,1,29,68914,42662,290,27909,72261,1770.26,4573,1514,4299,7307,20500,30444,7807
2005,1,30,57548,25929,2517,92086,46072,1770.26,3286,1946,4346,10006,85413,38365,13248
2005,1,31,26068,99514,95937,86278,73029,1770.26,2334,3293,1382,7623,86201,47947,16674
2005,2,1,35775,69671,16082,69435,6524,3051.07,3333,3803,1602,7114,94875,28641,46526
2005,2,2,75058,20355,69340,6408,5768,3051.07,2475,1150,3640,8752,94660,36665,7705
2005,2,3,96087,52954,62353,90063,55508,3051.07,1844,2633,1321,7925,93419,11406,26652
2005,2,4,20803,36754,1649,36197,88525,3051.07,1189,4933,3229,8598,86340,10708,12876
2005,2,5,58233,35168,76982,11873,53920,3051.07,4890,1358,1904,7242,56420,12806,37995
2005,2,6,3894,64617,36793,66567,72542,3051.07,763,3343,3316,7411,45891,38192,30212
2005,2,7,66639,77081,84478,16220,77609,3051.07,1568,1690,2337,9814,64065,26257,20819
2005,2,8,52897,28956,58968,10196,72550,3051.07,4354,1442,1355,6146,43008,35248,31740
2005,2,9,22710,78772,78592,6027,32535,3051.07,570,1058,2915,5048,31744,45524,40836
2005,2,10,82219,3313,47717,4556,84567,3051.07,2164,2462,3440,6131,64010,45989,28134
2005,2,11,4223,3365,22432,578,79511,3051.07,825,2219,1915,6222,24597,25802,31793
2005,2,12,21605,35169,41327,39520,30217,3051.07,1395,2434,2735,9112,33341,27301,23071
2005,2,13,27246,30507,31117,687,2990,3051.07,1675,2212,3490,5459,15588,28000,45127
2005,2,14,83604,9968,96572,76871,90737,3051.07,2672,2340,4041,8008,68211,19257,37522
2005,2,15,33422,19608,48044,26157,18720,3051.07,4810,2316,3242,7478,79354,31232,31385
2005,2,16,46053,42383,38445,44543,27842,3051.07,3894,2796,2552,7298,18694,13288,12586
2005,2,17,89339,7340,91981,78380,67691,3051.07,3988,1111,4799,8383,43620,14870,10193
2005,2,18,76121,63431,77187,4363,14357,3051.07,594,1760,1130,6390,21302,18946,22894
2005,2,19,52977,76549,87265,25529,28366,3051.07,706,4056,1973,7149,28787,49663,8283
2005,2,20,73694,59129,17128,53493,37512,3051.07,4714,3631,1068,8253,17994,21237,27100
2005,2,21,51147,69941,47998,66422,60332,3051.07,889,4659,2199,9505,55187,13842,35652
2005,2,22,37788,76709,57325,69762,73859,3051.07,776,3903,1990,5816,17396,49103,36113
2005,2,23,96355,18463,12736,36884,96716,3051.07,3120,2861,3373,9906,30634,43704,47082
2005,2,24,58121,72876,39716,36672,18733,3051.07,3588,1520,2963,7264,42633,28173,11256
2005,2,25,3377,28410,42078,64969,47666,3051.07,4072,4019,4287,6328,97255,14720,25826
2005,2,26,40241,21728,71569,73614,94198,3051.07,3670,3669,1430,6780,21693,10163,2204
2005,2,27,34641,81634,83036,38957,98898,3051.07,2129,2274,1746,5558,83594,34446,25669
2005,2,28,51384,47667,94819,62024,57178,3051.07,4378,2417,1286,7638,87383,40701,8426
2005,3,1,71054,25724,50933,10791,47417,1919.39,1783,4049,1958,5982,27946,10038,27448
2005,3,2,34221,46573,72932,9780,30168,1919.39,2514,4185,3548,9537,51363,26973,23731
2005,3,3,25268,65133,73478,82567,52516,1919.39,3419,4920,4902,9351,50711,14710,14180
2005,3,4,3151,28847,32720,63633,45938,1919.39,1134,1326,3590,5418,12586,15058,10666
2005,3,5,79149,156,47943,14049,56045,1919.39,1021,1312,1590,6870,80230,33305,15658
2005,3,6,45030,38650,73227,1284,64354,1919.39,4953,2503,4135,8058,31136,31424,40290
2005,3,7,31043,13623,11582,54633,69041,1919.39,3389,4540,4377,5376,78588,40421,34223
2005,3,8,88342,35962,88086,85484,66813,1919.39,3788,3193,3317,8366,29477,37670,18316
2005,3,9,65008,50783,55174,50495,4808,1919.39,1918,1708,1284,9852,90481,13478,2662
2005,3,10,44075,15223,66218,78452,4258,1919.39,926,3950,2119,9662,94433,13931,11158
2005,3,11,74330,29575,92125,97647,37941,1919.39,1668,4300,3736,6842,69794,19800,37954
2005,3,12,75856,51714,62097,8492,61566,1919.39,1520,1288,1016,5484,14454,19070,18930
2005,3,13,70247,2019,13712,67366,8033,1919.39,1296,2362,2718,9773,80008,42011,8145
2005,3,14,77727,81678,11312,82815,54872,1919.39,4061,2078,4170,7509,55570,10735,31106
2005,3,15,56439,82091,32727,73294,91180,1919.39,3054,1425,2891,7090,28791,25923,49521
2005,3,16,16262,76440,58286,70333,16213,1919.39,2343,1194,2675,7318,18924,15102,4647
2005,3,17,71112,18520,70977,20283,22381,1919.39,2369,3819,3636,6774,68464,16167,26547
2005,3,18,29617,46519,77594,13860,54636,1919.39,4783,2249,4175,8068,57581,31740,22737
2005,3,19,19067,19925,58384,71742,9931,1919.39,639,2393,2711,6616,17675,25092,17841
2005,3,20,93163,65046,20264,18152,61494,1919.39,4318,2461,1598,8263,21321,12476,38728
2005,3,21,51000,11105,93483,66528,75525,1919.39,4619,4591,3691,6014,66332,13621,17416
2005,3,22,57195,78325,27368,76259,44941,1919.39,2702,4454,1439,8644,88957,17166,45043
2005,3,23,43045,39629,11747,10995,67892,1919.39,3580,1002,1056,6838,18122,19262,49420
2005,3,24,10831,32742,63343,14522,22096,1919.39,4495,1292,4351,7478,88251,35643,29676
2005,3,25,33257,5954,40098,59697,60271,1919.39,674,4667,1430,8342,30661,19278,45408
2005,3,26,41498,64242,20874,18373,7657,1919.39,2124,3486,3088,7606,49359,26535,5348
2005,3,27,96494,93855,38530,20845,65717,1919.39,1487,3973,2734,5884,75021,18722,26781
2005,3,28,24697,55354,29024,9732,63785,1919.39,732,1633,1142,6235,56358,47934,9686
2005,3,29,71583,43483,82773,76024,10301,1919.39,3910,1794,2338,7592,43990,16120,32133
2005,3,30,573,66831,23381,49659,46120,1919.39,4014,1640,1458,8790,80546,16118,14754
2005,3,31,64076,92260,88229,4354,24847,1919.39,3640,2781,4420,7764,10322,14720,44587
2005,4,1,24067,37867,58588,14211,98210,2167.4,4782,1558,2726,6406,11158,37479,32995
2005,4,2,56159,81974,23938,60549,78872,2167.4,975,1130,3760,6754,95977,39698,40533
2005,4,3,30322,25111,44119,14438,30267,2167.4,686,1378,4409,9273,84894,27618,25191
2005,4,4,72268,16029,92658,94994,96821,2167.4,3824,4331,2140,5532,29879,47363,20168
2005,4,5,79646,70856,84846,58406,32537,2167.4,4455,4209,2284,9860,93646,10230,47175
2005,4,6,50117,24333,23236,79526,29958,2167.4,2143,2224,1030,6152,13569,14758,8130
2005,4,7,36320,62394,23014,54812,51508,2167.4,2174,2504,1750,7019,22262,38988,19246
2005,4,8,34195,36718,84550,56479,11644,2167.4,772,3111,3880,8616,57636,48837,28196
2005,4,9,73098,81132,67415,29960,13636,2167.4,3642,1306,4729,6024,21117,27588,47336
2005,4,10,92253,89644,75093,32353,43015,2167.4,2692,2208,1726,8994,50039,12067,13707
2005,4,11,16790,91773,40179,52022,56741,2167.4,2210,1189,1649,9258,76149,25284,14167
2005,4,12,81961,76144,91591,58042,99151,2167.4,1981,1403,3702,6860,40107,11716,29060
2005,4,13,7133,77801,55278,57557,16394,2167.4,975,4534,3440,5020,17907,20180,21669
2005,4,14,23024,35119,32722,34673,19743,2167.4,1308,3054,1462,7898,92447,34164,8871
2005,4,15,13310,94429,75568,32012,4207,2167.4,702,1338,4826,5356,85246,42572,15675
2005,4,16,3377,21222,8459,16817,30079,2167.4,3348,3101,1484,6070,87773,47578,26367
2005,4,17,61293,80434,31986,62659,64684,2167.4,1822,2992,1774,8741,26355,39419,24433
2005,4,18,70768,36435,67110,96947,18144,2167.4,870,1519,4928,8666,54688,20006,2356
2005,4,19,90695,74389,89460,68531,26811,2167.4,2461,3103,4017,6454,50761,38700,43585
2005,4,20,71583,13936,16693,6796,52677,2167.4,2566,4795,1676,6027,36741,30328,9400
2005,4,21,98383,92612,51849,88311,73293,2167.4,4668,1382,2276,7814,48869,40439,22889
2005,4,22,24064,47683,28543,98081,78481,2167.4,3132,1414,4590,6176,89562,28618,45656
2005,4,23,45576,52129,18414,41410,98157,2167.4,1737,2890,1910,9937,17553,15078,21508
2005,4,24,79178,58574,34102,92807,89054,2167.4,3245,3116,3356,7178,27549,16386,49323
2005,4,25,73795,80682,24603,83385,66859,2167.4,3354,2433,2645,6248,70194,47153,14165
2005,4,26,979,58285,10044,81450,14574,2167.4,874,3751,2522,5664,86557,15864,43949
2005,4,27,1339,19803,37396,64695,97942,2167.4,2882,1735,1262,7485,71471,28836,14945
2005,4,28,78002,49826,57622,60647,79297,2167.4,2799,1130,3804,8400,61724,33377,44169
2005,4,29,44496,13288,43481,63370,15305,2167.4,1296,1642,1191,8692,81337,30484,46390
2005,4,30,73637,4220,68572,35615,68057,2167.4,802,1058,1219,9562,13418,35516,40043
2005,5,1,80857,82144,17749,81404,60220,3191.74,2250,3506,1926,5620,88810,14704,17478
2005,5,2,76917,5454,39892,1961,3143,3191.74,1949,3713,1226,7840,91770,45341,20376
2005,5,3,24719,37829,67914,95847,60885,3191.74,4790,3092,1924,5086,55847,12143,19782
2005,5,4,96368,98099,2002,7326,3719,3191.74,1025,1986,3969,7398,98947,32111,7165
2005,5,5,57644,7249,55825,62943,51164,3191.74,4636,2233,1774,5108,88079,29011,47595
2005,5,6,78683,82870,37104,30607,11760,3191.74,4101,3127,2401,8886,31804,27471,9304
2005,5,7,68267,12830,24458,13588,33746,3191.74,698,2741,2004,6122,70683,48168,39757
2005,5,8,65470,11672,90402,83597,4221,3191.74,2607,2902,2702,6062,29860,11638,44834
2005,5,9,25366,88962,30294,49119,66417,3191.74,1589,1034,4927,8446,64622,25024,12098
2005,5,10,57156,10321,49118,4161,28196,3191.74,3680,1718,1472,5433,93613,16430,19802
2005,5,11,20267,72573,51300,14322,4987,3191.74,570,1438,1473,6998,95822,19241,31161
2005,5,12,28878,72413,20277,20157,89812,3191.74,1533,1966,2922,5270,51126,22470,1251
2005,5,13,30452,69807,82488,78277,95241,3191.74,1673,1858,1078,7972,46179,20010,42453
2005,5,14,95485,66315,16715,81959,33095,3191.74,1199,1972,1301,7827,98480,41112,12538
2005,5,15,89078,60014,38079,17001,70665,3191.74,4470,2467,1482,8309,12095,36955,5558
2005,5,16,80762,58769,18815,62138,73094,3191.74,3499,3577,2660,6294,50535,30754,14994
2005,5,17,10456,18088,59079,11757,5915,3191.74,4220,1344,2572,7298,44696,18382,7560
2005,5,18,62856,50519,22057,54572,38828,3191.74,2878,1890,2920,6692,98077,16013,34152
2005,5,19,58039,62929,50943,5699,44495,3191.74,2804,1301,1844,8235,83057,16376,17831
2005,5,20,52147,2278,69528,86071,75929,3191.74,659,1150,1093,5440,19422,19920,30576
2005,5,21,63219,67586,55861,72491,60630,3191.74,4855,3667,4570,5798,40717,44064,20290
2005,5,22,23629,59875,65367,59546,54462,3191.74,4080,1607,3405,9960,92677,18676,14776
2005,5,23,50536,99689,30821,31630,28756,3191.74,2901,1974,4464,7926,64464,11630,40528
2005,5,24,10404,19321,36466,59974,25119,3191.74,790,3746,3408,8462,24643,24221,43535
2005,5,25,33236,58724,30829,16641,78684,3191.74,2325,1152,1806,6302,77200,34654,39859
2005,5,26,80026,45102,76629,20842,85216,3191.74,2286,1971,1764,8751,88296,18234,7445
2005,5,27,52287,75039,83333,22047,27147,3191.74,1268,1734,4403,6906,93374,44438,24328
2005,5,28,49659,2053,40010,21910,25199,3191.74,1563,1575,3663,9543,42416,13878,17210
2005,5,29,56988,64703,92202,50105,39807,3191.74,3338,2092,1082,6714,30490,49035,30499
2005,5,30,75999,93111,75770,75402,86560,3191.74,4840,2569,2547,6201,74478,29097,35496
2005,5,31,43412,97394,50673,22075,96937,3191.74,2304,3924,4143,9022,16142,30301,9441
2005,6,1,88719,38746,63245,40390,69236,3045.2,2740,2346,1514,8996,65257,12506,28632
2005,6,2,10686,17827,60148,36888,8658,3045.2,606,1050,1269,8724,11978,15710,5598
2005,6,3,37381,73264,56206,48239,93644,3045.2,4594,2361,1603,9191,39103,10838,2859
2005,6,4,97823,71844,73185,68576,12689,3045.2,1175,3374,3972,5318,60261,47629,4794
2005,6,5,6920,56912,3680,79542,91988,3045.2,1603,4367,2633,8330,77606,12562,23019
2005,6,6,37019,33553,4991,78622,52744,3045.2,811,1142,2288,5348,35493,44976,44094
2005,6,7,50142,76669,84703,39114,94343,3045.2,3094,2614,3226,6262,13507,10213,44964
2005,6,8,12497,75111,39582,25131,25623,3045.2,2758,3992,2091,9100,73965,36187,33540
2005,6,9,29546,79777,86754,61834,75125,3045.2,3162,1618,1618,7864,97083,25960,38599
2005,6,10,69181,50179,59927,87407,23305,3045.2,2620,1610,4895,7116,60930,13748,23434
2005,6,11,87093,25042,85862,70536,94142,3045.2,1722,3687,1920,9827,15046,31079,9827
2005,6,12,64778,25035,89050,96396,49252,3045.2,3708,4783,1311,8634,22189,19240,36134
2005,6,13,88421,36162,95416,69668,6067,3045.2,1537,4510,2739,8750,80046,16474,22699
2005,6,14,38578,3121,31920,94533,29301,3045.2,1963,4077,1494,8174,90473,40781,1230
2005,6,15,17147,45534,75565,53458,44168,3045.2,4424,3939,1619,9598,18607,22686,14107
2005,6,16,13890,11497,98549,27981,90247,3045.2,2565,3823,3067,6758,39707,43719,28595
2005,6,17,50981,98024,37797,42512,29037,3045.2,3292,2534,1302,5209,32343,10934,44622
2005,6,18,5668,61768,99614,72287,2959,3045.2,1324,3200,1068,9873,77532,36315,34573
2005,6,19,54820,30098,81491,69239,30935,3045.2,2957,1914,1156,7106,24425,30961,37551
2005,6,20,28080,24071,43496,34587,15632,3045.2,530,1298,3957,9870,19882,13840,25839
2005,6,21,52151,87614,6468,14571,47487,3045.2,2237,3657,4097,8728,17022,11383,34001
2005,6,22,2631,17206,43299,54556,664,3045.2,516,3743,3145,5363,63329,23776,17724
2005,6,23,87554,64942,45075,57863,66167,3045.2,4777,4668,3976,7597,49239,22814,21364
2005,6,24,21598,16477,57824,52047,81557,3045.2,3430,4186,1268,6728,55093,46292,12072
2005,6,25,40804,6962,25036,65302,18677,3045.2,4077,1229,4657,8214,64091,17478,4717
2005,6,26,38220,95222,86845,97196,49171,3045.2,1361,1544,3912,8726,39165,15286,36084
2005,6,27,72609,52596,51008,84590,25676,3045.2,881,2831,4414,9106,48132,48090,6101
2005,6,28,26986,53562,70673,12996,4066,3045.2,714,2284,1336,8367,55831,45506,34764
2005,6,29,4452,8545,82626,73364,19082,3045.2,762,3041,2090,9590,92630,32766,38144
2005,6,30,13644,73512,31950,43058,12133,3045.2,1147,4118,4994,7306,52113,16270,46434
2005,7,1,33637,12697,75624,2004,68529,1670,2806,3424,1862,5052,12505,24602,37483
2005,7,2,52706,20547,31694,60248,13177,1670,3890,3040,2760,6947,15172,25545,30812
2005,7,3,8096,54291,75540,86267,22756,1670,4201,1391,3648,9660,74747,43528,45952
2005,7,4,62308,97554,36953,48767,10076,1670,3369,4132,1356,5686,39379,49533,15811
2005,7,5,2226,13271,18926,31338,30218,1670,1882,4664,4740,9714,40931,43847,34098
2005,7,6,94726,40133,16592,53374,31310,1670,3253,3616,3891,6557,58735,15318,41339
2005,7,7,32368,48457,94451,18725,69871,1670,4609,2095,3452,7078,13758,43669,33831
2005,7,8,3984,76667,64687,8724,9088,1670,2571,3812,2101,9162,73537,19536,5618
2005,7,9,60501,3143,19732,65744,69701,1670,2414,2067,1922,7486,20791,46792,28467
2005,7,10,42047,71753,85240,21851,41639,1670,1872,1254,1689,6558,54345,14268,5024
2005,7,11,18528,6917,27294,96981,92431,1670,1743,2930,1330,6475,35026,40025,1674
2005,7,12,21294,32441,92094,48217,40657,1670,1360,4055,2341,5914,20905,17968,29237
2005,7,13,67976,52778,4602,49666,65688,1670,1794,4214,2215,8184,81195,24646,8948
2005,7,14,1271,4291,43929,21597,47118,1670,2973,3411,2746,9718,32979,18403,28955
2005,7,15,65656,10692,67459,82997,73644,1670,1975,1619,2493,6577,15282,39532,4716
2005,7,16,21877,64431,23748,4092,64870,1670,3737,2492,1936,9018,20440,39054,21295
2005,7,17,17973,48414,73818,45720,84833,1670,958,1978,3839,8578,49835,14976,6797
2005,7,18,19000,8163,65455,92845,54740,1670,2377,2967,2520,9934,97059,18741,23091
2005,7,19,93771,92149,1234,52059,31167,1670,1112,1994,1439,9868,27562,21271,21674
2005,7,20,38078,58037,38111,71918,88673,1670,4400,2671,1107,9718,16868,17199,37946
2005,7,21,34297,49246,60167,71817,21722,1670,1909,1843,1462,8143,83901,13244,23578
2005,7,22,46169,41367,95088,48960,72648,1670,1582,1460,2037,9394,82642,35709,22650
2005,7,23,78990,78395,9734,91450,39601,1670,3648,3896,2198,5166,62064,30271,26602
2005,7,24,8745,68974,78467,90823,93469,1670,846,1988,1510,5506,21300,42733,12368
2005,7,25,38156,57884,19811,51546,32576,1670,2254,1565,2198,6688,12086,12630,2453
2005,7,26,89941,78015,27047,82139,29533,1670,2409,4628,1584,7070,45450,34256,5463
2005,7,27,69596,65870,56598,6033,97728,1670,3765,2234,1570,8575,15146,18356,27898
2005,7,28,37380,57387,96274,50930,20726,1670,4079,1342,1910,7477,18322,39537,15640
2005,7,29,52940,37919,94167,43728,28794,1670,4335,4740,3189,7284,20773,35916,5969
2005,7,30,95182,35891,4504,30963,54467,1670,670,3197,2020,8295,59127,19098,24635
2005,7,31,60287,79559,46117,70292,27037,1670,1180,1327,3190,6698,56406,38336,5273
2005,8,1,742,53077,47209,18026,90202,2329.74,4559,1092,3980,6873,96910,28614,49478
2005,8,2,8896,5108,26988,53543,80587,2329.74,3828,1230,2201,7686,87181,13825,46086
2005,8,3,43004,99861,73369,79703,56268,2329.74,3721,3360,1132,9154,15486,37686,28057
2005,8,4,51759,37298,13779,72091,30523,2329.74,2057,4417,2147,8098,92959,12734,10689
2005,8,5,6482,23140,72880,15035,23611,2329.74,874,1613,1272,8579,62667,48891,26413
2005,8,6,96636,51389,22253,94121,20023,2329.74,1806,1780,3639,7774,60223,30513,46343
2005,8,7,38977,77281,69931,71124,37677,2329.74,3857,4157,2380,6186,59191,42342,29242
2005,8,8,49501,70755,8956,42126,39335,2329.74,2368,2321,4363,9620,62793,18780,21624
2005,8,9,75963,44600,47519,75954,72888,2329.74,2818,1863,1373,9100,82987,39049,7742
2005,8,10,88342,83197,99559,7074,56286,2329.74,4415,2137,1720,8371,80614,35189,25102
2005,8,11,46347,87984,53864,2062,33956,2329.74,2799,4918,2608,5317,17854,16150,16657
2005,8,12,49411,41395,62360,67136,50495,2329.74,1184,3836,4894,5742,45909,19014,11699
2005,8,13,80844,95326,39670,26699,70049,2329.74,3240,1394,3266,8442,34807,42222,20284
2005,8,14,15112,12607,68493,92720,54276,2329.74,3215,3685,3461,7734,87172,28956,37068
2005,8,15,83625,93357,34145,44871,15451,2329.74,1050,2645,1730,5719,55696,11778,30054
2005,8,16,22355,289,94525,30622,98744,2329.74,2843,3854,1938,7687,13158,46214,29333
2005,8,17,44755,66142,16252,73217,88068,2329.74,3524,3043,3132,5346,32913,44935,3425
2005,8,18,99074,95316,57581,7157,97387,2329.74,582,4741,4916,9811,50362,28659,29629
2005,8,19,25496,39558,42515,83786,97245,2329.74,1351,3350,1581,8955,47918,36000,15441
2005,8,20,32380,16443,40396,61864,35463,2329.74,3150,4536,3624,5918,41692,32362,23309
2005,8,21,26712,26979,2104,56629,23142,2329.74,1639,4988,3374,8230,48774,21970,18818
2005,8,22,25946,45126,80322,73879,74081,2329.74,1230,2811,1034,6625,16582,46496,28240
2005,8,23,56287,24178,47385,24911,21261,2329.74,3624,2972,3759,5728,20952,38252,5429
2005,8,24,94546,38944,53242,19273,99450,2329.74,2594,1746,3492,8544,31977,15730,2016
2005,8,25,98860,58208,93089,59894,41186,2329.74,2741,2471,4645,8694,22381,22257,10468
2005,8,26,41907,46006,36582,90666,88086,2329.74,3918,3983,2829,8666,18255,12278,23886
2005,8,27,50527,75850,70377,30371,30118,2329.74,4295,1342,1132,7482,10452,14038,2354
2005,8,28,4204,77963,99218,38849,14441,2329.74,2458,1347,1258,8088,63364,19010,37951
2005,8,29,37926,42283,3729,50755,90794,2329.74,4384,1319,4184,9760,71690,10653,21984
2005,8,30,52115,72338,5982,29028,66074,2329.74,2125,1138,1869,5398,25477,36309,27555
2005,8,31,645,69288,9009,17304,33328,2329.74,2048,2604,1007,5776,54710,21801,22374
2005,9,1,34095,79473,94649,207,67515,2137.03,3672,4852,3987,7699,22277,21541,21654
2005,9,2,44825,8907,43411,7519,50737,2137.03,4514,1046,1432,8170,69702,10157,46073
2005,9,3,80219,57307,41166,22348,28369,2137.03,2810,3814,1206,7458,79021,42657,29319
2005,9,4,69113,47694,98862,63100,61746,2137.03,992,2921,1397,6110,46792,47133,21139
2005,9,5,56828,87659,17157,94612,45829,2137.03,4769,1047,1869,9174,64746,10486,3212
2005,9,6,57957,67557,84053,33099,65016,2137.03,755,1946,3471,7814,29930,10442,29426
2005,9,7,28460,47275,44490,74857,8030,2137.03,3341,1208,3940,5497,75820,41120,41282
2005,9,8,25061,96942,67168,1931,59228,2137.03,2168,2183,1654,9830,50281,47189,48266
2005,9,9,86999,42390,47669,30470,49710,2137.03,685,3168,1224,5878,53024,15606,43951
2005,9,10,87809,41366,46815,83101,63216,2137.03,4220,3275,1864,7740,90205,11506,38987
2005,9,11,56006,13726,45042,71828,21299,2137.03,4016,3296,1694,6082,38765,20125,11676
2005,9,12,26987,74451,98295,84564,70977,2137.03,706,1158,1582,6680,58236,19850,17671
2005,9,13,52323,82458,9583,4602,6550,2137.03,1108,2554,4865,9262,34382,18758,16141
2005,9,14,89177,19751,59460,59593,69140,2137.03,4718,1125,1542,8012,97040,42707,14577
2005,9,15,62035,63562,67844,87423,76898,2137.03,2377,4219,4889,7870,33820,31438,26081
2005,9,16,18101,66281,10345,64318,43783,2137.03,972,2958,1668,5198,92551,49968,11079
2005,9,17,5870,72270,62446,27600,66634,2137.03,622,3667,4399,8150,32442,16296,25839
2005,9,18,30583,24820,61868,71824,43132,2137.03,3261,2583,3320,9957,41901,22102,12041
2005,9,19,91037,73735,55062,71866,81379,2137.03,3185,2247,2585,6982,31199,19218,13965
2005,9,20,92821,51506,64238,32221,39656,2137.03,4868,1966,2851,6736,58412,47334,46680
2005,9,21,38777,61674,74919,33449,7984,2137.03,551,4019,1905,6964,87236,38283,16820
2005,9,22,7281,25422,91884,59866,42404,2137.03,880,1576,4587,9672,83796,14243,23083
2005,9,23,72705,65017,833,26908,91753,2137.03,4241,1880,2270,5511,80329,45253,9246
2005,9,24,32331,52233,60625,55588,95549,2137.03,3871,2828,3281,5754,79045,32037,47861
2005,9,25,58837,74481,83614,33424,50505,2137.03,4018,3208,3777,9694,66467,13774,33762
2005,9,26,56801,90710,3763,10423,6221,2137.03,676,4903,4027,5314,10490,14575,1806
2005,9,27,80514,70714,83756,70147,6468,2137.03,2183,1655,2280,5796,31431,37785,12801
2005,9,28,85910,11802,27346,34688,93005,2137.03,1569,1156,1758,6762,76579,23446,43814
2005,9,29,28480,48608,94702,97507,81260,2137.03,3434,1772,2257,8786,31919,15077,5193
2005,9,30,24991,50455,96733,78623,52604,2137.03,1407,3512,1317,7350,73199,15673,44516
2005,10,1,81121,31831,21145,9157,24762,1308.06,2635,3368,1298,5141,54627,27188,10943
2005,10,2,13576,32753,69446,92118,64672,1308.06,2107,1477,2607,5729,84080,42122,34523
2005,10,3,78490,22594,14792,4947,12145,1308.06,894,3265,3647,5434,18773,19760,46818
2005,10,4,40007,56409,43129,95651,7902,1308.06,2838,2829,1859,8636,29946,27882,14108
2005,10,5,59511,47054,59361,57118,59135,1308.06,592,3975,2385,6735,75273,44530,43441
2005,10,6,43553,16842,4148,88552,95906,1308.06,3311,1834,4328,5786,31562,14354,22921
2005,10,7,31900,20754,41411,78759,95742,1308.06,2993,1034,4761,9442,28721,10248,21357
2005,10,8,42146,44314,80576,24532,91049,1308.06,4061,1916,2690,9560,39504,34948,5850
2005,10,9,62481,97817,20861,58161,15608,1308.06,1741,2506,1768,6314,42617,13030,18775
2005,10,10,74509,65611,56873,25623,64316,1308.06,870,1460,1258,6445,47343,37306,35594
2005,10,11,88647,82757,4612,77690,22317,1308.06,2637,4796,3284,9849,42956,40243,44117
2005,10,12,68624,21051,54103,74504,24203,1308.06,1123,1142,3681,9347,40684,42996,46720
2005,10,13,34941,92907,65809,81199,9353,1308.06,4857,4350,2260,9468,92039,34577,13153
2005,10,14,99937,54677,35726,58221,70878,1308.06,3464,4501,1084,5142,30356,13286,45035
2005,10,15,15638,22832,71701,94319,72180,1308.06,3666,2119,1643,9474,18710,47347,28738
2005,10,16,48979,39528,61699,61240,95348,1308.06,816,1166,1118,6194,53504,11995,20090
2005,10,17,42928,18321,51497,59012,20887,1308.06,649,1523,4684,7414,47193,43215,31853
2005,10,18,32440,860,335,70435,20335,1308.06,2782,1338,1776,5832,46903,22583,21357
2005,10,19,65922,59072,67868,7040,6966,1308.06,4035,4892,1044,6883,25256,43282,37724
2005,10,20,85089,40906,29807,6125,60960,1308.06,4339,3398,4211,6025,80185,30897,43352
2005,10,21,37383,97968,16562,14618,10152,1308.06,2200,2424,1990,5067,99464,12205,29818
2005,10,22,92792,34852,28451,65188,38087,1308.06,3469,3174,1936,8275,29298,21923,3707
2005,10,23,97980,44990,65322,92191,61016,1308.06,3087,4749,4825,6000,29366,36328,11859
2005,10,24,35818,16568,78754,91059,87987,1308.06,4615,2129,4420,8065,62316,17506,44570
2005,10,25,51772,20787,7034,79088,25414,1308.06,1010,3392,2673,5376,15582,17386,36332
2005,10,26,94543,55022,73438,70720,11023,1308.06,2048,3191,1454,8642,54249,40061,19156
2005,10,27,46723,40218,37191,92495,38283,1308.06,630,1406,1645,6780,85493,28410,49508
2005,10,28,36070,52856,1804,33743,85539,1308.06,3782,1430,1926,8571,67152,16133,33738
2005,10,29,17727,24201,95677,69802,76354,1308.06,4862,4427,1495,7052,31921,44777,49927
2005,10,30,62912,8274,67536,15909,91660,1308.06,4319,2728,1776,6122,61470,15558,3029
2005,10,31,46212,70253,87855,51323,68824,1308.06,3807,2901,1126,9484,72702,38263,5007
2005,11,1,82565,27691,52258,45970,75964,1525.4,3880,4237,1854,9588,75896,33950,13387
2005,11,2,19109,19977,56187,31583,97799,1525.4,2793,3050,3166,5468,53225,39525,13961
2005,11,3,29276,56127,51436,25112,28830,1525.4,2225,2745,3741,9482,73714,19420,39700
2005,11,4,52870,98948,60295,50144,23737,1525.4,900,4196,2518,6631,14270,20316,2543
2005,11,5,36944,84924,54719,21463,46744,1525.4,987,2371,1773,9718,17482,41954,24296
2005,11,6,68474,4709,69701,68568,60543,1525.4,4624,4763,2361,9846,79906,32449,43415
2005,11,7,73813,80353,57998,62683,53336,1525.4,4350,1146,1403,8146,11741,13146,15128
2005,11,8,44716,89081,5518,41489,1503,1525.4,3443,1328,1678,9495,54895,37306,39353
2005,11,9,29262,99520,67071,87976,20790,1525.4,858,4601,1334,8422,57283,13368,13329
2005,11,10,93550,6634,20000,76305,27054,1525.4,4451,3120,2172,5310,29608,10062,31741
2005,11,11,67025,29404,41355,43789,15251,1525.4,1095,4512,2120,9044,32487,32909,12602
2005,11,12,27846,19264,43863,87879,47686,1525.4,2598,2587,4130,7597,33891,17535,1146
2005,11,13,85690,39695,55656,22862,67368,1525.4,4239,4391,2371,5594,78180,12622,1617
2005,11,14,48196,75628,7135,76669,40145,1525.4,929,4341,1958,9792,88571,39274,5974
2005,11,15,70938,6170,96862,11421,60119,1525.4,3955,1624,3151,7774,85020,20518,47105
2005,11,16,52580,79261,21262,99951,31207,1525.4,3924,4401,1420,6058,72421,47916,49442
2005,11,17,42032,98352,32259,33621,68144,1525.4,2894,1758,4703,6107,66852,19821,37182
2005,11,18,33212,45809,81982,36363,96772,1525.4,3232,1414,1261,8998,82004,27467,17002
2005,11,19,43936,60930,73222,51709,63340,1525.4,4624,1723,1410,8234,55343,28488,45643
2005,11,20,85417,28238,83922,61472,14345,1525.4,1292,3907,2933,6556,17910,26056,1558
2005,11,21,46628,23503,8111,92889,67997,1525.4,1708,3284,1044,6281,96344,14383,40116
2005,11,22,21924,95969,36107,82270,60556,1525.4,2109,2323,1038,8310,23794,12534,41450
2005,11,23,78157,5087,14291,7442,84713,1525.4,3498,1339,1542,6462,40579,10240,30913
2005,11,24,48076,27288,99752,99120,3569,1525.4,4855,1844,3415,5961,40465,18970,46096
2005,11,25,73764,67575,31294,9802,94958,1525.4,1536,3113,1526,7178,80554,27590,5088
2005,11,26,38091,30405,8930,25209,88366,1525.4,656,1440,3148,5366,51912,13068,15861
2005,11,27,76170,81768,71265,84586,64081,1525.4,3555,2843,1322,9678,63997,40613,11730
2005,11,28,56289,40534,80079,49167,64064,1525.4,1756,2153,2389,5685,27361,45754,10633
2005,11,29,1547,24038,32195,11047,4112,1525.4,942,1633,2225,8083,81218,46306,34107
2005,11,30,39813,51126,84150,51821,68679,1525.4,3785,4967,1383,8863,74133,35446,14499
2005,12,1,17243,3952,23238,69280,47666,3209.55,825,1702,2537,8223,92165,17996,18992
2005,12,2,55043,88799,50222,83126,86369,3209.55,4289,3846,2029,8950,22524,27879,46528
2005,12,3,49896,63844,99264,88760,54330,3209.55,4607,1571,1462,8402,40850,19030,1062
2005,12,4,63188,28029,57085,47077,42604,3209.55,646,2645,4400,5294,97122,14250,49250
2005,12,5,78174,36413,10967,91555,43875,3209.55,4434,3769,1526,5049,98880,34367,49844
2005,12,6,86111,19840,55939,7476,64036,3209.55,1505,3574,1169,7188,90651,17142,13142
2005,12,7,99192,5724,97771,53592,87370,3209.55,2063,1895,2656,8774,89801,41530,44893
2005,12,8,4226,75588,1653,34264,60637,3209.55,4983,3099,1724,7273,70574,17111,16885
2005,12,9,20415,63433,77039,77936,13374,3209.55,3060,2564,4764,8758,82507,43486,17690
2005,12,10,3427,9572,91734,51084,63954,3209.55,2613,4530,3474,8540,35145,34110,31535
2005,12,11,77503,70129,97210,30579,77403,3209.55,2689,4168,2568,8702,16922,10941,34137
2005,12,12,25121,2869,89859,14886,95051,3209.55,4723,3476,3288,5626,65911,12241,22366
2005,12,13,30695,24878,63124,4169,85495,3209.55,4631,2996,4749,7390,93574,28503,48270
2005,12,14,52329,57617,92673,16249,98696,3209.55,3542,3816,3996,6810,55053,15398,1129
2005,12,15,72118,96129,30227,70407,28937,3209.55,3999,4630,2367,8522,80151,22861,46139
2005,12,16,26745,34783,85859,11494,2975,3209.55,4997,1242,3400,5348,71551,16838,29433
2005,12,17,150,65094,92265,20498,48494,3209.55,2247,1963,3445,9922,14748,38733,47318
2005,12,18,94964,56369,64716,32331,84844,3209.55,1544,1587,4648,7402,23081,32623,44867
2005,12,19,53187,13079,37927,6588,12100,3209.55,710,3600,1856,7299,65449,11546,25830
2005,12,20,14617,17697,92732,74414,16522,3209.55,4498,2837,4173,8436,76519,24016,16453
2005,12,21,89081,48064,85605,68729,5466,3209.55,1351,1782,4467,5629,81591,32918,25038
2005,12,22,31460,72979,11519,38735,40278,3209.55,854,1245,1015,9938,62010,27536,26968
2005,12,23,36391,41509,55374,25564,85722,3209.55,932,4801,4956,6174,59882,14262,31894
2005,12,24,42926,27586,76779,97393,33216,3209.55,1662,1026,4051,8180,36112,17342,24722
2005,12,25,1500,46967,91926,12515,66905,3209.55,1402,4647,1802,8128,45210,47516,3936
2005,12,26,60022,61143,72319,56330,79031,3209.55,4455,3307,1137,7585,52051,18714,32201
2005,12,27,58659,48714,6731,22710,73246,3209.55,2037,4744,1161,8962,14470,39417,9195
2005,12,28,89250,60014,9065,1045,88142,3209.55,3561,4514,3121,7102,37195,43504,20628
2005,12,29,19432,11652,81812,11921,95589,3209.55,2625,4247,3928,8720,76956,22174,1798
2005,12,30,3551,20347,63271,26064,55661,3209.55,1832,4910,3246,7249,45954,31387,16882
2005,12,31,27877,44516,12254,92350,31747,3209.55,2205,2529,1099,6054,95802,13386,49449
2006,1,1,33428,27288,15865,77783,4244,2452.32,2684,1892,1309,6966,96602,34542,38039
2006,1,2,71933,41513,77789,29182,3819,2452.32,3409,4686,2780,8470,12784,37228,25528
2006,1,3,34317,96667,64681,84686,92469,2452.32,1621,1800,3655,7485,20029,19250,21369
2006,1,4,21877,34067,10193,89538,74166,2452.32,4079,2449,4658,7498,91630,34828,6795
2006,1,5,27395,81392,65867,81527,63503,2452.32,3754,4170,1298,6878,15207,34137,28652
2006,1,6,71155,16829,10033,36162,50666,2452.32,834,2541,1946,7854,62078,18610,46414
2006,1,7,55103,86158,17095,36113,4377,2452.32,940,3122,1468,6807,29648,36322,25078
2006,1,8,81811,14756,493,73480,48190,2452.32,2616,4344,3879,7648,55505,49545,32052
2006,1,9,14062,77270,88439,10894,9226,2452.32,538,1368,3026,8984,16791,23755,1046
2006,1,10,24062,37733,38230,46883,40892,2452.32,4556,2701,3985,6401,12532,13526,34231
2006,1,11,98453,70149,82871,63685,54149,2452.32,3229,4561,3349,8019,95454,23927,4729
2006,1,12,18537,77345,54607,87916,76330,2452.32,1670,1742,1958,9899,63624,32725,21399
2006,1,13,482,13182,21779,99467,79583,2452.32,2993,4386,4458,8890,58070,24958,34311
2006,1,14,33296,37652,59520,81646,5672,2452.32,572,4207,3670,6006,12122,24999,4975
2006,1,15,97929,90145,41743,39763,6397,2452.32,2487,1877,1251,8540,12698,47185,21719
2006,1,16,78576,85690,41573,99386,47905,2452.32,4343,1200,2294,7736,79197,42965,49643
2006,1,17,5190,34770,83525,53860,61300,2452.32,874,4228,2143,6620,15342,24891,12000
2006,1,18,75024,37831,31770,42628,82096,2452.32,4812,2023,1302,7736,76408,17670,4466
2006,1,19,47380,50753,1963,1026,968,2452.32,694,2508,2280,7742,76367,43580,31160
2006,1,20,72218,87931,69161,90714,41236,2452.32,604,2611,3684,7373,75238,37132,34503
2006,1,21,1839,81403,14156,58345,29140,2452.32,2755,2870,4019,8622,93895,24986,6916
2006,1,22,62230,70590,13847,10862,30808,2452.32,793,3025,4496,6305,93738,16742,6567
2006,1,23,7161,9343,84696,45845,73069,2452.32,2976,1258,2687,7131,49603,12742,26286
2006,1,24,20400,28711,12401,94419,9780,2452.32,757,3360,3236,9603,99222,24044,6296
2006,1,25,6170,36368,27070,667,42674,2452.32,2750,4833,2853,7604,95677,35921,37160
2006,1,26,30083,95007,27181,4122,8490,2452.32,3652,3888,1845,6052,23307,47976,43136
2006,1,27,58701,9065,52690,51937,8668,2452.32,980,1189,4630,6108,31855,47303,18264
2006,1,28,56561,958,13489,19415,54755,2452.32,680,1188,4172,8867,10628,29013,9167
2006,1,29,8355,45314,57903,46552,81367,2452.32,4528,1206,1625,7217,16718,15292,31210
2006,1,30,15481,84336,62834,36463,3737,2452.32,3766,1218,1997,7254,79711,33103,44689
2006,1,31,22773,51399,84292,43297,66619,2452.32,2310,4972,1266,7094,21524,48984,5954
2006,2,1,32405,5403,34399,79622,13758,1984.14,1453,3092,3876,7915,18180,39916,16043
2006,2,2,48034,78478,51915,61641,58189,1984.14,4412,1888,1332,8132,92557,41614,35018
2006,2,3,16372,67530,9233,62936,5406,1984.14,708,2809,4971,5862,33782,43728,8218
2006,2,4,7501,61588,91821,36377,9504,1984.14,2645,3888,4830,9128,35528,29371,10002
2006,2,5,95929,36294,5311,47942,80355,1984.14,4555,3077,1748,5140,76012,37154,47868
2006,2,6,89710,83073,41316,69681,24531,1984.14,3409,3382,1685,6354,17926,12540,25099
2006,2,7,97935,93757,36430,2766,54668,1984.14,3488,1200,1918,7606,98537,21308,38310
2006,2,8,18018,4445,50738,99766,35937,1984.14,3271,1300,1173,9184,11678,17055,43102
2006,2,9,36038,91440,15439,72723,79373,1984.14,1615,2307,1250,8044,96424,14972,16550
2006,2,10,92706,94913,31920,33661,15063,1984.14,1320,3079,1253,8262,49196,14194,46809
2006,2,11,65160,52469,45540,7686,13408,1984.14,4740,4444,1142,6530,38518,44380,7218
2006,2,12,23080,90134,21688,49737,94530,1984.14,1060,2235,4375,5970,37247,10789,34464
2006,2,13,9789,8568,93869,77394,46978,1984.14,935,3489,1885,6474,52526,41644,43066
2006,2,14,44,43619,7441,65052,50150,1984.14,4431,4580,2444,7471,39317,46973,45959
2006,2,15,81935,86730,50561,27663,49710,1984.14,3451,1710,4079,9310,53243,42408,4160
2006,2,16,41738,50531,20898,69975,93357,1984.14,1618,3399,3394,9058,58450,33543,23424
2006,2,17,81369,84235,73124,33813,31706,1984.14,2138,3639,1054,7698,57653,31583,28793
2006,2,18,68211,46106,73786,97290,44778,1984.14,4697,2866,3911,6947,72840,37268,43382
2006,2,19,16723,84459,97020,50117,3517,1984.14,3659,1236,4704,6280,35049,37761,5471
2006,2,20,68280,32188,1401,154,96238,1984.14,3089,4447,1511,7526,78088,16288,9055
2006,2,21,15256,84139,85507,25520,11086,1984.14,2787,2807,2804,9806,94276,12672,8347
2006,2,22,81629,27936,63909,37685,67423,1984.14,900,1414,2496,6406,52207,10086,15310
2006,2,23,2253,50297,24534,40116,22172,1984.14,2755,3778,3112,8261,79297,30549,18975
2006,2,24,66608,92085,74709,25764,18244,1984.14,4787,1223,3272,5047,53908,30694,18985
2006,2,25,358,95706,32749,47854,38904,1984.14,2939,2507,1604,8825,97622,23775,34957
2006,2,26,84152,20378,27555,87264,44991,1984.14,2812,1597,1182,5050,37360,49883,6852
2006,2,27,77858,58500,66107,91130,43548,1984.14,1823,3904,3424,7462,16228,37327,36367
2006,2,28,5881,32402,44836,57485,81227,1984.14,2612,1538,1088,6102,68992,40529,8810
2006,3,1,3157,68480,30010,12029,22192,1900.45,4885,1392,3703,8182,24238,31421,46245
2006,3,2,69191,68143,79846,90115,92604,1900.45,2346,1782,3360,6182,12470,14114,17174
2006,3,3,50147,87960,99061,41665,73304,1900.45,1386,2811,4421,5504,19390,46612,5943
2006,3,4,98993,11078,43656,94048,8445,1900.45,946,3986,2387,5314,84100,44991,17894
2006,3,5,88840,12799,69996,33552,15333,1900.45,2072,1946,1889,9970,14296,36545,42579
2006,3,6,8428,79882,79357,32849,82630,1900.45,812,2973,1626,9468,16754,36422,1108
2006,3,7,23714,33841,30409,92454,55507,1900.45,3796,1404,1270,7592,10600,25342,30861
2006,3,8,32722,47674,40822,29612,159,1900.45,2508,4937,1110,7486,74137,19072,14318
2006,3,9,12414,69950,73857,24040,25770,1900.45,1813,1680,2421,7221,58288,17146,32229
2006,3,10,38082,12085,64978,98092,52228,1900.45,4785,1301,4602,6959,47264,12234,41930
2006,3,11,11277,79773,81050,88179,91637,1900.45,2710,4049,1488,6294,44440,33609,5187
2006,3,12,3796,21254,49445,52569,44827,1900.45,1847,4259,2520,8176,13702,19022,24085
2006,3,13,30107,3489,6050,86061,50448,1900.45,2173,3075,3085,9574,66253,41073,3314
2006,3,14,11114,13964,45124,52602,35531,1900.45,2562,1364,3521,8359,16500,38347,5916
2006,3,15,42444,81445,87608,94965,19622,1900.45,1064,1079,4797,8482,52139,21596,1310
2006,3,16,91779,94313,49672,41216,50240,1900.45,2288,1352,1240,7411,30305,48122,15926
2006,3,17,49680,82868,70152,93201,1227,1900.45,1547,1014,1193,5506,54986,12166,44749
2006,3,18,86817,71051,78246,7966,9516,1900.45,914,1293,1049,5585,42508,41288,30385
2006,3,19,77863,24797,68993,40456,68561,1900.45,3577,4591,3516,5081,27791,49743,49298
2006,3,20,19830,25691,59766,96023,11198,1900.45,3188,4365,2153,5580,38682,28020,31104
2006,3,21,33171,34597,29314,90572,96535,1900.45,1859,1506,4321,7203,31203,14233,38174
2006,3,22,66501,86134,48825,81369,11215,1900.45,1111,1043,3658,7228,43418,29855,26616
2006,3,23,4684,67959,60573,23189,70745,1900.45,1208,1094,3851,6873,10837,46737,49255
2006,3,24,85047,9049,37486,30721,76252,1900.45,4953,4103,4822,7566,40471,32388,18690
2006,3,25,86746,37936,13432,5404,11516,1900.45,1610,1199,1160,8758,55739,11904,6850
2006,3,26,27790,6949,32171,61641,3822,1900.45,4729,1830,3407,8886,35940,11010,9360
2006,3,27,30904,80894,20114,2078,91024,1900.45,4465,4121,4871,8508,99524,42739,26937
2006,3,28,87451,67488,58939,28611,79670,1900.45,514,2458,2977,9036,85450,16312,14678
2006,3,29,48396,10180,63372,33155,88747,1900.45,4164,1001,2908,5102,38079,20284,15664
2006,3,30,7567,38897,14406,38790,53146,1900.45,1528,1202,2768,6818,69206,27438,13930
2006,3,31,87849,26074,1249,42178,31462,1900.45,666,1209,4582,7798,45715,18328,3052
2006,4,1,56233,54331,24976,86862,92410,3190.47,779,1305,4664,5921,12998,39945,45260
2006,4,2,63802,41400,87715,36973,26958,3190.47,4820,4382,2752,6997,17196,17310,31505
2006,4,3,83679,29758,31739,63730,75473,3190.47,796,1704,4396,7123,34918,13157,1222
2006,4,4,62383,62050,60816,38399,44323,3190.47,3343,3124,4369,9666,45096,12678,11619
2006,4,5,13914,86269,48414,13019,69618,3190.47,722,3295,1494,6536,33377,37190,15610
2006,4,6,13331,25526,18896,17727,42649,3190.47,2236,1270,2214,8051,59780,26537,20166
2006,4,7,86022,88124,1014,5391,20534,3190.47,4420,1606,3729,5676,80168,18346,46110
2006,4,8,14795,11695,87995,26513,74958,3190.47,3703,3287,3248,8950,22366,11802,21372
2006,4,9,19116,85955,27279,51330,94006,3190.47,4218,1142,1533,5231,14214,28418,37059
2006,4,10,7693,2541,95570,56422,51727,3190.47,1120,2872,2431,9114,18780,28741,25738
2006,4,11,16838,39441,83381,80086,88391,3190.47,2333,2505,1700,5963,75186,16526,5747
2006,4,12,33022,19406,98436,40907,80989,3190.47,4325,3681,4096,9798,61454,37174,16556
2006,4,13,56984,52575,70047,60768,48041,3190.47,4508,1229,3871,5786,61314,14532,29432
2006,4,14,44988,80000,31119,53040,25963,3190.47,846,1370,1430,7074,16242,23050,6306
2006,4,15,86441,1920,11732,5537,83166,3190.47,2710,1254,3464,5522,17267,13020,39539
2006,4,16,58541,56776,87735,77412,96017,3190.47,1025,1003,1752,8602,94042,37715,15402
2006,4,17,54801,65492,79403,96863,19025,3190.47,4913,1816,1098,7996,27352,13432,11997
2006,4,18,37535,36415,69934,96000,15523,3190.47,2504,4062,1342,6590,67826,12698,37201
2006,4,19,88344,85204,13700,50097,33699,3190.47,4163,3499,4585,7140,85361,24961,7742
2006,4,20,61915,5275,46778,92182,53272,3190.47,1966,2157,1895,8251,12654,42417,24130
2006,4,21,11804,22013,16481,72132,28604,3190.47,4827,3298,1732,8526,83394,19559,1328
2006,4,22,82621,37558,8059,72206,87476,3190.47,2166,1492,1398,7896,74274,16486,9773
2006,4,23,34425,96241,8180,61320,20844,3190.47,3736,2647,4700,6568,19142,44655,11336
2006,4,24,37227,65959,27954,23088,24485,3190.47,3999,3456,1058,7057,95661,19084,11349
2006,4,25,93182,9180,51178,24581,53123,3190.47,601,2546,3044,7570,65217,17786,25453
2006,4,26,61469,85307,91536,11169,21875,3190.47,823,4101,3623,8822,98540,12462,12666
2006,4,27,77829,57540,42917,59439,40950,3190.47,4874,4130,2757,6052,75062,17232,38579
2006,4,28,21505,665,21131,75901,50797,3190.47,4788,3616,1654,6323,56136,19770,36349
2006,4,29,38990,78312,85334,33965,28441,3190.47,2072,1268,2765,6341,65706,15066,33875
2006,4,30,34920,26934,65550,99029,22986,3190.47,1260,1692,2627,7391,36741,24776,40612
2006,5,1,71531,53393,28098,14206,9530,1293.26,4546,2840,3311,7032,32632,23537,37978
2006,5,2,56936,38902,81303,53277,20960,1293.26,3195,2892,3270,7162,87229,35233,12722
2006,5,3,36189,48071,9214,89932,1165,1293.26,502,4046,3733,8119,13034,29614,33990
2006,5,4,96098,72799,33808,35761,92662,1293.26,4297,4596,1692,6951,11522,18018,16440
2006,5,5,69673,7421,23249,64295,10997,1293.26,880,3537,4900,5093,53468,26064,10479
2006,5,6,75435,83492,65111,79168,57963,1293.26,566,1674,2512,8941,12352,11702,34715
2006,5,7,41733,65469,16122,63426,22421,1293.26,2429,3444,2767,8146,72739,20115,18995
2006,5,8,72508,4972,33653,63761,30065,1293.26,4824,1006,1234,5178,16422,44926,37122
2006,5,9,6002,42504,15339,79866,1445,1293.26,758,3177,4682,6159,22954,16918,37862
2006,5,10,81507,61736,66899,24274,23765,1293.26,4388,2624,1930,8796,76384,14762,5990
2006,5,11,31515,32561,29227,18479,53848,1293.26,3404,4848,4099,5094,39713,40544,30245
2006,5,12,32957,86104,50074,52639,48616,1293.26,1092,1473,1114,8694,87098,41230,39380
2006,5,13,50333,97839,3855,27645,42232,1293.26,982,3745,4151,8504,92223,32998,46591
2006,5,14,10844,71981,59200,99944,83427,1293.26,1839,1382,2720,6538,85372,16335,15265
2006,5,15,62644,12817,29161,30110,7160,1293.26,1339,3843,4096,6214,11966,12666,16259
2006,5,16,38137,36509,46426,67288,17109,1293.26,1638,2951,1981,5837,44246,10407,38650
2006,5,17,57454,67438,43143,75174,40702,1293.26,2860,4696,1331,7020,49805,14842,28515
2006,5,18,3279,87498,38686,17376,29044,1293.26,510,3531,3033,6480,50819,10141,40173
2006,5,19,91482,33810,54445,18463,75999,1293.26,918,3451,2480,8364,17260,23182,48692
2006,5,20,33231,66486,59231,90914,53507,1293.26,755,3136,2885,8890,13736,16570,25389
2006,5,21,34614,96919,58164,43999,33400,1293.26,4139,4880,4143,9880,59695,35141,8983
2006,5,22,39979,4918,68594,22460,9634,1293.26,1993,2863,1407,9854,33777,46265,43571
2006,5,23,46612,5885,19403,75849,326,1293.26,970,1290,3184,8644,95288,13176,26266
2006,5,24,33979,65780,97816,93123,90715,1293.26,3263,1396,2427,6426,69504,22060,7511
2006,5,25,6779,31498,31277,83187,69073,1293.26,803,1378,2289,5205,15778,15894,31406
2006,5,26,7824,58366,71609,31008,67010,1293.26,3942,1984,4027,8109,10461,12198,16897
2006,5,27,75621,55078,3140,54400,68286,1293.26,1460,1416,1998,8186,90954,39564,22644
2006,5,28,55494,36758,5249,59135,18316,1293.26,4453,1138,2850,8558,73497,21211,29486
2006,5,29,17959,77440,72199,83338,95549,1293.26,4431,2520,4089,8922,41920,22374,49013
2006,5,30,31566,84733,30143,52058,58821,1293.26,2974,1340,4206,6454,12312,42521,21097
2006,5,31,9060,85605,18660,96910,36667,1293.26,3120,1962,1904,6671,54313,47847,42157
2006,6,1,10098,85369,9773,69020,43641,1856.1,1937,3372,3641,5346,14206,16089,48499
2006,6,2,43321,34210,90296,22896,56713,1856.1,1954,2317,2827,8864,78983,19976,32817
2006,6,3,13337,66312,12283,70008,20625,1856.1,2042,2073,1850,8166,32445,10990,10131
2006,6,4,16666,49383,83863,11659,34729,1856.1,2747,4401,4319,8800,17296,11031,3759
2006,6,5,33564,49251,69701,51392,94467,1856.1,2726,2803,1346,9718,94162,15838,48684
2006,6,6,140,52558,15397,28342,20724,1856.1,3831,3740,3575,8100,65398,48304,47842
2006,6,7,87804,9499,59058,58475,60246,1856.1,4505,3808,1955,9206,61551,36422,26354
2006,6,8,4242,39279,60578,35589,29288,1856.1,3911,1566,3648,9307,90471,44372,4740
2006,6,9,83502,74303,98113,97077,74700,1856.1,1732,3854,4361,6382,37328,49606,29864
2006,6,10,13495,6834,59767,55451,62392,1856.1,1872,2985,1202,9826,18573,12480,21319
2006,6,11,23541,38837,68366,47190,74496,1856.1,1561,2996,4490,6025,71425,24189,8837
2006,6,12,85889,49510,3044,91602,70300,1856.1,2559,3793,3556,7326,39243,42300,40372
2006,6,13,54997,47468,25286,31945,99917,1856.1,3179,4809,4046,5802,13430,23541,10211
2006,6,14,81733,11264,47891,31223,17289,1856.1,1763,4529,3824,9622,11130,10960,19316
2006,6,15,31530,85043,55622,95086,18721,1856.1,3737,3716,2332,9022,22012,17210,44865
2006,6,16,39233,60192,14762,38279,99440,1856.1,3172,1171,4374,6062,28745,13015,18112
2006,6,17,11730,509,82545,80554,75315,1856.1,2381,3195,1420,8002,34632,30140,10027
2006,6,18,2867,88371,20209,61551,83745,1856.1,1503,2977,3763,7616,77607,18202,42221
2006,6,19,85729,5780,15726,31455,98194,1856.1,821,4922,1330,6740,90476,12014,44471
2006,6,20,19745,42858,76192,31165,67212,1856.1,2657,1429,1102,7865,47980,49290,10825
2006,6,21,56439,836,22268,75202,68452,1856.1,4756,1072,2006,5481,18338,20200,16228
2006,6,22,86305,29160,30123,47635,38878,1856.1,631,3621,1159,6822,12284,13370,36951
2006,6,23,3999,83795,49801,19545,98013,1856.1,3835,4450,1319,7454,46003,16122,14133
2006,6,24,73682,55760,3007,12041,97594,1856.1,2240,3897,1855,8714,31531,11474,21345
2006,6,25,32018,48515,80706,44529,25338,1856.1,4251,4335,1989,6598,65232,35001,36844
2006,6,26,4536,84068,55804,52207,57874,1856.1,4680,1555,3918,7686,43595,21511,1808
2006,6,27,25383,92188,55409,92239,70902,1856.1,4322,4270,1806,5028,63799,43495,3293
2006,6,28,98224,88051,39184,85213,78454,1856.1,1566,4340,4834,9506,51546,12707,4416
2006,6,29,44177,52579,94263,18096,40266,1856.1,958,1999,1396,7719,74237,33650,4210
2006,6,30,81012,4913,52921,49170,99941,1856.1,2665,4515,1121,7422,99727,49574,16720
2006,7,1,86294,98915,91098,45016,66813,2782.68,543,4391,4419,9990,76008,18628,3805
2006,7,2,45950,58008,65026,23669,48598,2782.68,1031,3509,2947,6710,69801,34667,48676
2006,7,3,12866,84317,22141,94714,396,2782.68,2328,1689,1981,8425,48056,20146,21716
2006,7,4,58583,53600,55890,39354,93591,2782.68,2981,1792,1256,9358,79559,19442,31898
2006,7,5,54386,591,24715,22334,70791,2782.68,3352,1142,1534,5492,94721,45579,44516
2006,7,6,83560,92051,82269,36894,96828,2782.68,2039,1761,1130,5866,11114,10217,46677
2006,7,7,61178,85449,66109,83786,24807,2782.68,4991,1098,2609,9705,34229,49752,12020
2006,7,8,90574,57582,49761,85757,19426,2782.68,1335,2985,4235,9955,39878,16063,10834
2006,7,9,26632,13270,54177,43260,42550,2782.68,4828,3726,1488,5937,15482,41897,15292
2006,7,10,14309,58855,87442,93271,38561,2782.68,3022,1970,1216,9134,31241,31381,38023
2006,7,11,86320,28930,50719,55556,8885,2782.68,2970,1868,1806,8614,95127,12766,40597
2006,7,12,73790,64956,82845,40881,17245,2782.68,2778,1553,1134,6571,24823,15478,36708
2006,7,13,74595,84198,62312,86550,9684,2782.68,2930,1002,2481,8648,67909,47718,43553
2006,7,14,75597,5880,99587,12166,14379,2782.68,4931,4519,2372,7775,45400,19244,11066
2006,7,15,60836,94531,57523,22750,47454,2782.68,3223,3399,2894,7574,24949,42577,48698
2006,7,16,95439,59232,4932,34273,44233,2782.68,3342,1180,1302,7928,48346,25802,22842
2006,7,17,8994,23278,30323,17718,97406,2782.68,2334,4592,1038,9734,97341,17705,25723
2006,7,18,99906,36917,72458,82800,38803,2782.68,1728,1194,2989,6660,84864,17221,47407
2006,7,19,85854,99559,69755,80926,97487,2782.68,1728,2831,2729,7050,40549,21486,18101
2006,7,20,29125,84236,46079,99377,85445,2782.68,3433,1701,1370,5890,84501,19137,43420
2006,7,21,19649,92582,69731,92639,5594,2782.68,1211,1446,1020,9298,88724,34343,20947
2006,7,22,30418,11805,23528,4500,65207,2782.68,985,4330,1015,8286,93706,32811,30429
2006,7,23,65484,43492,84514,45820,49383,2782.68,1308,1558,2947,7390,94372,49893,35367
2006,7,24,54690,36937,91340,41547,49254,2782.68,889,4671,3219,5768,17014,23425,46416
2006,7,25,46197,76508,67756,27213,98572,2782.68,518,4055,2657,9082,26226,37039,27814
2006,7,26,96255,23887,88774,74203,91278,2782.68,904,2318,1462,7174,15486,35687,33147
2006,7,27,94555,29754,81711,2774,11875,2782.68,2551,3070,3740,5046,13142,14632,32233
2006,7,28,54473,11659,37719,92130,22547,2782.68,520,3801,4183,8596,18720,11812,30297
2006,7,29,83792,99803,74131,20226,97941,2782.68,913,2494,4099,7623,11620,35973,27995
2006,7,30,69857,4172,10397,28597,80830,2782.68,907,1653,3688,9978,60134,12587,12031
2006,7,31,20275,55655,97741,24458,56301,2782.68,2621,1443,3249,6751,76669,37541,7096
2006,8,1,82583,46389,61550,86558,58009,1361.42,1413,3531,4270,5474,75712,36301,13875
2006,8,2,87270,43719,76342,43600,3853,1361.42,3873,4507,1668,9376,32159,10115,38929
2006,8,3,57305,88603,99717,409,65272,1361.42,2857,4205,4998,9406,50763,24358,37259
2006,8,4,13282,23529,52890,53904,24891,1361.42,846,3511,3671,6546,72110,42524,44954
2006,8,5,21827,52336,68384,74848,57019,1361.42,4962,1360,1002,8318,31083,37120,1096
2006,8,6,4642,85293,51326,4640,84700,1361.42,3997,4332,1969,8238,68235,33211,18441
2006,8,7,93192,74793,11723,98216,41339,1361.42,739,3164,1167,5474,38011,19086,33833
2006,8,8,76017,89327,40214,81513,40358,1361.42,3632,4998,2940,6310,65989,23991,37649
2006,8,9,71103,44987,88324,29424,93225,1361.42,2634,2767,2703,8722,15862,10796,22912
2006,8,10,24541,91722,68558,77061,83548,1361.42,2950,4563,3599,6336,57428,35308,22922
2006,8,11,30812,42413,46659,20104,95075,1361.42,4095,1177,3985,8770,95600,17209,12648
2006,8,12,71682,24588,69977,19385,48944,1361.42,4777,4836,1566,9687,83248,28932,37312
2006,8,13,48961,86199,54848,93912,29362,1361.42,4219,1524,1040,8946,12979,32466,12276
2006,8,14,71229,7075,48644,45214,5846,1361.42,3774,2526,1534,8750,13263,15606,10597
2006,8,15,2414,54393,56667,97799,80432,1361.42,1730,4391,1112,6338,23302,21825,39915
2006,8,16,60206,18874,64702,31246,61103,1361.42,574,2330,1107,8707,93895,13914,27682
2006,8,17,55656,22670,832,57191,37773,1361.42,4020,1550,4838,5566,37983,15270,30447
2006,8,18,20602,14714,94662,63067,46292,1361.42,1243,1496,4541,5945,54093,46996,34317
2006,8,19,9979,84157,79327,11086,79216,1361.42,4390,1222,2243,5221,16834,12790,39575
2006,8,20,65668,48786,90202,50506,29473,1361.42,2127,1425,4250,6292,29491,11092,28185
2006,8,21,77458,97088,28390,63351,29385,1361.42,702,4362,4342,6025,66799,44910,48835
2006,8,22,95600,1190,46133,7843,36411,1361.42,4210,3429,4682,8832,85287,15506,20898
2006,8,23,8948,17415,31932,68198,60556,1361.42,790,4364,4862,9672,17715,17014,27776
2006,8,24,50018,28062,59961,49361,34087,1361.42,4270,4685,2949,6754,53880,30711,26760
2006,8,25,77652,28091,99142,13686,8854,1361.42,4191,2800,3194,7475,18870,28750,34429
2006,8,26,5251,8793,49467,80113,43625,1361.42,710,4993,1595,5430,59353,12033,17182
2006,8,27,87430,19976,8072,31731,26731,1361.42,2442,1476,1393,7935,50771,15246,11952
2006,8,28,12364,29963,49399,46910,57438,1361.42,659,4039,1893,5942,75503,36869,18101
2006,8,29,75012,76214,46863,86607,53236,1361.42,3640,2017,2543,6136,88747,35625,6217
2006,8,30,51367,17542,22712,57760,45477,1361.42,4357,4191,4796,8755,21101,43586,23483
2006,8,31,6857,63113,72626,102,70943,1361.42,1970,1918,1398,7674,32560,10282,48130
2006,9,1,97553,67300,48945,70616,72399,1709,1981,1292,3632,6092,68120,13466,1854
2006,9,2,85450,42313,99616,40558,79766,1709,3765,4229,2178,7742,30172,46659,43202
2006,9,3,17189,76127,87355,1021,25039,1709,2421,3943,1287,5444,19126,20037,13989
2006,9,4,39991,47893,76330,29976,43985,1709,3441,1582,3114,9408,10810,49231,44451
2006,9,5,2610,66461,58461,84789,46679,1709,1447,3866,2462,5153,81238,38853,4985
2006,9,6,49142,5012,77797,46781,94081,1709,1818,4071,1598,6304,64046,11935,3707
2006,9,7,53950,73840,74074,57064,99601,1709,1294,2209,3228,8926,13426,12526,26769
2006,9,8,36092,51150,70125,49907,2655,1709,3759,1796,2726,6555,14928,16806,1363
2006,9,9,70262,31747,878,38213,41247,1709,1499,1630,1467,9302,68611,21067,31276
2006,9,10,17341,24906,89629,76921,72365,1709,3178,4808,1946,9654,74714,13133,42979
2006,9,11,37369,63474,14930,10095,46381,1709,1901,2993,2956,8270,71205,35554,46211
2006,9,12,91759,37705,47103,63226,78277,1709,644,1968,1970,9014,88888,29335,15714
2006,9,13,49603,88419,54144,10082,74425,1709,3215,3145,3682,9002,38239,21414,28858
2006,9,14,50707,31493,4408,45016,41976,1709,1921,3733,4669,8056,96958,24298,25614
2006,9,15,59737,63955,36267,33060,20579,1709,2394,1518,1277,5788,96614,20702,41508
2006,9,16,78099,86182,48848,86781,7031,1709,3194,4088,4931,8953,19103,26906,3439
2006,9,17,54567,16026,26992,589,76401,1709,4886,1137,4255,9286,85548,24833,40302
2006,9,18,19012,47943,11367,65290,80832,1709,2343,1154,1866,7542,62061,33896,24334
2006,9,19,70981,36608,7986,22264,15561,1709,521,1479,1644,5034,87067,17814,43441
2006,9,20,82814,28306,4708,3421,5810,1709,4606,4821,4549,9326,12934,13926,40256
2006,9,21,96658,25158,27014,23525,92700,1709,3772,1302,3385,7058,18430,23945,5427
2006,9,22,41551,34169,76777,17368,93034,1709,937,1702,3500,5222,95619,30662,30196
2006,9,23,97252,40226,55484,51801,12550,1709,4884,1128,3454,6897,49083,12505,28298
2006,9,24,52324,22856,92537,10709,20966,1709,1006,3867,1438,8278,96234,38385,44832
2006,9,25,74331,98525,30584,99183,5521,1709,4844,2772,2779,6746,70924,11681,26203
2006,9,26,96329,90810,37241,16135,54059,1709,3639,1382,1070,9478,33442,12847,36324
2006,9,27,32360,50801,41715,77712,44936,1709,2448,1244,2825,6074,51151,16700,4302
2006,9,28,5587,97349,77470,4719,15380,1709,1399,1708,4203,7288,44194,43261,48395
2006,9,29,56315,72835,15996,98197,94011,1709,1044,1369,1590,9110,20433,27877,15791
2006,9,30,73412,69234,29847,42589,32266,1709,934,4204,4698,8403,75274,26429,47351
2006,10,1,91674,54490,98705,61665,98685,1391.9,4330,1518,1340,5062,65528,12920,8319
2006,10,2,9923,8250,39399,29034,45035,1391.9,3796,4268,3474,5570,62885,10824,33628
2006,10,3,78672,33442,71875,57075,8716,1391.9,1576,1582,2793,5280,78404,17829,48304
2006,10,4,23599,12735,39348,64265,61614,1391.9,2071,2887,1666,6469,33272,40863,21228
2006,10,5,60098,52070,21484,39924,29807,1391.9,747,3477,4162,8973,81903,42877,1452
2006,10,6,87277,98480,59619,56422,13761,1391.9,4250,3710,2109,9949,34326,45074,4375
2006,10,7,1177,21399,32962,47006,47868,1391.9,4220,4316,3303,8250,64239,14461,16235
2006,10,8,92776,81339,72939,26938,70312,1391.9,1167,3940,4673,5785,46713,49785,4842
2006,10,9,160,70965,53496,83621,50914,1391.9,3694,3442,1154,6654,31799,23439,37823
2006,10,10,44243,86020,14109,78898,78075,1391.9,3358,2201,1038,6296,14139,12701,44700
2006,10,11,87490,307,36642,57163,62444,1391.9,1947,2602,1352,6795,62575,37936,33356
2006,10,12,30970,91270,22731,56542,69278,1391.9,1332,3519,1900,7190,92416,10678,4530
2006,10,13,71493,52127,38529,47531,68423,1391.9,1583,2264,4325,6460,45778,31768,19020
2006,10,14,62933,19079,10723,49956,45874,1391.9,4243,3194,1848,6974,49735,13174,23298
2006,10,15,97856,12420,80069,71109,72861,1391.9,2434,1418,1936,7314,16478,25737,38837
2006,10,16,46334,34818,98002,15659,14395,1391.9,3778,3678,2858,9012,59985,25083,43781
2006,10,17,64151,80582,18278,45070,23908,1391.9,1618,1762,1754,6774,92870,19643,18013
2006,10,18,96875,31658,46700,37838,8972,1391.9,3575,1250,1103,6334,87315,36849,4934
2006,10,19,21709,51095,46881,84567,41948,1391.9,1001,1097,3798,8566,67519,27705,23218
2006,10,20,28643,95490,49469,25427,3528,1391.9,1421,1634,1699,8121,38239,15671,8691
2006,10,21,29407,1815,70977,35510,79743,1391.9,3711,1451,1484,7802,19022,34036,24644
2006,10,22,75161,28372,6487,78960,89002,1391.9,1664,2644,1702,9966,43070,39373,24006
2006,10,23,47528,70844,89775,54227,28965,1391.9,4897,3371,1179,7225,10232,42274,44366
2006,10,24,31870,98944,43726,73959,67239,1391.9,2995,2399,1644,6734,21358,29819,46095
2006,10,25,71191,44375,13816,57037,16860,1391.9,1409,1486,4080,5080,34964,23045,23238
2006,10,26,96902,21215,31417,59433,78440,1391.9,1706,1660,1944,5431,16971,24182,41649
2006,10,27,7879,91319,82934,15048,72152,1391.9,4866,3341,3666,5033,16729,31877,4292
2006,10,28,98271,63139,62616,42352,15674,1391.9,802,3926,1230,6338,88359,13585,47580
2006,10,29,21165,90066,56598,78109,51850,1391.9,3643,4727,2590,6334,74774,19741,39921
2006,10,30,22221,85994,29435,87239,11027,1391.9,4115,4297,1316,8082,51648,15368,46164
2006,10,31,45662,83397,86606,80808,46561,1391.9,744,2724,1382,7396,62185,33231,41317
2006,11,1,97181,9311,87557,15109,84085,2998.87,2328,1429,4436,9142,97456,31952,23651
2006,11,2,10034,23106,7606,58116,74754,2998.87,546,4501,3242,7288,21061,19126,31637
2006,11,3,44385,5138,57293,28078,83675,2998.87,4395,1718,4833,7838,12315,17910,40524
2006,11,4,11955,49644,86700,31391,90563,2998.87,3342,1947,3612,7654,75063,14717,1026
2006,11,5,2585,11545,5571,87179,28833,2998.87,3089,3216,3121,6246,17645,31795,26632
2006,11,6,27258,52042,29003,43443,90346,2998.87,3712,2299,1930,6764,50041,47874,41318
2006,11,7,63624,63385,14823,87237,685,2998.87,3305,4620,2781,7762,23151,12965,6238
2006,11,8,66860,86241,52534,14981,22974,2998.87,3128,1910,3571,8550,10025,45268,20179
2006,11,9,33448,70090,63920,40760,16854,2998.87,4986,1829,2345,6160,13654,44381,13962
2006,11,10,8750,18723,14002,26531,58951,2998.87,847,2162,4744,8380,57142,12718,37153
2006,11,11,28559,36623,29301,83483,45105,2998.87,3750,3551,4415,5350,35663,42620,39326
2006,11,12,22984,7002,39450,329,93162,2998.87,4709,1910,4941,5062,44792,16182,39867
2006,11,13,78568,50640,92406,18312,9020,2998.87,2381,3929,2522,6682,37411,47627,15901
2006,11,14,82360,82515,42531,8127,91537,2998.87,747,4519,1546,6548,31199,44707,44546
2006,11,15,62768,42261,12970,54061,67323,2998.87,4303,1788,4752,6709,80553,33771,7762
2006,11,16,62610,77935,4054,81484,4617,2998.87,4110,3328,1682,6594,11454,48218,7817
2006,11,17,66187,78554,79090,84086,85103,2998.87,3792,4221,3900,8114,18281,10330,26641
2006,11,18,82228,22585,14817,6981,35646,2998.87,2103,3254,3304,9318,79738,44272,45370
2006,11,19,18974,25201,13953,92008,13194,2998.87,934,1474,3960,5667,79817,10838,25408
2006,11,20,62309,58610,69636,31209,83076,2998.87,570,1242,3205,9914,72283,28850,4269
2006,11,21,10322,29387,93458,99978,6896,2998.87,602,2220,4747,9118,34227,27941,23196
2006,11,22,66314,90806,23674,70275,26474,2998.87,2040,1134,3451,8028,52693,11527,3491
2006,11,23,82297,52830,26831,25502,67782,2998.87,704,4454,1203,8332,10784,18098,15466
2006,11,24,87357,21387,26671,2104,62293,2998.87,854,3606,3055,5046,15232,10880,27251
2006,11,25,73560,7273,16014,52012,1653,2998.87,3538,3949,2888,6720,25802,11348,18708
2006,11,26,72186,46507,16476,49741,60668,2998.87,4191,4375,4997,6958,82831,43642,27260
2006,11,27,38112,29228,72249,22520,99298,2998.87,3399,2856,2456,5765,41219,29109,3833
2006,11,28,50825,71110,13059,88713,27830,2998.87,733,1366,1719,7130,66107,28738,5213
2006,11,29,70821,16651,43115,52170,77512,2998.87,811,1975,1446,8832,70846,20821,25946
2006,11,30,4596,4246,43679,32053,86363,2998.87,1161,3538,2359,9286,42250,12662,1250
2006,12,1,69336,32908,63855,12897,15367,2004.35,614,2016,2059,8978,25879,44356,8946
2006,12,2,64402,74207,15881,65165,45053,2004.35,4760,1310,1732,8164,52012,47981,36703
2006,12,3,79326,5552,20341,86249,64154,2004.35,3383,3489,4788,8590,46385,35154,36882
2006,12,4,87536,46454,33523,5947,15043,2004.35,614,4443,4960,6182,60960,45012,9402
2006,12,5,52885,30721,60663,15969,48885,2004.35,3950,4561,4578,8590,47161,48731,12676
2006,12,6,21172,11897,48573,7312,40487,2004.35,3817,4373,4114,9386,50319,39157,11310
2006,12,7,18094,622,84953,68054,83157,2004.35,3065,2392,2984,5750,68361,16450,45913
2006,12,8,52756,32312,2782,3686,32954,2004.35,3768,4125,1839,7341,61436,18677,49943
2006,12,9,78651,86607,63052,52766,28946,2004.35,3274,3390,1696,9578,47795,29852,29723
2006,12,10,5492,10862,98597,14828,50942,2004.35,3048,1846,1250,5829,40085,48574,16958
2006,12,11,42125,58854,19052,20316,26195,2004.35,698,1197,3445,8395,90314,28743,46840
2006,12,12,64471,48589,92134,11167,8167,2004.35,1018,1206,2142,9614,44837,34435,6282
2006,12,13,22925,17886,70836,54897,10067,2004.35,3470,3542,4773,8873,10428,12320,10921
2006,12,14,52066,60555,49870,51863,95302,2004.35,605,4771,1054,9091,70937,29641,40184
2006,12,15,45373,28308,59652,28867,84275,2004.35,4653,2198,1382,7958,62094,15143,20841
2006,12,16,77761,81918,50039,63886,37143,2004.35,1205,4207,1612,9734,57422,11103,5248
2006,12,17,82610,38028,70875,87733,43471,2004.35,2374,1622,1471,6764,50412,20745,8165
2006,12,18,14218,30066,94296,85647,96906,2004.35,2141,1017,4659,7179,54903,41801,6391
2006,12,19,72428,47461,97362,4581,89888,2004.35,2035,3848,4162,5830,76581,18985,4784
2006,12,20,77427,10308,90532,63898,20037,2004.35,4643,1220,2361,5290,36251,10054,40945
2006,12,21,1681,3393,91637,72692,20573,2004.35,845,4351,1438,8206,30283,16591,12892
2006,12,22,49342,62320,5440,74856,81582,2004.35,3840,4007,3679,5862,22904,28715,32021
2006,12,23,91669,73900,79321,95382,19191,2004.35,1000,2222,1294,7988,19838,22240,31924
2006,12,24,66881,90760,97944,77233,85318,2004.35,3823,1010,1100,5615,25865,38478,28227
2006,12,25,97636,86059,47486,22668,36783,2004.35,2734,3450,1993,7055,40183,12535,36743
2006,12,26,78979,36185,49759,30647,40174,2004.35,2886,3405,3135,7181,10358,34804,26025
2006,12,27,45409,10814,35815,52306,26429,2004.35,784,1694,2737,9252,79435,34519,11680
2006,12,28,91364,47170,29322,68358,10577,2004.35,892,1824,2041,7002,36553,28566,19506
2006,12,29,23027,55793,1972,22514,72974,2004.35,2317,4733,4775,6272,13594,22555,2610
2006,12,30,4812,44176,12972,52549,65149,2004.35,3420,1512,1866,5492,24869,16504,42407
2006,12,31,52247,22114,72412,90640,69117,2004.35,4205,3494,1109,9486,47360,20434,8966
2007,1,1,54678,5169,19914,97810,24912,2907.68,3972,1782,1792,7872,50586,14199,42470
2007,1,2,41293,7099,70128,40387,48320,2907.68,2632,1762,1610,6554,55901,11542,2984
2007,1,3,52478,80748,31822,40007,28108,2907.68,610,2785,1086,8694,96946,15038,18608
2007,1,4,58880,15919,50477,80673,20143,2907.68,1223,1435,3161,7702,14638,12972,1064
2007,1,5,50686,10806,43267,92433,10430,2907.68,3144,4259,4914,5298,19265,24374,49168
2007,1,6,9926,49411,7160,50053,15822,2907.68,1443,4700,2727,7706,71724,22869,20458
2007,1,7,82983,82948,50657,91145,97002,2907.68,3977,2687,4635,7200,56471,12842,18830
2007,1,8,22763,99617,85676,19029,7286,2907.68,3402,3562,2055,6913,99967,11534,21294
2007,1,9,87371,31411,93930,40098,13330,2907.68,4319,1312,1305,9975,15262,28306,32006
2007,1,10,48806,84138,42346,44793,7733,2907.68,1208,1846,4785,6482,82226,22070,48818
2007,1,11,74530,41982,71986,77937,8895,2907.68,2165,2617,4714,7446,69066,49395,21953
2007,1,12,89452,98386,45708,70757,78362,2907.68,4063,2166,1356,5662,88310,24088,15868
2007,1,13,6578,39519,20935,21363,9107,2907.68,4785,4987,1206,7110,77924,20388,3162
2007,1,14,20075,75090,99358,39789,82536,2907.68,4183,3338,1809,5002,59095,45170,18425
2007,1,15,33463,24511,88689,99820,15919,2907.68,528,3848,2869,7546,60210,41975,26999
2007,1,16,47060,19996,58316,8554,68118,2907.68,3941,4543,2680,8299,44331,26567,36240
2007,1,17,46724,49868,14906,29885,17463,2907.68,1407,2276,3510,6447,83447,30781,24001
2007,1,18,73447,73708,69630,22668,1254,2907.68,994,3312,2539,9309,56865,10646,46192
2007,1,19,75549,52159,55201,19581,46810,2907.68,1147,4884,2102,8494,39769,15916,15884
2007,1,20,35054,47529,99546,49917,43976,2907.68,2049,2421,3051,6678,56440,24304,32993
2007,1,21,12870,37436,38969,11761,93097,2907.68,2417,3645,1402,7948,18338,27505,12186
2007,1,22,66205,50726,53743,64660,11779,2907.68,1927,3183,2391,6472,29451,10998,9864
2007,1,23,79466,26501,35141,52517,9531,2907.68,3173,3752,1498,8493,50512,38464,41581
2007,1,24,10680,29282,23462,7728,63251,2907.68,958,1624,3763,5326,10466,13796,28039
2007,1,25,15190,7394,86430,72581,3867,2907.68,3947,4683,2381,9087,68551,15358,15881
2007,1,26,17020,11725,90664,62388,10219,2907.68,2203,2249,1809,5382,44976,17910,7529
2007,1,27,68703,96561,12220,63819,18240,2907.68,711,3428,1430,6994,12028,16648,39038
2007,1,28,89374,96309,82684,48107,5396,2907.68,1369,3766,4311,6780,18598,11772,1236
2007,1,29,80914,34709,43131,67723,75373,2907.68,4134,1738,2371,6353,24245,35610,4459
2007,1,30,85391,11309,85391,48174,1154,2907.68,1173,1062,4059,7724,54984,18918,41400
2007,1,31,81445,71354,64574,60756,94739,2907.68,1637,2003,1787,6119,59726,42159,32079
2007,2,1,93861,68939,80654,56567,93184,1676.07,1956,1698,3005,8886,21997,25757,32616
2007,2,2,37656,28876,29817,51513,83860,1676.07,2956,1564,1638,7432,82655,18262,5624
2007,2,3,76701,74659,19062,2821,50737,1676.07,4750,4597,1511,6598,17515,12104,27574
2007,2,4,63019,59472,43244,97376,65954,1676.07,3132,3608,1898,5908,71472,10678,31593
2007,2,5,24925,4429,82243,45121,14492,1676.07,3746,1192,1826,5626,10364,13298,14898
2007,2,6,26734,60115,67594,23245,6870,1676.07,4291,1239,1874,5078,83614,43237,35109
2007,2,7,70479,23100,46846,80946,92401,1676.07,2975,2324,4097,7286,62444,19940,34670
2007,2,8,71468,26191,77485,43728,25351,1676.07,754,2083,2962,8644,91680,21183,37849
2007,2,9,19427,20972,57423,80359,9859,1676.07,3595,1374,1840,6792,77634,39240,7390
2007,2,10,37814,85610,6565,93263,92180,1676.07,3202,4999,2902,5566,23726,19605,35361
2007,2,11,28536,90451,38041,92851,24769,1676.07,4033,4194,2044,7808,40904,26902,29721
2007,2,12,11550,80852,73591,8390,83996,1676.07,3981,1808,3186,8870,15070,11717,17577
2007,2,13,22258,94625,41717,66512,35312,1676.07,1116,1662,2245,8294,73049,47013,15444
2007,2,14,20230,53435,57560,87274,7595,1676.07,527,4143,1342,7670,43884,46013,48464
2007,2,15,38047,57866,17822,91233,94763,1676.07,2950,3371,3868,8214,16235,45531,49244
2007,2,16,92814,68704,75731,65060,59213,1676.07,2072,4442,4918,9632,83067,42512,15132
2007,2,17,34448,63596,78009,46467,34066,1676.07,2479,2111,1110,6653,79696,14458,38245
2007,2,18,25897,48999,56949,86117,60017,1676.07,1648,2830,1886,7470,17889,17734,23184
2007,2,19,38863,96314,96894,73781,32298,1676.07,1292,1745,3555,5286,29563,43972,29961
2007,2,20,48898,72043,66085,61360,48696,1676.07,4935,1898,1130,7562,77060,21146,12133
2007,2,21,31419,75061,40329,89658,48792,1676.07,756,2653,1776,8012,77785,19532,24570
2007,2,22,314,10430,86278,60222,21083,1676.07,4193,1331,4235,6629,47690,19282,32193
2007,2,23,98762,48978,60227,26244,90862,1676.07,3742,3631,3699,8150,28288,27490,3640
2007,2,24,44993,35397,81496,15876,39398,1676.07,824,4711,1062,8037,99932,14298,9281
2007,2,25,86582,70478,9828,90817,7108,1676.07,1451,2220,1494,6068,48464,13707,7518
2007,2,26,6669,62207,68692,51721,32629,1676.07,4210,2620,2376,7058,19704,38125,46980
2007,2,27,86339,61608,44189,72401,15997,1676.07,896,2577,1910,5723,19502,17666,10473
2007,2,28,79593,86198,76630,2440,39227,1676.07,2498,2247,1654,9582,13967,10558,41446
2007,3,1,59530,46605,46898,86588,56453,3166.74,2926,3059,1915,6742,34055,22387,1375
2007,3,2,73928,36633,19690,79651,46379,3166.74,595,3927,2080,8034,88154,24877,24099
2007,3,3,10533,66754,44882,28075,80721,3166.74,2595,1026,1906,5844,26837,16921,13866
2007,3,4,57219,16116,51333,69134,94146,3166.74,2873,3072,3372,7562,64075,34750,35388
2007,3,5,68014,39671,50031,51446,34057,3166.74,1322,1890,1289,7555,89014,16142,38185
2007,3,6,51421,31610,58611,11891,37454,3166.74,682,1024,2914,6496,96509,12060,35448
2007,3,7,98236,54383,96485,36608,31946,3166.74,2710,1310,1581,7740,67755,16989,26912
2007,3,8,25925,60430,27931,47214,97986,3166.74,574,1524,4906,8378,93999,18711,33297
2007,3,9,25985,39164,46088,43899,52012,3166.74,2310,1014,1979,5147,86854,45276,42598
2007,3,10,62059,24565,77939,94993,12305,3166.74,1981,4580,1123,6263,18145,20460,45694
2007,3,11,39561,83720,86218,4467,24256,3166.74,4529,1982,4380,5617,10490,37743,30218
2007,3,12,28215,99153,37990,41546,84300,3166.74,3174,1358,4407,8966,41350,28063,24844
2007,3,13,43159,19684,32644,49282,25948,3166.74,1093,1024,1728,9270,86325,25115,1588
2007,3,14,68880,42207,41707,4612,27824,3166.74,2354,2389,1349,5654,13935,16070,2197
2007,3,15,55188,33462,98359,20948,14574,3166.74,4010,2731,2096,8006,23364,18043,6061
2007,3,16,98795,9458,99903,66007,98121,3166.74,1121,1999,4785,5664,71611,22609,2580
2007,3,17,51377,63966,61351,2726,94310,3166.74,1077,1708,1718,9436,12622,39672,25286
2007,3,18,41849,18511,97404,33945,66517,3166.74,3339,1274,2929,9196,31317,11049,37121
2007,3,19,3525,88791,28050,48311,87970,3166.74,2271,4345,4977,8621,58422,40639,16013
2007,3,20,90260,29501,72841,15358,15289,3166.74,614,2136,4498,8785,14876,11015,25989
2007,3,21,22258,92125,42679,85187,93071,3166.74,1236,1594,1986,5166,44904,33458,40348
2007,3,22,6650,82176,22805,2979,97150,3166.74,4969,2408,1462,5628,19117,42366,31227
2007,3,23,75150,90500,99504,86001,75637,3166.74,3367,2893,1678,6045,99431,24834,23289
2007,3,24,12745,45668,21430,8234,52657,3166.74,1691,1324,4861,6846,94988,28362,16334
2007,3,25,12075,4958,82123,39153,4120,3166.74,1519,1250,1738,7374,81620,33726,1240
2007,3,26,20663,44988,81620,52427,67385,3166.74,2261,1480,3070,8690,18882,12079,31052
2007,3,27,81376,12758,87737,62589,43605,3166.74,950,1366,1574,6154,11183,24505,49077
2007,3,28,40665,9055,20126,48755,6429,3166.74,2481,3442,4437,8210,95868,46822,18099
2007,3,29,11504,89482,59655,70927,4524,3166.74,4357,2251,3477,6900,81191,37081,14369
2007,3,30,2523,22143,9113,22909,61567,3166.74,3765,3582,4349,8054,67337,17102,20296
2007,3,31,18341,99819,95572,97779,30271,3166.74,952,3126,3625,9846,45404,18148,7792
2007,4,1,44762,36752,94804,48207,17944,1424.73,728,1437,2349,7282,34355,43996,48238
2007,4,2,53754,52939,39698,53997,36628,1424.73,2336,1445,3749,6466,83067,11540,41827
2007,4,3,63771,41194,41518,730,86598,1424.73,3407,1358,2769,6432,79565,30712,9667
2007,4,4,61449,46646,3502,35150,36635,1424.73,4145,1578,2147,8842,44383,43774,37858
2007,4,5,77021,33073,96572,80770,35891,1424.73,3661,1013,2184,6038,16742,23781,29639
2007,4,6,26198,35150,71493,38967,64713,1424.73,1031,2512,1654,5884,94013,17040,17410
2007,4,7,43742,23159,73781,67241,8353,1424.73,1014,1518,2587,7585,66141,13942,18164
2007,4,8,3577,91156,19492,40761,41335,1424.73,893,2531,4086,9570,22849,35151,2586
2007,4,9,36147,25233,27664,82906,31118,1424.73,4945,1210,1187,7460,58451,19540,38030
2007,4,10,58242,69466,54913,42181,93404,1424.73,658,1979,3561,6034,54091,36247,37407
2007,4,11,34087,34985,70131,54526,3723,1424.73,4676,1220,4564,7392,39125,15681,42980
2007,4,12,21721,89072,56892,82909,29149,1424.73,3800,3741,2512,9462,45922,10915,31695
2007,4,13,77471,7933,24247,22384,89435,1424.73,3630,4872,3321,8760,94397,33395,28338
2007,4,14,88093,50426,89617,22657,34118,1424.73,4689,1684,4164,7932,55097,29665,28742
2007,4,15,9628,40250,83407,27140,80315,1424.73,4406,4136,3613,8652,12872,18808,45681
2007,4,16,73342,21503,99272,3015,16616,1424.73,1410,1059,1814,6026,60067,44563,10022
2007,4,17,71120,64757,66754,5285,42689,1424.73,4949,2315,3452,9424,79454,17542,38203
2007,4,18,30389,50213,49255,84002,28865,1424.73,4752,3557,4981,9023,21572,16596,12127
2007,4,19,85397,74335,54008,45844,361,1424.73,1758,2831,3830,9863,93115,37870,14075
2007,4,20,78067,94417,90187,56519,79125,1424.73,1636,4512,1205,7190,19740,31421,35993
2007,4,21,43018,69618,99980,42999,44993,1424.73,946,1586,2237,9953,76232,28949,37904
2007,4,22,60380,49343,16781,55562,89207,1424.73,3431,2272,1338,9969,40142,49788,9897
2007,4,23,2315,71779,9301,54872,52669,1424.73,1292,2037,1486,5256,55035,16479,35518
2007,4,24,90527,47334,96869,19116,77287,1424.73,3064,4017,3794,9700,19166,44352,39453
2007,4,25,91094,3011,27977,11758,19332,1424.73,2898,1645,4896,7110,76516,17844,18119
2007,4,26,89069,29162,20955,10555,81785,1424.73,2033,3663,4675,8406,15566,33314,42343
2007,4,27,96058,72196,87332,51205,53393,1424.73,556,4485,2624,7076,72594,15710,13263
2007,4,28,8004,493,89954,64253,54044,1424.73,3169,4463,1270,7750,70017,43767,16470
2007,4,29,19170,63404,82431,58846,70009,1424.73,3511,1066,3755,8806,17270,32147,6561
2007,4,30,41809,29179,92985,74433,69064,1424.73,2740,2067,3775,5396,41319,11302,31932
2007,5,1,30841,12282,11146,41316,98652,3198.77,980,3406,3694,5682,64766,26606,21265
2007,5,2,60546,30833,21715,89092,64455,3198.77,900,4985,4550,5332,79048,11481,20214
2007,5,3,48073,72468,60257,80766,30139,3198.77,1280,1966,3060,7564,18646,23063,29428
2007,5,4,45042,95484,51470,65088,47518,3198.77,1693,3062,3420,9759,97153,44227,16237
2007,5,5,99974,28054,54213,79524,49739,3198.77,2356,2810,3432,7612,94928,18570,49613
2007,5,6,47040,7561,29550,21453,31338,3198.77,4515,1378,1270,5985,57817,15104,14548
2007,5,7,78574,49511,31962,58346,79271,3198.77,2572,1200,3520,6282,75118,23258,29115
2007,5,8,22750,32475,37421,77534,66439,3198.77,1103,4830,1260,8046,51282,37597,48701
2007,5,9,56552,45798,80328,32934,8135,3198.77,970,1707,4007,8793,61405,49629,38145
2007,5,10,34261,63978,95225,7781,37115,3198.77,2390,1215,1050,9366,53748,18310,36695
2007,5,11,49864,16204,48141,6124,24561,3198.77,654,1111,1572,6752,14045,19706,49423
2007,5,12,44898,70878,72767,65257,76024,3198.77,4885,1162,4500,6461,34415,12982,34172
2007,5,13,79508,81806,44182,31380,99320,3198.77,4689,4182,1837,7830,71658,21397,14282
2007,5,14,13605,98084,68861,75177,4836,3198.77,1235,1084,1150,8012,47692,46158,49258
2007,5,15,84525,12578,72794,99025,5391,3198.77,1991,1249,1490,7524,32628,18766,7209
2007,5,16,41807,82319,70220,4996,96501,3198.77,1392,1814,1312,5252,13134,27499,41878
2007,5,17,44511,79221,43585,30998,29574,3198.77,3507,4097,1718,6300,29473,41948,41277
2007,5,18,73509,96465,43199,78874,23990,3198.77,4909,2147,4496,8822,14006,20996,25827
2007,5,19,28358,79887,97454,84670,41491,3198.77,2169,1000,1010,8450,33349,40583,15439
2007,5,20,29734,26857,71033,66292,9509,3198.77,4592,4368,3322,7790,94593,14682,1022
2007,5,21,59969,94504,35811,34466,64632,3198.77,1813,2989,1094,5618,94010,43384,5657
2007,5,22,67409,72532,95738,78419,10989,3198.77,4001,2074,2295,5494,23365,48155,29087
2007,5,23,90540,64310,97525,20214,32100,3198.77,3876,3420,1620,6038,59237,17604,42118
2007,5,24,81695,97403,76946,33589,33022,3198.77,1972,1746,4839,5428,78848,37179,20956
2007,5,25,68149,97850,44254,40444,4236,3198.77,3598,1126,3280,9926,31339,46732,33972
2007,5,26,60945,5216,5153,63917,31254,3198.77,1520,2947,3143,8465,46535,11164,14390
2007,5,27,95774,89860,27947,71965,12570,3198.77,4143,1444,2000,6804,37512,41582,6795
2007,5,28,3721,92463,52709,52001,44938,3198.77,3732,1772,1238,7862,86149,36867,34048
2007,5,29,50978,17671,66167,29122,42488,3198.77,580,4612,3913,8231,26576,47834,29054
2007,5,30,91378,2073,28552,28726,21822,3198.77,624,1092,4877,6042,77541,36166,32416
2007,5,31,23416,42627,58400,29031,29215,3198.77,2249,1606,2219,9546,18636,21058,44550
2007,6,1,65951,75672,29087,50535,18600,1357.4,3263,1352,1823,6988,42492,20590,43273
2007,6,2,57297,68034,95469,96665,61928,1357.4,1431,1820,1386,7282,50119,15110,31635
2007,6,3,80416,30312,29507,45184,55977,1357.4,722,3279,2587,6430,10340,11187,1140
2007,6,4,10420,79781,98211,48596,66770,1357.4,4185,1698,1558,9316,53433,13498,40704
2007,6,5,12641,89865,24273,35379,71679,1357.4,1313,2093,2407,8714,13628,43384,40745
2007,6,6,82736,85337,48016,25324,2484,1357.4,2862,2903,4312,8646,61498,32433,19533
2007,6,7,58128,30684,89203,99569,11690,1357.4,2935,1372,3852,7130,76059,20530,42636
2007,6,8,50657,62373,88976,88064,94544,1357.4,2799,3630,4291,8694,35305,23127,18956
2007,6,9,31699,38168,36031,97364,55593,1357.4,4796,3719,1840,8999,29639,22604,13881
2007,6,10,77987,48928,13286,26839,8840,1357.4,3720,4495,3068,5400,47558,28963,39345
2007,6,11,88003,61711,88947,8647,23877,1357.4,1773,1160,3771,8320,69290,34363,24252
2007,6,12,98036,99087,64435,58951,18086,1357.4,2907,1072,4353,7544,39262,18192,10427
2007,6,13,83242,2984,44040,51310,72031,1357.4,1625,1366,4659,5571,68679,43536,7950
2007,6,14,76175,16805,65464,54946,960,1357.4,660,1414,1598,6447,90648,34629,34754
2007,6,15,96874,54908,80702,72579,32453,1357.4,770,1396,4298,9358,83354,11329,36316
2007,6,16,9111,29980,87715,78771,81903,1357.4,3658,3077,4549,7718,29374,13730,6394
2007,6,17,5227,35036,22207,71770,37835,1357.4,1398,4707,4114,6912,23637,32918,29207
2007,6,18,89768,80760,48612,29066,81921,1357.4,798,1030,3297,8108,69800,26551,31966
2007,6,19,854,74811,34629,90403,45284,1357.4,3614,1861,1590,5820,38631,19576,30356
2007,6,20,81380,95030,20636,81846,48482,1357.4,4763,3248,1302,6758,67313,13912,44273
2007,6,21,11692,24061,97982,6341,68521,1357.4,2892,1462,1214,7754,92480,20580,34135
2007,6,22,14228,6096,87442,45970,58268,1357.4,545,4646,2454,6180,21491,35935,26073
2007,6,23,80453,52607,24184,5484,32333,1357.4,3786,1534,3260,6250,66716,16781,7849
2007,6,24,27255,65961,18860,2551,99834,1357.4,4482,1678,2434,6924,76382,25702,11340
2007,6,25,69349,91928,31701,6803,44461,1357.4,4089,4912,2150,6554,46748,17962,19545
2007,6,26,57474,75535,14860,5734,18655,1357.4,3866,2260,3888,7725,81163,30073,47928
2007,6,27,69066,20646,10486,2852,63922,1357.4,3553,4622,1246,6606,56424,39607,36868
2007,6,28,96151,65515,64520,18301,15139,1357.4,2783,2611,3154,7998,94697,38160,27620
2007,6,29,1923,33564,16774,82163,7642,1357.4,2235,1706,4933,5450,79557,15207,47937
2007,6,30,75941,74464,64830,71088,1070,1357.4,694,2219,4471,6290,31871,34610,37606
2007,7,1,21008,23574,38692,25002,34623,2476.45,3275,4538,3624,5437,92179,41560,26852
2007,7,2,4025,68886,42847,76746,64795,2476.45,4037,1228,2882,8566,73030,26839,8054
2007,7,3,67171,70250,96312,58736,18474,2476.45,2920,4480,1702,6611,80833,21821,47274
2007,7,4,9816,24110,6360,3440,65899,2476.45,1352,1275,3775,8406,79372,48569,48539
2007,7,5,28604,48410,20532,67838,88534,2476.45,4676,1416,3811,7966,30790,48636,43562
2007,7,6,88261,8712,38117,75460,41675,2476.45,2280,1489,4410,7288,54929,41661,18950
2007,7,7,2178,82634,27937,85953,53184,2476.45,873,1786,2069,5646,49623,10602,7309
2007,7,8,64967,94300,32658,45130,35288,2476.45,3765,3547,3510,8233,15358,30185,13448
2007,7,9,33535,12639,81675,92946,16278,2476.45,958,4806,1940,5246,20758,10256,2956
2007,7,10,18907,87985,86910,90976,59389,2476.45,2929,1422,2184,9526,85835,48823,2885
2007,7,11,80386,45953,38723,68897,44186,2476.45,876,2720,1719,7107,87017,49349,4082
2007,7,12,66416,37976,34156,18356,49574,2476.45,3479,3479,4250,6740,59454,34990,21267
2007,7,13,79626,43736,75698,43162,44322,2476.45,1984,1058,2485,5718,19918,18022,11533
2007,7,14,34788,25388,45743,17860,38848,2476.45,2208,1614,2086,5482,39969,36659,32760
2007,7,15,22630,79801,5139,98232,22894,2476.45,3222,3870,4679,8919,62031,35352,30945
2007,7,16,86804,4016,26412,10641,1074,2476.45,3663,2213,4457,6126,70072,33304,2718
2007,7,17,89870,3633,71271,76956,54996,2476.45,4967,3977,3744,5858,17130,46637,27592
2007,7,18,32403,58135,65508,73434,83406,2476.45,582,1742,2905,7901,97201,15330,43891
2007,7,19,86971,92217,17544,81428,32975,2476.45,1083,2843,2599,9442,16150,28947,3968
2007,7,20,29946,46118,89277,53690,97576,2476.45,1678,4977,2323,8537,19762,11466,14189
2007,7,21,42428,11253,25938,6685,29154,2476.45,2014,2476,1707,5910,13903,31033,39492
2007,7,22,26230,61340,3877,50182,63693,2476.45,970,4989,1144,9522,80030,13719,20028
2007,7,23,48945,13061,10049,21268,11598,2476.45,3348,4024,2415,9285,77060,11714,46164
2007,7,24,75129,49076,35398,6837,71338,2476.45,2869,3918,1991,8098,64099,14082,15653
2007,7,25,44478,9580,33378,26974,60688,2476.45,2045,1978,1468,6900,63603,38066,13409
2007,7,26,79609,56952,8443,53377,92590,2476.45,2649,2717,1870,8806,90905,38619,35504
2007,7,27,90051,95128,52538,33395,3226,2476.45,870,4054,3920,7624,91027,19608,32990
2007,7,28,3568,14425,61945,30037,47871,2476.45,4454,3830,3851,9248,97206,41440,25548
2007,7,29,94752,86208,75510,62034,10606,2476.45,652,1322,1542,9542,34050,31119,16416
2007,7,30,2532,90833,61526,61452,64640,2476.45,2411,3207,3329,5707,14595,31199,2553
2007,7,31,17608,99050,75030,16459,8298,2476.45,4250,4401,4795,9759,81434,35401,38589
2007,8,1,98440,2410,60421,67982,52812,2662.13,1864,3643,3064,8315,16574,21969,41540
2007,8,2,62080,92842,55299,37787,7437,2662.13,796,2837,2878,7434,31135,32818,2850
2007,8,3,12454,66889,73967,12214,64675,2662.13,1091,3113,3128,6078,31094,30939,9368
2007,8,4,29404,17959,74583,48821,82627,2662.13,789,4705,2058,9786,98843,15846,49217
2007,8,5,95289,54238,38685,89519,42441,2662.13,2337,4894,3059,6303,83459,17733,36172
2007,8,6,22023,94551,80848,16503,82415,2662.13,2441,1818,2604,8375,60638,11582,28294
2007,8,7,37592,97780,22640,46002,6571,2662.13,1848,1858,2071,8662,15466,34512,21483
2007,8,8,86704,96418,5759,39763,59073,2662.13,3847,2446,1022,8438,13948,48886,39218
2007,8,9,99341,61390,27057,78297,99765,2662.13,1230,3708,1825,8869,99709,24747,4047
2007,8,10,16704,61558,42958,8776,78442,2662.13,4639,1222,2103,5397,21258,22527,1382
2007,8,11,70967,95107,19975,87438,66153,2662.13,1323,1844,1664,6768,76492,11428,33923
2007,8,12,17426,32723,81489,35603,27944,2662.13,708,4647,4107,9658,69774,37549,31199
2007,8,13,70345,29414,19046,33800,94811,2662.13,1326,1562,1762,5314,69565,34266,6657
2007,8,14,26576,55890,32464,38240,85621,2662.13,1019,4398,4382,7508,71352,18670,25308
2007,8,15,45059,48055,63325,20518,67713,2662.13,4418,3056,2511,6938,88207,23673,33099
2007,8,16,50121,44535,55802,18235,37187,2662.13,3852,1958,1256,7667,34704,33228,25368
2007,8,17,42976,725,2627,17358,64585,2662.13,1034,1998,2033,9359,46511,39745,23980
2007,8,18,48810,37283,44155,11322,30747,2662.13,4994,2218,3247,7148,31804,46786,32362
2007,8,19,82516,657,26900,63772,18325,2662.13,3351,1299,3680,5978,95008,19242,11605
2007,8,20,39958,31043,85611,78343,46754,2662.13,3087,1136,2107,8994,13778,32853,48474
2007,8,21,60956,8231,46424,54203,65379,2662.13,988,4245,1958,8490,44368,29912,28228
2007,8,22,22197,7721,7564,877,73699,2662.13,1844,1078,4965,8806,16708,46719,2572
2007,8,23,43632,92789,92283,45740,21383,2662.13,3592,2337,1750,5502,52891,21831,15519
2007,8,24,35948,53881,86077,31184,98121,2662.13,1095,1294,4517,8658,37544,28215,30446
2007,8,25,87582,14389,74575,37548,93195,2662.13,4266,3177,2063,5810,98916,13445,32924
2007,8,26,58419,93862,12135,14871,35230,2662.13,1701,1176,1062,5566,18712,49730,15027
2007,8,27,69576,96160,86399,24093,81171,2662.13,3659,3751,4682,6476,22650,14228,40295
2007,8,28,42509,73269,17406,34572,16169,2662.13,4369,1886,1535,5720,11628,11764,32675
2007,8,29,74234,58863,49293,9492,97993,2662.13,573,2567,1042,7914,16032,11686,18005
2007,8,30,2266,93023,46790,73300,36256,2662.13,3879,1990,2708,7637,46039,25229,19441
2007,8,31,20312,10409,66168,46847,19616,2662.13,4962,3849,2191,8518,19692,45183,38329
2007,9,1,95267,29104,39128,73590,53467,1953.7,2207,1489,3954,7462,99096,33394,17166
2007,9,2,52091,94213,92456,39728,40252,1953.7,1390,2011,1694,9588,86626,38532,17685
2007,9,3,80903,96828,2076,55157,16521,1953.7,506,3138,4065,5598,18079,12532,13611
2007,9,4,19116,26639,25374,83071,8498,1953.7,2816,1939,3681,5271,33018,17874,24470
2007,9,5,92956,9409,25944,43160,65349,1953.7,3043,1250,1508,8182,17758,17252,28923
2007,9,6,80081,64231,3112,89147,49829,1953.7,3030,3944,4181,6816,68366,39030,37544
2007,9,7,17873,1183,65970,52907,26455,1953.7,1838,1532,4747,8278,78920,40095,48988
2007,9,8,99409,93316,52698,41510,9786,1953.7,554,4866,1038,9594,79012,17218,36809
2007,9,9,57138,47043,2515,21320,56798,1953.7,1701,4669,3415,5352,43927,31221,20881
2007,9,10,8011,72119,66983,32759,26253,1953.7,4205,2012,1150,8255,83521,15356,12256
2007,9,11,95064,5,55223,62454,19600,1953.7,4671,1736,3980,8538,14407,20777,1184
2007,9,12,85771,41110,61799,74186,33781,1953.7,822,1790,4196,8741,90900,36800,22079
2007,9,13,50997,30107,78813,22919,38362,1953.7,4626,4776,2338,6200,12229,48289,12334
2007,9,14,26787,91901,75026,57119,90439,1953.7,4247,2561,1094,9622,66746,30674,39434
2007,9,15,44477,88506,38817,38673,77247,1953.7,954,4594,4823,5158,83864,14536,29718
2007,9,16,49322,88492,64313,28012,64692,1953.7,1300,2830,4793,5334,64948,41584,26542
2007,9,17,7112,25549,84146,54006,47947,1953.7,4679,2422,1506,9847,47446,49346,17244
2007,9,18,19565,39271,10293,95740,9907,1953.7,560,4227,4000,7582,87239,13691,44158
2007,9,19,83833,13540,87874,68627,31218,1953.7,870,4680,4722,5726,17380,18050,19175
2007,9,20,27951,59717,67795,52,49565,1953.7,749,1950,4510,6042,81220,30768,15241
2007,9,21,86552,7848,56348,85552,98788,1953.7,594,2619,3478,6946,67597,21047,43587
2007,9,22,22643,44160,75729,33717,4867,1953.7,2736,2817,1958,8630,32868,10046,34414
2007,9,23,92123,98618,95527,46633,91012,1953.7,3752,2562,1902,6966,79465,49733,26747
2007,9,24,60039,45061,98705,33517,14881,1953.7,4563,2522,1813,9622,87590,31680,16303
2007,9,25,31058,80327,64498,91540,40857,1953.7,2937,2978,3686,6936,95962,36050,13718
2007,9,26,6563,56067,29965,23861,56166,1953.7,3593,1203,1694,8649,66071,35722,9431
2007,9,27,21304,20636,39597,48118,67279,1953.7,4797,4687,3864,5238,22578,31072,27187
2007,9,28,90716,40516,30403,35754,70332,1953.7,1803,1893,3782,8120,12198,19818,26365
2007,9,29,27551,40699,87504,14745,95700,1953.7,1818,2003,1132,5542,81472,24192,3575
2007,9,30,16305,77622,88880,40169,54620,1953.7,1240,1686,1973,6598,97439,38656,11459
2007,10,1,85596,15550,93141,3716,32655,3043.81,2617,4704,1942,8713,14118,11044,14440
2007,10,2,95532,35112,96079,68298,16584,3043.81,4601,1122,1014,9038,65175,13278,20271
2007,10,3,62362,26862,71638,30356,40653,3043.81,1065,2599,2195,9062,62666,24850,10295
2007,10,4,14997,26636,80907,66940,5349,3043.81,3808,1768,4125,9974,85528,11478,32663
2007,10,5,87862,86482,61265,63364,27603,3043.81,1675,1315,1004,8312,36670,26657,42792
2007,10,6,48607,94088,69257,90803,44645,3043.81,2004,4641,3558,9262,42932,30259,31924
2007,10,7,78278,48093,97491,12403,49331,3043.81,4463,2191,1714,5886,16906,13455,33020
2007,10,8,99872,83582,19771,85876,38247,3043.81,2532,3204,1880,8141,10358,27877,22794
2007,10,9,46417,8715,3871,4975,87978,3043.81,962,2606,1246,5458,95008,10576,46803
2007,10,10,82096,74472,97769,67948,31552,3043.81,2754,1422,4608,7525,33649,19206,14675
2007,10,11,6671,46183,88763,89903,60676,3043.81,4131,2091,2835,8001,28417,12164,49122
2007,10,12,1156,13652,11123,12402,12728,3043.81,2978,1174,1954,7098,95473,44857,6132
2007,10,13,18125,93229,92632,49085,27106,3043.81,4642,3775,3815,6820,40029,49490,26282
2007,10,14,22527,74162,56582,46714,28515,3043.81,950,4670,1398,6352,42071,44080,34999
2007,10,15,8836,31402,55255,5791,34852,3043.81,647,2976,1262,6568,18412,37413,1468
2007,10,16,85913,53056,37541,74728,76461,3043.81,569,1382,3082,7150,62051,46597,27570
2007,10,17,98501,53634,42620,29855,39987,3043.81,582,3821,2444,5541,70963,17295,34691
2007,10,18,12622,37964,36624,72930,81243,3043.81,1694,3506,4443,8478,58233,17255,21389
2007,10,19,8156,98803,32594,92591,12305,3043.81,4187,2156,4630,8158,73362,20968,10997
2007,10,20,49201,63650,86142,81645,25543,3043.81,594,3163,1238,8267,27444,42662,7106
2007,10,21,89656,20491,76169,30451,51077,3043.81,2705,4231,1824,9846,68173,28211,1518
2007,10,22,7648,57361,21720,72278,21871,3043.81,4597,1071,3731,5738,52715,34273,45083
2007,10,23,52844,34360,38789,64264,68980,3043.81,3277,3634,3074,9445,10884,16630,32585
2007,10,24,16551,53143,29734,82458,49794,3043.81,668,3792,1619,8740,46069,43490,47908
2007,10,25,93823,72019,64562,68906,67757,3043.81,4530,1952,4340,9350,17567,13306,33629
2007,10,26,7255,90846,28306,26681,56643,3043.81,2182,3193,3237,6915,55650,12150,33743
2007,10,27,41175,32672,26823,29147,31412,3043.81,2636,1585,1261,7108,26842,45369,39244
2007,10,28,53530,96373,98674,37870,21043,3043.81,1188,4648,2086,9494,87680,30080,16242
2007,10,29,53237,84863,53274,56474,28130,3043.81,855,1322,4299,9029,14802,22062,25277
2007,10,30,74625,37439,63648,52238,57340,3043.81,2607,1746,4565,6280,48738,13928,6842
2007,10,31,28874,56279,1608,52312,75773,3043.81,2392,1474,1012,8098,18186,34982,5640
2007,11,1,60395,20639,17945,29424,35441,1819.87,4048,4230,1910,5284,46569,26846,40007
2007,11,2,70245,73791,46412,82878,22529,1819.87,3102,3806,1329,6774,70931,26968,3371
2007,11,3,29159,32645,33822,31176,50831,1819.87,4821,1224,1598,5540,57000,41235,35157
2007,11,4,49125,77401,46818,69130,50038,1819.87,2328,1634,3529,5091,35863,12124,9740
2007,11,5,94815,63966,1216,16144,44380,1819.87,4464,4889,1142,9637,21065,38325,38499
2007,11,6,94794,12239,15902,589,5004,1819.87,3175,1946,1234,5406,39609,11158,22902
2007,11,7,31084,68290,53326,14613,43381,1819.87,2021,3194,3153,9188,70690,13885,39189
2007,11,8,59440,46507,3775,80583,56144,1819.87,528,2289,3429,9350,84229,24785,41192
2007,11,9,74063,58757,45265,40716,80101,1819.87,2406,1184,4514,5918,42148,29247,1226
2007,11,10,99920,79171,67442,69426,50112,1819.87,3310,4550,1988,6882,12978,23485,4484
2007,11,11,44629,91744,40775,98058,92905,1819.87,4194,3318,1926,6558,24033,30211,25004
2007,11,12,52037,81441,7748,37904,92172,1819.87,2150,2091,1702,7614,61516,45529,49897
2007,11,13,5428,61179,21432,22769,64615,1819.87,1253,4242,4659,6768,23652,12563,27917
2007,11,14,94735,29199,12234,94846,80010,1819.87,1409,3398,2707,9156,86301,19766,36268
2007,11,15,65405,69804,18322,27175,20747,1819.87,4055,2525,2367,7942,65294,38334,46190
2007,11,16,88404,61548,63929,24415,31280,1819.87,3330,1013,3131,5563,20859,13140,3933
2007,11,17,1831,12269,61539,35890,27777,1819.87,2120,4533,3994,7206,53059,21093,14192
2007,11,18,76632,92116,13619,50351,68955,1819.87,3684,3709,3164,5236,98123,17802,45265
2007,11,19,56546,67806,30457,6029,33370,1819.87,521,1551,1287,7059,87441,40416,17668
2007,11,20,77604,49562,49950,27950,46355,1819.87,4042,4337,1475,9013,89688,46781,3009
2007,11,21,40630,94725,70491,13794,63690,1819.87,3236,1587,2771,5045,42615,20006,34967
2007,11,22,49065,78137,70397,45353,91549,1819.87,768,1016,3750,8306,13452,20104,7838
2007,11,23,71430,28848,25795,99258,74213,1819.87,1038,4841,1558,6529,28635,13210,31835
2007,11,24,67848,63224,43188,36971,44621,1819.87,4463,3685,1194,6211,39037,21839,35803
2007,11,25,84049,41158,73695,24151,9579,1819.87,606,2359,1996,6400,96616,13124,37147
2007,11,26,68235,92656,21400,11146,75537,1819.87,2745,3383,4609,7526,96705,24230,1430
2007,11,27,63087,36169,67916,59730,78732,1819.87,1568,2779,1636,5262,13154,40391,23305
2007,11,28,8762,30241,4103,41107,82993,1819.87,2664,1227,4726,9063,78724,35262,1450
2007,11,29,35450,12822,44998,65059,90106,1819.87,4288,3191,4223,7120,12921,22954,41703
2007,11,30,46860,60842,52087,44025,82457,1819.87,767,2569,1959,9750,48675,34952,21720
2007,12,1,12692,52532,65316,81755,47608,1793.19,3555,1742,3278,8614,50533,36332,16930
2007,12,2,54255,20077,80556,94163,49350,1793.19,1021,1598,3300,5622,18008,26371,19863
2007,12,3,52166,16569,28332,7036,81596,1793.19,2624,4287,3518,8592,92393,46125,29636
2007,12,4,11221,25950,6554,39499,40916,1793.19,2183,1521,3514,5486,11376,42864,23439
2007,12,5,8953,63058,69408,63605,64456,1793.19,4976,1620,1326,9328,23656,18556,28407
2007,12,6,64295,2633,19913,79165,46925,1793.19,588,4496,4607,8194,30347,11874,12307
2007,12,7,21633,72531,23396,15147,11621,1793.19,4362,1925,3488,7548,17238,39295,45432
2007,12,8,38528,6858,22268,66206,41517,1793.19,1831,2162,4908,7002,10678,28184,12276
2007,12,9,40402,26616,19033,11361,74810,1793.19,3234,2793,3261,5974,44292,49882,49380
2007,12,10,24766,18655,86808,33254,78777,1793.19,3900,2303,1102,9406,99861,16566,3689
2007,12,11,23444,91693,74226,4704,19788,1793.19,2887,1582,3519,8271,71549,19370,25552
2007,12,12,17652,11137,22475,55913,90471,1793.19,2146,1950,1772,8953,64840,30548,33119
2007,12,13,28995,3741,14205,39541,81260,1793.19,2954,1054,2109,8746,25757,41896,30418
2007,12,14,74084,74997,18438,8955,43269,1793.19,3634,2271,3827,7460,33183,24297,6340
2007,12,15,40579,71683,39533,58704,96988,1793.19,603,1972,4464,6159,65521,11456,4373
2007,12,16,16577,73477,43131,55038,72008,1793.19,1934,2442,1958,6922,71396,19856,18888
2007,12,17,54415,6384,97128,88242,80196,1793.19,2538,2126,3344,8422,12181,15332,46663
2007,12,18,89147,67785,57666,13611,53945,1793.19,686,1050,3015,8816,25558,11062,23188
2007,12,19,64056,38845,63818,24292,86920,1793.19,4147,1334,4300,7626,29575,20848,1566
2007,12,20,4290,58467,7975,38986,26889,1793.19,669,1035,4291,8335,45997,16480,20156
2007,12,21,67875,81684,45109,97242,60500,1793.19,3615,1824,2214,8784,65198,29133,37019
2007,12,22,46703,25699,70468,21003,99677,1793.19,1850,1298,4861,6176,59303,14062,16396
2007,12,23,52684,46325,34137,56976,74660,1793.19,870,3885,3169,6670,56126,10052,30135
2007,12,24,63689,71095,95929,5903,49879,1793.19,1388,2932,4528,8207,33935,19205,27479
2007,12,25,54603,42138,39523,45816,74667,1793.19,3917,2349,1502,8053,84324,36161,15178
2007,12,26,94540,15888,95048,72710,92558,1793.19,2730,2598,3619,7326,94852,19430,17526
2007,12,27,1137,46241,17783,20666,801,1793.19,1222,1754,1559,5744,17570,19750,18070
2007,12,28,10923,97840,44927,72425,95893,1793.19,4937,1784,1490,6336,79493,20399,45604
2007,12,29,3863,7224,59350,58834,47234,1793.19,710,4721,1794,7818,13974,33946,4203
2007,12,30,82240,57961,5702,8799,53706,1793.19,1375,1968,2462,5238,69755,33354,39624
2007,12,31,33258,94693,40139,94748,47382,1793.19,1498,2595,4558,6854,26428,13592,35984
2008,1,1,6465,71514,44549,20635,73252,1472.19,2873,1212,1106,8024,10222,40171,28496
2008,1,2,54400,98601,77634,42054,68356,1472.19,630,4399,3830,6409,43132,19813,27340
2008,1,3,84261,10728,79373,41461,37157,1472.19,4214,4972,4028,7534,80606,13632,36164
2008,1,4,8610,83480,11197,9158,27856,1472.19,4328,2255,2417,6961,40660,12124,12466
2008,1,5,70654,32324,7876,54484,35085,1472.19,4296,1402,1735,7670,77156,15243,1009
2008,1,6,56185,46371,75216,46565,76486,1472.19,814,1654,1316,5598,10604,33508,5822
2008,1,7,50210,59933,82116,77627,3247,1472.19,1102,3899,2803,7966,44734,39239,39129
2008,1,8,64987,19031,74937,43074,89052,1472.19,3317,1587,4815,7074,16312,41300,2093
2008,1,9,5707,34701,92747,77712,56093,1472.19,2571,2654,4635,6039,16632,49233,3351
2008,1,10,31520,22736,89485,19323,36714,1472.19,3561,3051,4600,9849,77476,17312,34219
2008,1,11,18295,35794,36591,33110,85679,1472.19,761,2736,1598,7024,85447,18238,11095
2008,1,12,53211,79371,90893,49198,55410,1472.19,3430,1928,1070,8542,22602,33325,7526
2008,1,13,88485,97517,17729,58085,47366,1472.19,3088,1328,2350,9678,15120,33028,45205
2008,1,14,30773,55882,40765,42919,5742,1472.19,1157,1242,1933,8401,24500,43695,42564
2008,1,15,25927,89283,80624,72539,43549,1472.19,2215,3384,3446,9943,12946,30811,19579
2008,1,16,1501,55909,62824,48851,25588,1472.19,3230,2711,1486,5346,15630,11846,27944
2008,1,17,97910,26788,31222,36195,45189,1472.19,4889,2467,1355,6865,76357,21255,22074
2008,1,18,62796,48574,69640,96242,54869,1472.19,2052,1368,3368,6227,21570,40307,42460
2008,1,19,34172,19801,63019,84349,91499,1472.19,1618,4407,3139,8392,25602,49680,45001
2008,1,20,76265,71844,87148,53972,98709,1472.19,934,1503,3429,9806,57744,33298,29857
2008,1,21,53677,51150,56019,18397,7377,1472.19,3703,2899,3741,8074,58599,21592,43942
2008,1,22,83075,15218,11000,37567,35761,1472.19,2246,2024,1149,6030,82347,39857,2954
2008,1,23,20602,57574,17714,49032,18791,1472.19,3681,3819,4310,8478,14440,33039,41810
2008,1,24,14993,32272,40939,45087,20346,1472.19,1678,4771,1107,8068,73689,16868,15891
2008,1,25,63336,10936,95245,4485,68033,1472.19,693,3634,1517,9526,54017,20308,27593
2008,1,26,86569,19051,75480,62231,40102,1472.19,548,1446,4965,5130,32884,13366,32695
2008,1,27,18451,15915,87787,65910,9944,1472.19,4129,3278,3763,8758,77762,13600,11476
2008,1,28,38319,54809,61782,89836,49567,1472.19,1495,1134,1200,7926,14717,15318,15799
2008,1,29,51022,59987,79101,82339,62547,1472.19,4001,2002,4250,8139,46906,16802,28337
2008,1,30,15967,96036,43825,21082,56762,1472.19,2877,1431,2746,6010,10206,42313,37939
2008,1,31,71810,94115,94800,23010,46090,1472.19,663,3462,1720,6115,95800,48401,9517
2008,2,1,46154,45751,98702,84293,9009,1877.62,1611,1395,4423,7692,94509,17361,19248
2008,2,2,31922,5941,60109,87933,7208,1877.62,1093,2674,4924,5454,80115,39441,18774
2008,2,3,46119,93578,25297,88586,89378,1877.62,3037,1072,2151,8090,36175,11159,40050
2008,2,4,43690,52787,98908,73113,6832,1877.62,958,3752,4356,6934,43036,22916,43417
2008,2,5,52060,19130,56943,81984,34585,1877.62,1424,2054,1278,6154,85639,20011,37058
2008,2,6,53123,45029,71895,21626,19472,1877.62,2785,3160,1722,8044,52625,17687,8071
2008,2,7,91461,93100,22793,7169,26386,1877.62,1436,3444,1310,6766,76779,35894,15829
2008,2,8,40436,98205,49301,87422,77629,1877.62,2433,2102,2672,5679,68728,32143,1292
2008,2,9,3750,67866,11656,80959,65910,1877.62,4997,3721,3731,7789,97241,16118,14281
2008,2,10,69971,43679,94913,71281,63409,1877.62,3526,1638,1248,9178,15244,13876,21693
2008,2,11,40470,31403,27332,53142,27083,1877.62,1636,1672,1134,6594,11789,46185,46060
2008,2,12,93925,93140,36259,67657,80929,1877.62,4124,2250,3529,5389,54882,13886,33500
2008,2,13,83434,94761,93487,69682,83939,1877.62,4909,4408,3858,7240,93901,42292,17456
2008,2,14,89652,95539,39476,69928,25183,1877.62,2464,4106,1522,8722,12486,41684,17618
2008,2,15,2223,3592,25288,12104,98981,1877.62,796,2413,4930,8879,68446,25220,30170
2008,2,16,96336,18356,15981,61546,11949,1877.62,3837,2951,1772,6634,16954,13306,9883
2008,2,17,60930,36696,98765,21686,5419,1877.62,4722,3992,1822,5009,36095,20802,1880
2008,2,18,1531,21490,19568,92813,16721,1877.62,3033,4407,2720,8036,90952,16470,38014
2008,2,19,10248,44790,68973,48372,54455,1877.62,1677,1562,1250,7222,53421,31668,23204
2008,2,20,28674,33144,72013,50496,54505,1877.62,2649,2386,2301,7216,65199,29021,24461
2008,2,21,11582,33233,8430,50654,33598,1877.62,1674,1646,1056,6998,17146,14977,15734
2008,2,22,76554,36599,46713,2804,63393,1877.62,824,2065,4628,9188,58912,20484,1142
2008,2,23,63649,62914,92872,25950,86482,1877.62,1323,3062,2654,6104,48715,41251,8071
2008,2,24,61838,66742,17801,38713,53740,1877.62,806,1198,4319,6754,49448,42711,26370
2008,2,25,33240,16625,51129,99221,55813,1877.62,4704,4461,4305,5160,61762,25786,10041
2008,2,26,70646,83086,90201,78300,45542,1877.62,903,3731,2009,8310,62443,25748,38916
2008,2,27,12777,48838,22394,92096,81944,1877.62,4806,1526,4817,5934,30754,10629,38194
2008,2,28,12327,50460,80091,1632,63035,1877.62,3769,1334,1290,7948,44683,12766,8206
2008,2,29,39238,80587,26916,61247,66995,1877.62,3346,4770,4547,5739,71866,11398,5711
2008,3,1,23025,68026,85102,8960,15132,2062.32,2637,1190,2173,5621,28625,12406,45732
2008,3,2,49391,95010,58022,49713,39693,2062.32,3949,1631,4472,6547,14530,10182,11206
2008,3,3,19894,83396,81083,95634,55262,2062.32,917,3286,3301,8222,14418,33433,33925
2008,3,4,23103,41235,15376,65276,13208,2062.32,654,2598,1474,7360,28662,45054,10353
2008,3,5,1233,17612,31686,5705,84159,2062.32,2238,4051,1062,6650,16036,40319,35311
2008,3,6,63598,8307,84958,98251,85678,2062.32,3035,3779,2492,6832,74054,25700,4907
2008,3,7,23764,39709,54651,79126,79736,2062.32,4179,1944,2275,8894,86671,11534,33313
2008,3,8,73879,35263,21837,8936,64935,2062.32,4254,3531,3883,9158,43134,14560,4226
2008,3,9,21822,91170,73340,84315,54581,2062.32,1366,3344,3454,8198,73821,33189,47394
2008,3,10,30681,64353,80510,47956,86569,2062.32,740,1814,2442,7866,69381,33729,17181
2008,3,11,74506,84989,12261,53389,1904,2062.32,2948,3725,1564,7639,24391,17496,5395
2008,3,12,71386,758,95841,74840,31774,2062.32,4380,3805,4013,9788,26760,36933,19662
2008,3,13,38423,92501,97380,57217,12781,2062.32,945,2286,3101,9558,40674,20004,33114
2008,3,14,24953,74976,10082,87869,82615,2062.32,740,3999,1902,7557,45190,33354,34473
2008,3,15,3572,19572,62160,53937,90813,2062.32,870,4234,4123,9212,11242,26904,5272
2008,3,16,87715,43749,14191,72168,13307,2062.32,3524,4611,1191,8605,58831,28806,21217
2008,3,17,19431,80549,82806,54660,98107,2062.32,4366,1677,3919,5764,71965,18954,27997
2008,3,18,38150,62836,319,68625,67438,2062.32,528,1503,1869,6070,43671,26528,3122
2008,3,19,97288,2196,47492,43479,87153,2062.32,2284,1582,1871,5798,77594,10702,6323
2008,3,20,15791,48313,19359,79710,81190,2062.32,792,1390,1032,8950,17290,17230,41324
2008,3,21,70584,16196,25804,33806,42267,2062.32,676,1820,3021,8362,99383,41526,35827
2008,3,22,80499,88021,98109,83722,75815,2062.32,1402,1604,1494,7112,87665,37908,42055
2008,3,23,28437,38458,73599,15300,5921,2062.32,4599,1503,1874,7046,10308,19079,44266
2008,3,24,97582,20642,24985,1955,11170,2062.32,3480,1668,3739,7941,91741,18242,40720
2008,3,25,99996,9497,12510,56715,46609,2062.32,4622,1396,3632,9154,13400,44552,1470
2008,3,26,95191,92647,21056,5652,4402,2062.32,1082,1982,3357,6066,15774,29527,31365
2008,3,27,73138,13770,87548,1878,38063,2062.32,2782,3057,1158,5292,11123,18097,45641
2008,3,28,51819,22098,59494,90451,6671,2062.32,1354,1860,1566,8762,23863,45940,32542
2008,3,29,36479,14946,97923,21188,47364,2062.32,2066,1010,3332,9236,38729,36394,18212
2008,3,30,16607,77865,40804,38095,29509,2062.32,1191,1326,4024,8178,71777,47046,1928
2008,3,31,80931,39484,15259,72470,28246,2062.32,3410,1075,1702,5378,18174,34133,39122
2008,4,1,19330,70987,65580,40296,26068,1930.33,1901,3931,4129,10000,33439,11056,1974
2008,4,2,17540,14767,51433,15929,2896,1930.33,1858,2378,1574,9327,86976,19211,14832
2008,4,3,37738,68052,5982,20423,86667,1930.33,2669,2002,1101,9601,46291,37168,40116
2008,4,4,71575,3193,57453,97056,14540,1930.33,3111,3430,2009,5896,64358,24904,40892
2008,4,5,90728,61217,83636,70817,46897,1930.33,1379,4633,1366,9474,21407,16076,36964
2008,4,6,68829,75430,80382,96282,95031,1930.33,4801,2956,1216,7253,80012,27107,26673
2008,4,7,14498,54476,25539,36507,96724,1930.33,2763,3802,2465,7750,74619,14361,39897
2008,4,8,81066,97351,15347,52432,26064,1930.33,1816,4891,3535,7197,91172,39917,3107
2008,4,9,33870,40975,39226,96438,48228,1930.33,3545,4076,1190,9083,15583,36788,19238
2008,4,10,5332,9699,90592,89149,87449,1930.33,3509,3513,1086,5208,37296,21328,31563
2008,4,11,88315,64114,16220,33202,71311,1930.33,3118,1532,4718,9402,17969,29297,23745
2008,4,12,47934,7867,8375,54351,23302,1930.33,2490,3633,1078,8876,17781,15258,40310
2008,4,13,62348,37644,22321,57613,89204,1930.33,594,2517,1446,6074,10718,27744,25969
2008,4,14,35256,189,49277,16326,28884,1930.33,1975,3168,2816,5734,47518,31117,33598
2008,4,15,10659,21362,59751,77018,85795,1930.33,824,3142,2879,9496,22106,37082,43885
2008,4,16,45465,17399,30952,1899,45262,1930.33,4642,1869,3209,5270,13194,13806,8022
2008,4,17,95220,75170,96614,3036,61871,1930.33,4153,3880,1844,8470,65897,33991,10484
2008,4,18,20492,13074,48486,84723,98922,1930.33,1804,1486,2989,9107,78988,33250,20592
2008,4,19,27129,8631,30120,1690,20253,1930.33,566,1823,1187,8099,51211,13058,9667
2008,4,20,94935,85365,18291,76780,11972,1930.33,2122,2463,4965,5607,33537,28887,1092
2008,4,21,96199,55343,5978,540,40802,1930.33,3789,2930,4947,8662,85971,46551,34966
2008,4,22,56280,7458,78375,7467,25557,1930.33,1876,1994,1301,5167,13622,19260,29586
2008,4,23,55708,90745,8441,85673,16352,1930.33,911,2549,3671,6888,29440,17922,41978
2008,4,24,21854,63230,38756,31801,59843,1930.33,4703,1121,2184,6166,23588,15490,24727
2008,4,25,19016,76817,94584,50318,31984,1930.33,1294,4042,1234,9478,12144,31652,8206
2008,4,26,76712,53331,60554,90384,90220,1930.33,4856,3424,4575,7232,76577,45769,39994
2008,4,27,24690,71281,61892,56874,44359,1930.33,966,4726,3647,7634,46395,26983,1832
2008,4,28,50108,72690,47378,81761,7424,1930.33,4765,1974,1775,6670,90869,13346,3445
2008,4,29,13017,52078,58123,82592,52041,1930.33,3360,1730,1970,6603,49955,16690,34700
2008,4,30,8435,97274,62769,3435,39176,1930.33,1769,1278,1852,8302,87394,11264,9164
2008,5,1,17160,6115,87071,40183,13336,2062.68,3198,1682,4890,5789,33805,19190,16769
2008,5,2,80502,26888,31923,87106,76844,2062.68,1891,4116,2733,6738,29643,36896,14965
2008,5,3,78447,35278,85102,88946,39025,2062.68,2888,2535,3194,6310,12717,26530,40729
2008,5,4,73079,65916,91944,47969,18057,2062.68,3910,3558,3988,8766,16190,45831,42101
2008,5,5,37150,30259,36300,31235,61937,2062.68,4482,1734,2572,9583,45679,22948,32296
2008,5,6,26665,98568,45485,39859,71230,2062.68,2740,4307,1906,8350,17266,17060,24554
2008,5,7,33137,82539,73436,2125,4724,2062.68,4307,3224,3413,6958,89458,11478,41803
2008,5,8,99254,23941,73436,33179,59877,2062.68,1126,2892,4034,7962,42750,10538,19116
2008,5,9,42517,41844,65924,99338,32879,2062.68,2862,1014,3442,7650,68138,44517,24552
2008,5,10,55805,48798,52742,94218,65757,2062.68,918,1206,2491,8718,14539,17448,8552
2008,5,11,19822,20667,61612,53856,4981,2062.68,952,2496,2557,5610,46833,45435,20715
2008,5,12,32299,21049,61451,5741,85051,2062.68,524,2206,4738,9350,67776,26846,45941
2008,5,13,27902,78695,41856,10394,79401,2062.68,938,1156,3413,7076,85781,14745,6396
2008,5,14,67791,61253,62243,30348,2648,2062.68,2134,1298,2827,9936,57038,14229,25428
2008,5,15,82230,73649,21437,76968,42999,2062.68,3813,1810,4258,8110,97645,30011,39213
2008,5,16,84768,83110,95585,94533,46538,2062.68,4278,4327,3970,7872,61026,27969,31366
2008,5,17,29652,19514,29268,8832,39450,2062.68,3060,1678,1306,6854,14997,19304,2659
2008,5,18,16413,85163,6557,17024,13536,2062.68,2034,3302,3663,8970,18384,13430,20554
2008,5,19,6689,18466,80881,65659,22690,2062.68,4979,3692,2771,9247,77523,17221,8259
2008,5,20,91906,66937,55252,84564,77785,2062.68,906,1108,1674,6776,27572,18946,20250
2008,5,21,47330,40959,83602,67345,49929,2062.68,3897,2968,2605,9102,54978,16646,9141
2008,5,22,89388,14959,35339,83512,20558,2062.68,732,3814,1150,5983,13377,40286,29215
2008,5,23,42585,49949,836,14349,93077,2062.68,4646,1758,4365,6504,24102,35646,28408
2008,5,24,92388,74352,8615,36345,21833,2062.68,4342,1220,4903,9372,94731,31812,13594
2008,5,25,248,11816,60627,96398,84151,2062.68,1683,1735,1242,7519,57435,49732,40356
2008,5,26,15927,57082,6491,1645,40330,2062.68,2290,4068,1296,5904,14190,43128,46945
2008,5,27,25850,21108,70701,37105,92141,2062.68,3916,2387,3598,5894,10282,44101,31784
2008,5,28,36250,91821,37189,92906,95692,2062.68,2637,2969,1704,9127,29613,16780,44624
2008,5,29,96072,66904,73807,33720,29161,2062.68,3200,1361,1678,7810,24818,10352,25572
2008,5,30,62037,93735,13911,55635,39630,2062.68,1087,2230,1744,6560,11966,13126,19048
2008,5,31,14251,44125,34528,65956,9604,2062.68,692,2027,3748,9006,72098,18530,30494
2008,6,1,65299,80623,53101,45552,5441,1335.63,2587,1062,3533,9573,71507,15170,8272
2008,6,2,45662,80091,18448,65289,81578,1335.63,4539,2054,1780,7414,68009,22730,41358
2008,6,3,52539,90037,36479,17038,62136,1335.63,3458,3785,2713,6558,89336,14505,45740
2008,6,4,1182,96924,80032,89716,76498,1335.63,2295,3510,2981,8410,15222,45910,17892
2008,6,5,73453,99690,87965,65690,61536,1335.63,3419,4074,2362,5030,47463,40849,5975
2008,6,6,36990,20922,84636,79703,63833,1335.63,4207,1462,2247,9590,71080,30096,23972
2008,6,7,24834,84729,18607,72815,16824,1335.63,3725,1627,3446,6092,72317,16333,38757
2008,6,8,95368,27089,46760,57731,18339,1335.63,3579,1679,1496,9566,67733,45328,44223
2008,6,9,89891,28293,76694,77138,85236,1335.63,3585,1238,3854,8794,82883,32029,14127
2008,6,10,47300,17961,88657,2098,57354,1335.63,3431,2721,1542,6198,10451,10922,27326
2008,6,11,75766,25383,27137,7262,41302,1335.63,3941,1191,4514,7974,24680,24749,11222
2008,6,12,76113,98266,34818,24967,6809,1335.63,1995,4107,3364,8046,72557,25718,34053
2008,6,13,89330,7341,78440,10096,88883,1335.63,552,4647,1976,9040,88260,38277,5243
2008,6,14,20262,23554,19469,59776,35541,1335.63,876,1652,2413,5694,36619,15573,44149
2008,6,15,86099,59967,19682,54464,71971,1335.63,754,2652,1870,9954,87747,19278,8591
2008,6,16,96567,69652,69461,43543,95044,1335.63,3172,1250,3978,7994,91432,49518,24073
2008,6,17,28142,92310,61171,86907,44356,1335.63,2480,1842,1870,8513,10214,12430,14142
2008,6,18,13456,97802,40083,29386,72774,1335.63,4197,1392,1550,9718,45586,25229,44183
2008,6,19,10435,93759,40535,24413,77751,1335.63,3930,2243,1979,5838,25502,10742,48319
2008,6,20,65595,94335,48141,72407,99200,1335.63,1188,2654,2210,7623,42039,36335,49409
2008,6,21,51806,92589,22028,81991,12599,1335.63,3571,3032,4075,7462,63796,21825,33966
2008,6,22,28777,37727,10422,85756,5531,1335.63,3442,2476,1609,6358,59882,45808,2276
2008,6,23,17343,11072,58463,64553,18695,1335.63,2240,1851,4441,9267,85193,38391,16854
2008,6,24,39585,8766,77776,33660,89223,1335.63,1836,4350,1308,9058,20106,19030,41572
2008,6,25,84533,39901,88657,47494,91483,1335.63,4653,3824,4610,8115,89729,44656,48540
2008,6,26,1321,6970,81508,27115,62589,1335.63,505,2172,1817,6572,52183,31040,16701
2008,6,27,1205,74020,15391,96855,22630,1335.63,3034,3513,1748,6690,71007,49582,1849
2008,6,28,51582,80661,8408,27544,65129,1335.63,2199,2800,1457,8694,19838,13014,14489
2008,6,29,3112,75421,18922,94929,35054,1335.63,2320,1257,1054,8136,33111,34104,21105
2008,6,30,75912,47498,7619,84013,50541,1335.63,3594,2121,1989,8353,29665,14244,44978
2008,7,1,68217,56271,60651,88276,66185,1473.94,2738,2956,1320,5342,18732,17424,11048
2008,7,2,94988,45620,12549,35403,95083,1473.94,1313,2580,1254,5325,18954,15599,13005
2008,7,3,95273,11594,23942,3626,57611,1473.94,2819,1664,3680,6948,30454,19865,47411
2008,7,4,80870,38193,94174,77190,57211,1473.94,966,3549,1022,9866,15834,10588,3536
2008,7,5,2871,31618,19521,23494,43295,1473.94,898,3566,1938,9385,58544,14548,28993
2008,7,6,76797,1364,56728,46829,21185,1473.94,1693,3405,1725,7219,11947,48936,37182
2008,7,7,80755,72914,67486,62613,62780,1473.94,4552,2001,4406,5425,21846,12700,37790
2008,7,8,20770,77292,1268,77708,73029,1473.94,3608,1176,2526,5335,13005,48710,9812
2008,7,9,68870,96051,33469,10595,73270,1473.94,882,1530,4680,6746,49339,13811,45416
2008,7,10,81158,88893,95813,16916,64318,1473.94,4615,1526,1302,7234,62794,34330,17660
2008,7,11,57046,71403,66860,34572,53090,1473.94,4634,1958,2266,6214,48905,31888,29865
2008,7,12,44870,74788,52264,79550,68156,1473.94,3360,1338,1847,9172,82579,21164,17956
2008,7,13,23184,78548,72603,34486,75782,1473.94,3816,2827,3150,5675,83750,42592,35397
2008,7,14,81892,49737,14551,74158,49191,1473.94,1045,4059,3243,9332,73608,22750,13456
2008,7,15,42617,83321,4768,65816,88846,1473.94,3331,2028,2245,5933,46514,16064,3699
2008,7,16,77683,81683,7207,833,67358,1473.94,4776,1210,2045,8664,39757,22587,7309
2008,7,17,4135,12156,16648,58730,53169,1473.94,2832,2136,1280,5208,77951,45125,6608
2008,7,18,22650,31283,7154,4896,57216,1473.94,4274,4897,1701,6480,52082,35410,20020
2008,7,19,93789,61859,1011,67186,2538,1473.94,4773,1672,4275,5554,81753,38795,7121
2008,7,20,45732,79586,50932,52012,98537,1473.94,2136,1186,1382,5206,42433,33731,28883
2008,7,21,40662,21708,68630,92364,24540,1473.94,2773,4679,3921,5136,14990,11742,20712
2008,7,22,2257,7991,24484,87884,47115,1473.94,1678,2845,2174,7609,61209,17062,6237
2008,7,23,22844,8346,38249,83008,95340,1473.94,1738,2353,3740,6906,44716,43279,47034
2008,7,24,38783,88842,77960,37705,33978,1473.94,4163,2585,1046,7302,40468,17632,46177
2008,7,25,86235,83499,76830,4761,77460,1473.94,1823,1238,2736,6423,83309,16160,38039
2008,7,26,73458,16401,10429,8550,18120,1473.94,1829,3254,1690,6140,10958,10667,21497
2008,7,27,42317,50122,79606,62835,30120,1473.94,1818,2705,4924,7304,37466,47383,36426
2008,7,28,78039,75642,97687,40775,52065,1473.94,834,1873,1734,7958,50423,14571,47348
2008,7,29,13479,18605,37826,90169,64745,1473.94,2188,3412,1054,6300,10422,11727,48784
2008,7,30,49571,65769,10785,69495,5768,1473.94,3230,3805,1002,7268,40931,17330,14603
2008,7,31,10968,56134,66886,41068,14468,1473.94,1990,2945,2264,9815,34466,33360,17309
2008,8,1,68007,56773,56559,81152,75723,1610,721,1490,1714,6568,47258,10024,18286
2008,8,2,16151,31064,50268,29771,88348,1610,737,4480,2165,8156,58947,25825,25280
2008,8,3,20147,3245,28091,96314,54063,1610,2615,2068,4575,8356,19571,10297,11451
2008,8,4,28811,66646,68141,74233,83214,1610,4256,1440,2813,7070,45485,18710,15399
2008,8,5,26156,2575,11993,68321,732,1610,4145,2229,1888,8587,33543,10950,37292
2008,8,6,66391,71159,99372,966,81685,1610,2614,2006,1184,8454,17398,35152,18943
2008,8,7,27505,85335,17220,6671,36211,1610,2830,3717,1146,6175,47037,32362,12705
2008,8,8,89819,7535,19592,96707,96123,1610,4009,2512,1300,6770,79829,22329,3135
2008,8,9,8675,23796,49176,10615,35903,1610,766,3406,1940,5982,86428,18038,1050
2008,8,10,92043,60612,83220,73674,46787,1610,1035,2956,4143,5627,49663,17590,46609
2008,8,11,28762,40025,29130,85759,29757,1610,3087,3430,2753,7240,65396,35007,8959
2008,8,12,40222,77516,64767,8514,6854,1610,3016,3895,1805,5184,72569,17192,1195
2008,8,13,59197,28605,11549,29692,20584,1610,4956,1404,3939,5437,51455,13695,27564
2008,8,14,34396,75896,18478,83501,49511,1610,3508,4731,1389,6558,98244,18242,33875
2008,8,15,84469,27613,83490,12627,56553,1610,1217,1506,2367,9117,45439,37950,22411
2008,8,16,93033,41748,3648,26972,67185,1610,666,2931,2006,9144,17783,46860,5104
2008,8,17,9371,2644,2944,87112,52270,1610,1705,1738,1286,5194,65716,13702,17540
2008,8,18,43958,36934,33805,61325,52404,1610,626,1770,3694,9274,88759,37230,45596
2008,8,19,90730,79426,55162,38080,4922,1610,4939,1296,1940,8478,17754,44209,39297
2008,8,20,71774,89460,97300,33278,44655,1610,1333,4963,1301,5137,66287,18704,13016
2008,8,21,97085,81914,30492,67131,17540,1610,4360,3268,1206,5873,46347,19949,19251
2008,8,22,65171,97639,50594,57111,51873,1610,2671,4998,4159,9952,73275,35165,18348
2008,8,23,94339,24610,40129,10640,26099,1610,695,4535,4680,6187,13340,22220,6416
2008,8,24,61790,11027,46841,76818,3252,1610,3119,3421,2178,7434,41883,25403,9541
2008,8,25,48412,59556,31754,38923,90879,1610,4087,1798,1988,8440,12208,38440,5029
2008,8,26,36983,7904,44328,41664,34091,1610,970,1770,3370,7075,89049,31622,1996
2008,8,27,36616,2169,66396,60147,65881,1610,1901,1298,4186,7318,69566,41416,8280
2008,8,28,5035,43655,76633,51025,74222,1610,816,1204,3096,9782,69219,47186,38841
2008,8,29,51136,49455,59419,45859,76530,1610,3832,4497,1282,7574,89643,32869,48469
2008,8,30,34859,41545,79866,19045,25199,1610,1812,1584,4437,6900,97608,10742,49432
2008,8,31,8638,69777,27568,38086,69920,1610,554,2407,2592,8406,83265,10956,46787
2008,9,1,43450,84971,92852,53677,74614,1724.47,3535,2509,1937,7872,74059,37720,25721
2008,9,2,50745,20645,13511,70542,34605,1724.47,530,4381,1088,7242,90652,16934,13522
2008,9,3,35241,28060,16819,12635,27677,1724.47,3497,1125,2262,5422,41154,48227,22292
2008,9,4,73421,46042,97090,11710,86325,1724.47,4429,3420,3144,5888,40313,42749,21149
2008,9,5,42813,35845,63483,83901,85813,1724.47,3126,2404,3546,9898,50038,26222,4135
2008,9,6,43589,4888,13701,851,52588,1724.47,868,1007,2247,5046,54068,14314,4855
2008,9,7,33668,53499,56993,41812,82790,1724.47,912,1214,4501,6038,25854,13390,47306
2008,9,8,34882,63982,89070,33428,35278,1724.47,1001,3865,1418,9701,96067,12935,5461
2008,9,9,60908,61498,55295,78155,24016,1724.47,1726,4034,4213,5070,32198,12002,9364
2008,9,10,68728,33111,3957,18230,30210,1724.47,1246,1590,1222,5316,14869,45421,29812
2008,9,11,47129,90871,40640,23828,96925,1724.47,1762,2831,1824,8409,35986,19722,3059
2008,9,12,34125,34065,28958,13338,5487,1724.47,1691,4213,1970,5648,17598,14368,27508
2008,9,13,25460,95042,22270,51956,86710,1724.47,3728,3837,4360,8744,57664,41284,3491
2008,9,14,23779,10780,15469,54686,19189,1724.47,960,4664,1870,9846,99353,23708,17807
2008,9,15,48778,91045,97922,75748,3045,1724.47,2926,4855,3109,6218,96810,19302,6717
2008,9,16,25038,10540,38656,85751,81259,1724.47,2034,1462,3450,5014,76074,17990,12672
2008,9,17,10309,2035,28655,28531,73305,1724.47,2238,2082,1646,6512,97829,19230,44360
2008,9,18,89581,47109,99657,7690,35008,1724.47,2507,1750,3357,7514,62147,18494,12819
2008,9,19,80186,89182,26005,19989,48037,1724.47,670,4696,1890,7980,19579,43769,2079
2008,9,20,68345,88170,15852,20101,54682,1724.47,1253,1236,2141,7342,68302,28500,30034
2008,9,21,3728,97162,88546,43438,81028,1724.47,4405,2565,1226,6694,97553,20614,1396
2008,9,22,8841,92884,95311,29306,33221,1724.47,3074,2917,4411,5278,54369,40444,31242
2008,9,23,85312,45623,51059,78805,52884,1724.47,2304,1611,2874,8838,16400,30253,35713
2008,9,24,79247,80806,7819,51825,87567,1724.47,2438,1406,1928,8212,42063,30531,21724
2008,9,25,15343,81491,98449,34754,36769,1724.47,1550,3431,4792,5226,33587,34028,19171
2008,9,26,28321,40892,56992,77547,69446,1724.47,2800,3692,4196,7910,16822,41762,23392
2008,9,27,53695,89308,54522,84654,73409,1724.47,766,1782,4426,9985,56208,31194,46585
2008,9,28,49156,97759,85978,80300,90367,1724.47,679,1526,1854,7670,12585,29901,19565
2008,9,29,11062,20386,94946,81610,68708,1724.47,4724,2401,1121,8500,23406,24529,11815
2008,9,30,7182,88592,79632,17961,84929,1724.47,4154,1770,3597,5132,47086,40315,35840
2008,10,1,27767,75355,31505,65437,87940,1764.39,2850,4676,4055,6558,93383,14054,27759
2008,10,2,30536,32138,1991,41133,55544,1764.39,4666,1974,2503,5262,61766,24694,26520
2008,10,3,48133,12202,58293,99617,59289,1764.39,665,3406,1282,8706,68842,44604,14960
2008,10,4,96280,78045,35633,85336,68857,1764.39,1204,1496,2505,9104,73228,49400,45369
2008,10,5,81067,37895,9888,69922,36873,1764.39,4616,1782,1726,9260,84621,25847,21654
2008,10,6,84220,55287,79254,90886,73808,1764.39,1841,1439,2492,7474,71774,27700,14448
2008,10,7,99195,74331,43444,93052,95230,1764.39,2451,2648,1844,8690,62569,15588,16672
2008,10,8,56697,57186,92795,56904,42798,1764.39,2750,2017,1650,8355,34254,39212,43768
2008,10,9,92803,36096,25652,51647,89922,1764.39,4346,4115,4460,9142,82166,49689,13778
2008,10,10,72166,40971,92338,59436,26013,1764.39,2224,2708,3444,6370,55963,37594,21260
2008,10,11,70138,5066,14612,35543,33421,1764.39,1107,2575,1312,6230,94221,15182,15218
2008,10,12,46889,73569,96702,67701,29063,1764.39,2389,1227,2542,6079,60662,28554,45221
2008,10,13,47339,44240,61264,92135,20610,1764.39,4728,2099,3644,5598,58993,38416,33579
2008,10,14,75909,66453,30992,93574,99564,1764.39,1159,2803,1134,8434,30503,44195,25214
2008,10,15,25785,14245,61775,78327,6676,1764.39,1881,4013,3028,9002,62500,19989,38790
2008,10,16,84427,42229,43441,39423,52921,1764.39,2839,1510,1974,5182,38753,34801,18787
2008,10,17,16748,56265,47605,31881,70478,1764.39,2427,1261,3704,9014,74588,15379,44460
2008,10,18,9344,47822,85746,8724,98670,1764.39,582,3095,1922,8505,22518,19500,48246
2008,10,19,7292,66710,4927,92530,41892,1764.39,3683,4991,1296,7639,13752,36773,10032
2008,10,20,52100,15652,99387,77156,86206,1764.39,2534,1900,4499,9272,20623,12702,40327
2008,10,21,42877,65688,52617,49703,70545,1764.39,799,4187,3195,7077,86717,12278,25135
2008,10,22,7110,96753,75078,39758,54392,1764.39,2882,1490,1246,9102,83645,32861,48302
2008,10,23,48948,92533,44762,3447,3516,1764.39,2967,1392,3775,5583,12446,10902,31737
2008,10,24,17070,38246,44860,75265,1676,1764.39,1702,1158,4680,6274,64893,15424,47929
2008,10,25,81434,24128,21915,28090,82748,1764.39,950,1694,1602,8282,35141,34311,21913
2008,10,26,20152,24461,97056,83927,50044,1764.39,4598,2112,4099,9458,42376,32126,25854
2008,10,27,27387,34079,7263,88420,17211,1764.39,3843,4995,2634,8466,59436,45381,38508
2008,10,28,80374,36739,27077,27522,58802,1764.39,3185,3952,3029,5240,79231,19424,28570
2008,10,29,1095,13830,36537,81546,9640,1764.39,3671,3378,1398,7285,58149,29257,45265
2008,10,30,75793,61993,10605,88427,20454,1764.39,666,1664,1779,7235,44700,31933,20042
2008,10,31,22157,22886,60886,41538,98127,1764.39,961,1154,1222,7708,13469,46289,40117
2008,11,1,93493,66020,4809,80778,24169,1970.43,2921,2512,4669,7699,22966,31062,34066
2008,11,2,77859,40146,87843,5095,84846,1970.43,3602,2731,2012,5140,22209,13954,36128
2008,11,3,12454,54134,90132,76304,67603,1970.43,842,2446,3792,6576,74575,18634,2773
2008,11,4,56994,47497,11826,68016,25196,1970.43,4077,4405,1288,6552,40851,26133,1144
2008,11,5,39399,84455,217,2764,85947,1970.43,2596,3399,1558,5464,74702,10512,22426
2008,11,6,31852,26472,37959,644,99400,1970.43,1308,1393,2733,8133,40760,34280,28886
2008,11,7,89277,6190,53687,96917,75814,1970.43,3049,1563,1402,6542,34326,31289,44538
2008,11,8,12044,73275,79690,88603,2354,1970.43,942,4205,3566,9777,51200,12966,20744
2008,11,9,48663,77509,85712,41397,31994,1970.43,2028,1269,4012,5714,18185,24825,26472
2008,11,10,56605,7588,56390,51948,97206,1970.43,3237,4248,1398,9278,14202,32695,7068
2008,11,11,22,79670,33253,29941,15799,1970.43,2906,4460,1961,8617,22208,43955,34454
2008,11,12,71441,14238,31577,20453,76304,1970.43,1630,2907,2006,8019,84855,37258,16115
2008,11,13,41439,18093,12859,38133,63723,1970.43,828,3743,3082,7062,93683,38880,27062
2008,11,14,54886,52942,3341,33200,97911,1970.43,2154,1414,2490,5082,22507,48793,41902
2008,11,15,41197,84138,81702,31250,2157,1970.43,4859,4946,1000,7718,98079,14722,16557
2008,11,16,74780,35260,44818,14214,5692,1970.43,3093,1164,4146,5580,10128,22057,4854
2008,11,17,14687,53635,7760,3529,28717,1970.43,2322,1265,1520,6150,33866,32911,30267
2008,11,18,33284,68727,9211,34284,32797,1970.43,724,3927,2548,6526,38140,48239,7290
2008,11,19,31380,91234,25169,55527,64019,1970.43,3935,1062,3930,8046,98585,33999,35297
2008,11,20,64666,67260,20265,95421,17635,1970.43,4684,2269,4208,7798,17904,38356,20483
2008,11,21,61184,33262,12284,20084,26141,1970.43,3322,2519,3008,9843,29397,38379,1726
2008,11,22,61492,39685,33437,66775,57732,1970.43,773,3748,1985,7389,34168,15971,48374
2008,11,23,7872,78853,33242,63433,49099,1970.43,1788,1633,1528,6934,46716,26899,17498
2008,11,24,30848,31392,771,5209,41235,1970.43,3587,4077,1204,6760,85851,10287,46521
2008,11,25,58101,2977,99036,90086,56718,1970.43,2409,1892,3408,8038,44373,43859,33205
2008,11,26,89500,12514,20493,6611,9290,1970.43,4861,1489,3600,6984,61697,39834,17210
2008,11,27,13505,5285,58912,16061,98660,1970.43,1348,3111,1802,6970,79549,37161,11116
2008,11,28,41292,51959,18103,69701,73961,1970.43,4911,4811,2692,6598,86422,16982,28828
2008,11,29,67613,52636,73472,66213,19620,1970.43,2398,3123,1804,7662,65536,21815,35169
2008,11,30,75130,41885,44927,55573,49972,1970.43,2733,1263,1433,6750,77315,16745,24476
2008,12,1,57227,62910,13708,57630,65684,1554.26,1594,3318,1034,7806,37938,11370,30690
2008,12,2,46558,87414,28837,60572,52950,1554.26,700,1185,1164,5118,61157,36405,1314
2008,12,3,359,52421,62839,27546,29736,1554.26,3560,3313,3845,7248,60942,40880,45937
2008,12,4,94309,2537,9199,31173,26696,1554.26,3204,4604,4550,8190,50175,15434,47137
2008,12,5,32692,2228,15038,94621,9852,1554.26,1025,1742,1318,7222,37755,14820,42547
2008,12,6,22505,87668,10719,47702,51287,1554.26,3581,1946,1901,7779,93118,33596,38013
2008,12,7,94917,96323,23201,45819,44715,1554.26,1021,2405,1954,7410,88377,14510,39728
2008,12,8,89957,69404,28368,67627,45972,1554.26,646,3475,1198,5749,16176,37779,32475
2008,12,9,90115,54758,16078,97016,2537,1554.26,1963,3804,1869,5526,75974,16583,9196
2008,12,10,76243,41997,60341,84549,39407,1554.26,1353,1440,1658,8646,13341,46795,15070
2008,12,11,13547,88374,65271,40,90475,1554.26,2818,1186,2555,7800,93955,10194,31447
2008,12,12,79443,40919,85249,17664,27434,1554.26,598,3675,4571,7290,88223,17964,11224
2008,12,13,42361,90930,4693,93185,38354,1554.26,4980,1900,2759,6438,68291,29585,34387
2008,12,14,69402,6111,26527,21957,76358,1554.26,3400,2152,1400,8649,12344,38833,20482
2008,12,15,56225,6767,92510,75796,409,1554.26,4772,2768,4365,5817,52305,42719,47085
2008,12,16,90204,58638,10972,29315,30240,1554.26,3899,1994,1724,5425,37949,44434,29263
2008,12,17,5908,31350,66587,83660,26351,1554.26,2492,2574,1752,5442,58369,12632,39106
2008,12,18,94791,9495,55401,99156,81664,1554.26,3226,3218,2694,9197,17532,29286,24058
2008,12,19,48461,92784,45279,66537,94562,1554.26,970,1820,1868,7826,15638,23631,49580
2008,12,20,33015,89324,56207,45238,70678,1554.26,2869,1898,1773,9622,80974,19182,30928
2008,12,21,53680,39202,43007,52727,24751,1554.26,2012,4562,1026,7294,56099,30587,26891
2008,12,22,43223,17070,13760,74152,77331,1554.26,4134,1406,3561,6692,71933,40590,14239
2008,12,23,67621,29804,72410,40746,75778,1554.26,1886,4456,3937,9794,82182,12534,3385
2008,12,24,48136,80547,39603,34162,24190,1554.26,1100,2411,4122,9728,57914,12914,45702
2008,12,25,75450,22049,33149,95363,58742,1554.26,953,2713,1237,8362,99810,27014,5083
2008,12,26,28099,11697,72823,53388,82942,1554.26,3427,1076,1903,6068,81589,26092,21358
2008,12,27,55083,29042,59856,557,90253,1554.26,3361,1412,1170,6509,61063,31263,17770
2008,12,28,77944,47017,73977,29181,21732,1554.26,2546,1181,1835,5369,19569,34776,40139
2008,12,29,16727,22997,32205,84982,82378,1554.26,1074,3811,4186,7281,54367,49438,30146
2008,12,30,55052,77729,15140,27574,50591,1554.26,3836,3533,1856,9164,74066,44006,42555
2008,12,31,39303,46613,60188,57490,8334,1554.26,2265,1411,4104,6638,26393,11918,29757
2009,1,1,87468,55293,80153,41101,26013,1352.97,2503,1622,1081,5494,70682,19988,29591
2009,1,2,15265,15569,42264,64429,89635,1352.97,734,2598,1456,7572,60932,26213,36270
2009,1,3,36191,2344,11670,27012,28737,1352.97,2978,2555,4795,8974,73656,10807,13152
2009,1,4,90426,86160,47253,67859,42589,1352.97,2846,2852,3502,7606,38633,39488,17935
2009,1,5,16379,75069,92088,29188,52641,1352.97,1752,1526,1714,6852,32194,16803,19372
2009,1,6,46573,96525,65711,47721,41007,1352.97,3527,1431,1878,5779,99290,13238,39367
2009,1,7,40067,53489,58671,89921,33599,1352.97,4409,1328,3723,7848,95515,15442,13656
2009,1,8,23572,33620,62899,95286,67042,1352.97,3440,4965,2968,8312,77685,48975,45093
2009,1,9,49870,52566,80407,8100,58345,1352.97,3917,4762,4537,7890,18762,49487,46049
2009,1,10,97596,50445,65816,2672,4645,1352.97,784,3215,1302,6580,39852,44695,27684
2009,1,11,34731,68294,24662,42699,78797,1352.97,3025,1718,4911,9578,53117,29608,2347
2009,1,12,833,78387,44371,66722,62327,1352.97,1208,1274,2201,8376,78945,36845,15406
2009,1,13,42412,39333,65061,70066,78970,1352.97,4761,3699,1830,5774,72750,34706,21266
2009,1,14,8121,97128,46076,63033,1912,1352.97,3992,4096,2579,6734,85817,12524,49193
2009,1,15,35121,68379,32532,67322,33107,1352.97,4167,1869,2160,5579,61934,46130,11477
2009,1,16,23197,43048,76182,29107,48822,1352.97,686,1942,2411,6240,36326,14322,48932
2009,1,17,91785,45319,99771,85716,15033,1352.97,1973,1286,1302,9018,33826,19776,35589
2009,1,18,2334,54346,11646,69494,39925,1352.97,623,4473,2979,7250,17168,31800,23580
2009,1,19,57089,38745,55095,19500,31337,1352.97,726,3120,4442,9944,17682,34475,7773
2009,1,20,1885,67162,50980,88555,41666,1352.97,3330,1430,4150,9975,29844,45427,34806
2009,1,21,9908,61820,74901,42887,53625,1352.97,1038,2065,4927,9970,62916,36263,49832
2009,1,22,36610,79443,25737,6053,79388,1352.97,1879,2623,3085,8430,86178,26102,1860
2009,1,23,59017,94509,36454,14519,30837,1352.97,1297,2095,4468,9646,16333,14445,32650
2009,1,24,17382,57372,41511,72309,86209,1352.97,4924,2818,1838,5350,45222,45960,20779
2009,1,25,67937,68454,93584,86022,42664,1352.97,2123,3031,1254,9866,48902,37810,29762
2009,1,26,97578,75200,94906,42047,92750,1352.97,2843,1110,4961,8716,98790,21170,11239
2009,1,27,51484,73715,10341,51705,90727,1352.97,2664,3662,1498,7600,61035,49382,21915
2009,1,28,37362,23160,33767,44336,54440,1352.97,2145,2017,2867,6814,10415,10006,32669
2009,1,29,4641,83259,60747,5955,13964,1352.97,3476,1798,4603,7642,33503,40330,9538
2009,1,30,92083,97520,15345,48802,55120,1352.97,3183,3833,1792,7826,69520,20330,26381
2009,1,31,64618,68019,38700,38838,61421,1352.97,4453,2413,1366,6552,88367,29039,15467
2009,2,1,81844,60839,92045,2012,10694,1515.75,900,4564,4071,9246,79684,40451,48727
2009,2,2,23782,4870,56343,22084,74390,1515.75,3052,2407,1724,7586,15342,13542,43025
2009,2,3,47696,2594,28620,14248,7313,1515.75,3040,1024,4848,5084,23870,11893,7659
2009,2,4,13812,34316,36459,94235,9914,1515.75,4685,3694,2363,7379,55777,28104,32495
2009,2,5,50404,58831,70513,48480,17072,1515.75,2022,4766,3285,5198,79013,16949,40693
2009,2,6,64652,52054,22457,65853,33491,1515.75,2745,3653,1993,9030,57887,13822,46327
2009,2,7,63050,8925,40601,16765,16304,1515.75,4869,3058,2912,6962,31538,19962,12731
2009,2,8,22426,59913,69751,32063,554,1515.75,736,1556,2169,7819,47408,17011,15116
2009,2,9,50498,41507,30665,47491,72062,1515.75,748,1463,3827,7700,84579,46482,4904
2009,2,10,40431,45801,45893,44695,77534,1515.75,4678,1310,3694,9428,64724,20599,43783
2009,2,11,896,30088,52157,18065,17907,1515.75,1427,4755,2422,8443,32245,45836,15917
2009,2,12,53347,19346,13652,83526,47047,1515.75,1359,3828,1562,9038,48523,17102,14583
2009,2,13,86035,14554,70580,56082,33982,1515.75,3032,4876,1594,5188,69293,49649,35304
2009,2,14,27458,87073,84406,1232,35517,1515.75,3419,3862,3700,7070,72388,15746,33003
2009,2,15,8006,35100,35927,68389,27352,1515.75,4008,4738,4002,9587,85819,49335,34450
2009,2,16,61244,28852,565,42987,40393,1515.75,3987,4201,3281,9744,85432,25149,36210
2009,2,17,9100,48853,14013,77800,42275,1515.75,4897,1146,2851,5823,35019,31555,2753
2009,2,18,30274,90381,11294,45628,16320,1515.75,1315,2562,2315,7546,36900,49059,13465
2009,2,19,14441,95889,83261,4074,71985,1515.75,4223,1083,3897,9587,58882,42523,18694
2009,2,20,78692,68780,59156,16543,14604,1515.75,4449,1228,1822,5742,23207,17226,44175
2009,2,21,39207,34523,11141,97875,62754,1515.75,1933,2193,1154,6546,97619,32265,48042
2009,2,22,81592,26843,13350,15489,86430,1515.75,3011,1030,2363,7166,98014,38318,38584
2009,2,23,77694,28817,65899,78600,54559,1515.75,2177,1006,4980,6646,24343,10962,39106
2009,2,24,87712,37629,96280,47993,34175,1515.75,524,1540,1490,9958,47605,23521,43899
2009,2,25,98543,55618,4994,72258,39136,1515.75,1927,1828,1823,5660,11780,10966,3008
2009,2,26,48283,23958,29204,88263,63628,1515.75,2348,1338,1174,7264,99330,41701,3547
2009,2,27,97526,95941,57467,34618,22251,1515.75,3138,2144,2041,6272,25753,16176,5073
2009,2,28,82491,2681,49358,30667,61858,1515.75,4752,1190,2798,8955,14754,47778,27490
2009,3,1,22103,49117,40028,42082,64800,1575.9,958,2091,1899,9350,99341,26971,48081
2009,3,2,65066,52839,70365,44549,78592,1575.9,2039,1272,3601,8124,59481,46090,2893
2009,3,3,23810,85974,80242,2765,729,1575.9,2969,4182,3487,7996,97616,16582,28020
2009,3,4,22430,53575,85378,94329,44151,1575.9,2651,1144,1074,8015,70116,48852,1072
2009,3,5,60908,13508,46477,45862,87565,1575.9,3303,2725,3283,8544,46841,25363,5959
2009,3,6,82916,14811,64547,26404,39159,1575.9,4689,1587,2088,6419,55915,26238,12163
2009,3,7,53843,43567,18159,24104,17934,1575.9,2955,1614,1781,5784,41054,11404,38275
2009,3,8,41743,49358,33423,66378,37903,1575.9,1741,2169,1318,6287,63572,18966,30264
2009,3,9,34802,14615,12172,66890,51034,1575.9,4480,4875,3005,7638,45330,45938,34439
2009,3,10,82265,18286,41132,84046,70422,1575.9,1094,3515,2895,9516,94893,17262,32186
2009,3,11,36132,86635,39319,47557,59274,1575.9,3139,1734,3857,6662,77315,34890,2892
2009,3,12,11102,53148,6118,39107,47138,1575.9,1396,4401,1084,8880,13446,13022,1448
2009,3,13,57418,19541,1374,5313,75409,1575.9,2461,2891,2900,6274,75447,42173,46267
2009,3,14,82376,89940,52600,16233,16602,1575.9,2474,2702,1542,7192,83160,12904,46268
2009,3,15,91391,910,92306,93827,76142,1575.9,1684,3558,2996,8058,55223,33405,22105
2009,3,16,64325,79037,77649,63578,42169,1575.9,2102,4543,3035,8502,57127,25988,3097
2009,3,17,37322,74602,20044,69440,14545,1575.9,2343,1878,1886,9308,16113,46605,19556
2009,3,18,46754,82798,46517,4750,50856,1575.9,4506,1532,1560,8650,95109,39296,1740
2009,3,19,1604,17212,80192,60991,8266,1575.9,1978,1938,3272,6756,31378,42817,37320
2009,3,20,92930,63722,48752,29746,4723,1575.9,1351,2827,4014,5744,72577,31221,14865
2009,3,21,90959,43436,62754,88086,91943,1575.9,2381,3545,2778,7860,70887,16043,24215
2009,3,22,61245,7867,94335,89517,97592,1575.9,2333,1050,2137,7437,20266,26860,42065
2009,3,23,78654,62970,94688,59020,52189,1575.9,994,3146,3404,9346,31231,35346,33617
2009,3,24,43562,74966,45245,51340,98891,1575.9,3734,1486,1426,8850,82354,37941,16132
2009,3,25,36485,31041,28462,58623,28478,1575.9,1834,3482,3048,6521,82502,30236,15080
2009,3,26,96491,72744,39735,39895,58442,1575.9,1592,2002,2283,6836,69693,27525,37319
2009,3,27,52969,69781,54012,9670,64201,1575.9,2610,2037,3757,9726,92011,12234,2718
2009,3,28,57504,93846,52070,1905,90367,1575.9,2140,3208,3666,8227,43102,48459,34572
2009,3,29,25546,34696,463,4181,87884,1575.9,1705,2203,1287,8302,66873,36840,36508
2009,3,30,4786,14484,70230,88544,6908,1575.9,2129,1536,1085,5550,82667,12803,12241
2009,3,31,36474,81160,66013,60140,19387,1575.9,4951,1283,1513,5413,65463,14397,25467
2009,4,1,63521,21601,50913,31941,88474,2609.07,3078,4309,2981,7973,42568,36573,37753
2009,4,2,91455,23332,92659,77006,5999,2609.07,3478,3510,2825,9970,22896,29644,5462
2009,4,3,64922,84181,56158,56687,65996,2609.07,4958,1746,3507,5870,77808,13332,36907
2009,4,4,89975,47239,82642,64308,5212,2609.07,880,1666,4893,7086,73671,37244,25211
2009,4,5,65353,3502,90755,19530,93472,2609.07,4173,3392,1078,5331,31430,46530,30003
2009,4,6,8590,66390,58751,83449,68612,2609.07,1781,3586,3797,5774,22893,10730,36559
2009,4,7,87337,23775,2027,68583,33665,2609.07,826,4016,1112,6580,18546,10758,42050
2009,4,8,76583,34072,80120,23470,5755,2609.07,4999,4344,4290,5101,97792,12902,11550
2009,4,9,31660,60926,21489,31809,6701,2609.07,3521,1582,1728,7626,78970,34524,10734
2009,4,10,63950,34797,49893,75853,97729,2609.07,2578,1336,3862,7697,14132,24616,18439
2009,4,11,5600,50484,38961,99890,45585,2609.07,4143,3595,4030,6983,41756,37082,3106
2009,4,12,77718,95278,47472,94929,67177,2609.07,4452,2477,2590,9345,39681,41670,42794
2009,4,13,64136,37261,82334,82998,31310,2609.07,2614,3260,4652,5862,69502,25236,12818
2009,4,14,16032,48646,35185,30063,81982,2609.07,2144,1050,3569,7806,70978,22097,26941
2009,4,15,73762,432,19576,67704,96129,2609.07,725,1082,2868,8832,59613,10530,25609
2009,4,16,87229,67228,30143,66882,30154,2609.07,3469,2537,4642,7670,92599,46623,49645
2009,4,17,36946,76096,39026,25515,23416,2609.07,3964,3528,1786,7088,81231,39266,10004
2009,4,18,9148,73309,99531,38369,47720,2609.07,510,1300,2722,5392,34533,39227,9144
2009,4,19,45038,43003,51765,26032,3009,2609.07,2654,1305,3163,8031,98172,26578,10716
2009,4,20,38035,12137,90107,81174,62028,2609.07,888,1174,2004,6321,25894,17444,37690
2009,4,21,95465,57497,76370,54539,2890,2609.07,502,4278,1054,8234,90309,23264,10903
2009,4,22,88951,79316,45923,58466,7347,2609.07,1395,1732,2582,7853,42905,34609,44095
2009,4,23,45543,63346,22136,22892,99667,2609.07,2960,1483,1878,8668,82373,24767,14383
2009,4,24,51584,42492,5398,21841,70727,2609.07,1456,1028,1974,7378,50845,48719,45707
2009,4,25,17825,2241,60453,90407,60094,2609.07,1367,1987,3054,9855,61230,49073,19710
2009,4,26,44238,25544,26909,82468,49873,2609.07,2235,1456,4477,8984,39648,10416,25634
2009,4,27,24692,51105,47584,16065,8484,2609.07,1136,2659,1346,6382,33066,27113,48429
2009,4,28,11298,90786,15453,10705,70641,2609.07,1129,1229,2225,9389,13697,18450,26683
2009,4,29,11375,37285,86259,95852,66269,2609.07,2406,2311,3362,9988,23376,14830,25907
2009,4,30,29770,54513,44506,46790,62453,2609.07,3902,1766,1060,5706,17157,38053,43924
2009,5,1,59639,19283,50967,45380,32980,2089.94,1754,1615,3378,5220,52884,30636,35769
2009,5,2,20013,76548,74000,51354,99924,2089.94,1123,1584,3053,7912,49591,46976,42197
2009,5,3,51816,56046,48038,7522,73203,2089.94,1262,4193,1724,7172,94572,21056,2443
2009,5,4,75702,51327,7672,30433,20285,2089.94,1068,1214,3455,5706,91649,19730,26908
2009,5,5,93617,72773,56871,63022,686,2089.94,4998,3852,3858,8784,92725,18413,22814
2009,5,6,26830,65341,17607,14906,5274,2089.94,961,2326,1209,9985,27758,16493,28531
2009,5,7,53245,55180,73142,23052,56599,2089.94,4134,1566,3915,6004,29588,20952,14791
2009,5,8,5170,55939,56157,84029,46678,2089.94,3793,4858,1925,5512,21115,17654,15234
2009,5,9,31282,57078,49526,27491,33415,2089.94,680,1658,3814,6962,26062,21765,43636
2009,5,10,98268,35197,4684,68535,17553,2089.94,838,2721,2913,8006,23101,35942,1258
2009,5,11,77228,91895,75801,24154,10998,2089.94,2703,2279,1410,8580,86121,20111,46917
2009,5,12,52217,46458,6770,17383,79934,2089.94,1008,4552,4379,6166,79438,15518,49184
2009,5,13,27159,35277,24654,50073,63623,2089.94,1014,2202,1001,8167,97707,33350,14107
2009,5,14,41436,90411,41982,11781,65344,2089.94,1891,3911,1834,5012,51293,37197,28104
2009,5,15,20549,23146,98103,4928,83329,2089.94,1859,1838,4169,7864,76910,42791,27541
2009,5,16,28323,29278,49994,676,57445,2089.94,4026,3879,4463,6007,27011,19806,47701
2009,5,17,70463,75255,53718,61375,46619,2089.94,4924,2166,4507,9378,88446,44187,21363
2009,5,18,56919,11658,71027,2440,75874,2089.94,954,4195,3565,6334,19514,17361,14289
2009,5,19,9278,88898,66241,63741,14905,2089.94,4898,1498,1209,9967,63093,14180,9604
2009,5,20,91330,44370,31347,52190,23748,2089.94,2728,2018,2801,7518,99457,23674,36145
2009,5,21,64396,11041,27871,57961,72618,2089.94,654,1894,1638,7914,61986,11606,32742
2009,5,22,33871,78237,54614,35080,48204,2089.94,611,1778,3428,6630,16156,18528,34060
2009,5,23,99455,37155,15547,47257,20909,2089.94,2282,1655,2396,5152,59616,15013,31356
2009,5,24,64246,1291,13260,2236,9205,2089.94,550,4426,4833,6095,10858,18036,41598
2009,5,25,60155,26470,90273,54936,89780,2089.94,3463,4234,1010,5361,52842,22760,48347
2009,5,26,53069,40125,74417,95465,71630,2089.94,1829,1758,1674,6440,38110,27230,1570
2009,5,27,64390,9593,36658,34223,35688,2089.94,3610,1694,1374,8883,67129,30116,47516
2009,5,28,73582,56945,69351,25434,62306,2089.94,4545,1725,3668,8961,43542,19638,22193
2009,5,29,55698,86724,2525,7372,43165,2089.94,954,3905,1878,7936,58128,18190,40635
2009,5,30,17831,43091,14460,8167,18326,2089.94,3282,3258,4884,7978,33691,17189,31589
2009,5,31,12529,48238,65268,91198,53551,2089.94,2846,4248,1074,6070,32971,10106,8810
2009,6,1,33926,78955,67583,4241,53435,2162.87,2070,1524,1328,7894,31202,48600,36201
2009,6,2,34872,39461,53485,8857,89505,2162.87,1384,4093,2293,8933,15296,27454,37027
2009,6,3,86781,33244,72987,47151,66216,2162.87,4507,1492,1989,8441,20733,10423,28036
2009,6,4,34642,59156,73300,51654,89393,2162.87,1605,4264,1666,6326,49472,16170,20854
2009,6,5,23468,70857,20264,92113,16143,2162.87,4566,2922,2502,5116,66424,10069,44259
2009,6,6,86941,30932,76562,93930,79374,2162.87,704,1494,4154,5830,98371,28546,13647
2009,6,7,97562,64977,19163,74228,85067,2162.87,804,4885,2195,7012,16998,38337,34987
2009,6,8,21271,86565,91260,15125,45470,2162.87,802,2409,4967,8107,42690,11222,7684
2009,6,9,98106,29747,31059,87260,6455,2162.87,2158,4015,1526,7672,78242,45824,45783
2009,6,10,2660,34992,37063,74855,28356,2162.87,3191,4625,1976,6486,81102,19638,4061
2009,6,11,44838,56296,51208,49805,40755,2162.87,1848,3860,4996,8528,26119,12802,10251
2009,6,12,60042,8278,66818,70800,42303,2162.87,2976,4961,1402,6134,36167,24757,45060
2009,6,13,74099,99359,90736,31075,86513,2162.87,4872,1349,4484,8710,97506,35239,21838
2009,6,14,11331,64355,40452,67679,78614,2162.87,972,1014,2552,7310,25806,49854,32923
2009,6,15,75063,8783,94816,71465,28821,2162.87,1222,4270,1692,6957,50344,49556,30983
2009,6,16,75147,16570,80906,19631,17650,2162.87,1221,1354,1910,6718,29361,20435,44764
2009,6,17,60948,76195,25443,68500,89846,2162.87,3353,4907,1270,9520,52723,10414,1249
2009,6,18,76855,48946,24473,23547,52255,2162.87,3102,2400,2737,5894,63383,25386,24817
2009,6,19,81476,84605,87070,56946,62630,2162.87,2380,4928,1346,5654,16864,15174,32784
2009,6,20,4071,26781,96434,80453,72653,2162.87,654,4506,4454,8694,89404,16709,49158
2009,6,21,1296,78859,10462,9033,65570,2162.87,771,2044,4801,8394,15986,15158,23845
2009,6,22,86976,47723,93711,28658,16897,2162.87,3831,2319,1106,6617,17771,17921,2138
2009,6,23,22127,19779,83780,36581,29905,2162.87,3289,2551,2041,7512,72936,17610,23184
2009,6,24,3948,23708,64656,78749,94252,2162.87,2530,2579,4070,6240,26236,15967,34997
2009,6,25,44730,86420,3287,89999,43037,2162.87,4271,1514,2187,8050,18095,13806,37410
2009,6,26,81234,37737,50996,49627,67840,2162.87,2237,1787,3990,8244,66887,24594,40284
2009,6,27,49593,99419,72174,98664,42011,2162.87,982,1740,4828,8546,93090,44217,48410
2009,6,28,21678,17363,25732,95218,25413,2162.87,3661,2998,2915,6008,72624,32106,10179
2009,6,29,6293,39862,70246,86635,4458,2162.87,1228,4050,1551,6812,69065,44913,37134
2009,6,30,48163,50048,81654,49344,50668,2162.87,3560,3696,3458,5643,83913,14838,24745
2009,7,1,82575,73221,26442,48584,62198,1571.81,1227,2058,3793,7861,22868,15926,8548
2009,7,2,19091,93271,68830,52492,62336,1571.81,2006,3734,1748,6349,79401,11406,13743
2009,7,3,76262,68098,61303,11905,52012,1571.81,4078,1884,1097,6871,15872,13294,11525
2009,7,4,75420,87100,81705,54213,44962,1571.81,1490,1642,2842,5319,49246,26529,4573
2009,7,5,35414,66253,5264,97162,32602,1571.81,950,3862,4114,5258,37119,21125,34665
2009,7,6,39185,77550,88415,40282,44422,1571.81,4927,1192,2738,6554,90404,19051,4288
2009,7,7,22557,93247,49455,20399,64918,1571.81,1928,1350,1305,8543,97492,30259,15054
2009,7,8,3209,63850,55474,72323,91510,1571.81,4799,1396,1494,9140,87326,30915,42593
2009,7,9,18853,23606,67108,42944,25237,1571.81,1994,2792,3461,7801,84543,48378,23864
2009,7,10,92855,97824,65061,90512,16367,1571.81,2122,4574,2754,5202,16506,34263,12553
2009,7,11,1541,34400,81309,88035,48966,1571.81,612,4169,3591,8760,27112,12086,34987
2009,7,12,8976,55460,97973,92437,33261,1571.81,2166,2466,1382,8938,49329,46704,32516
2009,7,13,1132,86453,32632,43886,79049,1571.81,4500,1186,1631,8670,84975,40596,7232
2009,7,14,77147,36629,24766,2090,55390,1571.81,2269,1442,3689,8022,89505,23301,18231
2009,7,15,49109,46672,32120,45799,68899,1571.81,3854,1270,4252,5970,30267,13300,31449
2009,7,16,65070,41121,60242,56701,33281,1571.81,3648,1738,3196,8413,28868,19937,11569
2009,7,17,6644,81138,50655,46685,47731,1571.81,1337,3190,1830,8456,58988,22081,40160
2009,7,18,66258,17844,58464,50510,25681,1571.81,3810,1508,1202,6598,47449,29483,5083
2009,7,19,51972,77450,6263,50168,15864,1571.81,1457,3858,2620,7111,15230,46702,35131
2009,7,20,43623,38233,9894,46805,6690,1571.81,3885,2946,4428,7410,39807,45109,35234
2009,7,21,98784,53618,52211,61338,60373,1571.81,820,2343,3461,6878,78863,18658,16013
2009,7,22,14918,15321,64536,47538,18784,1571.81,591,2405,1014,6836,18428,44055,32783
2009,7,23,72071,44448,33354,91499,38148,1571.81,2959,3282,3130,5170,14620,14042,23162
2009,7,24,21183,55441,32199,14644,35228,1571.81,650,1222,4085,9720,14033,27868,27414
2009,7,25,3990,74625,56626,25004,61462,1571.81,4059,3531,1634,8764,41381,14781,15836
2009,7,26,91926,94342,18065,35057,99512,1571.81,4911,1396,1666,6932,51688,12120,49037
2009,7,27,30876,92009,6200,6313,13216,1571.81,533,2204,1209,7158,42208,22670,20233
2009,7,28,39346,27620,22554,65980,62736,1571.81,2113,4661,4627,5177,12148,24138,30287
2009,7,29,14214,77333,11184,51394,80794,1571.81,2449,3020,1232,7306,34333,34448,12873
2009,7,30,50234,34867,18005,61443,8377,1571.81,938,2722,4183,9369,13701,16919,26565
2009,7,31,69656,60815,37933,44284,42344,1571.81,4773,2908,2685,9266,24302,18478,44002
2009,8,1,48104,46500,12766,78104,80833,1339.77,3336,2050,1570,6130,40426,16278,13566
2009,8,2,72947,88149,28671,78668,18203,1339.77,3323,1502,4873,8958,54064,10226,11942
2009,8,3,60084,43325,47912,22393,83979,1339.77,564,2081,4240,6096,10185,26424,16390
2009,8,4,22961,54874,58475,54531,77357,1339.77,4017,1238,3401,7687,28970,37955,48902
2009,8,5,19629,93646,49677,85854,2604,1339.77,1079,4038,2064,7990,11518,47395,3741
2009,8,6,26732,98061,79477,72325,7456,1339.77,3748,1694,1784,7223,10454,38243,39662
2009,8,7,72477,80316,4898,92230,88003,1339.77,770,3982,3864,9861,19680,46467,33868
2009,8,8,99954,5915,25507,63370,66257,1339.77,764,4340,1349,8022,81664,15157,43290
2009,8,9,96255,80413,95574,73494,53988,1339.77,1736,2815,3539,6634,35045,31541,46872
2009,8,10,66854,81583,21877,10719,77796,1339.77,3537,2748,3978,5395,57469,20234,31712
2009,8,11,75037,68235,45927,32739,74828,1339.77,2895,2433,4355,6946,60927,44694,27591
2009,8,12,6692,72664,37511,231,5650,1339.77,3124,2503,4137,5110,99573,48284,22556
2009,8,13,51712,73111,26033,5690,88507,1339.77,2276,4894,3087,9118,12632,18542,33502
2009,8,14,48498,10528,46701,72853,20348,1339.77,2546,3391,1642,5662,43621,18406,7628
2009,8,15,93964,58098,91148,64453,78098,1339.77,2736,1161,3830,5120,68202,18688,40721
2009,8,16,54975,26831,64936,39414,31386,1339.77,3680,4882,4447,5380,69086,41146,27568
2009,8,17,69360,52985,84538,66002,74394,1339.77,4645,3356,2608,5792,49161,47058,44512
2009,8,18,82865,78250,43220,63048,49723,1339.77,3087,4696,3252,6054,44109,35989,11422
2009,8,19,90591,42790,65872,11390,4522,1339.77,2535,3880,2941,7073,56234,12334,34958
2009,8,20,81585,40880,47044,545,33025,1339.77,2602,1786,2157,6638,95287,13768,12557
2009,8,21,68596,43376,77928,23200,56398,1339.77,4188,3339,1178,5674,74728,16486,38390
2009,8,22,42721,43617,75933,47014,80690,1339.77,700,3625,4398,9095,95521,38774,48519
2009,8,23,1652,93125,71015,25161,50298,1339.77,2040,3892,4677,9967,58443,16074,16303
2009,8,24,98357,67632,45767,95888,75395,1339.77,2939,3114,1878,7446,65128,27503,36847
2009,8,25,38743,90829,72481,44493,79924,1339.77,4618,2926,1126,5126,23086,11423,18003
2009,8,26,36935,21479,46669,46612,81447,1339.77,4038,1154,4095,9318,16796,14489,5112
2009,8,27,28003,22685,98957,8466,12909,1339.77,968,3002,1264,8449,28846,17539,30437
2009,8,28,42804,28465,81818,20282,99097,1339.77,1704,1031,2734,9458,98994,40532,21256
2009,8,29,99837,44385,36687,5284,35541,1339.77,4772,3543,4116,5080,88360,47024,45081
2009,8,30,65517,90681,81379,53133,65482,1339.77,2023,3284,3688,8840,28565,16578,10225
2009,8,31,56449,76623,6521,99183,71347,1339.77,4714,2534,1251,5514,92817,18143,21867
2009,9,1,78943,98039,38302,64023,86399,1806.13,891,2079,4408,9023,42560,19274,1678
2009,9,2,52400,50846,14674,87592,95763,1806.13,4039,2384,1682,9573,60083,13548,35163
2009,9,3,99288,47618,96152,8393,56788,1806.13,2576,1468,2333,7229,16103,48732,14296
2009,9,4,85260,78347,92164,34668,93723,1806.13,4299,1121,1920,5324,33712,14035,34724
2009,9,5,10487,94105,86420,18521,53678,1806.13,2069,4317,1918,8220,77709,17259,46503
2009,9,6,58868,56638,19341,87554,73868,1806.13,1285,4126,3790,9610,93793,15034,35444
2009,9,7,45876,4445,69986,64149,46122,1806.13,3183,2959,4153,9214,91480,17831,20050
2009,9,8,27458,39902,37149,37930,84474,1806.13,1540,3341,2846,7110,30894,11713,14858
2009,9,9,92676,33532,37192,22818,44684,1806.13,1681,1126,3133,6666,54706,14254,47337
2009,9,10,36717,32890,87214,67222,13845,1806.13,982,2653,4946,8552,11934,19420,45046
2009,9,11,19762,33475,79114,7609,90707,1806.13,673,3381,1242,5740,12408,20925,26360
2009,9,12,86554,69233,11484,54687,2252,1806.13,594,1306,1754,8858,22540,45627,32543
2009,9,13,83904,73946,3281,35203,62498,1806.13,974,2259,3688,6198,12448,39394,15215
2009,9,14,92799,91893,39129,69041,31110,1806.13,4965,4015,1832,7800,88701,33162,11680
2009,9,15,343,73995,88482,32127,62853,1806.13,2753,3107,1319,7386,98309,13816,27375
2009,9,16,12601,69284,62428,77642,35723,1806.13,2035,3520,3243,5040,97560,24352,34999
2009,9,17,34195,3878,58368,81459,21679,1806.13,972,3372,3767,9454,86850,16619,13422
2009,9,18,63181,64605,96079,64500,61991,1806.13,4667,1894,3671,6904,68583,49394,44389
2009,9,19,8446,1972,44267,1689,74487,1806.13,2393,1366,1418,7112,12992,33734,41828
2009,9,20,80534,37464,38460,34301,73270,1806.13,2271,1449,4913,6710,15318,18255,25310
2009,9,21,74091,61969,59199,54114,85416,1806.13,4859,3860,1104,8262,11901,20591,44134
2009,9,22,55954,70647,45625,18010,87759,1806.13,3096,4644,1870,6555,35296,45552,18468
2009,9,23,81865,2569,32002,88131,82271,1806.13,1385,2712,1270,7770,26825,13037,49303
2009,9,24,76070,96686,23250,22174,10812,1806.13,4116,3116,1602,8806,18150,19824,35151
2009,9,25,89560,19222,94552,95491,75777,1806.13,1042,3993,3767,9395,62123,47389,29848
2009,9,26,88698,34861,20102,16320,83149,1806.13,4356,4217,4964,5222,97742,20775,46928
2009,9,27,4109,73212,53892,26258,94304,1806.13,1164,3863,1190,5790,95705,32718,21369
2009,9,28,76915,86748,56712,25683,42495,1806.13,3071,2544,1814,9525,80215,12810,35187
2009,9,29,56453,9573,28765,16417,78531,1806.13,3543,3990,1069,7434,25247,10373,42859
2009,9,30,28803,77764,94237,35745,8479,1806.13,4815,1745,3040,7878,27427,15158,39942
2009,10,1,16851,99431,29465,26376,79647,1389.19,4179,1150,2775,7818,14774,20633,32660
2009,10,2,35491,99443,86704,9277,41043,1389.19,4431,3805,1312,5910,43636,47605,47077
2009,10,3,41343,45382,6998,49222,89161,1389.19,2286,1010,3314,7030,48738,17278,8884
2009,10,4,20762,47918,76235,48537,79866,1389.19,4169,1707,2480,8926,40984,33522,26687
2009,10,5,19301,95416,68681,26965,1943,1389.19,4569,3285,4049,7918,17726,13209,12317
2009,10,6,6803,17497,85572,81469,55599,1389.19,780,1359,3579,8086,41247,44796,34310
2009,10,7,5053,76769,26504,97533,98994,1389.19,2407,4645,1222,6087,61610,47549,33840
2009,10,8,44756,2532,57187,18805,50451,1389.19,2013,2252,4892,7882,38720,10990,16045
2009,10,9,18247,90853,31850,33178,19219,1389.19,2973,4270,2568,6694,21802,31561,39449
2009,10,10,54669,69210,16208,50275,1649,1389.19,4175,1403,3052,7713,81559,13502,44170
2009,10,11,20110,63573,37107,20002,63862,1389.19,992,2107,3030,7394,15284,18600,42179
2009,10,12,13141,59610,42871,95710,30438,1389.19,3622,1830,1942,6181,51732,18235,14674
2009,10,13,36703,15908,14639,49756,53622,1389.19,3257,3730,1122,6716,10084,39983,46199
2009,10,14,58895,85576,38443,58278,9269,1389.19,1877,3760,4687,9748,50821,10125,20079
2009,10,15,774,44445,61583,67360,86978,1389.19,594,3680,1158,7766,73435,15547,13315
2009,10,16,62784,3045,5630,55258,69761,1389.19,994,3655,1289,7376,13166,10557,15714
2009,10,17,20115,96514,65670,49802,32614,1389.19,1278,3386,2287,7861,17098,14264,16492
2009,10,18,17528,52693,87945,79454,19278,1389.19,630,2060,1562,5110,37318,17462,27732
2009,10,19,16344,48912,95544,33985,98947,1389.19,893,4060,1693,6563,68862,44306,48828
2009,10,20,43055,11493,94046,20342,15706,1389.19,957,3233,3835,8902,12686,33113,11144
2009,10,21,66634,24040,81526,47410,24670,1389.19,4298,2364,4106,9841,91349,33053,35196
2009,10,22,25022,68595,2114,36715,95158,1389.19,1020,4563,1446,5698,74904,30877,37328
2009,10,23,2561,75863,80463,82749,81117,1389.19,2213,4101,3540,7486,27863,24561,9502
2009,10,24,15287,42162,48278,99393,52003,1389.19,3797,2023,4573,7263,30089,19730,5979
2009,10,25,20943,27463,74295,36115,18880,1389.19,3344,1440,2764,7622,20540,10474,15551
2009,10,26,73308,2754,19335,23200,66492,1389.19,4112,1777,1430,9590,97522,24064,13550
2009,10,27,18369,96320,67441,59294,13583,1389.19,4024,4525,1343,9670,86991,10223,13882
2009,10,28,51573,70336,98016,25690,50495,1389.19,921,1294,1308,6607,63353,16634,18556
2009,10,29,96509,93818,2282,18571,56208,1389.19,2635,1866,2474,6427,50221,42409,49804
2009,10,30,90309,45598,93287,31653,31620,1389.19,3227,4544,1965,6242,25233,17459,30278
2009,10,31,24798,22507,57613,46106,55467,1389.19,1608,1974,1135,8889,70545,14806,37318
2009,11,1,79533,94623,97520,55960,61197,2834.8,2619,3145,4566,5054,71117,46195,6281
2009,11,2,18851,70662,13161,25093,12247,2834.8,1241,4752,4584,8698,90218,41901,30620
2009,11,3,95308,42194,73037,80549,29091,2834.8,593,3622,2705,9464,64581,15253,26732
2009,11,4,35745,43553,88400,1663,54177,2834.8,2857,3026,1529,8214,14471,25127,25869
2009,11,5,7990,80713,9880,28926,25764,2834.8,827,1070,4995,7190,13014,16370,16451
2009,11,6,53299,83564,12708,41005,63028,2834.8,2609,1054,2192,7360,16785,41368,43641
2009,11,7,3229,64644,80748,66110,42014,2834.8,1236,1354,2282,7468,11632,18045,45219
2009,11,8,83919,82460,55468,75266,59027,2834.8,4350,2325,2001,8409,69681,36381,23439
2009,11,9,2050,92291,67857,39242,19652,2834.8,1962,2879,1284,7709,88989,24002,34643
2009,11,10,22928,46578,6709,31562,14046,2834.8,4607,4315,2151,5734,89580,26178,18341
2009,11,11,94865,85283,88504,68219,93692,2834.8,951,2092,1926,8807,67686,36477,8185
2009,11,12,89802,14649,9358,55439,42358,2834.8,792,1636,1275,5012,29549,41673,14699
2009,11,13,37194,79157,5989,54346,16936,2834.8,523,1799,2203,5378,80017,14504,11922
2009,11,14,9915,17321,35692,76741,6129,2834.8,3218,1868,4377,5160,67720,43086,3378
2009,11,15,3626,63513,74723,81253,66014,2834.8,2925,4559,4780,5266,73904,16715,4273
2009,11,16,7188,20780,44868,20743,72510,2834.8,4341,2423,3557,5494,59163,14685,41237
2009,11,17,99763,22382,60615,34141,11309,2834.8,2226,4933,3199,8301,96186,40564,28335
2009,11,18,38926,69112,10124,38706,80730,2834.8,1773,2916,1158,6640,25011,43667,1550
2009,11,19,57877,69353,76091,16434,65738,2834.8,2470,1010,3987,8884,15992,35296,1607
2009,11,20,19124,43219,16582,27323,61520,2834.8,2887,1806,3231,8734,55502,28960,12768
2009,11,21,44743,27276,83230,82253,60268,2834.8,2272,3143,3944,8362,50929,19374,8241
2009,11,22,36321,64752,41535,10309,39189,2834.8,604,4664,1498,8537,18338,28616,7527
2009,11,23,41306,36226,95413,55889,96941,2834.8,4848,1682,3189,8868,40286,19262,1840
2009,11,24,42670,32559,72953,52967,17274,2834.8,2648,3593,1336,8694,63901,26877,40234
2009,11,25,28061,75858,51542,45157,4396,2834.8,3772,2052,2457,9185,17940,19397,19880
2009,11,26,86452,69141,77432,80994,3571,2834.8,801,1239,1134,5105,15557,17549,17718
2009,11,27,65339,44558,21143,3028,15092,2834.8,4904,4503,2253,5810,18670,48000,1397
2009,11,28,17677,44785,60053,56486,80322,2834.8,882,1773,2133,9665,47766,11398,27993
2009,11,29,3736,83568,13295,70364,8674,2834.8,4264,1482,4761,7062,19494,19442,45205
2009,11,30,93155,89647,64357,86761,37444,2834.8,4760,1472,1294,9390,27957,26826,35369
2009,12,1,20193,93600,2643,89858,57718,2526.58,4944,2637,4344,5062,82662,44548,19698
2009,12,2,34572,89378,34310,26331,99121,2526.58,836,1014,4871,5202,42562,10488,39163
2009,12,3,23710,30387,51745,84875,58344,2526.58,776,3535,3522,9378,84745,12592,28572
2009,12,4,29076,94690,20230,28420,74998,2526.58,4319,4568,3620,7268,52250,15490,19244
2009,12,5,79144,88088,29212,99015,10684,2526.58,606,4392,2159,8702,35618,26854,21774
2009,12,6,67274,92355,55391,72149,51733,2526.58,4740,1624,1176,5314,25579,26173,40136
2009,12,7,90565,14899,52095,99185,54880,2526.58,3277,4023,2431,9982,49389,19467,4345
2009,12,8,40614,86348,70212,59125,75051,2526.58,2330,3675,3184,7720,30823,16268,5831
2009,12,9,64208,81916,47076,15385,53237,2526.58,2909,3800,1058,6646,59337,25136,39007
2009,12,10,14349,98967,25512,23132,67807,2526.58,2598,4771,2600,5630,83895,19002,41254
2009,12,11,34993,36226,27679,49529,60299,2526.58,796,1724,1769,9223,72593,10005,8502
2009,12,12,84583,30504,70159,4840,40507,2526.58,1327,1206,4813,8191,94338,28971,45848
2009,12,13,29445,53289,53743,7045,82451,2526.58,2399,2442,1782,5558,83322,16864,37638
2009,12,14,94931,15471,7723,51700,11047,2526.58,3057,1266,1646,9144,15254,17677,30316
2009,12,15,10415,13147,55236,71580,51338,2526.58,550,1572,4214,8594,16742,13382,49574
2009,12,16,8282,96578,35460,14848,16655,2526.58,1712,2936,1218,5786,79636,11650,35134
2009,12,17,86102,57694,57279,13273,22261,2526.58,2301,4026,3595,5082,20605,19762,24098
2009,12,18,18463,37508,52067,37677,8152,2526.58,692,1432,4173,7503,47631,17502,22597
2009,12,19,42638,29344,30117,9594,51482,2526.58,1243,2583,1262,9756,67207,38761,26105
2009,12,20,35323,64509,87788,38918,33397,2526.58,838,1858,3603,9106,11782,36754,24745
2009,12,21,34866,61580,19539,20392,69083,2526.58,3922,3071,2865,9038,37664,14346,17170
2009,12,22,11495,25260,18282,11644,86485,2526.58,1756,3158,2700,9096,77076,16097,1841
2009,12,23,95640,3631,67956,74243,65900,2526.58,2348,2117,1773,6886,53860,37207,23843
2009,12,24,80409,92783,81632,9626,78174,2526.58,656,4667,1824,9924,17663,13743,19296
2009,12,25,26798,84420,1903,9499,55316,2526.58,595,2306,3960,9902,41549,31212,28979
2009,12,26,97,35250,98330,51870,48489,2526.58,868,3896,4971,7060,54873,39496,2190
2009,12,27,22708,45197,29165,83615,70154,2526.58,3710,3303,2598,5612,22801,19265,13180
2009,12,28,60943,64749,86573,59903,91003,2526.58,1114,1099,4722,5795,59320,28210,44474
2009,12,29,7985,81102,73459,69309,68162,2526.58,3804,1748,4880,8650,90835,10033,28332
2009,12,30,17500,54546,73337,81451,20158,2526.58,715,1099,2237,7287,57354,34592,12490
2009,12,31,31761,98469,92044,27836,54265,2526.58,2397,3600,2465,5856,64260,16978,1364
2010,1,1,89418,24200,80420,60090,15036,2920.61,2589,1874,1198,5391,22442,42631,40454
2010,1,2,76107,19894,36221,79747,77248,2920.61,2858,2068,4207,5693,62684,30571,20813
2010,1,3,44444,57637,29389,90300,38250,2920.61,2190,2666,1918,7610,16458,18305,12719
2010,1,4,34416,98049,20590,64557,73440,2920.61,3539,1806,4277,6112,45644,22876,43032
2010,1,5,13277,73503,64945,42485,45549,2920.61,4407,4991,1617,5147,96642,12446,43981
2010,1,6,47866,93833,83885,51136,87795,2920.61,4440,2209,2392,6382,12502,25831,4344
2010,1,7,49414,43010,41730,45043,19122,2920.61,2919,2398,3580,9215,74882,39128,3726
2010,1,8,59549,30642,45472,61166,15789,2920.61,2383,1910,2297,7619,31141,40092,42114
2010,1,9,21963,16934,62302,40707,23316,2920.61,1538,4081,4781,9248,34123,43902,31772
2010,1,10,94698,52043,92653,88278,67611,2920.61,3757,2158,4527,9228,18730,46667,33887
2010,1,11,31342,38411,26674,99991,72382,2920.61,726,1400,4747,9566,51402,14415,7815
2010,1,12,508,84293,3497,25289,58912,2920.61,543,4960,1014,8195,58237,39976,37620
2010,1,13,62083,1995,17135,92962,91223,2920.61,4629,3915,1571,5318,38906,15304,38162
2010,1,14,40469,78989,76000,31568,97725,2920.61,982,3232,3045,5830,39872,36957,27402
2010,1,15,3451,25416,73270,25817,3612,2920.61,792,2045,3501,5862,91358,41076,31508
2010,1,16,87440,30988,79992,80363,13642,2920.61,666,1874,1190,6690,18381,28314,35250
2010,1,17,65420,80716,42899,93465,46547,2920.61,1773,1348,4538,6774,92164,44501,32772
2010,1,18,1551,7957,42899,51404,57235,2920.61,2479,1025,1596,8823,41387,11590,34258
2010,1,19,40425,87054,98404,71015,25071,2920.61,681,1986,3852,8579,10102,26750,16785
2010,1,20,57703,97080,43099,82242,83475,2920.61,3094,1376,1854,5993,52780,49508,1615
2010,1,21,20251,61612,10534,1847,66787,2920.61,4788,2211,1330,8192,78225,30395,1921
2010,1,22,44977,93907,87238,75181,68839,2920.61,1930,2892,1958,5550,41485,34449,37544
2010,1,23,62995,84581,85826,55269,70574,2920.61,4776,2175,1569,6674,25373,33355,4958
2010,1,24,83582,55163,6919,55259,83355,2920.61,2006,4682,1638,9243,19863,30592,35145
2010,1,25,43139,88146,23486,44113,99527,2920.61,4913,3872,1814,7091,34141,11338,31323
2010,1,26,2049,55270,60003,34970,86932,2920.61,4677,1864,1890,7947,42123,40244,35377
2010,1,27,59444,94130,1279,54847,49725,2920.61,1790,2862,1288,6538,53326,41517,37494
2010,1,28,72951,14593,36742,55205,61684,2920.61,3032,1478,2504,8782,31405,29435,20883
2010,1,29,86115,82435,16300,43005,40382,2920.61,4600,4825,3903,7102,71023,34979,24775
2010,1,30,38373,22814,27842,80364,30794,2920.61,3232,3743,2112,9958,75299,40147,47521
2010,1,31,62209,83332,86583,4713,84071,2920.61,4147,1542,1714,6799,29541,40803,17988
2010,2,1,29142,56981,26830,46373,28004,1484.75,4745,2168,1002,5870,97961,14118,11809
2010,2,2,19694,18057,31987,11020,93357,1484.75,3227,3039,1222,8594,77109,43055,38486
2010,2,3,28440,63647,59829,11591,93188,1484.75,4516,3680,3963,6345,85053,15798,16984
2010,2,4,74506,86151,69136,80508,67611,1484.75,772,3655,1505,8719,14674,44861,17097
2010,2,5,87205,4255,87901,12273,98547,1484.75,664,3337,1142,6058,54928,18218,31363
2010,2,6,48492,40797,93228,22455,37142,1484.75,773,1646,1574,6260,17022,14745,44633
2010,2,7,9709,8888,84753,11214,57608,1484.75,1074,4811,1366,5382,73435,34931,15780
2010,2,8,91690,45115,78269,53050,76623,1484.75,3948,1958,1406,7064,63919,43837,49549
2010,2,9,28161,21045,71837,25295,63657,1484.75,1391,3365,1172,7496,15030,13188,30343
2010,2,10,23276,7006,24353,59661,33685,1484.75,4591,1725,4254,9211,11126,35876,14140
2010,2,11,55113,35075,77342,61809,84954,1484.75,1998,4465,1206,7678,71112,17340,7613
2010,2,12,74177,77504,32031,79758,85000,1484.75,4298,4626,1318,6134,84286,12718,32962
2010,2,13,14142,95230,48080,73396,794,1484.75,623,2257,1983,5938,34065,11936,25558
2010,2,14,76930,72416,41403,71939,66250,1484.75,603,1730,1369,8986,36535,15452,12515
2010,2,15,28300,95834,32348,970,95836,1484.75,2323,1328,4567,7046,99724,11712,32987
2010,2,16,47312,25348,33970,74295,44665,1484.75,2582,1593,1802,5526,93531,23052,34388
2010,2,17,72851,40487,79830,95573,19473,1484.75,3293,2771,3549,7998,48740,24384,16365
2010,2,18,84979,72416,50714,45899,44170,1484.75,2610,2832,3488,6350,98478,12638,16790
2010,2,19,42320,1062,74746,99122,61398,1484.75,2173,1210,1990,8355,46172,44587,34629
2010,2,20,34720,65818,8712,63270,17810,1484.75,4005,4140,1219,8630,81390,40388,7452
2010,2,21,54212,89001,98222,62701,46933,1484.75,852,4251,4112,6950,88373,41862,13052
2010,2,22,91579,26899,58815,33046,45254,1484.75,3985,1325,2155,5402,75946,21316,21339
2010,2,23,76500,96304,56809,22719,67375,1484.75,4459,2937,2199,8074,10342,40483,38199
2010,2,24,57084,16491,79736,87549,39793,1484.75,4410,2722,2710,8224,80768,39316,34461
2010,2,25,59563,74754,85642,63070,77450,1484.75,4385,1230,4242,9622,93019,15946,27940
2010,2,26,95745,22479,95907,39296,66511,1484.75,4779,4945,1484,5866,27493,35529,12896
2010,2,27,10327,6904,33253,38037,61480,1484.75,3704,2393,1070,5697,15094,48926,14021
2010,2,28,23637,1201,69227,14232,58747,1484.75,3551,4490,1075,8924,10138,33937,28598
2010,3,1,39918,23884,59443,65784,67729,1769.35,2461,1978,3224,6849,52463,17202,44973
2010,3,2,90555,6210,30074,36252,23024,1769.35,1240,4223,3225,7686,99321,26823,29000
2010,3,3,79023,70165,94251,79833,80303,1769.35,3537,1571,4775,5968,18902,10042,44541
2010,3,4,14304,11168,93488,8880,58017,1769.35,2475,4922,3512,7810,17526,15784,12304
2010,3,5,92900,93767,32112,7478,590,1769.35,4300,1936,4300,9814,75795,14602,47785
2010,3,6,5795,85685,51174,40570,38665,1769.35,4425,4319,2398,9264,78199,21767,19880
2010,3,7,47920,12027,36690,32784,75928,1769.35,671,3826,4333,9134,76303,14922,4216
2010,3,8,36919,76956,60887,71220,88211,1769.35,2173,4004,3718,9699,50926,43734,3034
2010,3,9,55931,26704,63054,53330,12320,1769.35,838,1982,4631,7170,93022,45558,7605
2010,3,10,32354,33694,30737,96687,22828,1769.35,2961,1098,1699,5199,47317,19666,23393
2010,3,11,8233,49491,15267,63303,35542,1769.35,2036,1472,4247,6442,44801,21566,32545
2010,3,12,94047,69898,81806,63678,48035,1769.35,587,1739,4873,5362,19566,14053,41181
2010,3,13,96069,87740,40152,12768,42939,1769.35,2677,2522,3310,9295,47177,38852,37469
2010,3,14,31840,4214,96677,57439,57008,1769.35,722,2406,2726,7038,31083,42112,41478
2010,3,15,84695,73024,88853,25920,45700,1769.35,4972,1767,1369,8502,70886,45659,48631
2010,3,16,33944,4916,29534,87255,54211,1769.35,2458,2401,2276,9134,59839,20635,26711
2010,3,17,46964,71549,38042,74690,65063,1769.35,3153,4756,3500,8050,75675,20551,19126
2010,3,18,70636,82001,62319,73357,12124,1769.35,744,1067,4472,5042,49673,25034,49557
2010,3,19,57964,42132,27437,71592,47618,1769.35,2227,1874,1470,8886,15854,40237,3628
2010,3,20,65746,85127,6346,40598,57133,1769.35,1148,4119,1522,6942,17476,42496,48374
2010,3,21,89376,69196,54916,43848,50449,1769.35,3881,4764,3071,5348,12707,10688,4589
2010,3,22,16298,54935,21621,7825,51556,1769.35,4414,3652,1302,6142,74250,32204,23594
2010,3,23,85485,35399,26324,82210,75218,1769.35,1058,4592,4347,5973,16888,46147,10152
2010,3,24,50563,93673,37264,29986,6343,1769.35,674,3991,1257,8646,46815,22812,49972
2010,3,25,18593,11230,6466,43665,98342,1769.35,2220,3825,1113,9800,82387,15374,30716
2010,3,26,45048,73446,72275,90747,35771,1769.35,1893,2684,1486,8294,32670,13432,47066
2010,3,27,90481,73345,52424,11738,68343,1769.35,4550,3286,1902,7367,63302,17628,49239
2010,3,28,4435,5523,8987,36900,90419,1769.35,4582,1817,1170,6856,42563,16941,7726
2010,3,29,30275,45809,35978,21013,86318,1769.35,4444,3149,3343,6448,19578,26686,18648
2010,3,30,2458,5790,46325,29278,29509,1769.35,4438,3942,1262,6860,70841,21919,9628
2010,3,31,71151,31776,73737,68674,48633,1769.35,1966,3906,4812,7943,16270,31129,32652
2010,4,1,67067,90632,81287,70286,95519,1529.87,2742,2659,1308,8110,47167,30276,24325
2010,4,2,56459,81110,11778,36236,68303,1529.87,3738,1398,3785,8763,65062,22789,33698
2010,4,3,27082,43969,67602,65025,76591,1529.87,2967,3656,1436,5606,30293,19846,15083
2010,4,4,9931,3036,68891,80580,21408,1529.87,2207,4218,3518,8985,46805,31821,32410
2010,4,5,39035,86896,98252,79172,12011,1529.87,1960,4091,3633,9561,20468,14902,13314
2010,4,6,84645,8436,60232,56710,10394,1529.87,2941,1326,4911,6376,17255,47671,40525
2010,4,7,25594,94464,58242,55464,99801,1529.87,3636,1558,3294,7578,34357,20304,5047
2010,4,8,15201,2671,59397,38834,22232,1529.87,4056,3227,4651,5639,96289,15045,29865
2010,4,9,6164,20583,35370,16076,13766,1529.87,854,1430,3439,8339,27526,13239,18977
2010,4,10,59738,81163,34778,68032,33051,1529.87,4688,3250,1805,8178,87084,10388,19136
2010,4,11,60301,42493,49969,81304,58133,1529.87,1348,1304,1839,8069,96722,46956,46258
2010,4,12,17047,93173,69020,96838,31512,1529.87,1429,1249,2707,9718,75632,10757,46546
2010,4,13,80342,80321,75361,68499,60757,1529.87,986,1056,1288,5207,18712,45772,28797
2010,4,14,7817,15061,76421,74656,79483,1529.87,2963,2880,2667,6982,19444,14178,39495
2010,4,15,53528,2499,5428,47588,13706,1529.87,3344,1622,2732,7418,78897,19394,47413
2010,4,16,12501,74137,92250,50142,35696,1529.87,913,3511,2374,9362,34518,21856,10962
2010,4,17,11829,22482,51089,94496,95817,1529.87,550,1400,3304,6805,13282,43361,10806
2010,4,18,44218,71628,3760,38302,21684,1529.87,3142,1082,3144,5392,17029,17688,32657
2010,4,19,96354,79295,68703,38728,17981,1529.87,1935,4808,2054,8023,40655,37870,3221
2010,4,20,5182,82033,19918,68486,28838,1529.87,3198,3054,1179,7858,11356,18438,33201
2010,4,21,80967,20851,26103,54111,6243,1529.87,4302,2596,2426,8722,57675,40406,43132
2010,4,22,83930,34612,86567,25984,78987,1529.87,850,4167,1220,8438,69004,20795,43574
2010,4,23,33323,47203,43850,70854,29161,1529.87,614,1078,2408,6170,80588,15002,21558
2010,4,24,15655,76243,33951,54433,40600,1529.87,1190,4528,2589,8226,66863,21575,41627
2010,4,25,57682,47069,5744,99639,63543,1529.87,876,3217,3302,5150,84070,33814,41100
2010,4,26,18545,30491,93941,10953,3014,1529.87,955,3667,2123,9905,73099,24074,40881
2010,4,27,67884,642,64955,10473,14750,1529.87,3400,3782,1966,8070,88420,17568,31818
2010,4,28,61595,75207,88349,16249,22194,1529.87,566,1484,4261,5814,68042,22274,38772
2010,4,29,17588,93998,57294,1063,70255,1529.87,574,4490,1033,6390,81314,12134,30393
2010,4,30,21908,29715,50917,33497,16562,1529.87,2275,4508,1800,6976,10756,19440,5690
2010,5,1,27172,10178,5009,37526,78220,2766.03,966,3568,1866,6174,75175,47673,43636
2010,5,2,97663,29666,95059,87753,10980,2766.03,1011,2046,3109,9507,89959,13798,7194
2010,5,3,68136,84468,11046,65112,11577,2766.03,858,3747,2015,8902,76272,12758,46838
2010,5,4,32206,47738,90156,33135,20264,2766.03,2159,2926,2699,8898,22030,10070,31683
2010,5,5,49411,48043,28429,73873,23902,2766.03,4022,2036,2855,5710,73499,30783,18389
2010,5,6,78258,24358,69531,1625,12929,2766.03,3211,1134,4892,9718,94619,46507,12156
2010,5,7,7753,91779,64434,35452,349,2766.03,972,1110,1726,8910,56334,24759,36465
2010,5,8,37299,26710,83149,56506,8130,2766.03,2289,2738,2357,6352,17482,26637,6648
2010,5,9,35327,23927,88123,61571,49997,2766.03,3078,2748,1754,5032,93199,15154,32743
2010,5,10,75328,33,73684,42538,18943,2766.03,2297,2592,3078,6797,45450,31207,46370
2010,5,11,73445,49092,299,87154,22263,2766.03,3790,2589,4939,7682,35511,44935,4662
2010,5,12,1008,43590,52684,91880,32454,2766.03,804,2780,2266,9487,50318,31209,12235
2010,5,13,35857,83968,70154,25288,765,2766.03,1494,1130,1046,6298,77714,19661,31956
2010,5,14,44158,91505,93603,89097,9770,2766.03,776,1562,2703,6142,19008,21508,29114
2010,5,15,15301,34813,29289,93920,40652,2766.03,1480,2859,1277,6562,18146,13393,45959
2010,5,16,93590,40994,3955,90988,64138,2766.03,648,3295,1762,8510,97391,15646,48021
2010,5,17,49717,97776,42775,38772,67194,2766.03,568,3846,1594,5919,92765,37245,11783
2010,5,18,1879,84246,46458,14508,62231,2766.03,2901,2171,1202,8207,79511,36086,14604
2010,5,19,62580,90160,94382,84808,10763,2766.03,1805,1942,2251,9580,15601,39445,8125
2010,5,20,21363,75881,4644,34310,81800,2766.03,2906,1238,4357,8736,14537,26587,13761
2010,5,21,15320,58791,65112,37268,23350,2766.03,3353,1866,1133,7734,87087,28247,44623
2010,5,22,42212,3894,55078,64463,63474,2766.03,528,1187,1558,5046,51848,28358,20679
2010,5,23,5015,56108,28388,19372,6823,2766.03,2311,2141,3066,7422,59409,15544,9277
2010,5,24,38397,99115,60048,89530,33202,2766.03,2777,1678,1028,9206,56226,30853,47136
2010,5,25,9886,26487,48393,56444,17741,2766.03,1153,2755,2700,5893,58478,29522,16594
2010,5,26,5170,70790,18017,39589,48212,2766.03,2355,2959,2891,7520,92489,26092,43778
2010,5,27,20891,76619,1505,88271,15825,2766.03,960,2061,1148,7744,98505,34661,24084
2010,5,28,461,16011,73769,73161,61904,2766.03,4035,3425,3036,7051,23013,17600,32248
2010,5,29,80829,36721,70560,73720,26828,2766.03,1164,2717,2370,8050,52339,38195,29401
2010,5,30,8104,87815,46609,25025,71683,2766.03,4686,3494,2476,6918,78007,39379,45114
2010,5,31,65702,47043,39157,85091,50446,2766.03,4042,1273,1594,5953,21344,16852,28522
2010,6,1,37509,22492,24077,87882,74831,1723.53,984,2645,1926,8142,50679,36697,28624
2010,6,2,97048,55526,14174,30502,33533,1723.53,2555,1926,4061,8004,47371,37583,19906
2010,6,3,83040,94997,19178,55345,16342,1723.53,2050,1678,1574,9086,58082,41272,27599
2010,6,4,59751,70420,53918,51335,7781,1723.53,3032,4827,1473,8850,35328,26358,20949
2010,6,5,88463,64236,23285,97525,78233,1723.53,1459,2623,1314,6988,32968,48345,20657
2010,6,6,14587,56371,68548,31029,87498,1723.53,2300,3600,3400,5148,14934,21180,42982
2010,6,7,13518,19319,26008,6343,37877,1723.53,2700,1338,1923,5985,40214,36508,27689
2010,6,8,42994,41674,14132,24998,78662,1723.53,4695,4600,4822,9198,56980,23671,13452
2010,6,9,67576,79281,87272,97329,88202,1723.53,4860,3070,2876,7014,24412,25752,18559
2010,6,10,54909,73466,18444,13184,29451,1723.53,4691,3795,1354,5910,30144,45344,8658
2010,6,11,43627,69840,4945,79801,94434,1723.53,3472,3361,2556,7095,75689,45757,11925
2010,6,12,25654,10550,63828,79883,87770,1723.53,1986,4029,3057,7014,72213,23859,4593
2010,6,13,49088,21905,29007,49419,2080,1723.53,1114,2058,1398,6059,41858,12264,9151
2010,6,14,44336,45331,34489,1893,52427,1723.53,4001,4431,3431,8372,90665,15114,26530
2010,6,15,48774,62653,16583,43183,53082,1723.53,3393,2168,2051,9626,67938,45483,38796
2010,6,16,87902,29054,7542,33244,11465,1723.53,723,1608,1082,6563,57691,29860,15752
2010,6,17,99446,38046,90644,52877,82227,1723.53,866,2351,3961,6734,13780,47042,31310
2010,6,18,48510,90279,15564,91914,2678,1723.53,2396,1930,3906,5186,56526,40370,33502
2010,6,19,27041,62250,96171,54475,18813,1723.53,686,3257,3258,5350,87485,13682,20214
2010,6,20,38992,14267,54188,99305,57629,1723.53,2698,2490,2702,8261,14403,20379,27425
2010,6,21,28116,51800,77311,57022,29441,1723.53,2392,1480,2437,7134,10955,47601,33837
2010,6,22,63776,77994,82212,88387,19324,1723.53,918,4666,1286,5762,73970,24295,19697
2010,6,23,43187,86670,96786,10890,14931,1723.53,2620,3045,4339,5158,16419,25131,11189
2010,6,24,41471,13812,81612,70260,23726,1723.53,2861,3852,1912,5238,92238,22587,8919
2010,6,25,86121,3814,13607,2788,85928,1723.53,2082,4113,4245,7744,56354,11066,37577
2010,6,26,1408,70328,64926,97099,61610,1723.53,3581,4432,1507,6454,89691,12742,31345
2010,6,27,45464,23905,55438,48728,40329,1723.53,2666,2801,4192,5118,45588,20119,14028
2010,6,28,5202,39023,15586,95799,29242,1723.53,1326,1306,2266,5218,44098,20228,21940
2010,6,29,80301,82680,56013,8161,19224,1723.53,4744,1038,2312,5181,46117,42640,12056
2010,6,30,95562,33785,1794,79754,51409,1723.53,1225,1609,1403,7270,52408,15644,47382
2010,7,1,70087,62645,12369,69043,23095,2261.32,4343,2125,1312,7503,57701,33367,48949
2010,7,2,17248,38740,85680,48782,1210,2261.32,694,1345,1465,6799,11042,10199,44673
2010,7,3,23025,75716,96603,21187,44476,2261.32,1288,1836,2595,9206,99956,30690,28600
2010,7,4,68957,49300,69168,6621,23155,2261.32,4987,1634,1960,8106,11078,33169,26869
2010,7,5,36692,66229,34515,99509,39381,2261.32,4707,2404,1382,5334,83591,40161,3620
2010,7,6,51262,74880,21076,75209,11240,2261.32,2250,1547,1682,5702,12698,19682,21032
2010,7,7,34639,93155,66590,16599,1526,2261.32,1119,3216,1056,6985,37725,10436,38477
2010,7,8,20606,63785,89194,66292,86447,2261.32,2805,2707,4015,7734,29268,41606,22785
2010,7,9,47616,51519,88154,34298,42937,2261.32,980,2575,4474,6862,10525,18886,41321
2010,7,10,48255,42998,40569,19312,9983,2261.32,4747,1939,4782,8940,29583,11228,44646
2010,7,11,8077,2389,15289,88444,28973,2261.32,934,1587,1074,8202,27236,10736,44557
2010,7,12,59523,87722,49291,60350,47500,2261.32,2701,1518,4164,9621,15065,29147,26168
2010,7,13,30620,61165,92439,5402,96458,2261.32,2981,1780,1532,8269,25681,19733,22022
2010,7,14,59178,5731,46321,55253,90286,2261.32,1967,1159,2629,6257,42860,41481,23557
2010,7,15,52425,21914,37236,71590,57888,2261.32,2088,3506,1168,9526,10259,17964,18653
2010,7,16,47901,93241,79864,88662,7863,2261.32,4747,2039,3978,8606,38643,34263,21897
2010,7,17,10977,65611,16776,4958,58220,2261.32,1438,1298,2901,7356,98585,11586,9636
2010,7,18,68678,15674,44295,31199,41552,2261.32,730,1616,1004,6390,94465,18874,20906
2010,7,19,8287,85565,71752,52266,6632,2261.32,2880,3959,3709,6007,38917,16928,26747
2010,7,20,95644,85356,77573,93545,85382,2261.32,684,1670,3182,9978,12934,16086,42510
2010,7,21,97236,8137,71890,94085,94527,2261.32,3796,2813,3270,6899,71430,41254,32707
2010,7,22,13646,90663,41566,22355,26671,2261.32,635,3665,2190,6424,48561,33923,30483
2010,7,23,75718,14246,70686,252,40576,2261.32,2689,2810,1750,7518,31894,41308,22295
2010,7,24,69990,47043,10474,38261,33942,2261.32,866,3939,3918,7576,10610,15588,31904
2010,7,25,619,8281,54254,99161,7841,2261.32,3083,4909,3411,7546,10870,23986,2815
2010,7,26,42415,99203,28149,39197,70134,2261.32,505,1046,3437,7330,94734,14766,10043
2010,7,27,55587,56953,21318,44505,60737,2261.32,806,2706,2243,5646,76866,40083,23964
2010,7,28,49864,76302,39993,83275,30070,2261.32,2260,3836,2059,5408,44384,42192,6506
2010,7,29,61803,91242,98667,85240,48573,2261.32,3970,4158,1705,9494,48662,27441,43402
2010,7,30,20603,25107,21500,69199,55804,2261.32,633,1342,4666,7942,88940,21088,48366
2010,7,31,38484,46201,9925,10543,47961,2261.32,4086,4762,1902,7752,11354,10474,20661
2010,8,1,70325,14633,44212,66964,79647,2500.16,2566,4752,4504,6764,76907,15748,38005
2010,8,2,82398,82574,98889,64376,87866,2500.16,4210,1698,1252,6104,98377,16912,19977
2010,8,3,31543,24492,78815,99296,35846,2500.16,3152,2521,1118,7363,89485,49918,39289
2010,8,4,41721,77052,21023,51225,50168,2500.16,900,3916,1014,8676,13292,34719,47930
2010,8,5,94310,48855,35137,40562,11312,2500.16,2474,2853,4357,6288,58500,26554,33514
2010,8,6,41930,51654,49077,62202,5369,2500.16,3472,2088,1234,9494,14664,15779,38562
2010,8,7,97425,6463,14696,94279,80796,2500.16,3998,1457,4546,8278,48370,20857,44340
2010,8,8,64001,5845,80063,38358,58486,2500.16,4911,1766,1568,7984,78967,11936,38564
2010,8,9,52549,73792,75378,84513,73287,2500.16,1643,1430,1503,7691,64988,43651,40042
2010,8,10,42031,60339,85109,67929,74474,2500.16,578,3473,1360,5200,93182,30512,33479
2010,8,11,40116,74446,47279,46684,4786,2500.16,4971,3685,1389,5718,58198,12064,42598
2010,8,12,56743,24842,76738,69598,22533,2500.16,4600,1840,3416,9426,65195,18492,8078
2010,8,13,14540,70334,47715,86567,71886,2500.16,2078,2000,1693,5734,75035,36478,7249
2010,8,14,23306,50007,10165,56047,16708,2500.16,2073,4801,1824,5162,59398,14792,34715
2010,8,15,29593,55352,45708,48009,20060,2500.16,2249,1910,2587,5290,37516,19472,27255
2010,8,16,94916,70947,97825,26609,51655,2500.16,4439,1312,4218,5955,63710,11860,22860
2010,8,17,90670,42137,45727,32929,97299,2500.16,2720,1890,1827,9779,91250,13239,21477
2010,8,18,87035,64852,80542,84622,86167,2500.16,902,2433,1454,8270,24042,14032,18059
2010,8,19,57483,19834,64676,96701,42141,2500.16,3977,4161,1052,8510,82089,34172,28386
2010,8,20,52532,79811,11063,45712,39590,2500.16,614,1623,3516,5843,27597,36035,18666
2010,8,21,90254,98044,83469,95611,82666,2500.16,3973,1246,3695,7306,36847,35835,23863
2010,8,22,78386,22177,34997,65260,53232,2500.16,4431,1536,3248,8038,67826,11378,33439
2010,8,23,79159,43129,95814,79028,15324,2500.16,566,1164,1453,8530,17539,20470,23411
2010,8,24,72394,86513,60619,32441,36513,2500.16,3276,1249,1998,9624,96508,39225,13818
2010,8,25,3063,45940,11341,32663,22786,2500.16,1852,3295,3646,7665,97322,20322,29167
2010,8,26,37428,62385,92252,75233,27268,2500.16,702,4660,2654,6320,32100,15518,9791
2010,8,27,86491,66729,96768,22485,52706,2500.16,3061,2119,1144,9402,19158,28352,43277
2010,8,28,34921,22987,13001,89920,20652,2500.16,994,3078,4059,9998,49662,16326,10323
2010,8,29,78635,45365,15987,91289,18038,2500.16,1806,4527,1167,9925,43363,14966,14439
2010,8,30,63202,71425,72344,18770,27179,2500.16,3473,3451,1463,6473,68370,37114,43478
2010,8,31,53149,44964,11545,42208,13808,2500.16,3533,2441,2923,7038,11638,40960,11207
2010,9,1,73240,45488,19181,43165,88851,2388.7,1366,1626,1748,5978,15250,35225,19405
2010,9,2,54961,98609,18042,97787,66979,2388.7,934,3293,3052,6292,42100,10610,21508
2010,9,3,68027,50894,99886,75250,50975,2388.7,3262,4213,2684,9802,83729,41534,40846
2010,9,4,1848,90096,84514,9948,47935,2388.7,1525,4247,1926,9566,17033,20256,38319
2010,9,5,1074,67968,14902,478,77461,2388.7,2440,1838,4246,7325,37087,41572,23354
2010,9,6,34524,350,32138,37208,99145,2388.7,822,2344,2314,9607,43643,20248,15867
2010,9,7,34278,55169,5848,21204,1087,2388.7,2811,3512,2199,5434,35341,34659,22881
2010,9,8,12418,29134,46498,53016,22812,2388.7,4587,2334,1174,6162,10893,15782,49937
2010,9,9,25295,55988,33127,63961,85595,2388.7,4209,4871,3290,6408,57426,15729,26771
2010,9,10,79290,65238,594,86489,4302,2388.7,2500,1718,1420,8004,86085,16954,35935
2010,9,11,33935,30673,61566,50573,40101,2388.7,2706,1610,4798,5833,29355,30392,38811
2010,9,12,8956,79917,66617,57246,36326,2388.7,2974,1966,1274,9919,34806,26285,24043
2010,9,13,75855,22307,59357,57275,72657,2388.7,2857,2942,1114,5774,89866,32566,45442
2010,9,14,44585,72573,14314,89383,88406,2388.7,1127,2360,1289,5496,70958,17942,10022
2010,9,15,26786,10285,40933,48770,50205,2388.7,510,2410,4397,8832,16036,37053,42092
2010,9,16,79853,93894,9996,72319,49668,2388.7,4885,4251,3786,9198,99986,27191,16214
2010,9,17,95572,36114,90905,51862,38857,2388.7,827,1993,3498,8112,30763,38702,28215
2010,9,18,10204,5819,81113,40953,56582,2388.7,3006,1433,2393,8716,17514,14130,47149
2010,9,19,86920,13638,67665,75706,49188,2388.7,4248,1111,1990,6504,12972,25323,17651
2010,9,20,54719,90152,57317,43218,8264,2388.7,3271,4818,1601,5736,75771,33182,4432
2010,9,21,9237,20130,19617,16631,90835,2388.7,3690,2753,3357,7706,53458,23896,28369
2010,9,22,25357,39060,85008,61824,15564,2388.7,2146,1158,1680,8936,13499,45450,14332
2010,9,23,15247,28123,80270,41849,23859,2388.7,630,3095,2521,8054,49725,49707,22393
2010,9,24,89367,39768,77462,64076,97475,2388.7,4324,4182,1330,5683,16246,15222,47272
2010,9,25,36368,54505,72177,57203,48968,2388.7,2652,4214,1501,5852,22414,20360,2028
2010,9,26,55314,47445,19808,64187,8444,2388.7,3894,4161,1312,7707,94589,39477,35885
2010,9,27,4979,98914,95013,7662,20949,2388.7,4555,2315,1874,8083,14517,32194,12371
2010,9,28,16463,17171,12761,62964,16444,2388.7,4675,3109,3970,9482,52295,23765,35175
2010,9,29,55367,32542,54280,97371,90249,2388.7,3199,1579,4133,9136,19240,11534,15221
2010,9,30,93286,28796,58750,76513,43231,2388.7,3706,1044,1788,7818,39007,39584,39619
2010,10,1,5036,27694,88315,90870,96341,2882.06,1236,1942,4063,9958,35482,14283,28433
2010,10,2,29510,47062,44769,10426,66302,2882.06,3710,1448,1302,7414,71030,10921,46202
2010,10,3,5281,47075,34062,43099,2435,2882.06,2442,2469,2690,7109,98338,30383,23646
2010,10,4,81894,60927,75618,80957,37237,2882.06,1591,3098,1740,6359,93523,23518,27452
2010,10,5,52561,13586,84968,90216,10161,2882.06,1136,1790,1562,5197,74891,38210,22350
2010,10,6,25196,7334,62032,59238,60795,2882.06,4620,2687,4000,6386,39995,15186,26722
2010,10,7,9042,1587,90687,99907,7946,2882.06,3424,1858,4147,9496,67073,24307,1134
2010,10,8,47094,84562,56100,82870,19759,2882.06,2431,1305,4676,9462,20543,15470,30991
2010,10,9,76184,10164,74511,46536,91754,2882.06,4124,1598,2444,9630,17052,13492,14506
2010,10,10,45373,90477,49952,75872,65221,2882.06,1530,3665,2937,5268,11534,16222,33377
2010,10,11,3621,48966,15354,58297,64780,2882.06,502,2314,2412,9266,15430,16690,35897
2010,10,12,95487,57975,71312,27931,19137,2882.06,1023,1730,3839,7870,73083,10411,38364
2010,10,13,704,89614,89077,18642,62244,2882.06,4041,2215,1864,8798,40511,47058,1232
2010,10,14,40292,46982,4374,19056,11611,2882.06,3220,2096,3901,7134,51378,34389,24576
2010,10,15,49247,68754,15251,44438,36081,2882.06,4849,1784,4299,7860,71777,22894,4686
2010,10,16,10889,60819,55110,93168,65213,2882.06,934,1855,3953,7678,40910,36915,11973
2010,10,17,1879,30483,10364,780,91366,2882.06,702,1963,1847,6770,11278,32927,11742
2010,10,18,71457,22603,19712,82108,32880,2882.06,694,3767,2306,6462,53287,33871,41489
2010,10,19,38435,9866,55727,13740,87169,2882.06,655,4046,3471,8214,89825,34837,12990
2010,10,20,89113,41346,91801,35960,24469,2882.06,3886,2276,2155,9910,10735,15035,9554
2010,10,21,62791,65737,25155,31450,8551,2882.06,650,3336,4658,8438,77075,41826,28442
2010,10,22,50388,94083,80873,93860,5102,2882.06,3696,1140,4747,6848,46524,19215,37050
2010,10,23,46403,81763,97844,94910,53065,2882.06,4944,1720,1342,5099,47304,49216,8579
2010,10,24,79893,28977,62553,904,66375,2882.06,2729,1762,1142,9954,10621,10336,5980
2010,10,25,77004,55670,82081,21751,92518,2882.06,2317,1114,1718,5160,50181,29783,28605
2010,10,26,13739,26478,11991,4405,27929,2882.06,4972,2821,4622,5058,17458,20996,25647
2010,10,27,54857,17806,87759,4919,7760,2882.06,1433,4763,4048,8513,22865,12918,48380
2010,10,28,3470,30184,34542,30188,51696,2882.06,1322,1786,2552,8312,10198,10970,1075
2010,10,29,13959,22516,79654,34933,21392,2882.06,929,1247,2535,6262,81165,30294,38378
2010,10,30,8420,73951,31410,78820,32464,2882.06,3089,2284,1630,8983,82472,10050,4276
2010,10,31,10058,8795,50644,37610,63460,2882.06,4442,3769,1412,9095,28702,13444,3187
2010,11,1,50984,89693,16361,61023,87210,3127.5,793,2512,3064,7790,26327,48691,46655
2010,11,2,39055,78613,49502,64390,61085,3127.5,4447,1230,4002,8408,66041,22188,18359
2010,11,3,37851,76164,14242,26947,21218,3127.5,771,2200,3729,6976,49574,37291,27686
2010,11,4,138,35369,14804,94554,32686,3127.5,4596,3091,4742,9097,52481,47178,41131
2010,11,5,43809,26929,99762,12811,55337,3127.5,1350,4539,3317,5591,36485,29534,32155
2010,11,6,9629,73609,68087,43359,27092,3127.5,2001,3580,4381,7246,54486,16598,17662
2010,11,7,69287,14083,90158,89030,39533,3127.5,2559,3340,1846,8672,96150,41255,42639
2010,11,8,828,47501,67147,59145,29444,3127.5,646,4071,3591,6244,98781,37034,3632
2010,11,9,40779,95783,96967,26512,23939,3127.5,3577,3225,1887,5087,98606,21419,1453
2010,11,10,77726,1166,4760,63645,36191,3127.5,1251,2017,1113,8397,12513,10556,17262
2010,11,11,8381,67545,65980,18324,7015,3127.5,724,4144,1895,8675,90656,17186,31114
2010,11,12,20129,35586,10412,18368,70673,3127.5,4786,3398,1534,7246,28394,12724,9018
2010,11,13,78159,65998,16094,59272,70747,3127.5,1179,4126,2503,8662,13801,19517,28608
2010,11,14,49624,69159,83663,42872,54186,3127.5,526,1340,1255,7638,18074,46928,40671
2010,11,15,95838,65171,61679,22372,26068,3127.5,1448,4225,2421,7541,79848,43167,6425
2010,11,16,46149,82380,38646,58653,50891,3127.5,4521,1036,2956,8183,43384,42141,2447
2010,11,17,85206,3442,82808,11462,90262,3127.5,3389,1098,3362,6419,24822,49429,8192
2010,11,18,92844,26271,20008,65265,43812,3127.5,4783,4960,3587,6866,64964,49477,49856
2010,11,19,32227,59486,49991,70183,54022,3127.5,3675,4226,3168,5958,67039,13750,43376
2010,11,20,69675,75429,89529,43037,78200,3127.5,3817,1042,1972,8824,36306,12694,14351
2010,11,21,95033,77442,7097,93620,40870,3127.5,3096,3095,4249,6182,59629,18270,38413
2010,11,22,2814,38306,73850,15983,16140,3127.5,4412,1636,2669,5292,45201,10868,40889
2010,11,23,55996,4020,81912,12968,99196,3127.5,3751,4227,2011,7199,87846,19232,34570
2010,11,24,25612,47295,58681,89862,56734,3127.5,4483,4546,1614,9378,75528,22754,18310
2010,11,25,55574,11293,74920,4595,52938,3127.5,1814,3932,1998,5558,21899,39687,36474
2010,11,26,81000,52004,50268,93011,89203,3127.5,3594,1166,1760,7274,21027,16996,4466
2010,11,27,55585,61863,18040,28551,76548,3127.5,1304,2120,2564,5162,53066,40501,9921
2010,11,28,29050,84881,15786,85894,14959,3127.5,1932,1924,1040,8826,10648,11594,4038
2010,11,29,46666,266,59113,48426,37541,3127.5,3270,4476,2002,5266,38026,18549,30140
2010,11,30,67582,55684,67022,21499,48260,3127.5,3351,2308,1319,8284,63201,10546,36440
2010,12,1,5134,64939,20567,13686,86610,3166.9,710,1875,1273,5127,40767,37764,32161
2010,12,2,48398,50244,46119,6059,88270,3166.9,3640,3952,3040,5990,17136,13446,31020
2010,12,3,39842,85872,22152,83979,65425,3166.9,3504,1910,2423,9070,19350,25384,41133
2010,12,4,67584,77298,62260,75209,2425,3166.9,2972,1652,4621,5443,56879,24243,3027
2010,12,5,6463,46872,18196,70856,58362,3166.9,1686,4555,1366,6358,14885,10759,43112
2010,12,6,17675,13391,14022,90098,32461,3166.9,972,1686,3265,8196,75251,10689,30969
2010,12,7,63472,54577,61511,33094,96372,3166.9,2336,2833,1613,7562,90040,12662,34742
2010,12,8,84995,61728,70882,30330,71917,3166.9,2440,1894,4157,7813,96039,47969,35768
2010,12,9,18782,77874,64366,27047,21967,3166.9,4087,1778,1896,7826,34882,23267,5969
2010,12,10,66691,42219,26102,48304,455,3166.9,982,1800,4220,8215,48481,32489,16142
2010,12,11,93983,22274,88432,9492,10087,3166.9,2461,1822,3696,8178,88617,10742,34472
2010,12,12,94147,42705,2452,21044,74654,3166.9,4310,1344,1818,6763,12008,12710,37335
2010,12,13,2906,43334,14512,13478,51550,3166.9,966,1072,1094,8806,71375,11704,12993
2010,12,14,85222,28837,56925,63918,67015,3166.9,931,2512,3246,9734,98555,29251,45542
2010,12,15,53421,42867,20596,49326,29630,3166.9,3387,3886,1280,5806,62364,37829,42948
2010,12,16,55892,74683,99714,57510,75433,3166.9,4213,1316,1276,6137,40922,49642,21089
2010,12,17,71680,38206,77155,76278,37941,3166.9,528,2712,4928,9934,73389,30909,42063
2010,12,18,51776,51778,46149,38056,44676,3166.9,2237,1918,4546,7830,74427,24979,24865
2010,12,19,79391,43642,51985,95667,69779,3166.9,1660,2809,3816,8814,50438,18108,9260
2010,12,20,97229,22320,25822,32157,14796,3166.9,4418,2922,1984,7702,20977,12015,49211
2010,12,21,16783,29567,28934,32681,37869,3166.9,2659,2258,3354,5996,29276,49484,19714
2010,12,22,1608,40937,23647,65424,46104,3166.9,4884,3331,2755,5705,91840,27550,24085
2010,12,23,41268,37611,10473,8608,29529,3166.9,622,1310,3720,5907,78990,31589,47803
2010,12,24,85621,3003,48848,65327,95351,3166.9,4811,1957,1678,9628,78732,47867,44477
2010,12,25,45246,78617,57552,58002,20674,3166.9,1903,1941,2001,9534,70548,16529,49392
2010,12,26,76531,7523,79192,70251,89782,3166.9,1839,1638,2535,7039,40728,22885,24534
2010,12,27,77868,71892,86195,13280,43053,3166.9,2499,3298,4895,5050,46299,30569,14928
2010,12,28,50794,48203,42511,54147,76931,3166.9,2027,4812,3284,6218,40063,43065,29411
2010,12,29,40752,58255,18468,34640,41646,3166.9,2524,4512,3791,5174,49144,13698,25549
2010,12,30,91351,92996,11495,51246,78046,3166.9,1814,1590,2347,5478,99336,15630,7794
2010,12,31,36439,86364,85443,89723,52582,3166.9,2788,4684,1464,7607,44323,16228,41858
2011,1,1,68201,93975,23300,78272,43119,1392.1,4621,2465,2989,7218,30510,32134,46496
2011,1,2,85386,75701,70834,76062,75037,1392.1,2500,2751,1906,8918,30332,13763,36464
2011,1,3,51363,56369,30228,18971,693,1392.1,3477,3892,3663,7134,63515,16276,4690
2011,1,4,64624,49489,10599,38965,86707,1392.1,2450,2091,4512,8284,64505,40900,7461
2011,1,5,44748,77006,18652,33006,95580,1392.1,3121,1942,1703,9700,82264,38747,15336
2011,1,6,30742,60742,23992,45757,78871,1392.1,3889,3493,3346,6782,98810,40053,37507
2011,1,7,4652,86261,28497,70516,44545,1392.1,1415,1298,1358,6418,55001,31938,43002
2011,1,8,11754,34475,45233,49810,44176,1392.1,4908,1268,3237,8900,37025,17107,27497
2011,1,9,32759,57267,26954,86106,4459,1392.1,2510,4109,3375,8118,79625,39272,25764
2011,1,10,64009,7393,11269,66719,53812,1392.1,3656,1916,1498,7990,48077,11271,16270
2011,1,11,37737,52987,52540,42327,98239,1392.1,785,2002,3183,9090,33453,17641,5917
2011,1,12,11206,75964,93103,39582,63323,1392.1,3853,3682,1472,8374,10400,16635,39080
2011,1,13,22743,75410,64904,39839,85650,1392.1,2461,4738,2319,6353,98416,30557,12982
2011,1,14,92270,40554,27906,71805,9645,1392.1,4445,2201,3674,8900,76782,16996,11360
2011,1,15,37980,21988,60679,50804,78461,1392.1,2438,2555,2840,9398,73745,48489,21080
2011,1,16,11676,91208,4580,93995,77561,1392.1,4551,1181,4901,8808,57986,19545,2996
2011,1,17,80168,13784,23099,33843,62684,1392.1,2190,2015,3220,7869,67818,33033,16234
2011,1,18,15301,85258,66941,78141,83952,1392.1,2981,1262,1892,7561,89620,25804,40686
2011,1,19,66909,80524,28339,26810,99332,1392.1,2706,1712,1459,5805,46045,45495,36325
2011,1,20,52039,13236,12511,6611,57457,1392.1,995,2756,1937,5880,67248,15888,30329
2011,1,21,63622,10231,61515,11866,74144,1392.1,2670,1051,3009,6008,84213,47341,1135
2011,1,22,68685,13272,59545,85144,49077,1392.1,1990,2466,3824,9500,40429,42633,5590
2011,1,23,6182,96425,81742,88119,19361,1392.1,728,4333,1154,7522,11198,49715,48991
2011,1,24,99361,65221,7119,63722,31229,1392.1,1062,1264,1920,9846,17760,36383,7684
2011,1,25,92548,14751,3851,27725,24252,1392.1,724,1784,2055,8422,34902,26415,44280
2011,1,26,51089,21614,92101,26661,69840,1392.1,2727,1112,4871,9846,49272,16100,3300
2011,1,27,7530,76688,48717,28485,47294,1392.1,4868,1193,1227,5070,83917,21830,16477
2011,1,28,95702,4275,68615,52757,6373,1392.1,524,3813,1482,7624,15446,11321,19869
2011,1,29,57276,9554,96873,42148,9400,1392.1,4599,3280,2831,6640,78117,36477,46145
2011,1,30,89793,9338,42671,71020,44408,1392.1,2849,1460,2213,5882,18442,14370,42940
2011,1,31,97684,54741,27399,39166,8718,1392.1,1838,1994,3777,9206,16288,29528,44225
2011,2,1,82739,12809,65391,22407,7278,1872.29,2198,1614,2241,9569,77373,20180,18220
2011,2,2,8771,33834,17394,86586,59403,1872.29,4268,4142,1081,6878,22859,25305,37332
2011,2,3,6625,5205,45435,86688,29696,1872.29,4246,3786,4123,9282,51192,11400,24963
2011,2,4,79209,79743,94368,22802,79312,1872.29,4334,3081,3278,6727,74666,47680,38093
2011,2,5,30411,58935,28175,61493,98721,1872.29,3149,1410,2590,9882,92032,18350,17387
2011,2,6,56251,21279,31072,10374,32267,1872.29,3126,2826,2005,8845,50628,15346,32264
2011,2,7,86938,59963,62102,41568,3042,1872.29,4247,4804,2054,7558,27648,27126,36768
2011,2,8,51161,97150,48824,23751,12086,1872.29,2387,3336,3485,9811,95061,27104,40856
2011,2,9,88427,83188,71283,66785,98385,1872.29,4452,1674,3224,6554,43241,17618,21911
2011,2,10,39674,98842,67423,51728,82616,1872.29,854,3775,3571,8068,73877,20657,45071
2011,2,11,1238,32617,88994,96075,22428,1872.29,3178,1718,3594,8932,77638,48330,1658
2011,2,12,32724,18443,5,47301,4997,1872.29,4918,4670,3439,8692,12749,41054,43247
2011,2,13,60115,24308,91182,68686,68338,1872.29,4342,4574,4026,9384,82000,36454,31411
2011,2,14,95095,5180,63661,95041,15993,1872.29,3370,1222,1092,9727,12367,47441,7651
2011,2,15,52974,77286,58464,11413,25978,1872.29,3818,1091,1872,9999,71129,46561,37565
2011,2,16,41410,60472,82488,71788,71512,1872.29,3241,1605,1018,8253,77997,16150,14488
2011,2,17,45904,71368,83431,38349,97447,1872.29,789,1706,4435,9814,78183,31764,45798
2011,2,18,98169,63354,34209,26393,39705,1872.29,2953,1113,1626,5440,52901,14714,5338
2011,2,19,69929,77495,20277,55947,82101,1872.29,4309,4355,2345,7739,82703,49791,14626
2011,2,20,53537,34845,66564,59324,61801,1872.29,1088,4969,4452,5296,86361,14156,11099
2011,2,21,46986,9316,61623,29146,14756,1872.29,2817,1035,3369,9445,56982,13652,30876
2011,2,22,34072,31292,51178,36417,5383,1872.29,1207,1110,1382,5550,34594,46877,1934
2011,2,23,63870,25683,23199,4674,67331,1872.29,3829,4315,1579,6803,43460,32686,25913
2011,2,24,77679,26278,83723,2401,62076,1872.29,4221,1146,4699,6518,32562,10081,7057
2011,2,25,10632,85122,85352,12061,87893,1872.29,588,3113,1979,8488,72786,45661,19946
2011,2,26,40753,57968,59977,92332,4772,1872.29,854,2449,2418,8739,84849,24493,19790
2011,2,27,32148,94072,20640,36847,54470,1872.29,1927,1452,4675,8631,93512,42567,19554
2011,2,28,84929,85155,27033,46909,99995,1872.29,2569,1502,2785,8898,33077,12556,49819
2011,3,1,24447,45007,67458,99539,46208,2860.87,1685,1142,3942,8532,11100,48496,41952
2011,3,2,31812,8905,53172,80443,18770,2860.87,752,3923,4122,8631,15698,10594,12091
2011,3,3,21201,44664,13078,6451,94093,2860.87,578,3538,3344,5200,18076,49551,41987
2011,3,4,70899,49763,56183,99841,34647,2860.87,3336,1457,2538,7859,46900,11307,33635
2011,3,5,79950,28624,15231,35424,57255,2860.87,715,3454,1366,9910,10126,24254,35500
2011,3,6,12132,12747,9146,81828,91694,2860.87,1378,2591,3335,7834,62432,27981,27222
2011,3,7,37547,77121,94440,30086,61333,2860.87,2744,2633,1314,9327,93057,43568,7692
2011,3,8,24827,125,38375,21342,36622,2860.87,1947,3752,2378,8806,46931,44071,39632
2011,3,9,64667,28311,23016,58002,98575,2860.87,2335,1121,1114,6262,82558,13216,1800
2011,3,10,70818,40303,14238,73484,45982,2860.87,2051,1626,1046,7138,92149,26744,23647
2011,3,11,27762,20449,41849,96492,41542,2860.87,1914,1207,2090,9929,80560,15664,38781
2011,3,12,81729,82896,68138,93353,96022,2860.87,4955,3190,2350,8854,56673,13354,1402
2011,3,13,4191,90077,24140,60666,78207,2860.87,2409,1944,3089,9257,19734,10982,32641
2011,3,14,68038,59373,33542,1480,39303,2860.87,3496,2382,3349,6562,30734,25722,14102
2011,3,15,68682,97043,8914,76032,77587,2860.87,714,3129,3367,9854,58794,16573,31939
2011,3,16,18847,12556,72541,88288,91813,2860.87,4269,4850,1454,5630,77681,40024,24999
2011,3,17,63265,11178,43760,76614,12812,2860.87,3687,2844,4239,7600,73875,31826,40846
2011,3,18,25892,19590,96308,14259,5796,2860.87,831,1998,4008,6752,45633,25820,21454
2011,3,19,44722,44904,52023,95444,94066,2860.87,1820,3681,1772,5579,66646,20044,29705
2011,3,20,52777,85335,84241,57017,29287,2860.87,806,1486,4057,7853,69435,16204,8116
2011,3,21,39307,66619,73551,23315,19990,2860.87,982,1062,4087,7732,76506,24504,19185
2011,3,22,13566,78327,48187,70799,40258,2860.87,2195,4385,1518,5770,66401,45805,14833
2011,3,23,15904,37948,983,26313,5801,2860.87,2516,1846,3388,9706,84772,39730,36771
2011,3,24,51604,16612,70793,32043,473,2860.87,1546,4037,1976,8742,19142,32233,47299
2011,3,25,2270,74735,7972,18788,16171,2860.87,944,3425,3672,7738,74737,34472,24373
2011,3,26,68698,33606,95932,38438,66025,2860.87,3167,2627,2314,8960,49669,14138,30704
2011,3,27,62611,72569,28176,4588,60005,2860.87,3172,3625,1826,9214,13765,11914,45716
2011,3,28,1869,94710,1397,30541,76637,2860.87,1364,1685,1091,7295,16475,42115,42486
2011,3,29,74352,44643,26096,88018,43603,2860.87,2156,1213,4684,6683,27152,41041,42117
2011,3,30,92399,30325,19667,29201,41469,2860.87,3523,3336,4493,9920,90228,37481,33432
2011,3,31,92406,71593,15520,34849,48889,2860.87,3316,4591,1636,9411,27608,36591,31995
2011,4,1,46117,59157,42565,92801,86309,2050.9,1550,1632,4623,7102,58100,19407,33606
2011,4,2,45627,17789,13901,61899,8017,2050.9,655,4609,3252,5504,44849,15246,17734
2011,4,3,48821,793,91884,18232,44753,2050.9,1110,1748,3982,8674,83669,40290,44827
2011,4,4,38632,1572,6923,74608,48675,2050.9,4014,1314,4163,8542,72550,23532,31376
2011,4,5,42000,43206,19494,41605,48710,2050.9,1850,3881,1486,5085,32112,26238,30695
2011,4,6,9912,44576,33460,13894,99602,2050.9,4183,3233,1974,7458,12840,11254,33481
2011,4,7,8834,73207,10731,24349,63825,2050.9,2880,2175,2837,7460,63779,41547,33281
2011,4,8,64420,36983,5429,62258,2068,2050.9,3496,3331,3468,8307,42224,48069,3894
2011,4,9,71789,62761,52655,6841,90219,2050.9,3270,1642,1404,8010,39751,12710,31847
2011,4,10,17281,3985,73757,60118,87710,2050.9,3016,2129,1748,9797,14386,18588,3888
2011,4,11,60043,19235,37621,74863,57543,2050.9,4283,4330,3956,7782,52522,49174,46197
2011,4,12,40137,75793,80930,11542,26145,2050.9,3121,3424,4665,6468,19893,28726,20682
2011,4,13,7118,4263,80856,14339,94060,2050.9,4979,1842,1666,7599,45315,18918,11595
2011,4,14,73797,34599,50405,32753,76537,2050.9,3279,3025,1422,9208,44566,37566,19279
2011,4,15,16242,24040,80991,57259,77270,2050.9,985,4386,2850,6394,15076,48261,17237
2011,4,16,94787,55057,18715,41968,49008,2050.9,3041,2803,3627,6902,71908,41516,14030
2011,4,17,49077,86540,24542,60500,82100,2050.9,3065,3341,4498,5408,55599,36767,35460
2011,4,18,28997,41585,87506,66847,41130,2050.9,926,1840,3990,5846,94234,22997,18935
2011,4,19,14203,57277,62154,29182,87075,2050.9,2049,1150,1952,7942,13001,19051,1686
2011,4,20,63402,11068,17393,89253,6476,2050.9,2371,1914,2280,9877,18606,38409,39345
2011,4,21,15164,33777,40678,89154,83950,2050.9,3502,4503,3539,7007,43684,11965,34912
2011,4,22,57421,97087,64469,94373,75029,2050.9,3424,4782,3536,7168,44034,11363,27470
2011,4,23,36513,36406,46835,83794,32635,2050.9,3554,2797,4279,9231,53302,49580,15504
2011,4,24,80496,98158,14084,5387,5165,2050.9,2352,2585,2558,8172,56957,12586,24121
2011,4,25,75642,86734,33721,80531,50255,2050.9,1893,3118,1864,5080,86911,45850,44107
2011,4,26,20584,91819,60001,36216,21050,2050.9,795,2896,1459,6231,23283,32976,13303
2011,4,27,40352,40636,95562,27910,55160,2050.9,1847,1610,1956,6920,27682,22210,18871
2011,4,28,51027,19577,25329,14243,91009,2050.9,814,1591,1670,6582,64158,15632,28593
2011,4,29,83396,99955,75709,11208,66186,2050.9,4183,2888,1966,6096,67149,11137,48992
2011,4,30,24967,73997,58290,96923,47269,2050.9,978,3295,1900,6574,12537,12908,35973
2011,5,1,22631,24500,26168,9076,5011,2884.03,2471,4964,4686,5110,87501,25029,33979
2011,5,2,80566,26742,47360,36662,93891,2884.03,2979,4238,3138,5046,31507,19110,8497
2011,5,3,26739,29803,41011,3904,58692,2884.03,3308,2674,1121,9475,13508,16131,20271
2011,5,4,19807,15573,21096,95845,51955,2884.03,874,2519,1689,8233,85532,11931,24949
2011,5,5,93083,79865,46171,26221,87471,2884.03,1682,4208,3831,9044,18112,48874,27678
2011,5,6,89315,27773,12901,436,63601,2884.03,2919,3406,1574,6006,95602,14146,19651
2011,5,7,95316,66477,36049,63357,1063,2884.03,1640,1002,4149,7810,53068,21619,37934
2011,5,8,81840,14751,35828,22023,50147,2884.03,2248,1634,4416,5078,72599,44368,20292
2011,5,9,69800,5519,77775,21374,75886,2884.03,1254,2552,1205,7303,50908,23619,23377
2011,5,10,31589,92549,84116,65738,96711,2884.03,2356,4901,3285,9535,16923,18431,37184
2011,5,11,26180,54173,74244,56948,4322,2884.03,1315,1918,3713,5441,28197,44598,46843
2011,5,12,35170,69453,32151,91375,63108,2884.03,4993,4695,3311,5460,76784,21373,49411
2011,5,13,2644,80493,16276,87281,36380,2884.03,2063,2558,3722,5326,35857,24395,49551
2011,5,14,75854,87173,14868,44567,32614,2884.03,4164,2783,3869,7666,75509,41976,9418
2011,5,15,53429,56856,3024,61740,22316,2884.03,3113,1311,1226,9388,28591,46678,29808
2011,5,16,48939,67008,75590,69014,79666,2884.03,4760,1046,4971,9266,12022,47584,11447
2011,5,17,398,5601,31720,29267,43267,2884.03,1242,1695,4084,8540,74786,11034,7230
2011,5,18,20425,57900,44063,97076,73640,2884.03,910,3930,1013,8214,24295,35678,39007
2011,5,19,13494,34056,91198,28465,75036,2884.03,2400,1758,3234,8250,18822,13010,7634
2011,5,20,47702,42293,69548,11786,66558,2884.03,4536,3333,3585,9912,13366,42225,44335
2011,5,21,80310,10515,47508,36323,12561,2884.03,3352,2405,1724,5901,87221,30893,21803
2011,5,22,3536,95975,56326,16770,20095,2884.03,4621,4147,4668,5521,95932,36226,27377
2011,5,23,36208,26821,5912,54793,18124,2884.03,3369,3432,3186,7078,34754,12098,6321
2011,5,24,99031,39460,20857,4889,35361,2884.03,2133,3895,4051,9630,72016,40497,8078
2011,5,25,52187,77991,24645,71856,69864,2884.03,4433,1070,1766,5654,60862,48224,36929
2011,5,26,3017,24233,96658,52555,51461,2884.03,4653,1994,2222,5509,71731,22583,47764
2011,5,27,59939,73865,77831,80343,48675,2884.03,2191,1732,1092,8188,72716,30404,16200
2011,5,28,15117,47150,36475,95218,43846,2884.03,4794,1862,4272,6451,99416,11476,13689
2011,5,29,70567,30422,72577,57790,65931,2884.03,1724,2221,4523,7318,22563,49549,10660
2011,5,30,73458,59755,16763,33999,37943,2884.03,754,4411,2979,7170,80980,13177,39479
2011,5,31,47270,90775,76392,17894,13578,2884.03,4978,4144,2581,5118,58285,38511,25808
2011,6,1,71362,47085,24089,78620,69648,2440.43,2077,1518,1630,9738,14838,46231,23639
2011,6,2,99535,85812,15563,33115,66793,2440.43,1735,3918,1482,9268,15422,47290,45092
2011,6,3,54608,4345,19872,83515,78982,2440.43,3079,1398,3171,7168,45313,15646,24735
2011,6,4,37159,97391,19925,93911,16171,2440.43,1493,1418,2136,8408,48818,10570,36326
2011,6,5,33500,61907,95552,54983,76536,2440.43,3624,2494,1670,9704,31008,15428,15752
2011,6,6,45934,4089,82123,34105,17609,2440.43,3275,1118,4826,8199,81380,14706,27436
2011,6,7,80877,37875,73053,19366,42635,2440.43,997,1133,1094,6548,47467,43015,38223
2011,6,8,52300,16092,40511,88747,20939,2440.43,4174,3224,3310,6296,17328,25918,37871
2011,6,9,13733,25604,13389,54911,70156,2440.43,2258,1031,3995,6678,86748,41629,44770
2011,6,10,56237,27747,67763,56366,64295,2440.43,4380,2946,2673,6242,38044,18612,15231
2011,6,11,94114,58572,68189,2424,61220,2440.43,4694,1303,1120,8082,46213,47627,35517
2011,6,12,69204,74824,65011,18199,92838,2440.43,4827,4074,4505,7894,10888,10151,1760
2011,6,13,9173,71172,9450,73198,77415,2440.43,1809,2879,2417,6349,90302,33636,13847
2011,6,14,11867,51349,74941,39339,9432,2440.43,1965,4986,3681,7930,13185,21518,37506
2011,6,15,70087,39365,70593,49592,33307,2440.43,1095,3830,4907,7614,32028,23673,42384
2011,6,16,15743,90190,61553,38160,16540,2440.43,3148,3405,4555,6186,84095,45338,18207
2011,6,17,50594,21061,40325,95627,39388,2440.43,2145,4474,4226,8188,75417,42532,19862
2011,6,18,12826,1513,17716,92733,69762,2440.43,1405,1016,1284,7957,23663,39175,16096
2011,6,19,12516,61812,33933,32071,91252,2440.43,2408,3196,1786,7733,53823,44827,18028
2011,6,20,87595,70969,20654,13173,91410,2440.43,2057,4234,3935,9772,96966,33696,46071
2011,6,21,55868,79724,69200,28504,24033,2440.43,2679,1548,2377,7963,68618,28628,9215
2011,6,22,85992,62380,36826,41431,80113,2440.43,2609,4058,4320,6534,97231,35729,7001
2011,6,23,69334,69289,89965,99621,75413,2440.43,3316,2631,3006,8867,76134,14086,3283
2011,6,24,78083,10166,59939,65460,78130,2440.43,890,1918,1882,7265,21902,37400,28558
2011,6,25,20618,74513,87811,14938,64127,2440.43,666,3459,1372,6982,49431,12445,1394
2011,6,26,10266,32748,10077,9624,17968,2440.43,3013,1049,4080,5914,77860,23561,2564
2011,6,27,37862,38301,4034,45150,51918,2440.43,2549,2534,3152,6711,87471,47278,42289
2011,6,28,38106,4491,47091,25139,11473,2440.43,2584,3089,4269,8034,47712,47236,46522
2011,6,29,32928,97079,59638,62009,90031,2440.43,569,2891,2150,5955,73040,10419,37498
2011,6,30,48244,21942,32955,81396,58653,2440.43,3673,1757,1267,5763,21896,19092,36778
2011,7,1,25833,7182,67907,56197,71247,1438.06,4124,3324,1131,7484,58354,44980,15143
2011,7,2,53054,2598,37131,75361,75638,1438.06,3603,3930,1856,10006,72582,33633,47551
2011,7,3,25,85693,24902,25788,23941,1438.06,4424,4772,2526,9350,11946,38772,10346
2011,7,4,63825,11445,73449,54956,78929,1438.06,1288,3334,1512,9770,23694,42740,48155
2011,7,5,67321,47299,56671,30529,68649,1438.06,4162,3672,1297,5415,10812,10484,45606
2011,7,6,65761,91589,21362,99639,23920,1438.06,4763,4095,1078,8211,75403,34054,43682
2011,7,7,26367,91692,98741,93470,61462,1438.06,1210,1142,1085,9232,75662,21085,22436
2011,7,8,54838,89825,56111,2487,61592,1438.06,2723,3703,3510,5436,43342,48781,16923
2011,7,9,39119,48106,2878,10597,42669,1438.06,4650,1574,1323,9743,78856,47784,28281
2011,7,10,82179,15067,92919,84616,24299,1438.06,700,4136,1109,7270,97974,10834,34934
2011,7,11,95085,72051,12757,69948,67487,1438.06,3728,2956,1120,7957,33552,29576,6099
2011,7,12,82590,94556,64963,68913,54299,1438.06,3049,1476,1958,9306,37443,49535,43819
2011,7,13,27253,93144,95024,18363,4955,1438.06,2415,1526,1814,5782,69985,48886,42998
2011,7,14,72623,55067,71843,9530,43024,1438.06,4105,1236,1302,6870,10877,20600,5396
2011,7,15,14239,43927,23429,89476,86247,1438.06,734,3498,4014,6737,48212,25320,10872
2011,7,16,9735,35628,91712,91135,35800,1438.06,1372,4773,3114,8214,34302,42490,28049
2011,7,17,49962,39761,34456,66264,10181,1438.06,1863,1550,4259,6643,46597,41857,45333
2011,7,18,37515,68312,5356,7882,85049,1438.06,4553,1135,1104,5086,18222,15406,19921
2011,7,19,85666,58642,82472,18780,3208,1438.06,1269,3169,4238,5724,35784,49418,33127
2011,7,20,91058,89001,56541,96669,65644,1438.06,4877,4510,2801,6584,43743,22850,19491
2011,7,21,96505,43297,83986,2053,50914,1438.06,1102,1578,2599,9862,71709,30806,2607
2011,7,22,8053,82980,50328,97291,45056,1438.06,3060,2464,1464,5952,65484,14224,36113
2011,7,23,5443,70362,92970,93245,96947,1438.06,1094,3450,1361,6431,11854,47274,36713
2011,7,24,85390,87958,205,62989,62884,1438.06,614,2287,1244,6826,15014,32652,21914
2011,7,25,29291,30342,85117,20755,16294,1438.06,2861,1736,1934,7183,31332,34260,1214
2011,7,26,23896,13779,27712,20257,80210,1438.06,3882,1206,3874,7158,44938,23109,5918
2011,7,27,88705,5085,10397,59949,48263,1438.06,2600,2552,3018,8148,98306,24312,11326
2011,7,28,44671,92521,12401,81985,79704,1438.06,1245,4950,2510,5078,56559,37719,43733
2011,7,29,16226,40442,19670,76453,57233,1438.06,4561,1882,1043,6310,11778,10678,14608
2011,7,30,53988,14838,28211,12007,8907,1438.06,1318,4928,1741,8718,51912,47796,42870
2011,7,31,58803,84510,67747,16313,61170,1438.06,776,3747,2451,7926,86551,18762,40658
2011,8,1,86113,620,73407,28775,22856,2290.68,4114,2692,2275,9030,62950,11496,24065
2011,8,2,13791,32879,63238,28861,1144,2290.68,2662,2004,1483,7958,79526,17198,27386
2011,8,3,90710,73274,49593,80762,59825,2290.68,1772,2288,1246,5178,14840,44101,4276
2011,8,4,49244,6530,98147,17871,34002,2290.68,4366,2791,1338,8955,93003,27822,27449
2011,8,5,36341,97018,46179,47824,17344,2290.68,4964,3052,1346,5908,88813,25153,25705
2011,8,6,70184,56938,53795,7782,98468,2290.68,1883,4062,4090,6381,81932,18091,11210
2011,8,7,43830,27651,65883,70509,36606,2290.68,4682,4297,2254,6958,37121,39597,25238
2011,8,8,86566,53438,97650,1896,19347,2290.68,3400,1772,4751,7102,13663,16446,36463
2011,8,9,41108,81899,22282,25198,64632,2290.68,3288,3460,3216,5522,78969,18918,20566
2011,8,10,760,10004,90472,73014,70865,2290.68,3962,3782,3733,6611,92029,33079,43945
2011,8,11,79426,85430,55314,39177,65329,2290.68,3747,1435,3578,6028,47985,48209,35329
2011,8,12,56594,91274,56670,21162,16797,2290.68,2335,3907,1994,9158,23273,49210,1991
2011,8,13,73103,2236,22993,86836,95200,2290.68,1267,4624,1803,7932,30153,32131,15022
2011,8,14,93261,43901,4919,76839,96281,2290.68,1399,4225,4177,8068,90387,27325,2904
2011,8,15,66412,29075,27585,44758,58233,2290.68,3967,1334,4445,6960,34521,14644,1726
2011,8,16,48334,70789,55621,65137,78721,2290.68,2267,3332,2377,8774,81522,17324,2126
2011,8,17,21442,22922,44236,65619,37343,2290.68,4295,3753,1846,6880,64862,38280,34623
2011,8,18,54090,58830,85967,39887,92142,2290.68,882,1930,1276,6503,11232,36348,20488
2011,8,19,94981,69232,74682,57359,37770,2290.68,2367,4210,4125,6602,41181,16467,6204
2011,8,20,27577,477,36573,7625,3709,2290.68,904,4150,1615,7510,14036,35109,1435
2011,8,21,68711,34920,25585,59987,27775,2290.68,2686,2754,3130,7367,96464,20899,47548
2011,8,22,9924,28833,46463,5401,5435,2290.68,3219,4363,4471,9214,56987,16370,37644
2011,8,23,8930,19245,82331,85545,67467,2290.68,2005,1176,3989,8941,12514,41763,12719
2011,8,24,76490,75202,30871,25972,28921,2290.68,3223,1630,2518,9685,60595,44305,27335
2011,8,25,47329,15167,43669,68152,22662,2290.68,1331,1590,1251,5013,33487,20070,17008
2011,8,26,4085,20493,56247,68074,49435,2290.68,1189,2275,3962,7059,84598,39234,18762
2011,8,27,50746,97822,44431,39617,57507,2290.68,3921,1186,1544,7892,89338,25557,21378
2011,8,28,10949,82022,7149,63553,73388,2290.68,3622,2471,2479,9868,45544,43265,40636
2011,8,29,24982,21734,85541,85296,45145,2290.68,4530,2242,2960,8960,68210,41819,20140
2011,8,30,56690,2132,79358,93234,96073,2290.68,3791,3372,1444,9194,86924,24104,18696
2011,8,31,49279,86899,17928,26758,26768,2290.68,518,3100,1557,7690,53396,13053,13472
2011,9,1,27927,91648,26368,63239,59858,1401.8,4927,3340,3895,9513,90764,48943,34539
2011,9,2,14657,14138,16013,23300,17414,1401.8,2577,4312,4395,9334,47431,16902,6469
2011,9,3,85710,15532,72128,57626,68928,1401.8,1031,3205,3180,8750,92795,19390,1534
2011,9,4,43289,29076,97731,23537,74941,1401.8,2479,4596,3984,8491,29247,11026,4848
2011,9,5,44960,1825,57062,35707,17511,1401.8,4924,3220,1376,8238,60845,21655,4493
2011,9,6,13586,93229,51214,73118,51980,1401.8,2507,1619,4435,6590,35155,14375,44009
2011,9,7,11438,23987,70324,46774,28830,1401.8,874,1190,2746,5882,25846,35257,49571
2011,9,8,93781,15772,38478,30157,94176,1401.8,1812,4112,3902,6060,97229,27233,15675
2011,9,9,63386,6090,88854,52822,29032,1401.8,3548,1820,4347,7754,19945,19066,40361
2011,9,10,19795,35820,99670,37542,25108,1401.8,2798,3888,2638,7627,65396,18165,25516
2011,9,11,59654,33561,92278,84908,36586,1401.8,2141,1323,3300,7346,85496,23683,5860
2011,9,12,7707,35397,30504,88406,39269,1401.8,4286,1690,3971,7920,12956,44079,16801
2011,9,13,39471,2107,62968,13462,46086,1401.8,1626,1486,1924,8502,90645,14861,28364
2011,9,14,12468,52787,47537,40768,36485,1401.8,802,1096,4781,7657,65300,40401,49385
2011,9,15,44458,79587,15817,63429,93542,1401.8,2507,4364,2230,6826,79177,43315,45125
2011,9,16,31543,60804,15406,9819,67412,1401.8,1031,4878,1582,8568,36997,11674,6052
2011,9,17,54305,67800,88570,39086,45457,1401.8,839,4913,3456,6650,69694,43349,3870
2011,9,18,73133,93554,92714,36715,80381,1401.8,1382,3274,4046,7178,38092,16457,21891
2011,9,19,67839,79124,12689,59381,84044,1401.8,2406,3348,2485,5975,93785,12941,49686
2011,9,20,29845,89625,69208,79653,17633,1401.8,3002,1538,3806,8298,27478,29186,38902
2011,9,21,3959,73861,57461,69357,35649,1401.8,813,4838,1028,9716,95570,25071,45553
2011,9,22,64540,82977,29772,82025,75304,1401.8,1317,1500,3181,6876,18582,47165,23558
2011,9,23,85778,40507,37930,34585,72575,1401.8,518,2884,1250,7880,62240,41268,15409
2011,9,24,65840,64406,27460,56868,79260,1401.8,3291,3798,2358,8062,42174,47661,23030
2011,9,25,17972,19844,19162,47506,66721,1401.8,4670,3849,2172,5210,19785,49746,36667
2011,9,26,14361,99909,58983,69981,70196,1401.8,2601,1034,1980,5678,18518,31239,21223
2011,9,27,44442,57546,41390,66800,51960,1401.8,813,1283,4758,9974,33788,36478,49916
2011,9,28,36641,28459,71681,13814,77411,1401.8,4911,3122,2725,8894,78103,27920,41466
2011,9,29,76469,72057,30308,78449,93469,1401.8,1039,4261,3458,7570,37413,15417,39562
2011,9,30,33696,18227,51701,53455,18201,1401.8,1284,1193,1651,7964,10934,24061,1841
2011,10,1,81270,32185,43508,36516,26640,2308.84,4336,1814,3087,8282,17040,15306,37781
2011,10,2,177,79129,21107,50309,16542,2308.84,4004,4767,1866,7630,69320,22768,2876
2011,10,3,26447,40514,19420,70764,41872,2308.84,1545,4492,2017,6404,76008,35008,43482
2011,10,4,4185,21697,50056,88624,45833,2308.84,1271,2360,4050,7468,12669,20592,24923
2011,10,5,36606,13026,21712,7534,83188,2308.84,1653,1980,2896,6073,96748,39767,41032
2011,10,6,75907,19646,29261,67924,86051,2308.84,4283,1586,3316,9338,95210,11010,21621
2011,10,7,60613,7834,67862,14663,57916,2308.84,1606,1754,4907,6646,34757,18902,46883
2011,10,8,14350,31411,35432,78599,47484,2308.84,3365,3389,3177,7964,15338,20579,32181
2011,10,9,51950,26948,77167,11618,12638,2308.84,3470,3249,2913,5354,17086,20828,38729
2011,10,10,14566,5871,81701,40825,29189,2308.84,550,4890,4220,5701,38488,11703,32810
2011,10,11,34234,23206,51446,18764,53536,2308.84,4342,1836,3761,5730,49806,31398,25462
2011,10,12,71589,83277,21001,855,84608,2308.84,1682,1058,1134,9735,56348,26675,25265
2011,10,13,2545,6619,36566,83117,8672,2308.84,1172,4257,1934,5244,78020,34497,41406
2011,10,14,54431,67363,6335,73192,50224,2308.84,942,3163,4416,7798,39017,40375,6141
2011,10,15,83559,27053,55900,31045,96788,2308.84,2719,1376,1806,5158,98800,10240,28600
2011,10,16,52042,9973,19498,83005,88942,2308.84,3853,3371,1232,6539,32915,31455,47518
2011,10,17,79032,53858,85971,18448,12152,2308.84,726,1428,2040,7425,43105,15179,24989
2011,10,18,76025,50826,97215,27594,27814,2308.84,2834,1207,2338,7376,95563,27631,46015
2011,10,19,37554,79417,71004,18786,85957,2308.84,1592,4987,4127,5134,99787,36278,3919
2011,10,20,77551,91314,81988,45943,55092,2308.84,1121,1115,2269,8336,75061,20083,41445
2011,10,21,20703,62896,32643,43042,86579,2308.84,672,4131,2621,8027,59268,19868,28206
2011,10,22,78298,25861,91270,52425,78424,2308.84,3702,2325,3721,7041,18268,15278,7409
2011,10,23,78487,45742,1281,87108,70430,2308.84,3542,1132,1186,6184,50525,42166,26342
2011,10,24,84390,37550,82651,8364,11930,2308.84,3292,1878,4131,9561,59003,28906,8271
2011,10,25,16970,14058,67584,32044,67452,2308.84,2207,2289,4297,6984,49396,34726,2204
2011,10,26,96181,89292,42211,51769,61828,2308.84,584,1217,1637,9289,54580,24918,9088
2011,10,27,67560,89225,81497,68043,15139,2308.84,3300,2107,1828,7142,80502,38360,40500
2011,10,28,49440,82711,650,13737,2550,2308.84,3463,3730,1386,7025,50498,17516,16398
2011,10,29,16114,60786,80086,62751,70075,2308.84,4020,2634,1998,5516,22028,21731,1018
2011,10,30,76017,85330,3840,46926,16214,2308.84,1637,1314,3403,9174,79389,35953,1398
2011,10,31,85036,44205,84684,40725,51230,2308.84,4592,2342,2319,8302,46444,48745,1534
2011,11,1,465,52732,78640,52334,74761,1470.07,4701,1574,1134,7978,92654,37607,1518
2011,11,2,9616,74659,71012,28254,70400,1470.07,3288,4603,4351,5974,82185,25884,23317
2011,11,3,61309,65880,38204,32338,28677,1470.07,735,4140,1032,9375,97825,30792,3302
2011,11,4,16099,42527,57234,3013,50505,1470.07,619,1022,1806,6550,88372,11297,49888
2011,11,5,51299,18014,42254,25650,88378,1470.07,1534,4686,1669,6089,98375,35345,24439
2011,11,6,59391,69112,80839,65424,34839,1470.07,2567,1882,1190,6153,53948,21694,28664
2011,11,7,2393,44568,48167,43291,22551,1470.07,4588,1670,1816,6396,15850,25633,2891
2011,11,8,53984,83737,25320,60653,89826,1470.07,2350,1146,4157,6386,47343,43995,23695
2011,11,9,71852,9911,94932,9394,62416,1470.07,1088,4808,1151,9254,16206,15053,15232
2011,11,10,82145,79039,55254,69401,92232,1470.07,678,2566,1191,6704,39571,11017,21104
2011,11,11,26751,51922,26586,35909,45110,1470.07,4903,3312,1542,9566,42706,28958,40281
2011,11,12,56419,23795,43767,82570,69401,1470.07,3974,2896,2255,9228,53648,11686,1865
2011,11,13,6684,98682,18406,77876,85386,1470.07,1006,2136,4897,8181,48044,21358,7977
2011,11,14,88462,44300,4671,5004,35487,1470.07,3961,1905,2522,7727,90826,23274,47377
2011,11,15,95945,71154,57524,59552,90382,1470.07,788,3416,1205,9974,91291,11590,11172
2011,11,16,24475,46536,40079,50724,61069,1470.07,2081,4529,3774,6218,70885,19894,4475
2011,11,17,6833,54847,8870,94356,98927,1470.07,3981,1222,2201,7856,87125,27582,16049
2011,11,18,69029,2515,90999,11586,69014,1470.07,4527,3487,1529,9606,60563,22598,48643
2011,11,19,433,82645,88480,49207,25749,1470.07,1171,2581,1136,5040,43288,45841,9365
2011,11,20,91089,43622,73416,78290,1479,1470.07,2223,1858,4406,9574,98443,48419,10541
2011,11,21,94569,37971,58260,56098,33929,1470.07,902,4361,2818,7064,99919,43567,18823
2011,11,22,59244,66091,92501,89807,57484,1470.07,1999,3571,2113,5414,43213,13591,2141
2011,11,23,85955,15437,16802,65362,11363,1470.07,3780,1870,1848,8391,62028,19847,31597
2011,11,24,7214,57076,70561,25033,56955,1470.07,4951,2550,2922,7616,38708,10405,20481
2011,11,25,62296,90709,75330,74409,16123,1470.07,4352,2077,1350,9294,83790,11693,18543
2011,11,26,69103,13923,67624,55022,2315,1470.07,4868,1768,3079,7154,50911,26385,29652
2011,11,27,32262,52215,8936,1536,46018,1470.07,3293,4664,4704,7254,15425,20826,47645
2011,11,28,38517,19778,89256,88847,57283,1470.07,539,1384,3320,9040,81405,11278,39398
2011,11,29,80519,72627,31514,99950,34408,1470.07,1335,3020,2343,6518,14662,13361,48778
2011,11,30,65619,29201,54378,20323,49175,1470.07,2501,4042,4579,6226,92889,13214,19803
2011,12,1,59781,89599,22179,94296,87357,1298.26,1166,1334,1364,8990,10741,40806,27813
2011,12,2,83803,10114,58151,85426,11021,1298.26,2395,1838,2240,8150,11504,28395,37864
2011,12,3,27924,9791,17975,41032,19032,1298.26,4889,3811,3491,8298,89459,40847,47541
2011,12,4,26232,80626,67182,18262,88093,1298.26,848,1895,4387,7148,57320,31759,44275
2011,12,5,87785,41068,71981,46378,45138,1298.26,4772,3060,3870,9098,30444,39253,44081
2011,12,6,6640,6686,34417,26483,88754,1298.26,2329,1336,1714,6966,65949,17900,23876
2011,12,7,11489,91370,80841,32228,91291,1298.26,3986,4075,1168,9306,41804,14148,4513
2011,12,8,46400,16577,46482,66622,42027,1298.26,2226,1718,4963,6642,91499,38716,26926
2011,12,9,80519,25181,36405,17723,42395,1298.26,3019,3882,3723,7728,19758,35013,2355
2011,12,10,94724,66449,80441,6656,35120,1298.26,3724,1518,1446,6870,64491,47199,22245
2011,12,11,3484,86718,62217,3447,43360,1298.26,3514,1902,1022,9846,74304,37643,20069
2011,12,12,47273,17324,7878,57348,41184,1298.26,3713,2258,3139,9153,58913,28258,26692
2011,12,13,77751,22638,26129,32923,49196,1298.26,1473,2678,1590,5042,72476,19751,6972
2011,12,14,95111,80991,9982,90359,42261,1298.26,4353,1780,1608,8583,63232,18296,34286
2011,12,15,95275,38298,11403,4766,77452,1298.26,4375,1553,4305,5503,17930,24852,36668
2011,12,16,98827,67302,27531,8867,92344,1298.26,3617,2453,2348,9910,94163,39608,16359
2011,12,17,89236,54870,61846,7197,39805,1298.26,2691,1398,3375,7270,56195,14366,25079
2011,12,18,97114,5571,45084,22771,97426,1298.26,2622,1251,3212,6046,10244,25555,15912
2011,12,19,57863,87,29361,71563,5038,1298.26,2522,1258,1096,9368,17820,14550,39876
2011,12,20,30799,16865,2331,10526,27310,1298.26,4056,4422,4095,9139,63544,27872,8526
2011,12,21,95051,61167,74124,28263,19023,1298.26,706,3236,1368,5881,64798,17068,45593
2011,12,22,55758,8674,27693,66854,98042,1298.26,4106,1598,3729,6436,55716,12086,11866
2011,12,23,94963,56125,46814,75410,85265,1298.26,3282,1666,2876,7524,24929,13806,10358
2011,12,24,39351,11451,136,51382,27333,1298.26,3449,4441,4958,10002,82646,17434,31286
2011,12,25,74359,16753,49543,53088,53190,1298.26,966,4503,2735,9194,56264,29351,21612
2011,12,26,49001,9547,76019,53229,69657,1298.26,538,1462,3749,6614,93091,12172,17300
2011,12,27,74252,61541,71875,80563,90386,1298.26,4913,4744,1273,6534,34183,24462,4522
2011,12,28,72420,9662,5318,66507,48305,1298.26,2210,2305,2480,8228,50533,23488,11583
2011,12,29,55528,27013,98847,629,19979,1298.26,1710,4230,4829,8584,91144,10215,41938
2011,12,30,83106,76058,41312,70732,43218,1298.26,1545,1282,1318,6863,98495,33460,25495
2011,12,31,94798,60706,47118,82278,15286,1298.26,2118,2164,1015,7782,87792,27346,14004
2012,1,1,44503,87929,49084,89440,79073,2029.1,3896,1481,1961,9627,14699,42456,25651
2012,1,2,87526,46688,43965,4389,45183,2029.1,537,2239,1798,8342,53876,21249,43777
2012,1,3,86285,41041,28617,57250,28834,2029.1,1503,4687,3890,5586,79126,39314,5963
2012,1,4,27590,84376,60797,94551,60355,2029.1,3358,2879,2182,7322,68619,33717,25496
2012,1,5,7452,84157,22309,48346,98324,2029.1,946,1928,2225,9134,58208,46058,26186
2012,1,6,70526,11064,52099,80768,13003,2029.1,1434,1192,1951,7230,35141,17326,47577
2012,1,7,39078,4853,56538,77612,2175,2029.1,1328,4625,1340,9989,74322,40340,41510
2012,1,8,76175,10269,41301,9752,91184,2029.1,2162,1708,1924,8530,58827,12566,15861
2012,1,9,71837,45262,96870,3789,8844,2029.1,2446,2920,3214,5335,25532,21741,48363
2012,1,10,26845,3213,97719,68863,3202,2029.1,554,4375,3661,6854,89127,12402,38394
2012,1,11,99068,61290,67905,42344,85550,2029.1,3621,3737,4697,7398,77525,13541,43085
2012,1,12,76557,6324,61462,46124,8012,2029.1,4216,4855,1558,7766,14898,19528,3346
2012,1,13,20328,29273,5488,35342,12479,2029.1,1537,2897,2255,5794,70240,24156,44615
2012,1,14,85231,85214,47894,89928,97056,2029.1,3468,4964,4446,5158,36087,22457,41772
2012,1,15,84628,70304,7314,7538,18590,2029.1,2297,3917,3006,5578,90610,14766,27383
2012,1,16,33751,32148,29735,22358,57942,2029.1,1513,3171,1540,6134,49451,14948,49976
2012,1,17,2530,69272,4913,66977,50554,2029.1,785,1533,4006,6206,59070,12595,7352
2012,1,18,6834,92720,1513,79840,31856,2029.1,3028,1220,1254,7763,17286,14915,42123
2012,1,19,44091,828,74440,45631,77939,2029.1,578,1819,3161,7398,80147,10067,23891
2012,1,20,39194,35934,11601,83200,99032,2029.1,2147,2216,1094,5366,18408,27949,37023
2012,1,21,88487,16437,9908,29109,44200,2029.1,4023,4641,1401,9638,66624,18688,14222
2012,1,22,58705,27203,6159,68219,25398,2029.1,3285,1894,2239,6237,80494,37622,36307
2012,1,23,59612,42642,59840,55706,22653,2029.1,3655,1138,1035,9914,56598,10480,28248
2012,1,24,40488,16975,76229,71889,51789,2029.1,2579,1845,1407,7486,95063,11804,42853
2012,1,25,6397,39701,92747,44988,95938,2029.1,3961,1900,2233,5152,27606,21238,39593
2012,1,26,69752,27614,98729,80788,37528,2029.1,1022,3014,2301,8602,66255,40441,5328
2012,1,27,71456,63835,67287,57863,83925,2029.1,1018,1672,3401,5116,68011,30690,28702
2012,1,28,84710,66974,2592,16943,42126,2029.1,4532,3229,4162,6532,18042,28041,46550
2012,1,29,58589,61391,22408,47242,89993,2029.1,4034,1447,3849,5314,35661,19125,38663
2012,1,30,66375,21680,75799,84777,16797,2029.1,1818,1505,2134,8828,34799,35612,43810
2012,1,31,80959,39333,13842,71473,42594,2029.1,4513,2533,1208,8273,81126,40591,22858
2012,2,1,85161,68392,12137,72834,4053,1857.93,4208,2084,2060,5526,58880,17221,31263
2012,2,2,88507,76738,60709,22917,11537,1857.93,934,2220,1513,8051,19636,49370,46321
2012,2,3,23917,43699,16322,62190,24825,1857.93,964,1337,1242,7613,99170,45708,6913
2012,2,4,98876,54731,37793,72288,11419,1857.93,861,4925,4761,6569,39193,17649,13025
2012,2,5,29242,75772,84871,5755,83823,1857.93,1476,2739,4734,7797,69928,45910,44684
2012,2,6,61062,91758,22248,36366,9372,1857.93,3425,4598,2500,6217,13238,20271,37771
2012,2,7,99242,35452,20197,89003,2021,1857.93,1651,1261,1512,7873,53367,35335,9390
2012,2,8,18910,74844,59427,73644,28993,1857.93,4553,2006,2464,7234,42770,13187,45707
2012,2,9,45924,91196,87786,38424,77413,1857.93,3694,3005,2826,5242,98359,21198,17376
2012,2,10,70984,21364,18812,22497,29237,1857.93,2831,3145,3373,7257,38140,42365,22179
2012,2,11,79316,7695,98772,16780,15848,1857.93,1318,1770,2737,7446,16545,26501,41542
2012,2,12,17832,91593,19508,87011,86835,1857.93,3208,2818,1172,7020,80314,18870,34219
2012,2,13,49199,54498,65668,28925,88107,1857.93,2641,2421,1502,6412,18006,43701,3809
2012,2,14,77955,96872,5472,27044,97328,1857.93,3544,1342,4960,9403,17422,16795,38369
2012,2,15,23623,60378,90966,95556,53750,1857.93,1725,4300,1562,9602,48224,13882,21280
2012,2,16,82554,85866,97656,94056,22279,1857.93,4108,1584,1430,9579,43627,42407,48209
2012,2,17,97948,97172,23919,44261,86576,1857.93,1055,1549,4169,8110,38456,22918,42440
2012,2,18,39652,35183,92219,81780,13928,1857.93,661,2832,2660,6642,13784,31290,6795
2012,2,19,7878,77348,97875,2958,53279,1857.93,1716,2577,1078,5635,11837,15912,41502
2012,2,20,78075,89245,84501,97244,57617,1857.93,678,2267,4491,8732,79046,19110,22958
2012,2,21,35528,91060,17603,94540,729,1857.93,829,3605,3188,7416,27914,21466,40842
2012,2,22,31557,39631,39044,86581,75266,1857.93,4532,3340,1477,5384,66935,14094,17234
2012,2,23,84694,53450,11362,75537,32183,1857.93,622,4061,4171,8530,78600,14899,6761
2012,2,24,71454,54430,39857,89642,44485,1857.93,2459,2392,2401,5720,78972,49018,17771
2012,2,25,89,39857,68711,72918,1594,1857.93,2011,1286,1818,8373,78175,37629,35647
2012,2,26,21486,74834,21691,35657,89095,1857.93,1908,1104,2423,6764,66541,31907,16643
2012,2,27,90888,60353,24300,98289,9560,1857.93,3658,2008,1674,9506,98917,43777,19625
2012,2,28,34368,85929,80065,39815,654,1857.93,2444,2138,4424,5486,74147,38518,24592
2012,2,29,48482,41056,15419,35905,64172,1857.93,2812,1078,3663,8463,69698,34575,48312
2012,3,1,83358,10575,36625,65727,9492,1433.52,814,1772,1817,6259,12425,11334,30402
2012,3,2,50056,50917,50834,65543,25064,1433.52,760,2470,1121,6279,46641,19432,5704
2012,3,3,50444,1701,94449,58908,71399,1433.52,4698,1107,1908,6322,53185,31793,29024
2012,3,4,86725,69631,43566,13542,25891,1433.52,4950,1900,4610,5783,57839,31025,22343
2012,3,5,71487,88215,63496,8961,54495,1433.52,4744,4937,3189,9192,80196,49587,10138
2012,3,6,34568,99896,87048,56870,56218,1433.52,3662,2941,4863,8579,56483,35753,40233
2012,3,7,37274,87786,28051,76885,69921,1433.52,2909,2758,4104,5650,66718,44950,35891
2012,3,8,47895,11464,49889,76084,67008,1433.52,2022,2927,4979,9069,74796,10226,30085
2012,3,9,35655,79811,45491,45518,28390,1433.52,2622,2014,2462,5672,58898,42382,18326
2012,3,10,27915,33161,50142,2020,70918,1433.52,1969,3811,1026,6428,11246,28034,33212
2012,3,11,59647,19621,45962,89626,98691,1433.52,3526,1402,1919,8044,96213,11660,37110
2012,3,12,88695,10188,43675,11158,52212,1433.52,4891,1078,2085,6384,98497,23002,2574
2012,3,13,19597,61819,58166,96975,75029,1433.52,566,4674,4031,7321,40651,16322,19412
2012,3,14,40783,49179,54770,57702,19548,1433.52,4361,3241,3873,6082,35750,46085,17335
2012,3,15,81962,71995,26212,34047,58379,1433.52,3400,4326,2878,6290,91301,27906,41061
2012,3,16,17329,32662,28933,22712,36336,1433.52,1785,2117,3762,7906,51171,18674,19585
2012,3,17,65242,70533,62903,75467,49921,1433.52,1551,3233,1999,8238,82279,11729,15006
2012,3,18,5175,72032,72409,24406,3597,1433.52,2311,2276,2722,5006,59988,15409,13710
2012,3,19,17181,86774,42528,52295,1032,1433.52,1955,2624,1174,6209,58091,30503,43699
2012,3,20,17567,95995,78737,4566,60110,1433.52,2647,1635,1512,5055,12090,19348,27369
2012,3,21,35117,24705,22977,64191,72301,1433.52,4600,4480,1089,8479,41774,37121,32965
2012,3,22,82178,48730,86098,79112,51291,1433.52,4614,3857,1534,9416,89774,16644,44189
2012,3,23,98424,72422,14632,64175,43829,1433.52,4874,1214,1534,5712,59487,34028,20673
2012,3,24,72168,89088,23509,58258,93919,1433.52,1730,1095,1482,7827,55206,48005,31635
2012,3,25,8369,81174,66863,64904,2229,1433.52,1547,1312,1670,6178,64825,11192,6638
2012,3,26,33203,31053,888,94931,3904,1433.52,3958,1070,1636,8818,50679,19472,10375
2012,3,27,50453,28762,52179,97168,76590,1433.52,722,1309,4910,8170,66212,14286,23738
2012,3,28,35025,64112,24142,80436,60290,1433.52,1026,4844,1370,6540,21126,13260,5319
2012,3,29,79993,50086,49049,62158,18904,1433.52,3241,1426,3489,6854,82875,21430,49728
2012,3,30,14157,78049,22740,35419,56437,1433.52,3908,1460,3062,9401,88247,29703,38952
2012,3,31,4721,90626,55900,41091,10244,1433.52,2716,1950,2111,6764,52392,12366,27027
2012,4,1,90634,48075,91333,97406,47303,2094.77,2913,1430,1853,6674,98138,40804,12763
2012,4,2,38593,5952,10219,37995,94199,2094.77,2714,1176,2173,5302,11419,39199,39923
2012,4,3,97873,18007,32663,60989,70399,2094.77,3832,1032,4455,6094,74789,23109,11382
2012,4,4,60632,2703,48461,12485,82387,2094.77,4641,1968,2549,9859,75325,13100,46599
2012,4,5,36134,34392,80629,48308,34548,2094.77,2506,3772,1405,6521,19530,46803,8400
2012,4,6,97903,49945,74188,73710,97814,2094.77,1819,3444,3031,6554,87280,13654,48977
2012,4,7,24582,56922,87749,93484,53134,2094.77,1583,1246,2464,7136,53925,48364,13074
2012,4,8,61963,7785,97137,88368,10658,2094.77,1522,3559,4545,5710,82268,37358,23249
2012,4,9,41039,79088,45803,9070,40719,2094.77,839,1230,1356,7184,58783,18988,33083
2012,4,10,26662,31719,81460,40478,85282,2094.77,802,3595,4521,8681,51962,20178,35386
2012,4,11,41931,69837,95090,47828,61899,2094.77,770,4289,2797,7339,28358,29867,27358
2012,4,12,46774,20550,11520,53130,84138,2094.77,3970,2150,4724,7030,83979,36357,36655
2012,4,13,62168,89174,99953,38041,7855,2094.77,4570,1136,3103,9659,13963,11254,18267
2012,4,14,13369,49149,19291,86166,62840,2094.77,2385,4613,4550,7818,62742,35039,14002
2012,4,15,46912,8066,12190,81636,18496,2094.77,2993,1334,1694,8604,35054,19106,46170
2012,4,16,2565,59625,75686,57020,79284,2094.77,3372,4003,1501,9015,95169,34340,6001
2012,4,17,89369,43907,43954,90271,4163,2094.77,630,1073,1113,7712,49061,49608,23049
2012,4,18,16373,83407,46623,18067,17704,2094.77,3967,1619,2652,6004,19990,36935,31677
2012,4,19,42005,99716,62291,29858,8731,2094.77,4198,4450,2717,9016,18910,21880,23812
2012,4,20,47552,96383,89306,78665,235,2094.77,4624,2958,3124,7598,67377,22180,4719
2012,4,21,5627,11345,25152,63279,47349,2094.77,1565,1418,1209,8856,35562,26291,1495
2012,4,22,52668,16113,90742,70386,40616,2094.77,3617,3167,3196,8558,83183,24782,45462
2012,4,23,85346,44161,57741,39822,51759,2094.77,2001,2385,1461,7020,37015,10934,25118
2012,4,24,21352,53582,22219,72561,32438,2094.77,3851,1456,1006,5944,71841,47211,24133
2012,4,25,67758,96811,51731,75954,27438,2094.77,735,2782,1734,8476,52603,47184,34915
2012,4,26,99946,80958,20922,52760,50815,2094.77,4272,2165,1518,5990,44725,10307,7938
2012,4,27,65623,9929,61764,72219,82225,2094.77,4430,4981,1767,9350,25935,40556,49958
2012,4,28,22427,43023,3339,17853,1499,2094.77,1389,2796,3251,9270,70555,16290,22295
2012,4,29,60248,39828,76231,88118,47671,2094.77,4776,3292,3587,6540,14974,45811,37308
2012,4,30,76498,21294,95793,39617,8806,2094.77,1525,1232,1102,9863,49084,48952,38080
2012,5,1,46826,16749,91761,49137,3656,1429.81,735,4835,3407,6870,15020,42066,45826
2012,5,2,94982,37150,22006,37874,39013,1429.81,4370,1657,1313,5574,85463,34392,34169
2012,5,3,16865,33048,31847,83080,98484,1429.81,1589,1266,3899,6708,94445,33907,30800
2012,5,4,25528,36533,43743,30287,66738,1429.81,2353,1719,4748,5750,99592,10113,1248
2012,5,5,94880,30316,36771,91193,17007,1429.81,584,1846,1632,7431,33301,20116,38586
2012,5,6,4583,54891,15426,84834,84593,1429.81,3740,1022,2754,9958,40405,45844,26223
2012,5,7,80082,29111,23916,84831,39822,1429.81,4943,1052,1526,8065,42244,14158,39860
2012,5,8,36652,67829,53755,8284,41612,1429.81,4751,2545,4650,6528,47379,18494,3409
2012,5,9,52751,32472,85714,31858,44955,1429.81,2701,1387,2933,7968,42569,44106,42472
2012,5,10,57828,87513,95159,44355,1931,1429.81,2886,3581,1583,7993,63216,29546,37403
2012,5,11,37754,74321,42093,28756,849,1429.81,2998,4951,3294,9334,14534,49600,5824
2012,5,12,48887,95862,57341,36821,13830,1429.81,926,3008,3774,6085,32362,11418,49910
2012,5,13,29840,96602,60638,51423,30947,1429.81,969,1942,3173,6132,13806,15374,23854
2012,5,14,95237,1805,85326,33531,8221,1429.81,4483,2106,1406,6823,93926,45879,3486
2012,5,15,6733,91206,33888,26859,83643,1429.81,2562,3481,4203,6408,64904,26501,32603
2012,5,16,33406,12226,11553,47931,1639,1429.81,4656,1874,3515,9972,46756,13950,25359
2012,5,17,68467,12592,25194,517,19415,1429.81,1395,2499,1677,9366,69357,10319,19121
2012,5,18,62886,18273,40153,58441,27824,1429.81,4941,2580,3633,6493,41863,35271,21409
2012,5,19,38204,21520,48498,81719,86502,1429.81,4805,1319,2845,10008,88188,43612,45255
2012,5,20,10472,34584,2464,37149,14867,1429.81,3819,4103,1444,7952,68895,10070,38173
2012,5,21,25381,53837,28201,59014,66682,1429.81,637,1237,2935,9134,11850,10788,36416
2012,5,22,70741,52762,98460,94939,27761,1429.81,4902,3231,1231,7365,91731,19662,36648
2012,5,23,45538,55551,62906,68335,59522,1429.81,622,1253,1989,7022,60267,35022,31801
2012,5,24,49923,87257,6260,74210,62743,1429.81,4997,4835,3328,9808,44773,12186,9216
2012,5,25,86457,16028,60672,24040,73393,1429.81,1488,1154,4304,5745,19967,33825,2403
2012,5,26,87547,55274,85080,89536,35133,1429.81,4557,1406,1254,6606,75615,28048,11699
2012,5,27,6385,76965,77884,84713,76773,1429.81,2152,4580,1430,8360,14506,44779,39009
2012,5,28,36578,80109,96414,77234,52206,1429.81,1058,4751,3006,9986,45638,39490,32733
2012,5,29,40540,36549,40897,5846,33718,1429.81,3894,1766,1179,8129,41165,19303,32864
2012,5,30,67139,48318,98885,38526,32493,1429.81,4657,1714,3963,6070,62654,18854,2504
2012,5,31,28803,40065,7273,33161,18907,1429.81,2650,4445,1632,9898,65291,39528,2912
2012,6,1,15538,79630,21645,60019,20795,2637.1,3508,1882,1184,8166,17955,17384,40949
2012,6,2,81692,3377,74004,94114,82383,2637.1,4267,2446,3796,9742,41352,18059,41525
2012,6,3,61431,17151,23871,7682,82442,2637.1,3146,4330,4379,9592,74348,46525,13399
2012,6,4,82092,34210,81989,38276,16244,2637.1,3314,4286,1023,7317,24751,18405,16296
2012,6,5,45194,64019,57205,93991,52799,2637.1,3401,4229,2058,8624,38262,14499,14909
2012,6,6,32023,41409,45182,7755,82552,2637.1,631,4642,1606,5250,19269,10774,35883
2012,6,7,35268,32585,16973,71292,36254,2637.1,1048,1447,2093,6514,91789,41244,8076
2012,6,8,78162,20191,21826,10220,88815,2637.1,1071,2189,2847,5218,61295,13078,10088
2012,6,9,38487,81927,65042,24930,899,2637.1,2615,1166,3247,7582,23809,19500,34312
2012,6,10,19015,29858,67300,57461,93111,2637.1,3704,1271,1272,8614,97842,12902,25441
2012,6,11,46969,38914,54339,64816,41519,2637.1,886,1356,1086,8502,21286,31162,31986
2012,6,12,30920,65254,83681,80519,26194,2637.1,1370,1559,2347,7350,19019,30457,7490
2012,6,13,9111,67724,18081,21094,54605,2637.1,3243,1572,2540,8933,66388,45410,32275
2012,6,14,40920,31603,41767,87536,78211,2637.1,3697,1954,4658,9542,12008,20851,29405
2012,6,15,26220,72371,32411,63567,22393,2637.1,760,1502,1857,9624,68948,12934,17783
2012,6,16,77083,23544,24387,64623,32477,2637.1,1384,4747,3729,8150,77282,33291,40775
2012,6,17,63908,12333,58774,8566,31063,2637.1,768,2281,4846,9070,37200,42238,31125
2012,6,18,12313,47576,40094,80523,92384,2637.1,3336,1644,2584,7722,66791,31412,9042
2012,6,19,34850,93176,71161,73579,77678,2637.1,1869,1584,2126,8006,66501,16386,14795
2012,6,20,63120,62270,81823,32966,23153,2637.1,1556,1816,2949,6626,32338,41684,19023
2012,6,21,7043,35675,77502,39627,79750,2637.1,2390,4598,3819,8550,88176,47849,10645
2012,6,22,89698,11398,89434,66824,9745,2637.1,1364,2863,4556,9538,22180,24060,5936
2012,6,23,8561,63737,25878,91510,61738,2637.1,3194,3779,2006,7047,24757,12696,24568
2012,6,24,37693,62149,20942,7864,87051,2637.1,712,1747,1866,6022,59923,46610,25470
2012,6,25,33786,51288,35826,68342,57178,2637.1,2402,1484,4446,9272,73598,16184,24359
2012,6,26,59199,73145,1316,85793,66545,2637.1,2135,1186,4573,6162,28451,15960,42426
2012,6,27,38546,517,84724,91765,62015,2637.1,4726,1608,3637,6904,80492,35814,10999
2012,6,28,81263,22895,51552,35709,23878,2637.1,3244,3076,2006,5912,68868,47542,41502
2012,6,29,28338,61005,18131,49263,74081,2637.1,2237,3978,3449,8312,20742,41815,12934
2012,6,30,19311,91821,37615,47948,98725,2637.1,974,4986,3705,8016,32047,47583,34460
2012,7,1,16644,80660,90517,18908,49528,1919.94,2244,1883,3892,5726,15574,14670,4411
2012,7,2,70097,46295,81628,44761,67037,1919.94,856,1734,2409,9454,73933,11868,23443
2012,7,3,94837,70272,85574,12853,2319,1919.94,3722,1286,1406,9238,54221,46047,49509
2012,7,4,1,1467,72931,38893,30677,1919.94,2070,1554,1540,8697,61885,14334,23895
2012,7,5,78492,58661,78786,55901,3383,1919.94,4120,4570,4341,6046,27423,41660,19071
2012,7,6,85555,16146,93327,65723,11737,1919.94,1769,3088,1490,8478,66981,46042,47548
2012,7,7,74947,24052,13167,27839,79101,1919.94,1415,2591,1158,6552,13492,13814,41404
2012,7,8,11975,13965,68017,51316,11,1919.94,4327,1140,4289,5316,67639,12060,11792
2012,7,9,66554,95761,84114,31919,96812,1919.94,4312,3109,1497,7672,15948,36949,17447
2012,7,10,65235,63716,44542,15299,6620,1919.94,838,3593,3349,9464,69908,18878,24386
2012,7,11,81257,95589,90278,25546,98242,1919.94,2922,1146,1206,8387,29417,16839,24269
2012,7,12,65835,73730,54950,73684,47561,1919.94,633,4147,1938,5174,44445,15176,20898
2012,7,13,95912,45894,76177,84261,15358,1919.94,658,2965,3024,7842,54862,22618,12437
2012,7,14,86222,69137,53765,56250,67525,1919.94,4441,4710,3263,8790,23393,37175,33182
2012,7,15,81640,379,66323,32604,5553,1919.94,774,2815,3012,5438,18428,18918,27120
2012,7,16,45151,23753,34040,19528,35707,1919.94,2145,1927,3038,9074,94529,41914,38903
2012,7,17,61796,33971,91625,35059,44713,1919.94,2233,2703,1614,8556,91658,37301,15019
2012,7,18,65676,98197,71469,55041,80911,1919.94,1114,2412,3649,5206,61939,49355,39897
2012,7,19,15408,70437,87635,73447,32699,1919.94,1712,4493,2485,6684,45903,43549,48516
2012,7,20,54708,18137,36253,86456,73045,1919.94,934,3720,2458,6338,10112,39720,44263
2012,7,21,1474,86227,82134,15123,96380,1919.94,829,1787,2213,9642,12750,46263,10425
2012,7,22,83332,33298,7109,32170,72987,1919.94,718,2693,1147,8323,14149,44192,3012
2012,7,23,38938,54258,99265,81397,65835,1919.94,2468,3660,1954,5953,98782,16676,9377
2012,7,24,96379,95965,36473,59944,97133,1919.94,1206,1882,2707,6638,28984,10693,4410
2012,7,25,16326,54704,4740,3825,49379,1919.94,4368,3315,4497,7274,86063,21684,18889
2012,7,26,89361,23533,55345,17667,59486,1919.94,1000,2215,1442,8824,32158,29926,20479
2012,7,27,33235,88365,60391,37294,51679,1919.94,4338,4355,1746,9077,88180,26159,39375
2012,7,28,54318,52549,14476,43816,32534,1919.94,1008,1893,1718,7195,39560,49908,1088
2012,7,29,57674,81913,72124,40469,77089,1919.94,798,1318,3998,7136,63967,27029,20635
2012,7,30,2864,78307,61385,79645,97384,1919.94,804,1701,3465,6631,11868,16118,49565
2012,7,31,37170,43720,89244,77593,30915,1919.94,3852,4939,3419,9338,45407,20508,45156
2012,8,1,82155,47183,11961,79291,11151,1533.1,3505,1626,1725,8150,12794,32642,5342
2012,8,2,83955,71245,51108,20586,99465,1533.1,4106,3183,2700,8050,90449,19208,18458
2012,8,3,61903,11742,12628,60583,57149,1533.1,3543,4302,1670,7450,34945,24172,49488
2012,8,4,97197,33451,29981,80275,27953,1533.1,2916,1906,2120,6150,48843,36584,49524
2012,8,5,15185,39303,96121,22885,7353,1533.1,3444,1224,4662,8646,46189,21811,2922
2012,8,6,70560,26085,27466,83582,17941,1533.1,2753,1158,2213,8180,95410,40165,28763
2012,8,7,19962,24679,68425,57082,21406,1533.1,854,1589,2921,6137,75826,46626,33620
2012,8,8,25412,84271,98586,40074,21695,1533.1,3236,3606,2210,8246,92187,10310,44775
2012,8,9,50817,16294,36640,79382,86731,1533.1,899,1691,4432,8656,63772,10837,48402
2012,8,10,54295,73791,63780,27217,96280,1533.1,3842,1690,1579,9738,61764,28274,5958
2012,8,11,83554,6353,86881,87116,78407,1533.1,2266,4223,1712,5257,24956,48443,45420
2012,8,12,93659,60856,5135,99443,81531,1533.1,1632,1660,1634,6726,63041,21680,35260
2012,8,13,62721,3236,93372,19300,42015,1533.1,2573,1919,2839,6510,29034,12502,21488
2012,8,14,96226,37653,1822,24290,99262,1533.1,4084,2920,2633,9286,17438,19163,26778
2012,8,15,45831,35347,21341,21232,25758,1533.1,4263,3477,3968,8986,24129,12334,34382
2012,8,16,90474,38055,4254,84666,38861,1533.1,2263,1437,3644,9084,92078,11654,49641
2012,8,17,2214,31164,12179,89847,91735,1533.1,734,3916,1239,6702,91499,48348,20893
2012,8,18,97437,763,3179,17757,36102,1533.1,798,1574,1474,5638,11239,20573,27308
2012,8,19,50337,68503,88363,70334,43939,1533.1,3239,1152,2956,5417,52350,36042,30442
2012,8,20,6310,44065,89959,62549,57120,1533.1,2249,1824,3571,6982,88663,34672,31458
2012,8,21,24087,68755,77600,89448,85804,1533.1,1373,1139,1750,8766,12954,33983,5191
2012,8,22,27881,96064,96488,55837,81481,1533.1,1878,4142,4254,8188,66690,16373,15191
2012,8,23,79646,60292,37281,94570,40719,1533.1,593,4804,2402,6394,70604,13205,42297
2012,8,24,28384,13330,65698,18429,44417,1533.1,3763,3649,4585,5251,44485,16065,38522
2012,8,25,46794,52717,70208,56048,50905,1533.1,3773,1902,3541,9650,57823,20612,3251
2012,8,26,34702,3417,51769,62105,26610,1533.1,1661,1344,2053,7358,89772,12822,38725
2012,8,27,45881,74888,1472,30466,56491,1533.1,2882,3283,1376,9442,75683,48633,12309
2012,8,28,69045,14457,61888,98938,23214,1533.1,4549,4267,3126,7670,52723,16087,19711
2012,8,29,76395,44385,37432,44801,1744,1533.1,2622,3975,3443,9093,94440,41285,43556
2012,8,30,37754,23675,94570,69131,23117,1533.1,2763,3512,1060,9650,14910,24273,20253
2012,8,31,65713,93352,98541,5191,31022,1533.1,1278,2416,2000,5061,52216,13743,1264
2012,9,1,26191,77719,19765,1636,88511,2832.3,4388,3536,1246,9750,68005,42222,11050
2012,9,2,8986,76518,93283,54988,83968,2832.3,699,2319,1096,8998,16690,33712,17557
2012,9,3,29873,32109,95713,54934,677,2832.3,1254,1866,4877,6018,44853,24739,25808
2012,9,4,87069,84243,53276,9039,25465,2832.3,1261,4450,4150,9096,89437,48117,21281
2012,9,5,12100,26490,91789,44549,68732,2832.3,4612,4955,3589,6676,86240,49266,1110
2012,9,6,82484,42496,92485,18713,34866,2832.3,3451,3285,2932,6166,47324,13396,37339
2012,9,7,50712,64938,14199,64862,59481,2832.3,4330,2932,1477,9022,48832,31560,19989
2012,9,8,71249,9797,62868,36190,66473,2832.3,1807,3955,1602,5222,84019,26468,49108
2012,9,9,47983,27471,64754,2267,40549,2832.3,662,2611,3366,6213,72472,19199,28430
2012,9,10,16202,51804,73484,79031,22923,2832.3,1942,1054,3463,9809,63063,14935,38668
2012,9,11,38917,64872,80243,46872,75516,2832.3,3339,4849,3083,8898,42115,14983,14262
2012,9,12,82875,24130,72596,92593,20343,2832.3,3143,2895,3222,6534,31925,10014,45068
2012,9,13,90294,58868,79371,55109,65029,2832.3,838,3945,3657,6637,67168,15524,42435
2012,9,14,47251,40508,71726,55334,11304,2832.3,644,1068,4321,9264,12518,41016,13841
2012,9,15,54332,81266,60264,83907,49245,2832.3,2754,1788,2408,8530,10998,48789,42190
2012,9,16,90912,97394,69087,14569,64032,2832.3,806,2633,3113,7298,82967,17694,36255
2012,9,17,32010,19637,14947,2683,28901,2832.3,950,4583,2037,5174,99841,31281,34421
2012,9,18,78856,52597,37172,62616,84722,2832.3,1404,1274,1914,7990,13114,42297,14522
2012,9,19,16745,52997,69932,9858,71166,2832.3,626,4526,3886,5572,22208,17786,2899
2012,9,20,96345,48612,33722,28382,18926,2832.3,1015,4132,1159,9538,76747,37232,33564
2012,9,21,44060,88153,62865,5974,68643,2832.3,3271,1578,3764,8202,11596,26281,35769
2012,9,22,87453,42223,45808,92691,4147,2832.3,962,1990,2978,8934,45224,18255,34368
2012,9,23,94113,71240,82388,80272,67130,2832.3,2503,1188,2287,6719,17161,32281,9136
2012,9,24,32488,81785,34021,87604,16339,2832.3,3884,1206,4191,9691,12832,16686,45618
2012,9,25,60412,39661,25181,93390,211,2832.3,2997,1358,4347,6294,14606,41476,36757
2012,9,26,35872,74802,52665,99511,37874,2832.3,1792,1712,2962,8686,90668,10598,36179
2012,9,27,27782,4553,20796,48326,80597,2832.3,3015,1007,4640,8195,50748,39850,33629
2012,9,28,84953,28746,526,59300,5483,2832.3,2128,2705,3976,9792,57216,12834,7824
2012,9,29,55971,5361,56267,40286,87525,2832.3,2290,1658,1486,8085,79983,48434,46935
2012,9,30,28066,52999,5794,17707,67546,2832.3,3908,3849,1639,6350,44501,23473,6543
2012,10,1,61630,81180,80290,47774,54748,2095.48,838,1862,4756,6246,47631,36690,33491
2012,10,2,34024,79290,4530,12109,75625,2095.48,1526,4974,1894,8474,12520,48003,19316
2012,10,3,14493,97722,65995,55279,58575,2095.48,982,1694,1999,8582,84329,16206,5821
2012,10,4,50371,4426,18206,56479,81159,2095.48,4521,1518,2830,8110,27289,13846,32189
2012,10,5,99718,83816,98430,74827,74400,2095.48,2829,3892,1374,5176,60522,49949,27302
2012,10,6,10997,97113,36505,14348,13993,2095.48,2445,4362,1062,7002,20840,22768,20834
2012,10,7,89191,46714,37950,67021,60764,2095.48,960,1954,1758,5256,51659,12326,31592
2012,10,8,78910,90842,61403,20284,96018,2095.48,958,2013,1582,6188,37712,49380,38277
2012,10,9,93923,10158,30095,35534,17160,2095.48,3301,1349,4000,5216,89722,41116,17288
2012,10,10,94195,26550,67950,75953,78158,2095.48,3462,2066,1826,6216,77349,22818,19609
2012,10,11,64493,13935,46184,99882,87024,2095.48,613,1900,4052,5708,32830,27563,33896
2012,10,12,62996,91133,50266,93348,20088,2095.48,4463,4281,2888,9678,13180,11045,39988
2012,10,13,88374,55049,18112,15175,97617,2095.48,2993,2109,1502,8598,78342,12769,11813
2012,10,14,84425,60308,10068,94829,56016,2095.48,3744,1478,1733,9009,28710,36820,9250
2012,10,15,45349,29526,1102,28237,81939,2095.48,4281,1274,4087,7498,85485,43055,7688
2012,10,16,35557,39831,55165,61304,40360,2095.48,858,1135,1398,6843,52315,32533,49859
2012,10,17,76094,91060,17897,42827,80069,2095.48,4647,1768,2483,6054,70004,40773,12959
2012,10,18,54788,75638,77437,50227,99382,2095.48,3282,4938,4104,9606,12593,25815,12923
2012,10,19,81010,3018,16951,91176,19862,2095.48,550,1918,1330,8626,38780,13502,19267
2012,10,20,87267,84780,98515,96103,15529,2095.48,1875,1667,1026,8634,53246,26242,34872
2012,10,21,43587,96529,11181,79043,27679,2095.48,4858,3687,3142,7262,16214,29355,40126
2012,10,22,41075,6276,75310,17753,30584,2095.48,4498,4202,1838,9364,46656,47101,30443
2012,10,23,74236,33532,50122,51097,14196,2095.48,2338,4133,1247,8518,53176,43925,3368
2012,10,24,78644,8035,68966,38138,79843,2095.48,2493,2269,2806,9154,71373,18998,35180
2012,10,25,55949,45872,5297,71171,51588,2095.48,4623,1656,1835,9498,76919,32383,1953
2012,10,26,4464,4258,6517,20711,59128,2095.48,988,4122,4078,6305,92259,30273,9693
2012,10,27,67837,26105,17543,75644,51612,2095.48,1737,2559,1138,8385,95081,19077,38916
2012,10,28,20338,29706,44901,38525,30802,2095.48,907,1617,3780,7562,72327,17907,38172
2012,10,29,69821,69668,88382,53900,35973,2095.48,4172,3809,3097,8066,95804,41060,46994
2012,10,30,73334,58894,98621,40824,27279,2095.48,4900,3967,1110,9294,19998,36912,10054
2012,10,31,59325,89752,54882,18106,83528,2095.48,2364,4699,3228,6038,23598,49200,27209
2012,11,1,74123,69362,77189,42189,65166,2516.27,1873,4058,1869,5402,67688,26922,18250
2012,11,2,48950,31656,49386,70103,50500,2516.27,4426,1030,1178,7776,40129,34738,36298
2012,11,3,16249,9829,64319,56995,49780,2516.27,4733,3901,4232,7714,82442,30750,29872
2012,11,4,56523,14316,21161,23392,3365,2516.27,1666,2313,1018,6051,22415,21003,38850
2012,11,5,18701,51842,27606,26231,15726,2516.27,2320,3325,3915,7991,10648,43694,34087
2012,11,6,87863,16405,83948,3447,4678,2516.27,4196,1200,2057,6866,15238,13782,16390
2012,11,7,26911,33962,52735,47415,16365,2516.27,4770,1416,3342,8727,93998,25419,25150
2012,11,8,62815,71320,23745,73082,45663,2516.27,3127,3524,1819,7074,36970,32849,45416
2012,11,9,99817,37520,44050,96874,59229,2516.27,2294,1138,1254,6380,49904,11670,44993
2012,11,10,41530,1027,63088,1224,96107,2516.27,1643,3920,4756,6739,48353,40418,7086
2012,11,11,62156,81481,40295,40327,14907,2516.27,3175,4722,1136,7224,27947,13442,27266
2012,11,12,28570,41594,92855,23876,7974,2516.27,1897,1718,1489,5374,67078,22595,9111
2012,11,13,4775,60074,47868,49531,76813,2516.27,1301,1306,4052,6595,95646,17926,46221
2012,11,14,90213,18822,23682,21349,2399,2516.27,4416,1944,3222,7270,71194,17547,1629
2012,11,15,12734,39444,83403,5575,70781,2516.27,3169,1118,1905,9582,41436,20069,16833
2012,11,16,54961,97738,75390,49013,10686,2516.27,2970,1804,1208,6634,38598,17222,21036
2012,11,17,49633,83015,55926,59207,36638,2516.27,1753,1454,2915,5270,71296,20047,43472
2012,11,18,26988,65818,45602,70245,24558,2516.27,638,4517,1127,8250,28529,11812,37038
2012,11,19,69443,86500,29062,75651,84504,2516.27,609,1978,3378,6534,19396,36367,34012
2012,11,20,16359,86447,18442,99274,62955,2516.27,4320,1293,1906,5122,76538,46463,39738
2012,11,21,34663,83205,75981,35790,65260,2516.27,3953,4701,3712,9367,26703,24567,20862
2012,11,22,9731,27313,75055,9461,200,2516.27,827,1557,3898,8546,32182,16852,1100
2012,11,23,70358,17855,89498,58616,49128,2516.27,694,1198,1192,7410,52283,30850,16036
2012,11,24,84624,16237,81904,8337,41956,2516.27,2903,3038,2271,8630,77498,19830,8608
2012,11,25,25410,23327,69028,29308,3947,2516.27,2511,1322,1690,8066,49271,14454,17562
2012,11,26,84397,4351,17389,49989,68113,2516.27,2190,2736,1824,9094,77424,44215,19672
2012,11,27,4054,26680,12254,56325,50990,2516.27,3795,2751,1572,8358,38410,49728,6104
2012,11,28,28089,50923,40385,63504,69284,2516.27,750,3679,1709,8138,14698,44822,6008
2012,11,29,67810,859,63911,70069,96305,2516.27,635,1458,4365,9240,56681,13726,7687
2012,11,30,65345,81829,60811,11126,92356,2516.27,853,1802,1494,7589,19702,35777,49221
2012,12,1,81049,89458,66659,95539,9477,2577.68,4699,1686,3094,9768,39342,15780,27833
2012,12,2,96756,39700,16499,55997,12734,2577.68,1340,1836,1498,9890,13102,44587,18206
2012,12,3,9672,23712,11083,43613,40363,2577.68,3561,1410,4020,7350,33301,28497,13212
2012,12,4,28053,13001,21536,2500,79121,2577.68,3279,1762,1929,9102,31872,29662,10879
2012,12,5,35687,53213,56929,81054,85678,2577.68,641,1700,1070,6160,55313,40622,10197
2012,12,6,16287,38875,78385,85308,89095,2577.68,654,3499,1038,6794,35998,20158,28038
2012,12,7,78922,70630,96035,95852,21760,2577.68,1865,2445,2470,8793,54851,49500,44259
2012,12,8,75343,80493,11201,91955,49920,2577.68,3928,1205,1582,7312,67864,10834,16514
2012,12,9,55351,48021,60686,12741,66065,2577.68,2898,1337,3665,5285,57188,21776,13036
2012,12,10,89544,15407,95574,3367,30552,2577.68,2866,1796,2268,6838,97847,13539,1730
2012,12,11,96933,46776,96098,18673,90441,2577.68,858,2142,3334,6544,74882,10750,13962
2012,12,12,35932,24133,72088,19597,85770,2577.68,2724,1282,1034,9650,78679,41585,45629
2012,12,13,36427,97898,13832,48,28316,2577.68,3586,1599,4806,9683,76623,31598,28031
2012,12,14,89998,22483,43741,34684,45379,2577.68,876,1309,1862,7754,17258,11228,34975
2012,12,15,95853,91335,52894,56887,60985,2577.68,4824,2411,1652,5007,13810,40488,31573
2012,12,16,23038,27397,32089,14196,53433,2577.68,793,3429,2545,5885,78112,18560,8712
2012,12,17,7212,39898,90586,82671,90122,2577.68,3898,1958,1068,6296,59212,42866,24196
2012,12,18,44716,40389,6630,6889,35396,2577.68,2376,3433,2835,5816,88980,17619,20440
2012,12,19,54529,84775,61049,18426,40660,2577.68,2701,4223,1761,9286,46893,15134,5513
2012,12,20,75186,7144,4210,7067,20287,2577.68,4932,1353,1366,5836,88241,11124,13422
2012,12,21,43353,85618,30343,7541,31435,2577.68,666,2314,1826,5130,37091,27460,19324
2012,12,22,74425,81145,41684,86187,15783,2577.68,4421,2319,2071,9974,14386,32357,38577
2012,12,23,4756,14319,13711,24918,37233,2577.68,1827,1936,1122,7052,17934,18059,18304
2012,12,24,79197,45989,86726,99646,64901,2577.68,2106,4324,4961,5141,25510,37095,23817
2012,12,25,40071,46284,44416,52142,71266,2577.68,4499,2373,4471,9132,17290,43055,8802
2012,12,26,49218,30470,39993,69491,73992,2577.68,2549,3187,1808,5078,69185,21708,10821
2012,12,27,64443,62644,27386,85756,97785,2577.68,4203,4206,1072,9970,12706,12622,19248
2012,12,28,75124,7200,95522,64595,21761,2577.68,2650,1964,4633,7998,56819,49976,29165
2012,12,29,24815,94369,19517,47976,34995,2577.68,1035,1588,2696,6850,17896,31832,38702
2012,12,30,32669,57100,36040,64552,73422,2577.68,2699,3544,4586,9573,29491,37698,42388
2012,12,31,25090,37142,75029,84723,1136,2577.68,1051,2301,2568,9222,90276,43914,31848
2013,1,1,42665,9704,43317,6085,43953,1911.87,902,2403,1187,9655,90825,19926,25149
2013,1,2,3708,55722,69513,99633,85213,1911.87,4721,2353,3591,9443,39840,30438,23564
2013,1,3,60495,98495,39359,47414,88771,1911.87,3033,2786,4328,6349,53871,13150,33274
2013,1,4,91499,8976,37037,69038,44984,1911.87,3964,3690,3582,9666,48322,35147,27862
2013,1,5,48392,89396,7501,96983,15191,1911.87,3773,1380,2187,9483,39450,17309,13694
2013,1,6,82757,62485,15097,58438,28834,1911.87,1717,1354,1302,5105,11452,21981,35320
2013,1,7,42967,94686,37024,42902,69514,1911.87,3048,4257,1092,7630,47591,12576,1698
2013,1,8,31946,41365,98321,10485,7201,1911.87,4146,4956,1046,5594,48393,29088,37771
2013,1,9,10914,26464,65772,37912,41569,1911.87,4893,1784,2529,6916,60140,16414,21493
2013,1,10,48615,4541,86301,39707,72793,1911.87,2341,4738,1608,5358,31574,48808,33892
2013,1,11,98433,25721,5117,98687,51315,1911.87,4126,3579,1325,6250,16491,17010,3511
2013,1,12,97743,42737,55133,96625,89653,1911.87,3667,4618,1164,5306,10677,25309,31625
2013,1,13,1563,73019,46400,93171,33681,1911.87,3330,3464,3694,6904,63502,10026,27974
2013,1,14,83310,7630,33589,95987,33880,1911.87,954,2973,4167,6894,44597,15171,16432
2013,1,15,53341,9617,69791,5858,60936,1911.87,1166,3850,4837,7565,88372,19869,46820
2013,1,16,71891,96704,68334,75585,26503,1911.87,1945,1163,1644,6885,22149,12106,31837
2013,1,17,79669,88733,70374,88836,10449,1911.87,726,1198,1888,6500,18870,18227,31324
2013,1,18,3320,33517,97078,89510,27434,1911.87,4378,1360,3504,8138,15234,41358,35450
2013,1,19,42253,54558,67522,14422,67795,1911.87,948,3814,1107,7194,52649,21555,6023
2013,1,20,38518,73008,18049,79458,95861,1911.87,2684,4179,1094,8974,88688,14051,20399
2013,1,21,12915,14420,29728,11420,24836,1911.87,2777,2087,3248,6651,81508,42394,37340
2013,1,22,59026,18330,56209,70133,25524,1911.87,3040,4041,3216,6088,59850,44076,8858
2013,1,23,46488,73887,9609,33106,85000,1911.87,2157,4265,4067,6884,25684,15638,48297
2013,1,24,14224,94815,20990,38824,47818,1911.87,1217,1842,3530,7425,93327,45406,18850
2013,1,25,12635,1368,59448,10851,43808,1911.87,1279,1206,4535,7239,39752,10886,35650
2013,1,26,45536,86910,25152,90956,63794,1911.87,4857,4368,3354,8826,33191,26171,17189
2013,1,27,17401,64409,49366,70932,68186,1911.87,1337,1648,1674,8574,91669,16906,9045
2013,1,28,77786,29301,10866,3673,76540,1911.87,4558,3427,3878,9709,29382,17671,1246
2013,1,29,6898,74240,28392,85252,72791,1911.87,2774,1598,2342,6994,61122,10527,27935
2013,1,30,52537,43812,91347,29301,2300,1911.87,3519,1436,1910,5958,15094,37912,49369
2013,1,31,27707,14667,76340,81585,70728,1911.87,608,3977,2664,8008,95580,35455,22074
2013,2,1,23356,75647,80629,33200,53121,1567.07,735,1931,1718,5035,15582,30926,7509
2013,2,2,64907,12019,92300,41996,12127,1567.07,1053,3144,2902,7637,13871,44975,30212
2013,2,3,99598,7849,57640,59950,19782,1567.07,3235,3136,1622,8863,76335,38212,9447
2013,2,4,2724,78423,1496,34283,93459,1567.07,862,4716,1818,7728,16711,15156,17078
2013,2,5,4071,19117,718,26973,86755,1567.07,3299,2703,1198,9194,62652,24922,30942
2013,2,6,21738,60888,34411,56831,56104,1567.07,1394,1494,1050,9242,18930,15330,27098
2013,2,7,12672,91022,6399,58120,64881,1567.07,2044,1242,3578,9114,28627,45332,23111
2013,2,8,80056,16928,64389,51549,79219,1567.07,2823,1920,4280,7233,74137,10383,27041
2013,2,9,4332,51885,35562,26204,31127,1567.07,1533,1262,2395,7931,18268,33627,11375
2013,2,10,87394,50314,18931,45973,99428,1567.07,2656,1678,4485,8206,63734,10055,47559
2013,2,11,15438,6558,61011,19718,83792,1567.07,1452,4474,3384,8082,30677,13942,1501
2013,2,12,9740,88563,11012,62135,52846,1567.07,762,1591,2297,9394,18915,28076,45633
2013,2,13,62251,26572,23911,43088,14969,1567.07,3142,1650,1118,8230,66474,44345,37645
2013,2,14,32006,62927,15172,51742,11292,1567.07,2603,1031,1534,9966,99517,19959,12201
2013,2,15,91951,11632,76551,4248,26325,1567.07,2323,4926,3389,5180,64366,13458,45466
2013,2,16,76583,67509,115,87137,48014,1567.07,2833,1370,2218,6018,48111,39861,32941
2013,2,17,75205,67067,10893,42319,13386,1567.07,2277,1370,3393,8828,19176,31069,26763
2013,2,18,50646,58259,85997,89035,47197,1567.07,2391,1110,4222,8857,27266,48588,1482
2013,2,19,41798,41452,94959,4016,54456,1567.07,3877,1011,1488,9038,88329,12460,9423
2013,2,20,64236,66959,61562,2630,22139,1567.07,3698,2784,1518,6046,61818,18614,37497
2013,2,21,52761,20563,49433,86984,79420,1567.07,1923,2569,4501,6476,57936,10626,43051
2013,2,22,72656,68166,51320,15497,5640,1567.07,1721,4874,2959,9634,88855,11449,6001
2013,2,23,37131,88907,34234,99238,74953,1567.07,3539,4065,1614,7972,47400,12385,46053
2013,2,24,67375,49324,66307,1877,62557,1567.07,2184,1564,3760,9722,83412,14399,24244
2013,2,25,47209,71486,627,86520,21121,1567.07,2969,3250,4739,8838,73839,36044,5834
2013,2,26,94607,82380,30110,11221,56704,1567.07,4958,4077,3184,6264,42305,22092,27510
2013,2,27,46860,49491,73657,71973,40699,1567.07,2723,2906,4906,6708,74426,16026,23421
2013,2,28,9184,38748,40629,20275,20950,1567.07,1318,1122,3199,5568,43128,36254,14469
2013,3,1,83087,26684,89825,5704,68990,1504.52,3914,4831,1925,7158,75529,25346,11918
2013,3,2,43611,79788,36605,63312,70566,1504.52,3846,4312,4610,9121,46614,40430,18983
2013,3,3,31792,62171,19982,84572,21651,1504.52,1211,1089,2919,8358,26792,18260,6236
2013,3,4,49306,12059,53092,51231,52946,1504.52,2928,2907,1111,9532,76218,11677,44973
2013,3,5,98515,81418,20990,74478,90539,1504.52,1259,2329,1125,9998,23252,17776,17604
2013,3,6,23829,54465,88866,73100,91853,1504.52,1359,1157,4067,6486,17488,13364,32010
2013,3,7,5775,68021,42624,46887,63905,1504.52,4915,3771,1611,9054,53248,14308,35195
2013,3,8,79861,50860,45831,42338,68453,1504.52,1465,2281,4899,5330,65380,31751,19084
2013,3,9,63692,73093,89261,7760,33895,1504.52,2475,1021,1019,6966,11658,46276,48000
2013,3,10,15294,94175,25048,48257,6431,1504.52,820,2642,1022,7587,44980,13959,44648
2013,3,11,3023,71446,22593,42922,3129,1504.52,1024,1819,2416,9398,90930,11311,37973
2013,3,12,94637,28407,67333,77008,24858,1504.52,3283,1502,1540,8330,19062,37195,36592
2013,3,13,42978,76516,89839,4837,94103,1504.52,618,3477,3967,7739,72750,42095,1171
2013,3,14,62064,63776,8916,39481,44060,1504.52,2143,3695,4603,8960,15703,19460,49846
2013,3,15,37419,55339,25963,34536,3670,1504.52,1730,2998,3587,7920,67834,34042,30721
2013,3,16,95443,19334,47520,34411,77073,1504.52,1505,4136,1614,7118,94968,44456,20270
2013,3,17,1619,62112,99504,62574,96587,1504.52,2034,1454,1897,8706,84891,13846,31559
2013,3,18,21422,22974,69917,45009,50895,1504.52,4050,2688,3436,5852,97098,16861,4104
2013,3,19,63192,89957,5998,63588,91729,1504.52,4395,4698,4428,8342,72272,42366,17318
2013,3,20,71810,20659,42723,75059,95007,1504.52,3328,2779,1938,8245,94140,34184,43966
2013,3,21,38701,73191,96874,28489,16113,1504.52,708,1320,1146,7698,75594,16730,10324
2013,3,22,35016,99991,18059,30796,40242,1504.52,3161,3402,2340,8970,19813,38699,6683
2013,3,23,26201,18142,87831,93140,2739,1504.52,3675,2790,1358,8918,86279,37625,31971
2013,3,24,50873,97981,99633,67504,15680,1504.52,863,2046,1798,7854,14194,31809,25227
2013,3,25,16957,37356,76565,44298,35944,1504.52,4348,3495,1750,7178,71634,49961,12730
2013,3,26,85502,31663,7752,57015,72211,1504.52,4639,4434,3363,8552,13886,40394,10383
2013,3,27,35850,99154,23793,27419,93076,1504.52,579,1334,1694,8602,70681,27637,37987
2013,3,28,64873,86382,6133,12096,89912,1504.52,3408,1678,1572,6159,32426,14343,44120
2013,3,29,12895,93418,53779,37610,54041,1504.52,3003,4890,1221,8147,17308,35649,27069
2013,3,30,56135,92888,12034,47829,61384,1504.52,1817,2607,1799,8612,71054,41710,49067
2013,3,31,8421,49463,67124,50554,51975,1504.52,4897,4868,4319,5027,19886,13359,15902
2013,4,1,96833,53250,21021,14980,86910,1896.8,1113,4797,1014,5293,57532,15414,23022
2013,4,2,43463,140,52272,57765,71195,1896.8,2536,1322,2457,9442,72630,43358,43983
2013,4,3,30692,53851,52678,65719,56328,1896.8,517,3159,1990,6178,84491,38900,32390
2013,4,4,70912,55605,85050,5966,7251,1896.8,2790,2064,2720,5061,24828,13914,42582
2013,4,5,85396,23718,50924,12853,73160,1896.8,2563,3850,3756,6398,85920,11894,39906
2013,4,6,73982,96438,19596,75973,44327,1896.8,4872,1966,1042,6273,37555,49644,4087
2013,4,7,8855,10346,66710,51575,51759,1896.8,1841,2154,1606,9116,50006,21117,7890
2013,4,8,89022,22570,24968,82778,64163,1896.8,2861,4495,1206,8808,30467,11462,27240
2013,4,9,72895,11692,15945,48937,77965,1896.8,3581,1818,1548,6598,54745,48307,19852
2013,4,10,39532,52939,85462,87491,2055,1896.8,3607,1075,4389,9927,73853,19642,1820
2013,4,11,77167,23067,9399,17196,91875,1896.8,2902,1120,2909,6646,30056,12226,6219
2013,4,12,20051,94990,65397,32951,26632,1896.8,1257,1163,4431,6150,70005,15684,36494
2013,4,13,34891,78613,98914,25632,28540,1896.8,534,1422,3536,9932,39253,36762,39119
2013,4,14,62503,57156,17883,46765,7354,1896.8,3990,3755,4280,5974,93058,18174,14291
2013,4,15,27233,74316,84779,33016,73739,1896.8,853,3628,3396,6118,34259,28287,4784
2013,4,16,45237,31146,346,90125,21078,1896.8,1886,4932,1753,9546,46696,20459,39599
2013,4,17,25411,55687,64215,1043,62777,1896.8,3306,1142,2940,8882,39376,21678,7273
2013,4,18,75573,80230,46659,25321,36348,1896.8,3607,1583,2062,7916,88059,49491,30918
2013,4,19,43552,14946,49424,56658,76066,1896.8,2116,1475,4509,7682,10102,47286,12472
2013,4,20,31308,22177,53647,79248,26613,1896.8,2277,3536,3251,9494,43856,25950,43023
2013,4,21,61205,47465,23886,89619,51418,1896.8,932,1320,1889,9966,67977,11846,11945
2013,4,22,33709,45094,20783,18219,19129,1896.8,1856,1770,1828,5502,46034,19198,23301
2013,4,23,28526,79664,23330,18129,59951,1896.8,4079,2506,4649,7964,43476,32418,17186
2013,4,24,79910,98938,10092,6799,36527,1896.8,1105,1587,1742,6887,21157,24994,44421
2013,4,25,86540,3014,25430,48368,38516,1896.8,3159,3392,2478,5690,12238,43780,37816
2013,4,26,60027,61953,81287,91028,29917,1896.8,4798,4825,1942,6241,32976,42930,24763
2013,4,27,10662,75434,79518,66528,22321,1896.8,1521,3859,3687,6614,73578,17118,1360
2013,4,28,87470,43090,41948,54948,35931,1896.8,3727,2308,1772,6365,13370,13574,9821
2013,4,29,21128,9486,77867,77532,25727,1896.8,932,1388,2627,9978,19267,24947,27195
2013,4,30,67005,77142,50159,87044,76796,1896.8,597,4265,3177,7802,35564,19107,23737
2013,5,1,34293,31416,85489,47010,51104,2055.35,4489,1186,1395,8110,10698,24941,3530
2013,5,2,48834,55408,77569,15164,74675,2055.35,2167,1815,4025,9210,28611,18236,18868
2013,5,3,31160,9229,92291,35057,44793,2055.35,3772,4084,4165,9958,42446,26620,27751
2013,5,4,54143,26936,87210,1890,88956,2055.35,1830,2788,1635,6070,69303,36309,39877
2013,5,5,89618,51471,4478,74995,37033,2055.35,4107,3191,3668,5508,13018,13870,49441
2013,5,6,20500,18373,98898,96018,18986,2055.35,2637,4479,3278,6198,91368,23585,41344
2013,5,7,32427,84551,27726,94062,55301,2055.35,752,1269,3498,9670,36263,15126,47029
2013,5,8,641,20371,70074,75661,29472,2055.35,4120,4971,3045,8748,45988,27030,39674
2013,5,9,35713,84978,16510,20343,11177,2055.35,3927,3602,3779,6638,37664,30431,24230
2013,5,10,35033,84388,41701,99883,35588,2055.35,1764,1227,4685,7382,11887,44156,27964
2013,5,11,61512,7360,10480,69557,1730,2055.35,2938,3793,2797,9447,74136,18973,22820
2013,5,12,53677,68064,12576,78808,6069,2055.35,4238,1100,1966,7290,40983,36565,16592
2013,5,13,11606,59100,39145,26291,30938,2055.35,1798,3800,4743,7278,94708,42824,17384
2013,5,14,70098,23999,46618,44247,53446,2055.35,3219,3473,1422,8618,18310,11237,20754
2013,5,15,25091,77871,68690,76070,95161,2055.35,2634,1765,1062,8131,49407,32413,26025
2013,5,16,85515,36207,57567,76610,49837,2055.35,4433,1285,2625,6051,80532,12422,18627
2013,5,17,53157,10104,85897,58326,68603,2055.35,914,3693,2399,9218,86114,43911,4529
2013,5,18,96981,48749,17030,82105,83232,2055.35,4518,1718,3994,8436,61707,35182,32789
2013,5,19,57063,47494,21469,49688,63545,2055.35,2110,3052,4807,8726,91378,29762,18353
2013,5,20,18887,93645,23456,17638,64601,2055.35,2901,1581,4669,5158,43685,24253,9570
2013,5,21,44071,74556,59352,63066,79344,2055.35,4599,1406,3551,9706,86093,48447,21059
2013,5,22,20772,14556,81501,81932,45266,2055.35,1693,4152,4226,6030,98141,13827,39231
2013,5,23,77422,26043,25409,52091,87325,2055.35,2695,2747,1353,8214,10812,11402,35446
2013,5,24,23106,91764,92103,8009,94184,2055.35,2808,4954,1850,5350,96885,20721,44549
2013,5,25,59891,24931,51226,59117,76431,2055.35,4295,3851,1761,9416,22294,45437,49367
2013,5,26,50150,64990,43185,42855,67037,2055.35,3550,1493,2112,7005,14501,12600,20349
2013,5,27,1554,87310,87602,43361,57970,2055.35,4081,4211,1548,5306,19370,18552,1690
2013,5,28,31026,48976,72404,22787,30032,2055.35,4575,1532,1039,8234,39386,43075,44698
2013,5,29,64461,37937,49569,42925,61294,2055.35,571,2846,4083,6356,12424,16818,30422
2013,5,30,20365,36641,92617,62486,1948,2055.35,1037,2972,3975,9793,72110,14006,18649
2013,5,31,80843,23038,10539,56882,17150,2055.35,1308,1610,4213,8942,40886,15506,49925
2013,6,1,56459,44706,63086,75984,67265,2633.4,1347,3904,1858,5184,22203,15457,21490
2013,6,2,72575,71528,49434,42368,59990,2633.4,4561,3027,3978,5600,11894,40254,13440
2013,6,3,29104,98139,44468,27685,39026,2633.4,1686,1962,1031,9771,71466,18618,26327
2013,6,4,7613,84166,58552,54423,75702,2633.4,4879,3275,3634,5664,13998,28624,47108
2013,6,5,49105,46557,11652,39435,75704,2633.4,4688,4806,1318,8278,32490,15343,28180
2013,6,6,66835,39177,60827,54218,25300,2633.4,3864,4264,4161,7544,14774,24862,48645
2013,6,7,97227,39918,89491,65862,25583,2633.4,837,4686,4392,8840,14120,35095,46485
2013,6,8,67020,10161,56255,93338,50669,2633.4,662,3854,1260,8870,17722,35924,5097
2013,6,9,855,29640,51541,66368,13408,2633.4,1230,1276,1222,5830,92846,20726,5227
2013,6,10,93557,20036,11765,52950,58876,2633.4,4396,1800,2396,5270,35584,19417,42237
2013,6,11,82100,10618,69624,42725,62828,2633.4,630,1398,3686,6541,46401,33445,24048
2013,6,12,51768,53984,60432,63264,34704,2633.4,692,4612,4665,8450,97561,48540,19630
2013,6,13,70694,18310,90788,39443,78961,2633.4,3859,2411,3341,9678,20135,32520,26373
2013,6,14,18882,65136,12555,22569,61677,2633.4,2365,4796,4291,5602,18832,30347,25309
2013,6,15,2427,9754,24960,92092,38211,2633.4,1983,3904,2181,7771,48346,10002,38873
2013,6,16,90496,23558,29905,60189,68392,2633.4,2708,3625,1527,5263,42545,19120,1590
2013,6,17,80572,14911,39352,26215,47708,2633.4,1561,1485,4868,6110,74928,13078,15116
2013,6,18,70393,31912,21983,43927,96035,2633.4,1419,2881,1966,6324,63069,28629,36681
2013,6,19,76364,55779,82255,24243,61042,2633.4,3798,2964,1061,9501,84178,15102,24800
2013,6,20,54617,90741,86606,45837,38613,2633.4,3915,1458,4797,7249,69283,11672,11534
2013,6,21,83931,65703,8714,94168,92027,2633.4,4148,4742,2560,7754,17978,19842,21783
2013,6,22,12554,59135,79270,68616,48637,2633.4,3735,4604,1090,6802,65441,18314,13449
2013,6,23,53227,24357,34510,79376,37958,2633.4,858,1887,1704,9014,16055,44225,20145
2013,6,24,98407,21556,78968,42320,9311,2633.4,3624,3215,4790,5798,13670,28426,4305
2013,6,25,22695,11919,64384,93235,3612,2633.4,3738,3189,1074,9600,52565,16988,29825
2013,6,26,89745,54125,46730,75592,80749,2633.4,4817,1022,1392,5136,37825,10001,29137
2013,6,27,85793,17803,48218,65584,60697,2633.4,732,4742,4669,9498,92976,19632,21400
2013,6,28,20921,11715,92823,7805,97667,2633.4,1294,2411,2215,9375,79354,12963,11740
2013,6,29,58512,65524,8470,59203,30661,2633.4,556,2804,1801,7556,14739,15004,12648
2013,6,30,21525,25102,57240,21195,16198,2633.4,2178,3470,4633,5110,61274,42300,16568
2013,7,1,93921,79712,60307,73296,75418,1812.65,1806,1892,4443,8142,87953,43442,39622
2013,7,2,92918,20758,90244,26691,35498,1812.65,4566,1950,1331,8478,19008,17030,14093
2013,7,3,59292,62970,98884,25644,40597,1812.65,3735,4516,3598,6438,15634,29016,7536
2013,7,4,20016,55971,19958,34459,63332,1812.65,2900,1248,1846,8143,99290,46868,7911
2013,7,5,82236,63858,90171,19919,82322,1812.65,520,1612,3991,5755,83608,19587,49671
2013,7,6,63292,53696,70457,66890,84089,1812.65,2257,4103,1190,8886,54913,13922,28269
2013,7,7,6477,99166,70171,51497,33661,1812.65,4716,2247,4670,9784,68517,31991,19462
2013,7,8,54558,9038,89957,49901,64794,1812.65,4488,4436,3611,9944,11325,27699,23565
2013,7,9,34565,89936,48156,1507,72150,1812.65,866,4978,3586,7834,62826,18038,3069
2013,7,10,71413,27543,84495,37435,98782,1812.65,777,3338,3401,5733,19591,19102,19364
2013,7,11,65650,5432,3983,9261,61728,1812.65,3312,1291,1594,5898,97797,43744,31660
2013,7,12,20888,29579,5075,39474,31530,1812.65,3072,4293,1794,8918,56727,10576,17901
2013,7,13,78282,42505,80267,56683,34591,1812.65,1228,1591,1182,6562,42204,17015,49858
2013,7,14,68223,95517,79659,89817,13336,1812.65,4912,4222,3386,9982,90048,21267,43809
2013,7,15,72887,98121,90561,84682,23391,1812.65,524,1671,1143,7530,74706,14180,13640
2013,7,16,91734,90935,90030,97022,43850,1812.65,788,2071,4101,7286,15166,14882,32234
2013,7,17,53856,1801,91659,93594,6787,1812.65,4860,1025,1178,7118,97058,19568,31707
2013,7,18,35412,92316,21241,57908,84191,1812.65,1344,2275,4584,5522,11308,13433,12299
2013,7,19,53607,86039,75505,97708,46086,1812.65,602,1293,4192,6318,26238,18710,27393
2013,7,20,61213,7452,98356,57392,95576,1812.65,3311,1984,4080,7294,10502,18522,45414
2013,7,21,43202,36591,13251,62787,57965,1812.65,1219,2922,4937,8076,25630,17375,18900
2013,7,22,95469,97126,21,91013,60280,1812.65,4694,2844,1126,8814,11587,11989,42611
2013,7,23,19816,4899,92977,40249,52155,1812.65,1223,1450,1164,8956,74493,18266,14575
2013,7,24,93374,17066,37052,14663,35142,1812.65,2037,1961,1158,8409,54325,11190,29034
2013,7,25,41021,64020,90635,7434,88422,1812.65,4422,4589,3471,8750,64837,25625,2222
2013,7,26,93325,42413,87334,44490,16886,1812.65,4969,1610,1595,6754,41273,46736,28179
2013,7,27,2406,39663,10050,94917,38073,1812.65,2706,4092,4746,9394,11538,33167,14375
2013,7,28,73266,72301,74109,13089,51051,1812.65,598,1464,2709,9626,10442,14595,5298
2013,7,29,86930,91538,41206,98526,14911,1812.65,1613,2315,3493,8015,28583,26565,48831
2013,7,30,52390,92642,72010,13488,47334,1812.65,3007,1950,3538,7115,50039,30941,24887
2013,7,31,92414,55106,91669,90123,63857,1812.65,1069,2137,4773,8627,65662,19683,13237
2013,8,1,43629,53352,15951,31644,81935,2498.61,778,4576,1762,7478,38261,22115,8868
2013,8,2,93232,91565,35654,30347,41604,2498.61,4111,1708,3262,9234,76916,21498,16595
2013,8,3,66656,44054,92625,45283,26069,2498.61,4092,1048,2010,5606,17691,13945,12308
2013,8,4,80263,34428,54874,77491,64652,2498.61,4605,4234,1050,6474,18354,42653,9487
2013,8,5,68206,60045,55714,42821,5631,2498.61,670,2286,3035,6598,33920,35455,48982
2013,8,6,51955,73013,21504,33965,60760,2498.61,4261,1021,4973,9134,18511,20977,39195
2013,8,7,78622,84470,45212,96024,86081,2498.61,3677,1284,1189,6006,29809,31819,16145
2013,8,8,59725,76833,20458,69112,16479,2498.61,4566,3432,3742,6069,18749,18034,4379
2013,8,9,81616,33011,61875,71589,18498,2498.61,3917,3470,1207,8268,18996,17287,46739
2013,8,10,86626,48171,54277,12815,75266,2498.61,986,4989,1846,7795,16430,27396,34087
2013,8,11,52174,25019,62182,12269,51088,2498.61,3121,2702,3940,10002,20642,48789,30931
2013,8,12,91735,79561,62260,89294,83690,2498.61,2932,1666,1275,7208,99481,11540,21754
2013,8,13,27647,76820,62882,4917,74615,2498.61,3665,3140,3351,6838,71760,18886,16982
2013,8,14,58129,4882,92141,88421,16230,2498.61,2210,4315,3695,9469,13608,17482,12784
2013,8,15,71223,2893,95403,7499,30102,2498.61,4038,4099,3054,7710,79016,29021,11236
2013,8,16,65254,77682,22162,73606,54880,2498.61,4395,3007,1506,7888,11486,47736,10274
2013,8,17,70672,38638,88404,95719,38108,2498.61,4454,1372,1256,9856,33179,17709,18365
2013,8,18,11093,68571,41810,99147,50491,2498.61,4519,2095,4858,6680,22052,19737,37178
2013,8,19,43306,71449,99097,74813,29337,2498.61,2548,1359,1036,7303,12077,19954,1058
2013,8,20,45668,16532,35654,83277,16388,2498.61,985,3831,2403,5598,59330,17010,18834
2013,8,21,29972,53850,36341,61182,86883,2498.61,2270,1566,1193,6366,10008,41881,24746
2013,8,22,63243,43900,8241,35108,71204,2498.61,702,3222,3200,7084,16498,35939,20318
2013,8,23,82270,67485,29772,19673,76631,2498.61,548,2954,4302,5934,15894,46184,39102
2013,8,24,67708,47759,76373,30253,10477,2498.61,2133,1270,1623,6118,41529,12826,47724
2013,8,25,67043,86609,46049,36595,46,2498.61,2533,2314,1383,8656,18339,39365,12548
2013,8,26,74110,58609,62320,33413,51571,2498.61,948,1268,1917,9310,65881,15010,12808
2013,8,27,70045,88015,43817,28020,34740,2498.61,845,1781,3306,6500,54727,18842,35346
2013,8,28,82145,77262,87018,44880,62270,2498.61,4245,1379,3965,6564,86143,31887,5357
2013,8,29,25724,82092,83870,68993,70765,2498.61,2738,2160,4117,5822,85179,38856,49751
2013,8,30,84604,42377,6991,89262,61974,2498.61,3964,4118,1350,7926,88997,17600,11718
2013,8,31,86339,73243,70332,66656,36160,2498.61,4895,3234,4917,8764,47227,42033,6475
2013,9,1,69966,99194,18984,52872,725,2162.2,3826,4452,2534,6186,21426,25603,24193
2013,9,2,37053,65545,80935,18035,70894,2162.2,725,1982,1569,7380,12999,16096,14887
2013,9,3,18628,91234,29313,17392,38461,2162.2,2258,4777,1891,7593,94000,37616,21347
2013,9,4,41786,47828,47069,89320,90916,2162.2,4923,2967,1742,8866,62354,37636,34847
2013,9,5,43448,83080,14477,45017,86812,2162.2,4411,1786,3708,8723,39182,14348,27476
2013,9,6,36422,37793,98299,23314,55387,2162.2,2281,3523,1078,5678,19195,47393,42300
2013,9,7,75549,50471,91713,42291,79032,2162.2,4926,2478,3497,6102,67494,40309,4067
2013,9,8,38230,86906,62101,56939,51981,2162.2,928,3402,4075,8757,28067,10813,1283
2013,9,9,37409,55349,40689,93887,46050,2162.2,1279,1597,1442,9344,80240,39384,9884
2013,9,10,3411,76519,28215,73261,87274,2162.2,3569,1014,2613,8114,98792,15286,45709
2013,9,11,93304,29252,39349,48731,74362,2162.2,895,1769,2763,6584,11322,35164,17416
2013,9,12,92820,63288,23115,19526,12632,2162.2,532,2394,4872,6962,11318,33497,3355
2013,9,13,49185,35576,9001,48151,27597,2162.2,4096,2251,3396,9602,18742,27757,7793
2013,9,14,22212,94582,55879,61327,11166,2162.2,2842,3985,1174,5956,23510,20157,11535
2013,9,15,5663,48772,2552,1888,18600,2162.2,778,2784,1126,5958,15934,37728,8206
2013,9,16,18530,31383,41333,88278,86179,2162.2,1034,4741,3247,8264,86067,15765,43667
2013,9,17,66152,48910,86103,7326,51219,2162.2,2482,1880,1087,6386,75119,19384,25965
2013,9,18,20944,60505,77472,81077,87593,2162.2,3804,2473,2491,6488,10750,43669,9758
2013,9,19,70155,43137,68411,24755,31402,2162.2,1871,2552,1090,5956,19538,37308,20830
2013,9,20,18938,98712,60542,26377,95098,2162.2,1063,1041,3868,9886,97117,16461,2013
2013,9,21,55996,82274,38935,13487,25115,2162.2,3507,1620,2821,8269,36374,40574,49686
2013,9,22,29099,43246,38127,81542,52571,2162.2,834,2859,4419,5742,14236,35868,9356
2013,9,23,14108,66652,1910,42976,96539,2162.2,4436,3885,4004,9456,82372,39118,15379
2013,9,24,64409,72232,50739,73582,30502,2162.2,508,1912,3062,8634,57492,15633,3466
2013,9,25,44343,42695,19845,18762,4789,2162.2,981,3895,2084,5792,61871,29974,1762
2013,9,26,54622,37660,98860,84978,52383,2162.2,4095,3142,4815,9558,23076,10422,31232
2013,9,27,94652,69937,76268,74066,54923,2162.2,1050,4264,1454,5895,34377,31242,33761
2013,9,28,92680,55360,16491,9764,94603,2162.2,4737,1160,2372,9908,50553,17862,44714
2013,9,29,52533,91001,50602,22348,82187,2162.2,2663,3189,4965,8931,67255,14888,40030
2013,9,30,49044,89658,14153,25498,31905,2162.2,3091,4584,1593,9581,34347,47547,14883
2013,10,1,90438,13123,83020,45387,63676,2212.84,2918,4676,1079,8822,53214,41109,1946
2013,10,2,59282,46405,1075,74565,30012,2212.84,3607,4668,2819,9104,67925,27701,32315
2013,10,3,88549,92510,80647,44482,43209,2212.84,542,4997,1315,9008,11735,21343,28194
2013,10,4,94978,26007,76020,46057,62625,2212.84,3517,1905,1989,7622,96470,22000,29234
2013,10,5,53259,20078,58022,16078,85535,2212.84,550,1766,4807,6278,34915,44367,25947
2013,10,6,85322,30044,44366,26638,24543,2212.84,2980,1752,3458,5766,81928,11082,22453
2013,10,7,69585,1798,99341,61575,22742,2212.84,4926,2352,2239,7947,16868,17773,45811
2013,10,8,246,68561,24560,51405,25689,2212.84,772,1010,1750,6489,53999,46765,9476
2013,10,9,78942,1980,82637,93753,42331,2212.84,4834,3266,4066,8358,12394,21807,30917
2013,10,10,66337,6120,14160,98577,80419,2212.84,2701,2016,3853,7236,48420,49541,38942
2013,10,11,33089,10545,60552,55311,33386,2212.84,3427,2327,2881,7416,22431,41563,30903
2013,10,12,14685,93618,36183,13751,47793,2212.84,1910,1950,4845,9714,45408,45264,42375
2013,10,13,21363,94463,58633,45216,68076,2212.84,1109,2515,3949,8012,89177,17334,7053
2013,10,14,18916,7606,96014,68149,25022,2212.84,1064,1057,2062,9014,69808,26206,18445
2013,10,15,70973,21719,23039,52171,20492,2212.84,2434,1854,4261,9702,87069,47336,18448
2013,10,16,95823,14531,64852,29772,2544,2212.84,2106,1458,2985,9471,89606,19358,4029
2013,10,17,27917,65671,75417,56331,77917,2212.84,3888,1998,3294,7734,17411,15170,45225
2013,10,18,56726,31198,61992,35987,3616,2212.84,3322,4437,4943,9060,45561,32486,15414
2013,10,19,34907,42668,3945,12892,68491,2212.84,2250,2758,1156,8046,69088,19842,43552
2013,10,20,85595,17977,35084,85241,6256,2212.84,4025,2980,1686,7369,98967,20010,2495
2013,10,21,32783,98642,19448,12726,79520,2212.84,1564,4425,4027,5508,27316,17750,15009
2013,10,22,25412,75919,21629,986,99937,2212.84,2179,1882,1750,9078,87122,47652,40718
2013,10,23,91109,92501,10634,91152,59870,2212.84,1161,4003,1900,6960,38080,20464,25953
2013,10,24,28322,49645,34890,68701,81506,2212.84,2570,1916,1666,9199,24253,37117,28559
2013,10,25,6269,11433,89000,47666,50047,2212.84,646,1154,3622,9242,48657,44843,26123
2013,10,26,64608,76171,53847,5553,39484,2212.84,2369,4156,1571,7258,52856,23076,41927
2013,10,27,72169,46780,46345,42998,62331,2212.84,982,3598,4734,5465,16263,31133,36951
2013,10,28,11588,27934,22288,96562,50237,2212.84,1404,4843,4819,5250,36748,35654,37298
2013,10,29,3530,79118,19811,61453,72728,2212.84,880,1248,1606,7224,17010,14480,39020
2013,10,30,50527,50712,83079,81614,2529,2212.84,2746,4116,4979,5570,27029,10215,15694
2013,10,31,5035,68435,41412,84855,80037,2212.84,1860,4917,3628,6671,61369,12707,28160
2013,11,1,62250,23956,14193,25827,44553,2068.07,2704,1615,3102,8644,14144,10147,28673
2013,11,2,37064,28261,20127,54802,71642,2068.07,4835,1350,3105,8398,36464,32616,30343
2013,11,3,97903,36382,56245,54574,14104,2068.07,1615,1352,4259,7159,17494,15274,35304
2013,11,4,75832,94884,15428,3934,85553,2068.07,4080,3968,4183,9094,93769,45824,29572
2013,11,5,30902,53605,2253,35359,14647,2068.07,2974,2548,2801,9270,83473,21904,5069
2013,11,6,25874,16441,98258,85133,63600,2068.07,602,1574,3022,5854,59715,13575,16788
2013,11,7,66647,40148,52544,40830,40707,2068.07,3005,2959,1268,5257,23317,30914,46313
2013,11,8,76678,57644,59815,84480,48214,2068.07,1383,4087,1079,8006,75571,39678,43288
2013,11,9,37781,80868,95461,82155,1591,2068.07,729,3236,3027,9258,25417,35085,21528
2013,11,10,27289,44776,89398,43558,66385,2068.07,823,3062,1710,5174,27541,34923,29067
2013,11,11,10278,50277,9011,86358,71270,2068.07,2387,1634,1801,8410,15120,33392,34583
2013,11,12,42080,3286,67981,70107,84262,2068.07,1544,1550,4525,7598,71459,20909,9751
2013,11,13,90008,62283,63972,76718,29273,2068.07,1641,1814,3141,7003,58611,45762,7865
2013,11,14,37938,999,71164,19740,55199,2068.07,4483,3630,4707,7463,83736,48969,45071
2013,11,15,13566,55281,26872,68091,16222,2068.07,714,2581,1234,9323,99298,12484,48331
2013,11,16,93541,27292,62140,68034,80648,2068.07,618,3584,3100,7662,54675,19312,20751
2013,11,17,12733,74159,23282,27441,77975,2068.07,2761,1539,3650,9632,75982,11223,7018
2013,11,18,67963,81335,33805,44927,67010,2068.07,1163,1901,1746,9654,44934,14796,49456
2013,11,19,50405,75082,92331,4858,92744,2068.07,4508,1828,2516,7789,49268,31842,47006
2013,11,20,61159,8382,39734,39809,78014,2068.07,2384,2327,3401,9574,23605,46763,32068
2013,11,21,66996,91122,73665,43743,20776,2068.07,2487,2532,1334,9817,92389,19128,18600
2013,11,22,73176,6898,40957,27044,61039,2068.07,978,2196,4957,9950,78357,18654,6577
2013,11,23,47039,45742,71650,76792,63282,2068.07,4906,1138,2727,7152,90371,39855,11607
2013,11,24,98523,7859,43740,8555,34029,2068.07,2682,2203,4377,8638,50598,36767,36129
2013,11,25,75215,25836,58964,6524,57158,2068.07,845,1104,4413,7702,13691,12695,37321
2013,11,26,15454,3598,92973,34533,67169,2068.07,4387,2042,2553,8966,90597,41581,33344
2013,11,27,86959,34632,65137,62688,19623,2068.07,4454,1188,2921,8418,17712,31431,15735
2013,11,28,12091,33558,51979,11505,53757,2068.07,551,4209,1248,7056,20093,19139,32022
2013,11,29,83219,10834,51183,7124,45312,2068.07,3705,2270,2762,6486,94957,12384,8132
2013,11,30,62281,10765,23574,20202,69183,2068.07,2984,2624,1194,9963,25480,11302,7638
2013,12,1,16032,46864,3956,15907,66958,2058,962,2790,4277,5210,39453,32408,23096
2013,12,2,71306,88076,91523,1499,99386,2058,3778,1262,3832,5462,95683,17821,3908
2013,12,3,68317,93308,25368,4632,35141,2058,2968,1171,3533,6923,67078,15990,36671
2013,12,4,16371,98907,94633,40648,21507,2058,4407,4163,3513,7510,27014,17030,1786
2013,12,5,51190,7145,64400,11374,23829,2058,4194,3497,4742,9132,13128,19558,10083
2013,12,6,41232,36097,72406,91118,79373,2058,1607,1494,4742,5194,52742,26248,5836
2013,12,7,69383,92150,1765,7896,39432,2058,2146,1972,2274,5804,18345,26103,28779
2013,12,8,19333,63892,84601,5427,34806,2058,626,1036,1529,9065,83505,45901,14081
2013,12,9,54902,75114,57996,9644,94058,2058,2243,3439,4239,5894,87686,25022,10738
2013,12,10,65490,66185,81996,17765,9083,2058,906,4766,1936,9438,50192,31741,16693
2013,12,11,25252,76853,24130,91781,75918,2058,4033,1646,4100,8381,56813,19028,7636
2013,12,12,55471,75410,72949,91062,95769,2058,1084,1258,3171,8872,95374,18605,26987
2013,12,13,97476,21946,13372,10764,33117,2058,2504,3367,1767,5982,66500,49036,29916
2013,12,14,90622,36886,96208,6074,81619,2058,582,2089,4781,9774,28150,40550,3021
2013,12,15,81869,10587,18161,41392,91370,2058,1348,1646,1831,6071,15960,34947,29887
2013,12,16,35987,74818,59667,9106,57804,2058,3142,4776,1522,8708,87201,27374,42519
2013,12,17,23722,2784,14464,68504,24018,2058,820,1780,1818,9917,63629,43626,8967
2013,12,18,89804,89978,98824,57987,46050,2058,4285,2035,1914,8951,91141,30107,14784
2013,12,19,77823,65636,44884,73579,19985,2058,952,3705,1219,7102,28560,41588,48437
2013,12,20,57087,70318,13827,42991,30235,2058,1616,1389,2432,7194,94375,13481,27456
2013,12,21,82928,53661,11870,88880,88965,2058,3987,1786,4997,7414,56716,21333,19363
2013,12,22,78660,7669,81391,46231,5789,2058,2819,2874,1620,6610,22217,26855,9952
2013,12,23,29101,75186,63245,12885,26978,2058,2718,4904,3984,7582,15135,32948,23973
2013,12,24,90302,84123,16087,91651,30698,2058,2983,4356,1823,5870,71938,10474,22803
2013,12,25,37029,9758,81839,33650,77755,2058,1856,3206,1194,6452,36091,38921,20408
2013,12,26,30425,95162,65178,74410,66101,2058,3709,2753,1584,6148,64403,11484,30314
2013,12,27,28951,93739,37193,42126,20816,2058,4737,2844,1990,5864,91493,29347,9132
2013,12,28,63335,84702,52554,58927,41154,2058,4200,1578,1509,9377,62339,32609,4997
2013,12,29,76043,2401,55363,73183,58549,2058,1018,3851,4855,8211,45976,10886,36118
2013,12,30,63695,90714,24868,15287,49993,2058,985,3326,2413,7088,88605,17142,32713
2013,12,31,34888,2806,46497,51398,98535,2058,726,1868,1236,5721,64111,36136,8836
2014,1,1,65130,89988,88047,19693,35965,1349.61,4738,3029,4936,5538,18758,12648,5070
2014,1,2,92363,22701,30062,22254,27658,1349.61,3493,1814,1062,9790,45349,10311,38628
2014,1,3,75249,52631,87900,97322,33094,1349.61,512,4574,1530,7126,50619,32691,24037
2014,1,4,98628,66710,92074,78564,98087,1349.61,2563,1801,1008,7624,45406,18157,1448
2014,1,5,42604,18900,14972,94080,60142,1349.61,4391,1742,4302,8642,49063,12395,26673
2014,1,6,49031,4576,93323,29407,64486,1349.61,3449,4464,1310,8502,74379,17484,43942
2014,1,7,88322,81943,31891,28822,19567,1349.61,1978,3522,1196,8301,72601,12684,27297
2014,1,8,4975,43345,8080,50629,1988,1349.61,4376,1017,4422,5406,96775,25260,23496
2014,1,9,66640,91578,54725,77290,78452,1349.61,2378,1773,1046,8546,11946,46965,29105
2014,1,10,27918,8925,25488,24114,37226,1349.61,1802,3551,2785,9942,18370,19554,14441
2014,1,11,11082,38557,27142,5504,77607,1349.61,763,4245,1846,7390,37886,26649,40270
2014,1,12,97297,40266,93423,8343,90886,1349.61,1659,3802,1298,7006,59267,34222,5369
2014,1,13,27940,56071,59126,85725,93657,1349.61,1848,4737,3213,5341,26592,13254,18306
2014,1,14,61963,23709,61417,93809,75549,1349.61,1810,2844,4568,6584,97538,30453,49304
2014,1,15,51954,85551,65609,98950,99049,1349.61,4523,1987,2297,8649,29063,14620,24876
2014,1,16,43307,90912,12043,66521,12606,1349.61,3691,4567,3695,5108,84728,20595,4988
2014,1,17,44412,21539,59792,83980,68123,1349.61,784,1427,2879,5498,51729,16570,7330
2014,1,18,37621,51253,85268,51270,9902,1349.61,3575,3208,1594,6969,36080,34199,14332
2014,1,19,41957,19772,25120,37004,64880,1349.61,2598,4290,2737,7492,19252,15859,9848
2014,1,20,41072,56759,68640,303,69503,1349.61,3582,2122,1620,6774,74744,47874,20369
2014,1,21,90886,33320,67435,12480,36641,1349.61,3031,4949,3285,9014,31952,18098,3515
2014,1,22,14350,55904,30160,62087,39645,1349.61,4297,2067,2891,5882,13722,32393,39782
2014,1,23,83305,72305,5869,71278,48859,1349.61,4151,4743,1162,6585,68575,16923,30613
2014,1,24,56452,47959,78225,96089,52461,1349.61,605,3161,2432,6190,61599,38428,10178
2014,1,25,86899,55897,35497,99790,18834,1349.61,2182,3489,4226,8050,89766,12370,15571
2014,1,26,85015,75270,42829,15298,11855,1349.61,3573,4657,1436,6797,80746,44525,27756
2014,1,27,3327,81352,27687,85759,28469,1349.61,539,1718,1534,9578,31507,46719,39286
2014,1,28,57958,30043,15209,12184,34445,1349.61,546,4459,1596,8908,51108,24803,21328
2014,1,29,2205,49682,9461,94271,26480,1349.61,3795,1157,2910,5678,48268,16378,40207
2014,1,30,88472,88808,48098,66358,81195,1349.61,3076,1016,2350,9284,67686,26795,45957
2014,1,31,32317,99308,12607,28913,90109,1349.61,606,3664,3396,9528,19286,12464,13715
2014,2,1,74435,2385,73997,57269,67005,3074.5,2091,1632,1176,8449,53357,33484,6728
2014,2,2,7878,8861,25836,18867,92900,3074.5,1182,2206,1958,6447,98666,28950,2631
2014,2,3,82867,7331,8699,62395,26618,3074.5,4833,2403,1526,5181,74671,17018,31278
2014,2,4,78261,53115,39183,49437,97916,3074.5,4273,2145,1400,5108,41011,44299,42540
2014,2,5,77739,8547,2858,9327,21346,3074.5,4628,4211,1710,9679,82958,18174,1524
2014,2,6,27309,47792,85578,27323,19325,3074.5,693,2585,1067,9875,63373,43982,26601
2014,2,7,42415,12647,82480,60167,87755,3074.5,4465,1844,3389,7358,15054,19734,23492
2014,2,8,91550,28504,90298,16756,58183,3074.5,1281,1990,2398,6432,29165,23075,23256
2014,2,9,79812,39859,70661,42231,6086,3074.5,1213,3499,3032,5044,17342,17138,34034
2014,2,10,24888,79484,48984,73277,53159,3074.5,4362,4707,1360,6012,77814,19094,22858
2014,2,11,39268,79097,61386,93019,82308,3074.5,1093,3470,1760,6220,20701,11410,40551
2014,2,12,3491,23267,1345,66523,8311,3074.5,3661,3198,1702,8996,22826,25356,26363
2014,2,13,88206,98542,36416,89567,64554,3074.5,930,1446,3326,6845,13190,41985,14231
2014,2,14,33748,95636,70456,80508,65093,3074.5,3352,3583,1558,8462,51457,10884,7509
2014,2,15,93764,1471,4988,15962,16819,3074.5,1317,1078,1354,7733,94590,40907,27814
2014,2,16,41964,76403,11081,51642,3249,3074.5,4978,1995,2610,6785,33855,17702,40623
2014,2,17,54295,83560,86286,1421,34609,3074.5,3209,4724,1140,8196,60685,22384,37744
2014,2,18,6011,68356,77409,48717,96089,3074.5,976,4403,4752,7056,22396,34352,38351
2014,2,19,24031,82375,37701,76641,45512,3074.5,4343,4805,1974,6980,17578,12160,21556
2014,2,20,51076,90788,50800,6642,68985,3074.5,764,1346,1191,9137,40062,17272,27837
2014,2,21,77488,96039,63035,58592,79447,3074.5,2944,4829,1026,5222,96469,46020,1783
2014,2,22,68552,7165,62178,23666,20498,3074.5,1092,1572,1895,6496,94565,22231,29756
2014,2,23,41081,89943,79930,53624,79080,3074.5,2255,2918,3734,5289,47862,28180,36344
2014,2,24,43425,90807,64362,43933,87803,3074.5,4952,1353,4347,8550,96370,21196,27184
2014,2,25,48238,58816,92770,51485,88411,3074.5,606,4490,4981,9996,99466,10834,3687
2014,2,26,56341,61722,94684,5075,3363,3074.5,4606,1786,4703,7946,90719,37505,42546
2014,2,27,91152,97024,10211,91851,49154,3074.5,3047,3743,1747,8702,81579,20158,22933
2014,2,28,42207,21648,16001,52188,41644,3074.5,2600,4335,3539,9162,19409,46902,15467
2014,3,1,69017,43689,60884,99337,50760,1443.55,1839,2783,4950,8689,13288,47882,48389
2014,3,2,28089,43384,45983,66609,24964,1443.55,3815,1610,3492,8086,18450,30311,32493
2014,3,3,34955,18942,90203,3590,38351,1443.55,4769,3718,2145,8046,39406,47904,37105
2014,3,4,6745,46246,62040,31695,61288,1443.55,929,4375,3711,7674,55984,10026,25329
2014,3,5,74404,81152,22989,39248,58506,1443.55,910,3460,1535,6113,13401,19942,27595
2014,3,6,13218,44524,41309,76715,36528,1443.55,971,3272,1960,6030,91318,38247,30715
2014,3,7,44691,87248,93975,79755,29159,1443.55,4780,4913,2461,5548,75513,11944,16311
2014,3,8,6716,11424,15780,53251,37537,1443.55,839,2106,1030,8618,43820,42935,45533
2014,3,9,9215,34792,2560,52527,87803,1443.55,2125,3844,2477,8862,28598,42987,43878
2014,3,10,33763,84732,62902,81224,47501,1443.55,3542,4215,4837,9321,23817,14934,38415
2014,3,11,81207,94657,70833,87614,23157,1443.55,548,3722,1602,9459,10054,19950,14653
2014,3,12,59690,58374,18795,57167,25825,1443.55,642,4586,3476,9406,57162,12328,13746
2014,3,13,17821,60705,66544,84011,96379,1443.55,4088,3936,2720,9850,81549,14466,6713
2014,3,14,5925,28451,5951,88073,77910,1443.55,3022,2598,1923,6348,11116,24100,7199
2014,3,15,56915,11271,39,5391,90677,1443.55,4070,4849,4257,6965,25211,46987,7201
2014,3,16,23678,29300,40924,41398,20572,1443.55,3626,1495,1854,7494,14568,45184,22473
2014,3,17,44480,88943,99135,42755,82112,1443.55,1854,1538,1521,6500,77119,28549,10252
2014,3,18,40446,11190,69751,91055,28155,1443.55,3041,1831,4260,8964,19172,44831,44962
2014,3,19,17790,24560,87680,85064,45488,1443.55,504,1318,2541,9382,49073,12020,18600
2014,3,20,55986,15928,61383,77507,99173,1443.55,2407,1950,1043,8662,47024,44198,38503
2014,3,21,87120,1419,62382,27733,96735,1443.55,3915,4523,4225,6594,15939,41065,38315
2014,3,22,95194,46187,97384,19088,91921,1443.55,806,2905,3736,5662,41763,27908,46457
2014,3,23,41329,80524,50231,23725,72682,1443.55,2922,1152,1110,6655,15566,28111,13608
2014,3,24,84971,92801,58988,14196,85747,1443.55,530,2292,2464,5298,16379,45737,24927
2014,3,25,65453,57824,93643,44189,60650,1443.55,3449,3330,2281,8679,42054,19878,1759
2014,3,26,18639,76329,97467,33664,72984,1443.55,3127,4305,1016,7114,19442,12601,1352
2014,3,27,28393,10114,9894,65857,29110,1443.55,1593,4562,1799,6382,55102,27449,42625
2014,3,28,73347,93552,12132,21980,82232,1443.55,3293,1748,1865,6142,50885,36200,20538
2014,3,29,58463,45365,26859,68966,82479,1443.55,2919,1750,3176,7812,93078,14582,31712
2014,3,30,66790,4673,14553,83589,26261,1443.55,2389,1926,3206,9520,37937,11789,19655
2014,3,31,76410,97583,79011,39627,38342,1443.55,827,1804,1611,9037,82121,40441,46248
2014,4,1,80041,17664,25277,4206,10743,1691.6,994,1686,3466,7542,58026,13121,28915
2014,4,2,48325,90337,92680,54197,44626,1691.6,606,2207,3478,7734,80548,29726,4469
2014,4,3,62412,93705,87690,81449,75827,1691.6,3548,1742,1598,5974,76423,13082,28132
2014,4,4,19092,47418,38303,62559,34705,1691.6,2031,3028,3016,9430,53576,13993,12681
2014,4,5,39179,84183,6201,89009,70768,1691.6,758,4530,1842,5562,47331,22631,36750
2014,4,6,67260,12232,28499,63054,2409,1691.6,942,1500,3691,9686,13430,19747,21274
2014,4,7,69630,8794,2776,88998,93504,1691.6,2991,4033,3238,9191,54393,44005,22704
2014,4,8,62293,55833,9888,59099,28609,1691.6,1729,2219,1614,6579,91624,38210,7219
2014,4,9,97854,93919,26063,82897,34516,1691.6,2643,1002,1617,7110,18996,11472,42825
2014,4,10,94474,62485,26858,67712,38029,1691.6,3068,1310,2083,7956,59418,32043,31252
2014,4,11,11527,91149,94263,97329,84080,1691.6,539,1932,4805,7953,64828,30672,35887
2014,4,12,70779,67472,51169,22396,89242,1691.6,910,1222,1710,7077,67778,43878,27014
2014,4,13,8329,95848,10551,61764,50156,1691.6,662,1681,2469,8850,75362,11548,19970
2014,4,14,56660,60902,59834,52817,5207,1691.6,3488,1978,3485,8134,14732,14078,41014
2014,4,15,28022,14953,30498,224,58382,1691.6,4101,3062,1930,9314,44825,10630,48277
2014,4,16,90974,4985,38664,84795,75757,1691.6,2694,2415,1278,5064,85231,46485,14026
2014,4,17,63542,85072,88822,88379,36080,1691.6,3808,1842,4857,9306,80676,43239,3554
2014,4,18,63935,91131,76302,74410,12135,1691.6,774,3107,3814,8182,17042,34571,37479
2014,4,19,4081,66948,83339,95359,5828,1691.6,1843,1450,4993,5390,90450,22425,34923
2014,4,20,571,25611,19231,35429,74917,1691.6,918,3850,2388,7672,29611,35874,16259
2014,4,21,75151,81003,38982,50318,71058,1691.6,1240,1166,1534,9166,70495,48713,9587
2014,4,22,85853,62340,50786,72199,59357,1691.6,975,4926,1845,6557,11706,16238,41236
2014,4,23,62816,56726,13317,86557,10750,1691.6,2430,2252,1158,7764,52569,11339,42929
2014,4,24,37351,53810,86477,80237,54740,1691.6,3949,1944,2015,9734,29142,11371,23325
2014,4,25,37322,56470,87650,20520,3027,1691.6,3633,1692,2433,7826,52397,33183,49357
2014,4,26,51230,91181,85436,91513,68945,1691.6,2851,1294,4517,5680,86531,45608,4357
2014,4,27,79005,31833,52553,47372,27920,1691.6,822,1592,4515,5496,16958,15092,48047
2014,4,28,62100,80745,39736,50886,72695,1691.6,4068,3923,4664,5855,31787,18608,8485
2014,4,29,6564,34640,91256,31081,56672,1691.6,1688,2027,2322,5593,99398,36593,44139
2014,4,30,93640,74493,68187,48156,37236,1691.6,2048,1384,1042,7162,66572,40088,20298
2014,5,1,16993,80364,69933,69200,12152,2266.71,762,3142,2500,6842,19813,22990,4894
2014,5,2,49883,71841,15313,45476,71239,2266.71,944,2082,1622,7254,15669,13492,1907
2014,5,3,42023,31357,7784,3807,14281,2266.71,4074,1272,1888,8022,16823,23090,14224
2014,5,4,15252,92586,36233,77752,15780,2266.71,741,2014,4237,9654,27489,31827,22398
2014,5,5,665,99309,10262,87109,19283,2266.71,3849,1305,2287,7985,65111,21567,25931
2014,5,6,48561,39186,19193,9500,99544,2266.71,2589,4795,4953,5173,17806,27084,2368
2014,5,7,23923,75993,59099,68160,74751,2266.71,1338,1686,2248,6599,62522,21531,2941
2014,5,8,52531,22724,82837,26170,90709,2266.71,4088,4269,3484,6570,48768,12138,47948
2014,5,9,2001,47711,34175,46954,99236,2266.71,788,3158,1698,5840,15348,26519,9426
2014,5,10,18781,40361,1934,37381,66960,2266.71,536,1692,2178,8912,62010,44239,14456
2014,5,11,38751,92452,33509,42235,42084,2266.71,1614,4083,2690,8590,14786,11926,48629
2014,5,12,71566,47779,1437,23335,63619,2266.71,4853,3750,4465,8138,52482,32777,9106
2014,5,13,48946,27747,84971,52477,2198,2266.71,1715,1906,1578,6575,99534,47867,13334
2014,5,14,95204,77501,41952,74247,89642,2266.71,1172,2558,3469,7608,17245,27087,49340
2014,5,15,63066,67099,92190,28884,35238,2266.71,1660,1078,2418,5974,53010,40967,44673
2014,5,16,26316,99726,48268,98452,12653,2266.71,1319,4208,1654,9254,98454,31295,47803
2014,5,17,20314,34627,25207,33784,88587,2266.71,2222,1651,4549,9412,80534,11138,42452
2014,5,18,64085,58547,61674,52855,37882,2266.71,722,1106,1532,8441,79000,19540,31036
2014,5,19,72596,91672,83974,14250,46294,2266.71,1897,1606,3405,7103,16741,38343,32428
2014,5,20,29555,43965,89996,39104,63377,2266.71,1594,3812,1780,9248,13018,49661,36882
2014,5,21,25655,73192,80210,72768,81633,2266.71,2533,1168,2232,5726,84829,29877,25562
2014,5,22,31639,46727,12837,65044,33830,2266.71,3387,3383,3541,9734,18838,13106,29578
2014,5,23,12968,51785,13434,74748,62756,2266.71,760,3410,2000,7322,77529,47627,26452
2014,5,24,79236,26415,68208,46469,59274,2266.71,2697,1832,1114,5533,72306,16295,19389
2014,5,25,35112,75694,46031,25005,1780,2266.71,3274,1099,4357,8059,22198,12112,31221
2014,5,26,50864,12960,16875,66859,16634,2266.71,837,2220,1646,9044,58688,46443,44405
2014,5,27,34785,51387,87355,67251,73272,2266.71,3545,3382,3058,5927,33387,19838,26014
2014,5,28,93501,28014,938,42858,52425,2266.71,1321,3287,2446,8196,70145,35431,23136
2014,5,29,98953,50984,97653,36123,16380,2266.71,2566,1164,1750,6272,34766,13702,22693
2014,5,30,12286,68313,22085,80345,80592,2266.71,1534,4091,1188,7656,33300,18613,21824
2014,5,31,23311,4623,71901,75758,9171,2266.71,2540,3122,4381,5192,60596,42112,8399
2014,6,1,93163,9629,4668,45788,44396,2141.23,4424,4059,3158,9546,19310,44981,34722
2014,6,2,37655,95,77523,21478,49747,2141.23,4788,1450,4387,6897,79890,18284,46136
2014,6,3,14438,4365,18519,5983,64962,2141.23,906,4475,1611,9974,20262,47358,26984
2014,6,4,25961,94688,76418,99119,65808,2141.23,912,3462,3866,7973,24939,18612,2421
2014,6,5,461,69728,39334,51201,6625,2141.23,684,2414,4940,5208,43396,19634,35576
2014,6,6,72192,29968,95729,75155,37558,2141.23,2513,3517,2030,5282,78987,42837,15992
2014,6,7,17703,55792,12652,36569,93765,2141.23,754,1164,1014,6998,61777,12999,3944
2014,6,8,96442,38467,414,36382,33675,2141.23,2634,2217,1480,6736,97372,44037,10162
2014,6,9,85707,36238,23908,29089,51520,2141.23,1925,4222,3685,7502,11590,18802,2895
2014,6,10,4873,27324,79380,44895,4542,2141.23,2893,1976,1958,8306,53716,46001,7509
2014,6,11,84820,27704,68219,91300,97419,2141.23,684,3124,3179,9244,12212,19699,15591
2014,6,12,78491,50490,55274,37177,17771,2141.23,2330,2642,4739,8061,83889,18570,27416
2014,6,13,75570,91783,26616,87896,16442,2141.23,3896,1260,4387,8490,17834,21805,30333
2014,6,14,84058,44250,21282,2238,19846,2141.23,3288,3335,1686,7132,51863,34457,49846
2014,6,15,20977,74194,73452,42068,92255,2141.23,2700,4175,4123,5406,72071,31916,7341
2014,6,16,7352,22320,83177,31739,40787,2141.23,3543,4844,2689,9658,43433,22534,42089
2014,6,17,41022,48074,87223,57709,7987,2141.23,2165,1286,4631,5616,87382,21885,39086
2014,6,18,22958,71435,22414,88433,82102,2141.23,706,1620,3155,9876,37543,40294,10837
2014,6,19,78318,7440,15139,31007,82264,2141.23,4893,3285,2996,6944,80993,30982,24924
2014,6,20,62553,89511,76297,92184,55127,2141.23,852,4435,2816,9186,82867,16270,30031
2014,6,21,80023,69568,72076,29530,39445,2141.23,4823,4113,2057,5282,65119,15673,9619
2014,6,22,42589,1365,55311,81937,24832,2141.23,4270,3736,3517,7706,12271,13643,2656
2014,6,23,1950,59045,24432,86119,28231,2141.23,3740,4604,3218,6590,54134,32662,23651
2014,6,24,66786,90310,83128,196,57976,2141.23,2220,1136,1936,7774,82500,14302,14599
2014,6,25,56538,11771,10883,15055,33690,2141.23,934,1991,3550,5832,54461,43133,39507
2014,6,26,9484,23202,67738,2702,64017,2141.23,1715,2153,4885,9694,63700,11470,38224
2014,6,27,99441,95921,3424,81756,99803,2141.23,3902,2691,4046,6136,16418,47735,35924
2014,6,28,71995,49148,16079,70546,51332,2141.23,630,1638,3740,7767,63515,24108,20540
2014,6,29,52344,15231,37615,97229,66425,2141.23,1440,1740,2235,9863,47620,13389,1315
2014,6,30,22140,52875,86082,36186,85364,2141.23,554,2357,2029,5416,44254,23361,6531
2014,7,1,74285,84176,13336,88405,47692,1678.13,747,4273,1409,8664,62050,18162,3796
2014,7,2,70768,27916,72664,6983,91888,1678.13,4121,1114,3485,6662,46477,45016,36053
2014,7,3,98284,3835,67046,30987,48090,1678.13,580,2373,4582,7840,10777,38625,40407
2014,7,4,84064,67877,34251,25473,38556,1678.13,4548,4322,1144,7211,32657,32455,46301
2014,7,5,59617,61779,93570,48102,59790,1678.13,4469,3072,1926,6515,89058,24673,6399
2014,7,6,33274,39639,47048,24208,19907,1678.13,2832,3969,3405,6880,45793,46960,24177
2014,7,7,9736,46695,22636,50304,20258,1678.13,4110,4873,3422,9031,44327,43211,5293
2014,7,8,65430,20149,51284,42014,46664,1678.13,1687,1289,2684,6134,20496,32590,6694
2014,7,9,20615,99682,52912,79020,29469,1678.13,980,4203,1750,9944,11726,32008,48705
2014,7,10,70260,21321,78234,3682,46704,1678.13,1893,2132,4061,9066,70498,22076,38913
2014,7,11,21223,37186,34718,33907,83624,1678.13,2848,4237,1247,5759,99609,11590,5215
2014,7,12,50816,75590,56271,12567,6909,1678.13,926,2167,4801,5511,80848,46505,28482
2014,7,13,60777,94094,74990,19838,58623,1678.13,3265,1196,4024,5976,30102,48999,11840
2014,7,14,64550,29303,3238,52149,65062,1678.13,4215,1762,4787,5485,44794,13630,2847
2014,7,15,3967,72073,95215,20121,77585,1678.13,2977,3360,2860,8646,74549,11482,42415
2014,7,16,36159,49167,74031,51535,58502,1678.13,534,4402,4786,8502,91550,14847,20485
2014,7,17,89322,77118,47076,461,2604,1678.13,3507,2921,1206,7452,59393,15766,8223
2014,7,18,22488,58723,12591,25348,33042,1678.13,3181,1112,2658,7211,37085,11159,3492
2014,7,19,97696,3972,50563,47482,74095,1678.13,3680,4767,1174,8462,80227,18178,8465
2014,7,20,50331,15087,93811,30625,45160,1678.13,4855,2647,1926,7604,92994,11319,3205
2014,7,21,37290,96177,46871,89948,89740,1678.13,2458,3787,4279,8754,67620,44726,1266
2014,7,22,42838,46302,90846,94772,4762,1678.13,4308,1606,2511,6246,16606,47671,21074
2014,7,23,12675,23275,15319,24602,57073,1678.13,2272,1436,2192,9143,10710,26932,24665
2014,7,24,65804,18119,47072,86435,2492,1678.13,1160,1680,2344,8054,56451,32105,14692
2014,7,25,59432,22112,53549,78295,65230,1678.13,965,2904,2006,5162,18857,18582,5617
2014,7,26,82301,21130,63028,19493,86625,1678.13,2776,3779,4510,9847,55214,33353,30040
2014,7,27,24540,36375,95034,1884,24733,1678.13,3989,1040,4947,7537,78810,10362,17837
2014,7,28,9506,21128,49433,4749,78764,1678.13,2062,1063,2123,6442,80555,17504,34642
2014,7,29,32834,43333,93880,47344,53180,1678.13,696,2718,1819,8354,95954,42904,49094
2014,7,30,59918,79944,59772,66217,33833,1678.13,2745,3338,1061,7068,48086,19326,4934
2014,7,31,88172,21501,15888,10295,57943,1678.13,796,2128,1126,9272,54471,18622,46443
2014,8,1,51521,3377,80186,43602,99331,2527.9,4871,1260,4212,9786,29458,16614,39442
2014,8,2,40185,72797,30208,43715,20883,2527.9,1885,3734,2270,8531,33029,30064,1384
2014,8,3,93925,40158,86192,23198,94629,2527.9,2914,2500,1577,8912,22454,47260,11850
2014,8,4,53893,58678,42886,53106,61117,2527.9,2251,2653,1491,7630,77719,48725,22344
2014,8,5,55194,25957,57461,72464,84488,2527.9,3879,3411,1998,5718,17960,15966,6842
2014,8,6,33272,35876,20480,81202,50327,2527.9,3461,4219,2962,7698,57324,45430,9286
2014,8,7,76395,80928,13084,37886,34738,2527.9,2963,1282,1758,6918,95097,10030,40803
2014,8,8,33617,13977,96010,80615,35400,2527.9,4944,1014,4844,7130,66223,16523,13970
2014,8,9,51061,11037,20743,69023,98736,2527.9,4453,1102,1697,7786,29366,42786,44419
2014,8,10,84692,82330,49069,17802,9105,2527.9,4047,2720,3141,5662,23334,19794,44166
2014,8,11,45378,94632,94916,11575,86407,2527.9,3097,3819,4879,5191,22841,14486,27491
2014,8,12,75962,3647,95096,67659,13888,2527.9,898,3578,1791,9512,32731,15895,24462
2014,8,13,20030,51779,58617,94523,99539,2527.9,4415,4916,2933,5682,56490,45692,48303
2014,8,14,9525,940,49512,14404,66131,2527.9,4369,2091,3703,9464,26101,22590,38705
2014,8,15,53927,36546,37521,60718,12410,2527.9,1612,2438,3382,6350,43312,37920,20252
2014,8,16,66236,64080,99189,59169,79762,2527.9,1212,1286,2969,5854,20041,10912,22031
2014,8,17,25781,70764,13895,34484,228,2527.9,3425,4153,2892,7630,14870,10612,39996
2014,8,18,97549,7836,54092,35931,75768,2527.9,842,2002,2835,9391,18886,15204,47405
2014,8,19,61423,88736,79588,34392,25812,2527.9,1195,1591,1743,6326,86074,36971,15981
2014,8,20,60086,59500,41125,52978,86797,2527.9,4631,4344,1534,8722,36627,22301,22348
2014,8,21,42479,26831,14305,20315,16222,2527.9,4263,3995,1134,6774,44739,46373,31828
2014,8,22,6183,50935,97965,9279,71024,2527.9,1249,2460,1241,7460,16790,13037,1594
2014,8,23,42425,91422,47383,38959,36496,2527.9,1260,1334,2191,7694,15640,43412,34010
2014,8,24,73744,26256,53761,10658,16458,2527.9,2031,3991,4433,5418,48269,36808,48500
2014,8,25,71739,60871,84270,47980,14597,2527.9,2369,2020,3832,9512,12331,45327,17412
2014,8,26,75113,39944,57006,2304,81860,2527.9,2067,1954,1038,5827,82611,48061,22646
2014,8,27,30679,39643,87054,96464,27343,2527.9,3272,1758,2545,7796,79763,27141,1675
2014,8,28,51305,7133,514,76489,81884,2527.9,3167,3347,4139,5173,75650,16118,29197
2014,8,29,84171,54071,22953,99424,86250,2527.9,3836,1928,1558,7182,13391,10514,21917
2014,8,30,2565,63016,20685,15110,96909,2527.9,3602,4564,3932,5467,41052,22168,1826
2014,8,31,4665,95573,95516,73804,90746,2527.9,1154,4915,1588,7478,90690,44189,37519
2014,9,1,54528,61118,80286,5417,74510,2542.6,4332,3876,2574,5793,50785,39374,35538
2014,9,2,30748,31702,63307,6216,89107,2542.6,879,4678,2342,8342,75423,34860,35475
2014,9,3,58541,66691,42801,39000,57382,2542.6,2725,1908,3107,8010,33676,38968,36990
2014,9,4,39901,74362,9197,78827,30155,2542.6,3200,1814,3035,7858,83469,47141,26334
2014,9,5,83334,10701,98172,80676,11735,2542.6,1887,1130,1636,9384,25626,14017,23595
2014,9,6,28029,83352,42278,92488,37715,2542.6,2807,3966,1667,7004,72792,46821,25955
2014,9,7,33338,7345,74076,41373,5203,2542.6,4865,4887,3244,6082,15382,46331,7545
2014,9,8,42983,83802,82959,99620,24841,2542.6,4988,2869,3287,9094,61708,46001,8585
2014,9,9,64573,9517,56320,31240,66521,2542.6,4412,1209,2807,9690,73934,16030,29112
2014,9,10,8737,28800,62898,76982,98189,2542.6,4664,2522,4965,5254,73493,12326,31165
2014,9,11,97559,3483,75380,22198,92101,2542.6,4551,1672,1603,7030,17082,29475,37088
2014,9,12,69983,48676,62038,22790,99868,2542.6,2151,3604,1122,6401,85585,45662,35972
2014,9,13,57566,91602,53186,22531,80576,2542.6,790,4485,1512,6854,16682,38612,26679
2014,9,14,57508,1234,11637,20463,42105,2542.6,1290,3438,1864,8327,67579,30794,15900
2014,9,15,64299,64732,89399,61773,57485,2542.6,2435,1878,4288,6972,53931,29863,41336
2014,9,16,53651,98973,90701,16516,19392,2542.6,538,3250,3616,6242,13713,17072,7384
2014,9,17,15368,80004,95511,12647,8331,2542.6,4793,3980,1060,9191,50752,18009,29443
2014,9,18,6880,24540,33059,22520,51512,2542.6,3735,1514,2313,9435,38029,21705,36990
2014,9,19,16819,9509,14956,41788,92625,2542.6,3859,2992,1046,5846,20638,49705,45021
2014,9,20,165,30432,38686,60690,45976,2542.6,3698,4206,1346,8108,91725,31841,5791
2014,9,21,15098,10461,3356,33764,19897,2542.6,1820,3066,2244,6775,94853,19748,7737
2014,9,22,48149,3714,84214,73172,24436,2542.6,2877,1912,2987,7914,13190,30314,21204
2014,9,23,83705,80339,15873,30387,8447,2542.6,2227,4895,4410,7766,73658,20658,23950
2014,9,24,89671,45479,40077,73267,48607,2542.6,4487,1754,4995,7410,86277,45782,34931
2014,9,25,71257,25507,36734,55596,3422,2542.6,2261,3477,1158,8133,33863,19732,4726
2014,9,26,42083,62443,16109,92845,10729,2542.6,4854,1750,2949,9931,90017,32907,6120
2014,9,27,71214,39505,46014,42561,89558,2542.6,3342,2165,4149,5738,32760,43922,32292
2014,9,28,46153,35022,97401,97568,69507,2542.6,3780,1588,1410,6240,20785,13990,47616
2014,9,29,12360,640,70242,96662,36923,2542.6,4568,3135,1114,7766,50695,22023,10259
2014,9,30,40578,5390,99189,14727,13169,2542.6,694,1354,4673,8753,89591,19179,48301
2014,10,1,63372,97121,29131,69613,17906,2786.06,3323,3544,2862,5374,71819,29472,32622
2014,10,2,57258,79955,61939,49192,47003,2786.06,4768,3743,3150,6838,81912,31451,33963
2014,10,3,45848,73937,47477,84601,63529,2786.06,2321,3251,1094,5616,29215,48033,16657
2014,10,4,15425,27540,82930,84639,55228,2786.06,4110,2484,1055,6049,61675,48057,4749
2014,10,5,76364,67796,83153,59514,4995,2786.06,2316,2193,1442,9596,51794,35233,31417
2014,10,6,87802,55468,78485,34282,88271,2786.06,2314,1814,1591,6410,18770,13646,7701
2014,10,7,52697,35149,35656,20104,27550,2786.06,4512,3912,1478,7664,79777,11326,13683
2014,10,8,99082,3447,70018,70787,58240,2786.06,1019,2392,4982,9016,96673,48253,38164
2014,10,9,8556,95340,18301,76499,93287,2786.06,3317,2334,4485,5324,82437,18386,39338
2014,10,10,49007,16950,22299,46837,34615,2786.06,4660,1814,1874,6030,20833,46465,18429
2014,10,11,90546,43205,58858,529,44060,2786.06,562,2615,3573,9785,29113,43211,21883
2014,10,12,89123,28783,55547,79961,64107,2786.06,3346,4465,1285,6997,76301,11808,37984
2014,10,13,55426,42315,72299,93652,78345,2786.06,998,3889,1335,5325,85769,46746,43132
2014,10,14,53560,903,49362,37133,50688,2786.06,696,1162,4961,8994,36122,20420,44828
2014,10,15,56578,50821,49886,27863,87818,2786.06,974,4594,4852,9674,53245,13196,26187
2014,10,16,31895,59714,48439,84582,25039,2786.06,1327,3597,1462,5582,32081,18501,1130
2014,10,17,41869,78778,74664,81830,81019,2786.06,3601,2595,1606,8486,81809,15775,10786
2014,10,18,11026,31923,25371,12230,54334,2786.06,862,2579,4681,7222,87160,46071,44968
2014,10,19,90776,68489,91022,58590,15530,2786.06,2091,3749,1879,7046,71930,32898,23103
2014,10,20,62541,90533,36846,40499,75371,2786.06,1273,2747,1164,7995,14977,21263,18656
2014,10,21,59316,6756,23843,30349,63324,2786.06,1419,4098,2195,7440,29040,44076,27356
2014,10,22,56896,6132,34178,58775,74238,2786.06,3024,3129,2991,9750,93627,38362,6108
2014,10,23,13526,16254,7462,80455,80601,2786.06,1717,4915,1100,7678,86615,17746,22439
2014,10,24,85620,29388,79320,14167,63180,2786.06,3242,1334,1694,9706,78849,10168,8360
2014,10,25,14879,36874,58210,27871,48096,2786.06,2584,1620,4441,7030,58427,31394,18189
2014,10,26,78837,60145,21310,40734,18409,2786.06,4602,1546,3664,5273,34545,33195,24278
2014,10,27,69985,9140,53271,827,1559,2786.06,905,1437,1696,7606,60659,49792,48472
2014,10,28,48656,93244,27765,49449,49641,2786.06,842,4828,2688,8504,85562,47448,36192
2014,10,29,92782,51517,17829,62798,96790,2786.06,992,1773,2865,5614,83951,45775,18726
2014,10,30,14086,89857,12213,32135,86676,2786.06,3278,1350,2466,6042,18230,48459,39224
2014,10,31,28587,31974,93288,7627,478,2786.06,662,4610,1490,9254,72407,43506,28850
2014,11,1,84752,26632,85846,50367,10583,2130.33,803,1791,1550,5884,13894,49408,31621
2014,11,2,11216,55149,98228,53611,56279,2130.33,2196,3251,1325,9822,10170,35175,46687
2014,11,3,11249,14691,81893,50504,3450,2130.33,3483,3201,3382,5510,38567,28965,41752
2014,11,4,58653,19371,95757,68838,48661,2130.33,4598,4875,1454,9177,29837,43352,15575
2014,11,5,62216,28386,31605,18541,34560,2130.33,606,1626,2727,8312,12663,21176,3037
2014,11,6,10064,87499,59378,94798,48179,2130.33,3762,3182,1846,5870,92020,48679,14297
2014,11,7,17797,92971,74907,4871,8500,2130.33,3223,1438,4481,6179,89254,34041,4745
2014,11,8,49216,75675,46202,16943,43987,2130.33,4471,1634,1362,6710,65198,10892,8865
2014,11,9,94498,55314,34075,44517,57536,2130.33,4547,1358,1768,8916,80202,10267,42447
2014,11,10,55550,28426,30982,5032,40957,2130.33,4072,1446,2262,5273,23466,22600,36589
2014,11,11,94138,44290,43002,56852,24491,2130.33,2743,1386,4864,7298,96207,37400,24552
2014,11,12,60617,55755,29085,12385,90208,2130.33,2652,1524,4064,9985,50788,11372,9287
2014,11,13,56574,56213,1545,85188,7838,2130.33,4139,1974,1314,7140,75177,10142,41364
2014,11,14,58045,42921,61834,37909,61090,2130.33,1660,3057,3794,6022,50442,16038,8041
2014,11,15,46384,23095,66112,16800,59432,2130.33,3171,1005,1640,9716,17544,13652,33252
2014,11,16,71080,91685,31979,73084,8825,2130.33,4578,3220,1427,5674,21129,43868,7156
2014,11,17,19453,29142,81927,33247,49887,2130.33,3600,1269,1814,6063,13068,31245,32369
2014,11,18,69315,41240,63603,75130,87308,2130.33,562,4738,2831,7111,47822,48007,31148
2014,11,19,44267,63753,81229,10694,25164,2130.33,914,4615,2850,5690,94214,14088,18710
2014,11,20,1561,47815,26710,89727,83879,2130.33,2323,4544,2369,7478,61026,16598,39778
2014,11,21,98426,66160,75768,87609,19624,2130.33,1967,3889,3693,9547,90935,45208,39942
2014,11,22,18257,61850,89825,82460,31042,2130.33,1547,2601,3204,6524,38679,48434,1594
2014,11,23,79387,76003,34332,93108,93281,2130.33,4136,3057,4220,6255,95665,13843,11710
2014,11,24,42549,13986,77734,62594,13533,2130.33,2801,3141,1869,7964,46952,27910,35021
2014,11,25,14368,59852,26864,78925,83109,2130.33,3710,3847,2896,8041,88306,18982,15543
2014,11,26,89751,82443,75587,83972,85050,2130.33,4166,3949,1589,7626,13094,15121,21253
2014,11,27,76920,30697,79615,40141,61026,2130.33,4402,1602,1418,7617,70669,35878,26567
2014,11,28,59512,14380,81078,17409,92422,2130.33,4937,3523,3178,8518,98846,12942,19385
2014,11,29,48128,13014,13530,49717,21265,2130.33,1190,3184,2120,6502,54676,28145,36425
2014,11,30,87372,5432,19891,90142,83049,2130.33,1019,3912,4939,7097,76320,13712,40560
2014,12,1,77610,12236,11012,54485,27435,1708.77,2612,1818,4121,8680,61711,30545,30592
2014,12,2,49871,76248,14018,27028,47277,1708.77,750,2707,3405,7198,52107,35316,8515
2014,12,3,13263,11020,6608,86712,3692,1708.77,4544,1300,3907,9046,35785,26341,20320
2014,12,4,21148,54750,33141,15269,39782,1708.77,2165,4652,1099,6182,33031,34727,44852
2014,12,5,34698,63782,87435,29455,1025,1708.77,4770,4286,1913,5542,16118,36956,5894
2014,12,6,58050,46895,84610,6957,87451,1708.77,4649,3598,1495,5588,40218,31276,36747
2014,12,7,27642,18737,37281,15093,94919,1708.77,4819,1944,1806,7220,75421,11814,20312
2014,12,8,9499,6545,82108,92764,44275,1708.77,4720,2323,1351,8668,25632,33802,49458
2014,12,9,17428,25282,58753,8923,74424,1708.77,1550,2064,4058,6166,33508,28977,15323
2014,12,10,96847,99680,91297,47292,53285,1708.77,958,4134,4614,7218,71898,33888,16719
2014,12,11,13028,67971,52564,59380,48652,1708.77,4533,1078,4829,9284,91352,44252,28196
2014,12,12,99960,47903,12669,34019,58086,1708.77,4347,4932,2207,5214,18575,31843,12529
2014,12,13,53714,33687,10978,59680,47258,1708.77,3567,1636,3549,6131,36015,32200,49228
2014,12,14,40679,61901,14631,60508,46538,1708.77,1111,2849,1966,7568,13219,44674,5983
2014,12,15,46308,92567,15959,24867,79562,1708.77,1709,4627,4572,8088,18622,48181,1782
2014,12,16,99619,19227,24818,83169,81710,1708.77,1720,2387,1778,5416,99247,15870,27186
2014,12,17,85038,70359,81177,55275,54139,1708.77,1301,1797,3313,8611,41664,32874,44396
2014,12,18,99498,98374,48854,422,98765,1708.77,3602,3383,3738,9771,97903,25447,24513
2014,12,19,66957,45976,14187,38747,8679,1708.77,721,3716,3792,8249,65342,17158,13434
2014,12,20,32645,97996,71080,35958,46608,1708.77,762,1104,2469,6374,46525,26233,12744
2014,12,21,74902,11480,40969,84992,1251,1708.77,1790,4559,4847,7878,23305,19764,38872
2014,12,22,20763,80379,3594,20907,18628,1708.77,1540,2623,3283,5248,19932,29890,35289
2014,12,23,91716,55116,92347,35537,71857,1708.77,1769,1757,1430,9090,48100,17953,38872
2014,12,24,57962,24891,52513,59161,15868,1708.77,4038,2981,2547,8983,73887,41174,25818
2014,12,25,90624,65428,75150,73908,44399,1708.77,626,2465,1548,5002,88001,38405,45082
2014,12,26,67720,66124,1515,34423,85214,1708.77,2375,4526,4505,9784,18687,13458,49616
2014,12,27,47057,4078,59706,19604,93061,1708.77,2129,1462,1723,9142,73943,26122,49945
2014,12,28,97360,10445,28588,80260,39293,1708.77,3664,2012,4064,6038,41434,34277,16590
2014,12,29,86147,60162,43804,60652,15049,1708.77,3728,3456,2919,6876,98059,42332,28843
2014,12,30,9731,41541,92369,41454,43819,1708.77,2575,2529,4459,5040,37788,48752,32664
2014,12,31,95457,72806,72117,94521,9337,1708.77,3797,1958,1158,8952,72485,10232,29903
2015,1,1,56214,83568,715,16000,97979,2297.1,729,4518,1766,7182,99688,12646,9399
2015,1,2,1111,73570,10242,63626,11358,2297.1,4081,4162,2461,9953,93498,27363,25346
2015,1,3,48751,5333,67427,87703,77819,2297.1,1849,4031,2456,8916,66382,36786,38890
2015,1,4,48315,92112,42657,66434,75647,2297.1,2214,3108,1836,7624,56733,43622,42345
2015,1,5,69153,32167,44138,16614,2120,2297.1,3976,2221,4320,7754,71275,13990,3988
2015,1,6,66644,93126,3874,55452,32042,2297.1,2237,1450,2367,9796,63140,17490,20257
2015,1,7,43590,30356,47474,75855,24163,2297.1,4477,4667,4076,7238,26280,37547,20559
2015,1,8,33954,36610,54769,93274,14364,2297.1,1763,2359,1052,5166,52810,33914,42397
2015,1,9,37246,11401,80622,15965,12646,2297.1,670,1235,1906,8320,48441,30983,43763
2015,1,10,71067,67919,40651,40143,47885,2297.1,2690,1838,4892,8810,91463,19734,16932
2015,1,11,57559,54580,47967,93080,21569,2297.1,3345,3813,3529,7944,74777,15062,17130
2015,1,12,34082,45108,30114,24551,95616,2297.1,533,1681,1473,6184,13656,10710,28556
2015,1,13,79468,50866,92549,15712,66029,2297.1,1318,3586,4942,5166,33018,26510,1486
2015,1,14,64119,42716,35324,9000,16683,2297.1,1525,2115,1560,6639,91665,33527,10102
2015,1,15,75195,47200,50209,38020,59736,2297.1,3729,4202,4249,7629,71265,13268,23385
2015,1,16,57994,37584,46569,12936,84573,2297.1,798,3690,2301,9038,57689,10682,29587
2015,1,17,67575,40568,22452,55488,37207,2297.1,4014,3752,2668,9223,66771,15050,30470
2015,1,18,78960,31854,9310,19561,5835,2297.1,1190,3827,4509,5526,93115,19082,30575
2015,1,19,68697,15266,84125,7350,72739,2297.1,4037,1282,3733,7841,12152,18398,8167
2015,1,20,48311,51167,81044,42331,56742,2297.1,1085,1410,2371,5394,55261,18206,14167
2015,1,21,85969,97804,98386,20478,86914,2297.1,911,1228,3117,5878,79310,45856,7853
2015,1,22,98203,58349,52522,96936,76190,2297.1,578,4499,1688,5956,66829,38933,14674
2015,1,23,27140,62915,24634,55864,84661,2297.1,852,1266,4049,8806,91105,30962,46247
2015,1,24,13012,63370,52924,36129,3406,2297.1,3336,1607,1934,6926,14894,33123,32235
2015,1,25,65531,96825,23975,97723,59798,2297.1,3007,3288,1254,7994,59151,18946,40804
2015,1,26,40240,49573,41710,50641,54732,2297.1,2955,2742,2535,7230,15510,15940,49167
2015,1,27,49465,52208,33900,56399,69417,2297.1,873,1299,3321,9847,49021,38118,15146
2015,1,28,87003,68381,41408,73424,12373,2297.1,4504,2611,1483,6213,19604,21214,1128
2015,1,29,51733,83912,88957,64268,1142,2297.1,1560,1222,1385,6811,23356,47154,9179
2015,1,30,28310,95583,98454,6631,91782,2297.1,4749,1158,2206,6156,84911,44578,13827
2015,1,31,3067,29417,13543,69550,31982,2297.1,763,1190,3409,6071,64333,34550,49499
2015,2,1,77246,1509,82988,40409,41218,1502.5,3717,1799,4946,5348,44932,17554,30142
2015,2,2,36450,40069,57331,38958,24981,1502.5,3375,1506,1803,7925,10946,31301,1910
2015,2,3,35041,2796,14711,47465,83481,1502.5,2714,2077,2121,5701,17485,16686,15613
2015,2,4,82196,86204,61490,27142,77904,1502.5,2266,1418,1490,9596,86013,37822,6422
2015,2,5,27858,44389,58571,59661,88666,1502.5,2313,3706,1798,8375,87522,30278,27652
2015,2,6,53989,40237,57356,21110,92290,1502.5,799,4484,2396,7288,17978,21651,41194
2015,2,7,13710,70245,18708,76552,96193,1502.5,4373,4050,4108,5896,18422,37774,4721
2015,2,8,596,57377,77833,97394,62104,1502.5,4024,1091,1190,7731,53552,14231,15355
2015,2,9,58925,15704,88717,52673,22992,1502.5,4323,3053,4642,9382,29604,11678,23047
2015,2,10,64103,93979,29885,13212,33274,1502.5,985,3868,3675,5169,47614,32130,46300
2015,2,11,10524,41639,98223,32466,25722,1502.5,1696,4646,3830,7086,53670,23173,18127
2015,2,12,74811,94347,76227,84453,53729,1502.5,584,2831,1161,6523,31042,15786,22184
2015,2,13,82823,98380,99656,2850,43549,1502.5,4980,1722,1611,9554,11582,47332,13622
2015,2,14,84033,65937,48331,84215,17702,1502.5,2388,3863,1347,7238,93316,10870,2002
2015,2,15,22150,99956,67907,38311,52831,1502.5,4097,2005,3679,7286,54854,23579,15301
2015,2,16,78,56187,44003,21689,72093,1502.5,754,1125,4179,7416,40339,46880,13243
2015,2,17,52057,64080,55744,48404,64047,1502.5,3478,1195,1718,5484,40858,14566,15412
2015,2,18,98038,61308,2907,28070,97764,1502.5,1648,2840,1226,8042,35880,18743,24113
2015,2,19,25246,21253,91221,54425,71308,1502.5,2656,3363,1991,9752,71766,26037,47913
2015,2,20,71516,86598,78586,53235,85687,1502.5,4135,1350,1510,6796,28144,44865,19444
2015,2,21,97506,46146,92706,44157,24501,1502.5,2900,4745,1189,8250,20522,15426,44938
2015,2,22,2033,38179,77213,30377,27931,1502.5,2765,1606,3280,5430,69032,15894,15332
2015,2,23,37146,89520,70394,34248,12913,1502.5,4112,1769,1035,8169,70926,35535,48539
2015,2,24,83107,33827,51633,65649,4299,1502.5,4497,2683,1685,6709,53059,20967,38507
2015,2,25,78393,92177,86766,46673,9880,1502.5,1990,2024,3020,7384,97624,14578,22150
2015,2,26,2275,43089,34055,79662,81259,1502.5,1548,1442,1334,9532,46364,25808,4981
2015,2,27,38040,65862,98492,64725,78924,1502.5,2043,3667,1414,8809,20340,36310,17903
2015,2,28,27311,53683,49687,5332,57419,1502.5,2615,1044,1626,6052,55705,38009,47311
2015,3,1,37254,68726,39512,86787,15091,2721.06,4825,2303,1374,5901,76226,48066,15321
2015,3,2,57945,49895,74498,13106,86587,2721.06,1768,1620,1845,8451,14039,40508,27160
2015,3,3,91067,90084,80908,70441,62142,2721.06,4793,1502,3993,5326,18884,35435,35269
2015,3,4,42330,60062,82740,72493,65963,2721.06,1910,1066,1758,7759,69716,28149,8966
2015,3,5,54919,26485,84771,98117,4936,2721.06,3624,2354,1596,5883,99146,33737,15162
2015,3,6,71152,53940,15837,25145,64597,2721.06,580,1925,4782,9671,95770,27096,34721
2015,3,7,84989,82681,33708,10201,76793,2721.06,4701,1710,1260,5823,29826,17548,3425
2015,3,8,70985,34803,96255,8934,20686,2721.06,2670,1836,1392,9726,33333,46640,45401
2015,3,9,59580,43914,69918,70714,69937,2721.06,4161,4924,4720,7869,81476,41512,15688
2015,3,10,1294,36179,89575,63906,92002,2721.06,1453,4338,1120,8128,88271,41241,35754
2015,3,11,55812,97294,99430,37856,22153,2721.06,4495,3083,3027,8834,68796,12963,32763
2015,3,12,36453,32958,34241,17525,47179,2721.06,786,3471,3246,9934,28729,10248,15717
2015,3,13,17068,76535,39587,3976,20595,2721.06,1568,2757,1502,8046,30612,13654,44210
2015,3,14,43761,15108,78090,53140,85873,2721.06,1103,3676,2547,5638,56200,19460,13238
2015,3,15,82412,31589,24550,50659,12903,2721.06,2258,4970,1164,6402,33945,33110,3279
2015,3,16,27406,45514,75869,68908,72863,2721.06,3914,2974,2940,6720,86114,40164,6481
2015,3,17,6594,18570,78841,19141,85265,2721.06,3865,2675,4332,9766,34685,12234,1393
2015,3,18,89397,61944,58557,35562,45140,2721.06,3671,2544,1446,9088,57804,43581,8854
2015,3,19,17373,23071,76556,71665,82778,2721.06,1828,4370,2590,7020,24862,49206,29022
2015,3,20,74765,20081,66883,74097,39847,2721.06,2682,4243,3511,9982,64804,25002,1568
2015,3,21,86445,83476,13900,57164,94368,2721.06,2096,3091,2477,6646,99755,10254,38056
2015,3,22,89026,27936,99626,2968,51308,2721.06,2174,1071,4567,5408,16519,12406,24488
2015,3,23,86976,19202,30010,66839,96793,2721.06,3193,4589,1994,8398,56752,21711,11166
2015,3,24,26500,90201,49803,53977,204,2721.06,4230,1170,2492,6934,24900,45151,49558
2015,3,25,4696,27075,71223,65615,12483,2721.06,2732,1628,4647,9093,99000,11194,4094
2015,3,26,40259,7194,52381,67604,45638,2721.06,4314,2136,1378,9117,42464,32240,25485
2015,3,27,88675,6695,37821,82520,86903,2721.06,4022,2949,1146,5245,89915,34980,12721
2015,3,28,35691,72649,67143,75338,1742,2721.06,3129,3352,4687,8294,25955,13478,16143
2015,3,29,22347,15270,40165,38031,54387,2721.06,1622,4413,4322,6430,58284,42576,32629
2015,3,30,19868,2307,526,26015,33904,2721.06,994,4594,3089,8986,44931,31182,40442
2015,3,31,10631,73061,39535,16670,69923,2721.06,3345,2268,2111,8509,46650,12046,15490
2015,4,1,49626,27263,96813,90421,85547,3037.9,584,4205,4914,5316,38108,46707,39389
2015,4,2,30001,7703,76149,74489,68987,3037.9,506,3398,3217,8140,44672,28706,7331
2015,4,3,86487,53293,75818,11348,99944,3037.9,3837,1850,1868,5649,56340,22828,43668
2015,4,4,21390,82980,77034,11304,35634,3037.9,4362,1276,1106,8310,40121,24534,31494
2015,4,5,57842,41593,82933,71059,59734,3037.9,1116,2571,2249,8286,73918,13544,43958
2015,4,6,18306,92756,79465,5587,24757,3037.9,3414,1146,3784,7226,73801,20769,35805
2015,4,7,3294,98165,36403,58842,98675,3037.9,3375,2867,1650,5328,60277,26905,42876
2015,4,8,42969,42747,89477,40219,1033,3037.9,3762,1388,2502,6464,41275,13610,29747
2015,4,9,85384,19691,59757,20520,7842,3037.9,1288,1134,3074,8094,69975,13100,49911
2015,4,10,53271,69703,52321,4091,68715,3037.9,995,3034,1402,6823,68252,22727,12598
2015,4,11,16570,38368,8417,5424,87947,3037.9,4034,3329,2086,5142,10201,19864,16045
2015,4,12,61405,17842,21063,9479,78237,3037.9,3931,1506,3444,5034,51948,28510,7390
2015,4,13,70201,99296,6545,41897,36119,3037.9,4623,4039,4516,9392,74463,17462,41150
2015,4,14,21789,9850,90792,23875,21344,3037.9,3801,2748,1538,9790,17166,29774,17345
2015,4,15,78606,13862,77633,88402,55113,3037.9,3263,1665,1886,9807,83561,47697,29581
2015,4,16,80957,14537,66737,26825,70281,3037.9,4286,2068,3752,5750,15942,21448,7552
2015,4,17,68775,49745,20549,20313,20960,3037.9,1438,1842,4340,8150,20669,30804,45479
2015,4,18,90003,3933,72470,35230,10093,3037.9,4278,2400,1919,9498,34225,14408,22383
2015,4,19,6271,78512,65621,90024,29942,3037.9,2823,1238,2658,8371,51732,34970,31563
2015,4,20,93850,18172,887,69542,62242,3037.9,702,3596,1840,5640,20177,15526,21557
2015,4,21,45199,69457,59334,48470,1824,3037.9,2020,3093,2069,7640,14468,18363,43559
2015,4,22,85556,58644,33432,33214,23367,3037.9,3183,2216,4686,5422,12466,48280,35164
2015,4,23,73331,3456,66877,15171,92624,3037.9,2103,4173,2861,6436,10598,41036,3406
2015,4,24,19995,24663,15483,8416,28656,3037.9,1778,4210,4946,6561,63775,28312,46303
2015,4,25,78078,81960,61881,97764,33734,3037.9,1043,2063,4797,9271,22233,27420,14991
2015,4,26,82678,89337,31594,71891,15773,3037.9,2927,2118,1602,8409,60534,36609,1186
2015,4,27,24712,3665,50820,29658,80227,3037.9,4322,3303,2905,6202,72418,12990,14595
2015,4,28,17545,68463,70054,2343,64086,3037.9,4762,1762,2975,7708,18653,30100,8640
2015,4,29,94648,97933,98571,86250,76342,3037.9,2858,2404,4121,9974,63414,18704,25457
2015,4,30,20977,37737,34003,50234,90291,3037.9,3224,2835,1234,9629,10177,10650,6421
2015,5,1,6292,18435,6245,50352,53440,2135.94,4999,1371,1266,7600,44064,26723,2697
2015,5,2,70460,77822,22197,76841,41236,2135.94,2816,1322,1897,8050,85613,38317,31544
2015,5,3,77627,9801,45905,77256,19978,2135.94,524,2621,1010,8120,92972,39450,1225
2015,5,4,60817,37972,40822,28435,85573,2135.94,658,2383,4059,7353,49223,20294,1239
2015,5,5,75249,63393,31970,23498,27795,2135.94,3167,1710,3735,8152,82675,30064,17583
2015,5,6,25296,68200,22686,61306,76320,2135.94,2107,3487,1333,7929,81922,21905,32011
2015,5,7,25520,37080,60641,4579,30786,2135.94,4872,2385,4608,6841,45883,17402,26217
2015,5,8,90776,24051,22823,50863,48122,2135.94,927,4768,1401,7234,67425,49072,21850
2015,5,9,85623,34534,52561,71957,58815,2135.94,882,4333,2913,7206,88911,35050,34483
2015,5,10,63423,30136,57437,53031,3329,2135.94,1784,1850,1318,5958,61318,16398,19672
2015,5,11,47808,92246,14315,70561,62210,2135.94,4633,4184,3976,8545,52492,15590,48092
2015,5,12,89380,29058,8476,77293,66264,2135.94,3695,1037,1870,9962,15419,29905,13739
2015,5,13,22155,2204,90362,98580,44514,2135.94,1773,3673,1628,7439,79233,38837,18032
2015,5,14,35531,65219,19374,84508,3764,2135.94,3649,3142,2275,6964,86787,33538,21866
2015,5,15,47216,15483,29577,7442,17966,2135.94,2346,1471,3551,8128,55050,16138,44996
2015,5,16,62091,78176,16738,55071,31967,2135.94,3908,3848,2541,9633,84707,31305,12324
2015,5,17,1500,9710,74448,18775,43187,2135.94,3664,1753,3068,9194,30546,27385,27587
2015,5,18,25941,34246,209,89492,28305,2135.94,3907,1747,1137,5230,61817,48103,21611
2015,5,19,59321,72078,81953,36862,1712,2135.94,4518,4562,2720,5318,54688,35906,33012
2015,5,20,2905,73353,42661,12326,54298,2135.94,4710,1966,3803,6271,69728,18460,39559
2015,5,21,27882,99988,75208,10372,46985,2135.94,3474,1304,1806,6778,43166,19748,3377
2015,5,22,6143,77685,79432,98863,19355,2135.94,1121,2259,3823,9142,34584,44472,34120
2015,5,23,99692,90647,74710,23496,63270,2135.94,1955,1151,1564,7038,17874,15532,10790
2015,5,24,53243,42701,14067,11401,49480,2135.94,1269,1973,2620,5670,70835,36975,23585
2015,5,25,1172,21957,25587,41348,32090,2135.94,819,3133,2168,6881,71628,30438,26523
2015,5,26,87671,79936,37942,48448,79802,2135.94,2561,3043,3515,5968,60796,14346,5816
2015,5,27,76564,32066,36320,60536,99119,2135.94,2510,1186,1882,9448,57988,43905,23508
2015,5,28,65971,10161,42039,33140,37042,2135.94,4929,1063,1305,8454,11736,12222,30019
2015,5,29,90038,78425,55502,4905,81404,2135.94,603,4318,3363,8274,34853,47481,16298
2015,5,30,61782,98717,64123,23598,88165,2135.94,3854,4135,3623,9006,14534,16198,38464
2015,5,31,22263,99908,43080,64920,34130,2135.94,1025,1046,3718,5766,61774,25121,48943
2015,6,1,47378,15792,23892,2005,50646,1972.53,578,1436,1846,6134,70229,40309,37725
2015,6,2,53941,40717,55285,62537,44343,1972.53,1150,1212,1732,6069,94730,32026,23653
2015,6,3,53447,35249,25746,96326,13376,1972.53,501,1514,3010,9392,79108,17398,17219
2015,6,4,67117,59247,15721,35315,95685,1972.53,1976,4625,1666,7234,28513,37360,35950
2015,6,5,87266,29665,47963,3998,95734,1972.53,1023,4180,4293,8120,45505,24020,9045
2015,6,6,95340,17359,1125,78350,13103,1972.53,4708,1570,1672,6998,31884,12190,30234
2015,6,7,62730,90213,17493,5748,3826,1972.53,3108,1090,1350,7422,11439,37755,46007
2015,6,8,16467,13815,36936,27112,41936,1972.53,1131,3626,1150,9054,48327,45604,48793
2015,6,9,48842,93036,42175,4673,69816,1972.53,1187,2544,1975,7370,38292,12950,40412
2015,6,10,36039,47753,8243,11709,21527,1972.53,4463,2992,4848,5512,81456,16280,36034
2015,6,11,51544,48940,61762,84047,17548,1972.53,1002,1388,4475,8177,71060,39290,26441
2015,6,12,94941,43601,38187,91916,33633,1972.53,4068,4670,1934,7310,97730,28460,42831
2015,6,13,69697,97194,32806,19545,66297,1972.53,4031,4192,4552,8606,34590,47100,30614
2015,6,14,48585,80593,63489,68060,85122,1972.53,3701,1126,1716,7578,88329,44485,1814
2015,6,15,21071,97398,30508,78005,31060,1972.53,1465,1520,1782,5622,36651,24431,28238
2015,6,16,36236,80683,58624,15788,2827,1972.53,4239,2762,3805,5466,52173,17864,43214
2015,6,17,59982,25875,55341,70835,54115,1972.53,1671,1536,1066,8742,69540,22126,43670
2015,6,18,6768,42358,89234,64902,47980,1972.53,4332,1142,1567,8624,32706,25746,25886
2015,6,19,57521,61946,93509,47679,71026,1972.53,1605,1006,2908,8297,14790,16758,45683
2015,6,20,21968,49864,49911,79386,12042,1972.53,2863,1350,3160,7097,16414,42492,35804
2015,6,21,82983,5747,43059,5902,70055,1972.53,1647,3926,4062,6062,91604,25087,42117
2015,6,22,3543,14562,56095,7803,92860,1972.53,1177,1178,4150,9786,10563,10202,24287
2015,6,23,68243,78428,4057,62756,35525,1972.53,1599,4858,2568,8142,40759,28974,20471
2015,6,24,73127,88760,72902,27189,46620,1972.53,2275,1358,1706,9452,57963,38278,14506
2015,6,25,15361,40493,19457,39511,72933,1972.53,3405,2526,4798,9874,20281,26674,46372
2015,6,26,49284,58233,27885,91853,39243,1972.53,826,2368,3755,7464,55908,20374,18645
2015,6,27,74586,8184,86888,70005,49258,1972.53,4634,4617,1402,7222,20479,24627,44851
2015,6,28,56814,45237,48506,97965,74051,1972.53,4638,3333,3371,8875,15185,32613,35140
2015,6,29,3872,52365,11334,77627,46092,1972.53,4352,2028,1777,9982,23384,41034,17242
2015,6,30,46090,14371,22004,47785,24813,1972.53,3763,2978,4070,7269,95942,28120,8835
2015,7,1,86933,1455,15780,5808,32992,2335.74,4678,1450,1078,7322,47799,43320,14746
2015,7,2,18009,84828,1450,19248,8213,2335.74,1689,3934,1686,5825,63747,39672,42484
2015,7,3,84590,61726,43743,88211,74020,2335.74,618,2303,4669,5508,99463,22660,38216
2015,7,4,7495,25494,74369,49926,29151,2335.74,4597,3510,1994,8438,82758,31558,22168
2015,7,5,3530,80800,70494,720,26625,2335.74,792,2565,3669,7910,15775,19040,1196
2015,7,6,38701,76394,96344,94722,85496,2335.74,3734,2989,2652,8102,42914,16802,45807
2015,7,7,80270,2512,30313,3616,79910,2335.74,726,3438,1838,8106,16598,12822,29423
2015,7,8,72612,40901,80764,17633,57739,2335.74,1672,1438,4284,6040,15034,24779,46540
2015,7,9,45175,91247,84122,82827,49349,2335.74,4628,1948,2251,6292,49584,42160,43388
2015,7,10,42068,1111,41952,52289,23130,2335.74,1838,2092,4713,5214,29724,14912,42461
2015,7,11,15494,66397,70242,4778,15765,2335.74,909,1886,3999,5110,60116,34699,27754
2015,7,12,23418,26097,97021,85669,22389,2335.74,2829,1624,4067,9780,49448,14226,46606
2015,7,13,28593,71287,15642,28306,90241,2335.74,756,1476,4466,5998,26863,10230,11719
2015,7,14,50104,39125,37521,35456,19155,2335.74,646,3923,3732,7175,60944,12473,47637
2015,7,15,30133,5126,43281,94200,91258,2335.74,2748,4849,1498,9742,48155,20607,42729
2015,7,16,91461,50264,92694,52279,22614,2335.74,3861,2717,1334,6381,16354,10538,35909
2015,7,17,80371,94679,69462,20455,78206,2335.74,4279,4689,1882,8912,18889,43139,30406
2015,7,18,67993,32990,62990,48360,62732,2335.74,3967,1096,2759,6670,22822,16725,27497
2015,7,19,47569,51684,89443,38953,34417,2335.74,4490,4786,4996,8951,51593,12838,13967
2015,7,20,65710,50873,27892,17592,9785,2335.74,2083,2777,1122,6424,42488,25205,13133
2015,7,21,83921,61456,45750,78032,89468,2335.74,4756,3387,1606,8950,92339,37374,34924
2015,7,22,14517,58182,18514,39514,93486,2335.74,4067,1102,2330,6630,18988,47115,20107
2015,7,23,82796,86573,41245,95270,42997,2335.74,958,1916,1540,5160,21300,16262,33733
2015,7,24,17499,16057,20748,70457,16608,2335.74,2831,2475,2620,6344,86988,31105,29439
2015,7,25,62803,62408,56652,133,82071,2335.74,2247,4865,4065,9696,60134,12061,16141
2015,7,26,88577,46961,55331,66469,79537,2335.74,3827,2034,4038,9158,67491,25645,26631
2015,7,27,366,41675,73122,87986,34371,2335.74,894,2172,1838,8445,97304,37291,26462
2015,7,28,40938,60905,18509,10003,65748,2335.74,3416,1360,1954,6902,37143,21490,44995
2015,7,29,86729,70972,34878,95767,41898,2335.74,2764,2262,1606,7150,46599,44764,18721
2015,7,30,3699,48394,8289,58920,23191,2335.74,1210,4128,1496,9446,90482,32244,5593
2015,7,31,9713,45251,19272,68020,55349,2335.74,861,3428,3738,5974,54195,15966,6416
2015,8,1,8312,60603,36205,19197,23554,1918,4246,1947,1226,8166,95137,11201,47321
2015,8,2,10729,75618,44050,25448,82453,1918,1511,2702,1917,9530,83051,34684,26294
2015,8,3,25393,41480,28423,82483,12027,1918,3293,1378,2363,6862,55885,47269,46762
2015,8,4,58171,95133,19217,30131,9651,1918,2683,1542,2675,6962,62177,10264,30706
2015,8,5,44379,13690,32830,56296,49572,1918,979,1315,1174,5753,90150,16790,32233
2015,8,6,32516,48444,38781,56231,59293,1918,3499,3814,2501,9067,63945,32151,11018
2015,8,7,86126,71629,52531,8801,23362,1918,568,2740,4748,6226,24035,10672,14708
2015,8,8,11694,65016,18340,1758,67121,1918,826,4635,3284,8979,72218,32577,8490
2015,8,9,69998,92070,66392,92499,31138,1918,1002,3614,3317,9884,42414,16070,46689
2015,8,10,40944,72694,25771,85693,52154,1918,2716,1654,2525,8510,81955,14645,16159
2015,8,11,55898,18508,30634,29182,77487,1918,3110,3835,4920,6902,72686,42409,2852
2015,8,12,7543,30041,76024,42212,39925,1918,998,1744,3834,9486,82911,25988,34790
2015,8,13,24875,95628,72539,88752,43036,1918,3397,3932,4353,8070,44465,33191,20847
2015,8,14,53234,22577,47028,48154,99783,1918,1915,2324,1105,5886,65888,12068,36066
2015,8,15,17729,82483,3249,41563,41199,1918,3902,1073,3139,5596,54824,41174,36161
2015,8,16,93640,74574,56459,82993,8604,1918,1183,3188,4852,9562,42694,11982,17277
2015,8,17,81980,49610,79663,64437,48900,1918,940,1627,4384,9718,24542,35583,45551
2015,8,18,76227,74797,51657,74366,97590,1918,1892,1228,2406,8350,90572,22361,22833
2015,8,19,5627,73109,551,61831,19023,1918,2816,1002,4205,7672,65438,16218,9597
2015,8,20,59382,52257,41085,3767,42323,1918,701,4900,1774,7357,18540,20716,31979
2015,8,21,96542,41158,78297,93948,45861,1918,2661,2838,3329,9563,29669,27351,18870
2015,8,22,9160,63838,94706,34717,77669,1918,4172,3402,3752,6608,73520,37426,10145
2015,8,23,48587,79222,22327,21714,52931,1918,3781,4471,1842,7077,59771,10574,47944
2015,8,24,72299,8785,35504,30628,58348,1918,4331,3858,1478,9036,34926,39382,15173
2015,8,25,95533,44099,9137,24285,10708,1918,1710,4293,3229,6358,97358,47511,32657
2015,8,26,98333,6140,96984,3786,9570,1918,1450,1867,3242,6953,28847,22941,23107
2015,8,27,88479,53179,56800,50193,88567,1918,4574,4099,2175,8711,16776,12882,41726
2015,8,28,97720,36447,38529,92302,86835,1918,4812,1398,3378,6304,10616,17947,35887
2015,8,29,26254,93106,49815,40848,16412,1918,3788,1241,3191,6939,71433,12470,45014
2015,8,30,78665,77360,37210,47193,92423,1918,662,1206,3390,8602,82443,35225,45593
2015,8,31,842,22256,86744,59220,75404,1918,2166,3008,1504,6674,58856,17915,42048
2015,9,1,88997,39157,36538,75937,10590,2944.87,952,4301,3208,8144,96723,10316,39648
2015,9,2,28220,86866,3544,93174,85661,2944.87,4014,4268,1034,9585,16023,33911,38769
2015,9,3,96752,34032,85416,90085,9240,2944.87,3430,3236,3839,5306,90524,35781,19684
2015,9,4,37320,61477,90083,96880,79622,2944.87,2032,4192,1046,5576,33717,42035,36806
2015,9,5,94345,44085,16304,86209,13670,2944.87,506,1773,2710,7578,16857,16612,32327
2015,9,6,91571,11640,22890,66762,59311,2944.87,2542,2981,1242,8976,19732,20863,13414
2015,9,7,62135,11894,11408,68510,17470,2944.87,544,3166,4208,6410,14374,11542,45125
2015,9,8,25527,84495,29652,24589,56382,2944.87,2890,4303,1712,8554,31064,16513,12861
2015,9,9,85546,99960,79496,76788,75288,2944.87,4002,2421,2601,5409,22282,11454,5709
2015,9,10,20534,82828,79590,26095,76028,2944.87,3972,2905,3457,9960,42494,19190,43964
2015,9,11,54188,91737,15494,45039,63868,2944.87,1551,1538,2869,7398,42551,38156,12911
2015,9,12,13107,22906,91931,47061,98315,2944.87,3483,1670,2039,8072,61294,39418,14213
2015,9,13,88388,6619,7325,83198,81594,2944.87,4387,2132,4258,6233,97170,17938,16171
2015,9,14,29144,25074,20243,8365,48825,2944.87,1520,3282,2051,8450,25342,16717,29146
2015,9,15,52664,40178,68270,66055,18250,2944.87,956,2989,2533,9149,12382,15606,29564
2015,9,16,61672,40574,2611,35930,23159,2944.87,1758,3653,2558,7000,77017,12774,16133
2015,9,17,6147,23539,84665,24550,78341,2944.87,1266,2355,1536,9536,13410,18358,26360
2015,9,18,55452,85236,24128,24338,80737,2944.87,4815,2407,2238,7426,94688,10397,30314
2015,9,19,93559,17799,95403,67469,44800,2944.87,3850,2297,2310,9744,91846,40650,22421
2015,9,20,17579,49465,38007,84115,75353,2944.87,514,2156,3003,9379,71493,33739,17769
2015,9,21,56045,46309,92499,43284,40087,2944.87,662,4997,1336,5434,17465,32487,3539
2015,9,22,54207,7669,49785,66517,82536,2944.87,2167,1958,3799,6130,18838,49151,7983
2015,9,23,79294,85833,62660,48649,11564,2944.87,3739,2608,1813,7589,27243,36899,34153
2015,9,24,11128,97276,86897,48816,79062,2944.87,2655,3268,3382,7439,16136,10917,20715
2015,9,25,71775,73304,27383,95574,1181,2944.87,4724,1922,1230,7384,29121,16132,27962
2015,9,26,7889,44213,42022,4702,51802,2944.87,2953,2928,2891,9708,28096,11952,19265
2015,9,27,65564,75752,11573,10298,89543,2944.87,2566,1316,2364,9906,56889,18545,27710
2015,9,28,9263,67967,15371,55760,41703,2944.87,3820,4590,1046,5841,70644,13726,10845
2015,9,29,41458,28598,36139,24349,89799,2944.87,2653,1714,2689,8460,82011,12232,30587
2015,9,30,58287,19579,39901,92004,879,2944.87,1900,1492,1108,9110,82252,39162,13143
2015,10,1,96073,5105,40876,68267,75749,2512.71,4723,4345,1854,8154,10496,47162,47734
2015,10,2,53078,82211,19852,67303,80574,2512.71,1941,1278,3336,7898,17382,11894,48436
2015,10,3,60845,43875,48939,19467,26127,2512.71,3933,3551,3204,9808,23169,18953,38101
2015,10,4,93894,32893,89651,60469,83317,2512.71,2630,2745,3708,7678,20048,29282,1246
2015,10,5,42270,78342,95786,80606,12286,2512.71,3435,4481,3394,7373,17904,15872,13168
2015,10,6,1826,64233,54424,95031,60393,2512.71,680,4285,3189,6337,31106,42857,43945
2015,10,7,2837,38737,95604,1545,82571,2512.71,2178,4840,1406,9316,21797,38981,32004
2015,10,8,22484,70234,44815,12230,83959,2512.71,3102,1578,4346,8877,80814,44738,3762
2015,10,9,92823,77502,65377,36012,63839,2512.71,3868,1674,1814,6654,84571,34141,46483
2015,10,10,22827,81750,75334,33171,91066,2512.71,3503,4901,1222,6644,58482,34026,13483
2015,10,11,3432,86585,69811,37778,85463,2512.71,3867,3284,1668,8496,30647,24667,16977
2015,10,12,10726,9516,7695,62297,340,2512.71,2789,4517,1494,8122,89040,47784,8618
2015,10,13,1605,77544,44038,1673,27214,2512.71,2050,1298,4104,8212,84773,40918,2520
2015,10,14,71541,33641,69203,32370,64237,2512.71,3388,4961,2068,8726,53609,42407,16202
2015,10,15,89700,66399,98278,96419,54521,2512.71,554,2477,4860,7614,90501,16860,37318
2015,10,16,89815,92552,55422,95271,80764,2512.71,1188,3655,1566,6998,16534,20775,6547
2015,10,17,87944,74413,45737,30013,71848,2512.71,3771,2898,2096,7048,90668,36617,49347
2015,10,18,74366,1223,25447,55579,88518,2512.71,720,3332,4850,5777,73602,21965,15948
2015,10,19,92324,76144,90621,98863,47886,2512.71,4637,2181,2408,6934,82193,17050,41645
2015,10,20,47425,87317,48507,29521,74366,2512.71,2489,1462,1749,7935,37012,45266,39175
2015,10,21,40235,33721,39951,65085,69498,2512.71,2049,3172,1048,8052,77035,20285,29906
2015,10,22,85666,63025,22467,84427,11103,2512.71,678,3526,3328,7088,88047,49045,21012
2015,10,23,59067,86889,80480,15816,94825,2512.71,2433,1078,2564,7384,16495,37061,33845
2015,10,24,47290,19897,15234,69690,13919,2512.71,4974,1880,2997,8793,11862,49099,8621
2015,10,25,99805,55396,57627,24485,75287,2512.71,4881,4352,3913,5926,50167,10089,12026
2015,10,26,54206,27602,11501,21770,61338,2512.71,758,3626,2891,6767,94667,28161,27996
2015,10,27,31741,34642,94098,19738,29787,2512.71,3836,4591,1205,5638,70427,15698,10811
2015,10,28,71192,10310,92197,20106,47023,2512.71,1546,1227,2669,8046,39348,14006,8717
2015,10,29,36042,30883,88985,286,37650,2512.71,3446,1492,4644,8895,10966,14431,33652
2015,10,30,99707,40668,10375,82264,33482,2512.71,926,4673,1110,9246,41130,38132,30802
2015,10,31,91021,37677,55712,10042,45724,2512.71,4047,3116,2293,6072,98401,46295,11412
2015,11,1,93201,82037,97679,82096,87516,2101.13,3153,3182,2483,6822,78015,13170,12110
2015,11,2,20525,99041,60748,69181,56523,2101.13,1552,4199,2295,6593,56274,48707,15233
2015,11,3,60641,54391,41001,40024,69145,2101.13,3057,2344,4332,5958,60791,23199,37296
2015,11,4,62846,58946,51382,51682,39363,2101.13,1318,1238,1141,8417,45419,17663,45749
2015,11,5,13650,21972,11863,946,8566,2101.13,4652,1124,3879,7004,25581,16056,18137
2015,11,6,10653,28639,86720,29985,45727,2101.13,3183,4924,2807,7398,76605,12169,47511
2015,11,7,83017,14276,38409,44158,12693,2101.13,1821,1342,2150,5750,43639,47067,33828
2015,11,8,74525,59644,32626,13404,33000,2101.13,2778,3651,4548,9004,73635,15275,24559
2015,11,9,88360,43171,6552,11168,80439,2101.13,3336,4807,3783,8096,23964,26475,33157
2015,11,10,28276,2138,69170,50427,92174,2101.13,3845,1697,2451,6470,96452,21803,12809
2015,11,11,37381,34231,65455,56930,58728,2101.13,2204,2086,4964,5107,58253,45403,5443
2015,11,12,28264,47943,91563,42047,76039,2101.13,4873,1342,4016,8096,71092,26189,15527
2015,11,13,66852,1290,9239,55656,47761,2101.13,2458,1190,4920,5834,58421,14999,5691
2015,11,14,14707,96978,78438,29672,42085,2101.13,662,1699,1980,5986,45097,43375,36692
2015,11,15,48515,29972,14042,82531,84015,2101.13,638,2217,2775,8628,39224,16887,1486
2015,11,16,56352,16683,68380,96272,75948,2101.13,2622,1316,3778,6060,36676,15863,26802
2015,11,17,59104,78103,68915,60089,11091,2101.13,4815,1924,3983,7724,58487,44349,14013
2015,11,18,1695,99912,11567,20822,50573,2101.13,2708,1924,3825,6088,19547,26124,1594
2015,11,19,99242,63523,66779,23020,69583,2101.13,966,3685,2909,8308,10260,18008,19807
2015,11,20,88162,74941,84957,48497,75150,2101.13,2845,1844,1059,8832,97665,26631,9797
2015,11,21,71555,1727,49908,55381,57815,2101.13,1504,3407,4329,9278,96426,18911,35808
2015,11,22,34442,18014,63949,32351,92163,2101.13,2701,1675,1490,5326,45171,35515,19074
2015,11,23,18807,54369,28712,94866,75132,2101.13,1496,1686,4454,7756,16598,18620,42729
2015,11,24,73564,49923,8380,39245,64558,2101.13,4507,1430,4171,8455,64052,31333,4807
2015,11,25,23881,21754,44361,598,80764,2101.13,2464,4569,1034,9470,94434,35382,5884
2015,11,26,40257,32284,98421,1063,20040,2101.13,1035,4954,1761,8838,49198,47670,1978
2015,11,27,65573,23706,63021,4744,78513,2101.13,2428,3744,1486,6788,19341,45941,27073
2015,11,28,19024,71807,45511,79275,69334,2101.13,1009,4589,3580,9429,10652,17248,6298
2015,11,29,46269,63040,34926,29382,7454,2101.13,2051,3026,4180,5174,77769,10798,34124
2015,11,30,83496,30199,21437,48673,43339,2101.13,4613,2362,3935,6476,57988,48269,40778
2015,12,1,5350,7859,17706,34780,34863,1649.1,2399,2901,2601,6780,21707,11724,42677
2015,12,2,3832,94734,2257,60255,88855,1649.1,3749,1646,2736,8773,78743,49865,4949
2015,12,3,19740,57458,28802,76216,31798,1649.1,690,2147,4928,6100,88278,36143,27071
2015,12,4,65722,2030,84045,43323,28810,1649.1,1398,3992,1836,7318,25598,22043,5752
2015,12,5,44955,85700,57448,87691,94473,1649.1,2555,4211,1351,6356,13566,16308,2543
2015,12,6,59779,12119,95297,11060,51516,1649.1,2202,2236,1955,7598,60558,30764,49927
2015,12,7,19703,98309,96109,36539,21963,1649.1,3581,3268,3757,6029,70958,18229,21707
2015,12,8,84924,74867,48794,11276,7575,1649.1,4424,2353,1606,8646,78412,15342,21924
2015,12,9,80999,91967,69147,82954,89565,1649.1,622,4266,4365,5068,62157,32679,46057
2015,12,10,80588,20739,65949,4345,53120,1649.1,3925,4395,4476,8150,65670,18403,3259
2015,12,11,75995,51447,52109,76389,32519,1649.1,3297,4868,3838,7600,29173,28402,30521
2015,12,12,59853,75595,54022,20570,18124,1649.1,3248,1142,3268,5548,19406,12786,16179
2015,12,13,55160,74684,60784,15988,78755,1649.1,4390,1100,4251,6498,63840,43121,42806
2015,12,14,83371,8490,89342,22209,22286,1649.1,1963,3489,1870,7942,19058,28583,18515
2015,12,15,53515,38659,59998,6783,40560,1649.1,4522,2070,1782,5030,28057,15544,29404
2015,12,16,49463,12449,52997,60066,48947,1649.1,3186,3669,1678,8879,70877,30315,16837
2015,12,17,43746,54193,78805,54206,75177,1649.1,4140,3690,4224,9137,51825,19576,14215
2015,12,18,54893,81348,38206,25332,88006,1649.1,2227,2467,1158,7478,97533,10361,16264
2015,12,19,93413,17072,9031,35091,25952,1649.1,1757,1048,1838,9126,40254,41981,46261
2015,12,20,41128,39395,87024,10353,14885,1649.1,1487,4776,1638,8430,11459,16412,38849
2015,12,21,57309,18688,62021,68724,95264,1649.1,4084,1174,2977,8944,40118,35280,9554
2015,12,22,67080,88228,21329,33884,15142,1649.1,864,1268,2329,9240,82972,32213,11583
2015,12,23,18089,35813,18342,54637,26858,1649.1,4189,1044,1192,9750,69240,26455,46154
2015,12,24,17116,14677,81483,10093,85496,1649.1,754,2574,1180,6701,86458,41321,37953
2015,12,25,44636,78675,13942,61965,57915,1649.1,529,2355,2726,5223,46991,25935,46915
2015,12,26,91377,26182,76453,72569,83744,1649.1,4023,1726,3072,6857,10951,28568,12045
2015,12,27,1163,72676,47495,27343,39377,1649.1,790,1486,1354,8956,78680,13010,1250
2015,12,28,12223,89211,11953,61301,50786,1649.1,2235,2161,1477,6262,14729,12646,25297
2015,12,29,92084,80105,2431,85157,43314,1649.1,678,4475,1057,7854,88169,41785,13382
2015,12,30,94228,73185,42150,39559,72142,1649.1,4155,1440,1392,8934,62016,27177,20831
2015,12,31,46405,99252,35691,64234,29292,1649.1,2157,2726,1875,9184,22882,13090,1710
2016,1,1,19311,51017,16731,63234,39186,1848.84,3812,3722,2017,9722,17215,16826,8516
2016,1,2,88878,17931,80592,76338,79947,1848.84,4093,1110,4810,9678,24841,26581,24121
2016,1,3,1836,78920,39809,86424,18155,1848.84,2096,2464,3716,7662,17049,19254,46349
2016,1,4,8694,90862,97977,25711,20584,1848.84,4909,1636,3121,6852,17270,29420,15192
2016,1,5,50973,57597,24971,60783,77275,1848.84,2363,1878,1462,7171,98237,13236,16164
2016,1,6,39873,15334,702,53589,49160,1848.84,2842,4204,4964,7170,99915,45547,17751
2016,1,7,68714,96177,71361,18188,73030,1848.84,2607,1442,2459,8929,17488,41085,39864
2016,1,8,55093,54852,52900,175,48376,1848.84,4763,4599,2821,6816,58187,48332,1137
2016,1,9,30919,97383,22538,55883,50905,1848.84,2782,4618,4980,9142,37805,24361,38805
2016,1,10,95358,1765,81068,59169,90694,1848.84,518,1580,4758,9505,62311,18133,48556
2016,1,11,20643,42075,39085,19816,55243,1848.84,3148,1161,2358,7037,42043,28262,13625
2016,1,12,45842,59826,14233,97174,65321,1848.84,2887,1364,3801,8954,19846,44494,2038
2016,1,13,17510,36453,6632,87268,5958,1848.84,1753,2951,2369,6766,79119,32612,18944
2016,1,14,90814,47268,68774,18172,54305,1848.84,1434,1497,3346,5398,13670,35018,27169
2016,1,15,79057,51558,45696,49210,70512,1848.84,3704,4372,4697,6687,15994,14024,31894
2016,1,16,1983,29746,16311,29353,6935,1848.84,3316,2748,4048,7089,32271,29704,45430
2016,1,17,40610,28706,46202,60308,55725,1848.84,660,4780,4133,7373,83989,30997,26225
2016,1,18,5619,94046,35370,40317,27086,1848.84,3675,4067,4458,6337,58419,12745,43362
2016,1,19,41768,86736,26846,17168,177,1848.84,3224,2138,4174,5777,17445,19806,9117
2016,1,20,2002,79124,11031,46136,86497,1848.84,2132,2114,1769,8853,48782,48854,11372
2016,1,21,72216,78810,77922,78026,25148,1848.84,770,3266,1570,7615,14166,11924,2694
2016,1,22,93085,63658,29448,97259,89436,1848.84,3508,2788,2367,9086,53923,28863,13245
2016,1,23,12262,47408,37331,34031,76262,1848.84,4236,4828,1274,7158,42853,12852,2465
2016,1,24,46204,49977,89688,1984,83944,1848.84,4292,2027,1110,7488,74285,25917,6473
2016,1,25,66985,64146,83706,25704,48684,1848.84,4567,2297,2740,8249,11327,10353,3982
2016,1,26,10714,10565,75182,91988,4075,1848.84,3408,1138,4363,8904,52260,18306,34388
2016,1,27,10921,42906,61687,97403,46645,1848.84,4671,4980,1469,9728,55684,31504,35972
2016,1,28,60062,26604,58802,77803,34853,1848.84,3155,1140,3397,9689,53905,17471,36482
2016,1,29,14077,68666,84101,14792,73114,1848.84,3097,1570,1244,9576,14139,17238,2713
2016,1,30,97108,3811,88595,13577,9891,1848.84,710,4952,2233,7798,64106,38437,10631
2016,1,31,56716,52262,84004,70113,48303,1848.84,3935,3730,2925,8035,93521,12390,4261
2016,2,1,92972,12776,36366,37755,26915,1405.07,1213,2076,4925,9198,56967,10556,44980
2016,2,2,92575,26920,64142,62809,91026,1405.07,875,4638,2934,5987,24293,14398,2580
2016,2,3,9923,3024,80120,97958,96546,1405.07,518,4516,1637,7773,43622,14904,8863
2016,2,4,2753,11189,28333,19031,8682,1405.07,938,1255,4922,5686,80415,35947,1652
2016,2,5,62659,16291,11939,81945,22278,1405.07,4138,3551,1222,5610,62860,17278,2584
2016,2,6,44473,17918,58020,82462,25691,1405.07,3717,4795,4182,8230,80177,37863,17995
2016,2,7,93702,76116,55472,38625,36195,1405.07,923,1710,2177,9213,97149,40806,35887
2016,2,8,71797,52641,39359,27404,4603,1405.07,906,4074,1487,9206,47887,28530,18571
2016,2,9,88273,11606,39678,33807,20008,1405.07,3021,1110,1948,6994,68684,48515,19855
2016,2,10,95732,75961,63721,47909,11526,1405.07,598,3322,1214,6278,27077,13206,27223
2016,2,11,29348,39336,16243,82187,9614,1405.07,716,4237,2086,6438,48043,12093,14130
2016,2,12,36600,52418,42155,32569,95910,1405.07,1084,1640,4502,9318,55900,31028,27191
2016,2,13,54731,27320,30703,945,38096,1405.07,3112,3794,3466,8718,82333,39432,24132
2016,2,14,48485,43050,70022,56923,59796,1405.07,4016,2746,1834,7522,45315,32743,34418
2016,2,15,71065,42752,90737,90568,20260,1405.07,2947,4990,3955,5001,92286,28403,46637
2016,2,16,59133,60400,28550,88951,44754,1405.07,4734,4589,1166,9522,66512,30079,10883
2016,2,17,49174,51881,42826,36008,95755,1405.07,3750,1818,3595,9486,73737,33855,4493
2016,2,18,72476,28037,75198,62783,13038,1405.07,1185,3521,4234,6087,77472,10690,33836
2016,2,19,46970,22207,31282,17254,53315,1405.07,3684,2487,1025,5734,38494,11779,47794
2016,2,20,43707,73598,28599,7303,99436,1405.07,2509,3262,1724,5422,51045,19532,18688
2016,2,21,82894,58583,48284,27129,94670,1405.07,3820,1639,1340,7094,75244,33980,42108
2016,2,22,94248,38930,36468,60273,78144,1405.07,2052,1849,4911,7002,29151,30698,41315
2016,2,23,85690,36661,68962,48766,35719,1405.07,3527,3612,3588,6334,62092,39610,20007
2016,2,24,15270,10913,47602,95935,7366,1405.07,4914,1612,3126,5478,61885,12548,22846
2016,2,25,74049,290,78120,55312,83644,1405.07,1009,1378,1162,9950,34450,46001,7271
2016,2,26,41329,59330,30966,36270,32492,1405.07,879,4112,1314,6970,60046,27687,43058
2016,2,27,12678,6314,29300,90805,89048,1405.07,2073,4447,2825,6206,34758,15650,7537
2016,2,28,48816,70768,93506,9099,92091,1405.07,1451,3418,3636,9698,69687,36127,44308
2016,2,29,61827,11919,240,82149,1751,1405.07,4835,4428,4302,9134,21584,18834,26638
2016,3,1,68658,84149,70849,10203,18907,1505.52,748,1026,3526,6622,98116,32833,28670
2016,3,2,22271,47887,36470,91040,33927,1505.52,2866,1698,4187,5014,47595,32176,22597
2016,3,3,44850,78376,97832,336,99960,1505.52,2006,4968,1681,7855,11522,21939,2533
2016,3,4,12877,86892,27966,1403,4063,1505.52,4235,2685,1310,5702,33724,24246,26082
2016,3,5,59653,2943,70091,65192,37957,1505.52,3719,4157,2412,6230,99493,12371,34038
2016,3,6,64084,62852,13693,67117,97059,1505.52,4055,4934,2106,7021,11336,16168,25215
2016,3,7,59455,45572,58854,49775,32628,1505.52,4020,3631,1872,7558,73822,16181,8931
2016,3,8,94501,53895,81691,23266,15445,1505.52,1988,1768,1578,5680,62995,14900,47536
2016,3,9,90896,68404,67381,19354,85425,1505.52,521,1230,1992,5886,27357,11952,45069
2016,3,10,36010,17730,14604,64234,78193,1505.52,1766,4045,3671,9628,12310,24116,4778
2016,3,11,42345,64299,86348,19084,29980,1505.52,1529,1758,4098,8662,40227,35874,49344
2016,3,12,71682,92101,97105,28674,19180,1505.52,4645,1540,3543,5600,52126,12378,40814
2016,3,13,70378,98893,42133,29050,43702,1505.52,4517,2398,1638,5864,21481,31424,4443
2016,3,14,71560,14363,2299,5658,90976,1505.52,1531,2657,2329,9986,15374,11474,8878
2016,3,15,95802,58680,90754,70697,24280,1505.52,3784,4657,1772,5916,40058,14670,42880
2016,3,16,36712,59576,20576,88157,81792,1505.52,4580,4703,2771,8230,75360,30099,8410
2016,3,17,47108,33245,59109,30789,88233,1505.52,694,1570,1822,6110,71082,16101,33143
2016,3,18,83635,11219,77111,41759,77135,1505.52,3584,1646,3095,8328,34705,24887,17169
2016,3,19,38921,4286,44591,11693,92516,1505.52,3143,1958,4546,7251,86763,24130,36303
2016,3,20,50394,53117,90869,8568,93872,1505.52,1021,2506,4520,8131,19264,33006,28303
2016,3,21,1653,79201,13205,94748,59713,1505.52,986,3632,3547,6928,26676,11062,47910
2016,3,22,83232,34820,17038,69130,18423,1505.52,4612,1414,3268,7830,93735,33492,20153
2016,3,23,28783,1109,60999,34655,69241,1505.52,2660,2244,1640,6982,81991,35527,30263
2016,3,24,95127,84331,34160,63674,31259,1505.52,1087,4489,2007,8962,99971,30430,10837
2016,3,25,94629,59584,31951,84250,26416,1505.52,2741,1549,3146,5091,12416,28738,42038
2016,3,26,41706,23864,15983,17521,71081,1505.52,3047,1206,3655,7128,46231,46266,14326
2016,3,27,64396,87319,60756,92755,61796,1505.52,3184,2775,1661,5974,73376,13076,27079
2016,3,28,13525,41118,50978,56671,86209,1505.52,826,4266,1044,7742,61786,17062,7181
2016,3,29,32068,14835,34683,47076,18394,1505.52,3341,4140,4583,7318,91894,46378,30914
2016,3,30,47528,31432,19155,84189,2918,1505.52,3617,1441,1270,9198,89463,10270,8883
2016,3,31,88128,74872,96827,69172,92614,1505.52,2647,1033,4799,9346,88108,24544,24966
2016,4,1,81450,40037,54178,68250,31931,1774.73,776,4713,1062,6317,82631,44944,1124
2016,4,2,79935,15425,11297,10881,4889,1774.73,4007,1111,2035,9070,10164,16070,30210
2016,4,3,22178,62463,58152,94507,50571,1774.73,4100,3371,4083,8278,16620,37366,49048
2016,4,4,35187,48750,67080,87601,65067,1774.73,2544,1352,1487,6486,88584,10938,16063
2016,4,5,40403,3945,15191,33790,88475,1774.73,2142,2004,4081,6645,21510,16003,36620
2016,4,6,75694,1964,30727,31129,36594,1774.73,3494,3131,2448,5574,75731,27514,13700
2016,4,7,67989,24628,38867,49476,84821,1774.73,3554,1574,1394,6838,75364,36221,27451
2016,4,8,36717,93859,63226,52151,70504,1774.73,3153,1196,4402,8880,77325,12000,1088
2016,4,9,12580,12172,60479,41380,14098,1774.73,3893,2086,2189,8232,47913,12009,36210
2016,4,10,17914,16469,19937,65661,16566,1774.73,1881,4633,4158,5106,21783,26013,45301
2016,4,11,82546,56290,22211,1949,21522,1774.73,4295,4100,4410,9558,91831,17026,15888
2016,4,12,87336,10725,40595,64525,84836,1774.73,2886,4100,1327,5654,84760,17006,38508
2016,4,13,74475,86642,23879,79985,68100,1774.73,997,1300,3302,9128,68945,39823,12014
2016,4,14,26799,43241,90276,71210,78015,1774.73,4717,1430,2830,5126,29874,44017,32107
2016,4,15,75171,89113,13119,12851,51935,1774.73,2094,2760,1754,7324,22744,35323,14231
2016,4,16,69339,95095,35969,87641,89654,1774.73,2464,1452,4506,8192,87661,42520,21266
2016,4,17,16199,17379,24223,25381,4042,1774.73,750,1136,4561,5220,16836,27848,20450
2016,4,18,79451,91861,70609,96675,99185,1774.73,1998,3522,4799,8646,72515,44452,9706
2016,4,19,55585,16332,10905,20091,50423,1774.73,3962,2972,3647,9537,16716,10782,14918
2016,4,20,6339,60456,64605,65900,25676,1774.73,862,1477,4877,5734,18152,30414,23018
2016,4,21,6766,16503,48937,11565,50821,1774.73,1016,2756,4134,6556,59198,18258,37804
2016,4,22,64543,54514,87530,13191,74051,1774.73,2230,1582,2689,6834,62639,14716,12235
2016,4,23,36205,72740,52547,17434,69800,1774.73,2847,1564,3552,6282,17950,17518,20699
2016,4,24,940,26849,93482,55075,60122,1774.73,983,1016,2192,9864,54206,47594,2680
2016,4,25,8452,36437,77983,97493,99624,1774.73,2209,1664,4713,8926,53260,15864,6975
2016,4,26,51806,67461,8781,71710,30597,1774.73,2433,1535,1878,5914,11874,16582,13261
2016,4,27,88595,95297,57599,12139,75162,1774.73,4733,3612,4592,8144,81104,30567,28157
2016,4,28,61042,9666,16395,7107,90773,1774.73,2970,3929,3467,8102,30638,34063,36008
2016,4,29,61363,73073,31951,1472,25339,1774.73,4405,1166,1560,8042,42423,21721,1265
2016,4,30,20160,68509,21686,1104,88928,1774.73,1671,4969,1342,8065,73427,35932,19143
2016,5,1,12751,11214,53892,60853,58205,1791.68,2215,1276,2609,6134,72966,15522,4307
2016,5,2,74444,3252,434,66447,45675,1791.68,2957,1078,1606,8130,19461,29334,38508
2016,5,3,85732,85783,24495,150,59211,1791.68,1925,1960,4343,6606,49164,12547,26779
2016,5,4,41476,71380,10176,44085,11418,1791.68,2957,2212,1393,8391,68658,48419,33143
2016,5,5,36899,87968,95306,13443,92029,1791.68,4129,4111,1901,9975,10612,42463,14767
2016,5,6,26754,27539,80776,47449,14708,1791.68,4996,2534,1319,6523,16619,29088,29940
2016,5,7,36018,14577,31302,38763,29320,1791.68,2181,2569,1272,8838,96012,12659,16312
2016,5,8,29958,5142,23123,46859,55117,1791.68,4321,3221,3977,6774,62021,25036,1558
2016,5,9,50036,72018,97571,67707,24894,1791.68,3147,1830,1014,6470,99673,40789,14190
2016,5,10,93464,3207,73360,14095,2046,1791.68,3105,2002,1738,6228,95212,12332,19372
2016,5,11,32668,34534,76906,26645,70982,1791.68,3032,2368,2296,5602,10160,18541,38927
2016,5,12,96145,18223,29452,41263,95375,1791.68,2051,3837,1430,5410,11758,33432,45477
2016,5,13,91134,46038,31787,98350,28618,1791.68,2033,2636,1531,7886,20632,48864,26999
2016,5,14,9218,88665,86233,36514,54268,1791.68,502,1674,1772,6926,16060,37607,41308
2016,5,15,96335,40077,26446,77722,61840,1791.68,1153,4324,1766,5888,67674,36736,29378
2016,5,16,19938,61060,14373,97821,14999,1791.68,1684,4215,3669,9268,77080,44288,35006
2016,5,17,56929,82135,61052,99162,32992,1791.68,1769,1364,4153,6438,39750,37344,19077
2016,5,18,8944,904,56669,17062,10195,1791.68,3797,1118,1754,9054,44303,33104,40695
2016,5,19,19528,7340,73672,59549,56609,1791.68,3837,3536,2885,9786,29049,32228,1514
2016,5,20,318,65819,44259,25823,29033,1791.68,3166,4327,1264,6186,71389,11458,34009
2016,5,21,43234,41539,41591,61340,26061,1791.68,795,1939,4585,8942,21488,32545,2246
2016,5,22,35218,91678,12434,84455,22918,1791.68,3034,3234,3653,7292,49056,10770,41483
2016,5,23,27654,78575,23366,28918,81114,1791.68,1727,4346,2644,9348,16366,28705,11107
2016,5,24,16916,12833,40645,42853,97299,1791.68,804,2515,1358,8374,33321,18872,28485
2016,5,25,95665,16356,49018,19318,60001,1791.68,3355,2653,3000,8072,32922,24113,14427
2016,5,26,39179,89650,14812,91823,4320,1791.68,527,2586,4680,7524,80438,26978,16849
2016,5,27,6009,22188,75846,92523,76370,1791.68,3305,3385,1874,7322,24055,15062,9167
2016,5,28,81749,28763,5880,74750,56835,1791.68,886,1012,4802,9206,16774,15473,5154
2016,5,29,13227,91067,19412,42908,18591,1791.68,1237,1910,3388,8362,49824,14757,49850
2016,5,30,87602,68130,19496,29476,51805,1791.68,1349,3552,3664,7170,24653,45498,9903
2016,5,31,8734,6221,57863,69889,86247,1791.68,1713,1658,4466,9070,58731,17662,28401
2016,6,1,44970,45360,25716,23405,11536,2910.87,1005,4665,2671,6833,31469,10322,6825
2016,6,2,4535,81374,41238,58116,6028,2910.87,3200,2247,2301,6186,14845,11414,3088
2016,6,3,4803,30670,25169,92280,5754,2910.87,4605,2074,1288,5320,90478,11322,29578
2016,6,4,78498,17836,98841,71169,74669,2910.87,3742,1120,1683,5354,53670,34062,30310
2016,6,5,84420,53223,62662,78073,6312,2910.87,3774,2465,4527,8943,19744,30280,27507
2016,6,6,4873,99350,97355,96161,21023,2910.87,680,1752,2020,8362,87039,13040,4185
2016,6,7,60838,27134,8596,88873,8466,2910.87,2934,4236,1840,5595,87308,18042,28618
2016,6,8,79454,21084,81969,3982,96379,2910.87,613,2602,3765,8650,30114,21139,18065
2016,6,9,68505,45450,87011,90525,75978,2910.87,4917,1815,2535,8512,25687,42352,40403
2016,6,10,23483,64975,51589,71675,50570,2910.87,1177,1375,1332,9004,66708,39062,38898
2016,6,11,42562,17322,6665,92679,81642,2910.87,3818,1238,3579,6694,57022,40909,3131
2016,6,12,41231,76940,27725,75119,21805,2910.87,2470,1174,4737,9059,16960,13342,19764
2016,6,13,24309,59490,48035,16993,83987,2910.87,2406,2899,3415,9070,35577,30057,14743
2016,6,14,98553,15748,96556,13484,66577,2910.87,4392,4158,3221,8494,99276,35025,19930
2016,6,15,18233,33100,46664,52970,18511,2910.87,4628,4170,4464,9014,76162,39802,29976
2016,6,16,50109,98569,99054,98525,43991,2910.87,4933,2542,1730,7840,56025,49658,1976
2016,6,17,27770,76771,90169,90991,8887,2910.87,2367,3470,3896,5382,96440,14822,39446
2016,6,18,35358,67421,16577,91174,2788,2910.87,2327,2895,2658,6380,51419,18000,9091
2016,6,19,97364,12705,26895,80446,70545,2910.87,894,4666,1041,6623,22008,10310,49272
2016,6,20,26069,14377,44751,64965,69759,2910.87,3722,1468,4963,5298,12641,27750,7543
2016,6,21,64389,59970,96998,88399,22702,2910.87,1398,1416,1121,9644,16861,48018,48418
2016,6,22,98917,63317,62685,91310,99941,2910.87,2589,2360,1710,7340,23677,12318,34693
2016,6,23,11235,62400,23000,52550,34051,2910.87,1651,3438,3313,7308,12786,16390,1993
2016,6,24,42067,75940,3784,19540,75585,2910.87,3909,1714,1665,6593,82161,16605,36998
2016,6,25,31287,74752,75319,63059,28444,2910.87,4589,4677,4098,7890,92227,28148,15348
2016,6,26,55934,88879,42940,599,82528,2910.87,2965,1900,3419,7026,76837,14003,46129
2016,6,27,8747,60747,21208,25412,7341,2910.87,3369,4978,4472,6262,34388,22915,3370
2016,6,28,65387,98979,78945,75837,2919,2910.87,3985,1694,1402,6562,75802,25281,37524
2016,6,29,9405,43768,32580,64176,15517,2910.87,3179,1238,1514,9386,82378,10206,25769
2016,6,30,19108,57100,81537,13580,7139,2910.87,1494,3876,1255,7194,64712,34173,15926
2016,7,1,85050,25730,12069,48326,1532,2493.1,4081,1650,1281,8257,93519,12049,3703
2016,7,2,16437,34134,64916,32175,32864,2493.1,1282,4962,4362,9732,97100,10584,41475
2016,7,3,17709,85977,52895,49500,67042,2493.1,690,2090,4149,7234,13622,47032,3421
2016,7,4,937,74498,8683,53570,12755,2493.1,618,1094,2687,6885,94069,35550,2202
2016,7,5,88360,61704,75514,94075,42917,2493.1,4361,1976,1294,8608,42827,16680,38966
2016,7,6,72029,27994,26778,1178,25228,2493.1,3209,1163,3043,6496,79732,47149,27194
2016,7,7,75446,11703,9045,44485,24940,2493.1,694,4651,1168,7626,23725,24084,3114
2016,7,8,27218,39439,1062,18512,8047,2493.1,3198,1426,3233,9975,97603,13460,43889
2016,7,9,63522,62165,55976,81565,51761,2493.1,590,3557,1958,8228,88041,10116,2060
2016,7,10,73575,34428,34705,71095,56328,2493.1,746,3544,4219,5194,18407,38618,24782
2016,7,11,72833,27958,35045,61067,47933,2493.1,878,2805,1164,6854,25721,29276,49001
2016,7,12,15266,70788,22834,95380,41249,2493.1,874,1175,1238,5982,18222,17981,10875
2016,7,13,26270,13801,17878,56841,42745,2493.1,926,1164,1196,8198,92995,28525,2637
2016,7,14,79504,83874,72684,7020,47080,2493.1,2648,2345,4191,5481,74076,26792,48405
2016,7,15,36357,74509,57968,98011,42349,2493.1,2343,3617,1586,7350,41809,33133,26589
2016,7,16,2857,37269,65063,99802,84124,2493.1,3326,4978,3283,8142,13426,21714,8058
2016,7,17,15767,5998,84060,1310,31480,2493.1,3101,4187,3995,9710,98549,41343,8136
2016,7,18,79010,30893,76313,69399,97465,2493.1,3883,1672,1742,7902,16473,11740,18123
2016,7,19,42004,61152,35844,16639,78514,2493.1,3353,4279,1542,8764,95588,43021,5545
2016,7,20,13253,40043,93561,78600,42463,2493.1,4943,1471,4353,5224,14452,12706,42110
2016,7,21,97082,26106,69842,68824,10052,2493.1,1040,3406,3817,6480,11246,42330,2667
2016,7,22,48781,39751,52962,10323,94867,2493.1,4695,3118,4944,9607,86718,47406,14903
2016,7,23,21717,73014,85231,77422,51973,2493.1,590,4054,4908,6783,34229,44959,42452
2016,7,24,19450,75271,29719,83267,68506,2493.1,1949,3637,2217,5078,43959,32083,31116
2016,7,25,76165,80007,6555,81109,9614,2493.1,4867,2681,3989,6449,25102,15526,9625
2016,7,26,55253,72045,16368,90162,88828,2493.1,1472,4628,2219,9590,15800,27076,16950
2016,7,27,12306,66197,60715,15875,77459,2493.1,2958,3623,1032,9034,51083,26997,21026
2016,7,28,14137,12303,74680,29478,75104,2493.1,886,1454,4530,6326,36869,19428,16134
2016,7,29,80108,88342,34339,38679,69533,2493.1,2106,3189,4781,9172,14064,18591,8586
2016,7,30,80199,28375,88567,97583,49239,2493.1,931,4726,3304,5610,18416,19530,39651
2016,7,31,48097,5994,6469,68979,19152,2493.1,3687,1230,1678,6060,70640,17562,43338
2016,8,1,52748,32105,12744,11920,62521,2310,3469,1798,4901,6051,40132,25903,31336
2016,8,2,46984,36211,44209,78946,45414,2310,3393,1406,1788,9514,86910,20125,20321
2016,8,3,91060,18873,1804,20437,89514,2310,2047,3612,2822,9590,70531,46694,35719
2016,8,4,36126,79002,37589,56028,1405,2310,1930,4739,1158,9990,60037,42047,44073
2016,8,5,12811,3431,59806,55951,15803,2310,1075,3213,1940,8472,43649,37805,13068
2016,8,6,79950,52049,46418,64124,56840,2310,817,4316,3653,9524,81695,46410,33301
2016,8,7,75182,29979,11150,5464,22469,2310,3862,1631,1948,7344,15172,23123,37539
2016,8,8,36736,50010,62689,35028,10593,2310,4184,1893,4738,7842,71016,47929,6338
2016,8,9,35254,98186,57246,80260,62943,2310,1669,4475,1114,8350,59938,24091,5294
2016,8,10,41710,90153,92075,49031,63820,2310,2153,1906,1017,9692,68285,26609,16009
2016,8,11,57531,7470,83503,48621,9423,2310,1549,4676,4055,7600,41287,48349,20871
2016,8,12,25441,67957,2825,10712,38479,2310,4802,1566,1246,6877,29217,49437,29115
2016,8,13,42886,17723,82697,25255,68916,2310,3215,2798,3451,6898,91418,17873,1974
2016,8,14,88940,87969,28902,74347,58116,2310,4047,3555,4496,7514,10618,42975,20189
2016,8,15,37338,61773,89515,22956,88650,2310,3744,2886,2806,5790,89492,38074,35085
2016,8,16,38775,7708,80873,97226,25777,2310,1450,1067,1610,6704,10836,17382,38643
2016,8,17,13245,44461,50985,67742,2684,2310,2068,1372,3375,5878,95679,28376,11603
2016,8,18,18019,84425,92616,70826,72217,2310,512,1990,1167,6123,24567,48295,32108
2016,8,19,11118,22371,79364,87729,49075,2310,658,2318,1188,6142,46411,14624,1129
2016,8,20,67745,39832,20998,91120,22767,2310,848,1578,2452,8463,27961,12052,16677
2016,8,21,26923,69565,17012,49442,75688,2310,2737,1805,1234,6914,90885,45727,7932
2016,8,22,94581,46043,24398,40170,52185,2310,1146,1281,1992,8602,27400,16110,20810
2016,8,23,75172,79601,6896,8977,8064,2310,4997,1338,1556,8360,12614,12812,1209
2016,8,24,6292,98517,15970,2945,91969,2310,3671,1549,1212,6148,43070,37785,23207
2016,8,25,60231,80569,74067,3575,39064,2310,4685,4235,3771,5874,39563,21835,17820
2016,8,26,44141,54561,89526,81266,19273,2310,870,1138,1454,5512,44860,13493,40305
2016,8,27,65959,93533,16395,51560,82954,2310,696,3183,1385,6115,46757,45449,25818
2016,8,28,30287,32795,26037,44058,25727,2310,2244,1219,1511,7106,83836,11576,15600
2016,8,29,62075,94267,97700,83600,37019,2310,2092,4328,1092,9839,70887,35397,42561
2016,8,30,5657,76584,78581,62042,89051,2310,2490,4336,4484,7062,63394,16562,41690
2016,8,31,49126,45639,2782,1989,33761,2310,2772,2186,2236,5471,95785,19702,36619
2016,9,1,9230,69935,66828,39069,40822,1918.73,4724,3757,2156,6246,22807,38846,2225
2016,9,2,80609,58497,29683,80488,21891,1918.73,964,3880,1730,7953,17640,34700,12597
2016,9,3,5726,46179,81937,77549,41964,1918.73,1932,2545,3829,8759,13236,19312,32544
2016,9,4,60985,67691,9761,58141,90809,1918.73,3338,2768,2415,9372,68255,45657,48920
2016,9,5,21970,30573,45891,20052,78526,1918.73,4751,4250,1061,6687,78150,34376,29883
2016,9,6,35583,70083,51922,54413,45195,1918.73,840,2530,2577,6527,80670,49737,24888
2016,9,7,21799,10362,53858,45567,69734,1918.73,1223,3054,4037,6940,28105,47562,38466
2016,9,8,33349,49209,48165,75762,35897,1918.73,578,2830,2749,8411,58594,24295,26315
2016,9,9,3299,5362,96826,62228,78241,1918.73,1964,1558,4208,8722,45605,40294,27496
2016,9,10,20639,53181,14701,89676,6647,1918.73,3589,1346,2014,7042,32107,44262,42807
2016,9,11,44421,8597,48446,73522,37008,1918.73,2816,1250,3753,9292,10158,23345,23392
2016,9,12,38489,30849,23385,42698,29375,1918.73,4343,1398,3522,8096,56040,11520,35342
2016,9,13,23202,9630,17867,31569,27736,1918.73,830,2155,1273,5086,62028,28281,16326
2016,9,14,64020,9845,84939,9125,70838,1918.73,2469,4325,4671,8854,68374,30397,3824
2016,9,15,57548,17718,30411,96070,98114,1918.73,3941,1314,2431,8159,52882,40166,36451
2016,9,16,74485,45066,28674,65759,2045,1918.73,792,1063,1100,5329,91539,37734,40702
2016,9,17,99153,24010,97061,50177,12568,1918.73,573,1974,1722,7335,82536,30321,31787
2016,9,18,63786,56478,51636,92570,64638,1918.73,2735,1922,1880,5666,21231,17979,20871
2016,9,19,52111,47975,50396,69009,43305,1918.73,1742,3808,2295,5238,17978,44862,41935
2016,9,20,68294,55911,81330,84150,33246,1918.73,4470,3383,1694,9858,11914,10718,13866
2016,9,21,3328,38688,56806,85615,16449,1918.73,3594,3559,3715,5606,53919,16222,44389
2016,9,22,78628,10662,60828,77276,80817,1918.73,3489,1874,2074,9818,49610,25319,36165
2016,9,23,33684,80433,88703,70379,79242,1918.73,3061,2569,4694,9814,68183,16142,44655
2016,9,24,71960,38130,51054,30675,74823,1918.73,4045,3450,1278,6224,47077,12802,4973
2016,9,25,12389,35567,78264,70815,5386,1918.73,1134,1710,1009,9574,42150,20250,44226
2016,9,26,62196,30213,19172,28242,7783,1918.73,4383,4741,3188,5437,26767,33011,3708
2016,9,27,66762,75813,2814,82396,2038,1918.73,1549,4425,1854,9812,85240,14396,49891
2016,9,28,50390,47727,62615,91399,15267,1918.73,3001,3813,1328,7172,22054,25463,21117
2016,9,29,67232,32791,55205,25421,94580,1918.73,4783,1340,4136,7596,60088,26173,48325
2016,9,30,43839,71638,6952,45647,77803,1918.73,2840,3191,2621,7254,35942,37887,8544
2016,10,1,63944,98054,20604,27468,20108,1707.16,4699,4249,2622,6471,63828,15946,46067
2016,10,2,11255,25170,40084,5203,85258,1707.16,4040,3246,4559,9382,51048,14454,32609
2016,10,3,47527,79241,37076,79333,31535,1707.16,3607,1829,3016,9210,39296,18960,24964
2016,10,4,65277,50348,28726,32899,86819,1707.16,818,4424,4074,5280,19626,35683,8906
2016,10,5,4241,68667,8931,43801,79706,1707.16,4606,2231,1922,6758,22916,13854,26331
2016,10,6,2998,71524,15286,42366,40734,1707.16,1840,2361,1281,6917,71611,24452,4583
2016,10,7,55824,86809,38877,6250,42089,1707.16,1933,2681,3521,7215,22833,23226,8504
2016,10,8,43546,47440,50459,15469,9122,1707.16,562,2118,2601,9142,70835,34686,39727
2016,10,9,21497,89029,57048,42778,35946,1707.16,3581,3120,1819,9862,14370,40259,28659
2016,10,10,80962,72656,52941,40835,39871,1707.16,4061,4767,3213,7038,31587,48686,25774
2016,10,11,20598,66865,77158,14551,33779,1707.16,4236,1126,2020,5280,14403,22966,47993
2016,10,12,67646,97986,97439,99465,36796,1707.16,1076,4108,1640,9016,74942,14084,11809
2016,10,13,34791,39004,56806,74356,69875,1707.16,3041,1823,1608,6646,37725,21738,4745
2016,10,14,64544,86962,77013,1564,25949,1707.16,881,4946,2105,8320,25762,17810,7769
2016,10,15,16481,31839,9361,17297,7208,1707.16,4333,1997,4658,7490,32704,19074,34303
2016,10,16,52236,72098,32709,40196,88649,1707.16,1934,3191,3747,5298,54754,16047,20434
2016,10,17,63067,61989,42346,1524,50309,1707.16,856,1788,1298,9783,14262,23505,18109
2016,10,18,70439,74771,81855,10097,22261,1707.16,980,1704,1656,5040,31043,41656,14559
2016,10,19,55475,92978,44848,45574,48276,1707.16,1620,2694,2941,7942,29217,28249,49602
2016,10,20,88427,89642,11391,4725,75777,1707.16,4582,2566,2948,6436,72662,25209,11827
2016,10,21,40996,24996,16057,44004,10036,1707.16,659,1028,1428,6858,27434,18846,13452
2016,10,22,12812,5408,32399,90754,9374,1707.16,4002,4151,3960,6744,18875,19484,27968
2016,10,23,58572,63458,38656,61520,6247,1707.16,3080,3593,2665,5489,23948,12700,11319
2016,10,24,98941,75960,44563,71722,72818,1707.16,2777,1266,2403,6138,76381,12542,21997
2016,10,25,19495,11737,17280,3456,58481,1707.16,4544,3403,2316,8199,11275,38562,2508
2016,10,26,45870,14356,18508,98535,66197,1707.16,1235,1489,3414,8626,53210,41231,42456
2016,10,27,94146,62340,93213,71550,3867,1707.16,1029,3360,1329,8309,43167,12334,19594
2016,10,28,77169,22712,89566,9485,40912,1707.16,4399,3132,1548,5822,13406,14096,1692
2016,10,29,41715,79255,95586,60129,1404,1707.16,2712,1106,2486,7462,83449,47704,15148
2016,10,30,30518,74480,71066,28200,99141,1707.16,713,2660,3296,9206,18496,44207,14233
2016,10,31,7472,82896,13692,55372,82155,1707.16,4467,3868,4612,5650,11446,12367,15359
2016,11,1,68061,24269,6744,28985,7718,2096.8,4502,3548,1864,8116,14040,22449,4448
2016,11,2,4767,6701,25746,11397,25198,2096.8,3867,4444,4995,8486,22950,15354,36305
2016,11,3,60059,63171,76319,57816,63520,2096.8,719,1579,4306,7462,76916,13530,5039
2016,11,4,98263,36419,51925,40127,56824,2096.8,2575,2941,1506,8320,89337,46918,32317
2016,11,5,90977,8206,87715,40973,98796,2096.8,2678,1710,3835,5348,33020,14854,10666
2016,11,6,20387,53741,1639,49693,97555,2096.8,3068,1642,1324,5406,52295,38147,28555
2016,11,7,70013,64871,66089,75382,19544,2096.8,2299,1048,1334,6134,67843,45130,21778
2016,11,8,37032,90522,86688,27219,5871,2096.8,925,2608,4800,5136,92301,37354,19709
2016,11,9,61118,11722,99524,92442,83066,2096.8,1940,4429,3040,9380,44811,18935,1819
2016,11,10,51158,83463,95808,47493,9829,2096.8,3974,1859,1058,5661,74078,42746,13651
2016,11,11,65370,71356,35355,55170,70271,2096.8,3876,2739,1466,8399,56532,10300,44008
2016,11,12,26570,53473,24576,75962,32853,2096.8,4897,4009,4200,5702,31501,29029,35739
2016,11,13,20707,6828,42241,91231,52490,2096.8,666,2858,1538,8170,89380,40647,32671
2016,11,14,96043,48257,38387,68124,23008,2096.8,4620,1866,4742,8400,41889,13946,44919
2016,11,15,66286,86787,97957,35487,43843,2096.8,867,4549,2637,6224,72131,21478,45810
2016,11,16,22131,72461,39337,42508,24496,2096.8,3155,1889,3324,7893,10034,32683,28717
2016,11,17,99165,44634,98612,63907,25181,2096.8,2853,1466,3639,8674,43304,37482,40502
2016,11,18,54323,74172,52032,23312,63631,2096.8,4789,1530,2974,7798,28268,15314,24163
2016,11,19,45547,77776,90712,55224,65669,2096.8,2906,1184,1708,5750,45091,48241,12076
2016,11,20,43372,39297,6060,87011,47810,2096.8,844,3483,4886,5760,58147,14094,49364
2016,11,21,83391,19289,5630,12717,19767,2096.8,1538,1665,3024,7212,36888,10044,1030
2016,11,22,85677,24795,91230,58738,27665,2096.8,1978,2387,1968,9389,90750,12268,36321
2016,11,23,45105,81595,74613,84991,40823,2096.8,4858,1138,3400,6839,53280,38166,49112
2016,11,24,77089,36171,69832,5113,9772,2096.8,658,1822,2866,6386,54185,41882,6720
2016,11,25,59059,27516,95623,67379,23257,2096.8,3507,3360,4318,8952,53350,25140,36373
2016,11,26,63584,74561,82057,48336,1401,2096.8,1501,3488,1507,5380,99953,47631,35338
2016,11,27,45757,15111,93080,9975,37849,2096.8,1857,3258,2483,7672,80636,30739,13617
2016,11,28,204,20496,15452,874,51319,2096.8,2366,1253,4713,8854,79588,27465,35154
2016,11,29,76112,16091,72307,63972,55128,2096.8,1602,2235,3721,8334,27210,15852,22260
2016,11,30,51002,45420,71180,58485,59251,2096.8,575,1620,3662,8278,76678,12674,18168
2016,12,1,19045,87587,82245,59820,67175,1596.84,930,4616,2016,9901,54743,20627,9711
2016,12,2,61504,71980,24349,48889,15542,1596.84,4889,1930,4800,8373,36562,37967,32270
2016,12,3,80301,12368,42982,1327,5398,1596.84,3857,1598,1899,9846,19926,16326,49314
2016,12,4,82165,36544,53691,30533,36446,1596.84,1159,4300,3117,7466,63189,28658,24787
2016,12,5,90481,63079,5971,60281,37805,1596.84,3247,3104,1251,9894,35783,43000,42533
2016,12,6,40542,59641,33795,27442,98447,1596.84,2867,1230,1912,6258,27494,23748,34408
2016,12,7,92696,95006,54401,5813,3217,1596.84,4470,3696,2020,6792,53976,34824,17590
2016,12,8,15677,68576,69281,3280,9804,1596.84,1280,1697,1056,5366,10490,29502,5064
2016,12,9,80835,8358,76466,51786,76267,1596.84,1885,1286,1298,6285,91126,18533,20312
2016,12,10,80228,41950,12231,93600,98742,1596.84,3423,4418,1134,8120,17697,27289,32559
2016,12,11,35472,30330,43987,16528,60405,1596.84,2381,1238,1084,5198,18760,38156,20829
2016,12,12,25511,17613,73471,40828,80250,1596.84,712,1934,2897,8598,54075,21639,14597
2016,12,13,86854,98851,52410,54340,12907,1596.84,1628,3377,1788,7898,81256,43544,36459
2016,12,14,62796,9990,51135,74686,15189,1596.84,2841,1406,4473,6311,97877,24722,26862
2016,12,15,17260,73590,51552,40158,94237,1596.84,3148,1089,1668,6909,35428,12406,5627
2016,12,16,33368,83409,98465,66508,75376,1596.84,1403,4523,1061,7537,29208,37601,46073
2016,12,17,4399,92050,78300,15224,44713,1596.84,4946,3323,2470,7849,18480,26706,42529
2016,12,18,63476,12981,74148,657,59890,1596.84,743,4609,4335,5559,76116,17158,25928
2016,12,19,61632,68873,55587,84046,96410,1596.84,1646,2160,3195,6298,32383,37907,34795
2016,12,20,8827,38682,32583,7649,96531,1596.84,4354,1358,4043,8501,77014,40285,1064
2016,12,21,781,27759,49895,26469,9670,1596.84,2531,1301,1234,9469,71698,23996,42363
2016,12,22,84264,9697,41157,93811,42347,1596.84,3069,1173,4925,5278,58821,15624,39892
2016,12,23,48067,59529,50518,28463,34382,1596.84,3747,1366,2994,9996,61630,47663,43885
2016,12,24,77356,5514,85317,4943,4983,1596.84,3938,1204,3063,6446,99407,25409,23367
2016,12,25,92690,63829,92935,53967,44480,1596.84,3126,2546,2636,8643,37360,28369,18109
2016,12,26,22528,6108,13532,26874,41101,1596.84,4537,4807,3378,9853,39749,18360,41514
2016,12,27,83221,85040,40310,82636,71486,1596.84,3044,1064,4896,7331,34493,14376,39717
2016,12,28,85440,78972,73275,13076,57616,1596.84,1444,1494,3093,5342,23368,40545,10635
2016,12,29,29194,47906,25353,58925,74111,1596.84,2284,3682,1493,7902,56317,17354,31455
2016,12,30,90015,80715,51211,9912,98046,1596.84,639,4836,1027,7836,29263,38642,2056
2016,12,31,90900,37060,51489,23993,74740,1596.84,889,3933,4113,6241,62857,29576,24857
2017,1,1,56494,19611,36894,90440,92281,1743.45,918,4346,3786,6717,87391,10841,41225
2017,1,2,97357,3580,41869,77622,32843,1743.45,3520,4901,3351,8864,44641,39559,46863
2017,1,3,39754,64927,95026,12347,27784,1743.45,1394,1266,1136,6584,14850,11402,24602
2017,1,4,10864,4227,42190,69650,10944,1743.45,990,4651,4511,8711,18246,32353,45933
2017,1,5,85574,87145,52256,50277,12361,1743.45,4836,3465,3174,9774,80811,22309,13249
2017,1,6,42167,63558,22938,2730,83197,1743.45,573,4059,2287,8238,80060,44582,46710
2017,1,7,60048,26904,19234,25911,15615,1743.45,3264,2539,1398,6871,67816,37361,21506
2017,1,8,90120,74005,5827,84646,75218,1743.45,1954,2383,1547,6243,20112,16096,2991
2017,1,9,92954,92038,76508,60241,6153,1743.45,4823,2551,3471,6678,16932,15437,6569
2017,1,10,28267,33078,32977,53268,9949,1743.45,1981,1419,1148,5624,17174,16365,17145
2017,1,11,15798,24371,101,98698,70615,1743.45,4793,4919,3602,5230,56511,17846,20214
2017,1,12,14221,27687,33658,14044,18096,1743.45,4480,1361,1548,8809,15980,17849,8472
2017,1,13,95954,22962,50621,87103,52122,1743.45,4819,4270,2407,9920,82967,29373,18038
2017,1,14,6486,64113,59293,35088,21766,1743.45,1194,1980,3490,6203,50029,11585,15805
2017,1,15,11027,95862,24299,18928,74671,1743.45,1776,1976,1898,7506,74078,48065,6632
2017,1,16,71786,60250,32337,80546,30170,1743.45,4918,3006,2120,9211,88094,33885,31656
2017,1,17,51368,90641,69871,94858,43196,1743.45,2795,1158,1532,6900,89501,13576,19900
2017,1,18,70077,26278,93760,66022,46378,1743.45,886,4515,4439,5558,15060,40960,34190
2017,1,19,10783,74979,43968,22903,10542,1743.45,1787,1908,1650,6028,73118,14952,48414
2017,1,20,62910,45914,85527,95023,59359,1743.45,1805,1584,2656,5565,28160,14034,25028
2017,1,21,79755,58599,98550,40546,37726,1743.45,1506,3507,1291,7330,87761,31833,29962
2017,1,22,56591,60901,10094,28348,3910,1743.45,3299,3170,4124,8826,94544,19370,33212
2017,1,23,20206,96351,50623,37863,8268,1743.45,3248,4373,3732,6308,61271,41457,28783
2017,1,24,63111,9130,39965,84402,955,1743.45,2586,3896,4977,5370,18014,25239,44078
2017,1,25,25892,61895,8410,71369,90721,1743.45,1203,2278,1322,6364,81492,40275,2955
2017,1,26,38312,99741,44649,92044,49242,1743.45,3501,2351,1400,9817,13104,48706,22272
2017,1,27,248,45692,22603,5225,88372,1743.45,1815,1238,1740,5225,15926,43812,24846
2017,1,28,74532,78186,37443,6540,37715,1743.45,1814,2377,1142,7814,84421,34267,18935
2017,1,29,30087,84275,12971,77839,40444,1743.45,1545,1390,3118,9147,62267,42841,26076
2017,1,30,90346,25435,23456,93438,80660,1743.45,2249,1542,4975,8422,94433,15390,25439
2017,1,31,59979,57600,66420,11358,81767,1743.45,624,3204,2818,9904,12094,16534,17193
2017,2,1,32588,65305,55493,98088,43924,2406.21,3432,4358,1788,7506,66369,13578,48334
2017,2,2,85471,54265,33555,26515,48698,2406.21,1493,2649,4015,8414,17690,41208,7597
2017,2,3,9827,32620,9027,51126,55014,2406.21,3499,3953,1218,5638,16390,25572,33641
2017,2,4,55029,90473,44931,43170,72342,2406.21,1747,4163,3268,6653,10998,13317,27653
2017,2,5,14250,3524,85967,4618,17726,2406.21,2177,3903,1418,7555,95029,10718,6734
2017,2,6,37549,29881,14672,52846,36577,2406.21,4769,1604,3535,6052,51125,12228,16712
2017,2,7,33705,7874,86392,31973,30879,2406.21,1641,1094,1944,7608,66097,41021,3422
2017,2,8,4342,28275,84926,76399,32182,2406.21,2116,4729,2538,8139,38926,29114,46307
2017,2,9,51203,83697,87072,91090,89749,2406.21,3317,4804,2421,6060,88128,19314,4549
2017,2,10,9483,99770,71133,32779,97378,2406.21,3800,3071,1855,5077,10821,14036,37230
2017,2,11,71384,14290,83767,13922,32429,2406.21,4388,4982,2740,5632,91071,12488,39045
2017,2,12,67360,10741,68645,46134,16801,2406.21,785,2634,1542,6917,91765,20271,6773
2017,2,13,80499,65566,4695,62354,40643,2406.21,1389,3377,4804,6507,58650,28584,15516
2017,2,14,15553,68039,78567,54645,97202,2406.21,3485,4561,1729,8546,27046,29882,35990
2017,2,15,8903,82832,88869,65445,26101,2406.21,2067,1598,2550,6762,85303,19544,30634
2017,2,16,88630,78045,47922,18435,54553,2406.21,3370,1456,1934,7778,57452,18094,6573
2017,2,17,94279,40938,69078,91009,93068,2406.21,2242,1969,1658,6110,83765,37758,12476
2017,2,18,23097,35833,60709,85647,8947,2406.21,794,2576,4055,9464,32362,44959,46012
2017,2,19,76037,45733,97768,83352,54022,2406.21,2867,3300,1157,6602,55660,11162,5221
2017,2,20,2124,92903,23898,13782,35365,2406.21,2891,3460,4847,8599,60459,35145,7663
2017,2,21,90963,82003,82722,15018,51467,2406.21,1329,3855,2168,8202,43558,31189,31436
2017,2,22,95669,31426,95842,91827,21074,2406.21,3754,3196,4403,7652,36977,29768,1502
2017,2,23,61667,4869,54581,21514,49820,2406.21,1659,1572,3393,5732,72150,14860,15040
2017,2,24,53521,98480,25068,47041,38929,2406.21,4581,4596,1402,6918,42774,37475,18626
2017,2,25,41925,56530,60672,2681,94182,2406.21,3800,2199,1830,6770,93713,11198,14001
2017,2,26,84773,16725,42173,98166,38809,2406.21,4377,3680,1022,8898,55720,34434,30675
2017,2,27,73070,50303,19031,89472,40726,2406.21,3298,2649,4686,7948,85329,45219,28158
2017,2,28,34322,482,17419,85894,53863,2406.21,2284,4986,1128,5808,53151,15720,27484
2017,3,1,48882,24401,38342,53326,80122,2467.19,2747,1722,3157,8570,71148,36314,22776
2017,3,2,91870,70150,87353,12191,71832,2467.19,2864,2312,1342,8757,42526,10177,32572
2017,3,3,36043,97513,70738,81851,67017,2467.19,4685,1804,2209,6062,85574,14670,36458
2017,3,4,35802,44674,54106,10312,93245,2467.19,2977,1465,1755,5430,13655,49938,41606
2017,3,5,99254,76520,88603,65596,41630,2467.19,2125,2671,4993,5734,59521,12009,31130
2017,3,6,65672,34208,44259,92881,63586,2467.19,1563,4387,1726,5414,26050,14838,46186
2017,3,7,12275,89028,18272,40382,39358,2467.19,648,4963,1150,8921,36910,32779,48280
2017,3,8,76403,29036,60451,21397,91898,2467.19,3405,3920,1883,8042,83153,15286,36325
2017,3,9,56554,99717,49856,47412,86737,2467.19,4218,1478,1285,8841,55743,36994,42258
2017,3,10,47121,12415,91958,88272,57689,2467.19,1050,4090,4255,6034,55486,16153,28869
2017,3,11,67826,5245,56426,54709,15613,2467.19,734,2165,1302,5566,35928,17480,39579
2017,3,12,79994,16499,74098,61279,15341,2467.19,4625,2460,3607,6582,50731,16295,46194
2017,3,13,51803,21783,66739,26059,69636,2467.19,3563,3812,3820,5390,24872,18874,22225
2017,3,14,37272,46401,31598,9270,34137,2467.19,3004,4130,1534,8454,75408,15716,33879
2017,3,15,4648,6386,78178,63255,12969,2467.19,902,1122,2042,5290,23532,36677,28909
2017,3,16,1217,32096,90490,45038,29789,2467.19,4469,2059,3114,9706,76328,12250,31714
2017,3,17,36298,44334,26381,36674,19140,2467.19,2390,3786,4526,6919,87040,15414,18142
2017,3,18,75828,99295,34970,42871,61935,2467.19,899,3151,3301,5492,24540,12386,24854
2017,3,19,34455,45362,20149,12569,97781,2467.19,1171,1746,3513,7551,13850,42652,12829
2017,3,20,2045,72198,16439,26572,19117,2467.19,844,4943,4125,6982,54165,47412,19832
2017,3,21,6593,66418,60564,29894,69159,2467.19,4334,4964,1816,9482,48885,44597,1456
2017,3,22,32311,90057,11379,5825,73960,2467.19,3476,1004,2030,5098,10330,22498,14834
2017,3,23,51099,99345,17443,86576,47436,2467.19,3987,4027,4376,7286,18038,39886,37960
2017,3,24,62358,99607,59852,9175,35441,2467.19,522,4102,1222,6034,12566,39103,8737
2017,3,25,12688,21108,65108,16070,52375,2467.19,3568,3472,3379,9478,90047,30814,34035
2017,3,26,76674,90388,1194,47403,51290,2467.19,2288,3647,2423,6992,22821,19215,17818
2017,3,27,88580,9297,53318,3724,90798,2467.19,2827,4836,1416,8582,35906,49429,9597
2017,3,28,74674,90827,52902,74405,79541,2467.19,902,1213,4687,5536,14490,17329,9301
2017,3,29,40581,90905,30977,74356,70748,2467.19,3570,4327,4445,6488,63050,36594,20150
2017,3,30,72836,72230,6432,69891,62869,2467.19,4319,2541,4515,8572,11945,29055,8690
2017,3,31,64226,33516,1621,13913,56279,2467.19,1241,3210,2492,8569,15698,33239,5237
2017,4,1,63840,42567,44516,77079,21970,1623.93,1266,4198,3893,5026,57066,12582,31111
2017,4,2,71829,10960,78450,76753,22905,1623.93,977,1419,1934,10006,29049,47064,23857
2017,4,3,2484,58612,59557,97406,62529,1623.93,2475,2719,3066,6991,19798,40035,9149
2017,4,4,54454,2417,50587,8347,54925,1623.93,2280,3104,4964,8354,36209,15746,7653
2017,4,5,55938,77187,30641,81414,48429,1623.93,3478,2264,4653,8782,64669,13533,9690
2017,4,6,63535,27145,56254,81602,50488,1623.93,2988,1292,4819,8574,45990,16095,42404
2017,4,7,12580,83271,25553,47544,15352,1623.93,832,2640,3947,6051,85406,37376,11762
2017,4,8,12094,30237,70993,46747,34623,1623.93,1631,4509,4157,5778,12462,45997,2014
2017,4,9,25288,50451,67290,36459,39026,1623.93,2554,2956,2902,8106,15499,44606,13281
2017,4,10,6220,37263,32247,45167,89667,1623.93,3894,1759,2888,9886,64857,48863,17653
2017,4,11,71900,41489,13373,67410,90726,1623.93,4758,2364,2636,7047,68823,48013,25835
2017,4,12,10328,87730,15970,39583,32188,1623.93,4188,3406,1478,5582,99924,24749,31469
2017,4,13,66792,48820,76509,31032,85058,1623.93,4894,3309,1124,9618,40718,12574,7718
2017,4,14,1805,70477,38648,94442,83876,1623.93,2454,1120,1551,8424,50137,10090,23823
2017,4,15,6245,50678,14849,91328,83464,1623.93,1076,1046,3591,8936,81286,15001,14773
2017,4,16,16654,27533,38311,48564,87152,1623.93,4845,3955,1722,9844,99748,49731,29029
2017,4,17,33667,42204,60287,61570,16980,1623.93,3011,3223,2452,5728,14551,10916,26776
2017,4,18,67633,96980,27523,47576,55917,1623.93,2576,3921,2693,7158,37484,12402,8809
2017,4,19,46267,8683,45152,12123,34879,1623.93,3206,4897,3455,9698,62818,20434,11253
2017,4,20,81621,831,60010,59073,70042,1623.93,4988,4025,2892,7511,17953,10160,40913
2017,4,21,72672,46882,49082,25365,97769,1623.93,1560,1574,2952,6138,88861,12830,2919
2017,4,22,4317,67068,47728,24124,21912,1623.93,909,3531,4080,7270,78956,14121,26899
2017,4,23,28184,98945,84500,32428,62808,1623.93,2587,1946,4333,8020,77195,13453,2453
2017,4,24,60939,75109,23841,88891,34525,1623.93,3073,1606,1120,8638,79315,34383,29054
2017,4,25,59051,56577,54268,3131,93847,1623.93,3604,3381,3519,8103,70808,11327,33224
2017,4,26,20556,63396,63159,86241,21417,1623.93,4694,3706,3165,7078,87597,32689,6706
2017,4,27,2588,72023,37882,15060,4175,1623.93,794,4577,1476,6413,99059,10646,33549
2017,4,28,85989,32664,55057,34509,67119,1623.93,2187,2673,4260,6818,73914,27028,25866
2017,4,29,14755,23609,25736,62921,13495,1623.93,1961,2433,3058,9843,63844,22232,29685
2017,4,30,49744,45991,18162,56221,98757,1623.93,2895,4744,1236,8616,35604,33355,17222
2017,5,1,14144,37381,75782,55841,27647,2263.48,1947,2606,4896,9867,97452,24580,2810
2017,5,2,11829,46238,92639,28024,10082,2263.48,4119,2424,1482,6691,71180,49309,31224
2017,5,3,55939,55925,65547,242,7882,2263.48,830,2024,3985,6191,94217,46632,15254
2017,5,4,65353,81165,80591,10250,31032,2263.48,1181,4211,4280,5814,14378,11574,28044
2017,5,5,41396,97707,23139,7132,64398,2263.48,2793,1370,2946,9392,36928,40827,10671
2017,5,6,19945,7339,29205,5282,69882,2263.48,1913,1586,4585,5018,78187,35616,23422
2017,5,7,76900,79369,11180,1180,89541,2263.48,1893,2287,2472,5562,70771,43221,14767
2017,5,8,18406,93565,29909,1353,98256,2263.48,3531,4551,1064,7735,39832,26761,16838
2017,5,9,61157,58099,28348,65742,56955,2263.48,2709,3853,2254,8889,51384,41795,6535
2017,5,10,43656,19631,55435,72481,11014,2263.48,701,1552,1121,7878,47123,11798,26206
2017,5,11,78800,55655,85280,85679,93391,2263.48,2439,1806,1838,6358,36640,39220,41465
2017,5,12,13673,54350,39426,15928,99591,2263.48,4074,3246,1786,9508,32078,37805,40810
2017,5,13,22067,14132,83577,58188,26094,2263.48,546,1244,4057,6899,13856,12447,47052
2017,5,14,84716,69363,83347,630,76502,2263.48,1201,1454,2039,5626,22452,13270,36339
2017,5,15,52789,46527,66229,79580,42388,2263.48,2384,1620,2437,7312,55344,19562,48307
2017,5,16,80716,80613,76128,99774,7513,2263.48,3572,2227,3765,8270,18428,45266,33051
2017,5,17,64609,15411,51792,71649,77390,2263.48,3278,1486,2122,6934,19522,29509,24245
2017,5,18,59165,43494,76667,87954,77158,2263.48,2836,2873,2623,8964,73998,20135,32012
2017,5,19,18367,2571,28716,87132,30842,2263.48,3749,1826,4686,8806,83449,13427,4277
2017,5,20,74786,78080,93605,28260,38938,2263.48,4121,3101,4558,6366,19326,13440,19714
2017,5,21,32799,45244,30941,45423,80560,2263.48,1909,1142,2509,6976,19342,38350,4939
2017,5,22,81253,51160,50152,67292,68053,2263.48,718,4189,3032,8656,87448,16970,49954
2017,5,23,60389,11570,81424,39947,12358,2263.48,1661,1507,1734,7918,13868,42337,33831
2017,5,24,48893,5192,57616,72754,48520,2263.48,2455,4772,3888,7928,97063,11940,26378
2017,5,25,43913,27782,71130,71945,68457,2263.48,3914,1638,1499,6690,85142,48856,8578
2017,5,26,20521,98157,76716,82299,42111,2263.48,4636,2354,1574,8603,80108,14858,49998
2017,5,27,74981,7564,99832,18869,17875,2263.48,2160,1786,1028,8289,33731,25836,46895
2017,5,28,93220,88998,71034,79719,25688,2263.48,4926,2560,1376,6594,61210,12793,6176
2017,5,29,71639,2199,36501,93179,803,2263.48,3238,2134,1056,6148,27355,16806,16609
2017,5,30,76317,74516,36537,33697,9158,2263.48,4532,2376,1244,6917,98446,17656,20268
2017,5,31,19446,9725,96569,90129,81366,2263.48,4274,4356,1329,5774,78886,27131,7780
2017,6,1,42125,85619,45610,21547,12974,2957.8,2862,3840,1896,7910,29349,43515,20360
2017,6,2,7443,31726,35485,54361,46524,2957.8,658,1247,1061,9430,53965,23840,3142
2017,6,3,99560,39674,16523,71686,18560,2957.8,1771,2036,1256,9554,98582,24948,10006
2017,6,4,42741,12797,28790,15989,60707,2957.8,4504,4500,1216,9986,55212,19091,8139
2017,6,5,64482,45370,25340,30544,42008,2957.8,735,2918,1346,7257,29604,15582,45657
2017,6,6,97264,6376,47277,9239,45109,2957.8,4187,4201,1014,5962,20189,16582,45859
2017,6,7,37467,79694,36566,60035,91035,2957.8,4126,1867,4851,6606,19350,11858,8130
2017,6,8,66474,89499,69777,1803,76756,2957.8,2042,1510,3460,9319,99609,49920,15733
2017,6,9,81530,33797,4122,56537,13125,2957.8,3600,1942,1454,6098,26977,11390,24312
2017,6,10,69648,72456,99611,39499,43273,2957.8,2708,4745,2870,7484,27899,15798,18373
2017,6,11,69570,99942,91349,24382,35613,2957.8,4301,2142,2457,8423,73678,36933,7310
2017,6,12,52735,98631,53877,73091,60149,2957.8,833,1147,4660,6795,16046,29284,47206
2017,6,13,35168,69706,55382,43039,23542,2957.8,4016,4462,3221,6894,33843,35186,33281
2017,6,14,75379,58146,52329,32836,2921,2957.8,1121,1318,1986,9997,45096,17488,26007
2017,6,15,3555,62282,63636,89567,79077,2957.8,3850,1202,1689,8472,73634,25231,15633
2017,6,16,73864,34003,84694,73437,2071,2957.8,3622,3800,3034,7670,42988,45954,34890
2017,6,17,3309,79110,67961,44298,85459,2957.8,1785,4012,3042,7122,94930,37118,29409
2017,6,18,7406,30133,17715,75448,20716,2957.8,678,4578,3054,6922,68014,10125,7701
2017,6,19,86613,76638,53926,95999,37588,2957.8,1952,2248,2374,6264,12430,27832,46914
2017,6,20,5674,79683,83197,13716,21456,2957.8,2185,1774,3258,5038,20660,28973,28127
2017,6,21,75305,87691,39904,33360,39414,2957.8,4836,1026,4555,7862,38376,38494,7919
2017,6,22,93380,46682,95743,85754,22946,2957.8,3586,4970,3322,6278,75037,31129,13640
2017,6,23,57614,8576,76343,82224,59828,2957.8,2549,1118,4692,7452,84842,40458,47003
2017,6,24,75371,94679,82837,76278,74793,2957.8,1124,3171,2893,6866,70276,14392,21213
2017,6,25,56859,50215,52162,50181,13350,2957.8,1309,1934,2126,8018,53185,11953,27200
2017,6,26,71007,97087,63437,72052,64540,2957.8,3861,1261,4309,6818,32539,14806,48280
2017,6,27,49262,63664,18625,33508,6882,2957.8,698,3739,1898,5728,30271,18816,5254
2017,6,28,36411,27934,56131,88537,1938,2957.8,1841,2943,2754,6630,61346,14610,25669
2017,6,29,61262,6560,59908,20571,18257,2957.8,1024,3870,2461,6000,17377,45694,42447
2017,6,30,11254,58076,75787,83074,67287,2957.8,1889,1878,1398,8754,24937,18302,22410
2017,7,1,41780,41576,89147,38410,19274,2141.68,1022,1676,2699,6592,44089,11497,42793
2017,7,2,23969,44312,50311,29970,61689,2141.68,2574,1115,4494,5246,13638,26904,12357
2017,7,3,8890,39804,27247,33262,64741,2141.68,4653,2871,1101,5151,77632,13462,29527
2017,7,4,14296,93655,82560,83347,30248,2141.68,1195,4215,2312,7857,17462,49001,43002
2017,7,5,90215,74464,1469,44709,15111,2141.68,1612,1434,1025,5211,89964,25766,4871
2017,7,6,44738,5970,48638,82191,27474,2141.68,3916,1768,4924,5934,25115,16523,26271
2017,7,7,64478,2663,37092,68142,30521,2141.68,3494,1478,3442,9936,81794,19820,37628
2017,7,8,56186,19760,257,17212,84971,2141.68,2977,1059,2542,7966,44601,40015,6574
2017,7,9,34237,99870,81785,70514,37698,2141.68,2036,3526,1836,8264,86668,12876,23252
2017,7,10,28108,20163,93520,56550,71478,2141.68,2806,2663,2777,6136,44874,29099,41667
2017,7,11,39637,4204,75159,68531,12170,2141.68,3546,2758,1970,6682,33271,23678,36112
2017,7,12,46286,86660,8557,88551,60788,2141.68,1336,1014,1739,9720,78147,12894,45225
2017,7,13,62874,10955,47232,90651,60370,2141.68,4749,1357,2660,5066,84887,24830,42106
2017,7,14,47371,9786,3941,99704,32820,2141.68,4733,4104,3870,8289,67655,16294,37212
2017,7,15,9867,28992,6256,41606,199,2141.68,1173,4424,1709,8405,70074,38430,1522
2017,7,16,16863,6177,4788,29524,33788,2141.68,705,2510,2164,9300,97213,14983,6027
2017,7,17,28209,86947,60441,68431,1588,2141.68,4440,1453,3438,8218,69410,39988,28096
2017,7,18,9155,30585,69413,20864,38990,2141.68,645,1712,3367,7062,85374,12154,5840
2017,7,19,52812,72432,9665,84976,47077,2141.68,1310,1636,1470,6750,60067,11763,6878
2017,7,20,71198,45860,39569,44636,54259,2141.68,976,3413,4563,6358,10198,44904,8980
2017,7,21,76228,26275,50756,54595,73059,2141.68,3101,1748,4913,5540,27196,38342,2483
2017,7,22,15996,93508,79979,26171,20258,2141.68,4285,1455,2256,6902,52442,13040,40046
2017,7,23,19186,3419,19929,75101,23808,2141.68,886,1386,3182,6142,87333,10402,36909
2017,7,24,73242,70435,94815,14508,79552,2141.68,2849,1102,1046,5664,38069,17086,22012
2017,7,25,39226,8707,59935,41482,18913,2141.68,2996,3097,2147,8562,13197,22306,12378
2017,7,26,87538,83202,88694,50720,20314,2141.68,4664,3554,2812,8968,24413,42363,42379
2017,7,27,36491,27263,54263,68361,10091,2141.68,1839,4315,1037,6774,14306,19950,42332
2017,7,28,9152,5146,74400,57651,55774,2141.68,4957,3310,2150,8650,10382,14936,37598
2017,7,29,27381,30047,17371,6545,60878,2141.68,3907,3719,4046,6348,82079,45488,41784
2017,7,30,11853,18920,61156,12891,32046,2141.68,4192,1196,4800,7192,98846,45574,18304
2017,7,31,11189,45156,5237,14692,80158,2141.68,2154,2537,2017,5876,14081,22894,15619
2017,8,1,79342,36615,83059,98863,35046,3150.32,715,1294,1053,9957,18958,40708,44899
2017,8,2,89150,43558,30510,12741,58757,3150.32,572,1082,2671,9954,13782,13290,42436
2017,8,3,93479,7959,91660,49356,22041,3150.32,2015,2733,2519,6425,16595,10290,14554
2017,8,4,41324,43663,72882,13729,83620,3150.32,4436,4120,1286,5218,14958,10260,25244
2017,8,5,10085,58495,30525,7757,13467,3150.32,2398,1944,1050,9057,56299,43647,30946
2017,8,6,59963,19667,11381,27483,66092,3150.32,902,3766,2990,9280,37494,21610,27977
2017,8,7,94524,8284,60731,29677,25933,3150.32,1288,1017,2437,6812,60125,17255,28944
2017,8,8,34110,97524,74201,89366,42933,3150.32,3012,2894,2870,8796,46728,15313,46852
2017,8,9,38722,76776,89081,26712,96057,3150.32,4673,1931,2561,7054,52959,43494,42927
2017,8,10,70700,9249,45864,24490,12413,3150.32,1744,1522,4863,9214,35887,12795,5989
2017,8,11,45501,18900,82042,28371,29645,3150.32,3683,3365,1100,5536,11429,17953,28771
2017,8,12,42043,26103,41238,9604,17859,3150.32,4449,4910,4796,5312,29399,32209,44197
2017,8,13,87653,37496,78732,7516,19793,3150.32,630,1198,4869,9438,93662,29514,30971
2017,8,14,81123,3698,64232,3020,86462,3150.32,2325,4855,3115,8562,54458,18670,25661
2017,8,15,89111,73909,57236,25260,55573,3150.32,2468,3225,1958,5112,50740,10274,2987
2017,8,16,99874,37404,41919,49743,89756,3150.32,608,2229,4277,9840,13210,42090,35581
2017,8,17,1853,43926,86946,19968,38840,3150.32,2293,2950,1664,9528,69561,14382,7757
2017,8,18,48868,43382,46814,89350,95933,3150.32,4623,1620,1309,6194,61899,14842,13907
2017,8,19,43474,23861,44646,99103,50053,3150.32,2545,1904,1523,6806,71872,11894,1246
2017,8,20,18599,60518,94665,66615,6398,3150.32,842,1086,2606,6746,44613,19890,14226
2017,8,21,47275,10589,32048,98584,18482,3150.32,2351,3306,4159,6996,77409,34211,10300
2017,8,22,84595,34955,36116,96118,95797,3150.32,2831,1504,4856,7706,97361,15222,24340
2017,8,23,38074,67565,62871,62033,17286,3150.32,3274,4559,1562,5302,79495,19258,23837
2017,8,24,40622,51847,47565,74781,85196,3150.32,3991,4789,2631,5862,82258,19150,41326
2017,8,25,52151,61442,35528,53359,35290,3150.32,964,3363,1805,6294,51747,34090,49241
2017,8,26,64024,50022,15002,31152,96696,3150.32,828,2316,1343,8662,28448,31538,44497
2017,8,27,5652,3792,17680,14636,15251,3150.32,4415,2400,2730,5206,20758,13020,16290
2017,8,28,20535,98076,2736,53692,38263,3150.32,2781,3637,1720,9135,49788,17551,4483
2017,8,29,13632,66551,54868,76327,47229,3150.32,4216,4231,3459,8247,83866,18709,49669
2017,8,30,74537,3282,2462,52268,90928,3150.32,584,1462,2647,8022,65153,42261,39573
2017,8,31,38857,69288,27251,76064,88423,3150.32,3614,3405,4940,9678,11084,14346,27039
2017,9,1,35301,76401,84314,9901,76619,2150.07,4436,4900,1836,6703,87179,27760,19376
2017,9,2,18343,98642,31760,2717,63796,2150.07,2924,3082,1270,7986,21504,44661,24021
2017,9,3,43955,56262,20954,8789,67346,2150.07,4642,3998,1758,7922,28898,47492,28123
2017,9,4,93332,13335,93745,31520,66391,2150.07,4280,1084,4565,7391,15234,19434,30925
2017,9,5,81413,61726,92795,49035,12066,2150.07,902,1020,1912,8078,64808,20609,30651
2017,9,6,75476,70804,89608,96350,44760,2150.07,802,4442,4544,7886,85961,30934,34858
2017,9,7,1215,11594,32019,80780,85338,2150.07,1844,3101,1026,9638,32135,42314,2172
2017,9,8,80290,58536,98335,83554,89537,2150.07,514,1363,1222,6474,77712,11409,29496
2017,9,9,11332,4258,65852,92228,8196,2150.07,3161,1532,1110,6158,22893,31447,18165
2017,9,10,40056,79738,64549,70305,29376,2150.07,2619,1016,1570,7305,25921,27458,13036
2017,9,11,6801,96437,58822,73451,89263,2150.07,4859,1196,2143,5750,92821,31690,2886
2017,9,12,35228,32335,7453,31338,20219,2150.07,4136,1626,1434,5878,46930,11628,46698
2017,9,13,23072,75902,98179,10995,19560,2150.07,4804,2711,1887,9978,16162,26149,40452
2017,9,14,49216,1022,43096,22711,68085,2150.07,753,3311,1918,9124,51000,37525,2269
2017,9,15,91255,80137,14152,17689,90173,2150.07,4849,4595,4687,8027,56941,39246,27434
2017,9,16,28480,61747,31958,81719,58077,2150.07,4220,2291,2002,7344,46354,33577,48120
2017,9,17,52288,67108,36889,69594,11665,2150.07,2118,2918,4376,7621,36958,40900,4241
2017,9,18,15056,26808,20496,1095,31188,2150.07,690,1018,1887,8649,57736,29963,43790
2017,9,19,3122,98309,53607,68615,98328,2150.07,2191,1238,3419,5431,20208,11435,16313
2017,9,20,59672,43679,14354,60400,81301,2150.07,1299,2707,4471,8146,13801,25658,1312
2017,9,21,98288,4142,1677,70175,59143,2150.07,1489,2263,1730,6448,47229,38752,25765
2017,9,22,2761,65773,55720,2533,37556,2150.07,3967,2226,1924,9356,73977,33609,42280
2017,9,23,12337,25277,46317,6808,29776,2150.07,3817,3062,1230,8038,14589,39753,10118
2017,9,24,42611,31079,18369,33036,17527,2150.07,3139,1639,2722,7726,39171,35278,31951
2017,9,25,2490,69491,98857,38448,14164,2150.07,2056,2852,4462,9460,49659,10589,22835
2017,9,26,94843,98478,5005,75454,65323,2150.07,1558,2932,1352,6278,57319,34550,19594
2017,9,27,48229,11812,37542,12304,5670,2150.07,3933,4511,3906,9141,79310,43070,43065
2017,9,28,18328,67719,52275,49143,2444,2150.07,4731,2286,1762,9480,89091,48437,1934
2017,9,29,50681,37002,22722,17705,3280,2150.07,3606,2860,1852,6147,80163,13873,30042
2017,9,30,65564,10449,54737,44470,39590,2150.07,3891,4269,1765,6165,23411,16862,34047
2017,10,1,33143,17847,41214,64231,6938,1577.81,1262,3938,3724,8966,63570,25117,6003
2017,10,2,67573,31431,66970,40072,27946,1577.81,634,3393,1931,7286,77982,35977,47195
2017,10,3,20348,52252,4095,26514,92015,1577.81,964,1509,1149,8529,22091,49439,8304
2017,10,4,64533,53354,93378,43257,2321,1577.81,3373,1244,4729,6806,26316,32674,6948
2017,10,5,15241,48303,71068,83524,14759,1577.81,853,1846,4005,9947,77971,26020,15403
2017,10,6,98251,28936,67530,40753,53817,1577.81,794,3348,4325,9920,77956,11645,39621
2017,10,7,73221,96330,64243,77950,14376,1577.81,624,4616,1766,6794,29491,36323,6911
2017,10,8,63446,15345,37782,97452,5293,1577.81,4823,4894,1039,7418,60646,14855,15753
2017,10,9,29677,67190,33205,89002,67111,1577.81,1999,1350,3842,9998,34631,18306,11161
2017,10,10,38152,45256,538,9716,43300,1577.81,2390,1744,1522,5782,20547,17017,30030
2017,10,11,65924,60371,86913,26963,84075,1577.81,1818,3750,1100,5526,19104,14562,13911
2017,10,12,18887,86104,71245,42729,17345,1577.81,3650,1847,2483,8384,97914,10782,5876
2017,10,13,44217,26658,33879,5943,76829,1577.81,2959,4104,1148,9871,19414,31575,4427
2017,10,14,40135,60589,45326,71235,51963,1577.81,2148,2201,1884,6794,29929,18870,14430
2017,10,15,95620,59932,88780,63103,74120,1577.81,3884,3335,3351,8240,40629,13072,36695
2017,10,16,78542,13590,65636,26042,89813,1577.81,2616,4946,3642,9294,17532,46957,18055
2017,10,17,76,19681,84159,66961,9425,1577.81,2540,1718,1514,6320,68146,30842,30440
2017,10,18,59367,58384,15530,89070,82499,1577.81,600,2391,4748,7588,13758,25912,6160
2017,10,19,61995,61050,5860,6989,96696,1577.81,3945,1770,1562,8920,63730,35200,39744
2017,10,20,34896,31272,6597,41619,3944,1577.81,2460,3309,4478,7989,68730,48328,41096
2017,10,21,94149,64331,42072,80249,58271,1577.81,1161,1086,2904,8372,27253,19599,45504
2017,10,22,34468,47551,16371,10244,52007,1577.81,1796,3253,4075,9498,61223,48018,46453
2017,10,23,25840,83684,27680,91670,38025,1577.81,1349,3525,2092,8420,28773,13782,46410
2017,10,24,43925,1287,71980,83181,96011,1577.81,4132,1942,3134,7446,57073,31492,15585
2017,10,25,48307,85222,34746,92383,19967,1577.81,810,2157,1003,8874,70179,34028,45969
2017,10,26,80842,26529,98906,74286,24950,1577.81,1000,1870,1298,8672,68405,15368,44031
2017,10,27,29916,3890,4510,9402,55744,1577.81,894,4050,3156,7994,96432,49474,27936
2017,10,28,4313,53185,77985,316,37617,1577.81,695,3458,4691,9600,18200,49640,48164
2017,10,29,9984,35096,1218,55301,49427,1577.81,4331,1396,4864,7692,10200,45608,19624
2017,10,30,11777,62342,49659,91285,54333,1577.81,759,3644,4274,8743,75312,13002,46091
2017,10,31,33259,26008,71702,7950,91961,1577.81,3942,1943,2244,5159,73595,48022,47149
2017,11,1,19279,10069,1000,53120,15164,1485.53,1247,2504,1265,8884,48188,17424,46608
2017,11,2,79644,6834,74334,64739,82146,1485.53,2996,4504,1268,9218,32816,12778,27577
2017,11,3,46240,51112,61375,71400,41059,1485.53,2533,1378,1642,7074,29808,17331,25749
2017,11,4,30140,27409,94836,42757,16293,1485.53,2815,2287,1209,8626,93377,14706,43025
2017,11,5,36078,7726,5563,68060,30023,1485.53,2189,1262,1694,8563,47661,46901,38380
2017,11,6,50664,46547,23591,52833,30080,1485.53,682,1570,2158,5434,35679,29802,19751
2017,11,7,40728,53495,42090,6937,61996,1485.53,2994,3073,3191,7122,66132,39566,35467
2017,11,8,48288,63322,65829,54131,38237,1485.53,2383,1034,1387,7325,58083,22818,29842
2017,11,9,27076,44600,15742,24235,25951,1485.53,786,1677,4914,9942,89965,16910,1421
2017,11,10,64297,77960,81336,23841,87868,1485.53,3406,1155,3492,5586,90285,48080,13820
2017,11,11,25428,24021,3332,1815,81346,1485.53,985,3420,2366,6726,49006,48316,27768
2017,11,12,24499,19396,31346,29413,48226,1485.53,2674,3873,1973,5926,52713,19840,37663
2017,11,13,74181,82472,55996,17673,78058,1485.53,752,3484,1652,5436,21651,34349,12633
2017,11,14,13204,78989,9123,35570,52067,1485.53,978,1564,3875,7934,11962,16914,24481
2017,11,15,85597,35004,87327,17570,45365,1485.53,2409,1804,1790,6820,69921,33272,6392
2017,11,16,72390,2027,53110,75395,37463,1485.53,4743,1340,1452,8865,10374,38518,41113
2017,11,17,59699,2824,15083,53574,67110,1485.53,3378,2705,2413,8254,70274,34130,21059
2017,11,18,88448,24036,70028,43663,17441,1485.53,3287,1182,3326,5506,81576,45788,6301
2017,11,19,53861,41320,62806,40313,26538,1485.53,3830,1235,1846,7834,56160,18027,31744
2017,11,20,31323,891,20733,20089,32947,1485.53,4218,2746,1394,9702,81408,15186,7359
2017,11,21,96898,91048,71369,71577,53796,1485.53,3716,4007,1242,5758,80671,37153,2945
2017,11,22,44618,75854,39741,45537,69766,1485.53,4915,2440,3143,5254,53880,46089,12253
2017,11,23,74359,8099,83836,5753,65048,1485.53,939,3296,3995,9258,49872,42791,31597
2017,11,24,95253,49942,83151,22221,12816,1485.53,4373,2432,4675,5465,19320,25793,13823
2017,11,25,27718,65589,59586,57213,16237,1485.53,3302,1946,2915,6988,12699,11878,13466
2017,11,26,1438,99991,97611,90434,42298,1485.53,4576,3901,3776,9078,76121,26591,13836
2017,11,27,12901,51847,376,68929,83664,1485.53,1073,2733,1636,5334,84945,34224,36049
2017,11,28,84124,4600,41171,38391,24442,1485.53,2704,1766,1758,5314,32663,28861,20222
2017,11,29,19150,82240,82763,49278,31319,1485.53,2220,1150,3434,5202,29498,27098,25237
2017,11,30,44997,56924,71184,62985,27582,1485.53,3560,3056,2080,8726,66446,12238,6129
2017,12,1,24151,43752,11516,79466,76416,1332.39,4966,1014,1696,8498,22676,31079,6729
2017,12,2,56465,83248,90866,65413,29098,1332.39,1760,1021,1006,9744,29954,27979,34316
2017,12,3,19657,58012,55060,90740,24458,1332.39,2043,4960,1683,9910,44425,43098,22933
2017,12,4,16640,75744,68106,72483,39988,1332.39,4913,2804,1550,7130,94568,19478,40782
2017,12,5,61447,21330,21852,83297,27426,1332.39,1275,2082,4816,5382,37821,10166,1806
2017,12,6,5619,86217,15587,22303,46127,1332.39,1752,4117,2106,9857,67951,16902,26364
2017,12,7,6992,4217,37603,97372,31348,1332.39,3201,4145,4851,5052,17596,13629,32171
2017,12,8,23211,86422,60712,49379,19108,1332.39,886,1078,1100,7798,79732,13578,14885
2017,12,9,8306,11485,59049,76765,27695,1332.39,870,4685,2568,5634,48408,45267,27000
2017,12,10,71335,81611,20765,41187,53015,1332.39,4815,2576,1966,7542,41955,11574,29558
2017,12,11,63115,58312,8869,80567,90255,1332.39,1002,4911,1494,9544,91675,44130,38601
2017,12,12,62897,93238,95168,10465,16050,1332.39,2083,3736,1538,5704,44922,10904,43577
2017,12,13,72405,16090,3482,4736,64320,1332.39,2525,2433,1451,5602,24351,26705,11789
2017,12,14,86346,84848,57970,2782,4393,1332.39,1912,3640,2882,8346,94104,25283,49645
2017,12,15,85656,16188,79020,43546,75387,1332.39,4450,4142,2734,8576,68877,13650,40294
2017,12,16,52424,57755,97191,88875,39148,1332.39,1932,1844,1389,9901,44626,27133,21542
2017,12,17,55898,91539,10774,98780,33618,1332.39,840,1260,2416,5786,79170,29154,21230
2017,12,18,42433,49973,93297,31519,40608,1332.39,4924,3030,1280,8486,81905,41780,28527
2017,12,19,3657,13838,33625,26398,3739,1332.39,3530,1984,4788,8616,74767,19758,28251
2017,12,20,85533,81535,71736,39301,67321,1332.39,3454,1104,2230,8102,57623,15684,17258
2017,12,21,56629,42548,67221,92910,24662,1332.39,1041,4669,4314,9340,87418,33052,49126
2017,12,22,29269,40949,59040,15409,21604,1332.39,694,3487,3044,6516,79139,31717,1342
2017,12,23,90512,63946,57822,24094,42049,1332.39,1930,3676,4343,9150,15884,15357,15445
2017,12,24,14628,8979,76379,93942,59997,1332.39,3345,4264,4745,8737,21024,42701,13798
2017,12,25,35248,56192,66189,83293,95797,1332.39,1361,1307,1260,9182,10400,17673,11681
2017,12,26,20980,8684,82703,11675,74186,1332.39,2031,3813,1950,6830,99106,25966,40640
2017,12,27,67208,92453,81583,88305,77542,1332.39,1005,2788,1262,7102,12432,20946,2607
2017,12,28,75227,43794,73606,17204,49329,1332.39,4877,1659,4041,7872,98333,33226,34007
2017,12,29,74571,25366,88392,6893,45128,1332.39,4210,3686,1302,6406,16990,40195,37499
2017,12,30,99752,64349,2984,91253,94247,1332.39,3550,1658,1913,8654,12138,41241,31769
2017,12,31,36163,87905,27901,61556,71836,1332.39,4781,2758,4303,6356,69650,29430,42587
2018,1,1,85214,58117,49678,66006,91459,2388.9,2108,1622,4207,6732,66404,40975,39873
2018,1,2,51912,52229,99242,4068,55257,2388.9,1581,4512,4735,8136,47700,43673,40483
2018,1,3,79271,10459,27977,28796,96461,2388.9,2170,1673,1874,7418,64031,39684,23759
2018,1,4,88072,62492,11844,63631,35853,2388.9,958,4116,1934,6678,24535,16742,28248
2018,1,5,27034,97470,61597,11769,31958,2388.9,1793,1227,1106,9769,56374,48919,9297
2018,1,6,73528,38545,30593,21754,86744,2388.9,1438,4814,3467,6572,38445,25671,10976
2018,1,7,67881,9404,29788,98357,79603,2388.9,1792,2987,3144,8389,34756,14198,20676
2018,1,8,4038,22902,27682,40145,22672,2388.9,4063,2550,2600,6007,34304,18696,34056
2018,1,9,63336,95743,511,36803,85376,2388.9,2473,3255,4710,8613,67964,10664,5308
2018,1,10,95641,84757,83652,63785,79498,2388.9,978,3535,4013,7918,40031,46684,34760
2018,1,11,8327,29095,9235,47279,81454,2388.9,2973,4788,1984,6976,97942,23711,9891
2018,1,12,28791,76769,26968,9853,85382,2388.9,1868,2373,1039,6872,61157,41889,11284
2018,1,13,37984,57747,75425,11997,82018,2388.9,662,1402,1812,5022,37621,42354,15456
2018,1,14,10510,10595,3496,98847,431,2388.9,2557,1154,3205,5876,71777,29938,1438
2018,1,15,27160,58646,77312,39552,61870,2388.9,1440,4853,2567,6442,28201,44584,4821
2018,1,16,38672,69587,84928,99573,20206,2388.9,3278,2066,1702,7122,45912,16276,38901
2018,1,17,79564,34823,11850,57769,50699,2388.9,2707,4210,3623,5510,50113,20493,33627
2018,1,18,86192,81554,36699,98759,4770,2388.9,4694,4792,1684,9252,59364,21042,31252
2018,1,19,49874,33995,34462,15720,12121,2388.9,1996,1683,1547,6614,49451,48598,30374
2018,1,20,93824,3511,92809,68799,34882,2388.9,643,2424,1662,8693,52534,45595,42922
2018,1,21,39946,62229,21740,7135,56850,2388.9,3177,1722,1449,8990,22441,43569,47456
2018,1,22,25716,20790,35253,57264,30987,2388.9,861,1161,1846,5021,19930,11608,1057
2018,1,23,7943,31956,9576,65121,90650,2388.9,2067,1198,4337,8806,37728,47538,12110
2018,1,24,46262,32258,4261,94063,77600,2388.9,2632,3315,1630,9236,60578,11182,43055
2018,1,25,6645,32792,68696,27564,97813,2388.9,4714,2106,1963,9290,87226,17612,45008
2018,1,26,71400,14294,64559,95738,63100,2388.9,3275,1434,2248,7786,19774,44847,18639
2018,1,27,73295,73759,48163,53490,62996,2388.9,1023,1992,2883,6071,13554,22047,25093
2018,1,28,61079,13270,94154,88042,22560,2388.9,2005,1270,2024,6563,12104,41475,47732
2018,1,29,5203,15676,33540,88803,45916,2388.9,3649,1132,2072,7278,10814,12848,3315
2018,1,30,6905,2779,92412,64789,68850,2388.9,3187,1279,1938,7341,34321,24497,22318
2018,1,31,45073,72679,1161,73450,75595,2388.9,1276,2148,4234,9642,85950,12078,23560
2018,2,1,19600,37063,27907,1412,42466,3017.21,4668,1595,3089,5808,30444,31758,34327
2018,2,2,58996,76724,33698,6337,27397,3017.21,2761,1350,1422,7562,75669,49266,24547
2018,2,3,55191,89170,4853,70007,75120,3017.21,840,4718,4768,8747,12482,18585,22707
2018,2,4,49426,37151,80181,92515,42959,3017.21,624,1953,1974,8652,24642,47448,26977
2018,2,5,48869,8756,63876,74575,66318,3017.21,798,1507,1190,5045,15742,20184,5897
2018,2,6,67752,78707,31256,43872,77454,3017.21,3809,1878,1784,5341,35744,40197,43738
2018,2,7,2319,26370,58503,22371,67043,3017.21,1170,2262,1899,7158,23189,24568,33145
2018,2,8,5943,63382,12429,67361,24779,3017.21,2544,3881,1438,8799,69105,18326,20295
2018,2,9,78889,47915,52389,76128,39608,3017.21,1324,3277,2206,9664,80647,14248,4486
2018,2,10,74324,83171,46512,66224,49569,3017.21,2143,1862,4433,9571,39222,24212,19701
2018,2,11,6218,43120,83094,21571,78271,3017.21,2080,2159,1464,9468,33286,22424,18551
2018,2,12,3954,65964,30702,51160,40791,3017.21,1760,1958,1752,8271,97688,10439,27702
2018,2,13,14324,71185,32302,63757,40756,3017.21,4320,3325,2000,7542,10046,18540,21525
2018,2,14,22317,48328,66425,55134,47796,3017.21,2557,3101,2026,8258,35612,22816,16064
2018,2,15,85960,17373,54282,96831,61996,3017.21,3621,2670,1726,5923,56427,12965,18323
2018,2,16,93800,27100,76291,24795,80866,3017.21,832,3182,1738,6836,74667,40012,27538
2018,2,17,32900,2225,58114,14926,60483,3017.21,4093,2794,2450,9462,75976,11604,10078
2018,2,18,9401,49599,98469,65259,71874,3017.21,3224,2024,3346,6998,23170,29212,4896
2018,2,19,48405,73582,98747,90621,90418,3017.21,632,4668,1284,5097,70945,19838,23414
2018,2,20,65176,41391,15266,8978,82470,3017.21,4774,1869,2192,6494,57128,29065,41243
2018,2,21,84490,51705,11090,82837,22571,3017.21,3400,2326,4192,7146,77947,30962,1234
2018,2,22,50560,74932,86983,42549,46382,3017.21,1371,2908,1350,5988,36885,48139,7929
2018,2,23,50584,51660,90010,7776,81255,3017.21,1840,2095,1614,8572,64931,16490,13490
2018,2,24,14893,59684,41443,55437,36830,3017.21,1398,3740,1354,6772,62640,23405,35742
2018,2,25,47662,74013,1314,63332,17002,3017.21,1471,2584,1210,7832,91711,15294,38199
2018,2,26,31322,44904,85912,62867,25537,3017.21,3333,1780,1878,9086,12216,30060,17196
2018,2,27,26869,14968,83801,53894,4701,3017.21,3650,2361,1805,9938,32044,20158,12794
2018,2,28,99515,9868,54095,5725,77700,3017.21,4540,1518,1426,7246,18390,16244,45806
2018,3,1,37925,73025,22230,45404,1593,2548.35,3624,1559,2442,5044,37611,15235,2290
2018,3,2,86168,89973,18393,47484,38370,2548.35,1998,4588,2644,5454,58640,19234,38551
2018,3,3,78616,84013,11862,6772,4956,2548.35,770,4231,3833,8712,18566,35425,44458
2018,3,4,26642,93259,68338,45436,52128,2548.35,670,4647,2273,9062,17110,16994,5949
2018,3,5,33965,49129,31583,92961,18204,2548.35,2761,3170,4235,5974,19941,45542,40223
2018,3,6,70432,22064,54774,4265,46415,2548.35,1041,4407,4018,5910,34842,21145,9408
2018,3,7,46680,61865,75793,75305,7279,2548.35,2298,1242,3403,7770,34202,27958,44276
2018,3,8,64104,48316,91129,54691,74290,2548.35,958,1072,4484,5458,81688,12251,11070
2018,3,9,97117,37731,1659,66135,78461,2548.35,3632,1491,4717,9424,16795,21996,2854
2018,3,10,73700,59094,79591,33456,49327,2548.35,1413,3429,3460,8894,84471,19102,30146
2018,3,11,46316,34704,46527,95801,72413,2548.35,3051,4528,2297,6061,35663,27109,28216
2018,3,12,78915,39296,18602,9985,35072,2548.35,3332,1054,1694,8558,58578,10168,1749
2018,3,13,74420,86344,89950,52881,5238,2548.35,3334,1553,1930,9730,63705,47887,24421
2018,3,14,13076,71757,67416,95373,14170,2548.35,3834,4436,1382,7435,19420,10149,19431
2018,3,15,59184,84105,35273,86378,28379,2548.35,2897,4150,2897,5702,88382,18135,10203
2018,3,16,43619,26717,86041,69094,27929,2548.35,3332,2356,1501,7100,69080,16246,49746
2018,3,17,86531,57915,61459,61609,65350,2548.35,3109,1780,2686,9733,27262,42417,47231
2018,3,18,49936,6513,61568,62833,59359,2548.35,2319,2977,3017,6728,88422,20945,49950
2018,3,19,33105,88108,78302,70958,55208,2548.35,2980,3089,1214,8886,36049,36998,47383
2018,3,20,98022,24159,27884,95708,63892,2548.35,3124,1494,3009,9691,93011,14910,21498
2018,3,21,65993,6683,73050,59010,90043,2548.35,4955,4498,1870,9226,10456,21137,27824
2018,3,22,38343,49789,79228,59992,50579,2548.35,1989,3599,1584,9862,44307,19678,15277
2018,3,23,79074,98784,66210,73436,98476,2548.35,2155,4467,2254,6556,23477,22296,25573
2018,3,24,94380,19785,28148,60311,10745,2548.35,2799,4087,4743,6766,18166,10652,38604
2018,3,25,25008,72420,20274,80795,63644,2548.35,1824,4068,4715,6076,32503,28190,30933
2018,3,26,58606,76011,59011,57213,92567,2548.35,860,3298,4975,8024,79960,45719,48840
2018,3,27,28963,77760,94807,33706,87491,2548.35,768,3849,2655,5652,25995,22650,20237
2018,3,28,6585,42820,31720,2652,42206,2548.35,842,2162,1934,6204,74374,49151,14223
2018,3,29,55044,36588,52450,90019,10595,2548.35,737,4557,1521,6896,89614,30363,32410
2018,3,30,83485,94994,59213,76141,36998,2548.35,598,4933,4378,6861,62585,11770,35208
2018,3,31,77437,43428,20099,34022,15984,2548.35,3172,1026,2411,7926,61044,24358,10825
2018,4,1,13134,13916,27257,76382,3530,1589,4866,4875,1831,6006,51872,18390,7620
2018,4,2,17501,11807,62770,14363,90744,1589,3150,1054,2154,8714,66505,29331,15705
2018,4,3,41696,37532,76743,10022,14928,1589,757,3060,1367,8013,17798,10062,1101
2018,4,4,11986,64309,16125,45169,16667,1589,3559,4166,2506,6328,64880,13026,34349
2018,4,5,92033,73031,53772,10540,31554,1589,4870,4601,4159,5938,99622,39086,20277
2018,4,6,418,26732,33500,81785,81098,1589,4385,3082,3601,5509,38250,13022,4294
2018,4,7,16211,1810,2138,45069,44490,1589,3318,1522,1400,8441,47061,17254,17019
2018,4,8,38719,3284,10260,29230,36248,1589,3316,1664,2965,7290,18449,34062,9882
2018,4,9,6109,17835,27145,41062,49697,1589,4032,2258,3556,9422,27326,28045,31747
2018,4,10,94540,91997,80920,67293,10439,1589,2950,1026,2615,8209,94737,33863,44333
2018,4,11,24443,29406,36880,77408,81221,1589,1469,3680,4515,9940,61093,11136,21681
2018,4,12,36713,86478,54174,36621,97648,1589,4665,3538,3496,7778,92182,33934,31500
2018,4,13,22622,80133,65795,70238,78342,1589,914,4136,4937,7376,96543,37509,10532
2018,4,14,95365,24366,7543,1232,79331,1589,1794,2394,1465,7319,69014,35464,34988
2018,4,15,8819,50033,94003,98667,11970,1589,3952,1894,4021,9502,37531,43715,2538
2018,4,16,25279,24336,12852,31568,48020,1589,866,3383,1926,5950,44614,29442,9395
2018,4,17,27959,17761,78189,15776,45080,1589,1239,1026,2235,6402,68916,25556,47204
2018,4,18,14131,67869,76499,13153,32616,1589,1867,4245,4717,9718,22164,10974,30383
2018,4,19,45465,57593,46120,11929,16916,1589,2722,1225,4845,5910,77000,19924,7086
2018,4,20,83114,78240,56527,96701,89833,1589,3608,1290,4662,5866,33467,17268,25443
2018,4,21,61842,56687,49227,16559,92757,1589,4295,4572,1370,7094,66500,12250,21391
2018,4,22,88853,24223,23476,30050,60134,1589,1326,4598,1206,5714,56299,10070,1934
2018,4,23,98295,94908,21566,24309,26367,1589,2938,4559,3070,8686,21118,20826,21385
2018,4,24,3556,56766,91752,48891,38532,1589,2492,3735,2474,7806,73785,17928,8252
2018,4,25,67795,90112,18558,79213,62964,1589,934,2609,1116,8142,15406,28834,24857
2018,4,26,73413,1208,33395,17836,33373,1589,726,3279,3981,6764,18521,48864,20865
2018,4,27,5017,46014,42601,3843,13333,1589,2801,2478,2848,7710,76690,17374,32738
2018,4,28,88920,57153,96125,75036,75533,1589,914,1218,1212,9967,83132,15325,14394
2018,4,29,57184,38146,18605,1165,84911,1589,614,1278,4490,8981,26472,12822,37126
2018,4,30,91719,5626,10301,30919,3336,1589,4433,3606,2006,5557,83641,19102,3343
2018,5,1,20216,17677,8256,6535,17161,2461.35,3718,1250,3536,9774,56567,12013,39933
2018,5,2,81264,79198,61504,40245,5670,2461.35,1962,2646,2329,9232,47334,20671,40678
2018,5,3,28666,55941,97519,90575,55935,2461.35,1877,1149,2573,5966,82683,17510,49898
2018,5,4,81418,62754,56391,6306,43989,2461.35,4671,1034,3507,6174,65496,30529,29311
2018,5,5,53205,13811,74528,70534,93044,2461.35,1205,1708,2802,8723,28635,33736,21862
2018,5,6,38621,11865,26238,22546,3349,2461.35,3630,4765,3026,6372,14856,32014,25273
2018,5,7,25683,92095,73618,50543,54621,2461.35,2423,2824,4276,7830,78358,28671,5466
2018,5,8,93813,85916,16732,87967,74639,2461.35,1702,4610,2230,8592,68507,26931,45367
2018,5,9,89564,8490,61697,93942,21214,2461.35,2307,3248,2565,5925,13790,32186,19120
2018,5,10,71391,27566,40011,57019,99516,2461.35,689,4679,1280,9714,97645,11625,34721
2018,5,11,14140,35700,57588,71371,99991,2461.35,4653,1822,2287,6349,99847,38501,42447
2018,5,12,11822,42156,51750,89387,74433,2461.35,1572,1654,4456,7935,19193,17952,31892
2018,5,13,12656,54883,18652,49644,23656,2461.35,2620,4147,1996,6270,41869,18338,16297
2018,5,14,94007,6523,74245,61295,49224,2461.35,4795,1044,2599,7896,66783,14072,24093
2018,5,15,99788,4708,69206,9244,82643,2461.35,4566,1650,4633,6444,77645,49640,38399
2018,5,16,85867,71618,53788,54215,23178,2461.35,2552,2184,2178,6797,94830,11286,45657
2018,5,17,87242,44626,28799,19841,78874,2461.35,3223,3660,1641,8780,17050,15635,11934
2018,5,18,33532,38822,43638,9517,92040,2461.35,4156,4257,4252,9296,48471,32429,37635
2018,5,19,74953,87376,49614,93484,84173,2461.35,1237,2765,1710,6387,23957,10470,44444
2018,5,20,18322,67181,79306,51315,95962,2461.35,3301,1698,3734,6939,55360,47125,33561
2018,5,21,80926,64517,41383,90178,60165,2461.35,2607,1006,3580,8572,44952,44105,6206
2018,5,22,49369,22542,81871,71141,28929,2461.35,1786,3601,4360,7443,14915,13454,5829
2018,5,23,51005,14570,47518,89739,57861,2461.35,3215,3785,3746,9204,28963,43910,2878
2018,5,24,803,67923,95380,10735,72847,2461.35,1191,2214,4224,9414,19424,24505,6684
2018,5,25,25243,81494,88107,30955,48937,2461.35,2628,1292,3943,6497,22382,41803,19375
2018,5,26,99376,75598,46941,99474,86547,2461.35,3383,3700,1486,5115,14435,33024,25904
2018,5,27,11799,35627,55239,7376,71393,2461.35,1880,1634,2790,6338,43941,28079,14946
2018,5,28,55713,76570,44372,6008,73067,2461.35,2810,3793,3703,9512,88266,11602,33107
2018,5,29,37007,48003,65303,13537,19470,2461.35,1560,1267,1716,8150,54994,19460,29738
2018,5,30,83097,86875,16096,62239,23214,2461.35,644,1138,2957,9388,10350,42375,26389
2018,5,31,34148,15448,47522,92851,76551,2461.35,4452,3557,1198,6107,27093,19610,2140
2018,6,1,90006,67231,80265,8156,22225,2146.73,2603,1834,2172,9842,65016,17130,49726
2018,6,2,76512,60294,77870,27553,61579,2146.73,1699,3378,4117,7286,69928,36257,20245
2018,6,3,41707,99838,52751,77814,43283,2146.73,630,3287,1896,9078,41443,44519,38714
2018,6,4,6352,65399,36323,38524,51593,2146.73,2083,3104,2984,9914,55656,39562,1339
2018,6,5,61550,17357,32941,45667,88259,2146.73,3275,1316,4058,8278,24130,12341,19222
2018,6,6,39740,50493,95629,12035,40767,2146.73,2905,3470,1462,9228,16014,36766,3424
2018,6,7,76919,49078,14871,54903,90382,2146.73,817,3282,4235,7606,13949,17700,36880
2018,6,8,79331,28577,55162,98390,79603,2146.73,730,1396,1135,5430,47727,13046,45644
2018,6,9,42487,86986,66725,94013,46214,2146.73,778,4483,4146,8034,94386,40880,18718
2018,6,10,98881,5204,9163,19468,65313,2146.73,3312,4643,3040,9825,59384,47642,39464
2018,6,11,11822,36467,83337,57957,25529,2146.73,2562,4366,4400,8582,78378,46965,47416
2018,6,12,29357,59158,36450,79855,71159,2146.73,734,1390,2390,9897,11724,34054,47188
2018,6,13,69361,50522,95050,37401,50347,2146.73,1395,3519,2251,8734,36476,32780,4434
2018,6,14,48499,14039,17147,99252,74678,2146.73,1216,1570,1034,9017,15926,17098,45526
2018,6,15,96205,20975,44935,64947,67224,2146.73,716,1583,2664,6582,73984,34362,17144
2018,6,16,81189,91732,62883,4792,92815,2146.73,2571,1312,4748,8630,56915,20777,49359
2018,6,17,82948,53133,41163,53982,18502,2146.73,3877,1058,1430,7632,96004,12303,7755
2018,6,18,40955,27710,15239,74971,54465,2146.73,4332,1314,2305,8886,56795,40119,5575
2018,6,19,37925,94368,47785,84026,65438,2146.73,4802,4736,4183,9298,18717,42685,4700
2018,6,20,36424,63947,23744,31504,37758,2146.73,662,1158,3809,5396,86385,18273,36100
2018,6,21,30972,45718,70278,28277,84285,2146.73,4748,2208,2791,5074,12476,19580,27073
2018,6,22,87232,27389,84317,61416,89706,2146.73,914,2480,3331,8400,73983,37440,19386
2018,6,23,46647,84142,48856,10456,25890,2146.73,710,1860,1926,6866,11982,15242,35241
2018,6,24,75135,36238,3803,12926,35122,2146.73,3858,3704,3776,6358,16502,43481,10037
2018,6,25,52561,86924,2314,35892,97471,2146.73,3332,4117,1789,8778,70924,10742,26297
2018,6,26,73781,16006,75892,54739,64067,2146.73,1332,4200,4969,9206,68478,15090,27381
2018,6,27,66523,17337,3795,20299,66863,2146.73,554,4422,2189,9806,71666,21012,20267
2018,6,28,75093,44999,65130,51882,83538,2146.73,912,2317,3410,6803,28407,32477,36054
2018,6,29,40536,81092,88030,86857,21227,2146.73,1946,4100,1547,8398,40751,23410,22860
2018,6,30,8711,20883,92833,32253,19680,2146.73,3264,4771,1706,8393,63005,18782,14499
2018,7,1,50270,83056,39210,13425,11464,2283.81,3959,3906,1067,7167,30132,15279,38039
2018,7,2,25466,50586,71827,97558,91337,2283.81,2620,3570,3069,9754,64601,18919,45237
2018,7,3,24489,59374,44769,42882,38731,2283.81,3679,3999,3561,9240,19454,31376,20507
2018,7,4,57279,72735,90284,49699,29902,2283.81,1329,1494,3704,6320,69275,11392,36768
2018,7,5,48393,8248,39964,2814,63120,2283.81,3084,2607,1186,9204,46840,35371,4565
2018,7,6,69711,76873,40723,39625,62465,2283.81,2352,4743,2231,7984,85793,28484,43146
2018,7,7,97108,17123,50203,812,20278,2283.81,2204,1974,4077,8519,16774,23549,35831
2018,7,8,89436,42272,11157,86078,41476,2283.81,1448,2538,2573,8714,67162,30037,24350
2018,7,9,21669,20867,49781,53901,64855,2283.81,3736,1961,4047,8939,79124,11364,1926
2018,7,10,34770,7681,7051,95199,76200,2283.81,3747,1987,4860,6256,68064,27687,11238
2018,7,11,20606,89513,55226,4531,68036,2283.81,4567,4704,1926,5670,59956,40812,38740
2018,7,12,52626,25045,19126,38026,23984,2283.81,3702,1814,2282,7104,70303,14833,14602
2018,7,13,78342,5403,96821,64554,51659,2283.81,2241,3615,1508,7646,93145,10282,31237
2018,7,14,2559,27714,61193,78517,28414,2283.81,680,2390,2545,9326,35415,36528,21149
2018,7,15,85759,95470,77986,24393,62575,2283.81,578,2267,1654,9622,21821,38053,14641
2018,7,16,33636,14063,26669,20737,77881,2283.81,2224,1790,2527,6844,91658,42292,19815
2018,7,17,90918,27339,6035,53463,14848,2283.81,1343,1222,3271,5510,41350,32197,41451
2018,7,18,15321,96929,89466,1715,65680,2283.81,4767,1342,1700,6436,36402,35932,11287
2018,7,19,2603,44979,49076,66482,98396,2283.81,3773,4313,4424,9624,59127,49271,40734
2018,7,20,22610,15471,16230,92234,66151,2283.81,4430,2822,1730,7800,99537,36539,23933
2018,7,21,41534,55657,52206,99586,38445,2283.81,518,1046,4938,7630,15064,14685,4960
2018,7,22,58031,82653,53999,42455,63813,2283.81,3078,2773,4948,5342,95006,11099,29479
2018,7,23,64592,19438,25274,35453,33333,2283.81,3343,1218,1819,6901,90803,12990,41163
2018,7,24,78213,42674,92663,28151,43619,2283.81,4188,3001,1102,9538,60455,45710,16542
2018,7,25,9017,34886,98484,53966,25546,2283.81,1416,1158,2927,6689,41940,12611,43491
2018,7,26,47853,46637,53830,61024,3538,2283.81,2638,3101,3658,6638,42604,13629,10986
2018,7,27,54547,51793,81631,70093,31331,2283.81,2154,1418,3323,5166,10664,35220,8438
2018,7,28,74128,92081,41709,3407,15122,2283.81,1018,2973,1637,6199,40348,16526,1526
2018,7,29,97185,52988,64628,17196,74640,2283.81,2176,1084,4023,5158,31981,13422,7232
2018,7,30,53596,14136,47054,63271,94774,2283.81,3490,3900,1149,6678,72307,31270,7718
2018,7,31,40201,54678,60597,3190,90877,2283.81,1067,4413,3931,5622,21608,44923,1900
2018,8,1,18785,6813,49654,13943,38795,2396.06,3889,2929,4764,7034,47702,27481,6360
2018,8,2,62003,32956,59983,18554,21615,2396.06,910,2643,1849,9302,83519,19145,41254
2018,8,3,80714,87933,89430,47761,25893,2396.06,2038,4676,2516,6794,74970,46310,1420
2018,8,4,44404,75213,65593,64168,38725,2396.06,3001,2078,3953,7983,51984,18454,29647
2018,8,5,75589,27090,9563,77438,38089,2396.06,2935,3801,2366,9486,66561,23259,43083
2018,8,6,53069,4952,84288,26937,92996,2396.06,4599,2398,1654,5191,17917,11806,25611
2018,8,7,51190,75919,22977,30144,10255,2396.06,2062,1694,3402,6625,79632,12990,24961
2018,8,8,66060,92568,91644,63426,11284,2396.06,3036,4351,1730,7362,15288,38855,24558
2018,8,9,79287,47239,42606,46461,52430,2396.06,2358,4971,2793,6774,50114,13047,10524
2018,8,10,83000,97177,48891,1402,53802,2396.06,4243,1212,2441,8982,99638,48724,44875
2018,8,11,73148,19027,29428,69009,22703,2396.06,2863,3340,1324,6821,81152,19438,37067
2018,8,12,77345,33511,89410,46490,41550,2396.06,4537,4548,3052,9568,42301,23205,39524
2018,8,13,19654,32897,59419,57095,15135,2396.06,2170,3282,4434,7949,73642,33489,25409
2018,8,14,5016,47858,51830,22025,64679,2396.06,1463,3374,2844,7046,19486,40745,32983
2018,8,15,36749,14402,65294,89801,5533,2396.06,3005,1550,1842,9722,98631,21977,23947
2018,8,16,47832,20802,76612,58619,88751,2396.06,2107,1006,4462,9526,32142,45493,16606
2018,8,17,93271,39958,53868,92468,37182,2396.06,3212,3929,4484,9726,63729,45016,8732
2018,8,18,38805,93088,36554,95648,81863,2396.06,3976,1046,2337,6939,18686,11087,35185
2018,8,19,43545,13124,87558,74359,73412,2396.06,4851,3034,2360,5174,75501,29541,36052
2018,8,20,98803,25066,3472,4640,39924,2396.06,1007,1430,2991,5132,90727,24854,33553
2018,8,21,4098,91056,20901,76436,84347,2396.06,3874,4242,1558,5754,18600,28450,41917
2018,8,22,93835,4805,11485,86195,44876,2396.06,736,3677,3403,5559,64668,34678,3338
2018,8,23,35464,97029,79759,28456,49590,2396.06,4661,1526,4244,6913,46473,28590,36838
2018,8,24,98830,16701,22833,53869,58132,2396.06,2318,3318,2589,5270,70864,14938,7786
2018,8,25,13493,2953,67494,58248,54864,2396.06,2926,1338,4190,9036,35134,45131,32163
2018,8,26,25875,54796,81522,20119,11709,2396.06,558,1889,4695,7893,80757,19178,27996
2018,8,27,95679,79428,3849,58268,5935,2396.06,731,4427,4017,9577,94026,48881,24714
2018,8,28,81740,36953,39209,27282,75990,2396.06,3764,3215,1986,6637,54685,23549,40695
2018,8,29,80985,69747,439,42032,7641,2396.06,1210,4670,1974,5670,77938,32909,31196
2018,8,30,72476,60022,18689,66494,9599,2396.06,758,2689,1019,7542,51322,16730,12715
2018,8,31,61629,6439,76576,7118,43077,2396.06,2018,4060,1007,7456,66092,24999,31261
2018,9,1,43655,44670,88330,41417,38960,3166.77,3892,3981,1278,6737,24931,18993,21239
2018,9,2,12112,48974,85013,83046,16648,3166.77,1025,3086,1299,8998,82514,17559,43373
2018,9,3,81513,22927,84919,95321,89019,3166.77,1675,4024,1888,5004,90441,19806,9918
2018,9,4,82596,20686,25232,88874,17423,3166.77,2866,1780,1982,9230,45282,32135,1382
2018,9,5,68955,6308,55222,5254,90802,3166.77,4165,2313,1334,8176,83985,16032,37736
2018,9,6,354,90661,31410,71293,85665,3166.77,1190,4611,1982,6422,73485,42661,38203
2018,9,7,72938,97704,54899,88426,6935,3166.77,560,1786,1487,8566,97494,47288,1518
2018,9,8,46222,86660,85954,23236,77095,3166.77,4268,2447,1206,7029,65091,12614,19939
2018,9,9,75232,46283,47227,50471,69057,3166.77,4483,3345,4766,8772,46770,16114,37064
2018,9,10,14562,83683,50294,37401,75817,3166.77,1040,2038,4446,6993,61625,27892,47788
2018,9,11,23284,50894,5341,234,4275,3166.77,4199,4505,3065,6425,46327,17038,20432
2018,9,12,79841,5811,76819,14608,36544,3166.77,2659,1104,3623,5914,19454,49439,23589
2018,9,13,87092,55897,37830,37890,9242,3166.77,782,2524,1700,7474,49109,20975,49456
2018,9,14,57906,28310,66833,7324,71087,3166.77,796,1864,1318,5240,65534,21866,29513
2018,9,15,42556,54546,39323,66179,93851,3166.77,618,1892,1427,9799,18831,25669,44180
2018,9,16,35607,966,58194,18660,88440,3166.77,986,2696,1964,9170,70019,23050,7304
2018,9,17,18683,95817,73978,70358,14784,3166.77,3575,2338,1761,7897,23517,20611,5864
2018,9,18,58429,5488,17905,74857,41639,3166.77,1877,2245,4052,5070,12256,17696,3088
2018,9,19,98726,18243,21541,50690,23765,3166.77,806,2447,3727,8148,12804,34862,7912
2018,9,20,36286,71380,92202,63047,85629,3166.77,598,1666,2557,8540,51617,29195,15719
2018,9,21,87354,68495,56441,57758,59917,3166.77,1601,4994,3290,8996,25683,27055,35049
2018,9,22,62405,15776,85855,82485,96198,3166.77,2346,2482,1389,9547,11880,22017,48659
2018,9,23,41618,28242,48779,79175,62507,3166.77,4722,4859,3889,7514,23969,45158,1614
2018,9,24,32564,40571,20153,52206,11416,3166.77,612,3819,2963,5894,56303,40512,45836
2018,9,25,96477,73651,39347,82866,99550,3166.77,1235,2519,1648,5878,53045,16660,1227
2018,9,26,36762,27768,24538,5651,75283,3166.77,808,2845,1742,7312,76402,16843,48507
2018,9,27,49501,72016,90663,27464,53482,3166.77,4327,4958,3320,7356,49175,19221,13319
2018,9,28,41252,20411,26741,37071,56777,3166.77,800,3537,1058,6284,15539,31891,46139
2018,9,29,84791,82701,39737,6571,70013,3166.77,4765,4512,4506,6780,46975,15984,32492
2018,9,30,10099,97655,24298,63419,71328,3166.77,3991,2578,3883,8366,66000,17011,23474
2018,10,1,77749,60549,28480,14033,76089,2845.87,730,3788,2811,7010,28800,15302,26724
2018,10,2,61512,48314,69809,8292,11641,2845.87,4741,4295,2093,9032,96974,41918,27797
2018,10,3,63503,25906,35803,55587,91906,2845.87,670,4653,4714,9994,83686,11614,2814
2018,10,4,81716,15214,30943,14527,53311,2845.87,4829,4821,4407,9637,39464,19270,26095
2018,10,5,93786,90558,78048,62232,5069,2845.87,4149,3571,2278,6303,40509,18378,41374
2018,10,6,75470,671,95190,55184,22015,2845.87,2337,3729,1790,8279,34607,13751,45228
2018,10,7,34374,14437,94925,75134,80427,2845.87,3885,4211,1298,8284,52794,46367,1494
2018,10,8,29658,56945,31291,46937,13248,2845.87,2472,3716,3821,8036,60251,10835,21800
2018,10,9,79242,87589,30917,6034,45868,2845.87,4784,1998,1312,8558,71726,26738,15525
2018,10,10,31803,15612,67303,73101,53896,2845.87,4467,4904,3392,6126,46840,22992,20097
2018,10,11,38910,35665,28061,44083,19679,2845.87,1270,3919,1810,8774,19838,38120,38313
2018,10,12,84063,91090,34714,80376,72151,2845.87,3465,3952,3402,7119,93404,42297,6440
2018,10,13,77217,12873,92202,86961,79982,2845.87,4952,2006,2410,8740,79325,27088,5395
2018,10,14,42678,50596,42360,34930,69134,2845.87,4401,3196,1105,8238,49923,43255,13665
2018,10,15,46906,23389,63560,1660,80509,2845.87,626,4076,1187,5030,61036,32521,23316
2018,10,16,74257,87342,34116,98019,41707,2845.87,926,1480,1578,7646,52016,49521,29793
2018,10,17,63835,41419,19070,34940,81885,2845.87,4546,1206,2380,8924,46801,39240,18993
2018,10,18,47774,57111,63317,50313,75973,2845.87,4185,1580,3046,6612,64598,36104,40706
2018,10,19,13094,6058,86840,9834,89877,2845.87,706,1142,1625,9560,10014,44862,5208
2018,10,20,80120,99549,40005,72500,90359,2845.87,3092,3131,1098,5662,88443,36239,36806
2018,10,21,98466,37630,2820,42864,37283,2845.87,3967,1530,3475,8662,60208,29703,17419
2018,10,22,87367,35915,49767,344,47042,2845.87,850,2160,2020,6274,16012,27378,21121
2018,10,23,38368,94105,15510,98635,51865,2845.87,1226,1350,4286,8100,93193,11568,20306
2018,10,24,37816,38514,61944,27644,87024,2845.87,2346,1492,4418,6938,91085,21460,22153
2018,10,25,44585,2643,48621,31606,54205,2845.87,3983,3923,3736,6830,23909,26953,14633
2018,10,26,61151,75136,77284,35437,45534,2845.87,2004,3348,1693,5299,27343,28717,36829
2018,10,27,63804,34691,19459,38223,8155,2845.87,1034,2739,1790,9318,11286,13302,26896
2018,10,28,5640,9680,25370,80728,50525,2845.87,2680,3026,1542,9936,79814,36299,49279
2018,10,29,88145,43171,86000,29838,68471,2845.87,4906,3625,4385,8740,86847,38891,13344
2018,10,30,37613,79234,57983,83503,3889,2845.87,4948,1768,3358,5317,13222,35234,8679
2018,10,31,90949,14288,79614,31715,15603,2845.87,4365,3746,2598,6716,49936,37420,9428
2018,11,1,24843,36046,30797,35560,39246,2213.7,3172,3478,4022,6062,38718,10834,36041
2018,11,2,89328,64598,37412,30997,87557,2213.7,1944,1843,3610,5110,33797,28038,22646
2018,11,3,20728,53897,46989,73797,3833,2213.7,858,1142,3157,7356,80586,17518,1532
2018,11,4,23397,70111,93586,17419,43137,2213.7,1471,3815,3253,7774,79812,13094,32304
2018,11,5,12881,1757,19005,81491,88120,2213.7,880,1654,1697,9220,98994,10529,2802
2018,11,6,56333,39203,55557,59491,42911,2213.7,4596,1306,2604,8181,10998,32092,2495
2018,11,7,60486,2901,30909,90091,26783,2213.7,2251,1014,3828,6255,53857,33299,10721
2018,11,8,79057,96090,58499,85755,85311,2213.7,2635,2994,3046,9096,33836,11922,7493
2018,11,9,53390,68434,22263,75994,96615,2213.7,4438,3451,1591,6822,63541,34725,38692
2018,11,10,48771,70793,57093,93951,13400,2213.7,2250,2456,2038,8430,94562,17410,10950
2018,11,11,59593,23550,66696,72640,24446,2213.7,4947,2834,3964,7210,70180,31931,1074
2018,11,12,22254,60971,55383,80197,82669,2213.7,4921,1438,2420,8082,25388,35820,35277
2018,11,13,49315,68991,44629,72706,71091,2213.7,1405,1376,4091,8914,19674,14174,39191
2018,11,14,81337,64622,97724,66653,48184,2213.7,3583,1788,1870,7942,66984,27893,34256
2018,11,15,39243,48259,75684,61663,86624,2213.7,3834,1886,1142,8462,17296,41152,1072
2018,11,16,97653,6401,88188,93097,70854,2213.7,2984,3541,3835,5726,35193,13510,24214
2018,11,17,94963,83778,40160,56540,4096,2213.7,4432,4689,1753,6467,37703,16764,23496
2018,11,18,77540,51539,94316,63954,10001,2213.7,1457,4005,1430,5997,17101,12915,19311
2018,11,19,50211,30086,81457,55398,57146,2213.7,3768,3459,3131,5279,24999,14342,33003
2018,11,20,88775,25784,13268,76881,2252,2213.7,524,1142,3860,5924,60095,45213,17323
2018,11,21,65235,81553,85571,7297,7550,2213.7,1564,4112,4108,8754,29509,22605,2672
2018,11,22,67375,54630,91066,16858,36261,2213.7,880,1430,3199,8182,15390,26802,32417
2018,11,23,67378,53525,72945,2590,99449,2213.7,4154,1034,1898,9724,88330,19410,33040
2018,11,24,68748,24895,28958,34209,59268,2213.7,1813,2993,4448,8470,59851,15709,24820
2018,11,25,12999,46639,7097,71199,46694,2213.7,4352,1718,3887,7297,49363,44687,25364
2018,11,26,70337,13519,75722,17633,79595,2213.7,2478,3342,1650,7787,98902,47269,30404
2018,11,27,92607,72068,40263,38408,52651,2213.7,946,1306,3104,7564,53198,26149,16466
2018,11,28,69280,17552,72924,64519,54849,2213.7,4205,1536,2156,5142,59169,31751,22287
2018,11,29,31682,48000,96446,69684,82139,2213.7,1952,4745,3766,7144,29504,36416,11700
2018,11,30,40033,49973,2066,19489,77537,2213.7,1989,3167,2814,9834,27685,27662,5264
2018,12,1,3243,85552,25708,54521,61073,2372.61,2553,4071,1050,8978,91209,31954,23811
2018,12,2,39190,82307,82074,62757,11811,2372.61,4141,3134,1906,9972,55670,42170,18490
2018,12,3,16972,35190,81337,51884,62875,2372.61,878,1116,1814,7494,36988,21974,25352
2018,12,4,41305,39543,97398,27913,28132,2372.61,1218,2320,2265,8291,46429,15427,4959
2018,12,5,26782,81923,93563,63688,36904,2372.61,2209,3874,2126,7102,22110,30000,15585
2018,12,6,95250,63897,62470,6152,31391,2372.61,4477,4047,1434,7526,16959,33482,49458
2018,12,7,96833,43178,50804,450,67822,2372.61,2229,4602,1858,8602,74641,48761,13585
2018,12,8,24080,63204,18989,41206,16750,2372.61,1206,1998,1346,7360,34501,19089,41099
2018,12,9,99485,28979,58137,54837,37205,2372.61,3318,4036,1962,5473,50838,18797,41448
2018,12,10,35410,83068,29752,47268,25211,2372.61,1029,4289,2596,5017,90495,11302,4394
2018,12,11,72468,28054,29048,10166,28081,2372.61,4254,3916,3878,7390,98752,46082,13549
2018,12,12,45190,37072,96471,96167,58897,2372.61,4963,4306,1530,8606,41573,21937,47309
2018,12,13,65461,53955,37580,49409,85324,2372.61,1457,2790,2479,5504,67956,16911,44427
2018,12,14,75405,63563,60828,635,17306,2372.61,1716,2494,3003,6382,75012,38251,9581
2018,12,15,6848,6329,82558,53575,67396,2372.61,512,4207,4437,9443,98615,29761,40484
2018,12,16,23870,81425,53904,12701,76929,2372.61,4611,3684,3126,6790,69318,35431,38212
2018,12,17,82723,32387,14278,12078,91925,2372.61,668,3771,1246,9238,52346,13013,39291
2018,12,18,39722,94211,12221,50512,73654,2372.61,1624,2522,3611,8582,26574,15198,27188
2018,12,19,55092,72538,86928,73218,79328,2372.61,630,3402,3631,9277,90479,46907,6246
2018,12,20,28568,90809,95680,40538,6400,2372.61,3550,1120,3587,8518,12983,32240,48026
2018,12,21,75662,59608,46115,625,76488,2372.61,3867,2930,1577,5794,21147,40904,22689
2018,12,22,62040,46148,19307,67023,1777,2372.61,3930,1406,3298,5961,70881,39697,26139
2018,12,23,40339,90785,85819,98926,39259,2372.61,1165,4920,4761,7272,31896,17600,15154
2018,12,24,82672,50765,15531,44249,56559,2372.61,1504,4950,1066,7163,18324,17304,3030
2018,12,25,63302,98607,47649,96600,74568,2372.61,1297,4905,2018,8467,13830,31276,34883
2018,12,26,53621,61348,12549,44734,54979,2372.61,2333,2649,1742,8440,98249,18119,44446
2018,12,27,97245,99755,3070,12773,36918,2372.61,686,1814,1352,8164,96817,10920,21395
2018,12,28,45312,49467,42178,87330,87934,2372.61,4958,2906,1094,7506,10586,10086,22361
2018,12,29,41952,31326,59040,53513,75541,2372.61,1632,2785,2043,9412,15342,10312,7290
2018,12,30,62448,31987,10531,15153,42417,2372.61,1072,2727,3166,9212,91409,11099,23700
2018,12,31,56962,76368,35358,23374,90226,2372.61,3411,2177,1358,7614,16398,11214,37998
2019,1,1,23674,50352,50839,64728,52262,2498.16,3526,1208,1680,8678,43015,11732,11151
2019,1,2,1103,47096,84899,85705,38505,2498.16,4017,1223,2707,9590,21448,16518,12350
2019,1,3,27154,69978,37731,47309,72020,2498.16,4751,2044,1306,7798,93123,17909,48945
2019,1,4,53093,53003,18509,41126,11681,2498.16,2857,4135,4971,7755,31191,29827,11525
2019,1,5,105,6561,11051,14164,88952,2498.16,1219,2456,3828,7908,96116,14408,48851
2019,1,6,19247,37221,35596,84895,29163,2498.16,4155,3606,1721,7663,39731,19516,28720
2019,1,7,15540,8941,38889,56863,63048,2498.16,1689,4504,1640,8192,93667,31943,20080
2019,1,8,12943,59888,30752,48123,80189,2498.16,1673,1582,1790,7268,17032,25954,43221
2019,1,9,52340,36188,24561,50413,90204,2498.16,1518,2094,4584,5406,78957,10558,30645
2019,1,10,1839,31999,32137,94831,96091,2498.16,3125,4032,2042,7606,57154,48583,25804
2019,1,11,83449,28828,14370,80241,52448,2498.16,1194,4787,1202,6110,71551,40496,47755
2019,1,12,27752,48070,28944,17336,79829,2498.16,1319,3018,1250,8455,18410,18790,24253
2019,1,13,60612,2326,61373,79006,58906,2498.16,2588,2354,1062,8310,22594,32505,34879
2019,1,14,72417,45142,53645,72710,92249,2498.16,4558,4999,4617,8501,37334,19445,25196
2019,1,15,32754,40007,83816,5356,58462,2498.16,2696,1726,1692,5420,30782,20597,43016
2019,1,16,70300,24723,29304,50357,33033,2498.16,4213,1822,3391,5724,94510,11288,18251
2019,1,17,94406,74069,41991,375,82570,2498.16,4819,1674,1374,9986,37029,10496,45677
2019,1,18,63002,11078,45921,91046,46499,2498.16,1642,1797,1425,7638,83505,13094,26703
2019,1,19,75549,99072,72611,88940,68281,2498.16,930,4037,1188,5850,79411,40109,17121
2019,1,20,48597,65583,71784,84280,35569,2498.16,4775,4921,1242,7047,11942,32740,25165
2019,1,21,33751,67610,15890,51528,74908,2498.16,3688,1850,1169,7650,55746,49450,15747
2019,1,22,74771,66677,78488,32311,19597,2498.16,3771,4544,3481,9014,68823,18110,7900
2019,1,23,2072,79951,90324,54666,36999,2498.16,2405,2100,1034,9646,54979,10326,46291
2019,1,24,1745,73668,21966,32915,81319,2498.16,2364,2440,1488,7203,21103,46687,27712
2019,1,25,85103,9875,81232,24937,86782,2498.16,686,3852,1357,5358,43517,49707,16408
2019,1,26,86952,97275,86808,67203,83273,2498.16,3712,1654,1806,7029,17930,29476,41787
2019,1,27,71093,66647,1917,31832,93851,2498.16,3518,1246,2894,6102,20240,36027,23020
2019,1,28,8862,20579,24880,55219,27593,2498.16,1278,4543,3374,8085,98098,31646,34749
2019,1,29,16225,53163,66663,48031,30193,2498.16,2506,1284,2591,5774,49468,27793,1902
2019,1,30,18795,94339,73099,68041,20441,2498.16,4067,4301,1106,5298,14102,24213,9691
2019,1,31,46399,72151,88757,44773,46588,2498.16,1418,2811,1369,6170,27193,11682,3207
2019,2,1,4700,20550,77970,475,70018,3358.04,620,4356,1766,5622,18518,19642,5763
2019,2,2,40432,30451,1525,85730,47675,3358.04,2127,1176,1700,6512,82763,34052,25738
2019,2,3,19670,61928,56774,12750,89121,3358.04,3127,3820,1587,7448,10646,16605,26039
2019,2,4,73211,62619,30962,18424,82631,3358.04,3326,3061,3911,9710,25142,42937,32110
2019,2,5,66940,57270,79114,47785,66873,3358.04,3188,1541,3804,5282,15642,29276,11878
2019,2,6,97352,55122,23097,93940,72570,3358.04,544,1570,2712,7857,80555,45342,1670
2019,2,7,56319,70234,34756,35231,61436,3358.04,3167,3374,3518,7276,92510,12790,9898
2019,2,8,51863,40700,86932,75667,62013,3358.04,4942,1442,4047,8792,69655,46617,18927
2019,2,9,10838,46552,92398,23551,70761,3358.04,1006,2078,4537,5110,78660,20972,39305
2019,2,10,29898,73181,65699,79769,46814,3358.04,662,3675,3907,6894,90693,27272,8209
2019,2,11,2369,11988,52989,76416,72731,3358.04,3032,3568,1102,7154,23470,22658,38996
2019,2,12,21086,58715,99737,96975,45067,3358.04,4298,1316,2929,9996,71084,31094,44750
2019,2,13,74558,67595,46122,89817,51037,3358.04,2088,3404,1294,6428,46172,37884,36815
2019,2,14,75424,69205,37805,77322,17339,3358.04,4979,4775,1340,9716,51750,31407,11275
2019,2,15,60818,2401,89076,28747,18750,3358.04,1192,3306,4105,9282,83122,45142,26512
2019,2,16,75480,66564,64899,40633,2992,3358.04,4868,4767,1130,5354,72088,13965,11071
2019,2,17,10299,22069,68741,46640,88137,3358.04,4398,1250,4243,9825,10403,15994,20491
2019,2,18,26337,86596,51299,70442,25261,3358.04,1935,1488,3687,6834,57723,12154,1556
2019,2,19,57905,52593,47799,54532,1617,3358.04,3496,1915,4658,7237,74906,29146,36239
2019,2,20,74080,35657,44452,13323,85482,3358.04,2666,1817,1449,8964,98610,16709,4855
2019,2,21,6090,80547,83801,39777,27381,3358.04,4159,1636,4116,6628,72520,12084,41525
2019,2,22,9549,57369,24000,84207,10958,3358.04,3353,1494,1836,8322,14711,11014,15258
2019,2,23,79012,2379,80916,36813,57695,3358.04,4874,1150,1302,7358,36264,15246,29527
2019,2,24,45199,45424,21793,55667,18734,3358.04,2751,4633,1681,8102,28839,12638,44313
2019,2,25,23361,8545,64028,90626,32702,3358.04,4724,3064,3821,5182,64876,37867,45092
2019,2,26,36518,84751,68004,12942,4778,3358.04,1745,4975,1042,8538,21994,18182,4268
2019,2,27,49203,89746,45761,17236,97848,3358.04,1226,2559,4496,6605,44537,32197,24601
2019,2,28,71697,4262,60262,1870,44901,3358.04,4737,2770,1240,7740,10711,47369,41491
2019,3,1,27458,97346,60754,82348,19340,2527.71,2901,1774,2641,5137,39635,48593,11882
2019,3,2,61364,77196,98091,37969,21733,2527.71,1017,2345,3253,7886,14418,14743,46640
2019,3,3,33976,1368,7336,8068,12080,2527.71,1426,1786,3402,7180,54587,16402,4706
2019,3,4,25414,2489,29530,33055,67626,2527.71,1648,1390,2711,9738,99661,12870,35517
2019,3,5,92730,25679,43141,15983,69917,2527.71,725,3892,4457,8061,11959,26536,13091
2019,3,6,59119,14739,48777,27521,78271,2527.71,1613,3683,1714,7494,36737,39829,3364
2019,3,7,63011,84738,35171,42075,30828,2527.71,4221,3557,1861,8714,39539,46777,34832
2019,3,8,81805,20266,50670,46262,24679,2527.71,4150,3796,3719,7926,27668,21989,28982
2019,3,9,91291,59282,75673,97143,53128,2527.71,3323,2489,3499,8493,74563,44326,28762
2019,3,10,89677,33786,67884,66538,68852,2527.71,3315,1320,4040,5526,96916,35070,23776
2019,3,11,59318,52419,68867,53037,40346,2527.71,1377,1635,3519,6812,45129,41646,12887
2019,3,12,78516,48453,74136,92015,3299,2527.71,2692,2974,1574,6928,59512,34039,15052
2019,3,13,60704,72828,51047,21096,69516,2527.71,1165,3833,1733,5562,81869,14166,47963
2019,3,14,20622,39600,5066,9141,73001,2527.71,2138,1515,4998,5122,59881,34648,16547
2019,3,15,22677,28927,27624,37865,82207,2527.71,1903,4261,2666,5908,80356,12181,3488
2019,3,16,37265,2874,91015,70350,10609,2527.71,2427,2581,3835,8844,56721,18187,39237
2019,3,17,15391,23860,86056,46741,81485,2527.71,1389,4161,1214,5364,42025,23420,45937
2019,3,18,45204,80282,32682,37870,69583,2527.71,1402,3198,3614,7417,19808,25574,29390
2019,3,19,13006,37327,23156,58193,86171,2527.71,1379,2912,1542,8786,64653,12646,29877
2019,3,20,41076,62395,22086,32290,4111,2527.71,710,4313,2095,9496,87182,46678,30463
2019,3,21,486,3585,86229,49100,27354,2527.71,4674,1710,4806,8372,14902,18702,46129
2019,3,22,60411,7635,70242,80498,86421,2527.71,3421,2495,4992,8246,76137,34102,1247
2019,3,23,970,98200,83416,78065,52943,2527.71,1094,3427,1886,7360,18879,19222,36950
2019,3,24,56156,59906,7303,5962,24087,2527.71,4642,4496,1190,9958,81346,32611,22205
2019,3,25,28835,79768,76459,58828,275,2527.71,2929,2595,1598,5404,12011,20089,2596
2019,3,26,95999,53107,89869,2885,13134,2527.71,3476,4288,3652,7130,91601,18192,8748
2019,3,27,99335,66245,93588,45526,43833,2527.71,4488,2666,1053,7298,31493,21327,24934
2019,3,28,39895,40776,5275,7041,33473,2527.71,2129,4470,1743,6998,48707,49876,17286
2019,3,29,42098,2184,69165,10751,79314,2527.71,4841,4999,3362,9780,56876,37194,27119
2019,3,30,21067,67717,59861,92120,55016,2527.71,4798,4909,3481,5072,18301,48305,7707
2019,3,31,2358,61784,27776,5454,78782,2527.71,668,1766,1718,6838,47980,40682,26483
2019,4,1,84174,2035,27679,13955,75263,2265.47,950,2979,2436,7139,97994,15142,31225
2019,4,2,6938,9256,79976,8362,27557,2265.47,2070,4339,2408,5056,84472,15242,28281
2019,4,3,54206,21704,10261,61404,69684,2265.47,719,1742,1370,6804,84163,10943,17295
2019,4,4,20974,35536,53923,44762,79027,2265.47,1256,2315,1171,6231,10676,10168,1917
2019,4,5,50865,54099,94420,73273,86623,2265.47,3514,1664,1198,5126,17910,36630,28892
2019,4,6,48774,47950,56840,84454,37699,2265.47,1748,1046,4241,5670,19784,38267,7355
2019,4,7,33939,96041,6935,11462,68625,2265.47,1541,4488,3060,7750,92760,24682,33963
2019,4,8,6204,97627,31862,6799,12754,2265.47,4780,2878,4744,6619,62331,19606,1806
2019,4,9,40326,74081,43818,49567,56103,2265.47,4185,1393,1998,9022,17854,44618,13603
2019,4,10,95082,34396,64107,83142,61708,2265.47,4176,4263,1700,9586,91061,49950,23219
2019,4,11,72834,17194,77829,87578,165,2265.47,1372,1986,1943,6358,12824,19398,6512
2019,4,12,80144,60593,25792,56139,38064,2265.47,2108,3144,4393,9790,32637,22452,43646
2019,4,13,70786,23166,56716,57983,45556,2265.47,4284,4740,1321,8478,38669,31485,14129
2019,4,14,24977,11394,38327,88272,27936,2265.47,4021,3078,1330,9812,80568,43388,44734
2019,4,15,9811,97678,92885,20556,95245,2265.47,3007,1029,1391,6075,24012,26946,41875
2019,4,16,30204,98297,78039,27878,66762,2265.47,714,3089,3101,8092,12712,12082,16709
2019,4,17,8775,36735,80468,30453,2899,2265.47,3840,2708,1174,6164,49615,20308,11036
2019,4,18,24952,58976,36339,6343,25051,2265.47,4641,1605,1350,8072,15834,24463,26703
2019,4,19,77092,41550,82553,5194,5591,2265.47,2581,1442,3351,8810,61168,10062,45266
2019,4,20,51789,35010,63959,26853,34439,2265.47,2161,4389,3900,9851,82083,30302,29926
2019,4,21,42906,48077,1909,34256,8461,2265.47,638,1112,1296,7623,14202,31233,17743
2019,4,22,19241,84679,11951,67592,75431,2265.47,802,2218,4479,5503,54071,17844,23119
2019,4,23,45429,67585,34659,34330,33788,2265.47,983,3044,1170,5792,43651,11974,33095
2019,4,24,16987,68723,91535,92630,92699,2265.47,890,1938,4660,8690,95882,25091,48631
2019,4,25,91636,31076,2310,32468,62931,2265.47,1384,3358,1668,9610,59039,13624,22733
2019,4,26,75490,40024,99852,73012,39267,2265.47,3994,1252,2225,8598,65234,19722,43504
2019,4,27,85511,55450,33215,85172,73967,2265.47,534,1953,2875,8923,14420,11620,45449
2019,4,28,68009,22158,64164,24677,64553,2265.47,2836,1622,4578,7687,29404,18844,39556
2019,4,29,7543,24751,91450,19769,95279,2265.47,1043,1588,3484,9894,82312,19670,23036
2019,4,30,36058,42575,84404,28933,37850,2265.47,4737,1724,2333,5253,46886,15150,15177
2019,5,1,94723,58279,84387,58762,87683,2486.39,1304,2433,2383,9726,24063,13686,19583
2019,5,2,43468,21205,45255,34078,3517,2486.39,1486,2442,4812,5419,19318,29988,14057
2019,5,3,16509,22502,17322,81762,69388,2486.39,1569,1874,3836,7307,55575,47870,19207
2019,5,4,23243,21880,26656,50626,24304,2486.39,2396,4122,3275,5310,34551,16298,17072
2019,5,5,76708,21039,70587,41520,52810,2486.39,1507,4317,4732,5180,51079,45471,37231
2019,5,6,90739,54001,92286,84575,41309,2486.39,3796,1814,1091,5452,31527,26746,47861
2019,5,7,92524,15276,10869,97151,27927,2486.39,598,1980,4162,8962,78856,18323,11773
2019,5,8,95816,364,37641,21900,71896,2486.39,2371,2633,4072,6008,63559,16732,5072
2019,5,9,90221,62356,97635,76312,4160,2486.39,3057,1682,1588,9174,93833,10144,45514
2019,5,10,8402,15480,26053,7564,7713,2486.39,886,4880,1623,9879,41779,43518,4909
2019,5,11,34951,75503,72504,94023,1511,2486.39,2106,1730,4769,9490,68041,18929,2415
2019,5,12,70255,87451,31964,31044,17729,2486.39,1110,1129,2628,8678,50045,31692,42149
2019,5,13,83423,42284,17925,5046,72163,2486.39,4915,2113,1718,7418,17487,36717,9705
2019,5,14,39833,44595,44800,70954,69335,2486.39,1234,1890,1643,9110,86983,11718,29194
2019,5,15,96699,39446,93206,70679,17960,2486.39,3723,1381,1076,6647,22778,24048,43251
2019,5,16,46352,37694,81162,81559,41464,2486.39,4627,2647,1902,5778,68601,45281,15001
2019,5,17,24972,91188,17574,57968,45738,2486.39,3690,3788,1446,7610,45818,28314,4558
2019,5,18,61498,14542,79696,47032,1190,2486.39,1079,3892,1519,8592,61802,47983,2475
2019,5,19,49945,12782,11983,25892,8561,2486.39,1172,4883,3123,5097,15710,14198,30584
2019,5,20,9655,16542,9001,70010,34789,2486.39,3323,1286,1434,8750,59669,13042,21172
2019,5,21,63197,97101,83499,19717,15693,2486.39,4051,1282,4434,6033,91527,32994,45301
2019,5,22,42970,79052,32878,47445,84150,2486.39,2656,1310,3621,6028,96516,24761,7081
2019,5,23,94181,61192,21048,96245,5563,2486.39,850,1910,2816,9348,21178,19730,30717
2019,5,24,61001,71582,91850,35435,33968,2486.39,4780,1936,3780,8030,40732,29281,33377
2019,5,25,41091,54741,89437,31064,77750,2486.39,824,3281,3496,6872,14198,35410,2306
2019,5,26,73941,16729,86874,68110,16077,2486.39,2969,2076,4633,9818,28863,29952,8052
2019,5,27,69548,63644,6889,64680,64006,2486.39,634,1670,3712,6100,36158,12814,13973
2019,5,28,68406,91984,17448,31903,85208,2486.39,3664,4147,1405,8742,27256,17481,18326
2019,5,29,44942,21579,60911,24575,7749,2486.39,878,3647,1120,8246,74678,17398,6126
2019,5,30,58091,34991,55222,76803,1092,2486.39,968,4496,4715,6842,17750,10262,7733
2019,5,31,58094,51416,60422,9500,88305,2486.39,1980,3245,1960,8494,74171,49708,4031
2019,6,1,45050,59709,46489,39168,34387,2012.23,2257,4377,3187,6742,86820,25919,46615
2019,6,2,96381,56317,91987,19797,90420,2012.23,2890,3186,3682,7492,46490,24064,43261
2019,6,3,80722,79737,16025,51317,53908,2012.23,3035,3957,3144,7070,38124,42531,32085
2019,6,4,3842,51735,78261,72030,42147,2012.23,4300,4878,4100,6287,74675,44519,31433
2019,6,5,49548,68918,2706,19582,72659,2012.23,4997,4731,3932,6021,37399,32839,49197
2019,6,6,24459,65436,81797,82603,56311,2012.23,1485,1286,3007,6097,48533,46505,36274
2019,6,7,67530,12834,1384,37983,69121,2012.23,2501,1910,1327,5207,54601,11094,26059
2019,6,8,50756,64600,36422,96040,6973,2012.23,3878,2782,1224,7027,46737,11918,23821
2019,6,9,29653,54575,88423,17660,57025,2012.23,4164,1820,1140,5547,78887,12974,36956
2019,6,10,57959,61390,86634,35638,62949,2012.23,2327,1030,3537,5100,26094,11862,7587
2019,6,11,45273,4973,9645,881,98352,2012.23,4150,3003,2308,7572,62014,34332,22734
2019,6,12,70880,42531,25238,53372,24431,2012.23,4984,3740,1866,6498,50729,11166,4126
2019,6,13,65557,53057,91222,4094,8157,2012.23,955,4781,3639,5600,70661,13402,17316
2019,6,14,48334,99812,97699,91994,33736,2012.23,1325,1942,3595,7915,74337,43025,9714
2019,6,15,38393,95675,58118,20259,87292,2012.23,1424,2847,3255,8997,73293,11086,8848
2019,6,16,6313,39249,72546,44952,31201,2012.23,3294,1782,4369,5993,87879,43104,43207
2019,6,17,72059,80558,30423,7006,14825,2012.23,1383,3216,1785,9010,89826,16338,21112
2019,6,18,33348,87603,73277,11604,76600,2012.23,4367,2911,1646,6912,44214,33370,46570
2019,6,19,46471,58862,29257,5840,71207,2012.23,600,4616,4045,5717,66621,28869,17137
2019,6,20,66829,33005,98438,99967,57506,2012.23,4043,2204,2217,7352,18807,18816,38264
2019,6,21,56594,49527,68080,58764,52791,2012.23,2133,4260,2506,5590,21451,17434,12294
2019,6,22,54879,53099,18329,85276,15168,2012.23,1002,1996,4306,8933,98314,41811,1303
2019,6,23,33549,18710,15369,25766,12381,2012.23,4581,3973,1014,5330,27736,11406,34176
2019,6,24,91306,36223,68458,78813,57613,2012.23,3876,3842,4359,8557,14117,24526,6261
2019,6,25,89860,44614,72875,40518,89899,2012.23,3681,3446,4897,8108,49211,18630,21189
2019,6,26,98225,60145,87604,14631,22805,2012.23,3827,1874,4266,8636,25625,41878,31693
2019,6,27,74897,95855,87073,50608,84412,2012.23,566,1254,3506,8730,31139,18404,17542
2019,6,28,85550,79821,91851,91799,43870,2012.23,866,3446,2557,8778,73076,13436,7414
2019,6,29,62429,73256,87175,46695,41892,2012.23,4924,1788,3654,8014,67395,18844,12801
2019,6,30,25890,8882,40,4396,23243,2012.23,2799,1214,2351,8078,33293,37572,47531
2019,7,1,43723,62371,55972,74459,51800,2478.65,1886,1014,4858,9932,66946,29010,12685
2019,7,2,21209,87,54017,29557,83834,2478.65,900,2715,4824,9840,32309,27355,13434
2019,7,3,32640,73805,71059,13641,7098,2478.65,2054,2171,1001,8764,41629,22800,8631
2019,7,4,37062,94868,97855,53272,94800,2478.65,2282,1007,1238,6298,45563,31424,31153
2019,7,5,16085,17361,90492,95909,77201,2478.65,4615,1191,2956,5454,56183,20053,22801
2019,7,6,69305,8238,87226,6658,48967,2478.65,4457,1027,1334,7336,39299,19750,45207
2019,7,7,74817,37934,83586,72407,90584,2478.65,758,1667,2861,5454,18928,40061,45501
2019,7,8,99826,58544,82606,12782,85570,2478.65,4187,4873,3378,6412,77882,12344,38789
2019,7,9,81619,57340,98373,38045,67355,2478.65,4270,3522,3308,9207,47281,48891,4024
2019,7,10,34708,17464,21912,97569,78138,2478.65,3982,4314,1478,6587,14202,17655,7192
2019,7,11,91728,56284,72529,55106,9048,2478.65,2450,2017,4101,8726,61414,15626,16763
2019,7,12,36198,67037,66331,44506,56244,2478.65,4748,1910,2427,6666,19514,25564,13612
2019,7,13,38851,75206,19879,70938,28145,2478.65,3592,4871,1932,7473,74977,41360,43327
2019,7,14,44236,42428,64731,84690,24602,2478.65,3849,2150,3180,5179,38007,49423,26145
2019,7,15,5144,97756,56726,52571,95768,2478.65,4486,4617,1801,5798,21906,14945,11597
2019,7,16,74044,26852,84818,6357,20677,2478.65,2717,1263,3573,9818,65952,19062,26147
2019,7,17,54944,74802,53029,48124,66334,2478.65,3898,2828,1206,5054,40398,14694,41036
2019,7,18,48573,34885,51880,85374,65601,2478.65,1671,2000,1988,7840,62352,37664,23786
2019,7,19,43987,10070,18929,78912,38869,2478.65,4789,3811,2386,7817,58286,17448,1233
2019,7,20,15205,72185,46548,20347,59160,2478.65,2608,2731,4533,9487,93105,36485,3298
2019,7,21,79625,76129,92482,96614,43969,2478.65,629,2954,2606,9557,66865,11334,21186
2019,7,22,70791,21655,46638,79529,45824,2478.65,3247,1027,3459,9238,97725,10502,21276
2019,7,23,20796,35334,60351,75329,24821,2478.65,3165,4445,1880,6998,17410,12520,19808
2019,7,24,8184,68040,94210,22142,53950,2478.65,4967,1091,1758,7956,20619,11255,27427
2019,7,25,59232,58867,22283,69043,76365,2478.65,1661,2159,1693,8363,88839,46513,36360
2019,7,26,84523,17005,17311,46810,54004,2478.65,3064,3538,4112,7260,11030,39413,1073
2019,7,27,41052,92000,30505,56484,29957,2478.65,2738,1088,1341,6372,74582,10850,1124
2019,7,28,92732,12596,16217,80777,27311,2478.65,2290,1832,3411,7686,74993,17542,21408
2019,7,29,62026,28058,3658,97490,91683,2478.65,1902,4085,2688,7406,11146,18002,20690
2019,7,30,68530,39659,64537,94871,12383,2478.65,3927,1465,3065,6495,18006,11727,5471
2019,7,31,67903,95885,39912,6314,23189,2478.65,1432,1565,4313,5089,99054,17347,14905
2019,8,1,2309,16433,84819,19715,38353,2326.77,4595,4362,1055,5817,13498,46525,10168
2019,8,2,46097,44562,80943,92592,63156,2326.77,996,1594,2580,6328,98580,47484,42670
2019,8,3,30944,146,23150,82385,15553,2326.77,4514,2860,1928,5684,53927,11632,40497
2019,8,4,15852,74875,55995,56907,7045,2326.77,4783,3140,3651,5870,62084,12666,29091
2019,8,5,43395,38930,78551,92327,38441,2326.77,1162,4383,2276,9311,51767,42828,27131
2019,8,6,69808,22634,27041,93088,94671,2326.77,4719,1052,1694,7065,83780,12886,30968
2019,8,7,6156,69916,32379,46160,20642,2326.77,4318,1578,3392,7868,72714,21832,44463
2019,8,8,21352,28877,57569,14980,24541,2326.77,2807,4347,3321,9662,15178,42991,25688
2019,8,9,32168,74859,69865,4362,1925,2326.77,2247,4431,4912,9625,70590,10553,19997
2019,8,10,10441,36261,57293,60185,64130,2326.77,2016,1832,1950,9584,16811,49775,46359
2019,8,11,15273,40971,10475,79946,92170,2326.77,4288,4336,1918,9152,45049,23748,30614
2019,8,12,79150,12297,48180,35414,28275,2326.77,2318,1206,1382,9610,15250,14974,35123
2019,8,13,15970,47267,53696,7557,53204,2326.77,3683,4827,2828,8294,64772,19998,20507
2019,8,14,81124,20413,60687,86596,29565,2326.77,696,1190,4384,9758,60478,12658,5737
2019,8,15,9997,89149,17725,97732,58760,2326.77,946,1080,1593,9642,14988,16148,49327
2019,8,16,6501,38672,50976,34330,89181,2326.77,679,1655,2511,5490,73250,48427,32100
2019,8,17,37102,99946,39846,71487,91173,2326.77,1002,2520,1658,9156,15251,30935,16676
2019,8,18,33900,81199,72016,30493,17193,2326.77,2992,1718,2026,5254,90725,47558,3356
2019,8,19,12419,61405,34215,81282,92771,2326.77,1061,1223,1974,5906,17709,47638,23817
2019,8,20,68934,68207,65159,74758,52780,2326.77,2044,3030,2960,6726,49875,11504,46763
2019,8,21,63767,62868,67901,22145,43188,2326.77,4703,1957,1270,8918,69591,29152,8627
2019,8,22,60438,65653,75377,16904,17911,2326.77,4541,3195,2643,6052,77953,46774,43086
2019,8,23,42815,66350,49806,37127,26762,2326.77,3630,1064,3899,6530,12672,22086,49681
2019,8,24,75157,98728,10397,11540,35349,2326.77,691,2137,1991,9706,29041,46253,29988
2019,8,25,25506,9935,99449,19501,55987,2326.77,2627,3800,1798,8784,35926,36864,43754
2019,8,26,64817,909,93744,43716,17440,2326.77,2154,3947,1494,5110,36838,13694,6416
2019,8,27,72538,93883,68981,50881,26302,2326.77,2133,1806,1328,5876,87659,46646,14374
2019,8,28,56688,86639,95447,33143,35423,2326.77,502,1974,3633,7508,43953,32424,47726
2019,8,29,36518,26108,7725,58012,18658,2326.77,1206,2546,3444,6538,74778,14746,44563
2019,8,30,47264,21912,32905,87923,1198,2326.77,4568,2884,3553,6367,91026,17960,36916
2019,8,31,60445,27385,59214,9078,57486,2326.77,2854,4002,1262,5578,68366,30636,19520
2019,9,1,99573,4535,14938,16111,79314,2004.67,3373,2576,3939,7647,18773,15855,29684
2019,9,2,52217,93010,89409,64936,388,2004.67,768,4123,1234,6534,12942,19650,14737
2019,9,3,58663,11964,21800,74241,80330,2004.67,4381,4901,3321,5670,12363,10566,2436
2019,9,4,45354,92089,36564,90645,59737,2004.67,2851,3304,4698,8612,93239,31437,21689
2019,9,5,43349,34971,25562,83650,85779,2004.67,4822,4441,1970,6514,18681,35815,43523
2019,9,6,409,69415,32069,23730,35085,2004.67,2716,1789,2872,5631,87434,28960,10785
2019,9,7,67320,60286,57265,48370,38898,2004.67,4807,3597,3177,6910,98599,15854,16856
2019,9,8,15243,58422,48398,70728,40043,2004.67,2894,1830,4197,9936,80531,20633,33431
2019,9,9,15748,39600,17424,84972,35231,2004.67,3932,2550,2846,7548,50919,12414,21210
2019,9,10,70757,97079,68046,88934,68799,2004.67,2889,4040,1190,7638,71120,31459,16645
2019,9,11,57422,94015,21910,26619,48978,2004.67,2251,1076,3392,8278,66048,19960,18794
2019,9,12,18588,96333,12526,16435,83881,2004.67,882,4636,3227,7864,59922,12025,29797
2019,9,13,20573,52812,62419,45638,26803,2004.67,2097,1160,3904,5358,27193,18478,33539
2019,9,14,504,90797,90311,58897,88176,2004.67,3871,1762,4042,7748,23196,11722,6359
2019,9,15,93897,25431,23912,87124,79359,2004.67,501,4930,2997,7919,61919,46151,33834
2019,9,16,77810,89017,96727,21714,70728,2004.67,2299,1230,2419,7610,46478,35594,40272
2019,9,17,10321,31702,42358,79364,45802,2004.67,3638,4698,3688,5108,43173,12214,31906
2019,9,18,72736,8675,2977,42085,36594,2004.67,4587,1518,1086,5282,52468,14696,14896
2019,9,19,7937,16120,44926,55356,53730,2004.67,950,1638,4457,9659,59765,12958,7757
2019,9,20,47917,24756,41310,71605,13657,2004.67,1002,1391,3157,7966,44827,46102,34483
2019,9,21,75227,99415,76858,61843,67080,2004.67,537,1590,1796,7542,30371,31878,45678
2019,9,22,88219,37674,12281,44029,3685,2004.67,639,2952,3152,6610,39557,26808,22046
2019,9,23,4135,46912,29553,13644,40891,2004.67,4746,2468,3794,5920,10662,40873,24380
2019,9,24,98633,46200,15890,76781,43014,2004.67,3658,2584,1170,7574,15938,15906,12613
2019,9,25,9336,53604,88274,22488,73256,2004.67,4296,2389,1094,8848,91033,31984,27831
2019,9,26,69580,50780,80805,59726,3735,2004.67,1951,3718,4017,9192,95498,13382,41467
2019,9,27,11805,20510,60967,28442,41448,2004.67,3762,2135,3885,7035,11958,12140,18931
2019,9,28,81219,71623,89531,72313,66823,2004.67,648,1402,2694,5838,12479,17780,30564
2019,9,29,9271,29431,2851,79640,78623,2004.67,4373,1778,1742,5590,35219,43009,14701
2019,9,30,55623,334,76497,10861,37370,2004.67,3000,4939,4093,8882,14512,37267,32471
2019,10,1,44252,73670,89844,62056,86150,1664.65,2677,1931,1922,7316,10554,41526,7624
2019,10,2,76690,33685,26736,63382,85257,1664.65,722,1188,2592,6216,39310,45063,36097
2019,10,3,69217,74250,65509,14452,97853,1664.65,506,2103,2797,6518,16662,45298,2776
2019,10,4,4068,91836,27230,80894,75504,1664.65,2419,3545,2820,5506,31926,23076,4136
2019,10,5,51604,83635,75018,64196,29851,1664.65,610,1706,3577,9014,29870,11158,14329
2019,10,6,43895,86471,44886,53044,32915,1664.65,3341,1982,2231,5570,17875,49087,15397
2019,10,7,46059,6647,17633,33879,22153,1664.65,3306,3755,4545,8323,37951,29395,15911
2019,10,8,29004,13562,11167,17582,71033,1664.65,1715,1278,3859,6430,84321,26773,7389
2019,10,9,46997,32663,30108,20581,24585,1664.65,1019,1294,4628,7312,18110,43133,47983
2019,10,10,69562,44179,66889,35459,58855,1664.65,1206,2857,4753,9518,21790,22137,21192
2019,10,11,99762,58506,53416,59973,56459,1664.65,1745,4806,1622,6853,40386,44982,37737
2019,10,12,31188,26406,65626,2169,46409,1664.65,612,2322,2028,8786,67780,11774,36498
2019,10,13,99734,98987,93740,34487,57712,1664.65,2975,3824,1578,6390,33796,46845,15531
2019,10,14,64127,86894,66653,50877,70099,1664.65,858,2638,1148,7835,19806,12556,23391
2019,10,15,30686,31460,61231,77714,93649,1664.65,3595,4733,1412,7382,60571,18412,45364
2019,10,16,25569,33547,92237,15957,59937,1664.65,4153,4062,4278,5805,74938,15728,42385
2019,10,17,85549,37150,33367,51697,81337,1664.65,604,2021,4631,8187,12182,44632,3173
2019,10,18,3551,6034,20718,64252,99721,1664.65,2664,1640,4835,5038,57596,24772,31290
2019,10,19,49990,36751,15187,79268,98908,1664.65,1347,4455,3626,9438,52503,24962,40126
2019,10,20,14239,49461,36985,15223,7648,1664.65,1206,1197,1854,6923,75448,15176,9423
2019,10,21,28213,74465,6817,43049,82070,1664.65,4172,2058,3867,9358,11325,49126,30766
2019,10,22,55836,39025,49935,99462,83739,1664.65,4424,4329,1897,7760,29551,19098,2438
2019,10,23,37183,72110,87094,18991,19033,1664.65,4166,3597,2006,7335,22997,19075,12543
2019,10,24,4453,57170,67486,38320,22880,1664.65,2445,3715,4187,7472,94528,17925,28811
2019,10,25,56170,35305,48607,24419,29417,1664.65,640,2951,1618,7408,15598,35651,28158
2019,10,26,66303,2461,65601,3310,9796,1664.65,3736,4247,2118,6222,68918,10862,38598
2019,10,27,1385,72716,80065,51924,26448,1664.65,4849,3968,1249,9624,23386,22018,40946
2019,10,28,29318,23702,54970,95936,27463,1664.65,2938,3764,4370,7086,13425,35517,6911
2019,10,29,68488,68515,16117,46958,91089,1664.65,3307,3824,2750,9456,60748,34197,35035
2019,10,30,35669,46950,83166,78271,81757,1664.65,586,1073,2957,6466,14028,13552,22904
2019,10,31,94872,4948,536,70595,84839,1664.65,1111,3325,3827,8942,18742,39915,13962
2019,11,1,64943,98740,31365,9666,75840,1908.73,1686,2788,1430,9956,18210,17366,31914
2019,11,2,6597,31971,33644,44558,38980,1908.73,4428,1146,1908,8182,45117,21262,40415
2019,11,3,82487,14795,86442,71067,31430,1908.73,4680,1371,1448,6045,22389,17287,26357
2019,11,4,7959,84076,6429,55742,40384,1908.73,670,3331,2943,5110,15786,48275,10974
2019,11,5,485,63669,74907,57786,73692,1908.73,810,2529,2521,7394,43595,48951,36376
2019,11,6,24551,88276,11675,15999,64321,1908.73,4637,3631,1694,6065,44372,41225,1694
2019,11,7,33391,70800,70909,92687,30870,1908.73,961,2705,2465,8906,10990,32508,28797
2019,11,8,18595,50891,5038,86116,99085,1908.73,1418,3634,1907,9445,55984,17580,48633
2019,11,9,79861,55622,6212,30704,61688,1908.73,3280,1382,1382,9189,87763,18603,1178
2019,11,10,4338,95077,16309,46803,77296,1908.73,662,2241,4041,5662,14709,17938,21799
2019,11,11,49332,16128,28112,2592,61925,1908.73,714,3137,4716,6382,10394,17755,34096
2019,11,12,93318,43473,29186,31052,69014,1908.73,4654,3351,3377,5962,36505,22024,33301
2019,11,13,54113,32169,50619,59506,49220,1908.73,3982,3551,1454,8445,17494,19472,15328
2019,11,14,92541,37666,17869,48610,80400,1908.73,1364,3716,1532,7634,21119,15254,23061
2019,11,15,45203,20774,41602,89932,53088,1908.73,3307,3551,1626,8925,99409,25846,28107
2019,11,16,44253,63392,90750,42060,71838,1908.73,1790,1468,2260,9658,29338,18032,8244
2019,11,17,42719,12056,32728,25603,23957,1908.73,3852,1030,2323,5453,75441,10410,20199
2019,11,18,29913,3750,314,56539,82675,1908.73,3736,3279,4466,9485,85338,17655,49723
2019,11,19,64081,87129,64737,42693,23139,1908.73,1703,1722,2482,6326,15630,12790,44076
2019,11,20,20981,1664,48302,28304,37117,1908.73,590,3380,3843,6954,39919,26518,23743
2019,11,21,37806,88656,86150,17272,44494,1908.73,1278,4925,4967,6015,83970,48105,21488
2019,11,22,76443,2026,80314,98925,52809,1908.73,1714,1190,1138,6390,34796,19224,38124
2019,11,23,50111,39862,42988,93954,77945,1908.73,1823,1510,4266,5954,33021,15111,49259
2019,11,24,10812,50653,90037,85779,16668,1908.73,3883,4461,2384,8402,16780,11544,40359
2019,11,25,68673,70100,51685,91163,96468,1908.73,2121,2929,2694,7606,56882,20638,36481
2019,11,26,25720,10059,36389,29986,49383,1908.73,838,1622,2766,5970,45972,19433,35763
2019,11,27,91844,46209,78895,580,26757,1908.73,2123,1780,1462,7626,11802,11634,3632
2019,11,28,16641,70065,65831,59335,96526,1908.73,1325,2245,4123,9065,68582,14857,39066
2019,11,29,34828,80032,75052,87594,81517,1908.73,3378,4711,3584,8624,13296,10340,37377
2019,11,30,72256,68767,38474,78691,98927,1908.73,1591,1144,2832,7422,91253,40710,41417
2019,12,1,87579,79308,51963,52997,47890,2789.9,2823,2920,3223,7106,25788,45599,16820
2019,12,2,65148,31853,95536,50125,38496,2789.9,2379,2261,1410,8622,22540,18468,22228
2019,12,3,82662,38108,46302,46436,45713,2789.9,2922,4643,2670,9958,10586,30559,3364
2019,12,4,68056,6815,74833,42631,98584,2789.9,4581,1478,3824,8054,30207,14714,16973
2019,12,5,88697,68939,27286,49397,86361,2789.9,4217,1522,4284,8438,31808,49996,49826
2019,12,6,33882,81083,99640,32904,82319,2789.9,4814,1725,1810,8054,18722,24028,18631
2019,12,7,87972,63938,4112,53148,30407,2789.9,3171,4102,4609,7446,84850,11948,1352
2019,12,8,50282,69068,91343,54566,15938,2789.9,4561,1170,1178,8998,99073,19254,39503
2019,12,9,39184,78889,85980,64629,49887,2789.9,598,4209,1260,5472,23709,12072,45336
2019,12,10,76144,96881,25134,95753,97337,2789.9,3073,3969,1642,9415,18534,27692,26336
2019,12,11,65270,39448,93864,85854,76353,2789.9,1459,1082,4528,7438,96516,17690,9289
2019,12,12,19127,17878,24977,94752,43351,2789.9,782,4493,1140,9098,15245,18516,48686
2019,12,13,84955,49671,23223,96710,59086,2789.9,4402,1422,2556,9244,42911,23908,8109
2019,12,14,43906,64371,5797,48435,71809,2789.9,4201,1878,1542,8614,16366,46244,18666
2019,12,15,25568,19172,15738,71133,77791,2789.9,1738,2745,2004,9960,59454,22441,47335
2019,12,16,28070,209,13148,41978,34826,2789.9,2237,1478,1780,8782,59869,24941,22411
2019,12,17,89404,95423,15876,42298,55952,2789.9,3542,1518,3436,8568,69003,31227,34266
2019,12,18,17967,32094,10325,31323,2054,2789.9,3764,1474,1339,6536,19242,37516,36131
2019,12,19,5675,37042,32600,42455,91428,2789.9,2395,2182,4242,9623,39479,10194,42469
2019,12,20,33889,78022,58065,3677,48654,2789.9,4903,1619,1034,6346,97941,43918,43420
2019,12,21,47711,18058,40393,34050,51322,2789.9,1565,3347,3589,8422,15801,12746,45197
2019,12,22,12986,99550,3551,33581,99173,2789.9,3774,4412,1051,8190,53088,36056,43030
2019,12,23,11611,4345,69028,87123,65924,2789.9,1040,3633,1378,7785,64034,19051,33321
2019,12,24,99334,35601,42399,97923,56118,2789.9,642,1846,4100,8394,19034,39624,8200
2019,12,25,83574,29161,39037,20977,97352,2789.9,2032,1282,2821,6059,28787,45096,8478
2019,12,26,59381,26181,8731,60759,80318,2789.9,1161,4650,4716,8559,93924,47185,39117
2019,12,27,46759,14567,98993,20860,55111,2789.9,976,3683,3539,5872,59660,10890,18027
2019,12,28,74350,83045,2556,3523,59105,2789.9,3618,4836,3874,7410,11946,16794,31343
2019,12,29,12818,58108,33842,53886,46667,2789.9,2423,4776,3683,6415,46987,30145,44118
2019,12,30,84442,73824,68830,47981,39696,2789.9,918,1614,2885,8268,33918,13394,44842
2019,12,31,91825,48889,38178,65699,88942,2789.9,4890,3110,4582,5942,88347,21248,1062
2020,1,1,55771,81026,89237,22186,28013,1833.35,1627,1835,1840,7742,57882,15756,35735
2020,1,2,12535,88279,9994,56664,38549,1833.35,3487,3789,2864,8758,18174,34340,13336
2020,1,3,66781,27193,58923,36864,31892,1833.35,2416,2662,2548,6020,19704,21912,30172
2020,1,4,8740,32827,73749,46007,20139,1833.35,1762,2672,2613,8107,11384,41161,47983
2020,1,5,67795,70528,11303,35660,1066,1833.35,1351,2845,3928,5273,21060,45820,20385
2020,1,6,91797,4830,83483,35697,77835,1833.35,2609,2925,3860,7709,48931,28998,9682
2020,1,7,45692,77046,28023,98305,31505,1833.35,818,4299,1186,7120,51310,38005,33710
2020,1,8,53858,37662,22203,17786,99287,1833.35,4957,1083,4444,9791,26779,17270,43264
2020,1,9,39474,34389,77908,98334,48450,1833.35,3683,4141,1950,6850,17604,18091,43191
2020,1,10,71767,14616,67391,92356,48089,1833.35,730,1945,2713,8915,36082,22000,35053
2020,1,11,28531,66041,79436,92975,95832,1833.35,1604,1656,1955,5863,66341,10818,6215
2020,1,12,89054,60025,15898,9289,81730,1833.35,3731,3496,1334,9046,62203,20102,41048
2020,1,13,96175,8916,38400,85241,77831,1833.35,2240,1360,1874,6675,15686,10850,24483
2020,1,14,59242,83643,20715,32549,29506,1833.35,4305,3558,2080,6774,44198,45161,37056
2020,1,15,11250,37931,98658,83265,15405,1833.35,4718,2930,1128,8118,13170,30310,27213
2020,1,16,32601,86763,86672,89475,39790,1833.35,3531,4031,2352,5597,31579,48209,18710
2020,1,17,82654,85885,66769,46086,72440,1833.35,1246,1590,1600,9904,99656,47004,27319
2020,1,18,83469,19376,24936,69597,77494,1833.35,4907,1445,1220,5870,32271,31009,4458
2020,1,19,87992,7155,96393,90344,2753,1833.35,4905,1757,1560,6722,47842,35351,44325
2020,1,20,65344,39089,35393,46945,45345,1833.35,3948,3813,4423,5235,14761,48268,35049
2020,1,21,39694,64669,74714,97266,33951,1833.35,4626,1942,1994,7371,28637,49595,23337
2020,1,22,51696,83543,51353,14608,21568,1833.35,4959,1911,1982,5351,33855,16331,15547
2020,1,23,36752,94156,61497,7528,95744,1833.35,795,1788,2278,6861,49053,15170,26258
2020,1,24,86550,60032,29523,33393,67403,1833.35,2987,4097,3054,5598,50057,45974,24513
2020,1,25,66238,17,82886,37225,1720,1833.35,4907,3470,3599,7755,45997,39342,33093
2020,1,26,40365,18146,7483,97643,81359,1833.35,1575,2907,2919,7449,10470,10582,6536
2020,1,27,41962,640,35772,16369,51332,1833.35,2342,3920,1698,5227,71144,37563,35829
2020,1,28,44672,57404,42386,88271,5159,1833.35,3965,1056,2880,5818,59517,16982,38384
2020,1,29,24336,97445,88498,57255,64895,1833.35,3927,1855,1789,9698,23223,16250,39798
2020,1,30,11879,35566,92041,14075,47145,1833.35,2989,1815,1940,6150,96438,16912,29538
2020,1,31,65111,40404,20327,87991,8203,1833.35,3580,2537,3640,7077,12296,17078,46196
2020,2,1,80072,81742,10017,89770,21318,1785.59,3000,3234,1528,8326,20379,12140,34489
2020,2,2,50065,28547,9359,10440,41337,1785.59,549,1739,4487,9891,12598,17034,34162
2020,2,3,88472,55184,10675,1901,61328,1785.59,538,1398,3654,6010,47519,19914,35561
2020,2,4,15984,65520,78206,92513,97595,1785.59,4929,4010,3483,5182,74449,34819,14937
2020,2,5,74801,66351,82912,95640,62594,1785.59,2674,2416,1490,9700,69316,22067,5558
2020,2,6,25262,90797,63466,8916,22292,1785.59,982,4627,2856,8443,63491,13614,27338
2020,2,7,39733,28421,70813,83216,35413,1785.59,4386,1564,2963,7308,38556,13826,11614
2020,2,8,89207,51231,74325,66300,7283,1785.59,3366,3895,1588,8184,57810,39432,43642
2020,2,9,95522,4401,44060,88378,29197,1785.59,1532,3928,2323,9406,68495,37735,7551
2020,2,10,43959,69234,30652,88274,52884,1785.59,758,3441,1789,5858,24740,44072,19208
2020,2,11,45852,29460,92968,96641,97644,1785.59,1073,3164,2882,6484,97893,17078,17131
2020,2,12,54036,25778,86007,22711,8123,1785.59,1797,3432,1542,7448,73057,18654,20854
2020,2,13,43009,84592,84116,79798,70451,1785.59,914,1301,4667,9541,29294,18550,25209
2020,2,14,16672,31720,61827,20906,78204,1785.59,2984,3590,3201,5622,71300,26323,26072
2020,2,15,11197,98098,11108,51284,71899,1785.59,1957,4906,3756,8646,94703,11126,34165
2020,2,16,86281,51278,88212,40948,819,1785.59,4609,3841,1162,7787,54746,10132,17506
2020,2,17,80212,92731,25075,98413,49426,1785.59,1087,1252,1658,8806,28256,32722,46376
2020,2,18,52711,5214,97629,37819,66286,1785.59,3376,3918,4961,6382,26217,10779,8685
2020,2,19,15446,35828,10973,97375,39967,1785.59,2506,1529,4801,5170,34941,24226,15719
2020,2,20,95308,76029,84848,22485,44575,1785.59,854,2285,4668,9187,51455,17305,29456
2020,2,21,44224,44833,86224,20537,42773,1785.59,2667,4569,4620,8639,71943,20938,28794
2020,2,22,74358,45802,57469,49159,44735,1785.59,3384,1622,4790,9176,78877,45716,42410
2020,2,23,4039,84085,59354,55059,19624,1785.59,2364,1654,1993,9888,11894,14765,10810
2020,2,24,3733,98402,89335,84705,7041,1785.59,1995,1397,3431,9463,46908,34517,27631
2020,2,25,88225,36645,40912,89367,11229,1785.59,734,1618,1862,6374,86677,39847,19789
2020,2,26,37950,75394,20046,9943,66685,1785.59,4707,1769,1074,6454,87825,42572,20780
2020,2,27,24377,9821,40323,47808,5636,1785.59,3677,3860,1878,9588,83226,11702,3583
2020,2,28,9377,34662,99426,29602,61803,1785.59,800,4751,2847,8822,19398,44531,36103
2020,2,29,59330,50754,31301,94863,81148,1785.59,3786,1875,1222,8226,86035,15094,35479
2020,3,1,34713,61147,54270,24301,60725,3151.29,598,1738,1500,5981,73540,15214,5724
2020,3,2,81783,73292,1802,20333,99338,3151.29,4661,1606,3985,9056,47590,29463,46334
2020,3,3,44663,69467,91115,55123,55502,3151.29,2813,1774,4546,7082,30865,30270,8401
2020,3,4,29158,80894,92009,50659,76876,3151.29,4612,1206,1606,6414,95341,18146,15549
2020,3,5,39100,91355,20973,49437,82231,3151.29,514,1892,4381,6366,82014,19774,18564
2020,3,6,44767,51180,16448,80665,74614,3151.29,934,3771,4557,9295,70781,37784,13665
2020,3,7,51196,61746,29146,6388,54512,3151.29,2269,4962,2193,8241,59399,14423,40839
2020,3,8,83157,54652,41316,37538,41018,3151.29,3771,2135,1732,6570,82799,15474,39682
2020,3,9,60235,60086,85598,21145,45733,3151.29,570,1928,4476,6294,19667,38987,6379
2020,3,10,61617,96937,98951,93810,11531,3151.29,4584,1038,4352,9034,64928,36721,24702
2020,3,11,21934,45052,5209,12795,41623,3151.29,3268,3208,4444,7742,39352,10177,4360
2020,3,12,36597,30986,23458,87425,51764,3151.29,2764,4731,1413,8066,23541,17943,43125
2020,3,13,82768,64478,95334,28472,46730,3151.29,798,3662,1282,6550,97808,13287,10262
2020,3,14,41112,92429,81496,21908,72647,3151.29,3436,4243,4537,7602,13019,36300,37201
2020,3,15,15019,5784,66032,87784,13850,3151.29,726,2968,1638,7411,41439,17131,5925
2020,3,16,27674,56632,2146,49339,93384,3151.29,2625,4494,2381,8250,72754,15028,49954
2020,3,17,47673,21191,90624,32210,93085,3151.29,4861,4454,1566,7214,12237,11968,3643
2020,3,18,73170,84316,68949,43572,51727,3151.29,2054,4399,2019,5551,28737,26754,10388
2020,3,19,11857,57715,27602,4239,68188,3151.29,618,1728,1545,5196,64421,30981,1454
2020,3,20,12588,49283,55436,38366,176,3151.29,4345,4697,3339,6596,49620,36418,34025
2020,3,21,90033,43028,32170,73404,38579,3151.29,662,1770,4973,7759,71025,12670,27260
2020,3,22,94467,72996,35373,16012,65589,3151.29,3345,4527,4075,5132,49245,15603,49794
2020,3,23,19158,43591,55301,3849,23236,3151.29,1618,3267,4299,8788,86671,11542,4921
2020,3,24,66048,53182,69666,17373,47293,3151.29,533,1758,1494,9058,74121,11977,7043
2020,3,25,72051,37467,6505,37478,88952,3151.29,4432,3108,1392,8742,28308,10566,5750
2020,3,26,12358,84928,84899,76657,73716,3151.29,4534,1114,1102,5551,73486,38394,37922
2020,3,27,22594,10372,46505,52631,82629,3151.29,959,1030,4444,7642,24860,13395,20626
2020,3,28,75918,44293,87856,91610,35378,3151.29,3239,2734,3794,8137,24390,23861,32516
2020,3,29,36059,20278,79976,93513,85829,3151.29,1906,3422,1550,9534,77404,29166,19815
2020,3,30,81741,58365,66549,56185,62181,3151.29,931,4449,1412,9462,46058,37430,41409
2020,3,31,89006,25651,51517,22801,73788,3151.29,1661,1198,2535,5988,19710,48364,25907
2020,4,1,1618,6787,9341,62732,543,1708.07,4471,3906,1030,7007,37438,46463,38507
2020,4,2,52939,91889,98517,9429,54299,1708.07,3434,4948,3814,9942,70088,46073,2299
2020,4,3,84248,96287,58609,27237,15997,1708.07,774,3965,1910,9380,96697,30653,6973
2020,4,4,54239,41169,55912,9294,58177,1708.07,2109,2466,1590,6977,36895,22240,9703
2020,4,5,5629,51682,52190,59443,72916,1708.07,515,3514,4915,7766,12166,14726,22278
2020,4,6,37449,57143,84878,33912,6523,1708.07,916,1532,4094,6827,86406,47270,31575
2020,4,7,96530,74868,41090,14472,78198,1708.07,1712,3825,1017,5253,43267,35284,44337
2020,4,8,93883,65136,8799,28798,61964,1708.07,4708,4411,3044,7566,49674,39566,9550
2020,4,9,62512,80591,66680,17959,83771,1708.07,942,1226,4305,5348,11123,22502,19439
2020,4,10,67006,14188,22680,13023,69441,1708.07,4658,4674,2434,6924,24823,18804,32300
2020,4,11,99359,20884,25161,82403,1822,1708.07,3321,1378,1777,5438,98642,21899,41188
2020,4,12,40791,30224,68552,1449,2893,1708.07,614,4898,3861,5974,99272,29653,29675
2020,4,13,45282,63932,75680,9068,53741,1708.07,4816,3098,1385,9976,51853,39558,1016
2020,4,14,67516,40175,20244,55646,11527,1708.07,2544,3669,1870,6095,70117,34705,35238
2020,4,15,92122,10420,54604,2335,89754,1708.07,3339,1398,1030,8046,60453,17030,20228
2020,4,16,90873,95270,73702,28611,71599,1708.07,4520,4113,1466,9536,94758,43606,25555
2020,4,17,40002,22304,62276,21814,34751,1708.07,1518,1872,4164,7473,45558,48917,32393
2020,4,18,47702,43899,305,14564,34269,1708.07,3814,1198,2379,5040,70103,43977,10758
2020,4,19,18070,54624,83091,150,75740,1708.07,926,2092,2856,9562,53905,17606,44202
2020,4,20,21128,60425,10831,96644,54250,1708.07,1913,3302,1639,8898,32866,14662,6390
2020,4,21,39327,51681,92401,11706,60548,1708.07,2034,3616,3479,5125,95117,18446,12504
2020,4,22,65679,5225,41311,98535,93960,1708.07,2492,1439,1991,6656,28082,26241,45216
2020,4,23,66065,89996,44544,82704,68565,1708.07,4962,2891,1794,9482,35948,11986,27410
2020,4,24,4867,7984,957,38346,79461,1708.07,2563,1174,2650,5225,60024,27961,46074
2020,4,25,16794,42517,59401,88785,52192,1708.07,1377,4607,2478,9122,17310,12395,37484
2020,4,26,69683,67274,86639,31477,25989,1708.07,2464,1718,1921,9556,85552,42733,22587
2020,4,27,67199,49468,4224,84849,54694,1708.07,4162,1486,1764,8562,76622,17920,14248
2020,4,28,76046,8001,9916,69877,274,1708.07,2271,1307,1710,8909,17783,36838,27226
2020,4,29,57848,71601,84046,21122,26374,1708.07,3854,3571,1694,8078,94772,12932,35950
2020,4,30,32326,23935,94300,55442,28849,1708.07,749,1246,3922,5382,14958,45547,20923
2020,5,1,56098,98207,11445,91359,15991,2717.45,4205,3942,3679,6678,46667,34628,14635
2020,5,2,50534,56591,86398,34964,67715,2717.45,3640,3000,2158,9082,36849,16170,42859
2020,5,3,86184,58096,53355,43200,65570,2717.45,2440,3018,3459,8884,29376,45801,15254
2020,5,4,3520,78582,99744,68551,81613,2717.45,4531,2145,4353,5928,83460,37067,12763
2020,5,5,98787,67101,95069,2297,22535,2717.45,1728,3717,1364,5878,51916,38285,48270
2020,5,6,11688,95710,26304,75148,50946,2717.45,948,1642,1234,7044,39367,32224,5680
2020,5,7,66159,75251,80722,85512,81179,2717.45,3931,1316,1282,8008,98613,20168,14182
2020,5,8,32269,91694,78887,54985,38129,2717.45,4621,4815,2863,9134,24962,10161,47155
2020,5,9,57956,12264,80978,24920,15660,2717.45,3496,1817,1198,9254,83681,43124,20345
2020,5,10,34752,72613,89442,82386,72964,2717.45,2553,1583,1099,7791,92919,34227,4407
2020,5,11,94947,52541,396,54162,54817,2717.45,4322,4123,3972,6638,70394,35983,41710
2020,5,12,81997,43891,84154,93944,14461,2717.45,3419,1136,1798,9212,47948,46113,17835
2020,5,13,13619,16854,67697,26071,64646,2717.45,1649,1896,4507,6802,46456,34323,10616
2020,5,14,35107,27132,29799,89079,88784,2717.45,1414,2131,1770,5567,97426,24895,1614
2020,5,15,59754,847,56811,32904,10059,2717.45,4016,1238,2963,6712,82451,18960,21111
2020,5,16,23680,75453,11256,69539,68850,2717.45,3861,3955,2547,5366,18780,12670,24065
2020,5,17,16556,800,9814,76991,92719,2717.45,3237,3823,4438,5047,13878,13718,7241
2020,5,18,46158,97095,90878,474,43807,2717.45,785,3837,1134,7041,53375,10998,39681
2020,5,19,37458,23589,54290,55005,23600,2717.45,2686,1507,2178,7499,33497,12506,30027
2020,5,20,11092,1736,75073,35530,43135,2717.45,1378,1298,1010,7224,12244,13206,43151
2020,5,21,83289,41903,34242,64774,5296,2717.45,926,4104,2557,5748,14108,17508,3969
2020,5,22,65775,91795,24016,62953,79295,2717.45,4201,1570,1210,5070,42267,35086,23866
2020,5,23,53776,28646,40731,44021,22253,2717.45,776,1892,1454,5017,86665,26749,13200
2020,5,24,65338,18125,85855,92895,3873,2717.45,1755,4647,3109,7122,48951,15050,16315
2020,5,25,90988,18153,10493,66588,78778,2717.45,3026,2553,2756,8756,92925,36361,2760
2020,5,26,21957,3702,58254,43411,65071,2717.45,1511,1662,4395,8717,39654,33268,11272
2020,5,27,5033,16410,69268,29494,33533,2717.45,3248,1752,2723,7490,14928,31500,18219
2020,5,28,12853,25486,80406,10609,594,2717.45,1969,2549,4736,6330,82311,41159,39684
2020,5,29,82847,68824,37920,78594,73893,2717.45,3213,1134,1370,7480,24769,10219,27574
2020,5,30,82052,58018,1091,34775,18111,2717.45,2626,1934,1738,6074,57922,17332,24902
2020,5,31,69068,21245,6234,78804,42820,2717.45,4962,1340,3720,7881,20610,13964,4898
2020,6,1,98825,59242,28495,46305,84011,1937.8,4707,3380,1155,9481,92842,31057,38714
2020,6,2,62109,40157,14148,41493,98079,1937.8,1911,4322,4065,5714,62141,17934,31480
2020,6,3,92030,4159,99035,16263,24770,1937.8,4421,4945,3591,5840,86249,22602,12999
2020,6,4,67981,47310,97335,74137,26791,1937.8,1545,1030,1684,5692,63094,44762,40177
2020,6,5,33525,90006,80438,37590,12073,1937.8,2903,1842,4441,8289,53067,20562,8931
2020,6,6,57640,87490,60508,96232,66757,1937.8,770,4737,1698,5048,17756,14270,13109
2020,6,7,39048,30419,58811,85732,66111,1937.8,1845,4634,4614,7278,53575,13382,38258
2020,6,8,18918,32831,93492,98359,11120,1937.8,554,3759,1630,5779,64990,17156,46560
2020,6,9,58888,16528,51894,69306,65399,1937.8,4217,4445,2536,8768,13066,39999,27119
2020,6,10,52637,69726,5986,97252,29713,1937.8,588,3629,3743,7572,63339,19863,25914
2020,6,11,26693,98612,4975,77093,94391,1937.8,4248,4629,2843,6142,55286,18241,36317
2020,6,12,23261,94504,89039,47150,8884,1937.8,3500,2871,2995,5837,91474,27707,11919
2020,6,13,51751,61765,76337,76847,41898,1937.8,3061,3589,4638,8035,45681,15380,6028
2020,6,14,4352,56282,35011,23547,18776,1937.8,1787,3388,1152,7177,11084,26387,6649
2020,6,15,9096,75390,4259,7091,51227,1937.8,1150,2977,3849,7686,96175,32098,45734
2020,6,16,99867,9237,17040,70857,27272,1937.8,1237,2974,1442,5018,71520,16546,12721
2020,6,17,77896,79660,12518,95400,93189,1937.8,1786,2283,4795,9618,25725,11021,34407
2020,6,18,54483,93228,80351,44684,37067,1937.8,1781,1932,2113,7650,15586,29384,26526
2020,6,19,72893,60378,93711,24598,47977,1937.8,3726,2224,2593,5002,37623,20781,31583
2020,6,20,25650,75763,89417,35445,34512,1937.8,2818,3993,3369,9520,50028,11787,15143
2020,6,21,86047,43162,15072,4512,53334,1937.8,506,2577,4589,7926,67174,47566,39213
2020,6,22,41894,45902,89791,19487,53497,1937.8,1620,4146,1768,6036,30942,20390,43766
2020,6,23,27531,43761,75736,52253,69634,1937.8,4039,2031,1134,9111,76542,38609,42116
2020,6,24,68324,26791,81187,84265,70750,1937.8,1830,3994,1238,7972,48480,14110,48362
2020,6,25,98091,55101,43257,50322,67490,1937.8,712,1846,1336,5608,47271,20296,40552
2020,6,26,54916,77664,92328,56544,6775,1937.8,642,1449,1330,5392,92065,32761,18871
2020,6,27,57405,40249,11756,68019,78221,1937.8,2129,2662,3040,6978,42984,15529,26589
2020,6,28,82289,80049,10550,49305,9200,1937.8,4600,1894,1835,7742,37010,24961,24173
2020,6,29,30799,32164,82763,26459,24855,1937.8,572,3611,1428,7327,66629,26000,24829
2020,6,30,13916,15111,18664,78309,23201,1937.8,3837,1840,4399,5974,71144,33598,28000
2020,7,1,40746,64066,63099,2674,1076,1454.26,3471,4590,3526,6281,90796,44706,4413
2020,7,2,1854,89408,76135,55534,56038,1454.26,800,2499,2150,8226,10699,15149,2136
2020,7,3,74299,32541,89549,95037,3685,1454.26,1299,4429,3563,5750,47102,20990,39499
2020,7,4,56515,96926,20581,26393,89560,1454.26,1099,2764,1578,7180,63297,23173,11378
2020,7,5,82073,65451,60674,19223,29559,1454.26,723,1734,3912,6623,15245,15204,21373
2020,7,6,46123,21545,68379,16038,23647,1454.26,2028,1350,3758,7608,13116,34669,31834
2020,7,7,35338,94005,42435,36123,73942,1454.26,647,1014,2533,6320,91588,33444,22084
2020,7,8,74046,42313,53653,94310,98936,1454.26,1906,1409,3146,6637,77447,46792,35250
2020,7,9,18471,64476,43306,63581,88436,1454.26,3250,3773,1566,5542,76247,16534,16211
2020,7,10,62768,1895,6522,66654,4568,1454.26,1449,4964,1774,6453,89273,22061,48111
2020,7,11,71704,7533,33472,94850,94170,1454.26,2993,2639,1745,5222,76219,46532,27271
2020,7,12,67509,74470,20306,44075,31506,1454.26,934,1260,4799,7455,93630,35718,12905
2020,7,13,31918,10080,30683,88692,96533,1454.26,2105,3235,2487,9366,79436,38008,19956
2020,7,14,37847,37431,50648,45944,55081,1454.26,2475,2589,4040,9133,83015,15546,43220
2020,7,15,92038,93950,76172,23189,27758,1454.26,526,1026,1232,5940,81070,42764,19802
2020,7,16,42249,58176,77353,86088,85104,1454.26,4096,2949,1150,8830,85244,15651,23141
2020,7,17,34315,44072,4593,84708,39557,1454.26,516,1594,4261,5562,71134,42018,3960
2020,7,18,28930,46394,18045,41514,68686,1454.26,4277,2285,3641,7981,29725,17498,15467
2020,7,19,1123,53822,98046,28045,61269,1454.26,902,1935,3713,7998,96642,33269,49642
2020,7,20,34952,63248,31216,49213,6024,1454.26,2582,1304,1670,7942,92817,18166,2351
2020,7,21,57446,43447,93771,47439,87781,1454.26,1183,1046,3668,9430,33298,19774,23496
2020,7,22,20223,59699,66872,80288,90690,1454.26,4908,1992,3112,9062,91204,49135,13514
2020,7,23,29827,15139,16792,11274,57118,1454.26,1405,4562,4407,6138,78352,14384,9609
2020,7,24,95023,84536,62442,88691,21469,1454.26,3627,3042,3141,6850,38329,28831,12092
2020,7,25,6717,18238,20824,49829,45714,1454.26,642,1088,3518,8458,86812,10310,28381
2020,7,26,58069,64571,31550,27476,36098,1454.26,1014,1120,2141,9807,36162,48609,26255
2020,7,27,91899,96142,6652,80041,22993,1454.26,922,4708,4570,6046,95888,25283,11333
2020,7,28,40779,11205,17176,84298,43313,1454.26,1284,2732,1261,9186,45207,37359,20340
2020,7,29,75441,62574,84832,2582,42381,1454.26,2543,4278,3487,8398,30670,12968,37346
2020,7,30,51880,5894,2540,31450,18293,1454.26,3084,1718,4632,6611,76071,19296,48428
2020,7,31,26952,77357,87029,28213,42895,1454.26,1923,4686,1160,6222,53619,14190,48588
2020,8,1,21163,4171,53940,11710,51194,1319.81,3588,3438,1332,5586,16174,44088,26771
2020,8,2,826,83506,70073,7438,59577,1319.81,740,3284,4100,5304,96178,15384,5721
2020,8,3,93581,47217,35200,76687,837,1319.81,3490,1998,1238,7429,50059,26807,5092
2020,8,4,10552,13648,66598,56213,41389,1319.81,1653,2214,3185,6164,66003,34113,24681
2020,8,5,58799,33096,87399,17899,28400,1319.81,1938,1979,2145,7137,15018,14333,49929
2020,8,6,98582,28509,2684,24196,12291,1319.81,2354,2841,2742,7912,95406,24131,2744
2020,8,7,58632,12060,66346,33169,15137,1319.81,2282,3934,1795,9370,16380,10194,48701
2020,8,8,70961,50124,48527,18106,43613,1319.81,2438,3545,3404,5926,99092,20694,29897
2020,8,9,54218,16447,59889,36960,399,1319.81,1090,1554,2353,7584,17110,48841,5295
2020,8,10,92488,75833,89129,74283,46865,1319.81,829,2824,3788,9355,52282,23752,47314
2020,8,11,45604,51073,82299,54008,52547,1319.81,1054,1763,4189,7294,60075,14587,31391
2020,8,12,22589,37518,6321,6294,81306,1319.81,566,1222,2054,8534,64427,20270,14871
2020,8,13,7928,81609,88096,71716,47316,1319.81,946,2918,2801,8246,46925,10348,40378
2020,8,14,91861,54332,67112,6050,21626,1319.81,1988,1140,1056,6628,66858,12361,43539
2020,8,15,74532,88346,52506,97939,98960,1319.81,3208,1887,4892,5320,94954,28559,33285
2020,8,16,29385,6775,71478,37187,893,1319.81,2534,2753,4086,8046,15154,27064,34756
2020,8,17,24537,52144,87630,5593,95453,1319.81,4305,1335,4185,6334,84273,16298,20841
2020,8,18,2800,52483,81384,34044,41490,1319.81,2603,1758,4464,8170,16130,11734,26339
2020,8,19,18836,21947,9463,24275,2944,1319.81,1338,3831,3111,8967,65775,38563,24617
2020,8,20,9808,66433,74900,85345,19596,1319.81,4841,3746,4358,9862,72789,35848,25525
2020,8,21,33915,85393,56723,33380,85826,1319.81,774,4660,3080,5902,28934,22375,31135
2020,8,22,16871,80273,66208,9983,35593,1319.81,4897,1626,4767,6148,30744,11574,31983
2020,8,23,81674,90586,89461,26032,48162,1319.81,1879,3428,3994,9916,31807,16171,28602
2020,8,24,66088,81896,70832,85520,74150,1319.81,2895,1019,2742,8214,16166,48334,16119
2020,8,25,22437,15900,10087,37204,38400,1319.81,4269,1302,4119,7468,62456,28632,7183
2020,8,26,72332,74336,27061,52678,75642,1319.81,3848,3080,2114,6031,43600,31263,8868
2020,8,27,38502,51496,22284,67597,25598,1319.81,2282,4385,1887,9502,17941,10287,39637
2020,8,28,15903,22211,46712,96374,32293,1319.81,502,4623,4855,8294,73652,25496,9168
2020,8,29,27287,8853,33577,84401,14884,1319.81,2016,4737,1046,5278,37333,36972,27177
2020,8,30,26640,69616,51359,98528,28337,1319.81,694,4238,2861,7538,56964,40153,19300
2020,8,31,81046,81971,61129,80901,50389,1319.81,2748,2674,3632,6324,78427,24868,34781
2020,9,1,10444,44606,44877,81095,81939,3328.43,2733,2905,4559,5234,96241,35210,31850
2020,9,2,47779,56833,93072,19657,13797,3328.43,2053,2118,1420,7953,62506,11838,49578
2020,9,3,70702,40182,5471,93378,18609,3328.43,4582,1642,1295,8928,42849,23233,30339
2020,9,4,2661,50583,7492,2220,89548,3328.43,3781,3677,1916,6852,73333,14138,3733
2020,9,5,62782,90387,19183,73488,4692,3328.43,660,1744,3222,7147,85122,23182,48042
2020,9,6,53839,94705,18586,95134,65516,3328.43,4719,3175,3368,8870,86746,34267,11435
2020,9,7,62295,90528,87946,39212,3733,3328.43,1275,1513,3017,7270,56352,39060,11279
2020,9,8,79852,8030,80806,34426,65178,3328.43,2607,1498,3335,5098,30500,17712,32280
2020,9,9,3979,65220,43379,48699,7430,3328.43,2966,1076,2004,7358,25287,14186,46478
2020,9,10,48542,87915,39955,32911,69725,3328.43,3323,1864,1386,9128,11574,17806,12659
2020,9,11,17760,7960,37585,11095,66856,3328.43,1297,1676,4656,9676,35884,23437,34437
2020,9,12,76154,35203,59514,29510,22466,3328.43,2950,2358,4067,5818,20269,25143,1153
2020,9,13,71915,74945,41072,92603,10425,3328.43,1171,3183,1480,5107,55629,32590,41424
2020,9,14,49545,41928,19777,99201,71604,3328.43,3989,2756,2214,9720,93617,29679,22013
2020,9,15,66008,96568,17038,71427,55824,3328.43,1570,2738,3602,7996,36692,10766,3659
2020,9,16,61769,47865,83562,27504,12972,3328.43,1446,3867,1118,5158,94419,19073,39192
2020,9,17,84587,83410,33182,91801,48265,3328.43,2831,1256,4718,9830,16470,45541,26799
2020,9,18,41232,64973,23280,86186,68966,3328.43,1564,1476,4188,5125,74589,14074,9973
2020,9,19,80669,67388,32380,78139,79962,3328.43,2211,4547,1559,6422,72699,41175,43151
2020,9,20,7192,26883,21800,46910,98103,3328.43,3802,4333,1454,8434,41871,24138,40202
2020,9,21,58407,83436,21224,98947,24913,3328.43,3809,1172,3199,7540,83719,43160,45813
2020,9,22,60692,47284,24060,87251,27676,3328.43,4778,1218,4992,5868,14479,38095,13111
2020,9,23,73131,73283,93781,78304,71717,3328.43,3793,1474,4086,6646,61772,10351,35652
2020,9,24,2182,30582,65933,81733,48123,3328.43,1245,3813,3286,5304,12415,14638,16004
2020,9,25,78416,23546,24885,18408,56475,3328.43,2854,4604,3998,5984,24259,11574,39365
2020,9,26,34991,9405,63541,70430,99422,3328.43,780,2954,2245,6712,99686,36719,25313
2020,9,27,79068,40932,61885,8707,6237,3328.43,2372,1003,4197,7256,35762,20672,24301
2020,9,28,46621,24970,16629,75619,7957,3328.43,2684,2946,1198,5162,13375,16065,40889
2020,9,29,14241,60508,84020,86487,57220,3328.43,3205,2639,1988,5090,77697,13577,1094
2020,9,30,75743,60070,64581,89940,83678,3328.43,1963,1222,1664,7194,22268,15972,16696
2020,10,1,31306,25271,17477,3882,54999,1639.74,3122,1020,1090,7750,89077,10646,49895
2020,10,2,60518,58069,41314,45608,35766,1639.74,2701,2186,1656,7996,95863,18870,4891
2020,10,3,20957,42514,76887,14549,81135,1639.74,1732,2439,4480,9209,16320,39478,42859
2020,10,4,99104,50795,54985,99369,88107,1639.74,1044,3624,3481,7357,10583,17014,10414
2020,10,5,78600,48286,82785,80775,8631,1639.74,4644,4586,2513,6530,60487,18647,28648
2020,10,6,35741,42220,31087,20222,57781,1639.74,4699,3235,1820,8350,88956,19011,13759
2020,10,7,91449,5001,67636,9930,78710,1639.74,527,2308,2856,6632,38083,11958,28220
2020,10,8,58312,54080,97425,95825,30611,1639.74,4471,1350,2835,7666,86571,40615,24264
2020,10,9,42020,62624,80204,89277,93659,1639.74,3288,1862,1032,9130,11388,19220,19160
2020,10,10,86847,91917,26529,46055,55228,1639.74,2540,4890,1395,5298,25714,32005,30964
2020,10,11,85581,56538,64708,18416,34799,1639.74,776,3170,1606,5586,82446,40264,17632
2020,10,12,91098,7087,41724,81609,99363,1639.74,2180,2560,1380,8950,48615,16607,3113
2020,10,13,91025,62508,46499,42420,73825,1639.74,776,4405,1782,7370,94172,46252,38565
2020,10,14,5819,19556,89423,52425,41494,1639.74,4041,3942,3955,6182,30550,44669,21870
2020,10,15,20229,14083,97231,81609,24144,1639.74,4568,1406,4704,8598,73938,48529,12198
2020,10,16,65983,31067,74287,27437,69254,1639.74,3689,1302,4366,6232,27496,12211,18459
2020,10,17,1333,52890,11155,96641,3655,1639.74,2661,3882,2139,5002,10992,46282,8057
2020,10,18,83441,36412,27802,8146,97478,1639.74,1674,4811,1028,7312,14506,34762,18092
2020,10,19,65771,30938,9835,86489,60401,1639.74,3700,3085,1572,6206,74725,26578,3684
2020,10,20,34263,98739,66814,6402,19983,1639.74,4035,3422,1222,6386,27919,38896,38657
2020,10,21,81280,50946,18708,46789,48258,1639.74,1551,1550,3244,7737,33220,49997,25956
2020,10,22,77773,81921,28083,698,58127,1639.74,2275,3741,2897,7190,31494,16954,19160
2020,10,23,99097,50531,74007,24164,30071,1639.74,3059,1350,2871,7098,58138,17480,1926
2020,10,24,24075,56042,64213,13672,80132,1639.74,3668,2903,4353,8102,74952,15358,47434
2020,10,25,27262,2229,78926,61511,12669,1639.74,742,3117,2301,9748,52280,14754,10420
2020,10,26,8026,31693,35075,77249,29812,1639.74,4729,3885,1222,8941,83908,45737,43213
2020,10,27,56375,47577,19993,52081,55679,1639.74,2264,4291,3525,9582,77154,26193,44946
2020,10,28,27961,92897,70663,5263,98997,1639.74,3986,3373,4635,8130,10102,12918,22944
2020,10,29,73625,11704,71036,39231,70645,1639.74,1319,3371,2520,5278,11803,24551,4945
2020,10,30,16258,34068,90195,29783,51609,1639.74,2327,4568,1596,5990,19062,41944,17349
2020,10,31,82286,30169,15319,53273,94229,1639.74,4070,4205,3995,5105,23435,30991,15941
2020,11,1,24756,74363,98923,62420,2518,2668.3,3676,1584,1371,9630,88192,13720,39826
2020,11,2,97138,84114,56669,56480,85296,2668.3,3764,1886,1162,8388,26044,12575,14966
2020,11,3,62459,10250,56571,87565,50038,2668.3,3965,1144,3276,9239,53563,30793,37562
2020,11,4,89065,48592,33731,85437,73402,2668.3,508,1890,2387,8528,43370,15376,38275
2020,11,5,3494,98487,39500,83777,6876,2668.3,2703,1380,2145,5625,73249,42182,31896
2020,11,6,73188,73568,33327,67816,72807,2668.3,3608,3223,1832,8690,63659,25233,3242
2020,11,7,36966,45520,12124,75705,84048,2668.3,4739,3893,1684,9238,87669,43559,21846
2020,11,8,21135,16726,79245,29632,2351,2668.3,3165,1889,3765,7843,59704,31571,18847
2020,11,9,41085,24666,26147,92917,23356,2668.3,4501,1672,1676,5962,52377,16678,6158
2020,11,10,51175,52117,55970,37859,7708,2668.3,1417,1614,3067,7013,74824,45418,9991
2020,11,11,12212,79342,87308,70977,17185,2668.3,3900,3268,3029,5046,67536,27736,13365
2020,11,12,51205,18390,20762,2881,81366,2668.3,1308,3891,1606,7268,86749,15665,23139
2020,11,13,19973,18167,10859,13040,61533,2668.3,3457,3743,1375,8498,44720,48559,2035
2020,11,14,75482,63621,73180,79863,8667,2668.3,3950,1222,1854,9432,95455,23174,7068
2020,11,15,34202,66764,22066,75809,10394,2668.3,2825,1490,4685,8684,59756,21217,25168
2020,11,16,70719,68215,94962,68447,80332,2668.3,3357,2164,1005,5788,68378,44671,6034
2020,11,17,29957,92329,37247,21766,37041,2668.3,1291,2593,4464,9708,79753,26209,32702
2020,11,18,74876,37580,72927,34562,6264,2668.3,2130,3333,2249,6896,78131,13932,32684
2020,11,19,39477,61490,86097,75482,50731,2668.3,1505,2038,3154,7512,18803,16546,4475
2020,11,20,6453,46447,4141,22269,12508,2668.3,4830,3734,1472,8226,54647,44087,33894
2020,11,21,86792,26779,53774,4041,10222,2668.3,4324,1050,4745,6870,57883,10475,31905
2020,11,22,91247,10741,57515,70754,84492,2668.3,2299,2295,1902,5786,45916,17975,42670
2020,11,23,91686,10747,88062,29510,64855,2668.3,3597,2998,1688,7454,88390,12412,42710
2020,11,24,75627,22716,78463,1725,59488,2668.3,2199,2086,2086,9713,37839,47930,36347
2020,11,25,28736,25139,71578,84204,32931,2668.3,3530,4615,1896,6591,70476,42150,33846
2020,11,26,99301,44074,10149,85140,4148,2668.3,2552,1126,3957,9494,97850,13445,14891
2020,11,27,45065,60050,80532,8504,96116,2668.3,2785,1202,4860,5782,25405,42790,34723
2020,11,28,94561,93936,33758,55504,50527,2668.3,2653,1179,4659,8316,67670,18807,4235
2020,11,29,39045,81575,64934,93002,73942,2668.3,2798,1458,1082,9681,43860,18003,29136
2020,11,30,54404,16646,9206,14265,77361,2668.3,3406,3272,3545,7042,43775,45424,34611
2020,12,1,57782,61604,58762,81935,45626,3035.55,2330,2200,1710,5462,17493,17390,43921
2020,12,2,69483,52851,59878,89165,13064,3035.55,3567,1060,2086,8376,23420,38048,27881
2020,12,3,13943,28045,32947,87459,71821,3035.55,1560,4601,1325,6673,27887,18302,28371
2020,12,4,595,65219,95503,25800,11903,3035.55,1492,1384,2198,5452,70548,45261,29348
2020,12,5,66954,30469,41322,20392,4652,3035.55,3440,3593,4138,5574,22403,47310,31095
2020,12,6,86109,20316,43264,8786,76990,3035.55,2087,2583,2721,8942,19734,14623,21152
2020,12,7,18290,82579,46008,488,5300,3035.55,2100,3605,3376,9774,18002,18027,32909
2020,12,8,67221,33789,2974,92711,91527,3035.55,982,3986,2044,9636,11114,39033,41729
2020,12,9,20788,79860,32969,73509,68802,3035.55,4483,2090,1633,8006,15750,23284,2703
2020,12,10,33400,32383,61890,96776,2157,3035.55,1154,4376,2378,7814,62087,28905,37239
2020,12,11,42209,68461,39244,4253,18097,3035.55,3285,1958,3226,5220,45096,23379,42016
2020,12,12,61660,99581,26822,13293,16424,3035.55,1577,4822,4486,9646,62949,31642,47104
2020,12,13,68409,60456,67372,5788,60936,3035.55,1044,3143,4270,6639,23747,32366,29459
2020,12,14,48655,83385,87603,3233,75990,3035.55,2963,2648,3631,9785,50941,15054,32700
2020,12,15,33241,53871,14877,12727,35041,3035.55,721,4801,4632,8092,41940,31919,44178
2020,12,16,23903,9337,51415,38173,15976,3035.55,538,1974,3545,8996,84214,14326,25162
2020,12,17,23545,43531,88536,72176,13316,3035.55,2229,1555,1050,8457,75634,27442,5829
2020,12,18,78987,86356,97244,49971,80800,3035.55,1890,4701,4871,6618,59225,30847,39184
2020,12,19,24819,29764,61830,83364,20609,3035.55,602,4152,1860,5489,32679,35592,12396
2020,12,20,11318,69909,98501,53720,54718,3035.55,2513,3703,1841,9524,83674,15290,24135
2020,12,21,293,81917,78694,65165,15221,3035.55,2363,1526,4033,8854,39754,18598,37919
2020,12,22,2940,6709,65147,8866,62198,3035.55,809,4866,4086,9309,43585,38804,47827
2020,12,23,49796,91099,88860,42989,52208,3035.55,628,3852,1612,5673,50368,19062,38886
2020,12,24,33592,12732,58765,33978,53276,3035.55,3619,2566,1578,8118,97783,33775,14871
2020,12,25,17944,58594,73642,2031,34255,3035.55,2186,4050,1029,9618,43390,19186,33579
2020,12,26,51284,44020,78441,38437,56045,3035.55,2162,1986,2891,9146,39965,27518,45161
2020,12,27,47150,94937,86,68729,15054,3035.55,3855,2997,2813,8849,51379,14146,47869
2020,12,28,92428,24918,7471,49809,87315,3035.55,4397,4949,1231,8388,19486,17276,1732
2020,12,29,99351,83253,73265,73594,15532,3035.55,1112,2681,4517,7549,47761,39570,29582
2020,12,30,31770,16617,88920,4584,91818,3035.55,3003,4245,1567,5473,50405,35234,6651
2020,12,31,2686,9803,40184,13918,80345,3035.55,2545,4694,4526,7161,69639,15057,16274
2021,1,1,70752,44091,41260,4653,91852,2161.23,1422,4820,2453,8110,16637,18216,47182
2021,1,2,69009,17235,40672,20834,67641,2161.23,3518,3794,2440,7435,74138,48714,25906
2021,1,3,51333,70185,98241,38494,39825,2161.23,970,1927,3740,5702,31580,31943,29650
2021,1,4,26381,68003,56764,28834,25360,2161.23,2936,1448,1987,9928,31552,24627,39754
2021,1,5,87217,71423,84775,86010,8859,2161.23,4723,1590,1826,9315,15036,35273,8913
2021,1,6,45317,70272,12201,69057,99471,2161.23,1000,1710,3134,8240,54683,19845,10133
2021,1,7,63869,58972,80565,70857,3932,2161.23,1835,2499,4891,5932,93508,17508,12117
2021,1,8,38227,44584,85292,83676,10251,2161.23,610,1144,3303,7500,40975,11122,16680
2021,1,9,73986,58328,44976,2120,32444,2161.23,1965,2663,4981,8881,99871,45264,49659
2021,1,10,97351,61708,2765,97242,41021,2161.23,2342,4246,3560,7633,62921,33810,12625
2021,1,11,40666,48222,55730,43969,62075,2161.23,1741,1059,1384,6894,54530,20179,46706
2021,1,12,7727,42848,32844,99060,11730,2161.23,4324,4079,1556,6890,12650,14422,32715
2021,1,13,26065,28663,31041,99625,52648,2161.23,4787,3312,4887,5516,37280,13282,10315
2021,1,14,68574,374,89373,39959,8442,2161.23,578,2519,3102,9332,31579,14831,10256
2021,1,15,42048,25904,40263,69173,39344,2161.23,966,1759,1596,8359,97736,44244,46583
2021,1,16,95026,97524,53909,69913,53040,2161.23,3226,1613,2914,8950,77923,32708,7542
2021,1,17,89206,54413,65228,92309,63746,2161.23,3491,2144,4061,7518,91316,28404,46807
2021,1,18,26689,28636,76517,18286,13347,2161.23,3881,3371,3127,5588,78283,15046,24253
2021,1,19,56683,1510,95484,80950,30461,2161.23,3657,1017,2819,8884,28325,41564,23407
2021,1,20,92044,68170,30061,31105,48276,2161.23,861,4963,1363,9538,19210,29709,21377
2021,1,21,92982,88482,88081,97461,37624,2161.23,4978,4305,4225,7542,75254,31037,16365
2021,1,22,23869,5264,67056,68040,84149,2161.23,955,2543,4901,6015,23647,28176,45381
2021,1,23,43745,49509,19493,10108,68238,2161.23,4817,2570,3926,7897,75030,21549,29093
2021,1,24,44262,30010,82207,44840,96824,2161.23,876,1392,4076,5872,10176,29576,23814
2021,1,25,54665,81039,72120,34566,87055,2161.23,4094,2150,1627,8586,57257,46217,45768
2021,1,26,44031,47075,23788,77957,24973,2161.23,857,1180,1531,8064,46776,16718,15171
2021,1,27,38230,22654,95398,17306,65585,2161.23,3234,1022,2871,5353,71166,34925,1954
2021,1,28,97473,50261,48428,75453,65199,2161.23,1669,4228,2759,7262,87185,44083,5685
2021,1,29,93331,53043,96021,54862,17459,2161.23,4567,1384,1830,9940,89345,47386,42798
2021,1,30,41798,18932,83988,39669,20637,2161.23,945,3109,1765,9372,93561,36963,5154
2021,1,31,95058,31583,12544,64169,9743,2161.23,3251,3073,4123,8552,74286,11762,16081
2021,2,1,3855,74974,95223,45172,80671,1918.21,1968,4601,1596,6637,20237,48101,42610
2021,2,2,83935,54699,19867,73308,64612,1918.21,3364,1193,2076,5074,22288,18157,23182
2021,2,3,7136,41714,37281,77759,16000,1918.21,1179,1205,1538,6401,97728,28560,6566
2021,2,4,45363,1050,44514,71959,27687,1918.21,542,2972,1612,6277,10302,13526,14752
2021,2,5,45811,85996,12959,97888,34880,1918.21,1044,2014,1959,9676,36125,18632,35247
2021,2,6,76242,43657,61869,24133,46410,1918.21,4044,1772,1302,7126,63730,18766,9598
2021,2,7,78310,50143,32657,14111,72772,1918.21,875,3582,1283,7678,16469,21163,1186
2021,2,8,95433,82514,29530,88745,2190,1918.21,3055,4782,4310,9923,18914,22072,15655
2021,2,9,35873,87960,63845,96519,17870,1918.21,2554,1178,1710,7062,26640,33192,43927
2021,2,10,500,73869,1775,53135,17703,1918.21,4297,4486,2108,6038,18230,19297,18244
2021,2,11,35834,16286,14080,61497,92562,1918.21,3568,3433,3657,7538,41304,37878,49347
2021,2,12,74043,58859,84057,84464,25422,1918.21,2655,2272,1842,9429,95407,34970,27049
2021,2,13,4025,36057,64458,21133,6236,1918.21,1781,3421,1330,7212,19917,24238,32688
2021,2,14,52911,69838,69024,22920,99954,1918.21,797,3995,1086,9710,58458,27311,10328
2021,2,15,38255,42466,69585,55523,28247,1918.21,1845,2270,2399,5238,69754,39987,31344
2021,2,16,70342,26536,98409,2019,13749,1918.21,1256,1658,1742,5280,89578,20819,34678
2021,2,17,21960,16728,94815,7498,27934,1918.21,4809,2539,2090,6030,38061,40337,19626
2021,2,18,2089,44907,88960,35840,32561,1918.21,826,4254,1601,8478,21272,15349,8715
2021,2,19,8912,63882,98361,29778,59162,1918.21,1948,1120,1017,8115,19910,48950,4291
2021,2,20,47741,56132,31490,76183,93229,1918.21,2871,1668,2161,7354,47507,46074,35904
2021,2,21,96898,23335,15329,98499,13921,1918.21,3848,4184,1833,8560,85313,42346,2953
2021,2,22,32851,52263,89820,53868,46730,1918.21,4170,4469,3624,7011,70651,26852,11142
2021,2,23,52915,3524,88521,77,41707,1918.21,2502,3603,2065,7830,37101,11982,2380
2021,2,24,97135,67302,61523,30321,95862,1918.21,2666,3711,1826,8837,98931,12178,46836
2021,2,25,39979,34454,73000,23603,1465,1918.21,1806,4379,4878,5326,70807,21584,10004
2021,2,26,74059,83310,76540,66124,27492,1918.21,3461,1964,1894,9983,71297,43155,13641
2021,2,27,96820,93965,38220,28621,39154,1918.21,799,4132,1603,5110,10966,39419,37151
2021,2,28,40154,19542,43799,20032,41220,1918.21,2967,1138,1246,9022,97753,16228,30958
2021,3,1,86215,99088,45442,36199,86737,1553.13,4369,1410,3167,7989,19854,46669,4949
2021,3,2,85141,15339,34625,65292,34425,1553.13,1796,1298,4194,7342,11537,15152,24045
2021,3,3,99796,43167,45771,34303,57272,1553.13,3801,3486,1352,9654,79684,22407,20233
2021,3,4,15543,45406,19461,25063,23395,1553.13,1731,4887,1004,6356,13070,10866,5667
2021,3,5,46753,28327,92099,30947,70155,1553.13,2450,1302,3153,9156,36956,20425,19988
2021,3,6,61158,52110,80264,96829,12704,1553.13,587,4597,1704,5047,69659,45098,9948
2021,3,7,27066,57744,86338,98070,80452,1553.13,4850,2203,1194,7822,74501,15410,42868
2021,3,8,31936,53305,10355,11441,94230,1553.13,3217,1574,4419,8480,68566,28474,47311
2021,3,9,4780,4154,89425,26484,75554,1553.13,2934,2618,3178,5054,17040,13629,25436
2021,3,10,83492,36891,57185,21038,65191,1553.13,782,3477,2694,5444,24917,11923,48039
2021,3,11,19107,89488,67310,34879,34320,1553.13,4704,1834,2732,9128,98286,48285,2228
2021,3,12,44565,86221,50905,94095,93197,1553.13,2724,1687,1186,5070,14076,10942,34297
2021,3,13,45651,75518,16206,63345,47314,1553.13,544,1420,3313,8928,17650,47633,7475
2021,3,14,11156,97355,69437,83889,82836,1553.13,3525,2399,1210,9429,37845,13491,17723
2021,3,15,83726,45570,56531,21264,43183,1553.13,3991,3832,2475,6548,52177,19588,20607
2021,3,16,14024,43797,92562,77337,2726,1553.13,1321,3880,3917,6126,14120,23104,10212
2021,3,17,28481,62647,66856,98776,78428,1553.13,3618,3505,1110,5148,16120,19618,4702
2021,3,18,22107,40113,98638,84582,13013,1553.13,4370,2035,1934,6576,20724,30039,17167
2021,3,19,13495,28398,60273,53765,89156,1553.13,1868,3987,3390,7458,49114,31818,24393
2021,3,20,48426,27733,26676,15048,79233,1553.13,4852,1338,4259,9841,18238,12272,42796
2021,3,21,23360,12995,55660,50674,16278,1553.13,713,1124,1133,7950,99888,10288,42736
2021,3,22,15378,76757,44276,85121,36833,1553.13,3290,1058,2473,9965,16657,16705,43390
2021,3,23,2761,57862,34396,18373,97703,1553.13,644,2413,4660,5320,88086,15938,36667
2021,3,24,95392,68800,12063,16525,9785,1553.13,1812,1514,1410,7439,26634,16496,28303
2021,3,25,97181,59925,59853,34654,36242,1553.13,2710,1442,1454,8450,73725,14776,26510
2021,3,26,55124,4370,2190,4785,23378,1553.13,2074,3768,1738,5488,35292,35212,40277
2021,3,27,43791,62105,43079,65201,65896,1553.13,4795,3075,2340,9648,14080,48581,36065
2021,3,28,92510,98143,53935,59585,16600,1553.13,4360,1722,4733,6550,76506,38110,44013
2021,3,29,33179,79933,6879,8606,95421,1553.13,706,4210,1262,6504,20763,36521,42171
2021,3,30,39312,60559,65949,18004,76559,1553.13,1584,1710,1758,6871,45004,27473,46381
2021,3,31,30884,69365,99197,11969,12267,1553.13,702,1806,1987,6957,54050,17407,42055
2021,4,1,64220,22971,86107,33820,43734,2182.67,3130,1296,1280,7486,13554,34013,38981
2021,4,2,24071,15327,94888,27294,60331,2182.67,4528,1046,1557,6497,58313,13611,22362
2021,4,3,86577,3758,85599,9886,74160,2182.67,740,3379,2328,5918,88550,19374,19359
2021,4,4,66805,61681,73057,38085,69167,2182.67,2097,4589,3288,6684,53234,44970,2963
2021,4,5,55699,27764,41018,93608,30613,2182.67,3570,3540,1592,5521,43425,19912,15683
2021,4,6,11232,18792,64683,3560,96616,2182.67,972,4771,1264,5380,17855,16783,3233
2021,4,7,48344,56306,42725,82984,5995,2182.67,2954,3044,1318,5323,71651,37037,45959
2021,4,8,51006,11574,20578,86797,53447,2182.67,3099,4677,4146,8276,68236,12113,14004
2021,4,9,63718,40561,91885,11335,2294,2182.67,3117,1988,3748,7193,49971,18998,26092
2021,4,10,99504,27926,82787,39578,63249,2182.67,1614,1220,3715,7098,33754,17358,20790
2021,4,11,43900,46854,16840,43046,57340,2182.67,1510,1056,3340,6798,32390,10633,1428
2021,4,12,5838,76860,27622,4587,64053,2182.67,680,3556,3222,8467,19485,11830,43945
2021,4,13,95609,62452,48429,94324,25996,2182.67,1485,4894,1578,9676,29291,10934,32183
2021,4,14,97456,802,23784,55796,80548,2182.67,1428,1385,4385,6566,90971,13437,22526
2021,4,15,54347,16652,76994,92569,41471,2182.67,790,2079,1158,8818,47754,10286,12831
2021,4,16,57353,10592,87525,2741,90268,2182.67,942,2723,2617,5601,59870,48164,16816
2021,4,17,18128,76300,84550,67513,53053,2182.67,2301,2398,4876,5246,16318,16346,41873
2021,4,18,3478,26710,19778,78760,1880,2182.67,1389,4232,3123,7836,61972,34743,17533
2021,4,19,729,67439,72467,34698,13041,2182.67,2862,2519,4987,7536,15031,44392,48689
2021,4,20,41989,12333,1791,66865,2980,2182.67,4562,2809,4818,9340,12614,13049,18110
2021,4,21,53225,97958,22282,31348,81871,2182.67,1090,3951,1692,9826,33648,31084,34254
2021,4,22,53598,82863,28604,94937,32979,2182.67,4328,4966,3670,7471,58182,16014,9987
2021,4,23,41933,7745,30812,3103,93437,2182.67,1151,1660,1689,8433,78008,44911,32380
2021,4,24,72687,10451,60215,40731,31712,2182.67,3166,1660,1725,6769,96596,19416,43864
2021,4,25,43108,2278,1022,31779,26101,2182.67,4780,3032,1948,9606,71134,10384,9204
2021,4,26,19323,37286,7046,82364,25719,2182.67,2275,3405,3207,7692,55487,19846,1406
2021,4,27,97705,93655,61579,90783,76776,2182.67,1837,4883,1804,7859,51661,11646,24528
2021,4,28,77063,91442,70937,60363,78385,2182.67,2099,2706,1424,8086,80070,21426,8423
2021,4,29,61902,23698,36184,90109,27539,2182.67,582,1595,1676,7957,32377,28452,41671
2021,4,30,2485,49215,98336,79289,83426,2182.67,3544,1840,2789,5832,37202,36173,49997
2021,5,1,74302,50232,39963,51150,46654,1427.55,3050,1430,3923,9511,14241,21945,27741
2021,5,2,85891,55837,23623,13848,4566,1427.55,1332,1118,1761,5620,53557,33109,18427
2021,5,3,10518,30398,57251,96350,83952,1427.55,604,4605,1014,9206,25754,13330,9776
2021,5,4,74659,55158,93363,88582,74669,1427.55,1878,1126,3439,6852,74405,18004,7604
2021,5,5,85279,90738,54489,18392,2711,1427.55,1500,3227,4794,5102,19162,38745,8046
2021,5,6,84878,66533,29703,44885,63451,1427.55,2896,3108,1238,5062,43041,35282,5458
2021,5,7,68863,69921,62193,48654,36773,1427.55,3010,3403,3687,7498,56794,12749,36598
2021,5,8,95544,58296,75977,66690,33398,1427.55,1786,4627,4789,5986,79511,48239,1905
2021,5,9,6947,47408,2701,33913,25018,1427.55,546,3879,1332,7738,42533,18786,45742
2021,5,10,50688,91896,7190,10727,79394,1427.55,3475,1288,3630,5803,57977,38380,13984
2021,5,11,84061,79764,23008,68850,31253,1427.55,3440,4550,2629,6140,19286,15302,18871
2021,5,12,81883,40361,1527,13896,54451,1427.55,2681,1490,2306,6222,48568,31699,10412
2021,5,13,70207,22045,39340,8837,4200,1427.55,3568,4611,2079,6575,73460,24684,47317
2021,5,14,55446,23254,79235,54427,59394,1427.55,2073,2627,1532,9951,71523,45212,34050
2021,5,15,40363,70557,33055,9021,76780,1427.55,2071,3337,1782,6410,88525,24218,31623
2021,5,16,10079,2095,28830,87158,55022,1427.55,3193,1819,1895,7570,81245,17640,18643
2021,5,17,24182,43319,91621,64943,39622,1427.55,1506,1335,1942,5912,10720,43182,13144
2021,5,18,7536,78779,6520,27554,75189,1427.55,3123,1094,3491,6620,88776,34864,11398
2021,5,19,31948,33322,11684,90195,57102,1427.55,4186,1282,2599,5806,62577,42221,42930
2021,5,20,95302,39084,4909,45354,64997,1427.55,3535,3883,4042,5658,32788,30583,10265
2021,5,21,22805,913,82202,52648,30570,1427.55,2511,2516,4299,9195,69062,27752,20978
2021,5,22,58477,9601,59036,11076,25408,1427.55,4648,1426,2047,9124,82413,16800,37965
2021,5,23,51174,87302,63631,56568,98709,1427.55,3502,2864,3683,5704,90511,44252,46420
2021,5,24,23034,44375,23121,43685,93570,1427.55,1437,3397,3134,6824,95825,43541,8535
2021,5,25,34789,15474,80603,28188,56383,1427.55,2935,3907,1668,6565,80475,15376,13016
2021,5,26,79337,33978,19593,93020,86034,1427.55,2271,4067,1670,6743,52751,30751,26456
2021,5,27,85278,90541,49150,3413,87365,1427.55,3305,3504,1799,7824,66692,33182,44975
2021,5,28,23276,69628,73442,89944,52545,1427.55,1672,1881,4246,5086,24900,13272,20269
2021,5,29,17721,78525,15699,88551,71620,1427.55,4301,1897,1694,9614,60309,29059,34803
2021,5,30,79777,23615,33916,56577,83875,1427.55,1110,2149,1586,9551,97092,10976,1226
2021,5,31,49821,68765,87365,70419,76382,1427.55,2049,4101,3492,9100,99003,45112,28617
2021,6,1,84657,68362,85597,19460,28671,3130.07,587,3636,1275,8682,68862,48234,31008
2021,6,2,78274,76012,34822,74178,89457,3130.07,708,3220,1518,6206,50953,38988,6657
2021,6,3,4169,61407,78834,13269,76762,3130.07,3522,1418,3658,5471,97229,14750,40298
2021,6,4,22831,12817,88669,54106,1333,3130.07,2340,1924,3542,7036,70134,39350,7532
2021,6,5,60170,10484,13924,70542,37603,3130.07,881,3123,1283,8598,87743,12206,14877
2021,6,6,11364,11267,80815,70022,53090,3130.07,3701,1848,3564,9510,46377,24896,44396
2021,6,7,36254,65070,20854,86148,18583,3130.07,1006,1798,4175,9421,81996,21778,7341
2021,6,8,4298,24230,29902,46933,45297,3130.07,4977,1659,1078,7143,43033,14703,17645
2021,6,9,41540,16735,6976,65104,95457,3130.07,4999,3061,3421,7204,34209,13450,3353
2021,6,10,34545,59708,48459,68721,99129,3130.07,1850,4777,1035,6216,66710,16331,46807
2021,6,11,37100,16688,89344,82363,63831,3130.07,3417,1721,1878,6422,86824,27271,32377
2021,6,12,73745,93176,25333,8518,20381,3130.07,1872,1276,1210,6682,56348,34728,9542
2021,6,13,89841,29551,54507,60877,32654,3130.07,3559,4753,4255,9254,68467,34437,37569
2021,6,14,31631,81885,56160,13446,2278,3130.07,716,2373,3863,9630,14406,39243,9336
2021,6,15,8295,79116,76872,43895,22151,3130.07,4975,1990,4122,5833,89218,11776,49573
2021,6,16,3402,99131,97882,74009,98385,3130.07,4797,1367,4584,7308,59812,33213,32701
2021,6,17,56645,66881,75588,25508,15633,3130.07,1102,3926,1945,8660,67821,44095,42831
2021,6,18,73898,79149,22439,53021,44982,3130.07,1148,4734,1582,5381,38742,25523,11657
2021,6,19,78082,63540,71891,59018,60849,3130.07,2231,3844,1286,8350,59351,46918,48055
2021,6,20,27001,6806,70846,15298,31131,3130.07,4393,1380,4166,8183,90752,45499,5019
2021,6,21,59840,88253,60234,86979,83634,3130.07,2501,1714,3866,6014,20731,39714,48976
2021,6,22,48798,79315,73559,80084,13485,3130.07,2001,1966,1066,8406,55782,14226,49262
2021,6,23,69217,81528,24930,19735,29711,3130.07,962,1812,3933,7302,18472,15702,15682
2021,6,24,90794,38085,81985,86013,38828,3130.07,2078,2624,3382,7986,84059,28218,19068
2021,6,25,81251,11062,68704,53670,25260,3130.07,3570,1666,3716,8499,30562,34778,40838
2021,6,26,30533,62149,7032,50818,53967,3130.07,1087,1112,4347,6152,47124,43175,16264
2021,6,27,72139,89203,97152,86873,21192,3130.07,798,3794,3624,9974,88815,15670,31212
2021,6,28,57336,62386,61064,96052,77237,3130.07,829,4120,1478,8434,91289,40444,7979
2021,6,29,20476,62377,1557,91176,31800,3130.07,702,3937,4235,8420,14334,41778,15033
2021,6,30,95417,22254,10573,20393,38752,3130.07,1980,1086,3124,8800,16988,10730,49388
2021,7,1,89319,79481,58852,9883,70770,2334.61,726,3145,3556,7885,64944,48589,15649
2021,7,2,38588,85235,69177,69145,8749,2334.61,913,2353,2879,5250,86104,14502,10955
2021,7,3,88286,98543,81744,52682,7032,2334.61,1406,2701,1584,6610,22583,14850,37104
2021,7,4,48611,69294,53204,82167,7179,2334.61,755,2117,4733,9931,31262,44833,34500
2021,7,5,27239,12176,92187,15118,29833,2334.61,3735,3118,1832,7798,87151,14390,28291
2021,7,6,53935,44910,12917,70519,77872,2334.61,575,1481,4793,7566,17306,28324,35501
2021,7,7,78279,89404,6794,14364,55688,2334.61,4197,2925,1582,5562,98042,46415,38056
2021,7,8,46027,16778,30886,39211,33609,2334.61,4426,2542,4297,9398,74412,14348,18037
2021,7,9,4195,64988,83651,25341,25119,2334.61,822,3396,3054,6809,34111,14994,42299
2021,7,10,14866,93309,36667,81448,61045,2334.61,4214,2070,2837,5099,62632,17797,34709
2021,7,11,59488,2059,5340,38786,70754,2334.61,2306,1299,2443,5956,16639,10274,46104
2021,7,12,4608,3008,22310,2662,79818,2334.61,1402,1034,1081,9420,17676,27125,6421
2021,7,13,60481,3049,50548,28318,28148,2334.61,2467,3987,1590,8326,59124,18695,29532
2021,7,14,80263,71431,26347,57706,83739,2334.61,1618,3345,2345,8927,91006,42162,9339
2021,7,15,71700,63761,53197,37781,73181,2334.61,1257,3660,1430,8156,78330,25929,12031
2021,7,16,77689,57150,29917,25631,41308,2334.61,677,1569,1822,7023,95626,26913,5393
2021,7,17,46362,88597,65259,8708,3876,2334.61,2221,1160,2729,6770,29707,25910,22618
2021,7,18,15153,27318,75923,96583,75474,2334.61,2511,4513,2753,8780,95143,19061,20605
2021,7,19,74173,55821,6983,67348,59197,2334.61,4260,1124,2557,9518,30616,11433,18962
2021,7,20,98488,14191,3361,51218,50961,2334.61,3479,1112,1736,9401,79046,17750,33068
2021,7,21,56359,1558,21724,464,86690,2334.61,876,1734,1594,5728,28209,14587,33220
2021,7,22,28173,72470,86498,52082,98340,2334.61,4866,1827,2655,6462,48044,14967,33466
2021,7,23,32647,41524,97432,9383,27277,2334.61,2944,3634,4387,6020,84098,31076,26478
2021,7,24,49240,69975,58291,54631,79186,2334.61,4218,2357,1310,5715,75791,23660,36500
2021,7,25,55533,55658,70488,3189,55237,2334.61,4507,2882,1014,7786,13616,14758,18532
2021,7,26,24769,91562,87318,19156,23934,2334.61,1584,3172,4093,9758,27802,19631,37768
2021,7,27,77727,63373,76989,53047,85440,2334.61,1706,1954,4789,7100,60512,30025,19132
2021,7,28,32077,95020,84260,8483,43311,2334.61,2165,3079,1586,5834,14374,29721,47876
2021,7,29,19954,36523,19246,94047,27750,2334.61,3677,1930,3124,7018,74873,28564,13401
2021,7,30,26150,17933,85889,67291,31478,2334.61,2315,4906,2771,7926,88388,17462,46401
2021,7,31,62155,16906,85514,67943,49092,2334.61,4016,4044,1254,9613,63091,13514,39100
2021,8,1,43121,75199,56139,139,50072,1680.06,2640,3003,1942,9930,15833,49694,1055
2021,8,2,73599,95740,23818,21525,480,1680.06,3678,2385,1764,7973,66476,15864,41252
2021,8,3,98342,51874,57839,47955,14965,1680.06,2320,4436,4111,9810,74575,19182,27562
2021,8,4,50865,33568,53539,54159,43498,1680.06,846,3447,1462,8052,54972,31941,19372
2021,8,5,85274,38651,99327,28390,22976,1680.06,605,1316,4028,8443,85623,15344,32156
2021,8,6,62357,79296,39781,81468,29106,1680.06,2002,1321,4274,8790,50479,24124,30708
2021,8,7,6264,87036,57572,87726,31057,1680.06,4666,2681,2546,5345,61071,13756,12544
2021,8,8,83853,38029,44543,34233,56473,1680.06,4576,1510,1634,5708,16648,19698,30166
2021,8,9,2769,83651,51239,83395,20543,1680.06,2518,1805,1814,5798,14530,10078,18070
2021,8,10,10338,549,85195,94236,85894,1680.06,1109,1097,1300,5651,20329,23469,12618
2021,8,11,92169,36258,8651,17981,91967,1680.06,4249,4734,1230,6839,94480,45842,41651
2021,8,12,74909,2000,89000,80013,83442,1680.06,2524,3778,1746,8150,17494,22675,19882
2021,8,13,13040,5476,8773,13686,67479,1680.06,3506,2006,1466,8508,93978,23677,29103
2021,8,14,70159,99580,84764,11811,56419,1680.06,2652,1326,2595,6016,27690,47388,29245
2021,8,15,82885,60215,7519,19667,94286,1680.06,3693,3676,2359,7465,53713,19174,11885
2021,8,16,12920,57221,77188,94632,85729,1680.06,3308,2239,2096,9424,84049,43514,37518
2021,8,17,48669,58055,91193,46264,21058,1680.06,822,1206,1826,7521,39960,12182,18883
2021,8,18,79407,98654,29763,96766,82471,1680.06,2955,1590,1402,6006,12756,42776,33477
2021,8,19,79013,91034,15016,66109,60458,1680.06,975,1938,2119,7048,88092,44528,49066
2021,8,20,52403,48096,14823,64204,15618,1680.06,588,1046,4787,7798,16290,18610,21135
2021,8,21,99880,22448,80353,56928,13943,1680.06,4704,2954,2758,8638,75414,38216,36726
2021,8,22,46489,1390,80046,3608,51262,1680.06,4488,3663,1233,5662,84218,31850,18139
2021,8,23,16798,54508,43226,2937,70911,1680.06,1546,1590,3813,7622,27717,37755,1367
2021,8,24,54976,43774,80710,32735,74846,1680.06,2302,1333,3865,7347,41293,25126,22477
2021,8,25,35486,55782,45142,68072,17796,1680.06,1273,4592,1814,9499,37529,21129,29360
2021,8,26,10866,25428,58272,1031,77327,1680.06,3786,2301,4762,5847,81387,20959,35989
2021,8,27,58324,68690,42293,48542,52390,1680.06,918,2874,2070,6082,72297,39866,49938
2021,8,28,80873,88572,24459,97444,48071,1680.06,4924,1178,3767,6400,76317,47445,28340
2021,8,29,45536,81456,29747,91650,67304,1680.06,2608,1978,1175,5042,13752,14916,27487
2021,8,30,71191,96892,69144,43262,48405,1680.06,4479,1266,1334,7884,43071,44433,41441
2021,8,31,68630,44348,69721,72397,87543,1680.06,4841,3078,3845,5939,24727,27500,12391
2021,9,1,37337,85832,55954,8590,92703,1447.5,1131,1900,1364,5744,70701,47805,20870
2021,9,2,5224,16331,94169,95514,75754,1447.5,4142,1766,4674,5790,23995,37064,38603
2021,9,3,39084,57074,97263,55023,81802,1447.5,4800,1986,1945,7105,60430,36000,41115
2021,9,4,24327,56562,41946,30692,28659,1447.5,3496,1934,1346,9016,45746,21082,12648
2021,9,5,77619,26241,57536,68646,79131,1447.5,2061,3213,3604,9323,89588,36757,31532
2021,9,6,76791,20741,72247,3736,7846,1447.5,4735,2171,1942,6754,79214,19510,49029
2021,9,7,10681,74063,834,56010,63080,1447.5,3443,2049,4172,7902,25694,34655,12933
2021,9,8,48863,64109,19221,3819,99784,1447.5,576,1573,1810,9174,80309,15010,8809
2021,9,9,78204,36397,2270,146,34430,1447.5,2097,1894,1102,7930,18038,34977,31484
2021,9,10,47215,10915,92027,36388,78246,1447.5,2394,2107,3181,6614,47277,47964,34074
2021,9,11,81776,87854,74539,27676,33381,1447.5,2773,2935,2595,6646,44432,42025,21200
2021,9,12,97878,27882,3487,69776,12164,1447.5,4752,4378,1871,6272,12117,10116,20958
2021,9,13,47205,49512,53576,45386,22478,1447.5,3349,4252,1078,8488,48280,19190,1716
2021,9,14,5439,46054,82726,13035,46096,1447.5,1411,1326,1390,5026,30100,33553,43510
2021,9,15,12207,51205,59284,44078,64336,1447.5,545,2891,1832,8250,73276,43389,21401
2021,9,16,24974,32979,47642,46384,67218,1447.5,1173,2656,3326,7806,16406,20773,12274
2021,9,17,43760,89806,81099,31502,81055,1447.5,1406,3261,1846,5590,53690,18894,27551
2021,9,18,62091,24237,87334,83003,64709,1447.5,1391,1033,4940,6294,52416,43509,26963
2021,9,19,19011,53590,82518,77337,53840,1447.5,3110,2598,1442,5560,29099,21771,34560
2021,9,20,23111,60507,81385,18217,51197,1447.5,4010,4638,2014,7696,12640,13456,1427
2021,9,21,91011,55384,62757,17303,62121,1447.5,811,1130,1974,6668,58466,38954,31526
2021,9,22,94241,72929,52905,84958,68489,1447.5,3080,2950,1782,6598,42519,26410,48357
2021,9,23,22243,52882,72401,14258,66930,1447.5,980,2939,1776,6262,75241,18896,35042
2021,9,24,81614,86054,16379,83081,79383,1447.5,2034,3622,4125,9886,74931,48966,41198
2021,9,25,73295,48012,73269,48509,18828,1447.5,1270,1070,3669,8438,71679,35598,15788
2021,9,26,65065,59012,9891,21841,25452,1447.5,2089,2065,2536,6944,13004,33270,35132
2021,9,27,64665,28532,73246,45143,19822,1447.5,930,4468,2540,7466,74328,31367,48177
2021,9,28,99517,81952,88790,84538,61975,1447.5,1487,3390,1672,5468,81582,11283,26821
2021,9,29,47862,38672,84701,51750,28492,1447.5,950,4507,1080,9244,54649,22253,41198
2021,9,30,72794,65110,98074,85334,65191,1447.5,3053,1058,1420,8194,65595,49031,22403
2021,10,1,18435,92422,67199,81165,74004,2024,764,4027,1780,6966,57518,13766,44834
2021,10,2,48499,67026,89515,73116,38028,2024,2261,4488,1193,7902,84678,48595,28121
2021,10,3,13352,65737,35653,51547,47684,2024,2913,2470,2104,6463,79986,17460,34684
2021,10,4,27650,25364,96488,73535,55194,2024,1969,1718,2382,5680,19032,25409,4006
2021,10,5,10956,71773,11251,87150,35720,2024,2096,1718,3017,7749,33320,42052,45929
2021,10,6,88785,32586,24523,65890,99050,2024,3349,3050,1223,9836,16584,11406,4509
2021,10,7,194,59906,21462,37576,92742,2024,4337,3696,4097,9542,14404,21168,30973
2021,10,8,36516,75647,36591,30885,63396,2024,2937,3531,2496,7632,34420,17897,19912
2021,10,9,34673,84122,60948,80896,30310,2024,3664,1014,3789,6477,84430,46530,43885
2021,10,10,83803,13768,66580,19252,54355,2024,848,2221,1558,6732,38106,29169,23777
2021,10,11,13273,27396,97702,32122,41207,2024,1370,1766,3947,7350,73126,29256,48474
2021,10,12,37555,88143,26112,91344,40973,2024,4226,4774,1330,6510,44025,11366,26894
2021,10,13,10934,50797,18588,76709,94158,2024,2229,3782,1792,6282,72255,24351,23046
2021,10,14,1109,38626,66582,50056,98648,2024,663,1201,4202,8126,43897,35174,39708
2021,10,15,15020,98124,26301,55680,35281,2024,3397,1213,2473,8337,39273,31630,20326
2021,10,16,7735,77856,71765,24528,30490,2024,3878,1597,3997,5459,98004,47644,44020
2021,10,17,21520,43669,33847,82074,48147,2024,2247,3166,2218,7104,35197,27498,44096
2021,10,18,80225,18596,90064,34050,53285,2024,679,1018,3544,7602,85545,20385,45690
2021,10,19,97816,776,1984,96813,66236,2024,809,4106,1078,8126,86179,24506,16340
2021,10,20,55103,69779,87673,47321,79678,2024,1170,1253,4168,7585,10302,27452,39222
2021,10,21,43275,92334,88472,83171,46130,2024,3556,3945,4792,7594,57109,14768,24017
2021,10,22,88231,67919,77838,64591,28926,2024,4096,4027,1238,6250,47699,46175,30369
2021,10,23,32342,38870,22429,6511,36456,2024,3962,1081,1158,9762,79252,21193,32731
2021,10,24,12803,49161,31491,3947,21052,2024,1325,4281,2870,5514,73871,18147,4952
2021,10,25,35883,62968,18528,2381,56088,2024,4907,4781,1448,7335,11291,24255,16227
2021,10,26,36418,61606,70337,61481,84040,2024,4025,3193,1750,6867,17139,36151,15941
2021,10,27,1820,94817,61786,91042,50331,2024,4188,2564,4976,7715,21296,37415,35657
2021,10,28,10295,86204,92197,31743,89891,2024,997,1307,1445,5380,16586,31836,19840
2021,10,29,58627,69518,95030,73727,66385,2024,1230,3203,3336,8015,59244,23666,12169
2021,10,30,23672,84786,92583,55000,28853,2024,2415,4146,2785,9232,87240,22675,30231
2021,10,31,70804,9590,65335,52249,2276,2024,4084,2253,1398,9113,50979,38079,35826
2021,11,1,93562,22635,80970,81577,98232,1921.1,1600,3016,4921,6599,11868,26503,20988
2021,11,2,35367,67368,59289,86331,70960,1921.1,2133,1108,1398,9381,99176,15826,48316
2021,11,3,43466,76430,37522,88931,43761,1921.1,2915,2322,3234,7862,35250,12817,25601
2021,11,4,47576,73203,95834,27497,49803,1921.1,3999,1520,2773,9639,87850,28732,24055
2021,11,5,27955,44984,59282,7956,54365,1921.1,562,4181,2590,7654,19463,11351,24810
2021,11,6,19607,98731,65026,34194,58967,1921.1,2010,2893,4830,9196,50389,11978,16628
2021,11,7,83251,20741,57505,91024,66732,1921.1,4755,4685,1690,5389,18992,11055,45356
2021,11,8,36551,25479,91589,4142,53133,1921.1,1844,2739,1134,6452,23284,11694,27405
2021,11,9,46201,70295,24347,36031,29491,1921.1,3366,4092,3180,8922,36467,44912,41089
2021,11,10,27579,22576,5950,50621,84317,1921.1,3027,1742,1772,9616,41359,36256,41295
2021,11,11,47021,73204,25348,89507,2777,1921.1,959,3977,1142,6662,10942,31120,48632
2021,11,12,39099,9727,10214,67279,91950,1921.1,3542,1768,4255,8994,86499,14314,46681
2021,11,13,42139,14528,90791,25263,50496,1921.1,1518,3867,1705,6866,19725,24481,32150
2021,11,14,51850,27038,89811,87128,58696,1921.1,3248,2793,2248,9636,81423,18404,41171
2021,11,15,41494,59967,61429,27102,60811,1921.1,2024,4300,1334,7814,44562,12005,14280
2021,11,16,36317,6081,75873,58022,9299,1921.1,3854,1148,3987,8665,64627,47682,45599
2021,11,17,96188,49228,11828,29788,44041,1921.1,682,1886,4568,6764,45339,46730,9603
2021,11,18,97396,42364,66031,92555,46531,1921.1,4559,2846,3025,6784,40867,17360,10593
2021,11,19,42383,56074,19824,81370,61091,1921.1,816,3629,1382,7174,13694,10423,1618
2021,11,20,33185,58753,28662,19106,75517,1921.1,835,2912,1363,8218,81818,12893,24001
2021,11,21,75163,36378,62092,8188,83162,1921.1,1863,1895,1566,6086,39616,36474,2959
2021,11,22,20194,51372,26457,86577,74954,1921.1,3351,4490,3625,8078,43595,30493,29873
2021,11,23,16013,25783,69758,48728,74001,1921.1,1621,4163,4305,7434,73702,37466,1576
2021,11,24,93024,40566,45715,84760,59957,1921.1,2585,1262,3054,8092,83077,28007,35331
2021,11,25,93915,96429,52498,98892,38441,1921.1,4384,1618,3227,9142,19532,28579,12445
2021,11,26,17070,47506,77743,21375,37570,1921.1,3841,1944,4714,7326,31703,34670,17798
2021,11,27,72590,69290,81173,25644,49683,1921.1,822,3596,2030,8852,42487,31822,14250
2021,11,28,51298,38225,2628,89525,87367,1921.1,3103,4435,1016,8822,25810,39937,38512
2021,11,29,79996,51004,86883,4710,38263,1921.1,732,1712,1166,6904,36495,20261,34938
2021,11,30,67506,6499,30210,60888,45351,1921.1,2710,2999,1852,6786,18875,14639,22698
2021,12,1,53332,35427,52569,65530,61237,1619.35,1876,3591,1488,5884,66853,30677,42506
2021,12,2,88670,94058,51256,91926,30553,1619.35,783,3402,3078,6670,15104,14264,37869
2021,12,3,45733,44457,84401,57422,63332,1619.35,3973,1662,4465,6541,98543,12054,49040
2021,12,4,85400,60420,56998,81139,59710,1619.35,3167,3378,4260,9423,56656,31164,40204
2021,12,5,33644,48792,50919,1722,1814,1619.35,3848,2546,1942,6506,21319,23810,16023
2021,12,6,58640,45294,6825,9458,38187,1619.35,2863,4937,2139,9766,21076,41848,5369
2021,12,7,51416,49244,6580,2028,45019,1619.35,3191,3662,3378,8228,96735,30191,29588
2021,12,8,133,55585,77738,26963,15185,1619.35,2124,1478,2054,7908,15985,15240,15410
2021,12,9,45670,53849,55179,44161,65061,1619.35,1009,2828,3201,8940,34855,19572,42607
2021,12,10,88528,18048,14587,33258,52157,1619.35,3448,3640,3257,7538,11955,14794,11322
2021,12,11,72948,45432,4971,50002,85733,1619.35,1593,1401,1155,6256,75562,22567,20956
2021,12,12,62082,77924,5396,20284,3216,1619.35,1207,3094,4650,6414,41351,43158,6604
2021,12,13,82115,21152,28152,65373,78690,1619.35,1518,2988,1889,5982,34341,37622,6459
2021,12,14,38796,32288,35376,46303,85411,1619.35,3869,3844,1766,5006,15638,16864,10938
2021,12,15,97221,56687,32874,88223,27480,1619.35,2732,1900,1534,8970,91317,40417,24225
2021,12,16,48694,87836,58407,50584,5676,1619.35,4557,1654,1398,9932,14258,26797,42748
2021,12,17,17223,42347,6994,22435,82964,1619.35,2214,1535,4158,6198,84757,15988,7473
2021,12,18,70665,32490,33935,82393,24726,1619.35,2809,4770,1592,9790,56705,11806,41605
2021,12,19,40316,11263,28642,81702,1196,1619.35,3498,4769,3112,5491,57203,27427,35767
2021,12,20,39316,20770,73963,3474,17210,1619.35,2814,2873,2560,7026,86617,48637,25072
2021,12,21,3354,59427,38409,49145,6995,1619.35,1963,2309,2728,5605,29010,40275,45114
2021,12,22,81372,53862,75045,75836,85705,1619.35,4614,1910,4369,7162,44845,11750,48600
2021,12,23,35000,72661,7156,42560,34410,1619.35,2549,2762,3198,9266,86906,26544,43773
2021,12,24,73775,20223,23854,96503,65828,1619.35,1777,3550,3077,8173,39385,25133,19217
2021,12,25,76774,25352,50154,46143,85280,1619.35,4072,1142,2659,6227,79189,16614,45000
2021,12,26,66352,86739,56183,35902,65400,1619.35,2446,1062,4662,5312,52028,45489,9441
2021,12,27,21868,5159,9040,61297,33332,1619.35,1430,1456,1086,6583,72598,25406,14777
2021,12,28,47935,38023,95685,15594,10602,1619.35,4013,3304,2964,6550,29206,19442,24875
2021,12,29,65989,41653,15243,45651,94304,1619.35,2492,2523,3780,5776,93819,38464,33623
2021,12,30,97661,96602,81273,4140,33186,1619.35,898,1119,3245,7934,13065,35199,20224
2021,12,31,99161,47079,28504,77126,53627,1619.35,1841,4614,1436,8435,81616,26369,24062
2022,1,1,5461,58893,57191,38345,69064,1679.26,1004,1340,3278,6495,15202,13501,12007
2022,1,2,52394,12674,88100,60329,25739,1679.26,4488,4169,3153,5940,42795,17144,23299
2022,1,3,6159,78762,90633,74594,76730,1679.26,1651,2190,2245,7692,20534,27661,17002
2022,1,4,95848,72891,43327,89126,29386,1679.26,3979,3131,1201,7078,74811,13292,8529
2022,1,5,96729,34300,2462,81234,3618,1679.26,4800,4775,1506,7078,11686,17098,45257
2022,1,6,63787,27373,99289,56033,27566,1679.26,3693,4764,4064,6752,45241,19238,36175
2022,1,7,68252,14221,52934,39453,71299,1679.26,4096,3026,3395,6258,65612,32012,27745
2022,1,8,33166,5413,8141,73535,35846,1679.26,1985,1978,2585,5260,72016,46502,8862
2022,1,9,58801,22062,36267,84217,15433,1679.26,4018,3683,2080,8303,39487,33378,31508
2022,1,10,36048,24937,67758,30796,96494,1679.26,4159,4659,1134,7299,19545,14672,33370
2022,1,11,62513,42883,23316,15098,65509,1679.26,2951,4308,3744,8444,17058,15528,11684
2022,1,12,62078,47544,65564,74158,72199,1679.26,3887,4598,1338,7996,55393,42832,21403
2022,1,13,91366,84553,88844,62852,38205,1679.26,758,2068,2623,9849,48518,33131,24741
2022,1,14,21533,76470,73792,71629,40688,1679.26,2156,2764,1210,9071,93273,34761,32316
2022,1,15,40474,67161,59360,86813,25158,1679.26,996,2874,1322,9598,95725,20212,14753
2022,1,16,75932,82260,87282,59907,92109,1679.26,4389,3640,2268,6370,85268,19307,35800
2022,1,17,81849,38777,88424,44411,57848,1679.26,4171,4673,3857,8530,17837,40366,31697
2022,1,18,69635,63834,23241,85292,31377,1679.26,503,3659,2577,9136,83566,26038,35319
2022,1,19,11288,92956,39679,23557,92489,1679.26,4215,4336,1350,7639,18746,17130,41300
2022,1,20,79336,14271,68949,44545,52801,1679.26,4910,2435,1970,9016,24078,48346,36786
2022,1,21,26174,95934,22006,60103,55071,1679.26,1140,1357,1231,8714,12540,23719,21924
2022,1,22,83471,15482,14408,79898,29473,1679.26,4172,3807,3775,9472,69704,32928,49506
2022,1,23,6258,20967,55364,89580,95470,1679.26,2925,1642,1726,6283,81745,13148,45794
2022,1,24,64559,84238,29507,95790,26409,1679.26,860,4878,3956,6619,89776,13428,2124
2022,1,25,32478,40301,38589,96253,59774,1679.26,532,2382,4258,7247,71962,41080,8293
2022,1,26,13041,76240,79075,4768,2523,1679.26,2915,2081,1409,7556,79222,37817,27172
2022,1,27,82250,31436,97697,66206,98055,1679.26,986,1072,1934,9158,43136,36601,3825
2022,1,28,59219,88669,35337,88477,22269,1679.26,908,1262,4889,9976,56427,18764,7299
2022,1,29,2155,40696,2198,63564,70821,1679.26,2733,3069,2854,7154,35627,27261,31420
2022,1,30,1958,31614,74145,62434,66188,1679.26,4035,1757,2301,5854,46585,10921,17281
2022,1,31,58022,92495,96230,74263,17478,1679.26,3026,1976,4704,5223,15899,30524,19010
2022,2,1,83633,49947,22202,81766,85574,3321.25,3722,2186,4959,6155,99725,14488,49463
2022,2,2,61543,57835,95893,12266,4420,3321.25,1638,1913,4395,7278,30742,19054,23166
2022,2,3,70280,83079,80813,65504,98978,3321.25,4850,3961,2634,7051,80726,29559,27689
2022,2,4,62867,64449,63098,2826,26956,3321.25,1416,3498,1322,8661,17115,25076,12823
2022,2,5,61827,3755,38342,47574,81008,3321.25,2329,1286,3514,6292,33141,17491,19085
2022,2,6,77183,7992,82805,4817,21396,3321.25,4376,4261,4330,7473,87086,21285,29883
2022,2,7,76649,63503,76136,13657,68516,3321.25,742,1398,3357,9778,77915,10716,43252
2022,2,8,95215,80246,62003,63729,79739,3321.25,2571,1920,1688,6150,78089,14478,11497
2022,2,9,10258,28818,41496,70940,42643,3321.25,3576,1294,4788,9434,65651,43303,44934
2022,2,10,44316,20736,23646,57673,46866,3321.25,3388,2079,4510,6742,11624,44248,17914
2022,2,11,74591,53379,67522,10431,106,3321.25,4016,1714,1568,7486,97653,33421,11963
2022,2,12,86798,56231,85417,27938,7295,3321.25,1241,1609,3154,9974,25633,35020,1068
2022,2,13,79152,94022,77100,93662,57116,3321.25,4262,1706,3989,8135,42136,35447,49260
2022,2,14,50098,42505,12162,40877,84369,3321.25,649,1166,2397,6065,15455,12096,26168
2022,2,15,43485,53049,57653,31640,14288,3321.25,1659,4790,3658,7670,19804,12518,33286
2022,2,16,59370,40419,82480,44712,28554,3321.25,662,3650,3472,8671,35878,34192,40968
2022,2,17,84839,42880,55359,67236,18946,3321.25,4630,3781,1782,7282,10420,20853,37167
2022,2,18,46920,93432,80645,40578,53543,3321.25,1351,4263,3570,6134,90326,17054,16801
2022,2,19,47503,20485,97126,47327,79157,3321.25,1518,3994,2234,6468,47582,27531,49356
2022,2,20,90396,37213,6314,30610,848,3321.25,1463,2766,1517,8459,88344,30059,33086
2022,2,21,31612,96048,25675,5182,2582,3321.25,3656,1478,2837,7133,97409,48345,16002
2022,2,22,86489,45281,28693,95075,48510,3321.25,2606,3904,4838,5271,85865,47037,26275
2022,2,23,78357,87329,11157,21226,2140,3321.25,2636,3750,1899,6632,38931,30832,15853
2022,2,24,75665,78940,97269,28502,16073,3321.25,1847,3912,1309,5539,13987,19302,11030
2022,2,25,98166,52946,43723,44356,98217,3321.25,2745,2924,3268,8901,14150,35408,45941
2022,2,26,34754,31787,85511,63005,91450,3321.25,3836,2113,4733,8902,11967,17334,40795
2022,2,27,2135,5167,71071,58444,10706,3321.25,3262,1846,3002,6682,85929,10310,35058
2022,2,28,85629,93675,61848,18898,12576,3321.25,657,2328,4135,5048,10332,31937,42350
2022,3,1,20522,99051,33048,11626,11018,1718.77,3759,2535,2627,8555,43240,15380,1558
2022,3,2,68170,84815,12040,7858,70745,1718.77,3486,1550,4161,8735,93346,12150,30963
2022,3,3,99393,57027,91998,71912,83712,1718.77,1577,4232,4337,7878,32209,16706,23935
2022,3,4,52534,62322,99243,25161,67229,1718.77,4197,1618,3649,7589,59606,30745,8835
2022,3,5,8552,53093,27868,67713,81828,1718.77,574,2571,4592,7571,85835,44655,37566
2022,3,6,67859,87413,15240,7196,38389,1718.77,3901,2273,1121,6296,32433,43349,47449
2022,3,7,31979,31632,45099,91980,59221,1718.77,4076,4123,2797,6943,68187,11964,4706
2022,3,8,4510,3762,69901,15454,47685,1718.77,934,1094,4499,6826,22737,14239,5736
2022,3,9,5500,96640,21513,31622,86135,1718.77,1322,4464,1929,6421,42795,27501,20299
2022,3,10,91127,81872,77977,65276,48816,1718.77,2604,4676,1276,7505,85129,13960,46164
2022,3,11,79593,11590,29504,39093,69641,1718.77,4683,1182,1918,9638,23112,10998,2241
2022,3,12,61495,64436,2183,79776,67209,1718.77,3628,3334,3201,6446,39961,16746,44979
2022,3,13,97768,77567,78045,64044,85072,1718.77,4355,4663,2466,7726,20107,27106,29526
2022,3,14,76100,89792,52247,57683,80988,1718.77,810,3833,1145,7583,54960,23353,41711
2022,3,15,88914,28589,98040,32115,96545,1718.77,976,4311,1144,9768,74706,16990,38002
2022,3,16,30758,69062,81654,38224,9273,1718.77,670,1514,2904,7866,43053,38891,1762
2022,3,17,75639,68455,64077,48137,12390,1718.77,2841,1302,3976,5881,49768,10520,19037
2022,3,18,40235,90252,71184,72154,41484,1718.77,4143,2240,1302,7148,26815,40574,12242
2022,3,19,5262,42146,42298,13166,42426,1718.77,3408,4416,1509,9966,82552,48898,1704
2022,3,20,17873,70394,16553,81849,72627,1718.77,3720,4212,2924,9903,10990,30759,16321
2022,3,21,92145,6861,3000,39800,10362,1718.77,1725,1974,3312,9023,61492,47089,29815
2022,3,22,57079,79901,81506,43588,78738,1718.77,3837,2961,1616,5389,11162,39781,14058
2022,3,23,58062,69883,68995,30986,99787,1718.77,1744,3282,4924,8830,48081,20285,36712
2022,3,24,27263,44808,68612,31927,183,1718.77,4015,2260,1782,8486,17199,10196,30104
2022,3,25,40931,76037,18055,8086,67778,1718.77,2867,1686,4099,6436,56824,15237,29217
2022,3,26,19925,34921,23520,29849,32369,1718.77,1485,4630,2760,5097,91556,49294,37954
2022,3,27,65201,86924,6555,91557,63797,1718.77,1649,4727,1141,9418,29164,33918,23754
2022,3,28,60273,93384,9757,59372,26597,1718.77,960,2873,4205,6726,18156,16573,32933
2022,3,29,18786,91912,26204,67898,43361,1718.77,2191,3560,1034,6838,16469,34831,34112
2022,3,30,80203,13119,5911,96344,44175,1718.77,532,4447,4810,6369,80170,37758,35075
2022,3,31,89303,71132,50632,23508,1964,1718.77,1432,2100,2968,5280,10004,11328,26058
2022,4,1,22189,36241,4133,62286,69062,2769.93,2487,2180,1225,5182,42706,12652,5316
2022,4,2,51796,47154,7463,58165,43677,2769.93,3818,1159,2204,7364,49474,18482,11573
2022,4,3,10110,86575,38934,59097,91572,2769.93,2194,1926,2853,5368,92396,38267,16614
2022,4,4,67995,51236,70448,95573,22770,2769.93,3224,4564,1659,8182,49080,20335,13154
2022,4,5,9963,29252,51495,72167,32929,2769.93,3131,4390,3894,8286,34838,45465,1948
2022,4,6,48678,77034,25577,67884,56065,2769.93,1150,4058,1911,5908,19630,24680,34325
2022,4,7,72455,94207,15597,49114,92597,2769.93,800,2559,3927,7302,91077,43208,14677
2022,4,8,70967,50562,18951,74861,32626,2769.93,1677,1303,1652,8605,65538,12978,3789
2022,4,9,79282,21689,27297,81193,80990,2769.93,2224,3443,3837,7820,18909,32785,13279
2022,4,10,2498,21062,1697,12777,74709,2769.93,984,2026,4687,9878,53239,42312,9127
2022,4,11,28724,56269,89968,75897,84875,2769.93,4134,4155,3545,5574,61700,24534,5506
2022,4,12,2413,83925,27979,76250,38098,2769.93,784,1946,4300,7083,69722,25360,13240
2022,4,13,86210,42060,37388,45897,16994,2769.93,3209,2068,3246,9066,54317,14472,6979
2022,4,14,35,49804,44981,9932,88938,2769.93,4466,1349,1956,8796,83951,45053,6681
2022,4,15,92036,59339,2000,92688,36422,2769.93,3048,3983,1134,7178,84879,13478,38075
2022,4,16,28766,39441,41900,92012,83970,2769.93,1484,1450,2371,5886,10286,17660,46217
2022,4,17,24497,11105,59010,47805,56253,2769.93,2858,3287,3650,9742,57327,21424,9313
2022,4,18,99284,25376,26760,45769,47163,2769.93,4247,1864,2431,9238,84290,17752,11639
2022,4,19,63715,57127,68108,26086,74943,2769.93,846,4438,1710,9106,63595,28454,44746
2022,4,20,44772,56454,43095,79774,84015,2769.93,2549,4650,1602,8626,45418,39310,1718
2022,4,21,22300,71018,81590,89731,22164,2769.93,3834,1764,4358,7794,28314,30652,32232
2022,4,22,53039,38412,46444,75241,23871,2769.93,3695,3641,1491,6789,48414,16857,10039
2022,4,23,97211,15965,66508,39359,26625,2769.93,3668,3923,4295,6609,55005,37811,28279
2022,4,24,8841,28840,23689,48199,87133,2769.93,3851,1438,1766,5294,15411,46988,18356
2022,4,25,35333,85459,31982,18176,82248,2769.93,1384,1628,4064,8498,35167,11386,46749
2022,4,26,12523,80188,4613,28170,6797,2769.93,980,1284,3457,6021,80187,25589,9618
2022,4,27,74377,75391,32113,97495,17037,2769.93,4483,3720,4334,6464,86895,31582,47525
2022,4,28,73213,4633,43744,2277,88877,2769.93,4317,2750,1830,8929,62271,48599,45264
2022,4,29,54899,28253,14237,43356,34274,2769.93,604,1398,1166,7409,22495,12838,10776
2022,4,30,31286,83331,71924,80621,76148,2769.93,3554,1432,4802,9218,84340,35030,25171
2022,5,1,58658,2781,59364,53939,65053,2179.35,3836,4656,3550,8798,60281,49325,7963
2022,5,2,3842,1635,85492,71251,24130,2179.35,2536,3812,3321,6322,99959,18491,5047
2022,5,3,11711,82023,64647,360,66363,2179.35,4272,1846,3809,7280,78957,14262,49677
2022,5,4,1598,4147,76222,6500,56339,2179.35,824,1502,3136,7668,47781,28617,36503
2022,5,5,29067,50318,2430,22388,49826,2179.35,878,1535,1536,5524,78247,33477,18741
2022,5,6,21554,62520,8498,90363,6155,2179.35,1927,4103,2952,6306,30602,30642,3807
2022,5,7,86003,52779,57174,24139,76799,2179.35,4107,1738,1624,7889,28251,21450,4956
2022,5,8,56630,35483,99338,73745,91007,2179.35,2222,3911,1798,8314,35625,12609,27585
2022,5,9,2230,92553,3065,10183,42053,2179.35,2176,3054,2797,5686,52192,29595,1846
2022,5,10,85658,87653,1813,73634,25542,2179.35,734,3522,1100,8852,72267,22904,30064
2022,5,11,88358,45842,1816,44814,27913,2179.35,2422,1198,2697,6839,56675,19030,3794
2022,5,12,76858,80205,32805,96007,60907,2179.35,602,1563,4001,7414,36548,14542,1350
2022,5,13,23830,31633,29417,89376,26054,2179.35,3631,4410,3876,6798,75575,41788,1684
2022,5,14,50592,82999,38283,13290,9838,2179.35,3039,3046,1513,6814,99053,19422,11310
2022,5,15,68545,74656,15335,57546,68422,2179.35,3439,3602,3515,7856,97977,25920,1884
2022,5,16,35892,76609,56683,99769,89760,2179.35,2908,1430,1608,5094,53639,15604,32259
2022,5,17,73853,88031,60844,65366,55227,2179.35,2785,3770,1816,9471,97668,35676,9897
2022,5,18,1355,86108,44280,1222,20316,2179.35,3493,2559,1569,5942,72327,41328,8609
2022,5,19,48787,96588,81679,80395,59131,2179.35,3191,2982,1052,5386,14699,11278,1671
2022,5,20,75284,32485,35050,42539,98309,2179.35,4567,4662,1478,8846,17236,21844,49070
2022,5,21,13807,60730,44404,65376,77258,2179.35,1703,1043,4669,9478,22789,10312,33083
2022,5,22,72757,77333,54486,28809,92720,2179.35,766,4354,3021,5982,26892,16329,19186
2022,5,23,40558,21460,32345,92086,76658,2179.35,3929,1886,1266,9378,55839,37567,49581
2022,5,24,57767,78896,29963,3789,99982,2179.35,3939,2737,1494,6860,17897,22803,2753
2022,5,25,32611,57985,23510,50632,65825,2179.35,3313,1381,3213,5657,14819,31223,1642
2022,5,26,65238,78749,71688,91899,19786,2179.35,817,2551,4125,5780,81339,10926,43879
2022,5,27,78533,6632,44548,24969,70057,2179.35,2772,4018,1781,5154,86001,10454,12446
2022,5,28,38036,69315,25340,42602,84972,2179.35,734,1560,1066,8215,58459,10098,40159
2022,5,29,88446,70629,48948,27572,12761,2179.35,4381,1292,3270,7868,32613,39678,46640
2022,5,30,6375,96738,58697,43156,84371,2179.35,2113,3758,4012,7620,97711,15335,44698
2022,5,31,60316,37888,81897,11927,66103,2179.35,3322,4547,2335,9110,98470,40096,6708
2022,6,1,14205,47741,32180,58134,96706,2630.3,859,3442,1905,6006,77813,15918,21858
2022,6,2,2481,16572,21967,22638,14283,2630.3,2952,2169,1902,9768,34623,17228,3655
2022,6,3,78202,5523,52297,10472,20346,2630.3,732,4549,2837,8536,18078,19542,8745
2022,6,4,26121,89894,62986,89378,30260,2630.3,2332,4091,3721,5650,71728,17450,7151
2022,6,5,89305,54682,56525,41207,65913,2630.3,1167,4113,3021,9642,70937,49718,7500
2022,6,6,43561,76670,620,16398,30934,2630.3,2292,3405,4546,5277,79135,46158,9654
2022,6,7,22428,76468,95250,12501,12118,2630.3,1855,2774,3011,9731,75332,15722,16979
2022,6,8,97231,57853,64389,26604,92669,2630.3,2674,1228,3347,6596,68978,25632,1678
2022,6,9,2948,71271,65390,2494,52900,2630.3,3651,1334,2343,8406,16742,15813,44525
2022,6,10,43584,21034,99940,81595,10765,2630.3,1869,4346,3123,5228,50949,25791,25272
2022,6,11,34288,59976,78373,78987,53270,2630.3,4618,1216,4972,6359,75061,37871,47351
2022,6,12,97237,23714,79550,34580,83967,2630.3,794,2549,1112,5446,25495,31876,33728
2022,6,13,91956,43717,72575,41431,26326,2630.3,2222,1234,4851,7814,39598,12510,39876
2022,6,14,25649,10569,9337,60621,46929,2630.3,3491,4164,4462,8794,95095,24780,34398
2022,6,15,44472,11841,68682,65584,12172,2630.3,3811,1942,4244,6385,61909,30570,44177
2022,6,16,26261,45484,57535,42464,7430,2630.3,583,3077,1650,5114,93697,14770,13486
2022,6,17,22022,58541,64202,46484,19285,2630.3,2616,3755,1137,6297,29338,49660,9298
2022,6,18,66827,59502,20140,21071,45887,2630.3,1640,3498,2531,5527,30962,10566,32049
2022,6,19,89013,42898,84390,45770,64170,2630.3,4455,1190,4330,7322,49025,38614,44439
2022,6,20,72954,36642,52370,60443,9292,2630.3,894,1117,2560,6594,97187,19798,48060
2022,6,21,94995,15181,24649,38878,90708,2630.3,786,1071,4860,7510,41840,45381,5611
2022,6,22,1721,91296,97924,71051,4953,2630.3,4664,4257,4942,8385,71052,18476,46949
2022,6,23,42797,47508,85351,16709,60454,2630.3,1506,1818,2717,7506,10676,19134,32538
2022,6,24,49470,17218,848,64330,24500,2630.3,4710,1219,1370,7633,97269,21639,42689
2022,6,25,20934,73286,82250,20876,18023,2630.3,1460,1646,2160,8162,77526,27613,3302
2022,6,26,30701,30385,33061,44770,7891,2630.3,898,3711,2305,6745,38040,14502,10089
2022,6,27,25786,14103,28024,92474,71736,2630.3,4112,4021,4929,5436,29896,32951,41645
2022,6,28,16015,92710,10122,49527,40872,2630.3,2139,2923,4383,6551,49045,17260,4000
2022,6,29,36640,14944,32338,13945,81689,2630.3,2100,3826,1674,6475,16299,22567,36730
2022,6,30,18120,96764,81589,49401,59478,2630.3,3703,1843,1102,8824,41370,27769,27838
2022,7,1,68510,65694,63559,61414,14739,1882.58,3052,4681,1756,8349,27721,15214,38537
2022,7,2,76802,67900,74787,53278,84199,1882.58,2748,2314,1206,7012,56791,39483,47355
2022,7,3,52205,64987,26382,77382,22709,1882.58,1556,2570,1196,6467,68983,15094,4152
2022,7,4,25004,67036,46968,12229,11737,1882.58,1182,3538,3940,7822,41815,18990,41041
2022,7,5,24676,45916,56805,86322,99417,1882.58,805,1621,4934,8774,45354,33994,29948
2022,7,6,22690,68263,41565,8886,54730,1882.58,1171,1084,3935,6286,16634,11352,10548
2022,7,7,80532,10848,10562,39472,71817,1882.58,3961,2843,3292,5766,99164,47708,2377
2022,7,8,85714,74970,65682,97000,93509,1882.58,994,1197,1310,8910,41435,16731,27388
2022,7,9,15811,67607,62817,9746,57098,1882.58,1768,2628,3327,9350,77099,36495,37481
2022,7,10,11059,76061,99339,25703,48179,1882.58,4763,1006,4824,7214,63595,33332,48504
2022,7,11,49185,10942,15883,61187,99853,1882.58,2917,2014,4923,7085,41759,48372,7318
2022,7,12,94567,89880,36001,9246,48562,1882.58,2093,4620,1034,7783,13462,20042,13100
2022,7,13,42639,41438,20287,32464,63235,1882.58,2147,2418,1175,8029,89956,27379,1950
2022,7,14,21699,17874,59394,62975,24960,1882.58,1346,1764,3736,7347,61474,22297,17505
2022,7,15,26799,73568,48270,32311,17704,1882.58,3705,1394,1381,5343,92804,20967,49945
2022,7,16,55578,24953,83386,66754,89334,1882.58,978,2384,2567,9878,90358,48878,23342
2022,7,17,87383,51705,1108,11119,49052,1882.58,4768,2202,2501,8037,24512,20204,12582
2022,7,18,14334,59570,30546,5716,14914,1882.58,1682,1990,1006,6420,53595,20339,39703
2022,7,19,66114,64081,97724,90033,50311,1882.58,3910,2692,1138,6902,65163,21541,4434
2022,7,20,18952,81284,13744,71453,45673,1882.58,3008,1014,4177,9820,82073,29090,4609
2022,7,21,44608,75108,99582,25614,67880,1882.58,2305,3993,3608,6380,40377,33918,19529
2022,7,22,30815,79289,37964,86953,35658,1882.58,4845,1930,1532,8589,58764,12785,19479
2022,7,23,93198,16773,22792,23727,21679,1882.58,2817,1285,1324,8750,16512,14203,4865
2022,7,24,38279,20557,14549,88240,46937,1882.58,3509,2750,4214,6472,81054,36223,4927
2022,7,25,62303,5901,57185,79416,60842,1882.58,2201,1590,4073,9994,94116,37103,32301
2022,7,26,86210,63286,69741,82534,48388,1882.58,1736,1666,4899,5170,91257,28188,27992
2022,7,27,16212,79767,72291,66778,22592,1882.58,4352,4893,1204,5786,64309,11190,3346
2022,7,28,75190,6511,23181,40615,87855,1882.58,2717,4063,3286,7628,72948,11673,33649
2022,7,29,8154,36038,48340,23053,97323,1882.58,1240,4885,1440,7072,13014,16622,5949
2022,7,30,43229,98719,43200,35178,41608,1882.58,4319,3148,1510,7712,73762,34577,23861
2022,7,31,77500,17832,8641,7138,31641,1882.58,3811,1145,3978,7014,79198,47652,47942
2022,8,1,96791,77538,25167,86674,6904,2885.52,1253,1252,4375,7782,63580,33236,49825
2022,8,2,2102,96729,29959,62305,86843,2885.52,4804,1025,4528,6941,69018,37469,14536
2022,8,3,32105,25164,21448,65608,20714,2885.52,534,2504,2988,6576,20529,36243,19100
2022,8,4,12753,83136,91865,72128,80918,2885.52,1715,4371,4877,6726,61675,21720,21798
2022,8,5,82562,17832,92746,72090,81126,2885.52,910,3229,1927,7428,78836,23992,11764
2022,8,6,99161,50247,57849,78501,63175,2885.52,4743,1862,1513,5930,48054,17574,28379
2022,8,7,44758,36122,74506,29635,37796,2885.52,2706,1709,4012,7382,25150,11982,36182
2022,8,8,88568,17414,64720,91847,31123,2885.52,839,1635,1506,7384,25135,39680,9908
2022,8,9,68418,89880,65608,46283,79192,2885.52,590,3948,1134,9570,69934,20282,30014
2022,8,10,32104,87642,73344,2469,14446,2885.52,3957,3012,1822,5028,11211,13381,48494
2022,8,11,11289,27051,10017,37795,17090,2885.52,2474,1859,1382,9433,48141,36925,1504
2022,8,12,55799,69559,60874,21934,65482,2885.52,3567,2584,3449,7670,16404,49246,30809
2022,8,13,46756,86715,52259,79015,21743,2885.52,2395,4382,1871,8763,87176,40313,13470
2022,8,14,20267,31004,42173,78002,56789,2885.52,4926,2587,4872,8638,34520,41705,40314
2022,8,15,22961,9440,39290,57762,57702,2885.52,2007,4456,2408,5617,83470,30502,5695
2022,8,16,55440,42218,29886,78663,10981,2885.52,3975,2599,1546,9246,25600,37557,33414
2022,8,17,67814,56879,50145,44038,49031,2885.52,742,3342,1850,5562,46103,34508,1017
2022,8,18,13430,69463,88965,72190,61433,2885.52,2692,1871,2356,8929,11885,16684,38788
2022,8,19,48695,30862,22289,29464,8361,2885.52,2020,2525,1118,7042,36562,20149,47889
2022,8,20,34533,38657,58492,61340,80041,2885.52,847,3469,1761,9374,65659,18193,20948
2022,8,21,56303,34704,1417,3660,33633,2885.52,1996,3678,1040,5158,44493,35227,13303
2022,8,22,48525,11514,77754,85995,61382,2885.52,1143,2265,2972,7966,73604,49364,14316
2022,8,23,51935,35804,42834,58696,86968,2885.52,3241,3269,4547,8142,63280,43179,8493
2022,8,24,90664,41629,8211,51179,42265,2885.52,1406,2140,1148,8328,93135,41950,2704
2022,8,25,44827,49279,54217,14151,80266,2885.52,3514,3551,4976,5410,23599,33295,44173
2022,8,26,31193,83193,42917,90741,44202,2885.52,552,4865,2825,9676,19230,12894,6198
2022,8,27,77538,38802,13583,74459,69313,2885.52,2760,4139,2348,6976,44641,18965,6718
2022,8,28,47502,8157,33870,43830,47209,2885.52,2124,3400,1330,6392,85492,19558,7469
2022,8,29,8942,2117,52431,73120,43302,2885.52,4561,1686,4979,9495,11648,29292,4827
2022,8,30,16214,44410,9784,4914,47738,2885.52,3878,1974,3932,7747,39067,26140,4425
2022,8,31,81568,82544,20894,38580,85289,2885.52,4793,4229,1205,8922,83700,34507,22738
2022,9,1,63262,21698,73382,72758,33347,2113.37,654,2755,2456,7830,25492,33232,2674
2022,9,2,466,20732,12166,8214,76151,2113.37,4780,3694,1110,8360,60334,48288,4658
2022,9,3,84506,54564,55846,93081,38265,2113.37,1482,2877,2050,6215,13982,45396,40353
2022,9,4,98889,28661,89504,77697,38896,2113.37,2280,4361,2078,9445,63926,28229,14996
2022,9,5,10456,53707,3276,86006,98419,2113.37,645,2923,4524,6491,76004,39140,13610
2022,9,6,96844,48839,23371,75246,95054,2113.37,1993,1202,1506,6496,87989,30616,46709
2022,9,7,91493,15270,86330,59923,71068,2113.37,4503,1522,1286,8270,83879,35084,16608
2022,9,8,4092,878,18009,38617,57369,2113.37,4108,1136,4202,7670,45809,17050,10365
2022,9,9,30540,49155,64549,22261,25652,2113.37,2876,3495,1030,5558,93417,37929,18890
2022,9,10,22166,14274,69452,58832,38404,2113.37,3916,2495,1130,8276,97463,44280,19684
2022,9,11,38641,57924,14844,14195,41755,2113.37,3449,2293,1159,9349,94553,14550,27005
2022,9,12,34591,63782,1658,35101,35692,2113.37,4382,2857,1408,8833,16688,14103,45075
2022,9,13,94869,26957,22951,65429,55233,2113.37,4708,1862,4688,7302,24418,11206,36766
2022,9,14,17909,9220,41440,60420,74921,2113.37,3581,4510,1126,7926,60963,14606,2345
2022,9,15,41666,346,26027,67365,25531,2113.37,2819,1626,1023,7121,17502,15226,9068
2022,9,16,23887,28241,84185,34928,69145,2113.37,2721,3404,4174,5513,63824,18200,8604
2022,9,17,97858,92406,34958,13984,22645,2113.37,2153,4309,3969,9072,31673,18030,12273
2022,9,18,83599,95846,91252,85975,82967,2113.37,3582,1853,3022,7766,58132,23518,9783
2022,9,19,52722,62206,26924,3249,7719,2113.37,2343,1162,3152,7314,35911,22148,40748
2022,9,20,75926,34417,86458,21247,58949,2113.37,746,2546,1342,6708,44872,29646,34484
2022,9,21,9485,4807,52852,63859,48926,2113.37,2377,1646,3189,8610,19606,30907,10984
2022,9,22,5048,33590,86484,4552,13595,2113.37,1700,4519,3163,9509,27117,32111,38748
2022,9,23,63993,19217,91011,10673,2566,2113.37,1671,3401,1388,9522,92260,39614,35883
2022,9,24,20507,79638,7613,10048,93938,2113.37,954,1374,3800,7590,19887,42394,28860
2022,9,25,32538,62940,98266,22053,92450,2113.37,4164,2793,4599,5174,99818,47164,25384
2022,9,26,97409,56490,91919,54450,66012,2113.37,4063,2869,1406,8028,12916,24104,34179
2022,9,27,96888,20224,5793,75688,30366,2113.37,3082,4254,3619,6347,10518,47420,25680
2022,9,28,91731,71823,70214,36330,33349,2113.37,4846,1524,2872,8116,85206,25236,20032
2022,9,29,92295,45623,28106,72462,13651,2113.37,2917,1889,2597,8709,18928,24314,7375
2022,9,30,10741,87011,3569,15712,69711,2113.37,3131,2792,1697,6700,30474,10045,4875
2022,10,1,46673,57155,12602,54789,42362,2249.29,3434,4335,2294,9018,17985,39668,37838
2022,10,2,31517,61227,33618,16578,80155,2249.29,2317,3517,2851,6068,53227,32726,7932
2022,10,3,72513,47372,75776,72210,94198,2249.29,1938,1748,1368,7198,12009,34392,2173
2022,10,4,25081,91796,38728,7375,44043,2249.29,3395,1126,4290,6738,16984,30796,23065
2022,10,5,71297,35806,14314,65500,95187,2249.29,3225,4050,1264,5782,56260,25461,33893
2022,10,6,58878,98199,82684,34557,85442,2249.29,3948,1052,1488,7675,34247,46882,44693
2022,10,7,97092,13995,38794,31382,27360,2249.29,2177,1078,4437,5696,80506,10975,47281
2022,10,8,76736,45085,95027,8000,85437,2249.29,4813,1340,1682,5002,95221,10286,1287
2022,10,9,43541,80522,78151,46381,4549,2249.29,3263,1639,1392,8254,49372,20103,12398
2022,10,10,95689,27903,85111,95127,20746,2249.29,1101,2480,2052,9086,21832,28841,15617
2022,10,11,68766,87998,89507,34602,36846,2249.29,2230,1570,1601,6230,26766,36150,1081
2022,10,12,9131,36382,87790,51875,84790,2249.29,1977,1938,1174,6888,75603,17358,37163
2022,10,13,89056,98058,99642,32461,15537,2249.29,1301,4302,2174,6526,18903,29019,37826
2022,10,14,51888,21135,59406,33490,17867,2249.29,4639,1996,1054,7570,78870,40045,2524
2022,10,15,60943,17200,20523,42359,40639,2249.29,4519,1046,1080,8358,78506,42423,12479
2022,10,16,14691,39808,26726,56866,90615,2249.29,884,3854,3115,6594,92343,15846,11982
2022,10,17,30517,28335,44331,85773,68467,2249.29,817,4409,1630,5394,88119,31038,23201
2022,10,18,75171,48992,27085,2058,9505,2249.29,4480,1102,1749,9718,97411,18716,21943
2022,10,19,33188,49649,27571,32655,61290,2249.29,4987,3158,1912,8644,93930,49417,36266
2022,10,20,33871,36101,95179,74271,98793,2249.29,1660,3962,2289,5097,76019,16300,33299
2022,10,21,37040,36852,98692,15142,24410,2249.29,3857,3948,2103,5738,13214,23392,46104
2022,10,22,64045,72943,31551,44996,67260,2249.29,4412,1129,2933,9591,91751,26725,41834
2022,10,23,89242,79765,67040,21531,94862,2249.29,1027,3252,1261,9446,63393,20671,43059
2022,10,24,7174,47251,94620,69277,75030,2249.29,4021,4073,1042,6923,13750,24127,17575
2022,10,25,98757,94834,75258,93042,777,2249.29,4766,1369,3124,6805,44251,24337,33361
2022,10,26,96216,40279,22591,92478,51349,2249.29,4500,3522,4586,7686,44150,40967,2336
2022,10,27,58046,53172,80042,48562,10096,2249.29,2689,1694,1646,8606,18245,17558,30462
2022,10,28,14011,4364,15144,77136,57522,2249.29,1472,1558,1024,6774,78917,17373,9395
2022,10,29,92751,8418,42248,58689,48890,2249.29,4655,1934,1852,6048,71848,32368,36398
2022,10,30,92863,10890,7572,861,41540,2249.29,4635,1108,2884,9110,32684,20405,42169
2022,10,31,526,510,90494,16550,7276,2249.29,558,1377,4180,5052,91417,43069,35764
2022,11,1,7426,66357,84841,19826,54557,1928.27,2687,1810,1131,7106,23336,49652,17209
2022,11,2,39536,78886,12537,80666,27923,1928.27,2542,4783,1138,8194,52058,41901,49294
2022,11,3,14367,84789,52435,73241,76206,1928.27,2159,4982,3211,6712,19808,49119,11856
2022,11,4,86912,32496,30917,94395,62396,1928.27,4046,3282,3138,5878,98948,11060,4253
2022,11,5,22228,96491,5844,94719,26935,1928.27,2971,2653,4041,5405,30893,12862,24254
2022,11,6,17262,49405,51582,11825,52756,1928.27,944,1018,1966,7470,50412,48984,21390
2022,11,7,62466,94460,17268,95604,67394,1928.27,3015,1956,2705,5210,17043,11994,16216
2022,11,8,69464,70015,13646,44858,91773,1928.27,1456,4033,3942,8037,37209,13049,44539
2022,11,9,35780,98154,19068,72369,6367,1928.27,1352,3831,1190,8619,80786,14036,19480
2022,11,10,21187,53802,86362,50245,49012,1928.27,1236,4826,4770,9881,79683,31542,3405
2022,11,11,80772,92492,6928,91066,56882,1928.27,4114,2660,4994,6372,81380,31360,10490
2022,11,12,59013,52733,66544,39304,57705,1928.27,3339,3890,2482,9700,45486,32845,13682
2022,11,13,9457,51723,34025,15579,87956,1928.27,2121,1398,1199,6550,76143,29432,13708
2022,11,14,97242,30258,72093,72237,19791,1928.27,4948,1310,2556,6492,34458,30260,3473
2022,11,15,174,54150,75504,34009,60202,1928.27,3205,4657,4064,7229,85235,43371,20990
2022,11,16,97290,98709,78451,19841,35462,1928.27,4272,2702,1203,7716,19782,37345,4594
2022,11,17,57541,74888,32501,80097,27732,1928.27,1709,4256,2459,8878,94616,47660,33311
2022,11,18,89554,27823,83670,94970,11404,1928.27,3341,3692,1298,6791,28532,35778,35258
2022,11,19,37737,27805,84834,38940,15521,1928.27,1285,4412,2362,8785,69509,25093,6124
2022,11,20,8449,46219,85703,45908,14783,1928.27,4920,1384,4492,7188,15657,35896,30319
2022,11,21,45199,3999,60941,45517,87142,1928.27,1294,4877,3629,9946,63817,15502,39474
2022,11,22,88604,56455,54915,85966,81592,1928.27,2411,1558,1993,6236,52299,18127,24424
2022,11,23,9784,12220,38816,50629,72161,1928.27,2876,2359,4822,7642,62875,11963,4473
2022,11,24,69642,60522,86841,3272,43002,1928.27,3773,1604,3463,7384,17569,21407,17010
2022,11,25,64464,61333,11447,67809,90798,1928.27,936,1172,2316,8894,67561,14477,13746
2022,11,26,95576,70438,81837,86750,50606,1928.27,3712,1018,1584,7646,23518,30937,11064
2022,11,27,35267,8644,12542,75082,32331,1928.27,1488,3145,4147,8584,80954,14945,46464
2022,11,28,88033,83243,31879,96702,24346,1928.27,1178,1272,1228,9366,23021,36833,49440
2022,11,29,20430,88086,73433,58366,56342,1928.27,4303,1607,1945,8196,66689,20628,46951
2022,11,30,31012,63178,83774,55160,87465,1928.27,902,1849,4321,8334,88550,10046,31080
2022,12,1,66081,41291,20354,25447,64312,2294.26,875,3748,1971,9622,25090,10273,23539
2022,12,2,59896,16698,82220,44445,83387,2294.26,920,2916,2972,6966,66732,34052,2848
2022,12,3,33423,58582,14726,51757,63484,2294.26,881,4563,1034,6234,55009,41698,19745
2022,12,4,96126,17237,26799,59449,37830,2294.26,4721,4076,4938,8292,58520,18324,1889
2022,12,5,87492,50329,47593,40465,97295,2294.26,868,2069,4258,5593,98825,19094,14326
2022,12,6,41690,84708,98658,19077,7294,2294.26,2126,3418,3607,7858,62866,15586,20020
2022,12,7,55814,98941,71866,40752,17233,2294.26,864,1076,3417,9372,61540,27064,46738
2022,12,8,3698,52409,74134,9308,74354,2294.26,3401,2395,4017,6832,51471,31311,22959
2022,12,9,79783,28598,1082,83390,32522,2294.26,2530,4686,4240,5747,45437,12824,30301
2022,12,10,8837,87218,33901,22255,76590,2294.26,4318,1638,1114,9803,11900,21258,11793
2022,12,11,29114,700,3654,3132,10463,2294.26,794,1006,1425,8227,89985,15298,21477
2022,12,12,98528,47516,69986,94120,93263,2294.26,3296,3451,3991,7196,40705,11932,31775
2022,12,13,85342,6376,8571,65894,62531,2294.26,2151,1643,2919,7156,11126,16772,30869
2022,12,14,28633,11921,64978,45058,46501,2294.26,722,1174,3830,6693,55499,28444,21315
2022,12,15,28468,78796,46896,63812,52344,2294.26,743,2684,1679,5398,19930,39209,3953
2022,12,16,47887,57082,80854,95806,30591,2294.26,538,4222,1038,7498,20632,16752,41980
2022,12,17,23182,47341,28132,58364,44034,2294.26,3160,3852,3777,6407,52663,31121,33631
2022,12,18,70361,44760,68806,97040,61778,2294.26,1249,1015,2169,6918,38172,42759,38736
2022,12,19,75434,25063,68334,12038,76930,2294.26,594,1910,2657,6556,58474,13042,5318
2022,12,20,23256,61635,1896,2034,28042,2294.26,4506,4753,2021,8311,28145,10150,20911
2022,12,21,23400,14395,36166,1921,97849,2294.26,1031,4633,1512,5716,18023,42680,40690
2022,12,22,1035,13165,9144,70044,36438,2294.26,4438,1045,1216,7685,94430,39996,17618
2022,12,23,88596,43937,21103,36970,78600,2294.26,3471,3350,4993,5989,20270,44193,49248
2022,12,24,6679,47654,83827,22431,43371,2294.26,1462,1522,1526,9830,47151,17803,1850
2022,12,25,24575,46590,60201,86530,64275,2294.26,2878,4222,3566,7970,22543,27166,4631
2022,12,26,63228,86015,11869,59573,2004,2294.26,3765,1398,1144,7591,47464,11742,32140
2022,12,27,55794,95279,32975,87160,35885,2294.26,1314,1862,1715,6090,63340,14694,30127
2022,12,28,2498,56219,76565,17417,70199,2294.26,934,4777,1473,5614,18708,19829,49108
2022,12,29,71294,79467,44864,67439,17058,2294.26,4656,4202,3957,5272,92713,39841,8680
2022,12,30,69110,64029,16653,12177,11896,2294.26,4518,4392,1210,6082,48160,22760,29993
2022,12,31,11542,59095,88890,13016,81898,2294.26,4196,3190,4056,8128,36980,27465,14591
2023,1,1,92990,16669,23048,65621,9382,1418,4729,4761,1796,6524,13318,42237,29242
2023,1,2,82777,32402,44800,95211,80562,1418,1752,1008,2800,6119,37905,37390,17560
2023,1,3,85316,7448,81447,95727,60781,1418,3464,3769,1168,7863,35741,10574,8912
2023,1,4,17105,86823,41075,12998,50080,1418,1586,2855,2836,6385,28066,19026,9084
2023,1,5,50297,51171,60758,23097,3642,1418,982,1262,3814,7758,16694,49594,15015
2023,1,6,17197,15851,69716,42776,53714,1418,890,2170,2278,6090,11318,42357,5457
2023,1,7,26951,38107,91566,34787,4492,1418,4535,1140,3505,6645,94236,14302,35984
2023,1,8,31660,21076,28807,70474,29360,1418,1419,1555,3394,6134,11376,48459,46193
2023,1,9,61591,16124,35630,70221,83991,1418,3930,1890,1050,8070,62078,11098,2150
2023,1,10,56479,17967,82239,59984,34612,1418,3481,2622,3902,8639,69448,43261,42828
2023,1,11,91184,55868,6170,69578,12003,1418,3036,4944,2975,7158,76517,11966,11853
2023,1,12,38520,5448,39259,28775,25943,1418,1224,3772,1320,9640,75107,20266,1338
2023,1,13,47643,74941,52889,77897,3580,1418,1157,4762,4556,7326,64339,22910,22337
2023,1,14,55531,98728,12855,83507,85098,1418,1824,3616,1170,7434,68742,13886,5724
2023,1,15,85124,24968,52237,20779,96135,1418,1044,3776,2283,9430,21672,22214,27344
2023,1,16,98974,59182,16977,93530,2861,1418,2791,3390,2747,8022,58248,14196,47668
2023,1,17,67722,86425,37814,78893,53860,1418,2356,3982,4226,7630,59761,10360,22908
2023,1,18,28289,67158,4137,46925,27443,1418,4138,2768,2694,9898,52649,36906,42161
2023,1,19,16487,85442,11649,29234,47440,1418,3430,1350,1321,7595,10404,10180,19898
2023,1,20,20503,42762,49164,84730,43707,1418,782,3346,2433,5578,51622,36228,25277
2023,1,21,24091,37114,95349,41785,39581,1418,822,1066,3438,6691,13286,47229,47998
2023,1,22,76589,45083,12391,49262,59030,1418,794,4531,1907,5266,80612,41965,22795
2023,1,23,66586,42055,30313,59019,23985,1418,1598,3074,1626,6946,12432,24979,48287
2023,1,24,54945,1254,47399,4735,7945,1418,1964,1778,1966,5718,66498,19513,49051
2023,1,25,69853,42293,65397,68113,83602,1418,686,1538,4415,6741,41908,44751,12362
2023,1,26,55029,53508,9178,90428,76806,1418,1759,3101,2994,9157,52836,14590,15389
2023,1,27,78208,71153,74528,5044,18211,1418,4556,4414,3317,6304,72526,33270,41026
2023,1,28,18666,82605,49809,39433,39346,1418,535,1460,1854,9713,18598,38381,41717
2023,1,29,41454,99265,86483,74448,28422,1418,3090,2980,1822,5244,28023,11384,39319
2023,1,30,63643,18932,65800,63312,91588,1418,1581,1605,2281,5492,82389,26627,38326
2023,1,31,4458,82926,3705,66034,8991,1418,4414,1802,1922,7238,41243,15246,21210
2023,2,1,89334,88227,89742,28303,32602,1663.11,1944,2884,3277,6458,75824,21602,1127
2023,2,2,34541,2430,8885,47282,84819,1663.11,1738,4095,1919,8256,93085,43129,1864
2023,2,3,38538,43530,63603,45787,1125,1663.11,2353,1858,3427,8406,18759,32381,45202
2023,2,4,49573,27056,66618,82850,15015,1663.11,804,4554,1222,6040,96835,12393,42442
2023,2,5,14256,64926,46489,36175,99050,1663.11,655,2586,1624,9258,99724,16931,5927
2023,2,6,20812,92078,23741,54239,90525,1663.11,2971,1448,1822,5941,55650,17272,8852
2023,2,7,78383,26455,66827,55958,38847,1663.11,3350,3101,4938,9686,11264,43987,13662
2023,2,8,20765,1284,97927,36572,76894,1663.11,4854,2704,1080,7198,68294,46604,47651
2023,2,9,52446,37619,53053,54704,73560,1663.11,1975,3293,1508,8801,24250,40354,8703
2023,2,10,18815,42601,59808,63754,23792,1663.11,4092,1824,3070,8102,97479,19936,15436
2023,2,11,36022,83686,74020,42102,77281,1663.11,526,4725,4931,8932,12646,13990,42314
2023,2,12,33165,72757,21785,1025,27911,1663.11,2731,3076,4987,7538,26829,28778,12387
2023,2,13,49326,67275,89686,48748,5645,1663.11,566,1665,2202,9081,83766,30834,3517
2023,2,14,41396,55176,10560,37679,79638,1663.11,2521,4153,1826,5657,30177,28359,27693
2023,2,15,8044,54261,91436,29383,38152,1663.11,3160,2476,3243,8406,52576,23887,34618
2023,2,16,84067,77639,65554,87621,76721,1663.11,3454,4467,1704,5366,88497,16836,15672
2023,2,17,23059,96019,45990,39860,58028,1663.11,3218,1071,1779,6006,11805,34930,26167
2023,2,18,26976,86319,88759,45219,50517,1663.11,924,1878,3973,8150,38555,12045,41335
2023,2,19,33035,23362,62865,70234,18728,1663.11,2069,3138,3732,6126,97997,21759,1362
2023,2,20,25577,82569,4183,72356,58575,1663.11,3637,1901,2306,9614,63471,19174,15989
2023,2,21,3731,48929,20109,39056,16292,1663.11,1100,4325,2025,7938,35910,17104,8664
2023,2,22,65327,22980,75243,29059,72390,1663.11,2169,4317,1626,5438,12130,30734,23241
2023,2,23,87341,76663,32636,5999,39059,1663.11,718,2789,1386,5280,98196,27677,12459
2023,2,24,53945,49298,43355,52322,79614,1663.11,4425,4939,3595,9346,90349,14682,29265
2023,2,25,34261,73872,21655,90069,45224,1663.11,802,3915,2693,9789,54913,23104,41032
2023,2,26,98600,30086,32246,59986,25366,1663.11,4015,1332,4738,7452,47982,18714,30442
2023,2,27,9339,33761,20644,27934,94781,1663.11,1622,4040,1216,9628,35460,46439,27346
2023,2,28,30660,72615,11707,64705,58756,1663.11,2808,2354,1704,8054,17339,22069,16620
2023,3,1,87707,34084,96586,1429,98418,2084.84,766,2177,2933,5051,43309,36630,22290
2023,3,2,23026,72350,37847,12654,24162,2084.84,3312,1775,2343,8748,55530,45314,1286
2023,3,3,62178,12885,92019,48584,46577,2084.84,4078,4282,1758,5663,52062,29292,30440
2023,3,4,34306,79181,11470,27239,34233,2084.84,910,2257,4832,8066,86263,33994,21132
2023,3,5,35056,45928,97122,63751,70297,2084.84,4064,3826,1888,7434,97409,28464,2653
2023,3,6,14226,46488,79100,95101,8503,2084.84,744,2807,1694,8565,86397,10926,47514
2023,3,7,89697,66618,34536,49530,1036,2084.84,3523,2442,3078,5222,16192,13526,37151
2023,3,8,99649,91609,2201,81538,75395,2084.84,1353,1954,2448,7246,17424,37303,15962
2023,3,9,69319,8169,46463,96013,26734,2084.84,3290,1430,1668,8364,65959,33217,49213
2023,3,10,61329,15835,85660,44407,62831,2084.84,4132,2479,1164,5380,60368,12542,18205
2023,3,11,48647,3074,23884,27448,24879,2084.84,4750,1106,4475,7564,13130,26208,41308
2023,3,12,26777,79851,8991,42607,20380,2084.84,2175,1707,2135,7834,26113,19966,41302
2023,3,13,96039,56599,48798,38556,89284,2084.84,982,2929,3590,5734,65376,19820,25518
2023,3,14,21657,96479,80369,87484,74044,2084.84,3691,1648,3130,9034,59777,14070,36929
2023,3,15,80336,51953,1570,87472,29788,2084.84,3789,2177,1276,8938,80732,39916,44036
2023,3,16,64456,37199,27846,9398,17548,2084.84,4218,1120,1052,9586,43038,30095,9575
2023,3,17,62868,23083,97268,62350,12117,2084.84,2211,2451,3997,7572,96274,10282,7045
2023,3,18,27817,86416,13666,44802,25354,2084.84,4717,4808,2948,8914,99206,31848,10751
2023,3,19,88489,94777,37404,10894,54363,2084.84,2340,3581,4876,9224,12283,31992,30443
2023,3,20,61653,94495,40796,87002,94628,2084.84,2137,3795,4837,5802,83596,15191,37071
2023,3,21,66553,34666,71352,30854,13581,2084.84,2701,3420,1685,6456,29313,19270,20558
2023,3,22,63251,36655,85982,83127,57614,2084.84,502,4265,4111,9094,12542,14982,48265
2023,3,23,25689,64756,58887,65526,36911,2084.84,716,3462,2148,8302,50667,14170,42483
2023,3,24,88978,79721,41853,70664,46178,2084.84,3063,1568,1058,5396,17822,48137,37519
2023,3,25,40014,40377,17404,49125,12643,2084.84,4214,3330,4777,8100,15454,41687,40022
2023,3,26,86936,50925,61502,80436,52993,2084.84,3867,3322,3241,5719,45337,20770,28522
2023,3,27,33238,68401,96551,73762,10149,2084.84,1899,1358,2184,5654,99285,24827,5457
2023,3,28,45676,84853,29510,66805,29305,2084.84,4843,2591,1294,6345,13026,19986,49718
2023,3,29,14867,16894,28309,39460,62614,2084.84,950,2202,3397,6780,85964,18546,23646
2023,3,30,28589,74216,18708,90773,79870,2084.84,1951,1896,1108,5874,17412,14853,34346
2023,3,31,61179,33545,97446,78173,36242,2084.84,3159,2459,3717,6467,13848,22682,26824
2023,4,1,33502,51237,24863,56634,37201,2215.5,914,1415,4820,9410,15282,45517,9761
2023,4,2,74298,49534,31067,2111,74587,2215.5,4640,4482,1068,7813,60724,11598,12272
2023,4,3,5973,28184,12962,98792,51455,2215.5,522,1307,3231,6471,57940,40432,1996
2023,4,4,32584,59514,68200,77404,68212,2215.5,2920,3860,3073,5558,60970,32659,42189
2023,4,5,32611,40611,57142,58679,98424,2215.5,2922,4395,3753,7134,19539,30207,34218
2023,4,6,92879,1148,31516,96111,7619,2215.5,2894,1554,1673,7445,50309,49884,5808
2023,4,7,29634,39583,8745,87707,59921,2215.5,1717,3882,1676,7728,83913,25100,19715
2023,4,8,28077,11836,45848,23182,52720,2215.5,3389,1949,1534,5054,74411,40504,15387
2023,4,9,23416,43658,63411,5089,97456,2215.5,4972,3440,3302,7442,31147,13222,13721
2023,4,10,49783,84217,38458,76460,94428,2215.5,2911,2504,4205,7526,62037,13134,22371
2023,4,11,45498,15427,65227,28384,33035,2215.5,986,2802,2008,8650,77890,13454,5990
2023,4,12,12371,49216,56895,82025,12932,2215.5,1598,4066,3610,8310,55525,33037,4394
2023,4,13,72426,89789,21894,6632,69899,2215.5,1259,1610,1428,5970,60130,15096,33932
2023,4,14,63828,95371,37899,79827,10373,2215.5,3280,4094,1654,5878,21118,44287,15789
2023,4,15,54569,32717,73354,59531,99125,2215.5,2567,1549,1370,8932,94532,21268,45231
2023,4,16,48393,20793,36665,80454,28630,2215.5,549,2456,3516,6904,72282,35240,13147
2023,4,17,99237,81915,74335,80592,48442,2215.5,1230,4361,4521,9176,78891,20004,11805
2023,4,18,26166,21459,31547,77536,2272,2215.5,654,2015,1871,7310,47469,25500,26080
2023,4,19,81319,93019,84310,6188,76467,2215.5,1427,2054,4858,5762,88997,19651,22944
2023,4,20,43919,80229,39013,4792,61164,2215.5,4788,3681,4361,6335,81216,15980,17904
2023,4,21,38767,12725,25001,85638,80897,2215.5,2489,2215,1982,8150,68402,16622,22470
2023,4,22,51095,9830,50361,22305,41944,2215.5,1955,1734,1884,7806,90653,47101,39358
2023,4,23,15223,71795,783,70936,68130,2215.5,3920,1895,1075,7852,17778,41971,48351
2023,4,24,26391,2726,54187,8231,80877,2215.5,1536,1970,3770,6506,54274,40713,22589
2023,4,25,88959,12582,92928,24896,9901,2215.5,1996,1046,1727,5566,96057,12426,49934
2023,4,26,21130,24979,63104,48557,78900,2215.5,527,1186,1064,9438,29872,38292,38340
2023,4,27,33655,96409,20263,82425,29658,2215.5,4490,4967,4821,8769,59862,29721,40889
2023,4,28,98703,81860,54844,70430,20990,2215.5,1637,3470,1768,6092,14062,21130,1814
2023,4,29,10784,47555,92772,1849,58621,2215.5,590,2274,4052,6755,91051,15061,22644
2023,4,30,33996,80542,29,53818,79311,2215.5,3538,4365,3101,9478,81146,45443,26243
2023,5,1,24137,53914,97867,30229,77293,1456.45,2364,1198,1767,9212,99818,34411,18997
2023,5,2,65705,8445,19816,8812,99496,1456.45,2807,1388,2608,5962,92051,43850,1229
2023,5,3,12867,86417,51953,67601,83915,1456.45,4587,3050,4012,7453,54631,11304,13748
2023,5,4,72802,11996,52503,34570,87560,1456.45,674,4615,2117,6026,78427,42964,18673
2023,5,5,72728,37587,5706,90336,66915,1456.45,4185,4780,1058,9986,63733,34438,47757
2023,5,6,16237,53321,8842,50250,57127,1456.45,2905,4927,1819,6678,64496,29378,13473
2023,5,7,99081,99829,65346,92550,87680,1456.45,514,1654,2710,9822,50741,14624,43773
2023,5,8,5328,51280,44406,22204,3769,1456.45,1641,1357,2810,7366,11862,34936,8139
2023,5,9,11659,97216,64865,3478,27624,1456.45,4207,3056,1893,9116,51957,49572,45713
2023,5,10,24678,53824,9980,22389,45043,1456.45,2012,1721,3351,7769,88924,48472,27073
2023,5,11,72260,11919,84830,50071,43753,1456.45,1358,1763,1354,6222,75240,45330,4140
2023,5,12,11936,90801,4739,73829,71706,1456.45,4752,1382,1048,9731,35122,21913,6696
2023,5,13,26805,22136,38636,71508,86257,1456.45,4979,3516,1668,9350,24938,15934,43912
2023,5,14,25300,26297,87698,43007,8872,1456.45,3336,2158,1441,6158,27338,16302,29290
2023,5,15,66122,67091,70882,92993,16823,1456.45,4906,4978,4490,9893,31485,30747,6004
2023,5,16,80157,51466,5616,35987,72626,1456.45,3272,4277,3201,9314,57283,48424,30554
2023,5,17,51611,61972,35583,54405,71398,1456.45,2550,2518,1363,6872,30511,29537,29273
2023,5,18,5788,11770,55868,50278,48015,1456.45,2376,3170,1422,5992,80508,44147,37353
2023,5,19,49897,65133,58425,23099,37454,1456.45,2874,1694,4030,6924,59820,15427,32060
2023,5,20,69082,72371,19298,31797,72155,1456.45,1333,4293,4281,7114,60922,42295,16161
2023,5,21,70906,58300,86819,42427,61291,1456.45,1573,1187,3811,5426,50637,36264,33679
2023,5,22,93409,88512,91681,3791,78321,1456.45,569,3754,1575,9744,95550,45081,17853
2023,5,23,87380,6885,39375,81662,90437,1456.45,626,2693,3595,7126,20120,36238,1218
2023,5,24,27158,23046,63778,75969,84396,1456.45,3584,4155,4277,8790,14298,13950,14415
2023,5,25,54470,99868,77705,11045,21087,1456.45,1125,3466,1490,5499,12968,13146,23255
2023,5,26,95797,46788,97325,70744,90267,1456.45,1981,2423,1842,7110,19496,15188,33797
2023,5,27,17877,88328,68097,37155,74945,1456.45,2456,4414,3614,6078,40458,36052,32395
2023,5,28,51119,96585,60871,47610,8436,1456.45,2240,1176,1986,9138,91327,37107,17350
2023,5,29,14714,14661,70883,71556,1772,1456.45,1002,4647,3952,7194,73153,10249,30626
2023,5,30,12340,56962,89664,27306,18474,1456.45,3357,4592,4409,8466,33553,17845,46474
2023,5,31,7930,794,88429,38419,81710,1456.45,1877,1422,1546,5528,84329,28891,46108
2023,6,1,29826,48539,28690,59771,38045,1446.13,3461,1910,4953,8502,13479,15566,5291
2023,6,2,11828,99424,17189,52408,32977,1446.13,684,1038,1165,5107,48182,18254,1386
2023,6,3,6986,60958,29394,69745,45287,1446.13,4481,1464,3174,9054,67586,27570,8285
2023,6,4,79813,72400,72577,91118,4518,1446.13,3895,1344,3182,9770,68752,18678,2408
2023,6,5,173,45442,17632,6339,76901,1446.13,4963,3885,3122,8722,69982,38409,15814
2023,6,6,28993,15816,96226,68519,90338,1446.13,1089,1262,2562,5017,77618,23431,13812
2023,6,7,37425,26514,89776,55607,25302,1446.13,3116,1922,1672,7099,48163,13573,24880
2023,6,8,22913,73127,13811,66036,43835,1446.13,796,2826,1928,7021,41345,22648,1230
2023,6,9,47185,3787,9150,99747,38804,1446.13,3177,1227,4633,9304,48185,19766,36768
2023,6,10,70537,71302,96760,23561,28401,1446.13,3485,2664,4401,7296,50051,28236,44924
2023,6,11,83793,37200,67415,99753,20573,1446.13,3752,2756,2545,7902,83854,10854,8760
2023,6,12,34670,73384,43928,64303,69041,1446.13,588,1866,1117,8700,79488,40869,8465
2023,6,13,9976,32975,24887,44377,16623,1446.13,2612,1686,3489,6379,16518,49061,24938
2023,6,14,15139,55272,33171,44037,19526,1446.13,1736,1102,1760,8094,34849,42152,33377
2023,6,15,80481,86790,48081,76599,35490,1446.13,2467,1886,3246,8705,12396,26220,43921
2023,6,16,33644,45158,42988,78485,51537,1446.13,2545,1675,1128,7067,27063,10598,9506
2023,6,17,10445,38800,21201,33557,27168,1446.13,708,2648,1094,9590,19446,11032,22402
2023,6,18,50413,34418,72849,60012,93124,1446.13,1231,3118,4199,9218,21602,25735,29042
2023,6,19,5077,65500,58763,36205,42568,1446.13,3210,3011,1964,6166,86567,18144,35826
2023,6,20,29516,28628,92145,5058,35120,1446.13,2441,1072,3512,5290,45542,11978,9095
2023,6,21,84332,48127,96106,24883,77345,1446.13,618,2420,4558,9380,34977,42125,17708
2023,6,22,61559,38188,11489,18888,95302,1446.13,3383,4816,4386,5528,29873,44505,14408
2023,6,23,4623,62316,80038,64487,67606,1446.13,2473,3288,1062,7166,93171,33754,41932
2023,6,24,47638,10142,82527,63549,85874,1446.13,673,2431,2042,7038,82670,17343,17504
2023,6,25,47922,86055,92160,7309,81583,1446.13,3165,2556,1410,9118,67043,34657,22034
2023,6,26,56487,869,52946,62896,30800,1446.13,1649,3436,2609,9176,41984,24835,12469
2023,6,27,63032,64011,22267,35075,97525,1446.13,2417,1797,2343,9164,85457,38925,4938
2023,6,28,32963,3624,7834,33663,18178,1446.13,4671,1015,2097,7616,53911,22896,41229
2023,6,29,66438,16913,17685,39047,62441,1446.13,962,1918,1302,5010,76898,15658,26022
2023,6,30,73790,79316,32057,81133,90245,1446.13,1409,3206,2489,9654,73220,22018,33867
2023,7,1,7892,79387,10273,11861,49650,1891.81,3297,1561,2204,7400,45354,43225,33169
2023,7,2,63930,87179,99609,32782,64077,1891.81,2922,3391,1924,6646,49988,35790,19868
2023,7,3,23168,73195,89632,33762,62768,1891.81,584,2010,1035,5856,15222,40684,11650
2023,7,4,95377,9872,73599,62582,43568,1891.81,2158,3848,2482,7098,72981,11670,35305
2023,7,5,7987,12256,46302,9911,32662,1891.81,2052,1666,1682,6762,89589,14955,12642
2023,7,6,29686,41527,68318,87073,3735,1891.81,4109,4111,3411,8128,78044,13350,33541
2023,7,7,19364,203,93531,58198,38322,1891.81,1107,1308,1014,7530,72570,27779,16512
2023,7,8,36403,34624,99960,38591,2659,1891.81,4897,3695,2427,8214,52120,18726,5902
2023,7,9,88107,46230,66625,81519,46641,1891.81,4848,2355,1223,9472,40552,15896,44669
2023,7,10,27595,18012,62205,22714,58124,1891.81,1844,4525,2102,6804,49467,19070,1128
2023,7,11,89058,69365,69809,36485,73932,1891.81,3997,2037,4509,6974,59907,31149,21929
2023,7,12,47995,94757,29857,25570,55840,1891.81,1466,3433,4771,8182,12302,12894,36761
2023,7,13,71150,72992,73773,73252,56148,1891.81,4364,1702,1262,8354,98040,49239,39592
2023,7,14,86101,18390,77629,86962,21716,1891.81,3110,4710,3644,7966,95279,17962,37537
2023,7,15,34727,36746,87917,55850,73121,1891.81,830,4269,4758,5219,33873,11820,10416
2023,7,16,64812,28238,17462,6472,8762,1891.81,2062,1213,2006,9690,98174,21958,31854
2023,7,17,37227,16285,58021,2223,80603,1891.81,1705,1680,1397,7862,15554,45869,3300
2023,7,18,37742,55329,40139,37500,80549,1891.81,4756,1711,3600,7148,84534,43713,40364
2023,7,19,75423,6597,54927,42017,6287,1891.81,3974,4865,1482,8346,62087,32690,3101
2023,7,20,57999,85146,14371,80748,12472,1891.81,1616,1766,4932,6222,16282,36832,34604
2023,7,21,23471,13820,64896,58423,57389,1891.81,2136,4162,1025,7062,91178,28663,49430
2023,7,22,10164,21506,38529,95900,9852,1891.81,3590,2849,2113,9312,48596,14584,16969
2023,7,23,60269,25213,81149,50201,58320,1891.81,3384,3141,4030,8279,56563,22770,35212
2023,7,24,67709,58700,21933,23734,15763,1891.81,2396,2277,1944,7277,38176,10819,29463
2023,7,25,74246,33119,28669,92711,42432,1891.81,3646,2699,3829,9598,69251,43500,43618
2023,7,26,90006,22636,91642,5388,57267,1891.81,4509,4974,3256,5596,65059,10750,48206
2023,7,27,62256,83808,97648,13224,57437,1891.81,4042,3033,1206,9062,40743,44077,2177
2023,7,28,12680,80742,63129,47862,85536,1891.81,1361,1892,1366,9355,97279,44984,48732
2023,7,29,13913,91789,69959,37169,24582,1891.81,3891,3189,1486,6538,16412,17940,1370
2023,7,30,75067,6807,57000,76714,25869,1891.81,790,4900,4836,8982,11074,46723,47743
2023,7,31,49003,44123,88617,36722,93478,1891.81,1705,3741,1582,8016,60910,10638,2248
2023,8,1,69802,54511,70915,92692,87275,2502.26,4110,4080,1879,6654,36301,15718,29881
2023,8,2,97966,91202,62162,98237,93963,2502.26,3591,4436,2501,5142,64266,16100,8886
2023,8,3,98370,88008,76489,66386,65270,2502.26,2123,1422,3672,6084,44114,35947,27811
2023,8,4,69270,44577,96380,22501,5400,2502.26,4826,3364,3881,7978,17953,34195,32681
2023,8,5,10873,81545,88633,74726,98209,2502.26,826,1577,2257,7314,79315,22527,19251
2023,8,6,61477,81439,73950,76502,70828,2502.26,3800,1449,3991,5179,78949,12022,34416
2023,8,7,7861,85128,20460,48094,37116,2502.26,3641,2987,1308,7260,22713,14038,38413
2023,8,8,72876,79892,63798,46485,97206,2502.26,4011,1398,1814,9313,51535,28082,43113
2023,8,9,10081,30336,884,5425,21867,2502.26,1166,1078,1312,5964,94172,18427,46185
2023,8,10,97742,9166,82767,34050,12791,2502.26,1269,1340,1722,5067,32149,15280,21832
2023,8,11,24532,17514,6667,81787,93179,2502.26,4868,3258,1240,6078,17374,43106,24554
2023,8,12,6936,31202,89186,4600,74179,2502.26,4378,1920,3874,8497,22321,21664,49710
2023,8,13,60329,23592,23682,78404,5011,2502.26,710,4541,1047,6701,11327,49225,22183
2023,8,14,7607,37548,18837,28847,64651,2502.26,3304,2938,1286,7489,92537,15602,43871
2023,8,15,93551,48269,53875,2425,86766,2502.26,890,2093,1138,7718,41848,37500,26196
2023,8,16,69009,68236,83395,75056,1289,2502.26,633,3894,3621,9469,37740,29623,11074
2023,8,17,53340,42398,17562,44764,19887,2502.26,740,4789,4719,9606,48565,27836,26452
2023,8,18,56787,89007,41282,89278,85832,2502.26,3129,4839,2717,6523,46247,19006,33131
2023,8,19,37598,36881,77901,86219,46350,2502.26,2193,4688,4390,6107,60803,10628,31994
2023,8,20,8911,71169,40418,99982,51760,2502.26,2817,4898,4341,9098,30527,46524,38984
2023,8,21,18581,73657,51365,86299,181,2502.26,618,2777,1696,9556,40347,47192,13964
2023,8,22,81550,88893,13233,72292,55000,2502.26,4272,3909,1556,9689,63890,29668,24037
2023,8,23,45025,58060,70919,39366,77159,2502.26,890,2090,1453,7222,98388,41633,1446
2023,8,24,17570,53693,45763,68413,19602,2502.26,1956,2502,1354,6190,89794,12705,2462
2023,8,25,1929,89067,42968,63486,45108,2502.26,4505,1126,1269,6918,45849,24779,23210
2023,8,26,81869,98092,86870,73322,18050,2502.26,1307,1970,1238,7069,36734,24903,35259
2023,8,27,45884,18691,92407,53590,46584,2502.26,1294,3511,3970,9261,28348,49077,48553
2023,8,28,82472,37854,55562,80093,18277,2502.26,4871,1496,2206,6990,89818,17014,17764
2023,8,29,43351,87478,2227,98654,30899,2502.26,4908,1781,1450,8666,30370,36938,5314
2023,8,30,97219,63018,1803,1189,38631,2502.26,1618,1101,4356,8531,17545,10558,30151
2023,8,31,56295,72417,19130,88502,30510,2502.26,942,3859,2776,7384,88864,43674,25300
2023,9,1,95126,36809,19357,93792,83531,1933.67,1010,1547,4448,8550,85178,20951,22647
2023,9,2,75169,22632,5308,13701,40178,1933.67,1346,3945,4772,9662,59454,11454,24292
2023,9,3,46309,49667,14200,36349,54883,1933.67,1700,1078,2386,7408,43799,10916,24227
2023,9,4,90056,51162,57465,80856,76064,1933.67,3158,1232,2977,6940,81284,18054,8995
2023,9,5,64110,83983,83453,23882,75183,1933.67,1657,2842,1134,5856,90542,30159,9259
2023,9,6,46435,72244,30167,73821,89652,1933.67,4737,1058,1478,8553,93266,17542,40318
2023,9,7,33900,11425,85127,31877,51243,1933.67,1383,1434,3096,6187,55584,24630,32763
2023,9,8,61798,97242,12474,87075,69451,1933.67,2233,2236,1610,7512,12124,47614,19368
2023,9,9,4070,7147,10025,61900,65700,1933.67,793,1910,1067,7271,47826,32309,3291
2023,9,10,96386,50562,14013,79483,53101,1933.67,4112,4898,4542,5884,15846,18992,35949
2023,9,11,2306,85558,17581,10268,99309,1933.67,2881,3377,1576,8526,81629,12834,23638
2023,9,12,53901,77423,28785,84968,91047,1933.67,2276,2431,4876,7640,66913,29329,42964
2023,9,13,83590,37379,44228,83132,20316,1933.67,3475,2620,3108,6055,32888,13768,12552
2023,9,14,9694,57122,83499,56829,7732,1933.67,1015,1632,3901,9278,46599,49947,15128
2023,9,15,40467,13877,37380,16696,11517,1933.67,1024,1457,3022,6603,94588,44690,20645
2023,9,16,85507,63064,17311,33615,65472,1933.67,3734,1516,1078,7232,48344,47755,16551
2023,9,17,62360,50712,9388,37614,81864,1933.67,2560,3681,1215,5194,55376,14083,5988
2023,9,18,61937,1401,25542,36311,24356,1933.67,1000,4861,1804,8311,59827,31368,36482
2023,9,19,31214,73563,72885,71238,70795,1933.67,700,4506,3292,9474,87119,36507,37581
2023,9,20,17072,91032,25189,3287,32324,1933.67,3722,4259,3317,9263,30569,22673,30566
2023,9,21,95745,61571,48887,11642,26234,1933.67,4361,3798,3628,9010,45036,35774,8715
2023,9,22,19827,80382,35281,8119,41466,1933.67,4625,3537,4783,6165,78175,12106,38752
2023,9,23,16731,11898,72718,31401,87513,1933.67,860,4609,1208,9311,27602,23793,3287
2023,9,24,44378,36965,97593,43006,19210,1933.67,3780,1578,1436,6742,63505,47178,8981
2023,9,25,19165,74483,72068,65300,10649,1933.67,2405,3730,3492,6474,75130,16005,16596
2023,9,26,36113,45556,81967,17322,81220,1933.67,2466,1202,1532,5670,68602,32094,9569
2023,9,27,30391,97383,37482,2456,94147,1933.67,986,3310,1821,8053,78609,18821,1986
2023,9,28,54649,22367,62553,49494,38841,1933.67,1850,4953,1894,7642,17262,47161,4035
2023,9,29,23385,66093,39110,86270,37504,1933.67,3363,4245,1445,5844,86701,15592,7712
2023,9,30,23184,2688,45255,31358,7093,1933.67,742,3093,2582,9082,27586,17775,40217
2023,10,1,59437,9081,15412,89605,17707,3208.68,4340,1270,4385,5609,54005,16908,28925
2023,10,2,83973,54604,29895,6170,41305,3208.68,4352,1402,3445,7061,67435,13661,11839
2023,10,3,27241,45529,42596,72675,89467,3208.68,2143,1046,1614,7822,54858,19860,26723
2023,10,4,49183,552,36364,33569,16161,3208.68,2017,1485,1323,8263,22654,18979,6721
2023,10,5,66455,68359,79323,89900,45421,3208.68,3560,4012,4990,5024,61686,14457,13111
2023,10,6,89231,50183,96064,75033,54089,3208.68,1245,3271,2825,7608,53191,33985,17275
2023,10,7,54329,11561,16823,32005,99824,3208.68,983,1277,4187,5046,56176,35959,5829
2023,10,8,93417,26089,74972,18407,38597,3208.68,4215,2826,3191,5279,19210,23632,3010
2023,10,9,28906,30456,93256,96731,94416,3208.68,2067,1686,4358,7790,97100,24181,46447
2023,10,10,69719,48084,56812,10258,78390,3208.68,1216,3157,1742,7539,22916,44024,12988
2023,10,11,56902,88484,38203,76445,50115,3208.68,678,4019,1154,9683,75749,14987,23765
2023,10,12,6130,72818,96436,80488,3060,3208.68,1021,2777,2971,7832,83035,36360,43536
2023,10,13,57172,95604,40871,12600,99496,3208.68,2975,1396,3621,7529,32840,18736,30139
2023,10,14,51295,99270,97756,88219,58953,3208.68,4557,1434,2674,5993,78273,15733,39858
2023,10,15,9529,65647,54863,83852,93479,3208.68,1564,2002,4853,7434,79601,15700,4250
2023,10,16,57573,18930,22097,42546,12811,3208.68,2633,4104,1909,5389,68674,45862,21289
2023,10,17,65247,88233,43649,44273,4226,3208.68,1357,1830,3920,7571,13957,47398,21922
2023,10,18,51822,50522,64401,18027,44308,3208.68,3726,3231,1280,8726,60776,16900,10355
2023,10,19,9815,38411,88903,96725,30152,3208.68,3938,1749,1626,8938,72373,16385,7577
2023,10,20,57212,15083,96492,61132,12654,3208.68,3530,1662,2321,9282,15204,37980,26801
2023,10,21,15989,15283,56212,11624,53809,3208.68,622,3623,1749,8971,76699,18252,33340
2023,10,22,66548,51990,30002,28709,70928,3208.68,814,4490,3808,7936,11254,12814,18727
2023,10,23,34737,80505,43641,28410,19787,3208.68,1389,1560,1946,5210,63750,44288,25198
2023,10,24,72293,83820,24264,60394,9143,3208.68,3646,2042,4303,10008,37102,40230,1936
2023,10,25,43727,32196,84721,93887,40133,3208.68,1700,4868,2198,6693,19630,23337,6695
2023,10,26,91891,86020,75465,82370,24973,3208.68,3009,2264,4386,7272,57657,14880,39215
2023,10,27,68235,36304,56923,53890,77656,3208.68,952,2733,2572,6206,31619,32704,44025
2023,10,28,18239,4673,73925,5438,37718,3208.68,3774,4607,1862,8486,28328,20898,43555
2023,10,29,59805,87691,18163,99191,54963,3208.68,4071,4549,4827,7345,93438,22482,42172
2023,10,30,47723,3911,60216,6647,15455,3208.68,702,3692,4210,9626,55481,16927,8187
2023,10,31,89534,608,12887,1812,21198,3208.68,2709,1002,1058,7223,96544,14646,7568
2023,11,1,60616,56121,94222,14314,49560,1646.47,3387,4821,4622,5033,85275,34161,33056
2023,11,2,90736,35320,63372,86714,7154,1646.47,2598,2760,4537,8828,28958,33456,46652
2023,11,3,33471,9961,78714,90694,6505,1646.47,1440,3472,2757,7013,14137,17316,45286
2023,11,4,70,92525,3490,26044,93910,1646.47,846,4644,1788,9928,87709,13941,5117
2023,11,5,2932,80309,71702,62469,91070,1646.47,2277,4540,1971,7990,15233,49828,17012
2023,11,6,2628,88026,49653,70386,55040,1646.47,4053,1460,2665,7543,97503,16574,13790
2023,11,7,29012,74061,67571,85800,30341,1646.47,4740,3271,3291,7794,12091,18732,21632
2023,11,8,54806,24369,83902,98130,31712,1646.47,2957,4338,3512,7932,21075,17112,15487
2023,11,9,94103,25130,30012,66768,49025,1646.47,4693,3035,4278,7240,63835,14618,43867
2023,11,10,5247,13576,14242,73539,67722,1646.47,2899,2527,2053,6314,37008,48764,42686
2023,11,11,48639,1318,49456,52151,15279,1646.47,2053,4380,1328,6842,92499,44683,20531
2023,11,12,33636,42193,22720,67914,75808,1646.47,3884,2405,2833,9477,70943,18070,2907
2023,11,13,22163,20195,39435,89217,53347,1646.47,4332,3337,2759,7584,86839,18788,26443
2023,11,14,40671,13894,18770,36330,3662,1646.47,2365,2296,4812,6436,21562,45619,11269
2023,11,15,39343,70447,43025,72176,66276,1646.47,4082,3438,1038,8516,77654,20213,30321
2023,11,16,4959,98339,38551,99070,68479,1646.47,3458,4148,1986,7227,45477,25648,41742
2023,11,17,54848,59195,29297,24660,95631,1646.47,1630,1324,2656,6007,39852,15758,1728
2023,11,18,92680,28935,92371,59546,57452,1646.47,4758,3761,4714,9330,77831,19544,36377
2023,11,19,76403,86290,78693,64741,29870,1646.47,786,1068,4716,6037,42080,11699,40523
2023,11,20,36896,28711,63024,90905,91070,1646.47,4836,3748,3162,7126,43294,21965,19228
2023,11,21,6287,23053,727,7353,74066,1646.47,1897,1819,1199,5589,31559,27420,28558
2023,11,22,96112,88301,28489,12181,74338,1646.47,3879,2584,1272,6518,18488,13410,36921
2023,11,23,22483,29677,6802,86997,49587,1646.47,3961,1754,4499,9687,63225,13564,1686
2023,11,24,4598,56475,30384,2149,12064,1646.47,4568,4527,1595,8826,36707,40932,28296
2023,11,25,61330,76939,68517,93313,96545,1646.47,1364,1542,4385,6340,22374,48972,3358
2023,11,26,73261,31336,54845,62761,57376,1646.47,2676,1972,1800,9412,64120,19311,34422
2023,11,27,67708,10041,43839,34303,801,1646.47,1586,3481,1566,7158,88145,36731,46898
2023,11,28,79812,4511,22111,29198,44028,1646.47,3169,3640,2172,9365,12752,49547,44485
2023,11,29,50140,55429,27872,57387,61193,1646.47,3049,3899,4735,6488,79553,35535,8344
2023,11,30,50137,71140,30370,40324,47595,1646.47,2055,2405,1466,5517,72954,49756,34867
2023,12,1,1124,49749,18526,16842,62501,1700.52,1980,4280,1896,5814,95473,20638,18073
2023,12,2,33769,40725,55374,87008,20279,1700.52,3496,1417,2630,7648,55363,22496,7262
2023,12,3,37227,82770,44578,19096,72076,1700.52,908,3199,4081,7958,12794,22933,44334
2023,12,4,48400,89725,7214,60695,30443,1700.52,1333,1134,4763,6706,67570,46393,19039
2023,12,5,43968,37419,4163,97950,47590,1700.52,1798,4816,3647,5530,15674,30722,9527
2023,12,6,75709,65713,20274,86142,29688,1700.52,862,3086,2741,8991,38780,13184,26666
2023,12,7,18031,36466,60099,94146,73173,1700.52,1890,3491,1438,8486,31441,29028,44021
2023,12,8,86931,18240,30197,61930,49615,1700.52,4004,1674,1172,9277,44167,45859,1870
2023,12,9,72296,19594,40298,5037,18585,1700.52,4572,2966,1895,9352,47111,10144,45430
2023,12,10,5044,54002,38559,86483,81407,1700.52,510,4688,4590,5706,46618,16846,36352
2023,12,11,96166,55623,95879,12338,1252,1700.52,4548,3546,1990,9700,94935,44575,40046
2023,12,12,10276,95860,47542,42171,56883,1700.52,3589,1926,1358,8499,48408,12764,11006
2023,12,13,4852,80271,47454,9442,42329,1700.52,4998,3493,1045,8942,67183,17296,10424
2023,12,14,48627,41732,57196,24617,72930,1700.52,543,4556,4341,6180,58078,21224,18483
2023,12,15,94091,21668,99503,75449,56519,1700.52,4565,2721,4532,8370,14090,36860,14263
2023,12,16,28794,83514,41706,94839,92094,1700.52,3486,1448,1972,8162,81688,12516,8889
2023,12,17,20516,17232,55810,1210,16669,1700.52,3785,1526,3258,8287,10266,24776,30240
2023,12,18,2550,73477,2499,63434,91847,1700.52,596,1288,1766,8022,31829,47971,6014
2023,12,19,17240,10316,55044,564,78702,1700.52,3168,4216,1286,5329,16777,13370,3084
2023,12,20,75569,55563,30446,43827,93850,1700.52,4954,2750,1480,7618,76183,14678,33005
2023,12,21,9818,42829,35318,32048,51180,1700.52,1371,3418,3814,7766,85333,22515,17147
2023,12,22,70850,74854,88084,57516,20183,1700.52,850,2102,1775,5214,55928,36977,4862
2023,12,23,40653,57235,99728,63486,61040,1700.52,3163,2208,3739,9833,19256,19918,25912
2023,12,24,13332,81980,54689,7146,99746,1700.52,1012,1946,2578,7318,44461,17760,6374
2023,12,25,21662,21665,96215,98437,29313,1700.52,836,1316,1468,6002,66153,36768,18495
2023,12,26,93757,44318,73977,28848,90503,1700.52,502,3833,1563,9806,27331,41308,9585
2023,12,27,42533,39696,78255,90111,40144,1700.52,4223,3156,1474,6789,92945,12802,39069
2023,12,28,55285,94711,92713,81014,96204,1700.52,2781,1311,4535,8109,35159,10037,8867
2023,12,29,67695,50278,30223,59258,36436,1700.52,1918,1306,2249,5172,14326,15006,7554
2023,12,30,593,76006,31902,77677,79147,1700.52,4072,4430,1826,6284,15443,48464,41199
2023,12,31,52004,99577,71128,87891,57687,1700.52,4279,1550,1563,9012,84637,18712,6287
