year,month,day,sales1,sales2,sales3,sales4,sales5,publicity_costs,costs
2018,4,16,24028,46939,55906,81986,13752,31159,62404
2018,4,17,2518,69587,7714,17222,77149,20524,8579
2018,4,18,83732,9602,86269,24435,55349,18159,12236
2018,4,19,87270,46630,49754,36060,94349,47644,31332
2018,4,20,48384,61524,43646,88763,8462,49552,60749
2018,4,21,22213,30710,83152,24731,296,7217,18304
2018,4,22,93796,44093,66882,77527,53694,3151,78313
2018,4,23,25394,37661,56900,12663,642,23006,5074
2018,4,24,94991,70649,52757,59726,32172,46403,34841
2018,4,25,40634,12306,35589,79198,59367,18740,83928
2018,4,26,76014,42309,62232,69809,86401,45465,43688
2018,4,27,40094,14967,82000,81839,52627,38900,54501
2018,4,28,53269,61905,59574,64611,48905,12331,688
2018,4,29,97429,25085,5528,54414,37390,41116,83611
2018,4,30,96756,76208,53891,89121,34868,32474,38929
2018,5,1,21268,77938,22616,77713,92905,20968,19551
2018,5,2,45531,59867,70403,15151,38123,46328,56113
2018,5,3,87027,58658,53153,84455,94,8680,88868
2018,5,4,53835,16148,88831,66942,8707,42721,76062
2018,5,5,43574,75194,14991,81193,69483,3958,65257
2018,5,6,62387,74925,34807,24270,51143,21561,35772
2018,5,7,89265,67888,51885,92644,42898,5037,77098
2018,5,8,42991,80068,32318,96826,96215,37500,23767
2018,5,9,21273,80220,36181,64846,71765,1171,32390
2018,5,10,41247,5128,37646,19986,96405,38804,54255
2018,5,11,47547,10364,16378,53164,94604,34614,45807
2018,5,12,37501,89650,39256,96843,86070,37925,20020
2018,5,13,98636,25424,90139,19909,5643,26319,41106
2018,5,14,93759,77489,63496,51358,98968,17493,51343
2018,5,15,11724,6297,31949,59271,33012,48326,48786
2018,5,16,27615,32940,74592,81467,38941,13847,58310
2018,5,17,25010,1772,88329,23646,27195,28467,39906
2018,5,18,49190,4785,61011,59300,98625,40858,30657
2018,5,19,13945,58351,81999,25668,80999,30299,31290
2018,5,20,30362,78625,30075,74329,11564,21018,65795
2018,5,21,66856,51217,50456,91866,52988,38785,51863
2018,5,22,96534,33603,8120,62075,54740,19130,67727
2018,5,23,69716,26340,48383,83660,1042,46734,5680
2018,5,24,98392,77032,43321,28753,55656,23396,63081
2018,5,25,83571,10765,75228,50427,61981,25683,28644
2018,5,26,31320,80819,6858,44206,30774,14977,6280
2018,5,27,1865,458,60358,71580,26797,8741,1592
2018,5,28,44190,71826,13623,42581,48857,6943,17686
2018,5,29,20865,46690,7118,20787,57455,32345,77565
2018,5,30,19435,24380,46208,50755,21550,3065,54960
2018,5,31,52323,68041,17591,70539,68499,27949,42119
2018,6,1,11647,3041,30062,72189,74866,10036,44769
2018,6,2,40074,16978,18806,77290,80020,25924,8077
2018,6,3,37474,24620,1993,56908,65351,48201,74014
2018,6,4,86901,17617,35325,55575,2010,19268,46114
2018,6,5,86860,47216,68232,14858,66608,14645,57046
2018,6,6,41473,74680,1815,97898,8009,36972,65188
2018,6,7,88028,62895,89616,25501,3867,41608,18761
2018,6,8,69217,56160,39126,56117,90129,24451,51692
2018,6,9,8490,43718,37805,95349,7285,22388,206
2018,6,10,73892,53384,97252,31716,28063,15418,35965
2018,6,11,52423,52389,21152,40451,31636,27119,12303
2018,6,12,35502,35079,81063,21070,7590,36541,17187
2018,6,13,14070,10991,5230,22559,71060,9386,87907
2018,6,14,94696,81773,44465,84939,35156,41716,26654
2018,6,15,79570,73485,78970,31992,42225,122,88794
2018,6,16,73860,43592,71097,25713,95022,2159,26783
2018,6,17,2612,88699,23969,16681,16041,45550,89240
2018,6,18,3452,4935,73498,98147,86707,17962,43085
2018,6,19,38214,76029,16090,34135,49513,45060,22478
2018,6,20,91738,11533,71272,81949,71476,42368,67662
2018,6,21,66498,10878,54444,85461,15929,44764,88493
2018,6,22,31969,40313,74084,51773,61599,47582,16271
2018,6,23,64657,81895,65708,19222,57924,31797,43356
2018,6,24,23788,93208,35833,31877,21092,7104,53826
2018,6,25,92568,49471,37839,59065,60349,8634,80877
2018,6,26,76277,3397,79369,24597,60061,3453,2721
2018,6,27,38011,17386,58992,2667,99280,24699,41888
2018,6,28,73555,22847,75243,13695,16055,27427,65571
2018,6,29,53498,34531,75748,46065,353,29938,81481
2018,6,30,77053,38571,82357,69681,58319,28078,4278
2018,7,1,34731,31530,3350,72741,48915,12341,45407
2018,7,2,64546,3391,13646,54453,26238,38888,78147
2018,7,3,58644,32667,30069,28493,67197,22169,14558
2018,7,4,83901,52106,12390,60954,7029,11099,70634
2018,7,5,65347,89176,41263,78,37057,44613,79170
2018,7,6,2323,23305,80929,66868,43048,44574,21320
2018,7,7,69285,99814,5818,44280,32480,35887,59124
2018,7,8,16028,58055,63681,99928,26512,42423,70881
2018,7,9,33540,3521,91515,15239,9048,32777,1668
2018,7,10,46104,93741,20837,48426,17046,1765,31645
2018,7,11,60093,96339,69317,45729,12504,25134,76360
2018,7,12,44983,11020,95483,61010,85426,25516,40937
2018,7,13,11938,84290,21818,45477,87810,13332,20715
2018,7,14,13209,62460,92382,59312,56201,13219,64089
2018,7,15,89598,31335,55733,66042,44025,41401,11770
2018,7,16,56528,16535,34481,1510,27554,46315,58871
2018,7,17,12980,21830,39808,41269,22471,11625,26745
2018,7,18,10280,91308,63812,39840,70119,6193,49151
2018,7,19,42671,85763,39591,32268,33450,11676,88309
2018,7,20,77474,53076,26430,34002,69610,27262,1863
2018,7,21,13516,23577,30734,42847,61758,20541,24115
2018,7,22,84229,48517,87211,10860,56176,1022,40700
2018,7,23,26294,7215,66202,85317,9329,22145,67584
2018,7,24,42778,33820,32245,20252,3247,25026,30605
2018,7,25,72857,52288,22467,2724,92216,19552,81922
2018,7,26,70325,40092,46036,54553,4960,33246,81765
2018,7,27,77487,84268,48816,3781,7834,31369,85449
2018,7,28,33514,53513,39384,76292,87332,21628,52895
2018,7,29,6931,63006,83499,96139,31645,22317,88862
2018,7,30,40212,91869,60783,10536,48312,23170,5089
2018,7,31,69624,72767,63205,47110,73386,12020,37242
2018,8,1,97571,43388,72690,31085,13253,12074,27376
2018,8,2,16936,53,20270,23866,63058,20120,4
2018,8,3,11054,58788,35217,51265,67008,12351,21801
2018,8,4,15320,35520,43241,1295,24639,22797,38404
2018,8,5,98024,34816,31998,95595,94555,4687,66679
2018,8,6,7807,33112,50406,41095,33165,37027,84960
2018,8,7,12574,23498,84964,23628,82285,36532,71244
2018,8,8,49293,48883,53044,80964,754,12636,52258
2018,8,9,25392,35432,47013,39768,86599,29010,85362
2018,8,10,81154,83697,78392,5312,16808,45149,66406
2018,8,11,66324,32175,27718,78898,55672,12681,38877
2018,8,12,54308,65564,10120,3600,14446,13164,24563
2018,8,13,15200,92151,83172,56943,27583,30185,6710
2018,8,14,14181,9194,48423,11686,9242,43166,6998
2018,8,15,26050,88314,79755,92373,36840,7472,7622
2018,8,16,8863,36504,6498,63171,2068,32970,33122
2018,8,17,32865,96133,84037,64416,4635,17208,51359
2018,8,18,32217,13744,34420,62750,22938,32843,24435
2018,8,19,32179,42360,7784,74580,47026,37539,33305
2018,8,20,83865,11362,87278,92728,47866,43776,42250
2018,8,21,66285,26745,55371,99149,39229,5759,53565
2018,8,22,60215,39319,1275,92432,53062,35694,15181
2018,8,23,92351,34888,45967,40882,77248,3751,5461
2018,8,24,24273,57641,15117,24489,69002,2395,3568
2018,8,25,33219,12522,5817,15855,55618,27540,55004
2018,8,26,11198,33298,94920,71412,72616,46194,80195
2018,8,27,42030,48239,51727,34380,83127,14046,15261
2018,8,28,76726,67796,7074,17350,41788,38542,68190
2018,8,29,27141,57288,91758,76712,69809,13926,82566
2018,8,30,41778,91465,7569,69327,41115,2488,57091
2018,8,31,30082,15033,53637,72111,63272,5364,12843
2018,9,1,62750,19409,14455,55827,3556,21528,3176
2018,9,2,61695,60070,31365,88835,17357,39474,85546
2018,9,3,3518,53400,58112,61647,44864,32032,47326
2018,9,4,2330,84520,20768,32412,15904,24404,874
2018,9,5,79175,96119,60068,58276,31879,24523,54102
2018,9,6,35434,96050,87277,97128,72471,34994,22315
2018,9,7,6180,90819,67860,26049,44218,42323,34047
2018,9,8,5434,24355,51372,7763,25226,22139,16526
2018,9,9,41129,46543,93752,36656,59013,3819,44931
2018,9,10,90892,28341,9033,42677,40743,46309,59805
2018,9,11,13213,47654,58471,35744,38473,26330,21792
2018,9,12,99042,68653,65839,4475,9359,33562,8590
2018,9,13,34584,5701,1467,75712,68595,45218,2367
2018,9,14,27607,65389,7298,18498,10081,16330,31175
2018,9,15,50823,28990,17331,80388,92996,25801,16131
2018,9,16,47820,18482,94275,46861,3486,26465,37688
2018,9,17,12844,10026,96277,47427,15726,47743,29491
2018,9,18,672,9313,51857,44631,74701,9154,3128
2018,9,19,1133,91835,40654,51956,20825,24336,18695
2018,9,20,30172,66488,81177,77991,84970,25451,54851
2018,9,21,4807,51915,92538,17651,78293,5166,21429
2018,9,22,10370,19261,20919,11042,28573,39128,65672
2018,9,23,19625,64633,35151,20757,56468,42157,89064
2018,9,24,93644,66492,37758,23815,32980,35287,78157
2018,9,25,34301,10737,59359,55459,79004,18249,29461
2018,9,26,73648,73414,70890,84017,92674,8160,41410
2018,9,27,37598,97287,67081,57222,61920,18584,84331
2018,9,28,34739,10740,99746,28382,93583,3856,78548
2018,9,29,42914,89142,86704,93566,16230,12414,79025
2018,9,30,11585,30662,38485,85232,4076,25726,9249
2018,10,1,13101,50238,80658,50699,47524,14091,4272
2018,10,2,25795,99026,34954,60533,26117,34700,55266
2018,10,3,19699,88555,90165,78965,77696,43220,42530
2018,10,4,10277,55634,37906,21862,86295,42743,37093
2018,10,5,90370,18468,92693,3471,85057,39703,30521
2018,10,6,48933,70145,94792,74727,69170,29746,81612
2018,10,7,95286,64445,73229,31336,69351,13394,300
2018,10,8,63398,56613,82830,73674,12246,37087,15535
2018,10,9,98541,29829,18980,5262,64649,11672,18732
2018,10,10,49705,1374,95604,98637,71518,40396,69716
2018,10,11,57039,36493,41327,52324,17289,14555,3660
2018,10,12,86639,94300,10311,50036,50913,9492,60061
2018,10,13,63158,46579,35596,78050,76407,4575,33312
2018,10,14,41055,82598,8395,7112,83972,3999,65748
2018,10,15,71841,94394,95463,28880,30886,3141,7555
2018,10,16,64526,84048,97566,51164,78347,7877,17551
2018,10,17,29259,17368,57611,8769,80298,9558,66818
2018,10,18,56705,80484,70129,14111,63082,28524,21222
2018,10,19,63405,82522,26970,35245,93267,38784,10476
2018,10,20,40504,91925,94383,5029,75972,41948,12544
2018,10,21,54318,16176,90094,99929,49896,14056,8697
2018,10,22,30193,89966,11866,3249,70449,48347,17360
2018,10,23,33530,76870,38581,13286,75743,31902,48531
2018,10,24,85361,20686,45358,25864,28962,39740,77244
2018,10,25,21285,48040,19787,75602,64215,9880,51882
2018,10,26,30462,90287,16930,60655,80252,28796,43903
2018,10,27,50701,27142,97614,582,20363,36195,3868
2018,10,28,12457,34448,78750,97817,55133,24107,70032
2018,10,29,446,80199,87275,21730,28238,7061,83684
2018,10,30,8804,16940,5565,39266,23578,38847,66272
2018,10,31,3830,67642,96526,70882,11135,44140,61463
2018,11,1,47849,46686,1682,60305,97485,30431,28121
2018,11,2,68970,20890,98152,69415,1088,35426,51145
2018,11,3,45677,92486,4828,54480,25777,26744,60097
2018,11,4,49354,65590,42720,69535,49583,5598,40416
2018,11,5,77069,66089,11879,24917,29126,13560,5221
2018,11,6,26610,10343,59693,95579,31232,7844,74994
2018,11,7,32319,59621,72490,94347,68458,43669,5178
2018,11,8,94234,36764,91627,59940,18706,34346,89474
2018,11,9,68288,89943,86242,61709,72383,14472,26625
2018,11,10,1508,28031,71846,28118,54725,47890,20048
2018,11,11,85956,5734,21393,34626,81706,43882,45324
2018,11,12,50164,3902,10502,60749,40666,2128,10688
2018,11,13,59371,52825,66514,44010,42768,2755,15718
2018,11,14,31502,67226,92343,33010,11608,30540,37479
2018,11,15,66333,28429,17526,68640,50514,38919,19618
2018,11,16,32220,49152,64941,98735,69406,25442,39483
2018,11,17,10071,93921,96523,85793,46746,13036,39802
2018,11,18,5865,32142,51872,37366,99367,10566,70375
2018,11,19,27326,41105,47853,10010,85885,15379,45002
2018,11,20,52751,20649,14619,84970,86152,45911,83704
2018,11,21,55557,87705,59538,65627,81625,6060,27771
2018,11,22,28370,19095,13925,50586,51236,15796,57952
2018,11,23,66954,26361,58326,10632,83817,22531,30641
2018,11,24,69701,4261,15642,22451,24909,46612,43772
2018,11,25,11060,42523,23827,82969,46579,33365,38595
2018,11,26,28203,39424,32718,72925,74871,46642,3510
2018,11,27,26106,12437,11461,9412,55149,36139,70043
2018,11,28,38965,25021,57035,25017,29281,22677,3820
2018,11,29,70541,35640,3943,97952,94514,27770,30920
2018,11,30,41092,27486,45867,85647,66909,28584,38571
2018,12,1,41779,25225,98432,84237,54013,26245,50000
2018,12,2,9161,28735,30042,64477,53755,3428,19493
2018,12,3,83035,92456,69664,53575,28096,23607,31526
2018,12,4,38961,1376,48798,80053,28861,44664,15699
2018,12,5,12121,89599,40621,70252,14823,5404,80840
2018,12,6,85187,81648,80839,94347,10382,27232,88823
2018,12,7,80488,30659,64667,63522,23115,34331,63448
2018,12,8,67562,7937,1326,6522,25664,123,46574
2018,12,9,70876,44786,68624,99348,34384,25596,39599
2018,12,10,65558,81000,40438,50744,78999,37628,31442
2018,12,11,5733,81211,36616,86220,11870,17634,6094
2018,12,12,51336,51964,99541,18897,76252,866,15418
2018,12,13,18267,50988,28344,89142,12125,13319,54842
2018,12,14,62860,55267,74440,44769,52618,31230,51864
2018,12,15,31616,85209,73305,53700,66420,26272,39920
2018,12,16,94641,60258,6013,45976,12221,21905,11224
2018,12,17,4825,22771,22993,39443,90110,17688,74937
2018,12,18,2235,81007,49778,65094,52625,40569,49863
2018,12,19,5242,71798,21726,53209,73359,11383,66909
2018,12,20,39778,54006,63180,34418,14263,35544,16745
2018,12,21,42836,7448,77968,64012,30218,960,43454
2018,12,22,20328,68648,48390,38914,66006,48167,80359
2018,12,23,18630,38736,30221,23871,26885,18299,43431
2018,12,24,243,96033,339,56372,66390,29870,77141
2018,12,25,80653,65413,3885,23488,72861,48204,3851
2018,12,26,19430,99164,7304,56109,84163,5694,75022
2018,12,27,50168,70212,15381,68797,8947,11953,39019
2018,12,28,52184,46603,2449,68778,42635,19140,5150
2018,12,29,9025,99009,48642,6029,80774,18879,55868
2018,12,30,53634,67082,49718,89415,66245,7021,65524
2018,12,31,66759,29066,40545,16926,15630,22277,12074
2019,1,1,24576,34230,27444,93111,80832,46245,71889
2019,1,2,39819,65384,3390,65195,80744,2031,51223
2019,1,3,61517,20909,33442,31502,4343,33159,77269
2019,1,4,86939,56531,82792,53698,1949,39688,50623
2019,1,5,17578,11965,89049,58505,46194,16492,41616
2019,1,6,43377,62736,29856,83195,44471,33245,14741
2019,1,7,41567,1627,35963,19435,38888,35756,40937
2019,1,8,43230,85266,88205,30168,41797,37348,23865
2019,1,9,60097,27035,70840,77674,38999,9888,2530
2019,1,10,1544,92731,20497,44921,71819,352,14467
2019,1,11,16289,99948,9208,57855,1575,11522,47290
2019,1,12,40462,47278,44578,83691,32543,49134,210
2019,1,13,90691,36481,14075,50787,79867,1266,14812
2019,1,14,35218,61153,97342,36761,70235,17838,38033
2019,1,15,42053,84542,42500,58342,84489,1707,42548
2019,1,16,86063,13228,26189,42876,76857,20766,2918
2019,1,17,9400,36251,73128,16442,89083,3554,37229
2019,1,18,68950,4819,28392,4167,82323,42085,77279
2019,1,19,68909,76275,55312,10962,60816,47811,65655
2019,1,20,45304,49517,18202,47719,79096,10743,16946
2019,1,21,55953,47860,66216,81704,84111,39343,88145
2019,1,22,73193,59248,65373,42142,80418,10117,32660
2019,1,23,79092,52201,19939,48000,28475,25250,88961
2019,1,24,89290,73060,60967,50946,38928,45521,55016
2019,1,25,18023,56263,38313,90327,4122,4528,12030
2019,1,26,4584,60222,70175,77777,19469,1899,46270
2019,1,27,16238,78367,98930,95329,30568,35220,79681
2019,1,28,75394,10469,34993,64684,99880,45960,51981
2019,1,29,38807,91480,63348,73181,64094,1660,79860
2019,1,30,84567,6188,68241,89151,66409,4767,76927
2019,1,31,2230,6666,19548,18467,1384,18477,10148
2019,2,1,31951,70048,6180,7345,96868,41172,88380
2019,2,2,96747,37131,36712,51905,44962,59,31438
2019,2,3,25407,18070,21297,9974,24257,39537,59124
2019,2,4,7018,44304,82402,9247,67321,1949,64065
2019,2,5,68704,36778,90564,17007,6825,46743,80703
2019,2,6,3693,54267,45434,16791,91397,32145,48696
2019,2,7,52711,98555,10133,78117,16624,47781,64442
2019,2,8,57233,53669,3565,64250,14324,35966,89848
2019,2,9,81644,4267,50264,66700,41044,7180,80058
2019,2,10,64220,53922,40760,67912,24540,36193,51055
2019,2,11,32289,84689,69750,84999,83243,46234,59467
2019,2,12,16218,60366,83909,73450,14034,3825,7699
2019,2,13,28358,6143,43898,26353,10409,44162,19404
2019,2,14,67804,67693,9461,32023,37966,16572,66287
2019,2,15,62506,69116,17341,94794,53804,3442,19792
2019,2,16,53398,16027,75610,69616,76392,25870,43065
2019,2,17,6777,79695,97116,51486,85837,41013,34191
2019,2,18,12597,51526,3594,80400,19218,29407,38774
2019,2,19,57184,12330,45060,19689,81446,28752,44482
2019,2,20,35249,82193,10625,88647,98219,36234,58262
2019,2,21,90962,62104,17678,97739,58150,14793,79224
2019,2,22,60338,55806,43414,72934,23683,13360,9685
2019,2,23,42901,9118,98458,16436,21447,9870,56124
2019,2,24,2892,38621,66957,54493,37166,27581,79491
2019,2,25,35384,80166,34104,26346,58621,1781,40436
2019,2,26,16770,82926,89659,77107,55083,49425,56392
2019,2,27,78765,29136,52428,38017,38253,886,14452
2019,2,28,59699,27107,90575,78943,65727,7531,19787
2019,3,1,2892,51463,9277,54628,31629,43380,77325
2019,3,2,90249,11512,37760,23371,94437,43770,26829
2019,3,3,49519,9546,83221,44636,38681,35648,52652
2019,3,4,76933,2885,37104,52984,29991,27678,78278
2019,3,5,12070,1561,98064,31313,53023,7340,2292
2019,3,6,1003,67071,15968,91252,94934,20079,44622
2019,3,7,5723,13849,31450,71593,39746,31022,26228
2019,3,8,78427,83022,15232,71711,2258,2335,81046
2019,3,9,48601,96364,89323,77022,14276,37386,8334
2019,3,10,67299,11077,26978,68301,94499,42945,25904
2019,3,11,5785,13024,6877,11507,43224,4679,49451
2019,3,12,82969,85700,15679,77747,85073,30910,15810
2019,3,13,3683,99596,6855,52283,95959,12530,45656
2019,3,14,10235,16267,70341,93885,27344,47318,38537
2019,3,15,38194,56615,54441,43978,69638,11317,81836
2019,3,16,12861,32347,71287,12181,34399,3317,19928
2019,3,17,19471,50578,55737,39505,50173,28943,48139
2019,3,18,62483,91472,53794,89069,7739,24135,89305
2019,3,19,51434,37804,77842,89627,94418,48634,59957
2019,3,20,64055,26302,38144,93267,58649,25782,75448
2019,3,21,93047,45450,11727,28869,96027,17463,48374
2019,3,22,62551,62757,92864,41386,54229,46658,6806
2019,3,23,61967,87144,46111,13400,24947,40304,79378
2019,3,24,35717,88937,85686,99771,31590,23830,19390
2019,3,25,90238,65963,14837,99636,11413,42915,44857
2019,3,26,23791,26729,29582,2694,89485,22445,30431
2019,3,27,43713,85454,7236,22031,72597,19698,75430
2019,3,28,13896,10001,71160,49612,15289,6845,25734
2019,3,29,63231,97026,75123,69820,79341,6311,69456
2019,3,30,7105,49225,30664,30895,75953,10245,39940
2019,3,31,65438,82689,10370,25502,84495,17606,87533
2019,4,1,57091,87303,99314,87338,13656,20473,46949
2019,4,2,45296,43670,19035,8526,57047,44157,28346
2019,4,3,52739,468,64153,59843,66044,44816,47090
2019,4,4,41997,55060,57029,23786,54100,17399,79287
2019,4,5,38594,1356,96819,12037,5010,46133,69374
2019,4,6,35017,82957,52675,80313,42978,21709,38838
2019,4,7,16377,82217,83535,69115,99036,47687,88958
2019,4,8,65080,42502,36047,23428,13913,9427,87213
2019,4,9,84365,76825,96499,22958,94532,9670,11346
2019,4,10,99542,22154,67072,34558,21462,36098,81222
2019,4,11,64440,24158,20060,97168,6374,19946,66282
2019,4,12,5410,67633,11591,70489,26486,13989,33916
2019,4,13,56751,73416,57480,41115,66592,20330,80424
2019,4,14,61124,96351,48122,77017,18504,15193,7926
2019,4,15,56318,51290,59148,37109,75447,45559,44276
2019,4,16,98172,15504,16909,3581,83136,28500,70421
2019,4,17,25974,8840,688,82724,98607,24519,50190
2019,4,18,81551,44849,20613,59026,41199,18734,56042
2019,4,19,76055,278,63967,48724,67919,23114,85832
2019,4,20,59717,18672,36459,57889,50528,3367,87821
2019,4,21,33663,98218,68242,75988,7058,35281,25063
2019,4,22,22016,59800,15252,3566,4648,2217,62591
2019,4,23,62198,37302,14984,54604,53932,28951,33327
2019,4,24,21850,18416,89158,81567,53440,41968,39455
2019,4,25,3967,95335,17275,53981,93552,1868,69969
2019,4,26,16961,87149,21383,55329,63300,2987,48894
2019,4,27,84299,5203,37837,46496,58856,2820,47452
2019,4,28,12787,48122,20778,50989,66538,26288,42555
2019,4,29,36329,68255,88361,40295,79941,21987,20627
2019,4,30,89845,23855,56947,23157,27355,28330,58485
2019,5,1,90654,31316,53731,91304,52870,41567,47799
2019,5,2,28077,44386,71602,40864,92508,42380,41852
2019,5,3,75397,35019,40758,11725,19625,29118,48371
2019,5,4,99566,67456,78997,89410,7662,35944,58918
2019,5,5,35016,30625,7403,42021,61940,11133,3324
2019,5,6,31161,52699,87475,59237,13436,9076,66452
2019,5,7,22295,67807,24655,14043,19177,31764,52119
2019,5,8,38802,10881,10489,54719,78337,5838,20480
2019,5,9,2350,41781,89397,37366,72405,13151,35738
2019,5,10,50696,74283,45414,98208,43333,49240,83796
2019,5,11,73121,24667,90248,95415,8826,31254,89458
2019,5,12,44354,13018,51576,99507,40250,28417,14225
2019,5,13,34938,84254,31056,37288,42386,36805,61005
2019,5,14,31142,49955,3094,98189,40590,48507,46396
2019,5,15,83922,14098,70191,73394,55117,26790,48809
2019,5,16,80294,8044,94618,24647,21061,12545,84154
2019,5,17,61310,57313,78378,12600,41566,25786,9887
2019,5,18,303,62590,40891,31444,28896,43984,89632
2019,5,19,69485,8843,26027,69759,39292,12570,23152
2019,5,20,94408,89359,28312,74701,97402,22929,29348
2019,5,21,34814,1826,23501,12476,75490,18230,55075
2019,5,22,17056,60367,74961,33710,22956,15851,25154
2019,5,23,51852,76186,11137,37688,85028,3516,27446
2019,5,24,40672,66085,50598,35079,55443,28909,46132
2019,5,25,52845,18190,25479,4010,20015,15331,16485
2019,5,26,95504,99912,41559,28911,60279,32871,78973
2019,5,27,99586,65073,44126,67789,41259,5262,25477
2019,5,28,42638,8777,12922,83309,91213,13519,44740
2019,5,29,46656,42428,60871,15852,76969,2701,89861
2019,5,30,96983,84383,52698,8838,84294,10608,74101
2019,5,31,60924,43479,33073,60510,8551,43550,64650
2019,6,1,49809,65163,50126,8799,90292,13048,32107
2019,6,2,81504,42918,26846,44511,1697,37716,40362
2019,6,3,78665,6768,96575,91999,91150,15624,70837
2019,6,4,91796,76231,71289,52719,19709,20713,29580
2019,6,5,28260,30614,90582,94420,95776,40707,63218
2019,6,6,2419,20106,95325,83923,63024,38522,64785
2019,6,7,64720,42590,5147,43385,49357,18073,65383
2019,6,8,56859,83696,52571,48654,59926,40211,37724
2019,6,9,95987,60923,63656,24246,7888,4237,5017
2019,6,10,3664,94943,38235,6082,15049,49911,76356
2019,6,11,94424,88432,51141,59143,47373,22639,68879
2019,6,12,13082,7063,70614,69940,7110,23184,34945
2019,6,13,67035,79747,52668,79373,57021,16323,3618
2019,6,14,64909,86911,38635,84924,98206,43221,31005
2019,6,15,13254,43131,13713,24029,47914,31205,63171
2019,6,16,11639,70195,18402,24720,93609,39015,84659
2019,6,17,718,28550,29603,84104,8296,48622,83477
2019,6,18,65317,31297,83446,46577,18207,22080,11500
2019,6,19,16412,31652,38856,46017,74782,2568,10045
2019,6,20,39048,50124,69568,50686,36670,37969,75405
2019,6,21,30278,93335,86415,30995,21884,16017,61451
2019,6,22,30180,14638,94927,11848,45934,28372,18424
2019,6,23,80493,16804,89923,96904,48455,28778,12921
2019,6,24,39589,97698,29317,78636,47821,48884,25673
2019,6,25,84491,3204,21077,31120,96538,23843,22115
2019,6,26,18422,39859,9917,64953,70848,4843,23152
2019,6,27,33134,99566,51575,13626,16369,7849,16881
2019,6,28,81176,2978,86153,37116,675,31822,5751
2019,6,29,64848,30705,77775,65690,50261,15203,66809
2019,6,30,63150,39045,75275,81571,95255,35191,42875
2019,7,1,66102,6385,56026,15587,5951,23952,65564
2019,7,2,38671,81800,72445,19846,84778,24949,83313
2019,7,3,1804,6770,89063,66651,53827,33189,18692
2019,7,4,20439,98391,61853,83588,37435,37127,55159
2019,7,5,32689,38670,44385,15143,45054,16763,10729
2019,7,6,67356,40714,92645,22379,38866,31441,8576
2019,7,7,23643,56389,31889,41798,79511,37303,74801
2019,7,8,33337,20492,73492,53775,18882,35344,17362
2019,7,9,72669,88823,18872,21709,43844,29609,56851
2019,7,10,5249,96371,83932,72605,37084,26576,11335
2019,7,11,75949,58016,69910,15943,30756,1798,24093
2019,7,12,10266,39101,98893,59954,59592,38736,40080
2019,7,13,94825,40432,83794,67493,29254,2665,29202
2019,7,14,89449,98625,42404,94697,94995,26335,23653
2019,7,15,48431,19262,94987,40731,93629,14897,23026
2019,7,16,24385,83046,47118,34650,22146,12362,40956
2019,7,17,98089,51097,41035,92914,91528,24828,86758
2019,7,18,37133,43845,82311,26581,42469,24715,57630
2019,7,19,53816,67401,21282,2246,86663,16269,19328
2019,7,20,80291,97517,32353,21027,80562,45822,65677
2019,7,21,2708,58183,82984,17148,25632,24018,20061
2019,7,22,17159,48846,3171,70644,9042,35481,83576
2019,7,23,67862,10195,51205,21677,93948,22487,30274
2019,7,24,96962,5107,99602,93604,2623,48306,54631
2019,7,25,99536,44128,86659,18595,18662,19642,35743
2019,7,26,44293,93659,62155,61452,58856,15325,58447
2019,7,27,67897,50806,62022,35759,77352,13227,13787
2019,7,28,71299,2065,14061,84612,7171,30014,28216
2019,7,29,26145,78319,92846,25680,22446,29504,20627
2019,7,30,41108,49145,96369,1752,59155,8523,73203
2019,7,31,34363,23848,28001,2259,91005,40023,34369
2019,8,1,68356,3249,28156,56007,5313,8568,16970
2019,8,2,28835,88581,35185,54979,83251,44382,17010
2019,8,3,5697,23885,57636,63156,89381,20356,34907
2019,8,4,64888,28879,44462,99250,69078,22462,77860
2019,8,5,60082,78836,72229,44789,82084,16736,87147
2019,8,6,3748,75303,74117,32582,80235,25653,73912
2019,8,7,63485,70035,922,85533,10271,24909,85040
2019,8,8,99652,45265,46299,80891,74143,7112,30140
2019,8,9,59572,95925,97999,36005,74761,36579,80793
2019,8,10,73196,3314,14292,76944,94968,4760,5877
2019,8,11,91554,30412,29789,55039,16798,47062,6923
2019,8,12,27069,21970,21963,43072,83586,18261,23962
2019,8,13,57728,91724,20453,33651,87648,18451,69655
2019,8,14,62408,21382,66800,35604,41047,47443,58899
2019,8,15,52367,2202,71127,43920,48965,17267,45310
2019,8,16,65763,64328,72233,92831,2650,44195,65902
2019,8,17,86235,78807,76215,60315,70530,46667,80317
2019,8,18,74529,31469,79972,36937,52850,13123,18892
2019,8,19,93897,60565,17790,46263,79118,5268,46534
2019,8,20,28082,22535,21844,93844,86862,44076,53026
2019,8,21,5863,4622,55279,8450,99780,31493,65116
2019,8,22,86661,44511,95432,61189,75980,41755,84477
2019,8,23,45181,54877,3368,55429,31793,37509,61691
2019,8,24,10910,42777,24577,38992,65311,46420,59187
2019,8,25,68524,56847,52213,90739,77820,7491,15540
2019,8,26,77599,55336,655,64259,99846,12438,71799
2019,8,27,75825,4193,56276,37358,75421,25995,82786
2019,8,28,7214,13504,10829,18123,72632,35405,73466
2019,8,29,37942,98176,22653,22817,55022,41217,83555
2019,8,30,32841,98707,29094,26791,70394,46100,7401
2019,8,31,70240,58538,49199,62416,79082,21826,19773
2019,9,1,54502,97821,92559,61715,27676,19739,76190
2019,9,2,307,55143,86007,54600,53318,8659,67416
2019,9,3,24691,16227,7323,73883,31286,2768,50673
2019,9,4,1679,98868,24425,71918,73757,23623,686
2019,9,5,52838,11801,50458,7339,9621,9368,35406
2019,9,6,37296,79106,97947,37602,50600,33953,32201
2019,9,7,20269,8964,85968,44959,25190,43290,15193
2019,9,8,56475,62410,52217,58154,61277,26641,56423
2019,9,9,35033,50264,97108,87870,62064,13918,81560
2019,9,10,88036,39637,96965,25331,35095,44911,69284
2019,9,11,2046,95216,87836,22315,4179,40155,53625
2019,9,12,45720,99797,18818,2195,62206,21034,66700
2019,9,13,23482,47675,23122,74866,14290,36582,89087
2019,9,14,92705,16851,90646,80740,56487,3963,62422
2019,9,15,7933,15225,18057,9979,10440,22244,18645
2019,9,16,30970,12398,32269,76690,12194,17438,68884
2019,9,17,74399,38472,71935,14232,2498,45056,35449
2019,9,18,16787,47989,84535,25843,64839,41533,76582
2019,9,19,37678,95495,45355,61962,10719,13411,71940
2019,9,20,37511,85654,36936,68480,14403,19205,35169
2019,9,21,26597,36642,40404,17347,91465,12338,41579
2019,9,22,93962,23746,37027,27100,71734,37914,32942
2019,9,23,52925,29446,75875,6954,24940,37581,18915
2019,9,24,52010,17343,57207,5872,2996,44142,34352
2019,9,25,33751,79698,35872,60347,16340,26276,54045
2019,9,26,7804,88613,25623,18118,12358,29002,45217
2019,9,27,444,16915,14511,69720,46360,40385,83025
2019,9,28,87651,44318,61939,39660,61660,35497,45532
2019,9,29,81008,45991,36235,14758,25688,22106,61456
2019,9,30,58379,48381,85500,82535,53346,11123,40652
2019,10,1,82055,6476,62220,98850,23390,26730,18569
2019,10,2,69749,83467,61593,57399,27784,39884,23410
2019,10,3,89443,91732,75293,70450,37722,11527,81559
2019,10,4,79762,99985,93014,38140,48365,28514,674
2019,10,5,18062,5988,21325,117,12463,33545,28966
2019,10,6,35852,76626,83887,21952,60092,11831,9350
2019,10,7,87875,1714,9111,93670,93446,756,10471
2019,10,8,47519,28634,82030,27280,28618,25043,15420
2019,10,9,93335,53556,2445,11396,75895,40122,87864
2019,10,10,88357,23666,43182,24208,16643,27068,12511
2019,10,11,76735,88898,58212,80961,6964,17323,40982
2019,10,12,16761,68078,71453,64279,96711,3482,87911
2019,10,13,41681,28524,89682,35015,98432,42126,62762
2019,10,14,74326,32247,90626,79035,72264,159,13242
2019,10,15,5259,77226,82105,81993,82475,40316,19305
2019,10,16,5790,7638,70287,22550,92067,8091,73181
2019,10,17,5130,11572,27443,46810,56447,17124,88176
2019,10,18,54878,25601,60937,45556,74200,17914,74590
2019,10,19,62815,18072,44183,68073,11649,26287,26417
2019,10,20,10476,66603,45722,16265,90592,32360,45167
2019,10,21,82659,90450,74699,4140,18373,2141,30949
2019,10,22,74819,35616,65476,46049,77568,26412,37956
2019,10,23,51767,10678,32545,30934,28749,43079,69006
2019,10,24,56750,35718,65423,67225,18672,27496,13489
2019,10,25,9263,76207,55007,8273,66656,29705,82412
2019,10,26,85028,48197,79712,76198,83812,45187,52246
2019,10,27,77732,87951,30201,29498,14980,29097,60431
2019,10,28,60080,88528,75789,16829,24245,7563,4053
2019,10,29,42916,85058,83894,52178,61264,38900,86803
2019,10,30,44271,68605,5566,45650,16801,35278,71847
2019,10,31,16965,46816,60445,94696,51118,6997,40545
2019,11,1,66097,86094,17328,42529,74621,43116,69357
2019,11,2,15217,50678,59762,58132,52087,43655,6661
2019,11,3,29702,98906,3463,73972,67510,9029,75973
2019,11,4,663,10658,57819,33979,73825,34615,75026
2019,11,5,24943,41612,85570,7391,44057,2897,29919
2019,11,6,35029,12364,25628,50245,63041,1741,38376
2019,11,7,15127,45395,35036,44828,44300,4851,15151
2019,11,8,28162,80231,71123,45176,90888,45294,19154
2019,11,9,64712,96260,24179,6006,37871,26100,13397
2019,11,10,98279,28997,79667,33307,57712,21646,19903
2019,11,11,20753,23386,8278,52231,85132,9666,43411
2019,11,12,45784,30868,64913,90297,11098,36036,55472
2019,11,13,1985,97681,14625,83048,93940,5155,19054
2019,11,14,48163,81254,18802,46441,26602,14820,16100
2019,11,15,84314,36466,96002,21418,76203,20632,43648
2019,11,16,77687,80297,3410,23470,27516,18323,73766
2019,11,17,38613,20710,65589,40597,18390,46565,59996
2019,11,18,12329,51719,29049,60491,49324,47850,33284
2019,11,19,75926,79022,35735,60239,31839,31736,88008
2019,11,20,8041,68719,88007,2079,65367,41417,51900
2019,11,21,92882,59739,72017,31494,80448,37605,28442
2019,11,22,98837,34169,28438,27517,2239,23838,44360
2019,11,23,51563,21688,43995,27488,709,29729,24078
2019,11,24,48899,27816,2085,56939,96535,40091,75370
2019,11,25,61901,97859,17269,54783,57597,39286,22628
2019,11,26,54396,26890,91070,69584,77411,35859,43453
2019,11,27,79649,9696,17812,31211,47735,28158,28698
2019,11,28,64795,57886,79127,13693,85701,47563,632
2019,11,29,98587,4006,62353,60488,1864,29621,85270
2019,11,30,75813,68906,17897,46560,95796,25318,62496
2019,12,1,73206,61176,45948,52854,87224,30111,20417
2019,12,2,34958,58268,75466,99753,32505,4593,23445
2019,12,3,18205,68507,428,33144,72512,12780,63631
2019,12,4,90728,42401,25252,82892,27658,9500,45803
2019,12,5,23453,1170,78298,13010,62345,24245,82216
2019,12,6,49568,4355,82632,878,62622,24449,630
2019,12,7,11478,29041,30426,29683,13900,30854,72826
2019,12,8,2763,9985,72808,9842,68737,14411,72733
2019,12,9,96395,73910,38536,36199,75079,16833,85561
2019,12,10,53776,57430,64128,19695,61784,46759,60572
2019,12,11,40758,37559,21201,52235,66600,17979,78269
2019,12,12,96851,15184,77446,99613,25168,16605,49455
2019,12,13,93905,81015,18539,6651,54925,23426,52849
2019,12,14,46355,90259,24761,130,64040,38888,46177
2019,12,15,42175,51998,56748,99284,89557,44301,61519
2019,12,16,56156,62279,66139,69358,77462,9937,68970
2019,12,17,18981,26541,94776,29237,23908,13315,35887
2019,12,18,95184,86740,95088,41538,93350,19848,68020
2019,12,19,57389,8736,10548,15916,60733,17295,5199
2019,12,20,50289,77947,83069,22796,40225,49208,78505
2019,12,21,34038,25496,77475,69371,68388,38602,58607
2019,12,22,92295,1916,50846,87478,5008,12285,5368
2019,12,23,14709,82132,19739,88450,7219,30286,64365
2019,12,24,84304,13932,19563,50944,91879,2632,20092
2019,12,25,48455,68191,98596,98845,93686,26070,78215
2019,12,26,62073,81024,83173,70720,82939,34018,14549
2019,12,27,4298,96302,36268,19007,94786,6006,37456
2019,12,28,18356,2643,28172,19011,16575,47734,19955
2019,12,29,24805,50365,60046,73259,34907,8641,22103
2019,12,30,28592,51063,56669,7017,32086,39842,34088
2019,12,31,31376,90211,68636,52026,2865,4904,81032
2020,1,1,14002,77261,94839,32357,96256,23010,21368
2020,1,2,12830,87095,37674,37634,53812,47719,37244
2020,1,3,88718,72711,15699,17310,40125,22367,50678
2020,1,4,88562,28560,34765,36290,18771,19752,18315
2020,1,5,21635,24655,75698,35636,18268,20536,27992
2020,1,6,14523,9897,35711,43704,96991,23384,77689
2020,1,7,50802,87454,24932,55872,76517,40630,83181
2020,1,8,16641,29349,30210,21555,57908,14974,67844
2020,1,9,76678,84725,46158,14664,25732,21855,50299
2020,1,10,60351,8742,34643,74873,18638,36705,44928
2020,1,11,31980,60089,32616,99134,63894,7547,25005
2020,1,12,40410,14529,44537,73403,60229,24746,4957
2020,1,13,18136,56071,69152,11166,57147,15309,65829
2020,1,14,82878,53515,92480,59580,62256,27122,44452
2020,1,15,97245,13826,85731,45576,90266,18346,84709
2020,1,16,70512,92245,16065,27273,6773,10601,60675
2020,1,17,83353,51698,11983,1488,7768,31134,89005
2020,1,18,81267,12794,54834,80496,82660,47313,70076
2020,1,19,61267,90786,90879,74863,20963,26610,30439
2020,1,20,11229,94955,81499,98092,87199,13916,5364
2020,1,21,10323,90868,42391,93675,42566,4373,81515
2020,1,22,66685,51859,40519,47951,81004,11704,68447
2020,1,23,63664,75368,84874,41282,82505,25752,76145
2020,1,24,3468,52361,36583,31048,63668,34433,29139
2020,1,25,67218,48348,54502,77541,39216,46892,77567
2020,1,26,98133,67617,15433,64817,35827,22304,49120
2020,1,27,16830,84007,73918,96845,75727,8791,38127
2020,1,28,58231,34542,70623,61698,3255,7205,62745
2020,1,29,66922,57989,38235,34139,6337,42737,18031
2020,1,30,61904,5980,31950,60036,89948,47382,11204
2020,1,31,25774,19685,70323,58956,20044,10592,35800
2020,2,1,95770,19382,10278,70352,70276,30900,18402
2020,2,2,89882,4456,41146,56803,62445,45733,17293
2020,2,3,85133,4821,51676,47036,27152,49977,63423
2020,2,4,17100,47358,64626,42873,83395,1301,31828
2020,2,5,3438,11892,73980,15559,47626,34257,22262
2020,2,6,34253,65157,50663,24134,85964,8161,77288
2020,2,7,48408,3893,20932,33540,8713,22607,36927
2020,2,8,35864,72583,20349,69315,36293,1327,62188
2020,2,9,36039,52627,30367,39476,80870,4346,1386
2020,2,10,44847,4955,89999,79099,86463,40662,83232
2020,2,11,72426,48822,519,37186,69066,21451,725
2020,2,12,94130,10409,84004,29993,99344,4352,15660
2020,2,13,51988,22030,27847,88026,74656,24565,73853
2020,2,14,71878,95263,31590,16724,217,21588,25823
2020,2,15,3031,62249,15406,75456,27422,15925,62641
2020,2,16,96487,53727,99718,90616,80487,33721,46961
2020,2,17,79830,4424,52620,48169,26454,46818,86194
2020,2,18,17461,71382,80046,89338,82996,11635,62414
2020,2,19,99564,33223,34588,2594,11823,49993,44402
2020,2,20,39245,82269,7042,52083,35995,23111,49051
2020,2,21,16482,23183,12363,12663,43959,14982,30832
2020,2,22,86764,78151,13377,4224,65884,43423,69914
2020,2,23,48880,21409,48679,48443,70983,33266,7389
2020,2,24,82806,33258,61790,38402,15527,35183,70484
2020,2,25,51521,8294,49534,84354,47828,11896,3369
2020,2,26,91786,43229,90552,78549,37731,20280,79125
2020,2,27,3615,30054,25390,68846,51463,24068,23640
2020,2,28,38797,57333,1028,21602,90590,12817,20003
2020,2,29,6116,48000,66839,73989,72645,32724,34694
2020,3,1,20472,10972,4414,28610,70552,11317,53510
2020,3,2,8283,31597,22634,28249,61650,48023,17094
2020,3,3,29464,22090,30733,68261,79422,48113,89862
2020,3,4,86364,27281,66217,92479,75280,49407,52819
2020,3,5,64276,82130,73865,1100,93101,28278,26061
2020,3,6,63653,89595,69570,88287,37543,8556,56535
2020,3,7,99192,56578,13628,28656,95020,10712,73268
2020,3,8,90793,25176,19481,77156,52457,35697,15987
2020,3,9,44088,51455,85157,8364,33585,9021,65815
2020,3,10,43037,37299,71875,23041,43245,41444,81327
2020,3,11,80787,66351,27861,96330,22929,7840,81337
2020,3,12,34300,18552,54604,25092,60079,40437,58600
2020,3,13,12535,76133,4586,56623,43940,39742,24986
2020,3,14,77524,65115,7152,20560,18765,29026,73601
2020,3,15,62009,36821,71279,59147,3172,49140,1828
2020,3,16,42452,56979,13165,76751,91882,34120,68194
2020,3,17,51961,74556,53145,64495,67041,7730,1117
2020,3,18,10980,63824,2454,4855,28938,9605,1766
2020,3,19,47702,4982,1718,26062,41803,22997,71560
2020,3,20,61326,72136,73387,3777,45466,2903,66879
2020,3,21,37348,87023,15072,5660,77930,34569,10154
2020,3,22,61322,58650,7623,72301,22473,26428,43507
2020,3,23,67762,52385,35273,31815,57366,36990,4228
2020,3,24,15520,9986,75787,76845,98473,15526,50621
2020,3,25,43939,68428,93851,97638,71802,25275,63297
2020,3,26,49732,9843,89802,11053,68492,47424,69706
2020,3,27,90965,40204,93212,75078,92588,44836,23245
2020,3,28,49953,81826,13824,65473,8163,39611,88669
2020,3,29,22988,71488,39290,83278,39915,33140,30915
2020,3,30,11717,58414,563,77800,68256,40364,28852
2020,3,31,53100,4140,4909,60416,44343,14473,45493
2020,4,1,53282,59308,75089,19586,41133,38913,75058
2020,4,2,65648,94875,60079,88635,66362,49368,58264
2020,4,3,6276,48859,69178,34344,23625,36092,62143
2020,4,4,8232,76455,17347,61331,96946,22255,1746
2020,4,5,57640,36727,73591,10921,96035,15031,507
2020,4,6,53519,53943,31916,35518,65169,41994,60504
2020,4,7,31530,7713,28767,54158,72924,47944,68501
2020,4,8,12900,84035,644,37483,76842,17990,35166
2020,4,9,90139,56596,53263,64131,9675,43205,5051
2020,4,10,5709,8236,21909,75579,78530,20177,31097
2020,4,11,43699,78522,51600,75228,2587,30367,39385
2020,4,12,91862,94662,34238,21113,95049,34881,18595
2020,4,13,88242,69222,90112,78380,42169,43375,2510
2020,4,14,51843,86579,33913,57551,11166,22173,19482
2020,4,15,89696,58701,60578,33394,37223,28529,64973
2020,4,16,56161,8895,70710,64374,19909,4947,75486
2020,4,17,14957,56179,60432,3198,25400,544,47929
2020,4,18,67568,93918,40439,19411,96848,40703,43313
2020,4,19,8014,62875,42794,97709,21576,19723,87454
2020,4,20,75150,48252,72426,47662,73498,9487,52035
2020,4,21,93406,64433,97520,24714,20611,7951,7911
2020,4,22,62362,8494,42192,29930,18763,32630,15692
2020,4,23,15611,89684,59004,23624,52558,18150,67684
2020,4,24,90485,37872,85137,81986,2475,23914,59647
2020,4,25,75973,33401,41681,85730,14185,39200,60444
2020,4,26,34796,13503,54706,97157,21996,46897,63438
2020,4,27,40759,95878,25481,72721,85561,34485,46344
2020,4,28,54471,18986,50379,61307,73209,1867,63293
2020,4,29,75684,25780,72939,68008,75532,30972,33737
2020,4,30,6069,70171,80532,57216,25,35238,50724
2020,5,1,22021,32134,14162,79131,28012,39642,71851
2020,5,2,29924,40478,64546,84394,75815,14924,85701
2020,5,3,49024,66790,88993,41059,8921,28283,39066
2020,5,4,805,9254,79154,6873,95777,9686,24088
2020,5,5,95801,11275,51163,34173,43408,15324,39655
2020,5,6,87771,21318,97857,17695,78147,12402,78440
2020,5,7,53962,93677,64140,19337,76818,19484,30395
2020,5,8,85739,64119,85812,2895,73372,31317,86119
2020,5,9,85500,57354,6558,97653,68628,7720,71825
2020,5,10,28388,39396,61480,16158,77065,9336,50204
2020,5,11,55211,38090,68644,25524,31766,32783,51212
2020,5,12,24936,18619,37958,27026,82737,23769,9920
2020,5,13,72460,21438,72390,74312,78791,28947,51964
2020,5,14,47419,36666,3788,75806,76061,31619,18315
2020,5,15,53125,57307,58519,24688,11748,27162,46563
2020,5,16,59865,76296,27775,84800,11266,15732,11825
2020,5,17,94002,5853,58096,82814,27290,30485,17125
2020,5,18,6080,9431,45440,69850,46097,49227,52007
2020,5,19,38509,47198,86674,7986,20856,45192,29025
2020,5,20,32603,88705,15587,92467,81352,43361,37267
2020,5,21,92618,25445,5443,2971,31297,13539,32136
2020,5,22,74938,94023,75612,97369,3454,21051,57219
2020,5,23,65902,86630,45577,20762,33827,32250,28747
2020,5,24,71034,93793,94123,3636,98849,9710,72454
2020,5,25,80201,53070,89720,89170,94866,45163,28492
2020,5,26,26162,58701,10628,1099,69075,36239,28468
2020,5,27,72528,23642,82038,54781,10271,27614,85543
2020,5,28,60449,76216,20641,31482,70008,14764,55117
2020,5,29,68857,24473,63922,65409,93894,3642,60930
2020,5,30,88760,65156,79421,31273,40208,6400,72372
2020,5,31,9282,8991,47191,98162,32632,29228,52942
2020,6,1,42902,73193,28484,3350,65760,49125,24831
2020,6,2,35768,80240,86299,20976,4712,220,12736
2020,6,3,14957,20213,73665,3716,1720,3085,11341
2020,6,4,41927,75837,83712,67561,84827,47254,25722
2020,6,5,17458,92833,35015,76711,82377,29851,60
2020,6,6,48137,28975,31242,83904,25566,17540,51231
2020,6,7,30277,84111,23966,45233,4324,47630,55301
2020,6,8,6043,67066,16641,64322,42902,16704,48234
2020,6,9,44080,80309,13955,77889,73141,15321,64599
2020,6,10,55517,45171,34658,3653,90497,32251,73908
2020,6,11,16062,99790,41490,62690,253,15455,54275
2020,6,12,4576,79436,89575,26970,62854,22567,77643
2020,6,13,22107,55622,55876,66187,35930,36182,64075
2020,6,14,9070,51503,15026,80938,13025,16035,943
2020,6,15,3522,48286,21202,19583,48075,12692,42273
2020,6,16,64679,44498,22899,69254,23934,12473,12576
2020,6,17,3139,51391,36570,25245,7012,8798,27783
2020,6,18,59293,94979,68210,84714,62833,33235,55651
2020,6,19,75858,49269,82945,79379,97554,4147,5313
2020,6,20,61981,66838,13937,26659,11335,36835,22265
2020,6,21,51620,65659,41192,54758,33401,27761,76355
2020,6,22,40412,86558,4137,16056,97889,22346,80769
2020,6,23,60721,71932,66420,52930,21201,49364,78660
2020,6,24,35106,69862,80325,97086,36699,44261,97
2020,6,25,64386,47448,68713,16005,29458,9904,27115
2020,6,26,62859,4016,83469,19622,6926,37605,65678
2020,6,27,4814,76303,36446,81886,48234,2865,24816
2020,6,28,85786,68581,83475,37244,38442,13799,10681
2020,6,29,91493,74412,90777,55878,21859,9489,28234
2020,6,30,51316,85744,75348,30526,89760,8816,70148
2020,7,1,96685,62773,85825,17850,55427,22270,29735
2020,7,2,20012,41487,34550,22150,26419,34377,49393
2020,7,3,64860,14527,10073,72704,5290,17202,18581
2020,7,4,43500,93042,33167,11168,78786,8514,51693
2020,7,5,84897,83682,91840,97933,62806,27664,35782
2020,7,6,18232,16286,15516,54595,57772,16418,46744
2020,7,7,84190,17146,36136,65401,31672,12561,4457
2020,7,8,53314,96114,99389,96813,89155,32555,77980
2020,7,9,84292,57421,66025,85540,41102,7864,83472
2020,7,10,20259,51880,99253,38490,68165,31121,29436
2020,7,11,42288,97538,86180,42829,31035,38667,24581
2020,7,12,62706,1227,79037,32371,13692,28426,29184
2020,7,13,2847,10980,53515,3490,84752,19539,79030
2020,7,14,25853,93755,88853,62463,45634,4458,37304
2020,7,15,30150,35578,26740,88789,49467,12919,51617
2020,7,16,80501,67937,56197,59558,85516,1586,81929
2020,7,17,99207,30011,37464,18405,57342,40978,41895
2020,7,18,42094,26869,27276,84298,36975,32480,23113
2020,7,19,98960,36937,80416,29109,72514,7155,7897
2020,7,20,21980,36425,65865,2480,4362,38413,18390
2020,7,21,89877,89998,70318,89083,36360,7781,23840
2020,7,22,10054,15110,45734,68499,58330,39361,39148
2020,7,23,95304,21840,32260,94263,58777,12676,69723
2020,7,24,47642,19830,73971,69622,72607,39835,28453
2020,7,25,76968,78248,66842,66844,84597,3511,22278
2020,7,26,20957,61291,96117,47362,92753,8202,45860
2020,7,27,51082,63914,85007,62738,85754,17267,7000
2020,7,28,60882,29942,96723,8523,66123,20693,14496
2020,7,29,38729,26880,99301,15696,21479,32494,28891
2020,7,30,6075,36005,87521,43383,13647,33637,744
2020,7,31,6399,58191,6603,73833,22104,41610,66570
2020,8,1,24209,25228,9921,1442,71521,22995,66317
2020,8,2,37643,10040,37164,92724,53271,36464,34771
2020,8,3,74749,18958,23662,80823,54962,27534,70558
2020,8,4,68608,11170,31301,91359,85712,4256,5191
2020,8,5,7816,62217,18112,48376,87444,44384,59818
2020,8,6,58964,83731,92486,12958,93770,29649,35681
2020,8,7,47040,66113,30452,38140,1422,20465,25314
2020,8,8,56383,97998,75871,41342,25519,23524,62700
2020,8,9,27583,77779,14242,51750,39995,48705,125
2020,8,10,43790,9441,66294,19105,93171,8779,22062
2020,8,11,3292,88428,54095,66683,70892,898,34822
2020,8,12,72313,71362,40135,45047,85711,16006,36388
2020,8,13,27581,39529,35440,55163,33659,16033,86912
2020,8,14,73653,14738,23389,33794,24178,6034,42898
2020,8,15,33700,64813,1311,36991,69592,5405,23673
2020,8,16,40483,56302,8494,29147,44015,14980,44193
2020,8,17,29725,80985,76932,73658,36865,12371,15172
2020,8,18,70523,94756,52084,60527,9493,41824,84320
2020,8,19,50022,97857,63569,73,79021,14880,37063
2020,8,20,48612,20284,57087,5446,76586,31932,40944
2020,8,21,20600,46911,25136,66677,44248,2068,334
2020,8,22,81112,30790,85505,67987,25545,3940,8513
2020,8,23,51389,62115,39185,17762,59972,2753,87834
2020,8,24,55344,67632,71248,20308,4268,28334,55753
2020,8,25,80853,10265,76697,17804,73528,18184,40832
2020,8,26,17775,36603,41165,98886,67393,43022,36872
2020,8,27,9289,13313,11737,77030,75428,921,54791
2020,8,28,51751,70025,28977,7094,37657,224,77401
2020,8,29,41924,44910,69506,39128,55174,12554,33283
2020,8,30,45053,80737,74115,62827,33692,31631,81713
2020,8,31,17436,74652,44936,26724,4317,6672,13753
2020,9,1,79744,23944,14896,47846,93969,43872,54939
2020,9,2,47977,44095,98692,6252,5356,18197,81731
2020,9,3,76882,47102,35013,21934,27838,9127,24761
2020,9,4,77881,40758,62825,95316,31761,7760,62040
2020,9,5,36077,80784,42144,32172,4727,7039,80017
2020,9,6,15047,17262,51308,79375,77709,49999,15626
2020,9,7,83064,34547,47356,59945,81648,32369,11879
2020,9,8,25837,7847,66639,3718,64956,29463,29033
2020,9,9,96717,53574,37424,49145,34357,45920,57669
2020,9,10,55436,52958,77685,86834,86572,28992,86209
2020,9,11,64280,95342,51834,47343,29888,15542,37288
2020,9,12,11535,14262,89166,37372,22108,22156,1089
2020,9,13,3416,1618,56473,16484,55191,43897,55628
2020,9,14,5900,89816,63296,61335,59125,7333,68168
2020,9,15,62048,86324,30728,26327,81666,32562,3670
2020,9,16,27905,14455,97309,39440,28716,2826,6811
2020,9,17,67175,74981,34251,70590,92950,7075,67073
2020,9,18,64492,971,69053,70391,7138,32348,88077
2020,9,19,82615,6032,12597,61014,92356,43324,77341
2020,9,20,90373,42237,77362,18277,56691,41022,34068
2020,9,21,85406,93847,67230,52581,85179,1480,79522
2020,9,22,78128,8555,26595,58971,25877,45647,19362
2020,9,23,49367,44346,93790,48333,50378,6386,65698
2020,9,24,59085,66062,13038,65809,8298,6751,74085
2020,9,25,81341,97772,74505,83098,91618,41734,32030
2020,9,26,76796,59566,91552,71275,84472,18146,70246
2020,9,27,26700,30144,75959,92418,74489,19748,57102
2020,9,28,24866,92486,82800,302,58547,45837,46110
2020,9,29,83196,2588,66547,64536,359,41051,3986
2020,9,30,8329,82784,16015,1476,58701,7566,49103
2020,10,1,43172,42063,19348,69872,88558,11658,42289
2020,10,2,63047,81405,19391,4264,73890,2190,24566
2020,10,3,48788,14378,87027,31984,33317,3573,86519
2020,10,4,50028,94623,60504,58356,93759,42871,46183
2020,10,5,52459,16788,65285,11983,75203,984,21854
2020,10,6,63760,12641,60494,26806,94046,46236,77422
2020,10,7,84287,14777,68339,33075,29155,5365,65058
2020,10,8,78823,8938,77928,28850,19912,4784,3557
2020,10,9,30022,47654,79740,98833,80793,45024,20815
2020,10,10,55995,46008,9020,19755,75000,35865,82912
2020,10,11,85397,82101,26685,69684,13229,45023,49110
2020,10,12,58735,50388,519,37558,75677,44798,36407
2020,10,13,95588,49581,86316,25610,13586,16055,30794
2020,10,14,10731,27430,51608,66725,89789,26979,32831
2020,10,15,64789,62843,65743,50185,61295,42427,66220
2020,10,16,74524,3802,71681,33258,54189,22199,17167
2020,10,17,29865,66997,69926,41804,32929,6241,53765
2020,10,18,62867,38647,24558,73597,66076,42517,76673
2020,10,19,72217,69495,59504,37005,32338,25246,73541
2020,10,20,93632,34024,56113,84507,37825,27793,27765
2020,10,21,8365,16344,4931,54581,83340,41208,16385
2020,10,22,32620,47448,80149,11838,86094,21059,41786
2020,10,23,68522,13575,58459,40738,83070,17962,84094
2020,10,24,15407,59559,97634,25390,93582,20098,29897
2020,10,25,47759,97891,44013,56123,14234,15295,60704
2020,10,26,13925,56503,23440,62896,3950,3588,44734
2020,10,27,6396,40998,76519,74917,54573,1329,45654
2020,10,28,37642,69290,26099,69400,28848,40084,54789
2020,10,29,38782,10182,21037,86540,8072,15049,9014
2020,10,30,38657,46696,69717,52581,3198,9508,71828
2020,10,31,23499,13096,6561,29894,70445,49432,1162
2020,11,1,25017,67112,53167,62658,36402,29265,72057
2020,11,2,81601,19349,43198,20382,29530,30586,26921
2020,11,3,53953,61987,65935,8961,8682,2003,21541
2020,11,4,11879,61511,9720,51729,90958,32633,1623
2020,11,5,61402,32064,2784,86419,15527,22303,85428
2020,11,6,51928,51567,13837,33529,87267,23386,43910
2020,11,7,33148,53971,77183,87100,15957,9469,6060
2020,11,8,40990,27823,73952,52868,5685,33672,44597
2020,11,9,96642,16304,2571,74396,64719,21706,77166
2020,11,10,80245,94008,58945,48525,61927,22781,68405
2020,11,11,49193,62518,68666,98693,32841,45848,25792
2020,11,12,48797,21668,98204,89787,49491,38507,9006
2020,11,13,55175,88530,79954,68169,4833,48876,38916
2020,11,14,85903,36934,52433,82500,47293,11377,51024
2020,11,15,9219,510,29428,74764,63027,48093,53456
2020,11,16,95867,60293,75599,61016,81960,40154,7154
2020,11,17,47802,78661,42511,19329,67190,22465,7497
2020,11,18,88375,37692,62764,90629,74625,15196,33128
2020,11,19,21918,26572,20503,47488,27081,16282,12251
2020,11,20,6460,64375,12058,18678,41019,37657,49693
2020,11,21,39330,77810,63198,87132,56470,5709,6460
2020,11,22,40012,28173,10308,28386,82216,23071,9014
2020,11,23,56841,4618,8494,78758,31189,28996,26245
2020,11,24,74622,95278,64848,81081,76004,26905,46110
2020,11,25,17022,64561,95803,72703,58723,9000,89834
2020,11,26,31544,64708,82645,71555,9232,9304,76292
2020,11,27,91448,98726,35306,64640,3343,43799,19749
2020,11,28,50884,89146,2345,25505,84423,17192,22937
2020,11,29,76778,60449,39046,93799,41361,1200,86502
2020,11,30,83,26552,42687,31627,7611,41684,3181
2020,12,1,33195,67339,19473,40994,66065,21130,75633
2020,12,2,85759,31280,65381,36642,20425,17725,2146
2020,12,3,21200,51269,1434,97977,11717,40480,18128
2020,12,4,53077,8031,90981,69512,34582,19,51138
2020,12,5,58545,8054,20670,91739,75393,6494,82732
2020,12,6,57809,27623,38364,43567,75254,20096,30209
2020,12,7,12031,87820,58706,49582,55440,10140,27558
2020,12,8,67156,16971,72037,36585,25001,13017,26096
2020,12,9,75935,29388,23585,34479,37441,44254,6217
2020,12,10,12833,748,58948,70641,44722,13663,60560
2020,12,11,36328,33758,10768,64710,37929,19473,14291
2020,12,12,93369,45964,78200,76876,62934,237,89812
2020,12,13,87935,29605,52259,63869,58992,25843,64699
2020,12,14,12785,36449,40915,25617,53548,16214,22610
2020,12,15,14621,46228,43169,50948,96337,20288,75657
2020,12,16,34265,56112,29947,43985,2076,8147,7213
2020,12,17,65009,74735,67024,69295,4339,19283,69515
2020,12,18,79683,11477,64213,92467,47925,21479,54435
2020,12,19,1472,54044,63396,16093,16623,6564,33392
2020,12,20,12959,93203,99049,63576,49315,45347,13912
2020,12,21,67742,69845,61124,49102,60931,44500,78397
2020,12,22,65270,80134,84263,61304,91610,14828,60122
2020,12,23,55887,2658,4556,57358,56702,17952,69802
2020,12,24,89676,90867,73194,2635,84070,22242,22562
2020,12,25,49736,33940,6473,17477,20137,33949,26578
2020,12,26,81067,28448,1326,62688,24933,35589,23991
2020,12,27,16542,66768,94112,72428,69425,15020,76138
2020,12,28,42478,82971,35939,32154,90189,9132,81140
2020,12,29,90610,97725,33701,56697,48017,6525,30525
2020,12,30,68153,40473,73455,49219,85272,24780,78259
2020,12,31,10204,76720,52249,43098,43487,12713,61877
2021,1,1,12912,94084,78014,55389,77054,30305,43894
2021,1,2,83594,39436,55033,90556,53513,38733,87252
2021,1,3,1529,61610,37777,69681,18434,11231,85251
2021,1,4,3706,86010,63509,30261,79082,32110,19710
2021,1,5,22568,94822,21587,51831,88905,15952,83572
2021,1,6,82310,46256,27465,82255,2044,32498,2810
2021,1,7,55556,87582,20062,57084,49191,7838,23116
2021,1,8,67625,85420,78366,87682,87781,8227,34294
2021,1,9,66862,90336,24004,5782,85157,45590,33964
2021,1,10,90413,61541,97535,89074,24149,25000,21328
2021,1,11,26192,23849,60490,98099,11430,30551,5182
2021,1,12,76973,54740,14649,60949,40159,9366,64982
2021,1,13,27939,67592,99275,11153,57927,23278,66934
2021,1,14,59435,68867,90897,66199,46760,4784,5272
2021,1,15,87260,29783,42952,13451,69983,3441,57901
2021,1,16,81412,343,99434,74736,71434,14082,82036
2021,1,17,11592,23447,17017,55882,91039,16292,63386
2021,1,18,65317,55921,319,24752,24788,7568,950
2021,1,19,87899,28703,62574,91510,74837,21877,21312
2021,1,20,44819,41669,49212,26230,42011,48645,7318
2021,1,21,29796,62726,69353,57739,2524,2722,13620
2021,1,22,9914,35365,97006,75231,91285,13676,56334
2021,1,23,32424,37595,7283,20322,66297,36208,21831
2021,1,24,41133,8084,49494,85951,49752,48705,48533
2021,1,25,8114,47349,62202,37909,26426,47906,25647
2021,1,26,45302,50627,25619,55215,85991,38976,80445
2021,1,27,77276,69003,46778,9699,22950,20413,66373
2021,1,28,89246,72972,74555,46731,81056,24049,39033
2021,1,29,47159,22753,93917,71625,86454,22470,49533
2021,1,30,29231,20376,21532,74532,87354,13502,89747
2021,1,31,73345,2477,76543,66972,87831,39673,83022
2021,2,1,10780,26437,39394,16378,99408,30301,49460
2021,2,2,80463,54349,28492,43974,93453,38761,75598
2021,2,3,96258,11230,41482,25489,47957,13013,80020
2021,2,4,35311,42866,29766,8655,45342,22661,71978
2021,2,5,49525,62333,84999,60304,88769,40745,86681
2021,2,6,88176,71045,72492,84991,41745,984,88964
2021,2,7,51549,56096,44561,47807,67325,36042,83295
2021,2,8,31634,65407,73314,66944,8272,19432,51950
2021,2,9,69966,42092,83927,19490,20776,18925,6145
2021,2,10,9544,9669,89178,97719,97065,11669,79061
2021,2,11,38809,79004,28024,90358,35099,38936,74516
2021,2,12,18776,91330,27810,50409,56736,17475,77352
2021,2,13,81359,53258,9301,51324,11701,9579,47165
2021,2,14,32476,78503,83310,42019,4524,22487,86090
2021,2,15,17940,50507,55150,56749,29511,49526,83458
2021,2,16,64609,88461,17973,99736,79790,12134,60144
2021,2,17,52877,95960,83847,34236,49218,9499,31911
2021,2,18,60918,19077,89076,9746,13932,38737,51764
2021,2,19,34807,77575,7853,52746,28081,29355,35846
2021,2,20,57591,78880,89303,38552,83692,23627,8287
2021,2,21,79834,85760,4783,49062,98072,4981,33297
2021,2,22,47289,14480,85208,24558,49908,40635,44303
2021,2,23,80191,79371,2419,14997,56945,26623,74095
2021,2,24,1377,5977,9940,58968,1208,49243,33871
2021,2,25,1252,22869,68509,97437,24981,23291,16498
2021,2,26,23052,94624,29795,86692,25455,31354,47601
2021,2,27,75362,38340,78256,55553,34062,30674,56901
2021,2,28,7358,7296,70995,8734,29625,30935,24053
2021,3,1,47184,96529,97923,64787,35749,16432,12223
2021,3,2,77081,56074,8721,132,50697,4867,73175
2021,3,3,76151,86220,30776,67865,40911,9031,59769
2021,3,4,74972,6056,43021,82329,13351,14016,11062
2021,3,5,59327,11302,75115,22863,24182,39389,87649
2021,3,6,59930,55820,49872,37011,28246,8592,83494
2021,3,7,95294,13458,56669,87797,16029,3796,42013
2021,3,8,56939,29178,11781,31910,51585,4801,74238
2021,3,9,64935,85168,21651,40614,12821,46765,3476
2021,3,10,37002,86154,51124,13284,58325,17347,60294
2021,3,11,2922,75938,20139,98216,5747,43159,36012
2021,3,12,21775,13306,58024,78713,42483,36156,6974
2021,3,13,94067,57308,57563,75354,58828,29214,32319
2021,3,14,88000,92330,12146,25002,94835,13269,24637
2021,3,15,53160,80616,21282,72433,72905,41420,40648
2021,3,16,78652,34579,73011,16778,47884,47386,31843
2021,3,17,6719,49893,38816,17137,7201,12731,28842
2021,3,18,82380,91944,41160,70379,625,3305,21732
2021,3,19,95460,32926,66368,64971,29893,37649,87403
2021,3,20,19149,45421,24403,14152,79999,47413,60930
2021,3,21,44234,61151,42772,67304,11043,47939,793
2021,3,22,34595,10669,9634,33326,18964,17146,83705
2021,3,23,19589,36802,31788,15048,86079,14508,60018
2021,3,24,32323,2156,33772,51472,47576,8174,75623
2021,3,25,43926,71939,12904,4512,49441,5675,38167
2021,3,26,76835,69966,88959,27782,80634,48593,51107
2021,3,27,99598,82090,81163,35538,18891,12951,585
2021,3,28,21322,43810,46954,53644,45965,47077,35115
2021,3,29,9893,55251,87090,70170,43541,49993,61033
2021,3,30,9333,72020,79200,86167,41985,18158,73948
2021,3,31,38970,83102,91407,54919,81543,22569,30456
2021,4,1,16786,1871,57392,38107,45680,20697,88102
2021,4,2,7997,17774,29569,34241,89376,16658,60762
2021,4,3,32916,33002,11795,42248,21373,7346,84766
2021,4,4,79709,91855,75066,35031,91309,16472,29949
2021,4,5,72851,39040,96757,89636,57263,4148,54094
2021,4,6,19294,74845,52196,27290,8970,31764,37882
2021,4,7,98345,14773,98644,47612,64126,26790,56211
2021,4,8,85499,34135,50976,81559,25989,26041,56589
2021,4,9,17297,92512,22890,6500,47904,35998,32487
2021,4,10,21518,90145,56581,40811,81341,25128,24453
2021,4,11,6662,23243,62334,5006,54367,27329,32617
2021,4,12,18492,4118,58827,20342,38252,9803,48253
2021,4,13,80593,52195,34841,97889,61059,24082,14388
2021,4,14,25314,10079,33227,46831,16576,6159,83993
2021,4,15,14268,31286,88445,20930,70880,17131,85935
2021,4,16,25246,44459,94904,60089,48577,3730,10431
2021,4,17,86828,79884,98683,83772,48431,49875,71661
2021,4,18,9489,23957,2400,51154,34035,35626,27984
2021,4,19,66962,58136,1976,81230,89421,6773,62159
2021,4,20,76652,73903,44445,1897,18361,5700,11986
2021,4,21,83289,25782,58768,86469,5665,7450,60240
2021,4,22,70447,23676,51900,96287,47632,20652,57440
2021,4,23,98019,22629,45423,64980,80765,13751,22561
2021,4,24,86537,70523,81071,63189,60777,41868,11437
2021,4,25,79137,97567,59774,62426,23348,18541,55246
2021,4,26,45365,92342,35485,15811,16018,3737,72098
2021,4,27,80001,74388,75889,94371,13368,21312,25703
2021,4,28,10484,1414,38263,13373,88288,19334,36561
2021,4,29,49064,77553,74349,44552,75119,34123,3329
2021,4,30,98467,52663,88574,60183,61357,24059,42345
2021,5,1,77374,27795,20794,73726,18534,46683,8097
2021,5,2,31901,34346,43799,58737,35759,32061,82109
2021,5,3,24046,17746,65021,89461,95298,39369,54012
2021,5,4,86769,89843,57341,1587,58858,45914,71769
2021,5,5,20214,69972,54113,13939,14118,24907,77664
2021,5,6,32651,87941,55760,80904,22286,49558,49640
2021,5,7,58044,97971,28100,98441,32068,43120,77901
2021,5,8,43718,48840,21912,30486,55035,45604,72072
2021,5,9,13892,41518,10192,50457,27841,30656,74395
2021,5,10,41959,55562,68410,74609,43502,24170,31864
2021,5,11,82139,40079,27855,40182,54401,5954,24974
2021,5,12,86469,65425,42874,46538,30617,31138,67023
2021,5,13,85651,76741,25446,99542,34610,1989,9998
2021,5,14,62451,32644,30744,4409,4558,49153,5369
2021,5,15,64411,39674,67233,46550,96105,11439,63083
2021,5,16,50505,67393,58057,53325,49169,17282,9862
2021,5,17,79785,14771,93236,65435,7864,35033,11328
2021,5,18,42473,87021,47677,4923,19665,28420,29331
2021,5,19,24222,93925,21052,88632,33598,4636,11533
2021,5,20,46054,16074,54616,96559,99818,29024,46235
2021,5,21,48987,46305,82449,45123,61076,42036,86910
2021,5,22,68939,27069,8237,27763,14089,22266,52686
2021,5,23,50105,50685,58368,90678,60961,29419,75662
2021,5,24,10911,406,47194,56964,16480,1809,9874
2021,5,25,32649,47184,36109,81635,93489,34909,53110
2021,5,26,70916,26944,70019,56206,70364,44607,3968
2021,5,27,805,66872,33005,50909,33909,41373,57939
2021,5,28,94869,87143,53600,22131,87549,793,19095
2021,5,29,20380,18954,48968,53028,66137,1428,31015
2021,5,30,75977,52688,94124,63244,95984,30494,69449
2021,5,31,66347,75100,19769,67151,41972,2773,34412
2021,6,1,75880,60497,92350,87100,47640,45949,49231
2021,6,2,51540,63093,4677,71919,82046,3644,64946
2021,6,3,64535,71424,75960,40511,40463,36435,40107
2021,6,4,36446,66928,39555,2793,42028,25675,36295
2021,6,5,351,44800,20706,92582,5296,13055,59681
2021,6,6,69287,75355,5263,20826,38448,9939,72744
2021,6,7,36845,79935,34042,17731,67710,26353,84594
2021,6,8,8172,12788,94700,44618,96067,606,33762
2021,6,9,54446,26281,50056,54796,71080,20762,3729
2021,6,10,92727,168,59762,62014,75523,15024,62839
2021,6,11,30322,91315,91935,83518,71249,42328,61249
2021,6,12,55310,68680,75842,63481,81467,20541,54450
2021,6,13,93886,21146,88211,48331,63778,4619,79479
2021,6,14,34857,41732,83207,27584,41899,42968,79597
2021,6,15,33773,7992,88787,80446,15658,47073,43964
2021,6,16,3258,39400,65212,58567,24432,7405,62047
2021,6,17,22250,27945,62849,16135,65442,17411,64466
2021,6,18,29220,22029,83944,64076,63760,17150,68011
2021,6,19,22011,26470,13959,55783,50813,19098,72581
2021,6,20,66470,32522,16544,69727,71922,48107,78293
2021,6,21,96353,55511,66691,18602,83455,29539,31089
2021,6,22,65248,13302,15554,94467,35330,15849,64895
2021,6,23,15442,99350,82905,37452,25819,13216,69586
2021,6,24,76631,48665,62166,43100,81186,28709,79178
2021,6,25,53107,93167,57470,65811,48677,40513,40765
2021,6,26,32131,86403,51853,13731,99704,33758,28197
2021,6,27,51386,99606,83091,66827,15307,32348,44278
2021,6,28,41126,11915,13863,17756,60579,42381,37208
2021,6,29,41764,87441,22737,11223,80608,30207,23385
2021,6,30,29284,37071,94149,77767,23473,12353,51497
2021,7,1,39529,46110,16045,90914,62067,49136,27740
2021,7,2,77374,97835,78369,34851,26101,8583,48958
2021,7,3,86679,963,46165,44794,4756,35254,76016
2021,7,4,85363,65460,49401,30998,18882,9901,8764
2021,7,5,58706,38606,16612,98234,1067,32657,65499
2021,7,6,63134,48144,63238,56859,62330,7958,71709
2021,7,7,88430,66541,60666,91460,83855,23183,6253
2021,7,8,88610,8436,8621,90324,90247,24373,51322
2021,7,9,25480,34273,46437,84185,89230,13049,68771
2021,7,10,90297,12057,4269,53430,76552,33859,86640
2021,7,11,38881,41816,34700,27310,8356,45365,15121
2021,7,12,8563,34899,71373,97172,59686,29993,47496
2021,7,13,66284,54365,8817,91763,4990,21605,52300
2021,7,14,94219,51005,91070,84515,63061,45338,14296
2021,7,15,55964,79196,80935,94844,37364,31986,8505
2021,7,16,45719,27351,73625,54281,78601,11350,67805
2021,7,17,54639,41342,55300,37274,12059,30468,69037
2021,7,18,33400,68424,37688,27618,19429,28757,88485
2021,7,19,98841,40446,99132,54805,35994,46419,86000
2021,7,20,73357,28404,4505,35427,72106,44481,26060
2021,7,21,67059,55830,73864,21697,97172,45515,28970
2021,7,22,25582,42334,4358,58981,10757,42045,82950
2021,7,23,30185,87153,47786,45378,43951,46918,40182
2021,7,24,96296,43336,66181,69652,88091,37037,81430
2021,7,25,60197,81518,27489,27255,37347,17704,38951
2021,7,26,50870,63218,24272,92803,5551,28630,61783
2021,7,27,32660,87026,54733,79196,90531,2518,24573
2021,7,28,50833,65787,24754,47128,9122,7287,36779
2021,7,29,13565,10675,38208,73761,92192,32049,71015
2021,7,30,45891,99752,66317,13112,62970,6940,15915
2021,7,31,84872,51921,74049,33883,55299,28781,63079
2021,8,1,45829,47651,37651,13013,29789,28757,20140
2021,8,2,55263,2395,93270,68827,13069,47829,52587
2021,8,3,21613,29877,59953,83855,45981,42621,56966
2021,8,4,25302,49560,19232,26525,17833,43281,408
2021,8,5,73131,38413,73486,35311,2415,27488,78323
2021,8,6,32204,22596,24814,87466,24990,18083,56292
2021,8,7,54411,82263,15230,76023,12140,25182,36229
2021,8,8,74472,34154,73194,99773,65,8778,26297
2021,8,9,17897,2058,86704,7379,40470,26541,62689
2021,8,10,59237,4029,7363,91440,42976,32176,18905
2021,8,11,84318,50258,51548,38728,32521,16777,71102
2021,8,12,61012,58310,7330,35483,8815,46875,45255
2021,8,13,8879,5652,77903,43128,24061,14607,60506
2021,8,14,80883,57499,9547,40119,77879,16909,27910
2021,8,15,20855,49085,43166,5172,15694,44713,50251
2021,8,16,48214,77841,91352,25577,36150,15033,61059
2021,8,17,44964,28259,12665,70194,50263,40568,19673
2021,8,18,74323,71526,80179,71557,29024,6077,48027
2021,8,19,6903,22985,75936,44109,88421,19101,39280
2021,8,20,4115,13813,9530,68680,91653,17233,24257
2021,8,21,44154,48617,71667,5469,76875,684,72015
2021,8,22,27137,91251,21687,17812,79128,18217,89368
2021,8,23,8151,24293,17395,31405,63630,9682,5513
2021,8,24,52050,28783,41144,56164,58947,17025,74844
2021,8,25,66952,84257,19100,27457,32873,7118,12926
2021,8,26,26100,7801,24940,53236,15403,12978,61047
2021,8,27,94530,81195,76767,19033,21839,10513,6789
2021,8,28,85468,20194,58654,37518,65328,49797,20033
2021,8,29,24275,66822,34876,91226,67430,20327,45034
2021,8,30,16655,93797,67959,42754,1597,9250,65989
2021,8,31,17000,72228,83388,27881,53422,26506,63265
2021,9,1,91612,87018,30054,77080,7211,38707,40949
2021,9,2,88891,4855,40981,13165,88028,42209,10742
2021,9,3,55458,62535,55775,72112,72683,40086,61217
2021,9,4,74280,49335,27205,7631,37914,26944,81863
2021,9,5,7687,3449,15128,99299,90466,11533,36378
2021,9,6,14029,66591,7326,19271,71445,14658,42435
2021,9,7,75825,56866,69528,31282,35753,41654,19745
2021,9,8,8435,81739,50961,82714,47426,44517,46696
2021,9,9,85339,37813,58559,93026,41261,40038,78676
2021,9,10,48079,51570,85053,78459,34512,8730,67729
2021,9,11,22308,89739,46515,98132,46605,32394,85765
2021,9,12,82357,74047,65509,7143,72138,32821,66209
2021,9,13,19563,43690,12904,21253,81502,37814,50630
2021,9,14,22762,77851,39305,87192,45772,40709,45650
2021,9,15,96635,65790,79730,18943,55529,26244,57074
2021,9,16,2133,58637,62839,841,49036,44699,7983
2021,9,17,21173,93872,30543,40735,37561,43447,51987
2021,9,18,19062,47612,92617,58175,25463,48273,75367
2021,9,19,87586,88982,27368,84221,54771,7098,49515
2021,9,20,10299,49693,36588,28783,24682,15778,85975
2021,9,21,73717,76829,70310,94889,70700,852,61975
2021,9,22,24612,60650,13961,43673,8262,22929,51847
2021,9,23,50076,87554,63565,54013,76535,40933,68233
2021,9,24,47657,98030,74099,74308,64074,10687,49442
2021,9,25,88755,42816,65417,62471,35996,2078,13711
2021,9,26,6695,52929,25685,31306,29931,5998,71330
2021,9,27,38192,95278,9529,4619,82831,23093,88631
2021,9,28,59365,64025,13216,7022,78406,37314,47681
2021,9,29,42480,14352,17122,31234,73520,32538,60057
2021,9,30,9515,34615,83767,32562,3896,9452,40219
2021,10,1,33826,65449,71549,88369,60726,31077,62987
2021,10,2,43557,54169,67969,19273,34546,31184,82646
2021,10,3,12951,84850,40326,55430,99201,7448,73016
2021,10,4,72720,56337,13072,82235,7304,46838,51148
2021,10,5,27551,6289,11366,61376,88089,32914,6096
2021,10,6,48815,80342,75434,8723,50863,43402,7995
2021,10,7,85408,24586,86993,98358,9435,43670,140
2021,10,8,24987,1117,73155,14059,73806,2578,46293
2021,10,9,97461,99415,43792,25011,22056,5157,32738
2021,10,10,10144,38071,68833,75310,18412,44266,4032
2021,10,11,69274,4019,28379,71033,28604,31723,55743
2021,10,12,54390,75392,72234,95729,92861,11740,69787
2021,10,13,66666,64317,22431,64126,63731,16222,15488
2021,10,14,2138,21378,8225,12282,75800,27057,3943
2021,10,15,10564,37674,87975,96189,41692,32705,17222
2021,10,16,86648,80779,69316,57389,56170,41549,53117
2021,10,17,65382,3288,79255,32047,67604,1685,2524
2021,10,18,47686,67906,18011,49824,5636,42587,8457
2021,10,19,97787,19643,82399,8350,57316,36725,74539
2021,10,20,99008,35781,88112,2007,16559,7427,39395
2021,10,21,89081,98975,12512,54462,2262,8118,72861
2021,10,22,86217,9803,15384,33902,94060,49747,63725
2021,10,23,16047,92333,62181,13834,28328,10932,12183
2021,10,24,1995,47656,43073,17354,83437,31184,9360
2021,10,25,99995,88610,78755,89075,3936,7618,19889
2021,10,26,22549,15735,62749,8765,41889,44484,82667
2021,10,27,35949,44230,42743,51995,52915,21276,32180
2021,10,28,97594,82207,4363,99588,46214,47435,13294
2021,10,29,29650,94971,52653,45997,99932,47759,51423
2021,10,30,3868,71728,11311,42768,3815,24059,41533
2021,10,31,45703,68543,10551,98003,29124,3293,86350
2021,11,1,98390,90920,48529,12335,89478,2891,68275
2021,11,2,35692,16678,61568,65341,11648,14220,7689
2021,11,3,27931,78331,79112,31798,50058,6774,74566
2021,11,4,70224,97185,42450,15927,82079,3000,70281
2021,11,5,11202,22644,96630,25944,13564,45159,8278
2021,11,6,3041,14401,66552,38732,47430,44471,10425
2021,11,7,75429,75043,48113,3360,53373,43576,41509
2021,11,8,19782,66702,42426,90006,63886,1227,42284
2021,11,9,45964,54226,52564,73517,76870,15546,55812
2021,11,10,6785,10704,70442,26177,41456,3345,44909
2021,11,11,5238,97816,1685,80666,72858,16149,377
2021,11,12,42582,26077,68238,62363,92778,10663,18720
2021,11,13,56663,11890,7355,18978,82467,9919,8846
2021,11,14,75688,41816,24658,82472,52519,45099,45001
2021,11,15,10326,64795,6261,15563,62610,7945,32581
2021,11,16,35467,90445,29309,78048,16521,47546,86763
2021,11,17,9298,24561,41834,82312,52802,49189,37641
2021,11,18,35268,25459,26487,27308,67274,17496,76131
2021,11,19,36144,78946,51131,62821,43740,7391,14736
2021,11,20,6350,81687,7316,58168,72132,2976,62568
2021,11,21,88652,50522,25682,14302,75082,17515,66613
2021,11,22,44235,33055,30606,95854,74865,7092,3161
2021,11,23,42138,40939,49292,94633,19884,16774,87454
2021,11,24,79975,74165,52189,86324,55851,25856,60844
2021,11,25,44334,28831,13411,32986,95704,5444,77287
2021,11,26,87137,22958,60251,31371,72365,40856,43577
2021,11,27,47229,64299,66737,89367,5237,32380,70351
2021,11,28,41472,49154,57804,21447,39670,26344,27770
2021,11,29,11872,18551,84965,56206,63734,14727,45543
2021,11,30,75789,70170,52829,62926,93128,13079,648
2021,12,1,65492,3935,54224,12720,68233,37313,28438
2021,12,2,89822,69692,18789,31293,35197,42944,52739
2021,12,3,91218,35640,76861,19442,70542,11825,31999
2021,12,4,50627,76552,97541,26416,46721,369,35693
2021,12,5,56200,79799,16340,38043,85,36916,67115
2021,12,6,84670,24228,85552,74491,10271,20692,12135
2021,12,7,61820,29988,74874,53037,81979,1734,72478
2021,12,8,52520,29910,80828,3147,22813,28368,45914
2021,12,9,69534,45088,51606,42085,24887,34297,80128
2021,12,10,24971,71212,47242,9640,95439,49145,70482
2021,12,11,22062,86189,22617,83881,16176,47490,36917
2021,12,12,98154,65575,25747,67025,11836,6574,16523
2021,12,13,34649,1294,32436,20534,46381,393,88970
2021,12,14,71267,84690,59097,12590,72253,22690,8581
2021,12,15,84044,71835,39063,6105,58023,11679,29985
2021,12,16,90550,75520,43253,5055,57446,35351,8431
2021,12,17,85633,8277,74954,20281,9570,23741,17166
2021,12,18,55950,40486,36136,43569,25175,11584,26158
2021,12,19,13779,34274,11090,97822,22460,152,33926
2021,12,20,96834,28182,93910,3735,20053,3515,78789
2021,12,21,93850,38865,13571,79483,47141,4876,89763
2021,12,22,56710,44969,73281,29012,85454,9416,88932
2021,12,23,26980,37351,45089,40758,71624,6178,78580
2021,12,24,10435,22682,58857,23620,67215,19119,67354
2021,12,25,87268,22633,52494,81117,61497,16065,10599
2021,12,26,24990,70940,76714,98051,15908,16346,63414
2021,12,27,17713,92113,32345,44692,29463,43785,71802
2021,12,28,17439,66315,40381,44225,88996,15589,87845
2021,12,29,56210,84707,95198,59829,7339,14044,67298
2021,12,30,85188,30108,34248,26529,17399,27313,54579
2021,12,31,49659,93658,67993,67371,85770,337,28415
2022,1,1,31585,10474,30216,49023,76788,36948,23247
2022,1,2,82135,2536,77443,54696,87243,22641,14525
2022,1,3,10933,53036,71822,12472,99495,22421,89000
2022,1,4,16893,49734,63579,82903,43391,47923,56626
2022,1,5,45513,64611,95040,77097,75084,41607,62471
2022,1,6,51871,28554,52069,34005,47441,29512,58701
2022,1,7,51035,18504,19577,61968,71539,7750,54439
2022,1,8,71033,30170,13439,4277,79903,43369,67180
2022,1,9,39646,41291,53805,1510,22253,48844,54958
2022,1,10,97337,6802,37428,65559,51707,5848,85916
2022,1,11,99147,35359,4616,50182,70214,40544,78501
2022,1,12,41752,48293,19291,12784,78462,49081,43413
2022,1,13,74717,58801,20592,30714,16443,24396,42223
2022,1,14,38696,39591,27180,52384,46392,30959,47942
2022,1,15,98098,86806,33857,13596,38517,4824,40129
2022,1,16,8730,95367,24981,50482,43659,44272,29617
2022,1,17,38473,9704,13029,13189,68505,49972,53902
2022,1,18,84947,40719,76124,23642,80309,19655,56025
2022,1,19,43052,613,10319,57501,3770,44175,21097
2022,1,20,42286,98999,67577,51016,94365,42558,27849
2022,1,21,54376,53181,97465,92848,62884,26846,76036
2022,1,22,31388,76817,66289,16335,17536,8764,56328
2022,1,23,14196,78418,48705,73600,95382,9023,21100
2022,1,24,99151,19549,18548,41437,18547,36125,58804
2022,1,25,29264,95034,26652,83639,48214,40468,86486
2022,1,26,11097,83665,98873,42485,76834,15161,85171
2022,1,27,10721,23924,47850,24916,18693,46554,38515
2022,1,28,14074,71928,45967,13224,91477,30866,31012
2022,1,29,26375,66990,96167,55638,62023,22818,75628
2022,1,30,26588,79638,32113,37685,63302,30985,6521
2022,1,31,40135,12497,71691,50855,52772,35892,22123
2022,2,1,71464,48798,6989,85537,20725,19307,65113
2022,2,2,28553,50173,2476,54928,33514,48643,56917
2022,2,3,11889,21460,82545,38476,17449,31009,46160
2022,2,4,97103,61994,72680,37237,90842,10722,64444
2022,2,5,43614,96614,12918,15077,45411,36258,56966
2022,2,6,82487,5565,32078,11040,55737,34553,35967
2022,2,7,89250,33195,9235,1138,71007,41779,29614
2022,2,8,88455,22788,32125,85557,1133,4805,49146
2022,2,9,91974,81878,59941,51939,78491,39210,47016
2022,2,10,40253,25467,83981,22740,31031,32410,33779
2022,2,11,86767,66962,16097,92369,16509,25331,59858
2022,2,12,3867,33462,65823,92321,72601,47948,34230
2022,2,13,73733,19104,49727,82058,981,26019,70349
2022,2,14,95824,15228,33716,36076,57046,34048,85167
2022,2,15,88077,66457,8945,91195,49770,41393,79915
2022,2,16,82630,83076,9773,86496,32889,25595,25169
2022,2,17,5489,89894,89398,95573,8997,5476,13982
2022,2,18,26330,97846,44330,22153,29425,28045,4580
2022,2,19,86470,12092,49747,90898,94900,25043,12093
2022,2,20,44670,32788,98359,43651,15863,8131,147
2022,2,21,48751,78,25315,70591,89971,31064,56163
2022,2,22,15320,2891,60144,41649,736,20826,153
2022,2,23,30160,98870,54732,16629,27314,20830,57527
2022,2,24,22213,12225,5971,83234,45012,4329,56885
2022,2,25,77226,28812,57031,25976,28889,48697,56566
2022,2,26,18859,29760,79080,34178,32650,39223,55826
2022,2,27,33385,60048,72330,79896,75270,43414,36524
2022,2,28,2583,64243,20402,41147,92819,42724,24381
2022,3,1,54182,47053,67617,31407,75864,40999,43734
2022,3,2,21104,39695,86651,39962,69454,15730,492
2022,3,3,18455,21305,82669,68191,97704,4999,38086
2022,3,4,72973,98412,60961,91907,79006,47715,33054
2022,3,5,88177,40438,73786,42358,3842,41402,3765
2022,3,6,79705,98752,47498,17160,38446,34149,17122
2022,3,7,24251,16230,47613,42705,37534,46633,77247
2022,3,8,35238,1631,75332,24562,16394,2644,26469
2022,3,9,11752,50358,65874,99928,7148,6011,52285
2022,3,10,10989,13764,16049,7046,12515,13547,4205
2022,3,11,50960,14047,97678,75210,30276,45290,4266
2022,3,12,84162,8275,61512,35751,9905,3195,30312
2022,3,13,42651,5838,93132,54402,72548,25357,24329
2022,3,14,79695,31367,96613,90683,45130,12662,57728
2022,3,15,57644,92560,38285,8603,22958,35962,40164
2022,3,16,69585,97604,34429,53746,5878,12292,25848
2022,3,17,32134,65486,66160,74784,71324,25643,19185
2022,3,18,60223,51000,99865,39917,82366,46478,70599
2022,3,19,27496,25491,44679,1491,34402,32963,6446
2022,3,20,73711,35276,26609,43295,32879,27390,73393
2022,3,21,38756,89681,19240,87242,71519,1751,12025
2022,3,22,59194,77394,7562,19416,28393,23778,49332
2022,3,23,27110,20255,6282,54605,62097,17312,52448
2022,3,24,12850,66626,98893,86560,1902,25501,19855
2022,3,25,34780,19242,43247,89888,25275,28838,37129
2022,3,26,96793,80589,55505,72338,57982,13066,81753
2022,3,27,2726,86844,67436,29835,23450,40069,70792
2022,3,28,1899,57381,73239,14748,24006,38483,11308
2022,3,29,42259,30335,47514,77039,49577,7112,73278
2022,3,30,91203,85949,60406,4347,82889,15910,6684
2022,3,31,57222,95328,84788,59947,98523,18575,86134
2022,4,1,38324,58643,23277,40222,32375,46515,31322
2022,4,2,72733,84997,88981,14991,15331,36494,78381
2022,4,3,81259,43605,91658,72461,45905,2063,6807
2022,4,4,28794,84325,69842,86015,79652,20981,62314
2022,4,5,94526,39555,68447,32849,98198,41723,59423
2022,4,6,46924,4589,60744,19656,5937,49724,44647
2022,4,7,37619,2569,43027,35230,46173,34685,17690
2022,4,8,92077,3099,849,37222,87423,37042,63237
2022,4,9,83426,58023,1902,94303,97577,20348,37152
2022,4,10,12126,78422,32926,59050,83010,10021,48705
2022,4,11,5298,59744,29703,42916,62312,39082,38145
2022,4,12,24836,40118,2187,33264,43216,19387,46838
2022,4,13,46991,6428,10074,46768,64450,11975,11071
2022,4,14,78379,98674,84574,90504,77095,33851,55905
2022,4,15,76456,43871,60962,81753,3614,40664,71020
2022,4,16,82277,79745,35517,23464,36214,37703,73079
2022,4,17,79430,57089,59916,42772,79868,36341,39539
2022,4,18,60670,14667,46961,39048,13340,31534,85903
2022,4,19,6786,65384,11808,99593,9254,39121,37697
2022,4,20,29219,79784,38717,27847,75881,24233,17662
2022,4,21,12094,28287,40741,7875,1727,656,20646
2022,4,22,97946,3349,40185,58615,18015,37145,74014
2022,4,23,47707,35031,59917,54492,16766,38076,50437
2022,4,24,42372,77196,68133,71590,73331,6849,25789
2022,4,25,65563,97433,83450,94009,42071,24190,81883
2022,4,26,60149,41198,52529,58095,44546,9065,6709
2022,4,27,78912,12561,30723,26618,63943,6991,71110
2022,4,28,80709,95066,51546,23080,88613,36030,51021
2022,4,29,61943,42879,26809,27506,56663,26611,61514
2022,4,30,15086,50800,39748,75234,8349,8628,63328
2022,5,1,69246,17692,50037,48158,46605,47111,44775
2022,5,2,10547,4101,72236,7607,15518,40133,37038
2022,5,3,4130,76163,58059,82424,35393,1219,39929
2022,5,4,92055,27829,47794,23492,94981,37542,8726
2022,5,5,19681,96169,32053,88927,30213,48441,37084
2022,5,6,93169,11903,11858,20067,32355,446,47674
2022,5,7,47872,40578,74711,68353,16740,49121,50777
2022,5,8,52132,50340,77057,60539,94520,24851,54030
2022,5,9,89500,28744,82755,9181,41264,31160,78107
2022,5,10,87828,45952,51542,80996,57855,29751,11063
2022,5,11,6561,80196,45088,54433,20774,36150,69137
2022,5,12,37513,85271,89913,5997,51962,16970,66535
2022,5,13,46481,8172,50564,52333,53267,49671,31513
2022,5,14,94530,80830,75971,82358,43133,43864,9705
2022,5,15,987,23614,80767,7548,20162,42206,28332
2022,5,16,40935,78356,33820,94799,63626,23733,795
2022,5,17,31939,7054,67329,78419,31577,34245,70751
2022,5,18,84843,83915,8615,79372,81096,937,58081
2022,5,19,24228,44800,57786,41567,84766,4904,55466
2022,5,20,4927,97110,60149,45861,91817,43968,47011
2022,5,21,71794,34052,57806,3732,57457,41486,88502
2022,5,22,89033,75730,29253,73875,75996,4219,29599
2022,5,23,57091,55156,64031,97671,99955,21816,85589
2022,5,24,84720,93072,21054,89646,6533,31202,21858
2022,5,25,98349,91521,8869,86494,25573,33026,20225
2022,5,26,83029,24511,88726,88414,16593,34330,22288
2022,5,27,8940,88549,48238,66031,60056,12269,10053
2022,5,28,60010,50436,35641,61082,43507,23046,47079
2022,5,29,66391,70599,35289,64739,62119,10509,11232
2022,5,30,4043,43534,57808,3424,84396,12886,81837
2022,5,31,988,97215,70476,9928,85763,18714,42310
2022,6,1,62170,47334,88714,22180,97769,24354,39613
2022,6,2,57628,13751,83043,24018,84349,34683,5109
2022,6,3,62819,95191,72692,66862,38724,30500,70285
2022,6,4,23120,93385,62121,40459,6951,32596,6738
2022,6,5,9066,67661,59047,71235,14994,14112,19766
2022,6,6,29115,4817,25730,3094,18567,8773,87111
2022,6,7,2915,43455,48571,65734,54998,21263,18947
2022,6,8,10073,68114,19231,33192,77850,47703,30003
2022,6,9,84800,46650,56740,93865,30663,32139,55100
2022,6,10,62008,12602,74865,91122,17419,595,54215
2022,6,11,35985,25719,37678,55252,85525,36248,70985
2022,6,12,40522,23862,86283,50595,91975,5513,30138
2022,6,13,69824,19567,6492,70976,82568,13232,34840
2022,6,14,13230,11722,46291,75238,24323,37508,56359
2022,6,15,41741,54454,76926,94078,80172,30955,39329
2022,6,16,82048,33554,86665,22570,57416,22947,49516
2022,6,17,65742,94811,6005,51918,30729,12497,62893
2022,6,18,13296,92080,4084,26526,3801,375,11763
2022,6,19,44475,87882,84473,2568,42335,27750,86645
2022,6,20,38858,25056,62325,20905,58610,48989,89826
2022,6,21,32377,38287,65693,14470,49449,21698,56387
2022,6,22,80177,84194,5631,93472,76273,9715,79997
2022,6,23,96425,76441,38111,40899,80674,38936,19818
2022,6,24,39360,16685,56462,78217,41741,18786,5473
2022,6,25,16702,84126,75299,49078,22412,7343,23547
2022,6,26,71860,29040,46286,52036,29585,1916,11860
2022,6,27,5857,77982,98208,18633,54422,36319,55884
2022,6,28,35095,75254,35701,74454,8290,8515,72670
2022,6,29,66382,43652,84495,83083,27778,26145,38512
2022,6,30,66541,33487,28411,54753,78879,24696,33140
2022,7,1,8463,42963,84999,30672,20945,33207,9304
2022,7,2,75366,35877,41539,10461,27482,27240,74914
2022,7,3,35771,85754,53936,18505,45757,4782,17939
2022,7,4,73534,30926,66451,40075,80764,44861,54827
2022,7,5,59642,85908,17966,68105,28870,19317,48776
2022,7,6,49814,18875,64431,25180,54751,5970,25640
2022,7,7,82232,99561,36905,34354,1666,7192,22858
2022,7,8,47422,61973,70797,20956,9250,3599,57382
2022,7,9,90014,64811,88560,49655,50718,22877,84111
2022,7,10,79587,42193,32886,29401,61067,47317,932
2022,7,11,32169,19638,22923,30752,19198,9827,15106
2022,7,12,20863,83371,34315,68284,61695,21463,25591
2022,7,13,87297,75061,82972,77310,39871,21531,33316
2022,7,14,6940,10760,77427,86527,52952,10312,32279
2022,7,15,30371,23980,3210,78891,43617,26132,49643
2022,7,16,79166,2310,74748,28,2032,25414,54664
2022,7,17,63727,46877,90254,51023,38289,23226,54684
2022,7,18,94512,61108,87999,1451,71867,31777,74329
2022,7,19,41171,8441,36607,87893,48772,6168,36783
2022,7,20,92389,82299,92777,87906,961,33876,87934
2022,7,21,2992,9290,72597,83070,72518,12850,60444
2022,7,22,27158,52427,11479,21669,13535,15830,49472
2022,7,23,1753,97606,60152,59275,6046,46759,23519
2022,7,24,54818,69278,30302,63558,51577,39430,51463
2022,7,25,68889,23306,55748,88232,32595,28344,61302
2022,7,26,21464,7546,38097,48621,59972,49576,76642
2022,7,27,89858,65405,42465,7963,79362,2616,3589
2022,7,28,1760,99374,47108,56577,68652,43761,76486
2022,7,29,36580,33190,4300,21820,56495,10048,60051
2022,7,30,5441,4743,97704,26904,28640,35801,71877
2022,7,31,4964,85376,78518,11173,67132,20982,19135
2022,8,1,46493,39949,19076,48252,39323,16183,21180
2022,8,2,24326,59943,74017,77257,93132,28317,55428
2022,8,3,65979,54716,25478,87771,75810,23182,61027
2022,8,4,4450,58982,22903,9413,60709,17772,6937
2022,8,5,44192,55105,72424,90684,95053,41499,85288
2022,8,6,50727,57681,92819,91404,17623,16836,25012
2022,8,7,27106,45152,439,9436,16219,25917,67207
2022,8,8,92028,65450,28233,96477,24431,17487,62241
2022,8,9,1491,1610,59178,45682,56714,31601,2717
2022,8,10,68118,23099,24356,18845,97131,17175,36600
2022,8,11,31105,84010,11612,74562,45513,12050,33998
2022,8,12,61731,54318,97556,53758,19767,42140,76587
2022,8,13,60549,9626,5179,62039,11235,30708,14072
2022,8,14,84300,28660,93141,52417,51758,17496,27613
2022,8,15,65240,34670,14213,96344,18679,25824,70906
2022,8,16,80543,54225,71255,42273,8543,18810,12383
2022,8,17,44661,10949,95321,5210,36926,499,23600
2022,8,18,64512,97559,24024,65163,26218,17164,27579
2022,8,19,77976,34659,5192,59567,85681,19404,5911
2022,8,20,20711,61579,26816,1254,15803,48070,33526
2022,8,21,40697,83231,72260,85358,10531,17580,56919
2022,8,22,47456,84431,90518,28319,81989,14541,3481
2022,8,23,8206,48056,27411,2533,82715,32602,82100
2022,8,24,68395,68357,34362,89105,46287,11177,40358
2022,8,25,78442,75598,50236,19138,75180,38847,50847
2022,8,26,85710,6427,27765,49517,7209,34635,74187
2022,8,27,89197,65527,87667,13754,13583,15077,52639
2022,8,28,96297,64031,94738,81043,32387,45451,26499
2022,8,29,95026,6627,93209,73467,98576,9796,32604
2022,8,30,90107,98642,29803,75816,21420,7567,15332
2022,8,31,28628,92201,19518,34176,74080,23536,24282
2022,9,1,87662,54964,96920,83958,18994,8009,11352
2022,9,2,67733,53459,67850,62758,76437,27410,6224
2022,9,3,91364,37205,45179,81470,35847,24981,67285
2022,9,4,57266,48900,98968,2246,57452,34837,72773
2022,9,5,31531,74724,17054,19192,29687,13973,9501
2022,9,6,48681,21981,17204,32765,91791,1406,31874
2022,9,7,68227,78815,64449,59590,16020,9627,21059
2022,9,8,68218,960,14695,41835,49859,30014,84080
2022,9,9,23662,64850,96853,55193,39573,13906,736
2022,9,10,85612,44231,10237,34292,82563,27440,23408
2022,9,11,74354,28845,95281,58932,7660,9729,34874
2022,9,12,40031,85707,75932,8248,86666,6979,86434
2022,9,13,52876,36992,10514,76538,18194,23718,51730
2022,9,14,57766,53975,22465,43377,14557,49053,54020
2022,9,15,97120,92845,93779,87825,38041,39059,36756
2022,9,16,62052,65139,81629,2082,50846,23913,66681
2022,9,17,53863,97243,93115,6739,34234,19980,53276
2022,9,18,52427,43697,31357,26545,14023,20173,56273
2022,9,19,28580,35578,80293,25699,28422,24071,79875
2022,9,20,66462,79482,76630,28514,44620,24611,86947
2022,9,21,11817,64875,73628,65680,62117,33094,2418
2022,9,22,96350,3073,72045,65129,63121,19753,11673
2022,9,23,77143,89925,94297,5722,25502,24589,47772
2022,9,24,70275,65012,93998,36737,60845,36980,61602
2022,9,25,21816,61590,28548,33633,42816,18527,29312
2022,9,26,4932,1620,88081,17633,4692,26477,59113
2022,9,27,84164,96229,7137,61307,2505,1434,53380
2022,9,28,44359,92374,47504,14633,57385,41501,67721
2022,9,29,34581,28480,49322,56397,6421,44222,16381
2022,9,30,49236,12748,22044,70519,14368,10124,44504
2022,10,1,35411,86600,3616,19575,99180,10753,67233
2022,10,2,1684,12186,80612,46042,4559,44467,87027
2022,10,3,78296,2320,44747,29228,30799,10421,85624
2022,10,4,53572,4642,92004,19159,17389,30399,46030
2022,10,5,48108,40522,10533,83519,43473,14148,49445
2022,10,6,59004,41252,16677,60688,53437,13640,53081
2022,10,7,74348,58107,16459,52643,76778,27558,18222
2022,10,8,23928,87978,83846,77499,8971,42201,43010
2022,10,9,42711,22600,19039,7171,79473,29571,80689
2022,10,10,39298,60070,10133,98301,1322,43161,75340
2022,10,11,71110,56800,14773,45457,31258,31231,14451
2022,10,12,8035,8788,12673,31963,13117,12870,65813
2022,10,13,38439,21422,38822,97502,60373,24212,34672
2022,10,14,56198,20134,95360,95495,80204,21844,3795
2022,10,15,97877,81356,85487,68986,54507,259,50795
2022,10,16,85765,31489,61597,10151,56629,40621,28465
2022,10,17,86097,19842,630,24536,41264,5803,52037
2022,10,18,17988,30015,26708,74185,50148,38419,79679
2022,10,19,46703,76614,79826,44579,74321,15312,29917
2022,10,20,28827,65570,77063,14591,13410,5011,31094
2022,10,21,86390,45632,99558,72487,81825,16539,73374
2022,10,22,23088,72342,35410,57428,2356,28469,61612
2022,10,23,68855,33239,17643,15558,26204,47468,30136
2022,10,24,524,79131,6404,29350,61052,49818,53941
2022,10,25,90813,54829,1386,77203,460,17295,36041
2022,10,26,82284,33834,79414,21724,6175,14823,85503
2022,10,27,8530,9643,27114,77384,42881,11108,39293
2022,10,28,69084,74927,85781,85959,54057,42184,25308
2022,10,29,31460,92002,75600,22273,63182,26985,65827
2022,10,30,63641,94280,81867,62276,44465,11280,20351
2022,10,31,50639,92454,95853,75520,2096,39319,79255
2022,11,1,61328,426,78548,46763,75353,14328,22721
2022,11,2,45761,72863,64380,77221,81216,39980,15845
2022,11,3,44397,33316,48023,24389,43947,29889,53017
2022,11,4,88411,7520,3367,39049,99973,15572,4568
2022,11,5,18420,54890,175,96099,55315,28722,19213
2022,11,6,30667,59401,91933,76428,48615,22664,50000
2022,11,7,29831,12643,2196,90579,45959,218,11320
2022,11,8,6257,80106,34336,94668,3977,37702,43716
2022,11,9,20301,53273,64636,55072,24514,14810,81170
2022,11,10,79829,59883,10382,26847,19283,18666,79626
2022,11,11,67897,91329,89625,14079,20324,8172,71010
2022,11,12,82634,58389,52329,88890,54846,3016,13557
2022,11,13,58822,57069,33625,95474,26694,48260,60545
2022,11,14,51207,79421,1714,31035,39303,28447,64234
2022,11,15,58585,63464,93859,42833,54793,49836,33264
2022,11,16,91468,8007,10625,74101,82748,29305,42990
2022,11,17,37593,82320,46547,12767,39388,30171,88240
2022,11,18,66081,94782,58785,33640,74202,26850,21026
2022,11,19,13504,5297,55259,88440,68760,15470,87624
2022,11,20,39904,65305,37239,31371,89663,47863,55471
2022,11,21,72410,43519,84813,10003,25838,31359,62769
2022,11,22,81578,27881,47360,64010,39014,6144,17649
2022,11,23,13215,82994,78675,43070,4642,285,77861
2022,11,24,89753,15754,11836,29657,97410,49075,17379
2022,11,25,3425,13289,82850,75834,56808,34014,42188
2022,11,26,98997,31724,41308,80574,59604,38668,40936
2022,11,27,14969,11163,58584,28183,10508,3610,37604
2022,11,28,15149,3895,35464,4902,36000,47299,80910
2022,11,29,33410,12725,28288,53186,26014,27489,75371
2022,11,30,99173,11502,47559,98169,43225,5218,55095
2022,12,1,19180,10237,72382,34148,37752,30965,18682
2022,12,2,48259,927,82637,63408,4821,18100,4661
2022,12,3,57172,81751,35570,6933,94475,13857,80118
2022,12,4,36840,7698,5489,52364,35551,19399,76885
2022,12,5,78776,74616,78331,14307,1205,712,54807
2022,12,6,38956,81676,43488,87214,82602,42477,56973
2022,12,7,3774,60576,51633,60946,58678,37202,64230
2022,12,8,69505,67411,44348,22696,75108,49836,55060
2022,12,9,27010,19234,41944,5785,10201,20274,46444
2022,12,10,27757,87337,1250,83064,69012,11089,50278
2022,12,11,67966,3565,53602,88091,80493,5235,55388
2022,12,12,55522,8788,49618,25026,76198,43965,27722
2022,12,13,67657,60152,39133,94667,95737,47428,56803
2022,12,14,22289,34053,53246,50046,21389,20847,33109
2022,12,15,6752,31936,19738,91069,51852,23340,39160
2022,12,16,32344,94926,60899,87866,3713,10516,39243
2022,12,17,96263,20832,93316,63919,97335,48800,14937
2022,12,18,93071,46227,91740,31712,80279,11337,71757
2022,12,19,18019,32184,31217,24771,80471,17307,52191
2022,12,20,48674,56998,27702,97370,51923,38601,61587
2022,12,21,71987,15468,30829,68249,52652,40497,2168
2022,12,22,49986,89296,7104,59409,35523,15195,71120
2022,12,23,32153,76532,89228,66524,25067,36796,87646
2022,12,24,21889,4102,39836,70562,61099,17538,37931
2022,12,25,29373,72490,69517,1360,87957,16698,15960
2022,12,26,40608,57194,34479,6946,46489,41583,2706
2022,12,27,98363,73129,73825,46868,66012,29404,73391
2022,12,28,91078,16199,37388,12966,36653,27223,73528
2022,12,29,14103,61112,67810,43476,33601,37327,51187
2022,12,30,21558,70376,47146,78517,27569,31625,71814
2022,12,31,90409,39559,84519,5124,29039,24695,81991
2023,1,1,95051,54098,81733,86128,86649,35472,69094
2023,1,2,23301,12694,98973,37403,90158,16782,27230
2023,1,3,23758,20460,58416,61667,90835,21914,76536
2023,1,4,34755,19890,58349,25164,75800,42868,60287
2023,1,5,4838,17562,98629,99888,88012,46713,72368
2023,1,6,74660,32184,1461,97960,61229,16785,61714
2023,1,7,51386,99918,48944,91496,20378,23711,39514
2023,1,8,27564,45624,26049,62319,81865,34398,23834
2023,1,9,57664,43617,34120,78854,77530,49100,8741
2023,1,10,65541,62164,81108,56552,94347,48920,80863
2023,1,11,55575,32056,22577,23313,31974,21520,11160
2023,1,12,68703,11582,673,96266,57206,26722,64936
2023,1,13,55422,27471,78769,29438,87439,29240,18291
2023,1,14,64968,94691,3383,46861,56854,34491,23412
2023,1,15,51200,99762,90627,23127,31818,13203,32791
2023,1,16,80143,1074,93950,65197,12655,44622,47814
2023,1,17,86212,37695,52750,57986,81517,47870,67423
2023,1,18,68955,77110,95713,50275,88152,49095,7135
2023,1,19,45006,99937,16898,12557,99699,23876,5683
2023,1,20,47868,37078,14825,44362,54503,8774,79558
2023,1,21,83510,19748,87371,86073,57442,6472,54058
2023,1,22,55311,4342,31480,24265,97803,43544,891
2023,1,23,85954,42639,88025,47311,58927,21275,19868
2023,1,24,74977,61502,11902,39196,14932,26727,13557
2023,1,25,69434,51852,9466,69295,71599,46837,65368
2023,1,26,45393,69660,15777,703,90353,47257,54967
2023,1,27,88155,7152,15858,90461,66142,20234,7771
2023,1,28,25069,57860,97638,45,19362,25892,89241
2023,1,29,34293,52618,39149,20078,4469,48615,89373
2023,1,30,76068,61803,61092,21460,31462,26868,88514
2023,1,31,21815,40476,63480,26321,47628,45689,13133
2023,2,1,13769,32275,70904,38837,6486,34893,5234
2023,2,2,25847,10784,10826,76491,79753,49974,2921
2023,2,3,84222,98588,2293,76641,76742,29736,74452
2023,2,4,8204,56603,52965,46370,97079,32796,29042
2023,2,5,61058,44837,38527,74826,77111,9430,10015
2023,2,6,83596,10674,1600,25795,37810,12425,28637
2023,2,7,17562,78750,31557,18135,93690,33849,51127
2023,2,8,70431,29936,41930,94986,86539,11246,67707
2023,2,9,99969,60394,63101,77378,5230,1627,48555
2023,2,10,98692,11056,98569,98639,38081,168,50785
2023,2,11,75890,28944,59422,9804,7694,40978,24290
2023,2,12,1383,41179,55417,88165,71114,13698,73151
2023,2,13,74004,24944,40857,90324,85337,3957,7701
2023,2,14,6918,5583,36256,5609,32990,1176,60599
2023,2,15,71071,67696,61384,63312,96639,20805,53115
2023,2,16,20684,11782,17405,38418,52960,39173,16583
2023,2,17,40426,2870,9733,30781,27813,16941,71105
2023,2,18,29501,87250,5157,36418,92832,41412,18378
2023,2,19,42174,8940,78977,13244,76635,40360,52907
2023,2,20,89625,77516,82374,26661,89297,16130,25078
2023,2,21,58609,5302,8012,15386,24523,17744,56166
2023,2,22,68688,1037,67270,98188,88286,38779,60958
2023,2,23,81117,46542,25687,39642,55481,4663,2885
2023,2,24,48467,61374,62144,38092,55241,44517,31104
2023,2,25,60890,60646,46181,35850,82299,20545,81235
2023,2,26,6821,88288,97400,75508,5676,31022,10048
2023,2,27,93961,69800,57357,91430,16341,33043,51071
2023,2,28,88174,4058,308,36640,81783,12451,51083
2023,3,1,37024,23319,72186,97913,316,34719,23762
2023,3,2,98966,5263,1348,22138,9902,48747,53998
2023,3,3,15578,96120,4045,25890,82271,27753,67319
2023,3,4,14964,60795,48390,19489,64852,15049,66128
2023,3,5,62987,43851,63563,10,67169,2100,54274
2023,3,6,83836,86818,64387,82801,8432,15734,34938
2023,3,7,34686,80832,18935,50263,93304,39331,82504
2023,3,8,75574,17083,9823,6889,94230,24564,86377
2023,3,9,75433,39612,98857,38419,83462,12419,44780
2023,3,10,66982,30870,69053,50817,17688,49791,29969
2023,3,11,42471,15524,71258,77156,96356,40193,43770
2023,3,12,89659,45875,36274,81584,62958,12448,84825
2023,3,13,73539,37011,31201,48971,92974,46409,37390
2023,3,14,92787,25179,42169,76120,56049,27574,63288
2023,3,15,90088,77364,93256,32558,9240,14513,66066
2023,3,16,5595,71057,69835,11605,16932,22460,69540
2023,3,17,96241,84907,14364,69779,38269,11917,65101
2023,3,18,47594,24677,22490,56732,49856,31011,22851
2023,3,19,5904,24936,76138,12343,2299,19393,64900
2023,3,20,11538,50258,87317,33484,21314,7152,11440
2023,3,21,54597,95963,70980,67189,80870,1695,83319
2023,3,22,35490,63611,88420,99436,88288,10909,66167
2023,3,23,54495,8271,89018,60398,33206,31507,42740
2023,3,24,51857,67252,33991,79746,17509,21308,73230
2023,3,25,55174,94811,91021,26123,90773,12000,3311
2023,3,26,87994,63695,46630,39836,43657,35049,19271
2023,3,27,48296,62309,95437,2790,70580,806,69539
2023,3,28,3785,98665,52278,71993,65916,2621,41739
2023,3,29,99776,40280,81320,71301,51442,22340,47423
2023,3,30,42214,50692,90734,46560,30738,3715,86395
2023,3,31,74394,88763,42017,39042,51071,3805,41831
2023,4,1,38002,70963,21370,58139,69627,39999,50131
2023,4,2,35542,92619,81869,51669,49250,13188,72969
2023,4,3,691,51880,20392,59257,2571,27477,85816
2023,4,4,49660,81191,8562,24053,86305,578,33094
2023,4,5,53727,20734,21277,91729,91696,42646,69867
2023,4,6,61322,32644,79997,13215,41615,28218,84883
2023,4,7,7216,41405,87852,7907,93284,24595,47163
2023,4,8,12206,52071,89330,61865,49613,14243,32270
2023,4,9,35917,64820,81715,5995,1905,2991,7723
2023,4,10,93601,61988,63941,54922,94632,43938,74489
2023,4,11,52598,38507,49371,59813,79911,3574,64071
2023,4,12,89547,94520,67585,18104,62942,23266,9969
2023,4,13,12554,87508,98590,64822,68679,30304,70817
2023,4,14,70584,99647,84891,64184,61634,48832,5457
2023,4,15,72617,9121,19945,25214,47627,35668,51379
2023,4,16,43889,55593,85449,33435,50113,19386,87891
2023,4,17,13054,42651,47859,41960,30159,46448,56781
2023,4,18,98837,43103,93949,69420,42749,28840,69955
2023,4,19,4383,44023,85412,76999,53143,5356,18565
2023,4,20,17121,7375,19943,61009,62968,21743,10796
2023,4,21,29432,91128,78686,42485,33779,42896,60796
2023,4,22,63937,5695,23929,79125,48797,17877,48545
2023,4,23,7898,13068,98499,28632,57090,262,25630
2023,4,24,26584,21970,40546,43704,29344,10488,24713
2023,4,25,92311,98583,31860,38094,89710,10545,20579
2023,4,26,23488,69792,97726,3776,75486,21654,32901
2023,4,27,40634,55883,47797,48531,85302,46295,47162
2023,4,28,42392,62909,99144,85327,84878,39689,89031
2023,4,29,14221,16529,50095,22884,15111,31954,40977
2023,4,30,21172,92498,57907,61012,62289,5633,74787
2023,5,1,54126,93638,64039,94759,49520,11835,13290
2023,5,2,34822,74482,36803,93565,37390,35946,58891
2023,5,3,22267,91987,7921,36487,8515,24367,65722
2023,5,4,39977,56320,36699,61148,65169,10957,72159
2023,5,5,43809,66589,3298,97934,76579,17336,72693
2023,5,6,26098,95523,52334,77271,70004,39136,37187
2023,5,7,7393,41434,66078,46011,33420,40350,88849
2023,5,8,41934,64717,74571,98262,21036,27621,29409
2023,5,9,2557,38577,97920,46365,21518,17569,40651
2023,5,10,98096,84904,53343,40545,80426,22028,84168
2023,5,11,66781,27515,21354,90525,68948,37431,26535
2023,5,12,2367,94133,35384,60652,58849,9954,88913
2023,5,13,96236,37574,34674,98792,92502,32593,51509
2023,5,14,14019,50161,22159,28466,51416,41853,79011
2023,5,15,48194,13880,3178,14974,57746,40883,35499
2023,5,16,26694,28314,58385,29060,22446,43768,69712
2023,5,17,97646,3721,64976,10233,57646,49649,79025
2023,5,18,66500,32241,86885,96870,98753,9043,65336
2023,5,19,66521,895,10698,31066,31126,30227,12391
2023,5,20,88871,71109,84241,15564,15774,42626,20976
2023,5,21,38219,36393,67039,52216,56466,32014,52449
2023,5,22,30463,31663,87825,96962,80255,24709,83832
2023,5,23,95360,83751,35519,78232,997,46216,59297
2023,5,24,32122,76442,71687,37344,47550,5928,29260
2023,5,25,63324,98553,30235,17894,51297,47273,36462
2023,5,26,7762,45638,48910,38225,77300,3086,31538
2023,5,27,57555,27794,61721,69266,27896,47239,87497
2023,5,28,28892,43454,56793,77365,36247,44831,14708
2023,5,29,149,758,83967,79824,15662,30553,37717
2023,5,30,66959,44177,530,91072,89815,49439,19296
2023,5,31,83466,2524,97186,57372,46669,8906,36637
2023,6,1,74564,56145,74133,3455,15950,47277,57171
2023,6,2,52197,92108,11879,52345,92865,12197,12168
2023,6,3,24879,59102,46236,91837,3278,46766,2908
2023,6,4,9444,12556,28556,92910,31432,42093,20281
2023,6,5,78100,998,93270,69016,73494,17402,18822
2023,6,6,89444,14679,85993,41640,6786,14223,40336
2023,6,7,16002,42771,42503,40880,1872,5090,79068
2023,6,8,21502,68207,48328,47297,80763,26883,26558
2023,6,9,28546,18975,6839,22997,36324,16460,42012
2023,6,10,9818,83861,80834,15613,14891,33178,27252
2023,6,11,38028,97400,83939,70382,40170,42793,31261
2023,6,12,58394,47882,76681,96247,16089,25008,43543
2023,6,13,13203,18242,101,41748,37216,23291,14744
2023,6,14,89891,39750,73108,99708,39962,20293,35320
2023,6,15,54853,53470,88923,9232,67221,22861,89613
2023,6,16,23742,32005,7226,82135,79887,33906,54733
2023,6,17,12327,8913,38276,25529,43506,4728,13628
2023,6,18,80721,94370,64723,86963,34119,37830,16671
2023,6,19,90432,24474,18342,45284,77943,23617,20868
2023,6,20,61515,12829,50480,85257,44834,7705,23743
2023,6,21,24720,57962,78476,37046,66874,33103,38926
2023,6,22,26731,4182,78905,7451,98551,43627,4414
2023,6,23,49021,97809,97436,39452,22282,32129,71088
2023,6,24,16577,55745,71955,78091,68574,22434,63347
2023,6,25,13407,96491,63442,38126,54452,41917,81523
2023,6,26,37678,75019,86800,64408,79200,15704,88211
2023,6,27,94102,25682,98976,43122,23490,46411,72573
2023,6,28,62124,28539,12,95052,636,21966,49494
2023,6,29,69209,10752,69193,82615,7242,32634,67092
2023,6,30,61693,74550,44966,99370,65920,48117,30130
2023,7,1,61471,13820,68340,55572,55853,17315,85045
2023,7,2,79343,80077,97617,57818,24967,13981,9221
2023,7,3,25602,85946,58714,94810,13049,27906,63776
2023,7,4,20290,60539,47219,98335,35088,8536,84056
2023,7,5,17359,56652,94185,78829,86823,12524,20752
2023,7,6,42676,46190,65796,38370,26266,29765,52539
2023,7,7,51233,93745,81759,76834,96042,40472,77996
2023,7,8,9091,68378,98123,45732,45268,11694,84066
2023,7,9,80356,70229,74474,14066,43233,35010,69247
2023,7,10,46407,63886,59998,5434,10075,42146,80155
2023,7,11,36341,21910,72693,3925,32006,20803,17110
2023,7,12,28047,27627,85105,53489,96004,49580,79221
2023,7,13,41271,61273,59638,37978,47853,34111,48396
2023,7,14,7437,19121,77642,53844,99358,3991,39277
2023,7,15,9432,96136,35784,62124,34397,24828,46048
2023,7,16,66402,95631,63158,10801,23257,14614,84289
2023,7,17,35612,64193,79861,93234,41817,39499,61212
2023,7,18,89670,89961,99607,97106,25433,43600,17301
2023,7,19,24790,47590,42930,34222,60078,28713,22697
2023,7,20,94474,3540,95097,77228,15522,8254,74380
2023,7,21,38778,39219,68668,74389,19764,48529,53975
2023,7,22,61580,4379,15186,67601,94339,31144,34707
2023,7,23,36124,41095,32007,60913,88684,41288,11486
2023,7,24,65113,70000,40535,75939,89892,35631,3166
2023,7,25,5413,10236,57545,44191,49454,42564,84931
2023,7,26,85569,7444,18905,47149,11822,442,44749
2023,7,27,22513,97937,95807,58636,39031,44166,25900
2023,7,28,44067,35453,63738,25531,21805,4272,61469
2023,7,29,11696,39902,70986,17108,50137,44882,71298
2023,7,30,15942,3798,12581,1511,11241,47837,28659
2023,7,31,39415,14631,79759,61927,12567,41918,26914
2023,8,1,67950,36083,72813,28368,87887,36550,83898
2023,8,2,9691,40821,55367,21386,97074,42704,78494
2023,8,3,47210,87586,16143,63152,91383,45075,1014
2023,8,4,18975,92912,46024,58389,7542,25782,50315
2023,8,5,36460,34051,73580,4409,86485,12745,2776
2023,8,6,74372,15646,3026,414,72819,8392,48152
2023,8,7,69892,17447,76645,17102,5032,9139,46605
2023,8,8,12766,70566,77618,31741,63477,23641,30129
2023,8,9,87370,65774,26796,23829,16177,375,4590
2023,8,10,2661,79471,93717,93384,95117,46742,33798
2023,8,11,67935,71485,31949,37826,88932,24945,71279
2023,8,12,10315,50435,84235,23081,21000,28204,44821
2023,8,13,828,18196,44949,88197,322,38096,78378
2023,8,14,16498,4823,89319,19158,84293,33035,38894
2023,8,15,95761,96129,22691,63695,67613,20991,7873
2023,8,16,72896,95935,89151,83211,62721,39738,66291
2023,8,17,83721,67941,77463,84548,86137,38763,9097
2023,8,18,2810,26859,17474,19307,48033,6792,14816
2023,8,19,32325,6178,83709,28086,18658,22751,88132
2023,8,20,2623,93741,26004,75518,6027,31507,55080
2023,8,21,68748,21244,97722,68820,5536,25184,3367
2023,8,22,8024,13947,42463,10833,57157,26288,46491
2023,8,23,5189,99431,1307,53865,5609,1367,58302
2023,8,24,40618,24118,6434,43240,34210,48789,65110
2023,8,25,40237,80295,10189,25336,17890,7911,14155
2023,8,26,39778,83094,63873,64153,13392,6336,84986
2023,8,27,70548,82623,37828,92088,98406,39134,15953
2023,8,28,4014,56853,44254,60983,80970,17039,54223
2023,8,29,15179,15828,55684,71767,96122,15872,47102
2023,8,30,30364,90134,7608,70141,73228,21481,44293
2023,8,31,2971,77816,25630,73519,76790,29810,81958
2023,9,1,75195,18943,27910,95560,92147,38516,66543
2023,9,2,73116,55554,77117,4647,71381,32800,46413
2023,9,3,83855,15023,89867,14218,5157,47474,60710
2023,9,4,94736,68954,51354,97706,63121,43336,7576
2023,9,5,56263,73145,69534,31457,8439,47443,73369
2023,9,6,586,85958,16263,90053,57864,9731,4699
2023,9,7,29244,58882,87464,13098,73904,27330,63667
2023,9,8,79060,74803,60728,90147,60109,12082,87853
2023,9,9,23229,21769,91780,79491,94913,11313,87300
2023,9,10,19703,75108,70668,36640,77417,3282,16693
2023,9,11,35280,13012,37743,64524,71893,25206,83973
2023,9,12,62148,2535,37640,57560,93690,14719,17706
2023,9,13,53798,43152,51910,77026,64920,43690,26517
2023,9,14,76184,5002,168,12239,96461,37187,28878
2023,9,15,73878,90468,75570,9157,19831,13313,80032
2023,9,16,8075,38518,84005,70222,57405,37996,34133
2023,9,17,51094,52714,91839,4891,12218,10100,61916
2023,9,18,77137,3789,54784,69673,25143,4951,31911
2023,9,19,21603,58489,30788,95480,48956,6358,30989
2023,9,20,68786,36022,11020,93212,90891,11376,83434
2023,9,21,48295,49371,7566,99388,18437,15756,14278
2023,9,22,30654,75856,2546,24142,95996,7329,63814
2023,9,23,37490,28632,75724,59093,87120,22864,70924
2023,9,24,52428,45573,8264,37565,81594,19284,80777
2023,9,25,72484,47011,94210,20779,12734,18127,76518
2023,9,26,47522,50235,40796,78175,42442,9693,38668
2023,9,27,38437,33373,12482,75927,78356,4557,21371
2023,9,28,81828,27420,38646,34255,72992,46910,31819
2023,9,29,70937,82545,2595,43421,45907,13156,80551
2023,9,30,58640,47635,17068,6161,97869,24215,70687
2023,10,1,56662,50259,19355,11450,83632,48188,63728
2023,10,2,61987,69096,55098,43814,12868,10096,28068
2023,10,3,85859,73357,66239,73148,55901,35185,76568
2023,10,4,1807,14693,13470,76799,62327,46889,42959
2023,10,5,76547,37456,83646,49560,87714,19352,51009
2023,10,6,71345,67539,64737,33332,36634,36186,3497
2023,10,7,49501,46281,87917,51712,19637,4155,24859
2023,10,8,91889,55691,57778,10048,70383,37599,76846
2023,10,9,49061,34487,86156,41959,71942,19801,11518
2023,10,10,59656,5504,68879,47352,73042,33615,87035
2023,10,11,26028,69800,90532,91880,32433,28448,59943
2023,10,12,68421,48954,1153,60310,20996,8930,16709
2023,10,13,91379,62880,73554,56791,13719,9709,75102
2023,10,14,85660,45862,6619,61667,51365,25497,25371
2023,10,15,40759,25463,22405,83138,11615,12936,65017
2023,10,16,44047,7735,34960,12467,73040,36112,79128
2023,10,17,94036,11394,75836,1766,90625,15741,8556
2023,10,18,4343,25450,73657,6355,87663,46628,84373
2023,10,19,55379,88476,9743,96137,13939,32148,9274
2023,10,20,41905,61435,70643,85951,85522,21954,74769
2023,10,21,74913,74417,3897,68948,2162,29732,70713
2023,10,22,92787,45473,45621,97129,87274,35629,63483
2023,10,23,74936,48608,4208,46666,37084,13950,12803
2023,10,24,67374,62449,38428,9278,40236,25422,31580
2023,10,25,42109,47375,26348,17021,21792,30244,82321
2023,10,26,23953,26328,89385,16739,88152,1357,70220
2023,10,27,91777,86986,50054,83064,35593,4261,89729
2023,10,28,89028,84563,72531,72753,63363,27311,38382
2023,10,29,3598,52732,9961,62058,107,2661,45431
2023,10,30,38250,99256,97751,62202,41935,37135,75293
2023,10,31,30086,54844,25512,21862,41829,41917,4925
2023,11,1,93773,46178,34654,99153,30740,23536,21905
2023,11,2,94102,67198,86639,14052,19930,12951,12461
2023,11,3,36388,65611,87891,74637,64867,35641,23190
2023,11,4,6801,89128,48482,53239,43971,40345,5100
2023,11,5,2151,82262,96377,12275,44791,47382,11427
2023,11,6,91882,70917,99684,2335,38115,2674,2738
2023,11,7,74396,15624,25199,10783,81235,13089,51771
2023,11,8,62453,98730,54960,69253,4209,19794,52491
2023,11,9,64531,26490,13943,66681,25103,26671,85307
2023,11,10,69893,74052,23086,78126,61320,39121,20461
2023,11,11,99434,41794,13198,90181,57417,38396,87315
2023,11,12,55003,51485,19085,17455,66566,40397,3060
2023,11,13,87126,26542,25550,51656,53031,5844,24688
2023,11,14,78134,82514,46346,64378,72917,19431,2504
2023,11,15,34237,8551,39316,50022,50344,18865,50203
2023,11,16,24113,7261,57517,79115,75097,42954,46570
2023,11,17,58014,83350,99629,61491,9891,41530,43146
2023,11,18,79273,13726,64185,73758,12591,10530,84488
2023,11,19,85508,79961,96991,19744,4863,2658,39765
2023,11,20,71559,21522,26319,12023,45134,33836,71137
2023,11,21,20230,93141,4058,94595,76490,20038,46085
2023,11,22,2732,77920,85582,98356,7997,49766,12114
2023,11,23,20587,76648,26601,22446,72960,39943,52189
2023,11,24,77822,8952,28306,65732,30473,4624,87754
2023,11,25,75607,54811,68891,12188,64303,39300,63135
2023,11,26,40792,25690,79219,59875,3609,31153,88231
2023,11,27,27957,30918,46696,48543,23917,39648,10989
2023,11,28,96876,29590,29529,74698,38541,24186,76781
2023,11,29,85365,45162,34535,77323,99972,19777,69511
2023,11,30,64275,9076,28997,21418,51117,8215,67645
2023,12,1,71077,5719,72227,99033,52989,18922,63928
2023,12,2,76905,8569,51268,73781,54510,30796,44830
2023,12,3,9402,54982,21610,94766,143,6144,88441
2023,12,4,16466,75920,77951,97092,1348,23299,54862
2023,12,5,68816,47865,32506,39893,53584,21084,58925
2023,12,6,6572,56357,2852,83476,81277,4119,57256
2023,12,7,35786,51267,38437,61539,22600,10047,2656
2023,12,8,39094,32542,61096,71911,24814,5398,15355
2023,12,9,42513,78696,20216,11328,26561,19073,61220
2023,12,10,80144,90156,6497,86715,46512,9348,36542
2023,12,11,27788,79819,60150,79925,47437,48586,47815
2023,12,12,70036,74984,30470,25481,7526,41566,87391
2023,12,13,48691,46963,82745,91203,42011,19312,78882
2023,12,14,68571,88384,70102,65066,94891,26598,58132
2023,12,15,57754,2297,54673,1893,98467,14822,1817
2023,12,16,45903,13408,39631,32290,88391,36453,57770
2023,12,17,12268,78018,55161,77310,41332,4257,4864
2023,12,18,99694,73569,3746,84616,61952,40199,9681
2023,12,19,73195,83148,17812,30948,1796,22485,32841
2023,12,20,263,87306,31009,62517,17065,36992,74807
2023,12,21,21808,73444,52576,50427,67813,24088,17737
2023,12,22,25496,78345,28952,25190,68265,32697,56157
2023,12,23,46568,39247,75838,19762,38746,43649,10710
2023,12,24,40542,82485,99902,40804,86143,47262,19672
2023,12,25,3207,34253,14478,41366,24048,17054,31793
2023,12,26,8212,7493,35881,50060,85837,31184,51601
2023,12,27,54101,30233,17757,669,69479,43594,36782
2023,12,28,8225,3595,87491,65118,86079,3744,32273
2023,12,29,88573,51006,41944,91780,1610,6422,29497
2023,12,30,25658,39827,57641,50221,47319,9873,70280
2023,12,31,33156,91057,91880,3608,21289,9637,628
